%% logfile from robot Ella (8)
% Ella (8)
%  1    time 2.003 sec
%  2  3 Motor velocity ref left, right: -0.2199 0.0144
%  4  5  6  7 Pose x,y,h,tilt [m,m,rad,rad]: -0.00283988 1.53958e-05 -2.32831e-10 -0.00293733
%  8 17 ctrl bal vel, ref=0.2, m=0.00687352, m2=0.00699834, uf=0, r2=0.2, ep=0.00482504,up=0.00482504, ui=-0.0015995, u1=0.00322554, u=0.00322554
2.013 -0.2189 0.0117 -0.0037 0.0000 0.010469 -0.002827 0.2 0.00687352 0.00691939 0 0.2 0.00482702 0.00482702 -0.001307 0.00352001 0.00352001 
2.023 -0.2306 0.0820 -0.0043 0.0000 0.018321 0.003199 0.2 0.00687352 0.00689038 0 0.2 0.00482774 0.00482774 -0.00101443 0.00381331 0.00381331 
2.033 -0.2034 0.1084 -0.0047 -0.0000 0.023556 0.011047 0.2 0.00675342 0.00664576 0 0.2 0.00483386 0.00483386 -0.000721811 0.00411204 0.00411204 
2.043 -0.0987 0.1277 -0.0051 -0.0000 0.034025 0.016621 0.2 0.00605494 0.00564892 0 0.2 0.00485878 0.00485878 -0.000427703 0.00443107 0.00443107 
2.053 -0.1737 0.1247 -0.0051 -0.0000 0.044494 0.019712 0.2 0.073744 0.111347 0 0.2 0.00221632 0.00221632 -0.000240142 0.00197618 0.00197618 
2.063 -0.0701 0.1251 -0.0055 -0.0000 0.060198 0.020010 0.2 0.0913199 0.119917 0 0.2 0.00200207 0.00200207 -9.39378e-05 0.00190813 0.00190813 
2.073 -0.1601 0.1474 -0.0051 -0.0000 0.070667 0.021406 0.2 0.130212 0.163636 0 0.2 0.000909103 0.000909103 -1.52278e-05 0.000893875 0.000893875 
2.083 -0.0810 0.1473 -0.0047 0.0000 0.081136 0.021750 0.2 0.108137 0.107637 0 0.2 0.00230908 0.00230908 9.28268e-05 0.0024019 0.0024019 
2.093 -0.0594 0.1353 -0.0049 0.0000 0.099457 0.020083 0.2 0.119617 0.121149 0 0.2 0.00197127 0.00197127 0.00019633 0.0021676 0.0021676 
2.103 -0.0697 0.1384 -0.0047 0.0000 0.112544 0.018405 0.2 0.12292 0.129087 0 0.2 0.00177283 0.00177283 0.0003265 0.00209933 0.00209933 
2.113 -0.0601 0.1431 -0.0045 0.0000 0.125630 0.017073 0.2 0.137513 0.155094 0 0.2 0.00112266 0.00112266 0.000439679 0.00156234 0.00156234 
2.123 -0.0348 0.1319 -0.0043 0.0001 0.138717 0.015854 0.2 0.110777 0.092768 0 0.2 0.0026808 0.0026808 0.000522604 0.0032034 0.0032034 
2.133 -0.0805 0.1258 -0.0039 0.0001 0.149186 0.013453 0.2 0.115079 0.116185 0 0.2 0.00209537 0.00209537 0.000688119 0.00278349 0.00278349 
2.143 0.0007 0.1210 -0.0037 0.0002 0.162272 0.010933 0.2 0.132169 0.145652 0 0.2 0.00135869 0.00135869 0.000802531 0.00216122 0.00216122 
2.153 -0.0379 0.1701 -0.0033 0.0002 0.172742 0.008684 0.2 0.113315 0.103835 0 0.2 0.00240413 0.00240413 0.000907206 0.00331133 0.00331133 
2.163 -0.0328 0.1524 -0.0027 0.0003 0.180594 0.005278 0.2 0.169768 0.206007 0 0.2 -0.000150185 -0.000150185 0.000991105 0.000840919 0.000840919 
2.173 -0.0018 0.0967 -0.0023 0.0004 0.191063 0.000113 0.2 0.110428 0.0933598 0 0.2 0.00266601 0.00266601 0.00110813 0.00377414 0.00377414 
2.183 -0.0277 0.0757 -0.0019 0.0005 0.196297 -0.005328 0.2 0.0921904 0.0704566 0 0.2 0.00323859 0.00323859 0.00126984 0.00450843 0.00450843 
2.193 -0.0349 0.0340 -0.0015 0.0006 0.201532 -0.010062 0.2 0.0577187 0.0281034 0 0.2 0.00429742 0.00429742 0.001499 0.00579641 0.00579641 
2.203 -0.0256 0.0265 -0.0013 0.0006 0.204149 -0.013784 0.2 0.0482865 0.031674 0 0.2 0.00420815 0.00420815 0.00175573 0.00596388 0.00596388 
2.213 -0.0174 0.0118 -0.0009 0.0007 0.209384 -0.015303 0.2 0.0737423 0.0793593 0 0.2 0.00301602 0.00301602 0.00195021 0.00496623 0.00496623 
2.223 -0.0478 0.0165 -0.0011 0.0007 0.212001 -0.016135 0.2 0.0311329 0.00630362 0 0.2 0.00484241 0.00484241 0.00219117 0.00703358 0.00703358 
2.233 -0.0468 0.0156 -0.0009 0.0007 0.214618 -0.015860 0.2 0.0243408 0.0122327 0 0.2 0.00469418 0.00469418 0.00248513 0.00717931 0.00717931 
2.243 -0.0242 0.0106 -0.0011 0.0007 0.217236 -0.013346 0.2 0.0243408 0.0198902 0 0.2 0.00450274 0.00450274 0.00276288 0.00726563 0.00726563 
2.253 -0.0343 -0.0028 -0.0011 0.0007 0.217236 -0.011977 0.2 0.0153922 0.00843114 0 0.2 0.00478922 0.00478922 0.00304637 0.00783559 0.00783559 
2.263 -0.0469 -0.0157 -0.0011 0.0007 0.217236 -0.011382 0.2 0.0111581 0.00605889 0 0.2 0.00484853 0.00484853 0.00333886 0.00818739 0.00818739 
2.273 -0.0661 -0.0272 -0.0015 0.0006 0.217236 -0.011469 0.2 -0.00962089 -0.0245326 0 0.2 0.00561332 0.00561332 0.0036564 0.00926972 0.00926972 
2.283 -0.0344 -0.0074 -0.0015 0.0006 0.217236 -0.009208 0.2 -0.00962089 -0.015102 0 0.2 0.00537755 0.00537755 0.0039883 0.00936585 0.00936585 
2.293 -0.0260 0.0033 -0.0017 0.0005 0.219853 -0.005319 0.2 -0.00962089 -0.0116356 0 0.2 0.00529089 0.00529089 0.00431116 0.00960205 0.00960205 
2.303 -0.0173 0.0068 -0.0015 0.0006 0.222470 -0.002448 0.2 0.0126858 0.0293358 0 0.2 0.0042666 0.0042666 0.0046148 0.0088814 0.0088814 
2.313 -0.0272 -0.0075 -0.0015 0.0006 0.222470 -0.000464 0.2 0.0126858 0.0188059 0 0.2 0.00452985 0.00452985 0.00488265 0.00941251 0.00941251 
2.323 -0.0366 -0.0130 -0.0017 0.0005 0.225088 0.000200 0.2 0.0126858 0.0149354 0 0.2 0.00462662 0.00462662 0.0051606 0.00978721 0.00978721 
2.333 -0.0525 -0.0212 -0.0021 0.0004 0.225088 0.000321 0.2 -0.0179306 -0.0303417 0 0.2 0.00575854 0.00575854 0.00550845 0.011267 0.011267 
2.343 -0.0402 -0.0248 -0.0023 0.0004 0.222470 0.001088 0.2 -0.022421 -0.0308523 0 0.2 0.00577131 0.00577131 0.00585251 0.0116238 0.0116238 
2.353 -0.0467 -0.0226 -0.0025 0.0003 0.225088 0.001987 0.2 -0.016896 -0.0160351 0 0.2 0.00540088 0.00540088 0.00619229 0.0115932 0.0115932 
2.363 -0.0490 -0.0341 -0.0025 0.0003 0.225088 0.002278 0.2 -0.016896 -0.0165796 0 0.2 0.00541449 0.00541449 0.0065201 0.0119346 0.0119346 
2.373 -0.0379 -0.0281 -0.0025 0.0003 0.225088 0.003732 0.2 -0.0128876 -0.0100416 0 0.2 0.00525104 0.00525104 0.00684401 0.0120951 0.0120951 
2.383 -0.0373 -0.0354 -0.0027 0.0003 0.227705 0.004697 0.2 -0.00978029 -0.00685567 0 0.2 0.00517139 0.00517139 0.00715941 0.0123308 0.0123308 
2.393 -0.0396 -0.0330 -0.0027 0.0003 0.227705 0.005499 0.2 -0.00788045 -0.00564549 0 0.2 0.00514114 0.00514114 0.00747179 0.0126129 0.0126129 
2.403 -0.0401 -0.0249 -0.0030 0.0002 0.227705 0.006425 0.2 -0.00778596 -0.00692789 0 0.2 0.0051732 0.0051732 0.0077844 0.0129576 0.0129576 
2.413 -0.0285 -0.0040 -0.0030 0.0002 0.227705 0.008633 0.2 -0.00778596 -0.00747055 0 0.2 0.00518676 0.00518676 0.0080984 0.0132852 0.0132852 
2.423 -0.0267 -0.0015 -0.0030 0.0002 0.227705 0.010715 0.2 -0.00778596 -0.00767002 0 0.2 0.00519175 0.00519175 0.00841293 0.0136047 0.0136047 
2.433 -0.0230 0.0018 -0.0030 0.0002 0.227705 0.012450 0.2 -0.00778596 -0.00774334 0 0.2 0.00519358 0.00519358 0.00872764 0.0139212 0.0139212 
2.443 -0.0186 -0.0022 -0.0032 0.0002 0.230322 0.013727 0.2 -0.00778596 -0.00777029 0 0.2 0.00519426 0.00519426 0.00904243 0.0142367 0.0142367 
2.453 -0.0274 0.0068 -0.0032 0.0002 0.230322 0.014571 0.2 -0.00683283 -0.0061603 0 0.2 0.00515401 0.00515401 0.00935626 0.0145103 0.0145103 
2.463 -0.0149 0.0060 -0.0032 0.0002 0.230322 0.016035 0.2 -0.00584793 -0.00499344 0 0.2 0.00512484 0.00512484 0.00966764 0.0147925 0.0147925 
2.473 -0.0253 0.0086 -0.0032 0.0002 0.230322 0.016596 0.2 -0.00511124 -0.0043414 0 0.2 0.00510853 0.00510853 0.0099777 0.0150862 0.0150862 
2.483 -0.0125 0.0038 -0.0032 0.0002 0.230322 0.017009 0.2 -0.00453924 -0.00390146 0 0.2 0.00509754 0.00509754 0.010287 0.0153845 0.0153845 
2.493 -0.0063 0.0099 -0.0032 0.0002 0.230322 0.017821 0.2 -0.00408246 -0.00356409 0 0.2 0.0050891 0.0050891 0.0105956 0.0156847 0.0156847 
2.503 -0.0080 0.0155 -0.0032 0.0002 0.230322 0.018492 0.2 -0.00370924 -0.00328635 0 0.2 0.00508216 0.00508216 0.0109038 0.015986 0.015986 
2.513 0.0015 0.0155 -0.0032 0.0002 0.230322 0.019262 0.2 -0.00339847 -0.00304927 0 0.2 0.00507623 0.00507623 0.0112117 0.0162879 0.0162879 
2.523 0.0094 0.0184 -0.0032 0.0002 0.230322 0.020291 0.2 -0.00313578 -0.00284345 0 0.2 0.00507109 0.00507109 0.0115192 0.0165903 0.0165903 
2.533 0.0150 0.0199 -0.0032 0.0002 0.230322 0.021094 0.2 -0.00291078 -0.00266275 0 0.2 0.00506657 0.00506657 0.0118264 0.0168929 0.0168929 
2.543 0.0047 0.0370 -0.0032 0.0002 0.230322 0.021832 0.2 -0.00271591 -0.00250288 0 0.2 0.00506257 0.00506257 0.0121333 0.0171959 0.0171959 
2.553 0.0101 0.0297 -0.0030 0.0002 0.232939 0.022404 0.2 0.00261571 0.00608234 0 0.2 0.00484794 0.00484794 0.0124336 0.0172816 0.0172816 
2.563 0.0257 0.0229 -0.0030 0.0002 0.232939 0.022692 0.2 0.00261571 0.00388995 0 0.2 0.00490275 0.00490275 0.0127294 0.0176321 0.0176321 
2.573 0.0279 0.0299 -0.0027 0.0003 0.232939 0.023021 0.2 0.0247587 0.0356644 0 0.2 0.00410839 0.00410839 0.0129842 0.0170926 0.0170926 
2.583 0.0169 0.0434 -0.0023 0.0004 0.232939 0.022890 0.2 0.0333151 0.0417938 0 0.2 0.00395516 0.00395516 0.0132247 0.0171798 0.0171798 
2.593 0.0287 0.0308 -0.0023 0.0004 0.232939 0.022827 0.2 0.0252728 0.022002 0 0.2 0.00444995 0.00444995 0.0134745 0.0179245 0.0179245 
2.603 0.0410 0.0421 -0.0021 0.0004 0.235557 0.023582 0.2 0.0233906 0.0210575 0 0.2 0.00447356 0.00447356 0.013745 0.0182185 0.0182185 
2.613 0.0421 0.0552 -0.0021 0.0004 0.235557 0.024754 0.2 0.0233906 0.022533 0 0.2 0.00443667 0.00443667 0.0140148 0.0184515 0.0184515 
2.623 0.0447 0.0491 -0.0019 0.0005 0.232939 0.024891 0.2 0.0165786 0.0115841 0 0.2 0.0047104 0.0047104 0.0142905 0.0190009 0.0190009 
2.633 0.0418 0.0582 -0.0017 0.0005 0.235557 0.025311 0.2 0.0159351 0.0138502 0 0.2 0.00465374 0.00465374 0.0145748 0.0192285 0.0192285 
2.643 0.0404 0.0603 -0.0015 0.0006 0.232939 0.025394 0.2 0.0186341 0.0201935 0 0.2 0.00449516 0.00449516 0.0148545 0.0193496 0.0193496 
2.653 0.0429 0.0622 -0.0013 0.0006 0.235557 0.025480 0.2 0.0187237 0.0193392 0 0.2 0.00451652 0.00451652 0.0151276 0.0196441 0.0196441 
2.663 0.0545 0.0623 -0.0009 0.0007 0.235557 0.025953 0.2 0.0273109 0.0328976 0 0.2 0.00417756 0.00417756 0.0153905 0.0195681 0.0195681 
2.673 0.0554 0.0753 -0.0007 0.0008 0.238174 0.026547 0.2 0.0342527 0.0429175 0 0.2 0.00392706 0.00392706 0.0156458 0.0195729 0.0195729 
2.683 0.0573 0.0745 -0.0003 0.0009 0.238174 0.026996 0.2 0.0470084 0.0611846 0 0.2 0.00347038 0.00347038 0.0158831 0.0193534 0.0193534 
2.693 0.1000 0.0363 -0.0001 0.0009 0.240791 0.027016 0.2 0.042857 0.0449725 0 0.2 0.00387569 0.00387569 0.0161047 0.0199804 0.0199804 
2.703 0.0596 0.0629 0.0003 0.0010 0.240791 0.026068 0.2 0.0507455 0.0565574 0 0.2 0.00358606 0.00358606 0.0163311 0.0199172 0.0199172 
2.713 0.0561 0.0645 0.0007 0.0011 0.240791 0.025024 0.2 0.0457378 0.0451582 0 0.2 0.00387105 0.00387105 0.0165598 0.0204308 0.0204308 
2.723 0.0718 0.0504 0.0011 0.0012 0.240791 0.024447 0.2 0.0433335 0.0433388 0 0.2 0.00391653 0.00391653 0.0168036 0.0207201 0.0207201 
2.733 0.0687 0.0493 0.0013 0.0012 0.238174 0.023581 0.2 0.0514772 0.0572234 0 0.2 0.00356942 0.00356942 0.017033 0.0206024 0.0206024 
2.743 0.0754 0.0659 0.0017 0.0013 0.238174 0.023932 0.2 0.0449998 0.0433438 0 0.2 0.00391641 0.00391641 0.017262 0.0211784 0.0211784 
2.753 0.0870 0.0649 0.0021 0.0014 0.238174 0.024896 0.2 0.0517008 0.0556061 0 0.2 0.00360985 0.00360985 0.0174909 0.0211008 0.0211008 
2.763 0.1055 0.0341 0.0025 0.0015 0.232939 0.025001 0.2 0.059167 0.0673299 0 0.2 0.00331675 0.00331675 0.0177096 0.0210264 0.0210264 
2.773 0.1109 0.0519 0.0027 0.0016 0.230322 0.025560 0.2 0.0652981 0.0718387 0 0.2 0.00320403 0.00320403 0.0179062 0.0211102 0.0211102 
2.783 0.0963 0.0756 0.0033 0.0017 0.227705 0.026083 0.2 0.0700668 0.0783699 0 0.2 0.00304075 0.00304075 0.0181096 0.0211503 0.0211503 
2.793 0.0890 0.0226 0.0039 0.0019 0.225088 0.024873 0.2 0.0689123 0.0682953 0 0.2 0.00329262 0.00329262 0.0182886 0.0215812 0.0215812 
2.803 0.0742 0.0531 0.0041 0.0019 0.222470 0.023771 0.2 0.0618624 0.0575276 0 0.2 0.00356181 0.00356181 0.018498 0.0220599 0.0220599 
2.813 0.0934 0.0590 0.0046 0.0020 0.219853 0.023760 0.2 0.0734269 0.0758235 0 0.2 0.00310441 0.00310441 0.0186819 0.0217863 0.0217863 
2.823 0.1090 0.0641 0.0052 0.0022 0.222470 0.024786 0.2 0.0692062 0.0719989 0 0.2 0.00320003 0.00320003 0.0188949 0.0220949 0.0220949 
2.833 0.0949 0.0482 0.0056 0.0023 0.217236 0.024460 0.2 0.0760313 0.0821459 0 0.2 0.00294635 0.00294635 0.0190849 0.0220313 0.0220313 
2.843 0.1013 0.0424 0.0060 0.0023 0.212001 0.023536 0.2 0.0810787 0.084744 0 0.2 0.0028814 0.0028814 0.0192525 0.0221339 0.0221339 
2.853 0.0980 0.0607 0.0064 0.0024 0.206767 0.023737 0.2 0.0766985 0.0821109 0 0.2 0.00294723 0.00294723 0.0194634 0.0224107 0.0224107 
2.863 0.0898 0.0788 0.0070 0.0026 0.204149 0.024292 0.2 0.0838747 0.0871425 0 0.2 0.00282144 0.00282144 0.019622 0.0224434 0.0224434 
2.873 0.1202 0.0848 0.0076 0.0027 0.201532 0.025770 0.2 0.0881651 0.102786 0 0.2 0.00243035 0.00243035 0.0198306 0.022261 0.022261 
2.883 0.1251 0.0395 0.0082 0.0028 0.193680 0.026407 0.2 0.107355 0.114395 0 0.2 0.00214013 0.00214013 0.0199205 0.0220606 0.0220606 
2.893 0.1030 0.0633 0.0086 0.0029 0.188445 0.025509 0.2 0.0904436 0.0830494 0 0.2 0.00292376 0.00292376 0.0200789 0.0230027 0.0230027 
2.903 0.1305 0.0604 0.0092 0.0030 0.185828 0.026139 0.2 0.07613 0.0649452 0 0.2 0.00337637 0.00337637 0.0202731 0.0236495 0.0236495 
2.913 0.1213 0.0755 0.0098 0.0031 0.177976 0.026976 0.2 0.142026 0.174447 0 0.2 0.00063883 0.00063883 0.0203645 0.0210034 0.0210034 
2.923 0.0972 0.0676 0.0104 0.0032 0.175359 0.025356 0.2 0.0840501 0.063392 0 0.2 0.0034152 0.0034152 0.0205152 0.0239304 0.0239304 
2.933 0.0992 0.0539 0.0110 0.0033 0.172742 0.024903 0.2 0.0828286 0.0801803 0 0.2 0.00299549 0.00299549 0.0207371 0.0237326 0.0237326 
2.943 0.1049 0.0580 0.0118 0.0034 0.167507 0.024452 0.2 0.0883035 0.0867761 0 0.2 0.0028306 0.0028306 0.0208938 0.0237244 0.0237244 
2.953 0.1040 0.0629 0.0124 0.0035 0.164890 0.024476 0.2 0.100615 0.105141 0 0.2 0.00237148 0.00237148 0.0210383 0.0234097 0.0234097 
2.963 0.1152 0.0721 0.0132 0.0037 0.159655 0.025106 0.2 0.0982338 0.0915629 0 0.2 0.00271093 0.00271093 0.0211596 0.0238706 0.0238706 
2.973 0.1275 0.0779 0.0138 0.0038 0.157038 0.026198 0.2 0.107358 0.115229 0 0.2 0.00211927 0.00211927 0.0213263 0.0234455 0.0234455 
2.983 0.1101 0.0704 0.0144 0.0039 0.154421 0.026150 0.2 0.0816528 0.0632528 0 0.2 0.00341868 0.00341868 0.0214735 0.0248922 0.0248922 
2.993 0.1122 0.0730 0.0152 0.0040 0.149186 0.026010 0.2 0.103249 0.118018 0 0.2 0.00204955 0.00204955 0.0216741 0.0237236 0.0237236 
3.003 0.1107 0.0832 0.0158 0.0041 0.146569 0.026474 0.2 0.0838184 0.0728769 0 0.2 0.00317808 0.00317808 0.0218155 0.0249936 0.0249936 
3.013 0.1272 0.0680 0.0164 0.0042 0.143951 0.026818 0.2 0.104522 0.113372 0 0.2 0.0021657 0.0021657 0.0219747 0.0241404 0.0241404 
3.023 0.1063 0.0697 0.0174 0.0043 0.141334 0.025914 0.2 0.087843 0.0840152 0 0.2 0.00289962 0.00289962 0.0221438 0.0250434 0.0250434 
3.033 0.1146 0.0845 0.0180 0.0044 0.138717 0.026289 0.2 0.104162 0.111619 0 0.2 0.00220952 0.00220952 0.0222908 0.0245004 0.0245004 
3.043 0.1301 0.0997 0.0188 0.0045 0.133482 0.027487 0.2 0.11588 0.129624 0 0.2 0.00175941 0.00175941 0.0224287 0.0241882 0.0241882 
3.053 0.1278 0.0790 0.0194 0.0046 0.130865 0.028040 0.2 0.101467 0.0943031 0 0.2 0.00264242 0.00264242 0.022548 0.0251904 0.0251904 
3.063 0.1290 0.0820 0.0204 0.0047 0.128248 0.027538 0.2 0.111189 0.119987 0 0.2 0.00200034 0.00200034 0.0227124 0.0247127 0.0247127 
3.073 0.1470 0.0620 0.0212 0.0048 0.123013 0.027549 0.2 0.0996127 0.0913173 0 0.2 0.00271707 0.00271707 0.0228385 0.0255556 0.0255556 
3.083 0.1367 0.0621 0.0220 0.0049 0.117778 0.027348 0.2 0.113983 0.117573 0 0.2 0.00206067 0.00206067 0.0229705 0.0250312 0.0250312 
3.093 0.1382 0.0674 0.0229 0.0050 0.117778 0.027194 0.2 0.101126 0.0918074 0 0.2 0.00270481 0.00270481 0.0231036 0.0258084 0.0258084 
3.103 0.1230 0.1070 0.0237 0.0051 0.112544 0.027642 0.2 0.12245 0.135743 0 0.2 0.00160642 0.00160642 0.023249 0.0248554 0.0248554 
3.113 0.1519 0.0862 0.0247 0.0052 0.109926 0.028037 0.2 0.11987 0.126028 0 0.2 0.00184929 0.00184929 0.0233659 0.0252152 0.0252152 
3.123 0.1455 0.0961 0.0255 0.0053 0.104692 0.029059 0.2 0.140804 0.156852 0 0.2 0.0010787 0.0010787 0.023458 0.0245367 0.0245367 
3.133 0.1492 0.0824 0.0265 0.0054 0.102075 0.028452 0.2 0.121253 0.125981 0 0.2 0.00185048 0.00185048 0.0235994 0.0254499 0.0254499 
3.143 0.1203 0.0990 0.0273 0.0055 0.096840 0.028000 0.2 0.135122 0.143975 0 0.2 0.00140063 0.00140063 0.0236909 0.0250915 0.0250915 
3.153 0.1732 0.0627 0.0283 0.0056 0.094223 0.027847 0.2 0.114441 0.113504 0 0.2 0.00216241 0.00216241 0.02384 0.0260025 0.0260025 
3.163 0.1528 0.1118 0.0291 0.0057 0.088988 0.029190 0.2 0.137985 0.145676 0 0.2 0.0013581 0.0013581 0.0239143 0.0252724 0.0252724 
3.173 0.1325 0.1002 0.0301 0.0057 0.086371 0.028905 0.2 0.114514 0.107442 0 0.2 0.00231396 0.00231396 0.0240503 0.0263643 0.0263643 
3.183 0.1694 0.0822 0.0311 0.0058 0.083753 0.028947 0.2 0.150923 0.178518 0 0.2 0.000537059 0.000537059 0.0241679 0.024705 0.024705 
3.193 0.1568 0.1098 0.0321 0.0059 0.075902 0.029552 0.2 0.167576 0.183089 0 0.2 0.000422787 0.000422787 0.0241727 0.0245955 0.0245955 
3.203 0.1499 0.0963 0.0332 0.0060 0.073284 0.029010 0.2 0.108674 0.0908291 0 0.2 0.00272927 0.00272927 0.0243368 0.0270661 0.0270661 
3.213 0.1819 -0.0056 0.0344 0.0061 0.068050 0.030087 0.2 0.16645 0.193788 0 0.2 0.000155306 0.000155306 0.024406 0.0245613 0.0245613 
3.223 0.1474 0.0904 0.0350 0.0061 0.065432 0.029366 0.2 0.100145 0.065088 0 0.2 0.0033728 0.0033728 0.0245055 0.0278783 0.0278783 
3.233 0.1604 0.1139 0.0362 0.0062 0.060198 0.029285 0.2 0.179826 0.22375 0 0.2 -0.00059376 -0.00059376 0.024612 0.0240182 0.0240182 
3.243 0.1574 0.1127 0.0374 0.0063 0.054963 0.029594 0.2 0.154922 0.147436 0 0.2 0.00131411 0.00131411 0.0246051 0.0259192 0.0259192 
3.253 0.1550 0.1234 0.0386 0.0063 0.049729 0.029280 0.2 0.155836 0.169328 0 0.2 0.00076679 0.00076679 0.0247405 0.0255073 0.0255073 
3.263 0.1577 0.1038 0.0396 0.0064 0.047111 0.029497 0.2 0.123423 0.105022 0 0.2 0.00237446 0.00237446 0.0248261 0.0272005 0.0272005 
3.273 0.1500 0.1152 0.0408 0.0064 0.041877 0.029191 0.2 0.136593 0.126375 0 0.2 0.00184063 0.00184063 0.0248972 0.0267379 0.0267379 
3.283 0.1297 0.1073 0.0419 0.0065 0.039259 0.028136 0.2 0.136581 0.137856 0 0.2 0.00155361 0.00155361 0.025021 0.0265746 0.0265746 
3.293 0.1639 0.0793 0.0429 0.0065 0.036642 0.027421 0.2 0.11818 0.102241 0 0.2 0.00244397 0.00244397 0.0251204 0.0275644 0.0275644 
3.303 0.1487 0.1340 0.0443 0.0066 0.034025 0.027956 0.2 0.150566 0.15799 0 0.2 0.00105024 0.00105024 0.0251888 0.0262391 0.0262391 
3.313 0.1763 0.1064 0.0455 0.0066 0.028790 0.029569 0.2 0.121093 0.090134 0 0.2 0.00274665 0.00274665 0.0252376 0.0279843 0.0279843 
3.323 0.1522 0.1323 0.0465 0.0066 0.026173 0.029370 0.2 0.155304 0.164774 0 0.2 0.000880658 0.000880658 0.0253399 0.0262206 0.0262206 
3.333 0.1602 0.1308 0.0479 0.0067 0.023556 0.029319 0.2 0.144458 0.150744 0 0.2 0.00123139 0.00123139 0.0254527 0.026684 0.026684 
3.343 0.1612 0.1428 0.0492 0.0067 0.023556 0.030294 0.2 0.158397 0.172208 0 0.2 0.000694796 0.000694796 0.0255241 0.0262189 0.0262189 
3.353 0.1645 0.1286 0.0504 0.0067 0.018321 0.030548 0.2 0.160356 0.163945 0 0.2 0.000901364 0.000901364 0.0255594 0.0264607 0.0264607 
3.363 0.1614 0.1364 0.0518 0.0067 0.015704 0.030140 0.2 0.149045 0.154658 0 0.2 0.00113354 0.00113354 0.0256755 0.026809 0.026809 
3.373 0.1562 0.1446 0.0530 0.0068 0.015704 0.030397 0.2 0.15246 0.153547 0 0.2 0.00116131 0.00116131 0.0257294 0.0268907 0.0268907 
3.383 0.1773 0.1233 0.0542 0.0068 0.010469 0.030054 0.2 0.160472 0.180427 0 0.2 0.000489326 0.000489326 0.025843 0.0263324 0.0263324 
3.393 0.1623 0.1336 0.0557 0.0068 0.007852 0.029720 0.2 0.141628 0.131325 0 0.2 0.00171687 0.00171687 0.0258853 0.0276022 0.0276022 
3.403 0.1797 0.1462 0.0571 0.0068 0.005235 0.030321 0.2 0.178819 0.201105 0 0.2 -2.76271e-05 -2.76271e-05 0.0259445 0.0259169 0.0259169 
3.413 0.1793 0.1354 0.0585 0.0068 0.002617 0.030869 0.2 0.153077 0.143699 0 0.2 0.00140753 0.00140753 0.0259833 0.0273909 0.0273909 
3.423 0.1637 0.1384 0.0597 0.0068 0.002617 0.030567 0.2 0.137373 0.123189 0 0.2 0.00192028 0.00192028 0.0260811 0.0280014 0.0280014 
3.433 0.1601 0.1556 0.0611 0.0068 -0.000000 0.030605 0.2 0.144559 0.130525 0 0.2 0.00173687 0.00173687 0.0261266 0.0278635 0.0278635 
3.443 0.1756 0.1382 0.0623 0.0068 -0.000000 0.030254 0.2 0.143771 0.14021 0 0.2 0.00149475 0.00149475 0.0262329 0.0277276 0.0277276 
3.453 0.1841 0.1561 0.0640 0.0068 -0.005235 0.030723 0.2 0.164288 0.168296 0 0.2 0.000792593 0.000792593 0.0262691 0.0270617 0.0270617 
3.463 0.1628 0.1522 0.0656 0.0068 -0.005235 0.031485 0.2 0.138414 0.106664 0 0.2 0.00233339 0.00233339 0.0262877 0.028621 0.028621 
3.473 0.1741 0.1566 0.0670 0.0068 -0.007852 0.030985 0.2 0.154234 0.148499 0 0.2 0.00128752 0.00128752 0.0263774 0.0276649 0.0276649 
3.483 0.1811 0.1360 0.0684 0.0068 -0.005235 0.030293 0.2 0.153319 0.144237 0 0.2 0.00139406 0.00139406 0.0264283 0.0278224 0.0278224 
3.493 0.2024 0.1271 0.0698 0.0068 -0.007852 0.029811 0.2 0.170883 0.179018 0 0.2 0.000524547 0.000524547 0.0264888 0.0270133 0.0270133 
3.503 0.1839 0.1712 0.0717 0.0067 -0.010469 0.030571 0.2 0.173278 0.17076 0 0.2 0.000730992 0.000730992 0.0264951 0.0272261 0.0272261 
3.513 0.1961 0.1405 0.0731 0.0067 -0.013087 0.030966 0.2 0.155059 0.140818 0 0.2 0.00147954 0.00147954 0.0265556 0.0280352 0.0280352 
3.523 0.1956 0.1630 0.0745 0.0067 -0.015704 0.030830 0.2 0.183511 0.199094 0 0.2 2.26531e-05 2.26531e-05 0.026611 0.0266337 0.0266337 
3.533 0.1794 0.1608 0.0761 0.0067 -0.015704 0.030499 0.2 0.150783 0.136684 0 0.2 0.0015829 0.0015829 0.0266681 0.028251 0.028251 
3.543 0.1907 0.1670 0.0778 0.0067 -0.015704 0.030450 0.2 0.162151 0.154109 0 0.2 0.00114727 0.00114727 0.0267012 0.0278485 0.0278485 
3.553 0.2009 0.1626 0.0794 0.0066 -0.020938 0.031290 0.2 0.212607 0.234136 0 0.2 -0.000853409 -0.000853409 0.026668 0.0258146 0.0258146 
3.563 0.2097 0.1633 0.0812 0.0066 -0.023556 0.030780 0.2 0.195615 0.211004 0 0.2 -0.000275106 -0.000275106 0.0267217 0.0264466 0.0264466 
3.573 0.1963 0.1737 0.0828 0.0065 -0.028790 0.031457 0.2 0.190148 0.184841 0 0.2 0.000378973 0.000378973 0.0266926 0.0270715 0.0270715 
3.583 0.2117 0.1672 0.0842 0.0065 -0.031408 0.030716 0.2 0.209051 0.237256 0 0.2 -0.00093141 -0.00093141 0.0267572 0.0258257 0.0258257 
3.593 0.2268 0.1839 0.0861 0.0064 -0.034025 0.031816 0.2 0.20655 0.207242 0 0.2 -0.00018104 -0.00018104 0.0266915 0.0265104 0.0265104 
3.603 0.2006 0.1717 0.0879 0.0064 -0.036642 0.031548 0.2 0.201401 0.202976 0 0.2 -7.44041e-05 -7.44041e-05 0.0267038 0.0266294 0.0266294 
3.613 0.2170 0.1748 0.0895 0.0063 -0.041877 0.031320 0.2 0.195125 0.189914 0 0.2 0.00025214 0.00025214 0.0266993 0.0269515 0.0269515 
3.623 0.2252 0.1850 0.0913 0.0062 -0.044494 0.031210 0.2 0.206108 0.215302 0 0.2 -0.000382541 -0.000382541 0.0267085 0.0263259 0.0263259 
3.633 0.2714 0.1633 0.0932 0.0062 -0.047111 0.032621 0.2 0.207161 0.20343 0 0.2 -8.57499e-05 -8.57499e-05 0.0266599 0.0265742 0.0265742 
3.643 0.2198 0.1755 0.0950 0.0061 -0.049729 0.031860 0.2 0.196171 0.188211 0 0.2 0.000294723 0.000294723 0.026664 0.0269587 0.0269587 
3.653 0.2556 0.1595 0.0968 0.0060 -0.057580 0.031747 0.2 0.215125 0.215915 0 0.2 -0.000397866 -0.000397866 0.0266196 0.0262217 0.0262217 
3.663 0.2331 0.1884 0.0986 0.0059 -0.060198 0.031549 0.2 0.226732 0.235291 0 0.2 -0.00088228 -0.00088228 0.0265903 0.0257081 0.0257081 
3.673 0.2172 0.0151 0.1009 0.0057 -0.062815 0.031218 0.2 0.200246 0.177975 0 0.2 0.000550621 0.000550621 0.0265366 0.0270872 0.0270872 
3.683 0.2631 0.1722 0.1025 0.0056 -0.068050 0.030967 0.2 0.24224 0.264909 0 0.2 -0.00162272 -0.00162272 0.0265189 0.0248962 0.0248962 
3.693 0.2189 0.2045 0.1043 0.0055 -0.070667 0.030624 0.2 0.195058 0.174886 0 0.2 0.000627849 0.000627849 0.026502 0.0271299 0.0271299 
3.703 0.2455 0.1935 0.1065 0.0053 -0.073284 0.030883 0.2 0.228247 0.233255 0 0.2 -0.000831373 -0.000831373 0.0264493 0.0256179 0.0256179 
3.713 0.2197 0.2126 0.1083 0.0052 -0.075902 0.030671 0.2 0.227118 0.229488 0 0.2 -0.000737211 -0.000737211 0.0264048 0.0256675 0.0256675 
3.723 0.2433 0.1852 0.1104 0.0050 -0.081136 0.030374 0.2 0.229598 0.240067 0 0.2 -0.00100168 -0.00100168 0.0263875 0.0253858 0.0253858 
3.733 0.2367 0.2018 0.1124 0.0049 -0.086371 0.029360 0.2 0.260219 0.293154 0 0.2 -0.00232884 -0.00232884 0.0263288 0.024 0.024 
3.743 0.2290 0.2153 0.1144 0.0047 -0.086371 0.029675 0.2 0.214712 0.19642 0 0.2 8.94975e-05 8.94975e-05 0.0262606 0.0263501 0.0263501 
3.753 0.2266 0.2281 0.1162 0.0045 -0.094223 0.029652 0.2 0.246508 0.260882 0 0.2 -0.00152205 -0.00152205 0.0262155 0.0246935 0.0246935 
3.763 0.2614 0.1004 0.1182 0.0043 -0.094223 0.029569 0.2 0.234099 0.240875 0 0.2 -0.00102188 -0.00102188 0.0261873 0.0251654 0.0251654 
3.773 0.2749 -0.1322 0.1203 0.0041 -0.104692 0.031123 0.2 0.239794 0.23019 0 0.2 -0.000754745 -0.000754745 0.0260606 0.0253058 0.0253058 
3.783 0.2125 0.3301 0.1213 0.0040 -0.123013 0.031924 0.2 0.222413 0.197602 0 0.2 5.99395e-05 5.99395e-05 0.0259937 0.0260537 0.0260537 
3.793 0.3218 0.3904 0.1231 0.0038 -0.125630 0.036557 0.2 0.321682 0.389742 0 0.2 -0.00474355 -0.00474355 0.0259036 0.0211601 0.0211601 
3.803 0.3649 0.3649 0.1255 0.0035 -0.136099 0.043769 0.2 0.344138 0.399153 0 0.2 -0.00497881 -0.00497881 0.0256946 0.0207158 0.0207158 
3.813 0.2835 0.2835 0.1281 0.0031 -0.138717 0.043000 0.2 0.264172 0.236942 0 0.2 -0.00092356 -0.00092356 0.0255432 0.0246197 0.0246197 
3.823 0.2614 0.2614 0.1305 0.0028 -0.143951 0.039059 0.2 0.307878 0.323061 0 0.2 -0.00307652 -0.00307652 0.025401 0.0223245 0.0223245 
3.833 0.2473 0.2473 0.1329 0.0024 -0.149186 0.033429 0.2 0.266035 0.248918 0 0.2 -0.00122295 -0.00122295 0.0252929 0.02407 0.02407 
3.843 0.2724 0.2724 0.1355 0.0020 -0.151803 0.031905 0.2 0.292271 0.294411 0 0.2 -0.00236028 -0.00236028 0.0251438 0.0227836 0.0227836 
3.853 0.2617 0.2617 0.1381 0.0016 -0.154421 0.030079 0.2 0.251494 0.217572 0 0.2 -0.000439292 -0.000439292 0.025024 0.0245847 0.0245847 
3.863 0.2677 0.2677 0.1409 0.0012 -0.154421 0.028550 0.2 0.28424 0.294737 0 0.2 -0.00236843 -0.00236843 0.0249401 0.0225717 0.0225717 
3.873 0.2640 0.2640 0.1436 0.0008 -0.157038 0.027190 0.2 0.284397 0.298101 0 0.2 -0.00245252 -0.00245252 0.0248382 0.0223857 0.0223857 
3.883 0.2618 0.2618 0.1460 0.0004 -0.157038 0.025735 0.2 0.257113 0.246525 0 0.2 -0.00116312 -0.00116312 0.0247412 0.0235781 0.0235781 
3.893 0.2632 0.2632 0.1484 0.0000 -0.157038 0.024950 0.2 0.257636 0.250406 0 0.2 -0.00126015 -0.00126015 0.0246474 0.0233873 0.0233873 
3.903 0.2546 0.2546 0.1510 -0.0004 -0.159655 0.024546 0.2 0.245489 0.231952 0 0.2 -0.000798804 -0.000798804 0.0245701 0.0237713 0.0237713 
3.913 0.2673 0.2673 0.1536 -0.0008 -0.157038 0.023908 0.2 0.280829 0.303916 0 0.2 -0.0025979 -0.0025979 0.0244889 0.021891 0.021891 
3.923 0.2691 0.2691 0.1562 -0.0012 -0.159655 0.024166 0.2 0.273393 0.283467 0 0.2 -0.00208668 -0.00208668 0.0243809 0.0222942 0.0222942 
3.933 0.2588 0.2588 0.1584 -0.0016 -0.157038 0.023282 0.2 0.261687 0.264359 0 0.2 -0.00160897 -0.00160897 0.0242983 0.0226894 0.0226894 
3.943 0.2628 0.2628 0.1610 -0.0020 -0.154421 0.023143 0.2 0.256853 0.252031 0 0.2 -0.00130076 -0.00130076 0.0241982 0.0228974 0.0228974 
3.953 0.1475 0.3364 0.1628 -0.0023 -0.146569 0.023552 0.2 0.254 0.245672 0 0.2 -0.00114181 -0.00114181 0.0241033 0.0229615 0.0229615 
3.963 0.1935 0.3860 0.1652 -0.0026 -0.141334 0.030595 0.2 0.32113 0.357679 0 0.2 -0.00394197 -0.00394197 0.023931 0.019989 0.019989 
3.973 0.1800 0.3919 0.1680 -0.0030 -0.136099 0.035025 0.2 0.340729 0.382002 0 0.2 -0.00455006 -0.00455006 0.0237482 0.0191981 0.0191981 
3.983 0.1954 0.3952 0.1706 -0.0034 -0.128248 0.036100 0.2 0.36331 0.409652 0 0.2 -0.00524131 -0.00524131 0.0235295 0.0182882 0.0182882 
3.993 0.2654 0.3847 0.1732 -0.0037 -0.115161 0.034800 0.2 0.360285 0.374399 0 0.2 -0.00435998 -0.00435998 0.0232403 0.0188803 0.0188803 
4.003 0.2707 0.3899 0.1761 -0.0040 -0.104692 0.033203 0.2 0.39524 0.428906 0 0.2 -0.00572264 -0.00572264 0.0229603 0.0172377 0.0172377 
4.013 0.2694 0.3721 0.1791 -0.0043 -0.091605 0.031559 0.2 0.389236 0.399945 0 0.2 -0.00499862 -0.00499862 0.0226477 0.0176491 0.0176491 
4.023 0.1880 0.3622 0.1819 -0.0045 -0.081136 0.028482 0.2 0.356695 0.336487 0 0.2 -0.00341218 -0.00341218 0.0223832 0.018971 0.018971 
4.033 0.1706 0.3802 0.1848 -0.0047 -0.070667 0.026668 0.2 0.379555 0.384576 0 0.2 -0.0046144 -0.0046144 0.0221209 0.0175065 0.0175065 
4.043 0.2674 0.3735 0.1878 -0.0049 -0.057580 0.025192 0.2 0.387763 0.394925 0 0.2 -0.00487312 -0.00487312 0.0218348 0.0169617 0.0169617 
4.053 0.2575 0.3508 0.1908 -0.0051 -0.049729 0.022709 0.2 0.353984 0.336195 0 0.2 -0.00340488 -0.00340488 0.0215935 0.0181887 0.0181887 
4.063 0.2510 0.3490 0.1937 -0.0052 -0.039259 0.020174 0.2 0.364766 0.364177 0 0.2 -0.00410442 -0.00410442 0.0213588 0.0172544 0.0172544 
4.073 0.2791 0.3198 0.1967 -0.0053 -0.036642 0.018706 0.2 0.363283 0.368428 0 0.2 -0.00421069 -0.00421069 0.0211347 0.016924 0.016924 
4.083 0.2700 0.3110 0.1995 -0.0054 -0.026173 0.016962 0.2 0.334157 0.320792 0 0.2 -0.00301981 -0.00301981 0.0209339 0.0179141 0.0179141 
4.093 0.2695 0.2977 0.2022 -0.0055 -0.023556 0.015074 0.2 0.321902 0.314503 0 0.2 -0.00286256 -0.00286256 0.0207808 0.0179182 0.0179182 
4.103 0.2995 0.2771 0.2052 -0.0056 -0.020938 0.014800 0.2 0.310728 0.305564 0 0.2 -0.00263909 -0.00263909 0.0206356 0.0179965 0.0179965 
4.113 0.2692 0.2902 0.2079 -0.0056 -0.018321 0.013561 0.2 0.28863 0.275201 0 0.2 -0.00188004 -0.00188004 0.0205115 0.0186315 0.0186315 
4.123 0.2835 0.2644 0.2105 -0.0057 -0.015704 0.012685 0.2 0.284339 0.275282 0 0.2 -0.00188205 -0.00188205 0.02039 0.018508 0.018508 
4.133 0.2949 0.2729 0.2133 -0.0057 -0.015704 0.013357 0.2 0.25967 0.226424 0 0.2 -0.000660595 -0.000660595 0.0202501 0.0195895 0.0195895 
4.143 0.3596 0.2527 0.2160 -0.0058 -0.018321 0.014111 0.2 0.289591 0.298438 0 0.2 -0.00246095 -0.00246095 0.0201598 0.0176988 0.0176988 
4.153 0.3546 0.2829 0.2188 -0.0058 -0.023556 0.015787 0.2 0.349687 0.40153 0 0.2 -0.00503825 -0.00503825 0.0199823 0.014944 0.014944 
4.163 0.3616 0.2739 0.2216 -0.0059 -0.028790 0.017493 0.2 0.335655 0.357487 0 0.2 -0.00393717 -0.00393717 0.0197716 0.0158344 0.0158344 
4.173 0.3601 0.2619 0.2245 -0.0060 -0.034025 0.018128 0.2 0.354487 0.387416 0 0.2 -0.00468541 -0.00468541 0.0195752 0.0148897 0.0148897 
4.183 0.3876 0.2719 0.2275 -0.0061 -0.041877 0.019150 0.2 0.375052 0.408244 0 0.2 -0.0052061 -0.0052061 0.0193181 0.014112 0.014112 
4.193 0.3554 0.2560 0.2302 -0.0062 -0.049729 0.019682 0.2 0.298725 0.251542 0 0.2 -0.00128854 -0.00128854 0.0190829 0.0177943 0.0177943 
4.203 0.3869 0.0821 0.2332 -0.0064 -0.057580 0.019680 0.2 0.384988 0.417985 0 0.2 -0.00544961 -0.00544961 0.0188421 0.0133925 0.0133925 
4.213 0.3833 0.1912 0.2358 -0.0065 -0.070667 0.020517 0.2 0.336781 0.30682 0 0.2 -0.0026705 -0.0026705 0.0185483 0.0158778 0.0158778 
4.223 0.3958 0.3114 0.2387 -0.0068 -0.081136 0.020822 0.2 0.419164 0.47378 0 0.2 -0.0068445 -0.0068445 0.0183141 0.0114696 0.0114696 
4.233 0.4040 0.2153 0.2417 -0.0070 -0.088988 0.021849 0.2 0.343543 0.311614 0 0.2 -0.00279035 -0.00279035 0.0180153 0.015225 0.015225 
4.243 0.4213 0.1823 0.2447 -0.0073 -0.102075 0.022219 0.2 0.425205 0.47592 0 0.2 -0.006898 -0.006898 0.0177597 0.0108617 0.0108617 
4.253 0.4091 0.3100 0.2475 -0.0076 -0.112544 0.022882 0.2 0.398202 0.402442 0 0.2 -0.00506106 -0.00506106 0.0174163 0.0123553 0.0123553 
4.263 0.3934 0.2180 0.2508 -0.0080 -0.123013 0.021444 0.2 0.413872 0.437684 0 0.2 -0.00594211 -0.00594211 0.0171424 0.0112003 0.0112003 
4.273 0.3946 0.2771 0.2540 -0.0084 -0.133482 0.019367 0.2 0.421815 0.445505 0 0.2 -0.00613763 -0.00613763 0.0168221 0.0106845 0.0106845 
4.283 0.3855 0.2869 0.2572 -0.0089 -0.143951 0.017431 0.2 0.398949 0.401238 0 0.2 -0.00503095 -0.00503095 0.0165244 0.0114934 0.0114934 
4.293 0.3910 0.2139 0.2602 -0.0093 -0.151803 0.016445 0.2 0.401664 0.412812 0 0.2 -0.0053203 -0.0053203 0.0162525 0.0109322 0.0109322 
4.303 0.3758 0.2857 0.2634 -0.0098 -0.162272 0.015280 0.2 0.344247 0.298093 0 0.2 -0.00245232 -0.00245232 0.0159645 0.0135122 0.0135122 
4.313 0.3853 0.2894 0.2666 -0.0103 -0.167507 0.014919 0.2 0.387054 0.387904 0 0.2 -0.0046976 -0.0046976 0.0156912 0.0109936 0.0109936 
4.323 0.3819 0.2751 0.2696 -0.0109 -0.175359 0.014038 0.2 0.35306 0.330871 0 0.2 -0.00327179 -0.00327179 0.0154519 0.0121801 0.0121801 
4.333 0.3630 0.2894 0.2730 -0.0115 -0.183211 0.013283 0.2 0.347652 0.314255 0 0.2 -0.00285637 -0.00285637 0.0151606 0.0123042 0.0123042 
4.343 0.3763 0.1564 0.2758 -0.0120 -0.188445 0.011513 0.2 0.337552 0.309638 0 0.2 -0.00274094 -0.00274094 0.0149484 0.0122075 0.0122075 
4.353 0.3800 0.1607 0.2788 -0.0126 -0.201532 0.011033 0.2 0.38975 0.39829 0 0.2 -0.00495725 -0.00495725 0.0146378 0.00968059 0.00968059 
4.363 0.3847 0.1336 0.2814 -0.0131 -0.214618 0.010411 0.2 0.379422 0.388021 0 0.2 -0.00470052 -0.00470052 0.014403 0.00970248 0.00970248 
4.373 0.4252 0.2216 0.2841 -0.0138 -0.225088 0.012749 0.2 0.373483 0.365895 0 0.2 -0.00414737 -0.00414737 0.0141106 0.00996322 0.00996322 
4.383 0.4304 0.1872 0.2873 -0.0145 -0.235557 0.015669 0.2 0.366911 0.352649 0 0.2 -0.00381622 -0.00381622 0.0138316 0.0100154 0.0100154 
4.393 0.4521 0.2802 0.2901 -0.0152 -0.251261 0.018794 0.2 0.380177 0.357663 0 0.2 -0.00394158 -0.00394158 0.0134762 0.0095346 0.0095346 
4.403 0.4612 0.1513 0.2930 -0.0160 -0.264347 0.019928 0.2 0.433574 0.458524 0 0.2 -0.00646309 -0.00646309 0.013146 0.00668293 0.00668293 
4.413 0.4839 0.1836 0.2957 -0.0167 -0.285286 0.022307 0.2 0.461372 0.483893 0 0.2 -0.00709732 -0.00709732 0.0127145 0.00561715 0.00561715 
4.423 0.4815 0.1465 0.2988 -0.0177 -0.300989 0.022918 0.2 0.453338 0.463621 0 0.2 -0.00659053 -0.00659053 0.0123415 0.00575092 0.00575092 
4.433 0.4922 0.1443 0.3021 -0.0187 -0.319310 0.023613 0.2 0.468973 0.476977 0 0.2 -0.00692442 -0.00692442 0.0118965 0.00497209 0.00497209 
4.443 0.4820 0.2111 0.3052 -0.0198 -0.340249 0.022865 0.2 0.465319 0.457921 0 0.2 -0.00644802 -0.00644802 0.0114627 0.00501469 0.00501469 
4.453 0.4832 0.2526 0.3082 -0.0209 -0.355953 0.021769 0.2 0.451054 0.424445 0 0.2 -0.00561112 -0.00561112 0.0110239 0.0054128 0.0054128 
4.463 0.4957 0.1928 0.3115 -0.0221 -0.379508 0.020823 0.2 0.484805 0.483095 0 0.2 -0.00707737 -0.00707737 0.0105711 0.00349376 0.00349376 
4.473 0.5082 0.1896 0.3145 -0.0233 -0.400447 0.019487 0.2 0.522336 0.549303 0 0.2 -0.00873258 -0.00873258 0.0101024 0.00136978 0.00136978 
4.483 0.5009 0.1932 0.3176 -0.0247 -0.418768 0.019087 0.2 0.444075 0.393539 0 0.2 -0.00483848 -0.00483848 0.00965518 0.00481669 0.00481669 
4.493 0.5265 0.4086 0.3206 -0.0261 -0.439706 0.018621 0.2 0.470832 0.435036 0 0.2 -0.00587589 -0.00587589 0.0091712 0.00329531 0.00329531 
4.503 0.5398 0.1855 0.3240 -0.0277 -0.458027 0.017306 0.2 0.546648 0.593508 0 0.2 -0.0098377 -0.0098377 0.00873874 -0.00109895 -0.00109895 
4.513 0.5126 0.1939 0.3273 -0.0294 -0.478966 0.015897 0.2 0.475129 0.429352 0 0.2 -0.0057338 -0.0057338 0.00819332 0.00245952 0.00245952 
4.523 0.5140 0.1586 0.3304 -0.0310 -0.497287 0.012639 0.2 0.530331 0.544944 0 0.2 -0.00862359 -0.00862359 0.00773158 -0.000892014 -0.000892014 
4.533 0.5136 0.2833 0.3335 -0.0328 -0.518225 0.010281 0.2 0.552166 0.580123 0 0.2 -0.00950308 -0.00950308 0.00722358 -0.00227949 -0.00227949 
4.543 0.5020 0.2306 0.3367 -0.0346 -0.539163 0.007892 0.2 0.467891 0.411533 0 0.2 -0.00528833 -0.00528833 0.00672995 0.00144162 0.00144162 
4.553 0.5088 0.2825 0.3398 -0.0365 -0.560101 0.005816 0.2 0.539649 0.563511 0 0.2 -0.00908777 -0.00908777 0.00627201 -0.00281576 -0.00281576 
4.563 0.5104 0.1991 0.3427 -0.0384 -0.578422 0.004241 0.2 0.525663 0.538303 0 0.2 -0.00845758 -0.00845758 0.00579619 -0.00266139 -0.00266139 
4.573 0.5196 0.1233 0.3457 -0.0404 -0.599360 0.003831 0.2 0.524983 0.535486 0 0.2 -0.00838716 -0.00838716 0.0053139 -0.00307326 -0.00307326 
4.583 0.5197 0.1618 0.3486 -0.0424 -0.622916 0.002916 0.2 0.552009 0.578239 0 0.2 -0.00945598 -0.00945598 0.00479723 -0.00465875 -0.00465875 
4.593 0.5084 0.1545 0.3513 -0.0444 -0.646471 0.001922 0.2 0.469515 0.422432 0 0.2 -0.00556079 -0.00556079 0.00433789 -0.0012229 -0.0012229 
4.603 0.5288 0.1972 0.3541 -0.0465 -0.670026 0.001812 0.2 0.531315 0.533946 0 0.2 -0.00834864 -0.00834864 0.00381689 -0.00453176 -0.00453176 
4.613 0.5344 0.1780 0.3568 -0.0487 -0.688347 0.001634 0.2 0.551603 0.581953 0 0.2 -0.00954883 -0.00954883 0.00334884 -0.00619999 -0.00619999 
4.623 0.5184 0.1068 0.3594 -0.0509 -0.711903 0.001460 0.2 0.456441 0.395047 0 0.2 -0.00487618 -0.00487618 0.00286637 -0.00200981 -0.00200981 
4.633 0.5363 0.2144 0.3620 -0.0532 -0.735458 0.001317 0.2 0.541178 0.552242 0 0.2 -0.00880606 -0.00880606 0.00233819 -0.00646786 -0.00646786 
4.643 0.5225 0.1883 0.3647 -0.0557 -0.756396 0.000570 0.2 0.501253 0.479285 0 0.2 -0.00698213 -0.00698213 0.00187292 -0.00510921 -0.00510921 
4.653 0.5045 0.1847 0.3671 -0.0581 -0.779952 -0.001941 0.2 0.53783 0.546436 0 0.2 -0.00866091 -0.00866091 0.00135637 -0.00730454 -0.00730454 
4.663 0.5015 0.1561 0.3697 -0.0607 -0.800890 -0.004180 0.2 0.492207 0.46239 0 0.2 -0.00655974 -0.00655974 0.000885386 -0.00567436 -0.00567436 
4.673 0.5145 0.2106 0.3722 -0.0633 -0.821828 -0.005680 0.2 0.554367 0.584738 0 0.2 -0.00961845 -0.00961845 0.000391153 -0.0092273 -0.0092273 
4.683 0.5087 0.1907 0.3747 -0.0660 -0.842766 -0.006008 0.2 0.470992 0.417251 0 0.2 -0.00543128 -0.00543128 -0.000101622 -0.0055329 -0.0055329 
4.693 0.5184 0.2419 0.3771 -0.0688 -0.863704 -0.005937 0.2 0.540008 0.554733 0 0.2 -0.00886832 -0.00886832 -0.000594843 -0.00946316 -0.00946316 
4.703 0.5006 0.1924 0.3794 -0.0716 -0.884643 -0.007646 0.2 0.542747 0.569505 0 0.2 -0.00923764 -0.00923764 -0.0010506 -0.0102882 -0.0102882 
4.713 0.4853 0.1490 0.3816 -0.0743 -0.902963 -0.010190 0.2 0.516243 0.519684 0 0.2 -0.00799209 -0.00799209 -0.00152168 -0.00951377 -0.00951377 
4.723 0.4685 0.2153 0.3838 -0.0771 -0.918667 -0.012388 0.2 0.502625 0.503694 0 0.2 -0.00759235 -0.00759235 -0.00195678 -0.00954913 -0.00954913 
4.733 0.4737 0.1561 0.3859 -0.0799 -0.942222 -0.014397 0.2 0.525635 0.550087 0 0.2 -0.00875217 -0.00875217 -0.00240936 -0.0111615 -0.0111615 
4.743 0.4812 0.2274 0.3878 -0.0826 -0.963160 -0.015022 0.2 0.530071 0.560084 0 0.2 -0.0090021 -0.0090021 -0.00285899 -0.0118611 -0.0118611 
4.753 0.4926 0.1322 0.3896 -0.0852 -0.984098 -0.014789 0.2 0.523094 0.54762 0 0.2 -0.00869051 -0.00869051 -0.00330691 -0.0119974 -0.0119974 
4.763 0.5008 0.1773 0.3916 -0.0883 -1.005037 -0.013298 0.2 0.480285 0.459562 0 0.2 -0.00648906 -0.00648906 -0.00376839 -0.0102574 -0.0102574 
4.773 0.4950 0.1760 0.3933 -0.0911 -1.025975 -0.011948 0.2 0.440459 0.382913 0 0.2 -0.00457283 -0.00457283 -0.00422019 -0.00879302 -0.00879302 
4.783 0.5012 0.1073 0.3950 -0.0938 -1.046914 -0.011405 0.2 0.472111 0.451304 0 0.2 -0.0062826 -0.0062826 -0.00464167 -0.0109243 -0.0109243 
4.793 0.4949 0.1526 0.3966 -0.0967 -1.067853 -0.011497 0.2 0.455118 0.410817 0 0.2 -0.00527042 -0.00527042 -0.00511222 -0.0103826 -0.0103826 
4.803 0.5175 0.1629 0.3983 -0.0999 -1.088791 -0.010799 0.2 0.527058 0.551243 0 0.2 -0.00878107 -0.00878107 -0.00557688 -0.014358 -0.014358 
4.813 0.5138 0.1142 0.3998 -0.1028 -1.109730 -0.010756 0.2 0.537029 0.564721 0 0.2 -0.00911803 -0.00911803 -0.0060602 -0.0151782 -0.0151782 
4.823 0.5006 0.1247 0.4013 -0.1059 -1.133285 -0.011341 0.2 0.500815 0.489064 0 0.2 -0.0072266 -0.0072266 -0.00654672 -0.0137733 -0.0137733 
4.833 0.5084 0.2206 0.4027 -0.1090 -1.156841 -0.011688 0.2 0.551853 0.590037 0 0.2 -0.00975093 -0.00975093 -0.00702053 -0.0167715 -0.0167715 
4.843 0.5009 0.1280 0.4040 -0.1120 -1.177780 -0.012936 0.2 0.541992 0.568065 0 0.2 -0.00920163 -0.00920163 -0.00750284 -0.0167045 -0.0167045 
4.853 0.4860 0.2756 0.4053 -0.1154 -1.198718 -0.014500 0.2 0.534494 0.553224 0 0.2 -0.0088306 -0.0088306 -0.00797962 -0.0168102 -0.0168102 
4.863 0.4676 0.1433 0.4065 -0.1184 -1.219657 -0.016367 0.2 0.459999 0.416032 0 0.2 -0.0054008 -0.0054008 -0.00841481 -0.0138156 -0.0138156 
4.873 0.4605 0.1562 0.4075 -0.1215 -1.240595 -0.018692 0.2 0.454714 0.411792 0 0.2 -0.00529479 -0.00529479 -0.00884857 -0.0141434 -0.0141434 
4.883 0.4708 0.1001 0.4086 -0.1248 -1.258917 -0.019524 0.2 0.472111 0.447792 0 0.2 -0.00619479 -0.00619479 -0.00929345 -0.0154882 -0.0154882 
4.893 0.4813 0.1648 0.4097 -0.1281 -1.282472 -0.019185 0.2 0.512898 0.525958 0 0.2 -0.00814895 -0.00814895 -0.00975763 -0.0179066 -0.0179066 
4.903 0.4884 0.2505 0.4106 -0.1314 -1.300794 -0.019014 0.2 0.515287 0.533123 0 0.2 -0.00832807 -0.00832807 -0.0102018 -0.0185298 -0.0185298 
4.913 0.4877 0.1854 0.4114 -0.1345 -1.321732 -0.018638 0.2 0.508877 0.518347 0 0.2 -0.00795866 -0.00795866 -0.010664 -0.0186227 -0.0186227 
4.923 0.4819 0.1281 0.4123 -0.1379 -1.340054 -0.018647 0.2 0.506284 0.517389 0 0.2 -0.00793473 -0.00793473 -0.0111001 -0.0190348 -0.0190348 
4.933 0.4529 0.1963 0.4129 -0.1408 -1.363609 -0.020912 0.2 0.470218 0.466626 0 0.2 -0.00666564 -0.00666564 -0.0114693 -0.018135 -0.018135 
4.943 0.4497 0.2447 0.4135 -0.1436 -1.384548 -0.022663 0.2 0.436686 0.405199 0 0.2 -0.00512999 -0.00512999 -0.0118595 -0.0169895 -0.0169895 
4.953 0.4532 0.1826 0.4140 -0.1468 -1.405487 -0.023288 0.2 0.433729 0.397388 0 0.2 -0.00493469 -0.00493469 -0.0122719 -0.0172066 -0.0172066 
4.963 0.4722 0.2146 0.4145 -0.1498 -1.423808 -0.022722 0.2 0.49346 0.516826 0 0.2 -0.00792065 -0.00792065 -0.0126798 -0.0206004 -0.0206004 
4.973 0.4863 0.1117 0.4150 -0.1530 -1.444747 -0.021306 0.2 0.511873 0.544236 0 0.2 -0.0086059 -0.0086059 -0.0131307 -0.0217366 -0.0217366 
4.983 0.4880 0.2496 0.4153 -0.1561 -1.468303 -0.020104 0.2 0.506363 0.530578 0 0.2 -0.00826444 -0.00826444 -0.0135664 -0.0218309 -0.0218309 
4.993 0.4874 0.2165 0.4156 -0.1593 -1.489241 -0.019378 0.2 0.50265 0.521106 0 0.2 -0.00802765 -0.00802765 -0.0140021 -0.0220297 -0.0220297 
5.003 0.4715 0.1199 0.4158 -0.1623 -1.512797 -0.020275 0.2 0.506732 0.539064 0 0.2 -0.0084766 -0.0084766 -0.014393 -0.0228696 -0.0228696 
5.013 0.4784 0.0512 0.4160 -0.1654 -1.536353 -0.020817 0.2 0.510237 0.542914 0 0.2 -0.00857284 -0.00857284 -0.0148238 -0.0233967 -0.0233967 
5.023 0.4802 0.2113 0.4160 -0.1684 -1.559909 -0.020922 0.2 0.515178 0.54417 0 0.2 -0.00860425 -0.00860425 -0.0152785 -0.0238827 -0.0238827 
5.033 0.4802 0.1638 0.4160 -0.1716 -1.580847 -0.021392 0.2 0.509409 0.533203 0 0.2 -0.00833007 -0.00833007 -0.0157089 -0.024039 -0.024039 
5.043 0.4701 0.1914 0.4160 -0.1747 -1.604403 -0.021642 0.2 0.51147 0.538518 0 0.2 -0.00846296 -0.00846296 -0.0161355 -0.0245984 -0.0245984 
5.053 0.4713 0.2184 0.4158 -0.1779 -1.625342 -0.022654 0.2 0.50403 0.525124 0 0.2 -0.00812811 -0.00812811 -0.0165608 -0.0246889 -0.0246889 
5.063 0.4374 0.1507 0.4156 -0.1810 -1.643663 -0.024133 0.2 0.469583 0.460597 0 0.2 -0.00651493 -0.00651493 -0.016976 -0.0234909 -0.0234909 
5.073 0.4274 0.1538 0.4154 -0.1840 -1.667219 -0.027467 0.2 0.469878 0.476091 0 0.2 -0.00690229 -0.00690229 -0.0173434 -0.0242457 -0.0242457 
5.083 0.4161 0.0843 0.4151 -0.1870 -1.685541 -0.029877 0.2 0.422291 0.392419 0 0.2 -0.00481046 -0.00481046 -0.0176968 -0.0225073 -0.0225073 
5.093 0.4196 0.2161 0.4147 -0.1898 -1.706479 -0.031100 0.2 0.429974 0.411288 0 0.2 -0.00528221 -0.00528221 -0.0180661 -0.0233483 -0.0233483 
5.103 0.4336 0.2371 0.4143 -0.1927 -1.727418 -0.031154 0.2 0.478962 0.505998 0 0.2 -0.00764996 -0.00764996 -0.0184534 -0.0261033 -0.0261033 
5.113 0.4377 0.3227 0.4138 -0.1959 -1.743122 -0.030430 0.2 0.461482 0.471449 0 0.2 -0.00678623 -0.00678623 -0.0188344 -0.0256206 -0.0256206 
5.123 0.4115 0.2198 0.4132 -0.1990 -1.758826 -0.029878 0.2 0.453232 0.461105 0 0.2 -0.00652763 -0.00652763 -0.0191961 -0.0257237 -0.0257237 
5.133 0.3773 0.1722 0.4126 -0.2018 -1.774530 -0.032931 0.2 0.420758 0.409745 0 0.2 -0.00524364 -0.00524364 -0.0195192 -0.0247628 -0.0247628 
5.143 0.3501 0.1699 0.4120 -0.2046 -1.790234 -0.037079 0.2 0.395641 0.387186 0 0.2 -0.00467964 -0.00467964 -0.0197605 -0.0244402 -0.0244402 
5.153 0.3236 0.1237 0.4114 -0.2072 -1.803321 -0.040442 0.2 0.38543 0.379715 0 0.2 -0.00449287 -0.00449287 -0.0200162 -0.0245091 -0.0245091 
5.163 0.3300 0.2349 0.4108 -0.2097 -1.816408 -0.041795 0.2 0.375283 0.3762 0 0.2 -0.004405 -0.004405 -0.0202443 -0.0246493 -0.0246493 
5.173 0.3468 0.1408 0.4102 -0.2123 -1.829495 -0.041359 0.2 0.3189 0.27565 0 0.2 -0.00189124 -0.00189124 -0.0204627 -0.0223539 -0.0223539 
5.183 0.3501 0.2578 0.4095 -0.2148 -1.842582 -0.039933 0.2 0.388956 0.412624 0 0.2 -0.00531561 -0.00531561 -0.0207191 -0.0260347 -0.0260347 
5.193 0.3528 0.1633 0.4087 -0.2176 -1.853051 -0.038352 0.2 0.321088 0.276758 0 0.2 -0.00191894 -0.00191894 -0.020975 -0.0228939 -0.0228939 
5.203 0.3367 0.1535 0.4079 -0.2201 -1.866138 -0.037295 0.2 0.372184 0.379697 0 0.2 -0.00449244 -0.00449244 -0.0212225 -0.0257149 -0.0257149 
5.213 0.3322 0.1151 0.4073 -0.2222 -1.879225 -0.037217 0.2 0.35616 0.358682 0 0.2 -0.00396706 -0.00396706 -0.0214282 -0.0253953 -0.0253953 
5.223 0.3094 0.1463 0.4065 -0.2245 -1.894929 -0.037184 0.2 0.304689 0.2649 0 0.2 -0.00162251 -0.00162251 -0.0216242 -0.0232467 -0.0232467 
5.233 0.3179 0.2178 0.4057 -0.2270 -1.902781 -0.037309 0.2 0.314278 0.297243 0 0.2 -0.00243108 -0.00243108 -0.0217882 -0.0242193 -0.0242193 
5.243 0.3037 0.0971 0.4049 -0.2291 -1.915868 -0.037280 0.2 0.301724 0.264936 0 0.2 -0.00162339 -0.00162339 -0.022011 -0.0236344 -0.0236344 
5.253 0.3121 0.1272 0.4042 -0.2312 -1.928954 -0.037246 0.2 0.339553 0.35173 0 0.2 -0.00379326 -0.00379326 -0.0221766 -0.0259699 -0.0259699 
5.263 0.3030 0.1256 0.4032 -0.2337 -1.936807 -0.036683 0.2 0.307024 0.281502 0 0.2 -0.00203754 -0.00203754 -0.022386 -0.0244235 -0.0244235 
5.273 0.2927 0.1762 0.4025 -0.2356 -1.952511 -0.036945 0.2 0.28178 0.237018 0 0.2 -0.00092545 -0.00092545 -0.022565 -0.0234904 -0.0234904 
5.283 0.2790 0.1858 0.4016 -0.2378 -1.962980 -0.037666 0.2 0.273086 0.229456 0 0.2 -0.000736388 -0.000736388 -0.0227194 -0.0234558 -0.0234558 
5.293 0.2802 0.1086 0.4007 -0.2399 -1.970832 -0.037504 0.2 0.327922 0.349829 0 0.2 -0.00374573 -0.00374573 -0.0228488 -0.0265945 -0.0265945 
5.303 0.2952 0.1883 0.3998 -0.2420 -1.978684 -0.037037 0.2 0.320151 0.332799 0 0.2 -0.00331999 -0.00331999 -0.0230134 -0.0263333 -0.0263333 
5.313 0.2444 0.1913 0.3989 -0.2440 -1.986536 -0.036599 0.2 0.27898 0.259795 0 0.2 -0.00149488 -0.00149488 -0.0231399 -0.0246347 -0.0246347 
5.323 0.2455 0.0832 0.3981 -0.2459 -1.997006 -0.037326 0.2 0.251715 0.219392 0 0.2 -0.000484808 -0.000484808 -0.0232379 -0.0237227 -0.0237227 
5.333 0.2397 0.1837 0.3972 -0.2479 -2.004858 -0.037725 0.2 0.288467 0.298139 0 0.2 -0.00245347 -0.00245347 -0.023345 -0.0257985 -0.0257985 
5.343 0.2418 0.1646 0.3962 -0.2499 -2.012710 -0.037898 0.2 0.263123 0.257678 0 0.2 -0.00144195 -0.00144195 -0.023429 -0.0248709 -0.0248709 
5.353 0.2225 0.1726 0.3954 -0.2517 -2.017945 -0.037865 0.2 0.236641 0.209174 0 0.2 -0.000229361 -0.000229361 -0.0235163 -0.0237457 -0.0237457 
5.363 0.2408 0.1582 0.3945 -0.2536 -2.023179 -0.037538 0.2 0.253802 0.255131 0 0.2 -0.00137826 -0.00137826 -0.0235687 -0.0249469 -0.0249469 
5.373 0.2035 0.1689 0.3936 -0.2554 -2.028414 -0.036986 0.2 0.231729 0.218203 0 0.2 -0.00045508 -0.00045508 -0.0236228 -0.0240779 -0.0240779 
5.383 0.2095 0.1560 0.3928 -0.2570 -2.036266 -0.036725 0.2 0.208778 0.180624 0 0.2 0.000484398 0.000484398 -0.0236647 -0.0231803 -0.0231803 
5.393 0.2264 0.1373 0.3919 -0.2586 -2.038883 -0.036498 0.2 0.235536 0.244132 0 0.2 -0.00110331 -0.00110331 -0.0236808 -0.0247841 -0.0247841 
5.403 0.2138 0.1437 0.3910 -0.2605 -2.044118 -0.036222 0.2 0.230255 0.238458 0 0.2 -0.000961461 -0.000961461 -0.0237055 -0.0246669 -0.0246669 
5.413 0.2084 0.1365 0.3902 -0.2621 -2.046736 -0.035757 0.2 0.20983 0.202341 0 0.2 -5.85135e-05 -5.85135e-05 -0.0237246 -0.0237832 -0.0237832 
5.423 0.2090 0.1299 0.3894 -0.2635 -2.051970 -0.035505 0.2 0.217766 0.219387 0 0.2 -0.000484664 -0.000484664 -0.023746 -0.0242306 -0.0242306 
5.433 0.2020 0.1167 0.3887 -0.2650 -2.057205 -0.035561 0.2 0.190115 0.174079 0 0.2 0.000648023 0.000648023 -0.0237299 -0.0230819 -0.0230819 
5.443 0.2299 0.1227 0.3879 -0.2664 -2.062440 -0.034913 0.2 0.203234 0.198754 0 0.2 3.11594e-05 3.11594e-05 -0.0237489 -0.0237177 -0.0237177 
5.453 0.2634 0.0436 0.3872 -0.2678 -2.072909 -0.032036 0.2 0.258766 0.302449 0 0.2 -0.00256122 -0.00256122 -0.0237819 -0.0263432 -0.0263432 
5.463 0.2544 0.0429 0.3863 -0.2694 -2.080761 -0.028315 0.2 0.221941 0.21701 0 0.2 -0.000425261 -0.000425261 -0.0238561 -0.0242814 -0.0242814 
5.473 0.2394 0.0210 0.3857 -0.2705 -2.085996 -0.027933 0.2 0.200956 0.193915 0 0.2 0.000152131 0.000152131 -0.0238289 -0.0236768 -0.0236768 
5.483 0.2562 0.1363 0.3850 -0.2717 -2.099083 -0.027357 0.2 0.253603 0.282135 0 0.2 -0.00205337 -0.00205337 -0.0239048 -0.0259582 -0.0259582 
5.493 0.2699 -0.0207 0.3842 -0.2729 -2.112170 -0.026799 0.2 0.259228 0.283673 0 0.2 -0.00209182 -0.00209182 -0.0239794 -0.0260712 -0.0260712 
5.503 0.2825 -0.0315 0.3835 -0.2741 -2.130491 -0.023570 0.2 0.230719 0.213758 0 0.2 -0.000343962 -0.000343962 -0.0240843 -0.0244283 -0.0244283 
5.513 0.2785 0.0267 0.3827 -0.2753 -2.138343 -0.021553 0.2 0.240659 0.242586 0 0.2 -0.00106465 -0.00106465 -0.0241242 -0.0251888 -0.0251888 
5.523 0.2821 0.0232 0.3819 -0.2767 -2.154047 -0.020071 0.2 0.259774 0.258568 0 0.2 -0.00146419 -0.00146419 -0.0242653 -0.0257295 -0.0257295 
5.533 0.3037 0.0276 0.3811 -0.2779 -2.172369 -0.019167 0.2 0.30965 0.340657 0 0.2 -0.00351641 -0.00351641 -0.0244227 -0.0279391 -0.0279391 
5.543 0.2848 0.0591 0.3800 -0.2794 -2.185456 -0.019236 0.2 0.28503 0.290473 0 0.2 -0.00226182 -0.00226182 -0.0245473 -0.0268091 -0.0268091 
5.553 0.2687 -0.0438 0.3792 -0.2805 -2.203777 -0.021457 0.2 0.285147 0.293218 0 0.2 -0.00233046 -0.00233046 -0.024657 -0.0269875 -0.0269875 
5.563 0.2610 0.0268 0.3785 -0.2815 -2.219481 -0.023969 0.2 0.275435 0.276892 0 0.2 -0.00192231 -0.00192231 -0.0247628 -0.0266851 -0.0266851 
5.573 0.2467 0.0407 0.3775 -0.2828 -2.235185 -0.025714 0.2 0.268071 0.263284 0 0.2 -0.00158209 -0.00158209 -0.02487 -0.0264521 -0.0264521 
5.583 0.2504 0.0735 0.3767 -0.2837 -2.250890 -0.026601 0.2 0.2265 0.186426 0 0.2 0.000339349 0.000339349 -0.0249607 -0.0246214 -0.0246214 
5.593 0.2635 0.0797 0.3756 -0.2851 -2.263976 -0.026805 0.2 0.289729 0.310353 0 0.2 -0.00275882 -0.00275882 -0.0250662 -0.027825 -0.027825 
5.603 0.2713 0.0752 0.3745 -0.2864 -2.279680 -0.026353 0.2 0.274789 0.284449 0 0.2 -0.00211122 -0.00211122 -0.0251561 -0.0272673 -0.0272673 
5.613 0.2643 -0.0307 0.3734 -0.2876 -2.290150 -0.025892 0.2 0.265216 0.263106 0 0.2 -0.00157766 -0.00157766 -0.0252636 -0.0268413 -0.0268413 
5.623 0.2484 0.1551 0.3725 -0.2887 -2.308471 -0.026648 0.2 0.269347 0.26865 0 0.2 -0.00171625 -0.00171625 -0.0253824 -0.0270987 -0.0270987 
5.633 0.2220 0.1500 0.3714 -0.2899 -2.318941 -0.028016 0.2 0.223767 0.196695 0 0.2 8.26206e-05 8.26206e-05 -0.0254162 -0.0253335 -0.0253335 
5.643 0.1964 -0.0316 0.3704 -0.2909 -2.326793 -0.030830 0.2 0.23286 0.231922 0 0.2 -0.000798043 -0.000798043 -0.0254237 -0.0262217 -0.0262217 
5.653 0.1766 0.0765 0.3697 -0.2916 -2.339880 -0.034943 0.2 0.197917 0.185385 0 0.2 0.000365384 0.000365384 -0.0253873 -0.0250219 -0.0250219 
5.663 0.1837 0.0923 0.3689 -0.2925 -2.350349 -0.036930 0.2 0.18749 0.168095 0 0.2 0.000797629 0.000797629 -0.0253871 -0.0245895 -0.0245895 
5.673 0.2050 0.0980 0.3679 -0.2935 -2.358201 -0.036591 0.2 0.222581 0.233722 0 0.2 -0.000843052 -0.000843052 -0.0254155 -0.0262586 -0.0262586 
5.683 0.1696 0.1119 0.3670 -0.2944 -2.368671 -0.036361 0.2 0.186092 0.167176 0 0.2 0.000820601 0.000820601 -0.025413 -0.0245924 -0.0245924 
5.693 0.1850 0.0945 0.3660 -0.2954 -2.376523 -0.036153 0.2 0.188711 0.188319 0 0.2 0.000292023 0.000292023 -0.0253576 -0.0250656 -0.0250656 
5.703 0.1441 0.0973 0.3651 -0.2962 -2.381757 -0.035972 0.2 0.183819 0.187344 0 0.2 0.000316406 0.000316406 -0.0253067 -0.0249903 -0.0249903 
5.713 0.1158 0.0832 0.3644 -0.2969 -2.389610 -0.037480 0.2 0.139073 0.109687 0 0.2 0.00225783 0.00225783 -0.0252346 -0.0229767 -0.0229767 
5.723 0.1397 0.0657 0.3638 -0.2974 -2.394844 -0.037960 0.2 0.145791 0.146618 0 0.2 0.00133455 0.00133455 -0.0250927 -0.0237582 -0.0237582 
5.733 0.1266 0.0678 0.3629 -0.2983 -2.400079 -0.037769 0.2 0.128539 0.106452 0 0.2 0.0023387 0.0023387 -0.0250327 -0.022694 -0.022694 
5.743 0.1162 0.0472 0.3623 -0.2988 -2.405314 -0.037950 0.2 0.112209 0.0906852 0 0.2 0.00273287 0.00273287 -0.0248937 -0.0221609 -0.0221609 
5.753 0.1075 0.0600 0.3617 -0.2994 -2.410548 -0.037900 0.2 0.119032 0.115086 0 0.2 0.00212286 0.00212286 -0.0247487 -0.0226259 -0.0226259 
5.763 0.0842 0.0657 0.3612 -0.2998 -2.413166 -0.037691 0.2 0.109235 0.0949166 0 0.2 0.00262708 0.00262708 -0.0246341 -0.022007 -0.022007 
5.773 0.0919 0.0506 0.3606 -0.3003 -2.413166 -0.037199 0.2 0.0743 0.0489417 0 0.2 0.00377646 0.00377646 -0.0244308 -0.0206543 -0.0206543 
5.783 0.0981 0.0662 0.3602 -0.3007 -2.421018 -0.035793 0.2 0.119873 0.137973 0 0.2 0.00155068 0.00155068 -0.0242811 -0.0227304 -0.0227304 
5.793 0.0859 0.0688 0.3594 -0.3014 -2.423635 -0.034515 0.2 0.09404 0.0824744 0 0.2 0.00293814 0.00293814 -0.0241488 -0.0212106 -0.0212106 
5.803 0.1067 0.0438 0.3589 -0.3018 -2.421018 -0.033198 0.2 0.0788508 0.0663702 0 0.2 0.00334075 0.00334075 -0.0239526 -0.0206118 -0.0206118 
5.813 0.0970 0.0531 0.3585 -0.3022 -2.423635 -0.031992 0.2 0.0835336 0.0837506 0 0.2 0.00290624 0.00290624 -0.0237558 -0.0208496 -0.0208496 
5.823 0.0774 0.0565 0.3579 -0.3027 -2.428870 -0.031183 0.2 0.0847545 0.0751779 0 0.2 0.00312055 0.00312055 -0.0236233 -0.0205028 -0.0205028 
5.833 0.0727 0.0415 0.3576 -0.3030 -2.428870 -0.031223 0.2 0.0662746 0.0525228 0 0.2 0.00368693 0.00368693 -0.0234104 -0.0197235 -0.0197235 
5.843 0.0816 0.0200 0.3573 -0.3032 -2.434105 -0.031148 0.2 0.0562762 0.0465657 0 0.2 0.00383586 0.00383586 -0.0231745 -0.0193386 -0.0193386 
5.853 0.0736 0.0172 0.3571 -0.3034 -2.436722 -0.031052 0.2 0.0545765 0.0498083 0 0.2 0.00375479 0.00375479 -0.0229458 -0.019191 -0.019191 
5.863 0.0553 0.0311 0.3568 -0.3036 -2.441957 -0.030875 0.2 0.0672135 0.0724446 0 0.2 0.00318889 0.00318889 -0.0227414 -0.0195525 -0.0195525 
5.873 0.0786 0.0147 0.3566 -0.3038 -2.444574 -0.030431 0.2 0.0669588 0.0687344 0 0.2 0.00328164 0.00328164 -0.0225449 -0.0192632 -0.0192632 
5.883 0.0591 0.0300 0.3562 -0.3041 -2.447191 -0.029374 0.2 0.0581687 0.0587654 0 0.2 0.00353086 0.00353086 -0.0223122 -0.0187813 -0.0187813 
5.893 0.0517 0.0345 0.3560 -0.3043 -2.449809 -0.028307 0.2 0.050722 0.0451694 0 0.2 0.00387076 0.00387076 -0.0220925 -0.0182217 -0.0182217 
5.903 0.0526 0.0326 0.3557 -0.3045 -2.449809 -0.027164 0.2 0.0389454 0.0280466 0 0.2 0.00429883 0.00429883 -0.0218514 -0.0175526 -0.0175526 
5.913 0.0559 0.0329 0.3555 -0.3047 -2.452426 -0.025878 0.2 0.0367063 0.0306315 0 0.2 0.00423421 0.00423421 -0.0215964 -0.0173622 -0.0173622 
5.923 0.0584 0.0362 0.3552 -0.3049 -2.452426 -0.024562 0.2 0.0531193 0.0636821 0 0.2 0.00340795 0.00340795 -0.0213549 -0.0179469 -0.0179469 
5.933 0.0492 0.0282 0.3549 -0.3052 -2.457661 -0.023781 0.2 0.0676172 0.081692 0 0.2 0.0029577 0.0029577 -0.0211577 -0.0182 -0.0182 
5.943 0.0305 0.0250 0.3548 -0.3053 -2.455044 -0.023991 0.2 0.0393199 0.0224071 0 0.2 0.00443982 0.00443982 -0.0209502 -0.0165104 -0.0165104 
5.953 0.0106 0.0251 0.3546 -0.3054 -2.457661 -0.024380 0.2 0.0308356 0.0210375 0 0.2 0.00447406 0.00447406 -0.020672 -0.0161979 -0.0161979 
5.963 0.0009 0.0192 0.3544 -0.3056 -2.455044 -0.025086 0.2 0.0236387 0.0142003 0 0.2 0.00464499 0.00464499 -0.0204018 -0.0157568 -0.0157568 
5.973 0.0032 0.0061 0.3544 -0.3056 -2.455044 -0.025577 0.2 0.0205842 0.0158351 0 0.2 0.00460412 0.00460412 -0.0201189 -0.0155147 -0.0155147 
5.983 0.0034 0.0133 0.3544 -0.3056 -2.455044 -0.025140 0.2 0.0167259 0.0119317 0 0.2 0.00470171 0.00470171 -0.0198398 -0.0151381 -0.0151381 
5.993 0.0036 0.0130 0.3544 -0.3056 -2.455044 -0.024413 0.2 0.0118435 0.0071645 0 0.2 0.00482089 0.00482089 -0.0195504 -0.0147295 -0.0147295 
6.003 -0.0052 0.0054 0.3544 -0.3056 -2.455044 -0.024086 0.2 0.00916705 0.00582406 0 0.2 0.0048544 0.0048544 -0.0192571 -0.0144027 -0.0144027 
6.013 -0.0192 -0.0007 0.3544 -0.3056 -2.455044 -0.024364 0.2 0.00747768 0.00521555 0 0.2 0.00486961 0.00486961 -0.0189624 -0.0140927 -0.0140927 
6.023 -0.0118 -0.0187 0.3544 -0.3056 -2.455044 -0.024484 0.2 0.00631364 0.00476603 0 0.2 0.00488085 0.00488085 -0.0186669 -0.013786 -0.013786 
6.033 -0.0098 -0.0374 0.3544 -0.3056 -2.455044 -0.024728 0.2 0.00546343 0.00436937 0 0.2 0.00489077 0.00489077 -0.0183708 -0.01348 -0.01348 
6.043 -0.0279 -0.0438 0.3546 -0.3054 -2.457661 -0.025488 0.2 0.00417533 0.0031625 0 0.2 0.00492094 0.00492094 -0.0180724 -0.0131515 -0.0131515 
6.053 -0.0410 -0.0262 0.3548 -0.3053 -2.460278 -0.025797 0.2 0.00378572 0.00317091 0 0.2 0.00492073 0.00492073 -0.0177742 -0.0128535 -0.0128535 
6.063 -0.0563 -0.0353 0.3549 -0.3052 -2.457661 -0.025698 0.2 -0.00366579 -0.00777489 0 0.2 0.00519437 0.00519437 -0.0174635 -0.0122692 -0.0122692 
6.073 -0.0631 -0.0526 0.3549 -0.3052 -2.457661 -0.025879 0.2 -0.00366579 -0.00517618 0 0.2 0.0051294 0.0051294 -0.017151 -0.0120216 -0.0120216 
6.083 -0.0527 -0.0521 0.3552 -0.3049 -2.457661 -0.025827 0.2 -0.0127272 -0.0210905 0 0.2 0.00552726 0.00552726 -0.016837 -0.0113098 -0.0113098 
6.093 -0.0487 -0.0586 0.3555 -0.3047 -2.457661 -0.024715 0.2 -0.0250131 -0.0394424 0 0.2 0.00598606 0.00598606 -0.0165038 -0.0105177 -0.0105177 
6.103 -0.0473 -0.0632 0.3557 -0.3045 -2.460278 -0.023653 0.2 -0.0345567 -0.0480839 0 0.2 0.0062021 0.0062021 -0.0161449 -0.00994276 -0.00994276 
6.113 -0.0645 -0.0567 0.3560 -0.3043 -2.460278 -0.022925 0.2 -0.0332582 -0.0376752 0 0.2 0.00594188 0.00594188 -0.0157793 -0.00983742 -0.00983742 
6.123 -0.0761 -0.0528 0.3563 -0.3040 -2.460278 -0.022090 0.2 -0.0337774 -0.0357007 0 0.2 0.00589252 0.00589252 -0.0154209 -0.00952836 -0.00952836 
6.133 -0.0852 -0.0479 0.3567 -0.3038 -2.460278 -0.020862 0.2 -0.0344649 -0.0356106 0 0.2 0.00589027 0.00589027 -0.015064 -0.00917372 -0.00917372 
6.143 -0.0771 -0.0687 0.3570 -0.3035 -2.460278 -0.020007 0.2 -0.0412711 -0.046178 0 0.2 0.00615445 0.00615445 -0.0146997 -0.00854525 -0.00854525 
6.153 -0.0652 -0.0843 0.3573 -0.3033 -2.460278 -0.019504 0.2 -0.0492052 -0.0560723 0 0.2 0.00640181 0.00640181 -0.0143197 -0.00791787 -0.00791787 
6.163 -0.0892 -0.0677 0.3576 -0.3030 -2.460278 -0.018885 0.2 -0.040876 -0.0387365 0 0.2 0.00596841 0.00596841 -0.0139485 -0.00798013 -0.00798013 
6.173 -0.0802 -0.0831 0.3581 -0.3026 -2.457661 -0.018486 0.2 -0.0491608 -0.0563002 0 0.2 0.0064075 0.0064075 -0.0135851 -0.00717762 -0.00717762 
6.183 -0.0837 -0.0687 0.3585 -0.3022 -2.460278 -0.017126 0.2 -0.0534001 -0.0562752 0 0.2 0.00640688 0.00640688 -0.0131845 -0.00677761 -0.00677761 
6.193 -0.0856 -0.0758 0.3590 -0.3019 -2.457661 -0.016047 0.2 -0.0590923 -0.0633858 0 0.2 0.00658465 0.00658465 -0.012789 -0.00620438 -0.00620438 
6.203 -0.0942 -0.0812 0.3595 -0.3015 -2.460278 -0.015159 0.2 -0.0647372 -0.0723043 0 0.2 0.00680761 0.00680761 -0.012395 -0.00558737 -0.00558737 
6.213 -0.0889 -0.0796 0.3600 -0.3011 -2.457661 -0.014383 0.2 -0.0599454 -0.0562939 0 0.2 0.00640735 0.00640735 -0.0119805 -0.00557311 -0.00557311 
6.223 -0.0963 -0.0869 0.3604 -0.3007 -2.460278 -0.013838 0.2 -0.0485705 -0.0419218 0 0.2 0.00604804 0.00604804 -0.011613 -0.00556498 -0.00556498 
6.233 -0.0810 -0.0972 0.3609 -0.3003 -2.457661 -0.013412 0.2 -0.0655487 -0.0721099 0 0.2 0.00680275 0.00680275 -0.0112141 -0.00441132 -0.00441132 
6.243 -0.1016 -0.0726 0.3614 -0.2999 -2.460278 -0.012022 0.2 -0.0658181 -0.068027 0 0.2 0.00670067 0.00670067 -0.0108033 -0.00410267 -0.00410267 
6.253 -0.1005 -0.0856 0.3620 -0.2994 -2.460278 -0.011310 0.2 -0.0607413 -0.0603021 0 0.2 0.00650755 0.00650755 -0.0104137 -0.00390613 -0.00390613 
6.263 -0.0931 -0.0920 0.3625 -0.2990 -2.457661 -0.010381 0.2 -0.0612741 -0.0614885 0 0.2 0.00653721 0.00653721 -0.0100185 -0.00348131 -0.00348131 
6.273 -0.0883 -0.0974 0.3629 -0.2987 -2.460278 -0.010069 0.2 -0.0514755 -0.0459128 0 0.2 0.00614782 0.00614782 -0.00963693 -0.00348911 -0.00348911 
6.283 -0.1115 -0.0793 0.3636 -0.2981 -2.460278 -0.009303 0.2 -0.071777 -0.0772685 0 0.2 0.00693171 0.00693171 -0.00921194 -0.00228023 -0.00228023 
6.293 -0.0934 -0.0894 0.3640 -0.2978 -2.457661 -0.008471 0.2 -0.0593309 -0.0506712 0 0.2 0.00626678 0.00626678 -0.00880165 -0.00253487 -0.00253487 
6.303 -0.1011 -0.0749 0.3647 -0.2972 -2.457661 -0.006818 0.2 -0.0619999 -0.0616614 0 0.2 0.00654154 0.00654154 -0.00841862 -0.00187709 -0.00187709 
6.313 -0.1049 -0.0988 0.3653 -0.2967 -2.457661 -0.006539 0.2 -0.0683228 -0.073884 0 0.2 0.0068471 0.0068471 -0.00801917 -0.00117207 -0.00117207 
6.323 -0.1197 -0.0910 0.3659 -0.2962 -2.457661 -0.006297 0.2 -0.075045 -0.0782606 0 0.2 0.00695652 0.00695652 -0.00758772 -0.0006312 -0.0006312 
6.333 -0.1068 -0.0797 0.3666 -0.2957 -2.457661 -0.005726 0.2 -0.075119 -0.0734028 0 0.2 0.00683507 0.00683507 -0.00715744 -0.000322369 -0.000322369 
6.343 -0.1095 -0.0750 0.3670 -0.2953 -2.455044 -0.004563 0.2 -0.0383698 -0.0209653 0 0.2 0.00552413 0.00552413 -0.00681679 -0.00129266 -0.00129266 
6.353 -0.1203 -0.0940 0.3677 -0.2948 -2.455044 -0.004223 0.2 -0.0723123 -0.0949755 0 0.2 0.00737439 0.00737439 -0.00645543 0.000918957 0.000918957 
6.363 -0.1425 -0.0951 0.3684 -0.2942 -2.452426 -0.004685 0.2 -0.0956062 -0.118758 0 0.2 0.00796894 0.00796894 -0.00599081 0.00197813 0.00197813 
6.373 -0.1021 -0.0789 0.3691 -0.2937 -2.452426 -0.003474 0.2 -0.0596542 -0.0407464 0 0.2 0.00601866 0.00601866 -0.00555 0.000468663 0.000468663 
6.383 -0.1186 -0.0785 0.3695 -0.2933 -2.449809 -0.002368 0.2 -0.0627742 -0.0578153 0 0.2 0.00644538 0.00644538 -0.00517086 0.00127452 0.00127452 
6.393 -0.1237 -0.0912 0.3703 -0.2926 -2.447191 -0.002011 0.2 -0.0676365 -0.0668371 0 0.2 0.00667093 0.00667093 -0.00476266 0.00190826 0.00190826 
