%% logfile from robot Ella (8)
% Ella (8)
%  1    time 2.007 sec
%  2  3 Motor velocity ref left, right: -0.1957 -0.0125
%  4  5  6  7 Pose x,y,h,tilt [m,m,rad,rad]: 0.0168356 6.92813e-05 0.0026173 -0.0128566
%  8 17 ctrl bal vel, ref=0.4, m=0.00571908, m2=0.00524185, uf=0, r2=0.4, ep=0.0394758,up=0.0394758, ui=-0.0108281, u1=0.0286478, u=0.0286478
2.017 -0.1599 -0.0340 0.0158 0.0001 0.010469 -0.010456 0.4 -0.00509489 -0.01296 0 0.4 0.041296 0.041296 -0.00950178 0.0317942 0.0317942 
2.027 -0.1468 0.0518 0.0156 0.0001 0.013086 -0.001793 0.4 -0.00509489 -0.0061522 0 0.4 0.0406152 0.0406152 -0.00814012 0.0324751 0.0324751 
2.037 -0.1247 0.1025 0.0152 0.0001 0.023556 0.006592 0.4 0.022936 0.0367509 0 0.4 0.0363249 0.0363249 -0.00684444 0.0294805 0.0294805 
2.047 -0.1374 0.0526 0.0146 0.0000 0.031408 0.012037 0.4 0.022936 0.0247932 0 0.4 0.0375207 0.0375207 -0.00560749 0.0319132 0.0319132 
2.057 -0.1547 0.0585 0.0142 0.0000 0.041877 0.014881 0.4 0.0179306 0.0156674 0 0.4 0.0384333 0.0384333 -0.00434303 0.0340902 0.0340902 
2.067 -0.1010 0.0759 0.0138 0.0000 0.052346 0.019095 0.4 0.0454451 0.0618852 0 0.4 0.0338115 0.0338115 -0.00310708 0.0307044 0.0307044 
2.077 -0.1104 0.0842 0.0134 -0.0000 0.062815 0.023141 0.4 0.0609661 0.0683495 0 0.4 0.033165 0.033165 -0.00199464 0.0311704 0.0311704 
2.087 -0.1372 0.0692 0.0130 -0.0000 0.073284 0.024801 0.4 0.0452319 0.0428139 0 0.4 0.0357186 0.0357186 -0.000814259 0.0349044 0.0349044 
2.097 -0.1113 0.0858 0.0128 -0.0001 0.086371 0.026542 0.4 0.0775717 0.0873466 0 0.4 0.0312653 0.0312653 0.000266351 0.0315317 0.0315317 
2.107 -0.1326 0.0735 0.0124 -0.0001 0.096840 0.028414 0.4 0.0513714 0.0387956 0 0.4 0.0361204 0.0361204 0.00138635 0.0375068 0.0375068 
2.117 -0.1087 0.0621 0.0122 -0.0001 0.109926 0.030078 0.4 0.0539556 0.0548702 0 0.4 0.034513 0.034513 0.00256972 0.0370827 0.0370827 
2.127 -0.0979 0.0773 0.0120 -0.0001 0.117778 0.032728 0.4 0.0576234 0.0589689 0 0.4 0.0341031 0.0341031 0.00371108 0.0378142 0.0378142 
2.137 -0.0934 0.0777 0.0120 -0.0001 0.128248 0.035087 0.4 0.0554692 0.0551403 0 0.4 0.034486 0.034486 0.00485849 0.0393445 0.0393445 
2.147 -0.0944 0.0539 0.0116 -0.0002 0.138717 0.036459 0.4 0.05023 0.0471196 0 0.4 0.035288 0.035288 0.00601575 0.0413038 0.0413038 
2.157 -0.0855 0.0446 0.0114 -0.0002 0.146569 0.037194 0.4 0.0506102 0.050347 0 0.4 0.0349653 0.0349653 0.0071852 0.0421505 0.0421505 
2.167 -0.0972 0.0483 0.0112 -0.0003 0.154421 0.038050 0.4 0.0481995 0.04749 0 0.4 0.035251 0.035251 0.00835823 0.0436092 0.0436092 
2.177 -0.0927 0.0286 0.0110 -0.0003 0.162272 0.038655 0.4 0.0402744 0.0381307 0 0.4 0.0361869 0.0361869 0.00955968 0.0457466 0.0457466 
2.187 -0.0764 0.0255 0.0106 -0.0004 0.167507 0.040412 0.4 0.0255564 0.0172711 0 0.4 0.0382729 0.0382729 0.0107895 0.0490624 0.0490624 
2.197 -0.0742 0.0402 0.0104 -0.0004 0.175359 0.043164 0.4 0.0161064 0.0117211 0 0.4 0.0388279 0.0388279 0.0120789 0.0509068 0.0509068 
2.207 -0.0666 0.0528 0.0102 -0.0004 0.177976 0.046016 0.4 0.0161064 0.0155169 0 0.4 0.0384483 0.0384483 0.0133649 0.0518132 0.0518132 
2.217 -0.0522 0.0683 0.0100 -0.0005 0.185828 0.049168 0.4 0.0273493 0.0310174 0 0.4 0.0368983 0.0368983 0.0146123 0.0515105 0.0515105 
2.227 -0.0956 0.0907 0.0100 -0.0005 0.191063 0.051499 0.4 0.0288912 0.0305312 0 0.4 0.0369469 0.0369469 0.0158477 0.0527946 0.0527946 
2.237 -0.0443 0.0478 0.0098 -0.0005 0.193680 0.052920 0.4 0.0288912 0.0291117 0 0.4 0.0370888 0.0370888 0.0170824 0.0541712 0.0541712 
2.247 -0.0574 0.0564 0.0096 -0.0005 0.201532 0.054346 0.4 0.0307625 0.0311338 0 0.4 0.0368866 0.0368866 0.0183112 0.0551978 0.0551978 
2.257 -0.0484 0.0523 0.0098 -0.0005 0.204149 0.055463 0.4 0.0312312 0.0314374 0 0.4 0.0368563 0.0368563 0.0195401 0.0563964 0.0563964 
2.267 -0.0211 0.0267 0.0098 -0.0005 0.209384 0.056409 0.4 0.0454869 0.0494024 0 0.4 0.0350598 0.0350598 0.0207209 0.0557806 0.0557806 
2.277 -0.0420 0.0411 0.0098 -0.0005 0.214618 0.056988 0.4 0.0347416 0.0323237 0 0.4 0.0367676 0.0367676 0.0219334 0.058701 0.058701 
2.287 -0.0221 0.0270 0.0100 -0.0005 0.217236 0.058102 0.4 0.0290637 0.0251059 0 0.4 0.0374894 0.0374894 0.0231621 0.0606516 0.0606516 
2.297 -0.0197 0.0443 0.0098 -0.0005 0.219853 0.059862 0.4 0.0290637 0.0285317 0 0.4 0.0371468 0.0371468 0.0244043 0.0615511 0.0615511 
2.307 -0.0348 0.0764 0.0100 -0.0005 0.222470 0.062190 0.4 0.029958 0.030086 0 0.4 0.0369914 0.0369914 0.0256381 0.0626295 0.0626295 
2.317 0.0136 0.0422 0.0100 -0.0005 0.222470 0.064548 0.4 0.0231812 0.0186572 0 0.4 0.0381343 0.0381343 0.02688 0.0650143 0.0650143 
2.327 0.0023 0.0648 0.0102 -0.0004 0.225088 0.067376 0.4 0.0185102 0.0169128 0 0.4 0.0383087 0.0383087 0.0281611 0.0664698 0.0664698 
2.337 -0.0149 0.0830 0.0102 -0.0004 0.225088 0.069201 0.4 0.0185102 0.0182954 0 0.4 0.0381705 0.0381705 0.029435 0.0676055 0.0676055 
2.347 0.0016 0.0761 0.0106 -0.0003 0.225088 0.071251 0.4 0.0218304 0.022707 0 0.4 0.0377293 0.0377293 0.0306957 0.068425 0.068425 
2.357 0.0376 0.0548 0.0108 -0.0003 0.227705 0.072855 0.4 0.0327823 0.0373618 0 0.4 0.0362638 0.0362638 0.0319278 0.0681916 0.0681916 
2.367 0.0570 0.0840 0.0112 -0.0002 0.232940 0.074698 0.4 0.0698176 0.088434 0 0.4 0.0311566 0.0311566 0.0330612 0.0642178 0.0642178 
2.377 0.0457 0.0536 0.0116 -0.0001 0.232940 0.075338 0.4 0.0555264 0.0523793 0 0.4 0.0347621 0.0347621 0.0341717 0.0689338 0.0689338 
2.387 0.0534 0.0565 0.0117 -0.0000 0.235557 0.075377 0.4 0.0471071 0.0441083 0 0.4 0.0355892 0.0355892 0.0353509 0.0709401 0.0709401 
2.397 0.0872 0.0809 0.0123 0.0001 0.238174 0.077565 0.4 0.0632012 0.0681767 0 0.4 0.0331823 0.0331823 0.0364783 0.0696606 0.0696606 
2.407 0.0439 0.1017 0.0127 0.0002 0.238174 0.078831 0.4 0.0526761 0.0493954 0 0.4 0.0350605 0.0350605 0.037622 0.0726825 0.0726825 
2.417 0.1023 0.0719 0.0131 0.0003 0.238174 0.080723 0.4 0.0441756 0.0411012 0 0.4 0.0358899 0.0358899 0.0388109 0.0747008 0.0747008 
2.427 0.1135 0.0899 0.0137 0.0004 0.240791 0.082432 0.4 0.0710671 0.0775295 0 0.4 0.0322471 0.0322471 0.0399023 0.0721493 0.0721493 
2.437 0.0815 0.0867 0.0145 0.0006 0.240791 0.082757 0.4 0.0653091 0.0589395 0 0.4 0.0341061 0.0341061 0.0409762 0.0750822 0.0750822 
2.447 0.1178 0.0823 0.0149 0.0007 0.240791 0.083230 0.4 0.0681816 0.0687742 0 0.4 0.0331226 0.0331226 0.0420956 0.0752182 0.0752182 
2.457 0.1196 0.0845 0.0157 0.0009 0.240791 0.083819 0.4 0.0735723 0.0732308 0 0.4 0.0326769 0.0326769 0.0431661 0.0758431 0.0758431 
2.467 0.1433 0.0902 0.0165 0.0011 0.240791 0.084586 0.4 0.0826529 0.0843543 0 0.4 0.0315646 0.0315646 0.0442163 0.0757808 0.0757808 
2.477 0.1600 0.1048 0.0175 0.0014 0.238174 0.086039 0.4 0.105372 0.120111 0 0.4 0.0279889 0.0279889 0.0452351 0.0732239 0.0732239 
2.487 0.1431 0.0934 0.0183 0.0015 0.238174 0.085772 0.4 0.110411 0.114719 0 0.4 0.0285281 0.0285281 0.0461866 0.0747146 0.0747146 
2.497 0.1691 0.0835 0.0190 0.0017 0.232940 0.085950 0.4 0.0927589 0.0872423 0 0.4 0.0312758 0.0312758 0.0472062 0.078482 0.078482 
2.507 0.1870 0.1266 0.0200 0.0020 0.230322 0.087714 0.4 0.133953 0.145204 0 0.4 0.0254796 0.0254796 0.048099 0.0735786 0.0735786 
2.517 0.2089 0.1129 0.0212 0.0022 0.225088 0.087641 0.4 0.159552 0.1755 0 0.4 0.02245 0.02245 0.0489153 0.0713652 0.0713652 
2.527 0.1797 0.0871 0.0224 0.0025 0.225088 0.087160 0.4 0.11607 0.0965087 0 0.4 0.0303491 0.0303491 0.0497901 0.0801392 0.0801392 
2.537 0.2181 0.1026 0.0234 0.0027 0.217236 0.087085 0.4 0.161808 0.159744 0 0.4 0.0240256 0.0240256 0.0505396 0.0745652 0.0745652 
2.547 0.2056 0.0868 0.0248 0.0030 0.214618 0.086695 0.4 0.133239 0.110333 0 0.4 0.0289667 0.0289667 0.0513509 0.0803176 0.0803176 
2.557 0.2390 0.1197 0.0262 0.0033 0.206767 0.086139 0.4 0.201289 0.222653 0 0.4 0.0177347 0.0177347 0.0520563 0.0697911 0.0697911 
2.567 0.2395 0.1297 0.0278 0.0037 0.201532 0.086651 0.4 0.192795 0.187975 0 0.4 0.0212025 0.0212025 0.0526875 0.07389 0.07389 
2.577 0.2313 0.1065 0.0287 0.0039 0.193680 0.085597 0.4 0.191732 0.195988 0 0.4 0.0204012 0.0204012 0.0534153 0.0738165 0.0738165 
2.587 0.2741 0.1401 0.0303 0.0042 0.188445 0.085746 0.4 0.234498 0.258187 0 0.4 0.0141813 0.0141813 0.0540169 0.0681981 0.0681981 
2.597 0.2088 0.1190 0.0317 0.0044 0.180594 0.084525 0.4 0.18239 0.162784 0 0.4 0.0237216 0.0237216 0.0546779 0.0783995 0.0783995 
2.607 0.2796 0.1235 0.0335 0.0048 0.172742 0.084876 0.4 0.223208 0.211969 0 0.4 0.0188031 0.0188031 0.05517 0.0739731 0.0739731 
2.617 0.2477 0.1114 0.0351 0.0050 0.162272 0.083877 0.4 0.217942 0.205971 0 0.4 0.0194029 0.0194029 0.0557352 0.0751381 0.0751381 
2.627 0.2663 0.1069 0.0369 0.0053 0.154421 0.081772 0.4 0.236153 0.245292 0 0.4 0.0154708 0.0154708 0.0563095 0.0717803 0.0717803 
2.637 0.2798 0.1315 0.0385 0.0055 0.143951 0.081676 0.4 0.248471 0.239286 0 0.4 0.0160714 0.0160714 0.0567314 0.0728028 0.0728028 
2.647 0.2867 0.1311 0.0406 0.0058 0.133482 0.081800 0.4 0.259567 0.248134 0 0.4 0.0151866 0.0151866 0.0571159 0.0723025 0.0723025 
2.657 0.2900 0.1223 0.0422 0.0060 0.123013 0.080461 0.4 0.26813 0.291846 0 0.4 0.0108154 0.0108154 0.0576988 0.0685141 0.0685141 
2.667 0.2997 0.1501 0.0442 0.0063 0.112544 0.080617 0.4 0.284256 0.28452 0 0.4 0.011548 0.011548 0.0580093 0.0695573 0.0695573 
2.677 0.3076 0.1237 0.0462 0.0065 0.102075 0.080633 0.4 0.271449 0.276193 0 0.4 0.0123807 0.0123807 0.058457 0.0708378 0.0708378 
2.687 0.2911 0.1310 0.0480 0.0067 0.088988 0.079634 0.4 0.262061 0.252151 0 0.4 0.0147849 0.0147849 0.0588868 0.0736716 0.0736716 
2.697 0.3430 0.1562 0.0502 0.0069 0.081136 0.080464 0.4 0.314025 0.336319 0 0.4 0.00636806 0.00636806 0.0592194 0.0655875 0.0655875 
2.707 0.2709 0.1156 0.0523 0.0070 0.070667 0.079616 0.4 0.239646 0.193288 0 0.4 0.0206712 0.0206712 0.0595895 0.0802607 0.0802607 
2.717 0.3197 0.1649 0.0543 0.0071 0.060198 0.079075 0.4 0.314959 0.334114 0 0.4 0.00658856 0.00658856 0.0599435 0.0665321 0.0665321 
2.727 0.3512 0.1916 0.0565 0.0073 0.047111 0.080066 0.4 0.340277 0.368823 0 0.4 0.0031177 0.0031177 0.0602195 0.0633372 0.0633372 
2.737 0.3130 0.1496 0.0587 0.0074 0.039259 0.079850 0.4 0.297611 0.297296 0 0.4 0.0102704 0.0102704 0.0605741 0.0708445 0.0708445 
2.747 0.3071 0.2005 0.0608 0.0074 0.028790 0.079002 0.4 0.31549 0.340233 0 0.4 0.00597666 0.00597666 0.0609687 0.0669454 0.0669454 
2.757 0.3770 0.1964 0.0634 0.0075 0.020938 0.080145 0.4 0.34219 0.36727 0 0.4 0.00327296 0.00327296 0.0611941 0.064467 0.064467 
2.767 0.3206 0.1925 0.0656 0.0075 0.007852 0.080112 0.4 0.319057 0.333905 0 0.4 0.00660948 0.00660948 0.0615213 0.0681307 0.0681307 
2.777 0.3619 0.2243 0.0683 0.0075 -0.000000 0.080690 0.4 0.339375 0.35751 0 0.4 0.00424897 0.00424897 0.0617522 0.0660011 0.0660011 
2.787 0.3017 0.1559 0.0705 0.0075 -0.007852 0.080583 0.4 0.26204 0.217791 0 0.4 0.0182209 0.0182209 0.0620541 0.080275 0.080275 
2.797 0.3242 0.2193 0.0729 0.0075 -0.018321 0.080086 0.4 0.314908 0.317641 0 0.4 0.00823589 0.00823589 0.0623471 0.070583 0.070583 
2.807 0.3564 0.1945 0.0756 0.0074 -0.026173 0.081184 0.4 0.307092 0.28908 0 0.4 0.011092 0.011092 0.0625451 0.0736371 0.0736371 
2.817 0.3038 0.2118 0.0782 0.0074 -0.034025 0.079685 0.4 0.287666 0.268912 0 0.4 0.0131088 0.0131088 0.0628925 0.0760013 0.0760013 
2.827 0.3480 0.2271 0.0808 0.0073 -0.041877 0.080754 0.4 0.313742 0.294512 0 0.4 0.0105488 0.0105488 0.0630713 0.0736201 0.0736201 
2.837 0.3251 0.1868 0.0837 0.0071 -0.047111 0.080377 0.4 0.266217 0.219603 0 0.4 0.0180397 0.0180397 0.063373 0.0814128 0.0814128 
2.847 0.3332 0.2283 0.0863 0.0070 -0.054963 0.080094 0.4 0.313863 0.299484 0 0.4 0.0100516 0.0100516 0.0636141 0.0736657 0.0736657 
2.857 0.3608 0.2400 0.0891 0.0068 -0.060198 0.081033 0.4 0.324372 0.304529 0 0.4 0.00954714 0.00954714 0.0637485 0.0732956 0.0732956 
2.867 0.3455 0.2419 0.0918 0.0067 -0.068050 0.079796 0.4 0.310718 0.302644 0 0.4 0.00973564 0.00973564 0.064075 0.0738106 0.0738106 
2.877 0.4041 0.2824 0.0948 0.0064 -0.075902 0.080985 0.4 0.376866 0.409862 0 0.4 -0.000986186 -0.000986186 0.0642212 0.063235 0.063235 
2.887 0.3469 0.2465 0.0976 0.0062 -0.081136 0.080434 0.4 0.326044 0.319699 0 0.4 0.00803009 0.00803009 0.0644243 0.0724544 0.0724544 
2.897 0.3831 0.3007 0.1007 0.0060 -0.088988 0.079996 0.4 0.376386 0.41081 0 0.4 -0.00108102 -0.00108102 0.064622 0.063541 0.063541 
2.907 0.3822 0.2798 0.1037 0.0057 -0.091605 0.081234 0.4 0.352192 0.358592 0 0.4 0.00414083 0.00414083 0.064775 0.0689159 0.0689159 
2.917 0.3939 0.2870 0.1069 0.0054 -0.096840 0.080761 0.4 0.370414 0.388766 0 0.4 0.00112338 0.00112338 0.0649451 0.0660685 0.0660685 
2.927 0.3563 0.3309 0.1100 0.0051 -0.099457 0.081507 0.4 0.354371 0.366002 0 0.4 0.00339979 0.00339979 0.0651527 0.0685524 0.0685524 
2.937 0.3897 0.3016 0.1130 0.0048 -0.102075 0.080206 0.4 0.368927 0.394538 0 0.4 0.000546208 0.000546208 0.0653612 0.0659075 0.0659075 
2.947 0.3423 0.3027 0.1162 0.0044 -0.107309 0.080657 0.4 0.317538 0.278865 0 0.4 0.0121135 0.0121135 0.0654656 0.0775791 0.0775791 
2.957 0.3685 0.3094 0.1194 0.0041 -0.112544 0.079605 0.4 0.357651 0.36566 0 0.4 0.00343399 0.00343399 0.0656451 0.0690791 0.0690791 
2.967 0.3739 0.3460 0.1229 0.0037 -0.115161 0.080226 0.4 0.369164 0.367679 0 0.4 0.00323214 0.00323214 0.0657221 0.0689543 0.0689543 
2.977 0.3862 0.3246 0.1263 0.0033 -0.117778 0.080573 0.4 0.373899 0.380667 0 0.4 0.00193327 0.00193327 0.0658147 0.0677479 0.0677479 
2.987 0.3452 0.3747 0.1297 0.0029 -0.120396 0.080403 0.4 0.349851 0.330064 0 0.4 0.00699358 0.00699358 0.0659219 0.0729155 0.0729155 
2.997 0.3815 0.3498 0.1331 0.0024 -0.123013 0.080183 0.4 0.36995 0.376229 0 0.4 0.00237712 0.00237712 0.0660302 0.0684073 0.0684073 
3.007 0.4510 0.3412 0.1368 0.0020 -0.128248 0.079658 0.4 0.416457 0.442985 0 0.4 -0.00429853 -0.00429853 0.0660379 0.0617394 0.0617394 
3.017 0.3750 0.3163 0.1402 0.0015 -0.130865 0.078882 0.4 0.347104 0.308939 0 0.4 0.00910614 0.00910614 0.0660871 0.0751932 0.0751932 
3.027 0.4135 0.3342 0.1440 0.0010 -0.133482 0.077950 0.4 0.392278 0.395565 0 0.4 0.000443491 0.000443491 0.0661415 0.066585 0.066585 
3.037 0.3894 0.3403 0.1476 0.0005 -0.133482 0.078010 0.4 0.359673 0.321014 0 0.4 0.00789865 0.00789865 0.0661079 0.0740066 0.0740066 
3.047 0.4520 0.3692 0.1514 0.0000 -0.141334 0.077327 0.4 0.426079 0.442236 0 0.4 -0.00422362 -0.00422362 0.0660812 0.0618576 0.0618576 
3.057 0.4028 0.3298 0.1552 -0.0005 -0.143951 0.076286 0.4 0.357914 0.309345 0 0.4 0.00906553 0.00906553 0.0660499 0.0751155 0.0751155 
3.067 0.3924 0.4097 0.1591 -0.0011 -0.146569 0.075991 0.4 0.411806 0.403013 0 0.4 -0.000301275 -0.000301275 0.065974 0.0656727 0.0656727 
3.077 0.4295 0.3218 0.1629 -0.0017 -0.149186 0.075293 0.4 0.37691 0.33889 0 0.4 0.00611098 0.00611098 0.0659082 0.0720192 0.0720192 
3.087 0.4584 0.4152 0.1669 -0.0023 -0.154421 0.074589 0.4 0.467554 0.505863 0 0.4 -0.0105863 -0.0105863 0.0658136 0.0552273 0.0552273 
3.097 0.4078 0.4189 0.1707 -0.0029 -0.157038 0.073441 0.4 0.427389 0.436277 0 0.4 -0.00362771 -0.00362771 0.0657645 0.0621367 0.0621367 
3.107 0.4059 0.4011 0.1745 -0.0035 -0.159655 0.073232 0.4 0.404119 0.371221 0 0.4 0.00287788 0.00287788 0.0656045 0.0684824 0.0684824 
3.117 0.4453 0.4240 0.1787 -0.0042 -0.162272 0.072616 0.4 0.449986 0.473076 0 0.4 -0.00730763 -0.00730763 0.0655397 0.058232 0.058232 
3.127 0.4216 0.4564 0.1827 -0.0048 -0.162272 0.073308 0.4 0.443105 0.460114 0 0.4 -0.00601138 -0.00601138 0.0654541 0.0594427 0.0594427 
3.137 0.4612 0.4368 0.1867 -0.0055 -0.167507 0.073123 0.4 0.46227 0.491697 0 0.4 -0.00916971 -0.00916971 0.0653484 0.0561787 0.0561787 
3.147 0.4464 0.4281 0.1909 -0.0062 -0.164890 0.073290 0.4 0.435066 0.436291 0 0.4 -0.00362906 -0.00362906 0.0652203 0.0615913 0.0615913 
3.157 0.4129 0.4635 0.1951 -0.0069 -0.167507 0.072660 0.4 0.436803 0.435744 0 0.4 -0.00357438 -0.00357438 0.0651015 0.0615271 0.0615271 
3.167 0.4609 0.4475 0.1995 -0.0077 -0.167507 0.072869 0.4 0.45937 0.466245 0 0.4 -0.00662448 -0.00662448 0.0648955 0.058271 0.058271 
3.177 0.4511 0.4621 0.2039 -0.0084 -0.167507 0.071596 0.4 0.465854 0.477028 0 0.4 -0.00770284 -0.00770284 0.0647108 0.057008 0.057008 
3.187 0.4376 0.4137 0.2079 -0.0091 -0.167507 0.069876 0.4 0.427764 0.404578 0 0.4 -0.000457808 -0.000457808 0.0645373 0.0640795 0.0640795 
3.197 0.4904 0.4438 0.2125 -0.0099 -0.164890 0.069165 0.4 0.476501 0.484173 0 0.4 -0.00841728 -0.00841728 0.0642841 0.0558669 0.0558669 
3.207 0.4659 0.4649 0.2169 -0.0106 -0.170124 0.068366 0.4 0.485942 0.50209 0 0.4 -0.010209 -0.010209 0.0640547 0.0538457 0.0538457 
3.217 0.4590 0.4580 0.2215 -0.0114 -0.167507 0.068811 0.4 0.449425 0.42882 0 0.4 -0.00288201 -0.00288201 0.0638207 0.0609387 0.0609387 
3.227 0.4502 0.4858 0.2259 -0.0121 -0.167507 0.067466 0.4 0.473143 0.479425 0 0.4 -0.00794248 -0.00794248 0.0636152 0.0556727 0.0556727 
3.237 0.4820 0.4199 0.2305 -0.0129 -0.164890 0.067089 0.4 0.446908 0.414157 0 0.4 -0.00141568 -0.00141568 0.0633151 0.0618995 0.0618995 
3.247 0.4711 0.4848 0.2351 -0.0137 -0.167507 0.066370 0.4 0.481045 0.478251 0 0.4 -0.00782509 -0.00782509 0.0630387 0.0552136 0.0552136 
3.257 0.4879 0.4759 0.2397 -0.0144 -0.164890 0.064954 0.4 0.504631 0.525023 0 0.4 -0.0125023 -0.0125023 0.0627478 0.0502455 0.0502455 
3.267 0.4874 0.4950 0.2445 -0.0152 -0.164890 0.064176 0.4 0.509916 0.528299 0 0.4 -0.0128299 -0.0128299 0.062423 0.049593 0.049593 
3.277 0.4991 0.4763 0.2491 -0.0160 -0.162272 0.062049 0.4 0.50718 0.523949 0 0.4 -0.0123949 -0.0123949 0.062129 0.0497341 0.0497341 
3.287 0.5005 0.4739 0.2539 -0.0168 -0.162272 0.062543 0.4 0.484491 0.472436 0 0.4 -0.00724355 -0.00724355 0.0617851 0.0545416 0.0545416 
3.297 0.4596 0.4702 0.2585 -0.0175 -0.164890 0.061962 0.4 0.450277 0.405839 0 0.4 -0.000583926 -0.000583926 0.0614786 0.0608947 0.0608947 
3.307 0.4954 0.4792 0.2633 -0.0183 -0.159655 0.060111 0.4 0.503508 0.502189 0 0.4 -0.0102189 -0.0102189 0.0611084 0.0508895 0.0508895 
3.317 0.5176 0.5267 0.2683 -0.0191 -0.162272 0.059939 0.4 0.532943 0.549124 0 0.4 -0.0149124 -0.0149124 0.0606979 0.0457855 0.0457855 
3.327 0.4625 0.5356 0.2731 -0.0199 -0.157038 0.059598 0.4 0.500609 0.492202 0 0.4 -0.00922023 -0.00922023 0.0603429 0.0511227 0.0511227 
3.337 0.5127 0.5750 0.2779 -0.0207 -0.157038 0.059486 0.4 0.568313 0.609653 0 0.4 -0.0209653 -0.0209653 0.0598998 0.0389346 0.0389346 
3.347 0.4925 0.5238 0.2834 -0.0215 -0.154421 0.059457 0.4 0.512196 0.490224 0 0.4 -0.00902238 -0.00902238 0.0594316 0.0504092 0.0504092 
3.357 0.4785 0.5764 0.2882 -0.0223 -0.149186 0.057535 0.4 0.554177 0.569279 0 0.4 -0.0169279 -0.0169279 0.0589738 0.0420459 0.0420459 
3.367 0.4670 0.5682 0.2934 -0.0231 -0.149186 0.056762 0.4 0.530591 0.514593 0 0.4 -0.0114593 -0.0114593 0.0584766 0.0470173 0.0470173 
3.377 0.4866 0.5983 0.2986 -0.0238 -0.143951 0.056040 0.4 0.568479 0.574142 0 0.4 -0.0174142 -0.0174142 0.0579129 0.0404987 0.0404987 
3.387 0.4886 0.6081 0.3040 -0.0246 -0.136099 0.055164 0.4 0.586456 0.591935 0 0.4 -0.0191935 -0.0191935 0.0572824 0.0380889 0.0380889 
3.397 0.4947 0.6231 0.3094 -0.0253 -0.133482 0.053390 0.4 0.613081 0.641175 0 0.4 -0.0241175 -0.0241175 0.0566676 0.0325501 0.0325501 
3.407 0.4982 0.5254 0.3149 -0.0261 -0.125630 0.051514 0.4 0.548897 0.49273 0 0.4 -0.00927304 -0.00927304 0.0559509 0.0466779 0.0466779 
3.417 0.4888 0.6112 0.3203 -0.0267 -0.117778 0.049469 0.4 0.617984 0.633701 0 0.4 -0.0233701 -0.0233701 0.0552982 0.0319281 0.0319281 
3.427 0.4265 0.5984 0.3258 -0.0273 -0.109926 0.047133 0.4 0.550014 0.489452 0 0.4 -0.00894524 -0.00894524 0.054577 0.0456318 0.0456318 
3.437 0.4686 0.5751 0.3312 -0.0279 -0.102075 0.044402 0.4 0.577242 0.546159 0 0.4 -0.0146159 -0.0146159 0.0539064 0.0392905 0.0392905 
3.447 0.4885 0.6015 0.3367 -0.0285 -0.094223 0.043062 0.4 0.603168 0.593268 0 0.4 -0.0193268 -0.0193268 0.0531868 0.03386 0.03386 
3.457 0.4980 0.6306 0.3423 -0.0290 -0.088988 0.041817 0.4 0.636237 0.644739 0 0.4 -0.0244739 -0.0244739 0.0523956 0.0279218 0.0279218 
3.467 0.4826 0.5881 0.3478 -0.0294 -0.081136 0.040144 0.4 0.600712 0.580929 0 0.4 -0.0180929 -0.0180929 0.0516825 0.0335896 0.0335896 
3.477 0.5387 0.5682 0.3534 -0.0299 -0.070667 0.038562 0.4 0.624124 0.621683 0 0.4 -0.0221683 -0.0221683 0.0509488 0.0287805 0.0287805 
3.487 0.4834 0.6352 0.3591 -0.0303 -0.065432 0.037295 0.4 0.62217 0.630944 0 0.4 -0.0230944 -0.0230944 0.0502555 0.027161 0.027161 
3.497 0.5156 0.5983 0.3646 -0.0306 -0.057580 0.035828 0.4 0.622409 0.631076 0 0.4 -0.0231076 -0.0231076 0.0495447 0.0264371 0.0264371 
3.507 0.4821 0.6219 0.3702 -0.0309 -0.052346 0.035158 0.4 0.608445 0.607231 0 0.4 -0.0207231 -0.0207231 0.0488384 0.0281153 0.0281153 
3.517 0.4903 0.5952 0.3757 -0.0312 -0.044494 0.033731 0.4 0.572457 0.543228 0 0.4 -0.0143228 -0.0143228 0.04817 0.0338473 0.0338473 
3.527 0.5793 0.5576 0.3816 -0.0314 -0.041877 0.033469 0.4 0.617788 0.62981 0 0.4 -0.022981 -0.022981 0.0474743 0.0244933 0.0244933 
3.537 0.5628 0.5243 0.3873 -0.0316 -0.036642 0.032610 0.4 0.584134 0.572157 0 0.4 -0.0172157 -0.0172157 0.0468304 0.0296147 0.0296147 
3.547 0.5295 0.5347 0.3927 -0.0318 -0.034025 0.030790 0.4 0.551353 0.525343 0 0.4 -0.0125343 -0.0125343 0.0462691 0.0337347 0.0337347 
3.557 0.5313 0.5412 0.3982 -0.0320 -0.031408 0.030076 0.4 0.556649 0.548985 0 0.4 -0.0148985 -0.0148985 0.0457345 0.030836 0.030836 
3.567 0.6113 0.5581 0.4039 -0.0322 -0.031408 0.029931 0.4 0.630225 0.676411 0 0.4 -0.0276411 -0.0276411 0.0450994 0.0174583 0.0174583 
3.577 0.5541 0.5476 0.4094 -0.0324 -0.028790 0.029736 0.4 0.568313 0.546844 0 0.4 -0.0146844 -0.0146844 0.0444535 0.0297691 0.0297691 
3.587 0.5666 0.4840 0.4150 -0.0325 -0.028790 0.028552 0.4 0.535317 0.497047 0 0.4 -0.00970466 -0.00970466 0.0439067 0.034202 0.034202 
3.597 0.6174 0.5362 0.4207 -0.0327 -0.034025 0.028699 0.4 0.610391 0.634764 0 0.4 -0.0234764 -0.0234764 0.0432562 0.0197798 0.0197798 
3.607 0.6274 0.5280 0.4264 -0.0329 -0.034025 0.028465 0.4 0.612271 0.632307 0 0.4 -0.0232307 -0.0232307 0.0425911 0.0193604 0.0193604 
3.617 0.6121 0.4978 0.4323 -0.0331 -0.036642 0.027405 0.4 0.571885 0.538252 0 0.4 -0.0138252 -0.0138252 0.0418866 0.0280615 0.0280615 
3.627 0.6720 0.5445 0.4379 -0.0333 -0.041877 0.026683 0.4 0.668934 0.723795 0 0.4 -0.0323795 -0.0323795 0.0411466 0.00876717 0.00876717 
3.637 0.6409 0.5669 0.4438 -0.0336 -0.049729 0.026350 0.4 0.663193 0.683424 0 0.4 -0.0283424 -0.0283424 0.0402622 0.0119198 0.0119198 
3.647 0.6648 0.5556 0.4499 -0.0339 -0.054963 0.025739 0.4 0.67501 0.706929 0 0.4 -0.0306929 -0.0306929 0.0394489 0.00875606 0.00875606 
3.657 0.6886 0.5606 0.4560 -0.0343 -0.060198 0.024999 0.4 0.689982 0.719676 0 0.4 -0.0319677 -0.0319677 0.038544 0.00657633 0.00657633 
3.667 0.6883 0.5544 0.4618 -0.0347 -0.068050 0.023816 0.4 0.693225 0.729166 0 0.4 -0.0329166 -0.0329166 0.0376902 0.0047736 0.0047736 
3.677 0.6791 0.5333 0.4679 -0.0351 -0.073284 0.021138 0.4 0.685803 0.720793 0 0.4 -0.0320793 -0.0320793 0.0368579 0.00477866 0.00477866 
3.687 0.6846 0.5398 0.4738 -0.0355 -0.081136 0.019195 0.4 0.694857 0.739813 0 0.4 -0.0339813 -0.0339813 0.0360076 0.00202633 0.00202633 
3.697 0.6248 0.5206 0.4800 -0.0361 -0.088988 0.018298 0.4 0.611195 0.563435 0 0.4 -0.0163435 -0.0163435 0.0351049 0.0187614 0.0187614 
3.707 0.6055 0.5148 0.4861 -0.0366 -0.094223 0.016926 0.4 0.596626 0.531206 0 0.4 -0.0131206 -0.0131206 0.0342104 0.0210898 0.0210898 
3.717 0.6324 0.5298 0.4919 -0.0372 -0.102075 0.015388 0.4 0.630878 0.608232 0 0.4 -0.0208232 -0.0208232 0.03338 0.0125567 0.0125567 
3.727 0.6123 0.5203 0.4980 -0.0378 -0.107309 0.014046 0.4 0.608141 0.553856 0 0.4 -0.0153856 -0.0153856 0.0324766 0.0170909 0.0170909 
3.737 0.6016 0.5336 0.5040 -0.0385 -0.112544 0.012685 0.4 0.603916 0.558929 0 0.4 -0.0158929 -0.0158929 0.0316802 0.0157874 0.0157874 
3.747 0.5895 0.5473 0.5103 -0.0393 -0.120396 0.011471 0.4 0.609664 0.563824 0 0.4 -0.0163824 -0.0163824 0.0308076 0.0144252 0.0144252 
3.757 0.5596 0.5383 0.5161 -0.0400 -0.123013 0.010433 0.4 0.57118 0.521794 0 0.4 -0.0121794 -0.0121794 0.0301211 0.0179417 0.0179417 
3.767 0.6022 0.6303 0.5220 -0.0407 -0.125630 0.009562 0.4 0.662291 0.700236 0 0.4 -0.0300236 -0.0300236 0.0293744 -0.000649182 -0.000649182 
3.777 0.6009 0.6263 0.5282 -0.0415 -0.128248 0.009926 0.4 0.65428 0.672184 0 0.4 -0.0272184 -0.0272184 0.0285567 0.00133838 0.00133838 
3.787 0.5508 0.6338 0.5342 -0.0423 -0.128248 0.010788 0.4 0.603654 0.575781 0 0.4 -0.0175781 -0.0175781 0.0277837 0.0102056 0.0102056 
3.797 0.5529 0.6326 0.5403 -0.0430 -0.128248 0.010389 0.4 0.615834 0.610806 0 0.4 -0.0210806 -0.0210806 0.02707 0.00598942 0.00598942 
3.807 0.5419 0.6995 0.5463 -0.0438 -0.123013 0.009618 0.4 0.662922 0.68194 0 0.4 -0.028194 -0.028194 0.0262283 -0.00196575 -0.00196575 
3.817 0.5706 0.6995 0.5526 -0.0446 -0.120396 0.009364 0.4 0.68479 0.707806 0 0.4 -0.0307806 -0.0307806 0.0253348 -0.00544579 -0.00544579 
3.827 0.5318 0.6541 0.5588 -0.0453 -0.112544 0.008365 0.4 0.62597 0.581998 0 0.4 -0.0181998 -0.0181998 0.024421 0.00622121 0.00622121 
3.837 0.5519 0.6959 0.5653 -0.0460 -0.107309 0.006616 0.4 0.692781 0.704384 0 0.4 -0.0304384 -0.0304384 0.0234753 -0.00696307 -0.00696307 
3.847 0.5323 0.6931 0.5713 -0.0466 -0.096840 0.004170 0.4 0.697196 0.708331 0 0.4 -0.0308331 -0.0308331 0.0225228 -0.00831028 -0.00831028 
3.857 0.5373 0.6963 0.5776 -0.0472 -0.088988 0.001942 0.4 0.715644 0.727198 0 0.4 -0.0327198 -0.0327198 0.0214744 -0.0112453 -0.0112453 
3.867 0.4980 0.7049 0.5836 -0.0477 -0.078519 -0.001085 0.4 0.713494 0.710196 0 0.4 -0.0310196 -0.0310196 0.020415 -0.0106046 -0.0106046 
3.877 0.5130 0.6789 0.5899 -0.0482 -0.065432 -0.003071 0.4 0.698296 0.673978 0 0.4 -0.0273978 -0.0273978 0.019322 -0.00807576 -0.00807576 
3.887 0.4851 0.6988 0.5964 -0.0486 -0.054963 -0.004866 0.4 0.685658 0.65606 0 0.4 -0.025606 -0.025606 0.0182772 -0.00732876 -0.00732876 
3.897 0.5160 0.7399 0.6027 -0.0489 -0.041877 -0.006178 0.4 0.745451 0.778825 0 0.4 -0.0378825 -0.0378825 0.0172279 -0.0206546 -0.0206546 
3.907 0.4903 0.6961 0.6089 -0.0491 -0.028790 -0.008277 0.4 0.696797 0.671847 0 0.4 -0.0271847 -0.0271847 0.0161193 -0.0110654 -0.0110654 
3.917 0.3549 0.6881 0.6150 -0.0493 -0.013086 -0.009719 0.4 0.691944 0.65195 0 0.4 -0.025195 -0.025195 0.014974 -0.010221 -0.010221 
3.927 0.5242 0.6949 0.6213 -0.0493 -0.000000 -0.011094 0.4 0.729642 0.719049 0 0.4 -0.0319049 -0.0319049 0.0137998 -0.0181051 -0.0181051 
3.937 0.5202 0.7138 0.6276 -0.0493 0.013086 -0.013001 0.4 0.733821 0.733736 0 0.4 -0.0333736 -0.0333736 0.0126946 -0.020679 -0.020679 
3.947 0.5259 0.7314 0.6341 -0.0491 0.028790 -0.014303 0.4 0.760236 0.768559 0 0.4 -0.0368559 -0.0368559 0.011505 -0.0253509 -0.0253509 
3.957 0.5332 0.7040 0.6402 -0.0489 0.044494 -0.017089 0.4 0.759702 0.768629 0 0.4 -0.0368629 -0.0368629 0.0103518 -0.0265111 -0.0265111 
3.967 0.5145 0.7002 0.6465 -0.0486 0.057580 -0.019357 0.4 0.737043 0.745427 0 0.4 -0.0345427 -0.0345427 0.00928828 -0.0252545 -0.0252545 
3.977 0.4812 0.6793 0.6527 -0.0482 0.070667 -0.022787 0.4 0.718178 0.7178 0 0.4 -0.03178 -0.03178 0.00825071 -0.0235292 -0.0235292 
3.987 0.4541 0.6359 0.6586 -0.0477 0.083753 -0.026109 0.4 0.661256 0.624545 0 0.4 -0.0224545 -0.0224545 0.00729301 -0.0151615 -0.0151615 
3.997 0.5222 0.6296 0.6647 -0.0472 0.094223 -0.027940 0.4 0.695751 0.700412 0 0.4 -0.0300412 -0.0300412 0.00633557 -0.0237057 -0.0237057 
4.007 0.5148 0.6381 0.6705 -0.0466 0.102075 -0.028132 0.4 0.673982 0.677117 0 0.4 -0.0277117 -0.0277117 0.00547642 -0.0222353 -0.0222353 
4.017 0.5592 0.5874 0.6762 -0.0460 0.112544 -0.029186 0.4 0.673655 0.688694 0 0.4 -0.0288694 -0.0288694 0.00463545 -0.024234 -0.024234 
4.027 0.5431 0.5931 0.6822 -0.0453 0.117778 -0.028172 0.4 0.632271 0.628387 0 0.4 -0.0228387 -0.0228387 0.00387835 -0.0189603 -0.0189603 
4.037 0.5640 0.5674 0.6878 -0.0446 0.123013 -0.027065 0.4 0.611387 0.59991 0 0.4 -0.019991 -0.019991 0.00316792 -0.0168231 -0.0168231 
4.047 0.5643 0.5478 0.6935 -0.0439 0.128248 -0.027417 0.4 0.611464 0.612928 0 0.4 -0.0212928 -0.0212928 0.00249278 -0.0188 -0.0188 
4.057 0.5709 0.5310 0.6993 -0.0431 0.130865 -0.026788 0.4 0.594295 0.595526 0 0.4 -0.0195526 -0.0195526 0.00187264 -0.01768 -0.01768 
4.067 0.5921 0.5412 0.7049 -0.0424 0.130865 -0.026335 0.4 0.614435 0.640819 0 0.4 -0.0240819 -0.0240819 0.00125326 -0.0228286 -0.0228286 
4.077 0.6252 0.5240 0.7106 -0.0416 0.130865 -0.025387 0.4 0.614048 0.639874 0 0.4 -0.0239874 -0.0239874 0.00061318 -0.0233742 -0.0233742 
4.087 0.5921 0.4863 0.7160 -0.0409 0.128248 -0.025579 0.4 0.579863 0.566857 0 0.4 -0.0166856 -0.0166856 -4.5999e-05 -0.0167316 -0.0167316 
4.097 0.5835 0.4637 0.7218 -0.0402 0.125630 -0.025675 0.4 0.551228 0.505893 0 0.4 -0.0105893 -0.0105893 -0.00071183 -0.0113012 -0.0113012 
4.107 0.6166 0.5108 0.7275 -0.0395 0.120396 -0.025784 0.4 0.628232 0.650178 0 0.4 -0.0250178 -0.0250178 -0.00139786 -0.0264157 -0.0264157 
4.117 0.5624 0.4651 0.7331 -0.0388 0.115161 -0.026778 0.4 0.550231 0.491905 0 0.4 -0.00919054 -0.00919054 -0.00209313 -0.0112837 -0.0112837 
4.127 0.6325 0.4930 0.7386 -0.0382 0.107309 -0.027752 0.4 0.656884 0.698207 0 0.4 -0.0298207 -0.0298207 -0.00282767 -0.0326483 -0.0326483 
4.137 0.6448 0.4854 0.7444 -0.0376 0.099457 -0.028125 0.4 0.661346 0.689456 0 0.4 -0.0289456 -0.0289456 -0.00363899 -0.0325846 -0.0325846 
4.147 0.6196 0.4674 0.7499 -0.0371 0.091605 -0.028876 0.4 0.63367 0.625425 0 0.4 -0.0225425 -0.0225425 -0.00445836 -0.0270009 -0.0270009 
4.157 0.6231 0.4757 0.7557 -0.0366 0.083753 -0.029733 0.4 0.642917 0.663507 0 0.4 -0.0263507 -0.0263507 -0.00515408 -0.0315048 -0.0315048 
4.167 0.6168 0.4742 0.7612 -0.0362 0.075902 -0.030788 0.4 0.638867 0.651429 0 0.4 -0.0251429 -0.0251429 -0.0059357 -0.0310786 -0.0310786 
4.177 0.6232 0.4910 0.7668 -0.0358 0.065432 -0.031045 0.4 0.653709 0.669498 0 0.4 -0.0269498 -0.0269498 -0.00674984 -0.0336996 -0.0336996 
4.187 0.5593 0.4499 0.7725 -0.0354 0.060198 -0.030953 0.4 0.563446 0.498982 0 0.4 -0.00989823 -0.00989823 -0.00748442 -0.0173826 -0.0173826 
4.197 0.5947 0.4473 0.7782 -0.0351 0.049729 -0.031665 0.4 0.599787 0.572188 0 0.4 -0.0172188 -0.0172188 -0.00825192 -0.0254708 -0.0254708 
4.207 0.6082 0.4708 0.7837 -0.0348 0.041877 -0.032525 0.4 0.641604 0.659645 0 0.4 -0.0259645 -0.0259645 -0.00899953 -0.0349641 -0.0349641 
4.217 0.5689 0.4555 0.7891 -0.0346 0.034025 -0.033706 0.4 0.585363 0.570677 0 0.4 -0.0170677 -0.0170677 -0.00963238 -0.0267001 -0.0267001 
4.227 0.5935 0.4758 0.7946 -0.0345 0.026173 -0.034027 0.4 0.63334 0.644525 0 0.4 -0.0244525 -0.0244525 -0.0103977 -0.0348502 -0.0348502 
4.237 0.5510 0.4862 0.7999 -0.0344 0.020938 -0.034020 0.4 0.589447 0.577962 0 0.4 -0.0177962 -0.0177962 -0.0110371 -0.0288332 -0.0288332 
4.247 0.5746 0.5036 0.8053 -0.0343 0.013086 -0.033902 0.4 0.612117 0.642452 0 0.4 -0.0242452 -0.0242452 -0.011612 -0.0358573 -0.0358573 
4.257 0.4675 0.5042 0.8106 -0.0342 0.007852 -0.034058 0.4 0.541299 0.505257 0 0.4 -0.0105257 -0.0105257 -0.0122022 -0.022728 -0.022728 
4.267 0.4994 0.4687 0.8159 -0.0342 0.002617 -0.034200 0.4 0.522252 0.485953 0 0.4 -0.0085953 -0.0085953 -0.0126945 -0.0212898 -0.0212898 
4.277 0.5061 0.5011 0.8212 -0.0342 0.002617 -0.034080 0.4 0.550239 0.534626 0 0.4 -0.0134626 -0.0134626 -0.0132579 -0.0267206 -0.0267206 
4.287 0.5071 0.5056 0.8266 -0.0342 -0.000000 -0.033569 0.4 0.547909 0.546472 0 0.4 -0.0146472 -0.0146472 -0.0137285 -0.0283757 -0.0283757 
4.297 0.4682 0.5183 0.8317 -0.0342 -0.002617 -0.032708 0.4 0.509569 0.476928 0 0.4 -0.00769279 -0.00769279 -0.0141931 -0.0218859 -0.0218859 
4.307 0.4693 0.5818 0.8370 -0.0342 -0.002617 -0.031560 0.4 0.568048 0.586729 0 0.4 -0.0186729 -0.0186729 -0.0146953 -0.0333682 -0.0333682 
4.317 0.4721 0.5584 0.8425 -0.0342 -0.000000 -0.031077 0.4 0.553516 0.558285 0 0.4 -0.0158285 -0.0158285 -0.0151923 -0.0310207 -0.0310207 
4.327 0.5005 0.5640 0.8475 -0.0342 0.002617 -0.031051 0.4 0.590367 0.628132 0 0.4 -0.0228132 -0.0228132 -0.0156939 -0.0385071 -0.0385071 
4.337 0.4641 0.5477 0.8530 -0.0342 0.005235 -0.031395 0.4 0.542989 0.534188 0 0.4 -0.0134188 -0.0134188 -0.0162019 -0.0296208 -0.0296208 
4.347 0.4808 0.5418 0.8581 -0.0341 0.007852 -0.031421 0.4 0.553823 0.536859 0 0.4 -0.0136859 -0.0136859 -0.0168019 -0.0304878 -0.0304878 
4.357 0.4695 0.5709 0.8636 -0.0341 0.010469 -0.032229 0.4 0.57731 0.597977 0 0.4 -0.0197977 -0.0197977 -0.0172951 -0.0370928 -0.0370928 
4.367 0.4754 0.5504 0.8686 -0.0340 0.018321 -0.033229 0.4 0.584169 0.592687 0 0.4 -0.0192687 -0.0192687 -0.0179219 -0.0371906 -0.0371906 
4.377 0.4281 0.5641 0.8741 -0.0339 0.026173 -0.034116 0.4 0.560268 0.549224 0 0.4 -0.0149224 -0.0149224 -0.0185053 -0.0334277 -0.0334277 
4.387 0.4037 0.5468 0.8794 -0.0337 0.031408 -0.036009 0.4 0.543323 0.514402 0 0.4 -0.0114402 -0.0114402 -0.0190937 -0.0305338 -0.0305338 
4.397 0.4023 0.5068 0.8844 -0.0336 0.039259 -0.037612 0.4 0.51306 0.45819 0 0.4 -0.00581898 -0.00581898 -0.0196435 -0.0254625 -0.0254625 
4.407 0.4071 0.5634 0.8895 -0.0333 0.047111 -0.038905 0.4 0.561302 0.55061 0 0.4 -0.015061 -0.015061 -0.0202216 -0.0352826 -0.0352826 
4.417 0.4343 0.5429 0.8946 -0.0331 0.054963 -0.039953 0.4 0.579751 0.592171 0 0.4 -0.0192171 -0.0192171 -0.0207692 -0.0399863 -0.0399863 
4.427 0.3969 0.5485 0.8996 -0.0328 0.062815 -0.040662 0.4 0.553641 0.535981 0 0.4 -0.0135981 -0.0135981 -0.0213546 -0.0349528 -0.0349528 
4.437 0.4129 0.5523 0.9047 -0.0325 0.070667 -0.041904 0.4 0.579648 0.59133 0 0.4 -0.019133 -0.019133 -0.0219171 -0.0410502 -0.0410502 
4.447 0.4246 0.5048 0.9096 -0.0321 0.075902 -0.043232 0.4 0.560655 0.566392 0 0.4 -0.0166392 -0.0166392 -0.0224064 -0.0390456 -0.0390456 
4.457 0.3571 0.5017 0.9142 -0.0317 0.083753 -0.044826 0.4 0.504814 0.474126 0 0.4 -0.00741262 -0.00741262 -0.0228425 -0.0302551 -0.0302551 
4.467 0.3946 0.4336 0.9191 -0.0313 0.094223 -0.045606 0.4 0.482475 0.429905 0 0.4 -0.00299049 -0.00299049 -0.023289 -0.0262795 -0.0262795 
4.477 0.4077 0.4486 0.9237 -0.0308 0.096840 -0.045788 0.4 0.490644 0.466377 0 0.4 -0.00663766 -0.00663766 -0.0236369 -0.0302746 -0.0302746 
4.487 0.3981 0.4913 0.9283 -0.0304 0.104692 -0.045638 0.4 0.513737 0.528545 0 0.4 -0.0128545 -0.0128545 -0.0239344 -0.036789 -0.036789 
4.497 0.4410 0.4967 0.9328 -0.0299 0.109926 -0.044438 0.4 0.539021 0.558487 0 0.4 -0.0158487 -0.0158487 -0.0243565 -0.0402051 -0.0402051 
4.507 0.3761 0.5090 0.9376 -0.0294 0.115161 -0.042809 0.4 0.49161 0.470935 0 0.4 -0.00709351 -0.00709351 -0.0247267 -0.0318202 -0.0318202 
4.517 0.3629 0.4627 0.9420 -0.0288 0.120396 -0.043259 0.4 0.467599 0.443397 0 0.4 -0.00433967 -0.00433967 -0.0250038 -0.0293435 -0.0293435 
4.527 0.4170 0.4067 0.9465 -0.0283 0.120396 -0.043592 0.4 0.460935 0.452164 0 0.4 -0.00521639 -0.00521639 -0.0251969 -0.0304133 -0.0304133 
4.537 0.3554 0.4405 0.9507 -0.0278 0.123013 -0.044069 0.4 0.440758 0.434992 0 0.4 -0.00349924 -0.00349924 -0.0253022 -0.0288014 -0.0288014 
4.547 0.3662 0.4355 0.9549 -0.0272 0.125630 -0.043760 0.4 0.444156 0.436873 0 0.4 -0.00368728 -0.00368728 -0.0254758 -0.0291631 -0.0291631 
4.557 0.3885 0.4229 0.9592 -0.0267 0.128248 -0.042923 0.4 0.443145 0.436144 0 0.4 -0.00361439 -0.00361439 -0.025634 -0.0292483 -0.0292483 
4.567 0.4540 0.4008 0.9636 -0.0261 0.128248 -0.041018 0.4 0.46238 0.477987 0 0.4 -0.00779869 -0.00779869 -0.0257782 -0.0335769 -0.0335769 
4.577 0.4429 0.3941 0.9676 -0.0256 0.128248 -0.039498 0.4 0.443004 0.450187 0 0.4 -0.00501872 -0.00501872 -0.0258853 -0.0309041 -0.0309041 
4.587 0.4244 0.3510 0.9718 -0.0251 0.125630 -0.039055 0.4 0.40909 0.390916 0 0.4 0.000908384 0.000908384 -0.0259663 -0.0250579 -0.0250579 
4.597 0.4554 0.3660 0.9759 -0.0246 0.125630 -0.039228 0.4 0.458008 0.489018 0 0.4 -0.00890177 -0.00890177 -0.0260451 -0.0349469 -0.0349469 
4.607 0.3980 0.3952 0.9801 -0.0240 0.123013 -0.038864 0.4 0.438989 0.44389 0 0.4 -0.00438897 -0.00438897 -0.0261746 -0.0305636 -0.0305636 
4.617 0.4094 0.3944 0.9839 -0.0236 0.120396 -0.038555 0.4 0.447751 0.468573 0 0.4 -0.00685726 -0.00685726 -0.0262428 -0.0331001 -0.0331001 
4.627 0.4606 0.3636 0.9881 -0.0230 0.117778 -0.037906 0.4 0.465364 0.493409 0 0.4 -0.00934089 -0.00934089 -0.026379 -0.0357198 -0.0357198 
4.637 0.4628 0.3600 0.9922 -0.0226 0.112544 -0.037146 0.4 0.466389 0.488995 0 0.4 -0.00889948 -0.00889948 -0.0265322 -0.0354317 -0.0354317 
4.647 0.4041 0.3542 0.9962 -0.0221 0.107309 -0.036869 0.4 0.429519 0.412215 0 0.4 -0.0012215 -0.0012215 -0.0267015 -0.027923 -0.027923 
4.657 0.4458 0.3627 1.0002 -0.0217 0.102075 -0.036846 0.4 0.46659 0.484446 0 0.4 -0.00844456 -0.00844456 -0.0268642 -0.0353088 -0.0353088 
4.667 0.4508 0.3344 1.0041 -0.0213 0.099457 -0.036958 0.4 0.452579 0.472695 0 0.4 -0.0072695 -0.0072695 -0.0269409 -0.0342104 -0.0342104 
4.677 0.4176 0.2829 1.0081 -0.0209 0.094223 -0.037216 0.4 0.391883 0.346318 0 0.4 0.00536818 0.00536818 -0.0270862 -0.021718 -0.021718 
4.687 0.4380 0.3510 1.0119 -0.0206 0.086371 -0.037242 0.4 0.474249 0.494563 0 0.4 -0.00945635 -0.00945635 -0.0272804 -0.0367367 -0.0367367 
4.697 0.4118 0.2984 1.0160 -0.0202 0.081136 -0.037113 0.4 0.406104 0.372789 0 0.4 0.00272111 0.00272111 -0.0273843 -0.0246632 -0.0246632 
4.707 0.4240 0.3363 1.0198 -0.0199 0.073284 -0.037370 0.4 0.453127 0.472555 0 0.4 -0.00725546 -0.00725546 -0.0274825 -0.0347379 -0.0347379 
4.717 0.3830 0.3130 1.0235 -0.0197 0.068050 -0.037677 0.4 0.412561 0.387419 0 0.4 0.00125806 0.00125806 -0.0276178 -0.0263598 -0.0263598 
4.727 0.3923 0.2833 1.0273 -0.0194 0.060198 -0.038051 0.4 0.391946 0.365594 0 0.4 0.00344062 0.00344062 -0.0276429 -0.0242022 -0.0242022 
4.737 0.3911 0.3052 1.0310 -0.0192 0.054963 -0.037619 0.4 0.409623 0.392297 0 0.4 0.000770333 0.000770333 -0.0277529 -0.0269825 -0.0269825 
4.747 0.4369 0.3123 1.0348 -0.0190 0.047111 -0.036952 0.4 0.455608 0.476386 0 0.4 -0.00763858 -0.00763858 -0.0278697 -0.0355083 -0.0355083 
4.757 0.4177 0.3081 1.0387 -0.0188 0.044494 -0.036303 0.4 0.434969 0.445638 0 0.4 -0.00456376 -0.00456376 -0.0279375 -0.0325013 -0.0325013 
4.767 0.3963 0.2865 1.0423 -0.0187 0.039259 -0.035966 0.4 0.396774 0.382146 0 0.4 0.00178543 0.00178543 -0.0279594 -0.026174 -0.026174 
4.777 0.3956 0.3077 1.0458 -0.0186 0.031408 -0.035818 0.4 0.412452 0.432267 0 0.4 -0.00322666 -0.00322666 -0.0278883 -0.031115 -0.031115 
4.787 0.3984 0.2981 1.0494 -0.0185 0.026173 -0.035700 0.4 0.416279 0.436312 0 0.4 -0.00363116 -0.00363116 -0.0278999 -0.031531 -0.031531 
4.797 0.3771 0.2954 1.0531 -0.0184 0.020938 -0.035440 0.4 0.396221 0.398402 0 0.4 0.000159779 0.000159779 -0.027888 -0.0277283 -0.0277283 
4.807 0.3653 0.3203 1.0563 -0.0183 0.015704 -0.035065 0.4 0.406273 0.422938 0 0.4 -0.00229376 -0.00229376 -0.0278388 -0.0301326 -0.0301326 
4.817 0.3401 0.2555 1.0599 -0.0183 0.010469 -0.034570 0.4 0.329621 0.276126 0 0.4 0.0123874 0.0123874 -0.0277896 -0.0154022 -0.0154022 
4.827 0.3744 0.2921 1.0634 -0.0183 0.007852 -0.033701 0.4 0.377685 0.38932 0 0.4 0.00106796 0.00106796 -0.0276465 -0.0265786 -0.0265786 
4.837 0.3627 0.2480 1.0666 -0.0182 0.002617 -0.032509 0.4 0.326099 0.285934 0 0.4 0.0114066 0.0114066 -0.0275482 -0.0161416 -0.0161416 
4.847 0.3640 0.3267 1.0701 -0.0182 -0.000000 -0.030873 0.4 0.391899 0.413971 0 0.4 -0.00139705 -0.00139705 -0.0274454 -0.0288424 -0.0288424 
4.857 0.3206 0.2824 1.0733 -0.0182 -0.005235 -0.029702 0.4 0.318202 0.276174 0 0.4 0.0123826 0.0123826 -0.0272943 -0.0149117 -0.0149117 
4.867 0.3174 0.2614 1.0766 -0.0182 -0.005235 -0.029456 0.4 0.316269 0.27817 0 0.4 0.012183 0.012183 -0.0271167 -0.0149337 -0.0149337 
4.877 0.3178 0.2661 1.0796 -0.0183 -0.007852 -0.029274 0.4 0.311972 0.286043 0 0.4 0.0113957 0.0113957 -0.0268764 -0.0154808 -0.0154808 
4.887 0.2682 0.3000 1.0829 -0.0183 -0.007852 -0.029101 0.4 0.302766 0.276094 0 0.4 0.0123906 0.0123906 -0.0266268 -0.0142362 -0.0142362 
4.897 0.3299 0.2983 1.0861 -0.0183 -0.013086 -0.028432 0.4 0.352664 0.369301 0 0.4 0.00306994 0.00306994 -0.0264113 -0.0233413 -0.0233413 
4.907 0.3223 0.2993 1.0894 -0.0184 -0.013086 -0.027520 0.4 0.339293 0.349086 0 0.4 0.00509143 0.00509143 -0.0261686 -0.0210771 -0.0210771 
4.917 0.3450 0.2591 1.0924 -0.0184 -0.015704 -0.026569 0.4 0.32821 0.321723 0 0.4 0.00782768 0.00782768 -0.0259706 -0.0181429 -0.0181429 
4.927 0.3393 0.2511 1.0954 -0.0185 -0.018321 -0.025772 0.4 0.323778 0.319956 0 0.4 0.00800436 0.00800436 -0.0257193 -0.0177149 -0.0177149 
4.937 0.3011 0.2454 1.0983 -0.0185 -0.018321 -0.025501 0.4 0.28804 0.262071 0 0.4 0.0137929 0.0137929 -0.025402 -0.0116091 -0.0116091 
4.947 0.2491 0.2904 1.1013 -0.0186 -0.020938 -0.025243 0.4 0.286338 0.260817 0 0.4 0.0139183 0.0139183 -0.0250912 -0.0111729 -0.0111729 
4.957 0.2799 0.2918 1.1042 -0.0186 -0.020938 -0.024750 0.4 0.31358 0.325608 0 0.4 0.00743915 0.00743915 -0.0247424 -0.0173032 -0.0173032 
4.967 0.2845 0.2881 1.1070 -0.0187 -0.020938 -0.023855 0.4 0.312092 0.318666 0 0.4 0.00813337 0.00813337 -0.0244345 -0.0163012 -0.0163012 
4.977 0.3144 0.2392 1.1100 -0.0187 -0.023556 -0.022955 0.4 0.293087 0.286891 0 0.4 0.0113109 0.0113109 -0.0240892 -0.0127783 -0.0127783 
4.987 0.2237 0.2916 1.1127 -0.0188 -0.020938 -0.022053 0.4 0.27123 0.254203 0 0.4 0.0145797 0.0145797 -0.0237056 -0.00912591 -0.00912591 
4.997 0.2582 0.2742 1.1155 -0.0189 -0.020938 -0.021697 0.4 0.285473 0.286863 0 0.4 0.0113137 0.0113137 -0.0233182 -0.0120045 -0.0120045 
5.007 0.2494 0.2577 1.1182 -0.0189 -0.023556 -0.021015 0.4 0.2671 0.250009 0 0.4 0.0149991 0.0149991 -0.0229427 -0.00794361 -0.00794361 
5.017 0.2811 0.2300 1.1210 -0.0190 -0.023556 -0.020456 0.4 0.275466 0.27323 0 0.4 0.012677 0.012677 -0.0225333 -0.00985635 -0.00985635 
5.027 0.2942 0.2362 1.1236 -0.0191 -0.026173 -0.020058 0.4 0.295578 0.318009 0 0.4 0.00819906 0.00819906 -0.0221004 -0.0139013 -0.0139013 
5.037 0.2945 0.2291 1.1263 -0.0191 -0.028790 -0.019481 0.4 0.30122 0.315054 0 0.4 0.0084946 0.0084946 -0.0217492 -0.0132546 -0.0132546 
5.047 0.2822 0.2292 1.1289 -0.0192 -0.031408 -0.018813 0.4 0.286709 0.291567 0 0.4 0.0108433 0.0108433 -0.0213447 -0.0105015 -0.0105015 
5.057 0.2591 0.2100 1.1313 -0.0193 -0.031408 -0.017977 0.4 0.248757 0.225733 0 0.4 0.0174267 0.0174267 -0.0209057 -0.00347892 -0.00347892 
5.067 0.2450 0.2602 1.1340 -0.0194 -0.034025 -0.017279 0.4 0.279186 0.294175 0 0.4 0.0105825 0.0105825 -0.0204438 -0.00986126 -0.00986126 
5.077 0.2753 0.2002 1.1362 -0.0195 -0.036642 -0.016467 0.4 0.257966 0.255292 0 0.4 0.0144708 0.0144708 -0.0199703 -0.00549956 -0.00549956 
5.087 0.2617 0.1928 1.1388 -0.0196 -0.039259 -0.015417 0.4 0.244785 0.219553 0 0.4 0.0180447 0.0180447 -0.0195569 -0.00151222 -0.00151222 
5.097 0.2817 0.2229 1.1413 -0.0197 -0.044494 -0.014492 0.4 0.287208 0.30645 0 0.4 0.00935497 0.00935497 -0.0191138 -0.00975879 -0.00975879 
5.107 0.2636 0.2117 1.1437 -0.0198 -0.044494 -0.013804 0.4 0.269473 0.272753 0 0.4 0.0127247 0.0127247 -0.0186765 -0.00595176 -0.00595176 
5.117 0.2534 0.1776 1.1461 -0.0199 -0.049729 -0.013327 0.4 0.23698 0.218811 0 0.4 0.0181189 0.0181189 -0.0181772 -5.82803e-05 -5.82803e-05 
5.127 0.2413 0.2217 1.1484 -0.0200 -0.052346 -0.012840 0.4 0.275123 0.286424 0 0.4 0.0113576 0.0113576 -0.0177303 -0.00637271 -0.00637271 
5.137 0.2342 0.1779 1.1508 -0.0201 -0.052346 -0.012354 0.4 0.227416 0.202068 0 0.4 0.0197932 0.0197932 -0.017237 0.00255617 0.00255617 
5.147 0.2471 0.2021 1.1530 -0.0202 -0.054963 -0.011319 0.4 0.252616 0.263338 0 0.4 0.0136662 0.0136662 -0.0166817 -0.00301548 -0.00301548 
5.157 0.2750 0.2278 1.1555 -0.0204 -0.060198 -0.009056 0.4 0.281088 0.304263 0 0.4 0.00957374 0.00957374 -0.0162307 -0.00665697 -0.00665697 
5.167 0.2831 0.2348 1.1579 -0.0205 -0.060198 -0.006388 0.4 0.281976 0.288919 0 0.4 0.0111081 0.0111081 -0.0158583 -0.00475022 -0.00475022 
5.177 0.2620 0.2022 1.1603 -0.0207 -0.065432 -0.004567 0.4 0.254352 0.2437 0 0.4 0.01563 0.01563 -0.0153809 0.000249133 0.000249133 
5.187 0.2675 0.1999 1.1625 -0.0208 -0.068050 -0.003358 0.4 0.245057 0.22455 0 0.4 0.017545 0.017545 -0.0149352 0.00260985 0.00260985 
5.197 0.2534 0.1885 1.1650 -0.0210 -0.073284 -0.003346 0.4 0.24649 0.230857 0 0.4 0.0169143 0.0169143 -0.0144829 0.00243139 0.00243139 
5.207 0.2287 0.1533 1.1670 -0.0211 -0.073284 -0.004672 0.4 0.215487 0.197415 0 0.4 0.0202585 0.0202585 -0.0138698 0.00638867 0.00638867 
5.217 0.2112 0.1485 1.1692 -0.0213 -0.075902 -0.006130 0.4 0.213516 0.1996 0 0.4 0.02004 0.02004 -0.0132985 0.00674152 0.00674152 
5.227 0.2354 0.1568 1.1710 -0.0215 -0.078519 -0.007058 0.4 0.231356 0.236909 0 0.4 0.0163091 0.0163091 -0.0127015 0.00360759 0.00360759 
5.237 0.2526 0.1971 1.1733 -0.0216 -0.081136 -0.005174 0.4 0.256246 0.274364 0 0.4 0.0125636 0.0125636 -0.0121695 0.000394092 0.000394092 
5.247 0.2691 0.1876 1.1755 -0.0218 -0.088988 -0.002538 0.4 0.249567 0.250609 0 0.4 0.0149391 0.0149391 -0.0116914 0.00324775 0.00324775 
5.257 0.2609 0.1983 1.1777 -0.0220 -0.091605 0.000264 0.4 0.24308 0.22006 0 0.4 0.017994 0.017994 -0.0112769 0.00671704 0.00671704 
5.267 0.2231 0.1576 1.1797 -0.0222 -0.091605 0.000442 0.4 0.215669 0.202219 0 0.4 0.0197781 0.0197781 -0.0106428 0.00913539 0.00913539 
5.277 0.2442 0.1720 1.1817 -0.0224 -0.096840 0.000233 0.4 0.241849 0.262751 0 0.4 0.0137249 0.0137249 -0.0100143 0.00371062 0.00371062 
5.287 0.2211 0.1673 1.1836 -0.0226 -0.099457 0.000090 0.4 0.228569 0.232027 0 0.4 0.0167973 0.0167973 -0.00944661 0.00735068 0.00735068 
5.297 0.1905 0.1564 1.1858 -0.0228 -0.102075 0.000407 0.4 0.191785 0.163898 0 0.4 0.0236102 0.0236102 -0.00883288 0.0147773 0.0147773 
5.307 0.2354 0.1735 1.1876 -0.0230 -0.104692 0.001652 0.4 0.232821 0.253252 0 0.4 0.0146748 0.0146748 -0.00818857 0.0064862 0.0064862 
5.317 0.2368 0.2101 1.1896 -0.0232 -0.109926 0.003621 0.4 0.252054 0.276185 0 0.4 0.0123815 0.0123815 -0.00765322 0.0047283 0.0047283 
5.327 0.2489 0.1919 1.1918 -0.0235 -0.112544 0.005980 0.4 0.233721 0.2323 0 0.4 0.01677 0.01677 -0.0071367 0.00963327 0.00963327 
5.337 0.2230 0.1759 1.1936 -0.0237 -0.115161 0.008082 0.4 0.207227 0.192817 0 0.4 0.0207183 0.0207183 -0.00651938 0.0141989 0.0141989 
5.347 0.2211 0.1599 1.1957 -0.0239 -0.115161 0.008487 0.4 0.206003 0.197794 0 0.4 0.0202206 0.0202206 -0.00590837 0.0143123 0.0143123 
5.357 0.1989 0.1367 1.1975 -0.0241 -0.117778 0.008119 0.4 0.172799 0.150912 0 0.4 0.0249088 0.0249088 -0.00518484 0.0197239 0.0197239 
5.367 0.2217 0.1570 1.1993 -0.0243 -0.120396 0.008197 0.4 0.210361 0.227322 0 0.4 0.0172678 0.0172678 -0.00448675 0.0127811 0.0127811 
5.377 0.1905 0.1706 1.2011 -0.0246 -0.123013 0.008668 0.4 0.1944 0.191125 0 0.4 0.0208875 0.0208875 -0.00383253 0.017055 0.017055 
5.387 0.2061 0.1760 1.2031 -0.0248 -0.123013 0.009660 0.4 0.208518 0.215358 0 0.4 0.0184642 0.0184642 -0.00317494 0.0152893 0.0152893 
5.397 0.2000 0.1947 1.2047 -0.0250 -0.123013 0.011306 0.4 0.208292 0.212508 0 0.4 0.0187492 0.0187492 -0.002522 0.0162272 0.0162272 
5.407 0.1837 0.2186 1.2067 -0.0252 -0.123013 0.013256 0.4 0.209087 0.209383 0 0.4 0.0190617 0.0190617 -0.00188954 0.0171722 0.0171722 
5.417 0.2032 0.1625 1.2087 -0.0255 -0.123013 0.013762 0.4 0.191845 0.190819 0 0.4 0.0209181 0.0209181 -0.00116925 0.0197489 0.0197489 
5.427 0.1848 0.1677 1.2106 -0.0257 -0.125630 0.014325 0.4 0.176966 0.168524 0 0.4 0.0231476 0.0231476 -0.000456558 0.022691 0.022691 
5.437 0.2064 0.1583 1.2122 -0.0259 -0.125630 0.015376 0.4 0.181013 0.175662 0 0.4 0.0224338 0.0224338 0.000255695 0.0226895 0.0226895 
5.447 0.2113 0.1779 1.2142 -0.0262 -0.125630 0.016874 0.4 0.198717 0.209272 0 0.4 0.0190728 0.0190728 0.000950666 0.0200235 0.0200235 
5.457 0.1751 0.1759 1.2160 -0.0264 -0.128248 0.018548 0.4 0.174872 0.148009 0 0.4 0.0251991 0.0251991 0.00158865 0.0267877 0.0267877 
5.467 0.1826 0.1612 1.2176 -0.0266 -0.128248 0.018932 0.4 0.17531 0.166032 0 0.4 0.0233968 0.0233968 0.00234175 0.0257385 0.0257385 
5.477 0.1682 0.1800 1.2192 -0.0268 -0.128248 0.019186 0.4 0.177852 0.17683 0 0.4 0.022317 0.022317 0.0030923 0.0254093 0.0254093 
5.487 0.1858 0.1668 1.2208 -0.0270 -0.128248 0.020131 0.4 0.171987 0.168413 0 0.4 0.0231587 0.0231587 0.0038487 0.0270074 0.0270074 
5.497 0.1610 0.2304 1.2228 -0.0273 -0.128248 0.021725 0.4 0.196515 0.199983 0 0.4 0.0200017 0.0200017 0.0045044 0.0245061 0.0245061 
5.507 0.1466 0.2450 1.2246 -0.0275 -0.130865 0.023560 0.4 0.203103 0.211045 0 0.4 0.0188955 0.0188955 0.00519241 0.0240879 0.0240879 
5.517 0.1796 0.2037 1.2262 -0.0277 -0.125630 0.023765 0.4 0.208153 0.217563 0 0.4 0.0182437 0.0182437 0.00586272 0.0241064 0.0241064 
5.527 0.1859 0.2002 1.2281 -0.0280 -0.128248 0.024389 0.4 0.212352 0.227757 0 0.4 0.0172243 0.0172243 0.00655776 0.0237821 0.0237821 
5.537 0.1725 0.1881 1.2301 -0.0282 -0.128248 0.025018 0.4 0.180563 0.179605 0 0.4 0.0220395 0.0220395 0.00730332 0.0293428 0.0293428 
5.547 0.2034 0.1682 1.2317 -0.0284 -0.123013 0.025466 0.4 0.194618 0.197481 0 0.4 0.0202519 0.0202519 0.00798357 0.0282354 0.0282354 
5.557 0.1919 0.1793 1.2335 -0.0287 -0.125630 0.026640 0.4 0.189066 0.186547 0 0.4 0.0213453 0.0213453 0.00867097 0.0300163 0.0300163 
5.567 0.1580 0.1739 1.2351 -0.0288 -0.120396 0.026298 0.4 0.171351 0.162919 0 0.4 0.0237081 0.0237081 0.00942539 0.0331335 0.0331335 
5.577 0.2206 0.1818 1.2367 -0.0290 -0.125630 0.027778 0.4 0.203328 0.230331 0 0.4 0.0169669 0.0169669 0.0101965 0.0271634 0.0271634 
5.587 0.1958 0.1825 1.2385 -0.0293 -0.123013 0.029677 0.4 0.182794 0.167776 0 0.4 0.0232224 0.0232224 0.0108252 0.0340475 0.0340475 
5.597 0.1865 0.1740 1.2401 -0.0295 -0.123013 0.030431 0.4 0.172231 0.168106 0 0.4 0.0231894 0.0231894 0.0116174 0.0348067 0.0348067 
5.607 0.1647 0.1514 1.2417 -0.0297 -0.128248 0.030341 0.4 0.159662 0.135909 0 0.4 0.0264091 0.0264091 0.0123168 0.0387259 0.0387259 
5.617 0.1900 0.1418 1.2434 -0.0299 -0.128248 0.030453 0.4 0.164038 0.154693 0 0.4 0.0245307 0.0245307 0.0130896 0.0376203 0.0376203 
5.627 0.2238 0.1487 1.2452 -0.0301 -0.130865 0.031430 0.4 0.204232 0.219227 0 0.4 0.0180773 0.0180773 0.0137633 0.0318407 0.0318407 
5.637 0.2030 0.1527 1.2468 -0.0303 -0.136099 0.031904 0.4 0.198563 0.197178 0 0.4 0.0202822 0.0202822 0.0144051 0.0346873 0.0346873 
5.647 0.1899 0.1276 1.2484 -0.0306 -0.136099 0.032121 0.4 0.168779 0.162473 0 0.4 0.0237527 0.0237527 0.0151971 0.0389498 0.0389498 
5.657 0.1980 0.1473 1.2500 -0.0308 -0.141334 0.031947 0.4 0.201114 0.217131 0 0.4 0.0182869 0.0182869 0.0158826 0.0341695 0.0341695 
5.667 0.1564 0.1646 1.2516 -0.0310 -0.146569 0.032425 0.4 0.179105 0.163896 0 0.4 0.0236104 0.0236104 0.0165431 0.0401535 0.0401535 
5.677 0.1815 0.1113 1.2532 -0.0313 -0.146569 0.032878 0.4 0.154712 0.130277 0 0.4 0.0269723 0.0269723 0.0172936 0.0442659 0.0442659 
5.687 0.2052 0.1326 1.2548 -0.0315 -0.151803 0.033557 0.4 0.188484 0.19804 0 0.4 0.020196 0.020196 0.0180322 0.0382282 0.0382282 
5.697 0.2056 0.1089 1.2564 -0.0317 -0.151803 0.034163 0.4 0.170043 0.171154 0 0.4 0.0228846 0.0228846 0.018806 0.0416906 0.0416906 
5.707 0.2142 0.1421 1.2578 -0.0320 -0.154421 0.035564 0.4 0.195835 0.210205 0 0.4 0.0189795 0.0189795 0.0195162 0.0384957 0.0384957 
5.717 0.1635 0.2041 1.2596 -0.0322 -0.157038 0.037846 0.4 0.189759 0.189183 0 0.4 0.0210817 0.0210817 0.0201896 0.0412713 0.0412713 
5.727 0.1997 0.1498 1.2610 -0.0325 -0.159655 0.039252 0.4 0.179102 0.176436 0 0.4 0.0223564 0.0223564 0.020927 0.0432834 0.0432834 
5.737 0.1611 0.1918 1.2626 -0.0327 -0.164890 0.039945 0.4 0.191577 0.207388 0 0.4 0.0192612 0.0192612 0.0216871 0.0409483 0.0409483 
5.747 0.1496 0.1972 1.2642 -0.0330 -0.164890 0.041051 0.4 0.18357 0.1726 0 0.4 0.02274 0.02274 0.0223397 0.0450796 0.0450796 
5.757 0.1752 0.1537 1.2658 -0.0333 -0.170124 0.042001 0.4 0.176854 0.176998 0 0.4 0.0223002 0.0223002 0.0231266 0.0454269 0.0454269 
5.767 0.2053 0.1494 1.2672 -0.0335 -0.172742 0.042575 0.4 0.191521 0.195088 0 0.4 0.0204912 0.0204912 0.0238147 0.0443059 0.0443059 
5.777 0.2065 0.1667 1.2690 -0.0338 -0.175359 0.044031 0.4 0.197628 0.215265 0 0.4 0.0184735 0.0184735 0.0245607 0.0430342 0.0430342 
5.787 0.1889 0.1603 1.2706 -0.0341 -0.175359 0.044861 0.4 0.181202 0.182832 0 0.4 0.0217168 0.0217168 0.0252775 0.0469944 0.0469944 
5.797 0.2098 0.1755 1.2724 -0.0344 -0.177976 0.046225 0.4 0.193346 0.202225 0 0.4 0.0197775 0.0197775 0.0259921 0.0457695 0.0457695 
5.807 0.1807 0.1730 1.2738 -0.0347 -0.180594 0.047362 0.4 0.178721 0.176373 0 0.4 0.0223627 0.0223627 0.0267196 0.0490823 0.0490823 
5.817 0.1899 0.1766 1.2756 -0.0350 -0.183211 0.047795 0.4 0.18301 0.184905 0 0.4 0.0215095 0.0215095 0.0274574 0.0489669 0.0489669 
5.827 0.1885 0.1893 1.2772 -0.0353 -0.183211 0.048563 0.4 0.18749 0.198937 0 0.4 0.0201063 0.0201063 0.0282174 0.0483237 0.0483237 
5.837 0.1800 0.1726 1.2790 -0.0356 -0.185828 0.049600 0.4 0.173693 0.155215 0 0.4 0.0244785 0.0244785 0.0288876 0.0533661 0.0533661 
5.847 0.2085 0.1562 1.2806 -0.0359 -0.185828 0.051199 0.4 0.173851 0.157296 0 0.4 0.0242704 0.0242704 0.0295888 0.0538591 0.0538591 
5.857 0.1803 0.1489 1.2822 -0.0362 -0.185828 0.050993 0.4 0.158531 0.140736 0 0.4 0.0259264 0.0259264 0.0303521 0.0562785 0.0562785 
5.867 0.2077 0.2006 1.2842 -0.0366 -0.185828 0.051678 0.4 0.211742 0.234426 0 0.4 0.0165574 0.0165574 0.0310465 0.0476039 0.0476039 
5.877 0.2243 0.1752 1.2856 -0.0369 -0.188445 0.052707 0.4 0.219732 0.233008 0 0.4 0.0166992 0.0166992 0.0316656 0.0483648 0.0483648 
5.887 0.2153 0.1683 1.2876 -0.0373 -0.188445 0.053065 0.4 0.199667 0.19724 0 0.4 0.020276 0.020276 0.032327 0.052603 0.052603 
5.897 0.2002 0.1731 1.2892 -0.0376 -0.188445 0.053272 0.4 0.184859 0.190597 0 0.4 0.0209403 0.0209403 0.0331219 0.0540622 0.0540622 
5.907 0.1820 0.2376 1.2909 -0.0379 -0.191063 0.054488 0.4 0.207819 0.218711 0 0.4 0.0181289 0.0181289 0.0337729 0.0519018 0.0519018 
5.917 0.1714 0.2012 1.2927 -0.0383 -0.188445 0.055744 0.4 0.183632 0.179309 0 0.4 0.0220691 0.0220691 0.0344794 0.0565485 0.0565485 
5.927 0.2242 0.1786 1.2945 -0.0386 -0.191063 0.056521 0.4 0.186085 0.178471 0 0.4 0.0221529 0.0221529 0.0351682 0.0573211 0.0573211 
5.937 0.2184 0.1812 1.2963 -0.0389 -0.188445 0.058121 0.4 0.191826 0.18904 0 0.4 0.021096 0.021096 0.0358457 0.0569417 0.0569417 
5.947 0.1670 0.2393 1.2983 -0.0393 -0.188445 0.059284 0.4 0.189715 0.178069 0 0.4 0.0221931 0.0221931 0.0364891 0.0586822 0.0586822 
5.957 0.1811 0.2415 1.3001 -0.0397 -0.185828 0.059120 0.4 0.217684 0.239015 0 0.4 0.0160985 0.0160985 0.0371759 0.0532744 0.0532744 
5.967 0.2241 0.2106 1.3021 -0.0400 -0.185828 0.060239 0.4 0.209204 0.209554 0 0.4 0.0190446 0.0190446 0.0377785 0.056823 0.056823 
5.977 0.2146 0.2338 1.3039 -0.0404 -0.183211 0.061130 0.4 0.218093 0.224965 0 0.4 0.0175035 0.0175035 0.0384075 0.055911 0.055911 
5.987 0.1708 0.2544 1.3061 -0.0408 -0.180594 0.061129 0.4 0.213732 0.204489 0 0.4 0.0195511 0.0195511 0.0389718 0.0585228 0.0585228 
5.997 0.2049 0.1969 1.3079 -0.0411 -0.177976 0.060166 0.4 0.200956 0.185186 0 0.4 0.0214814 0.0214814 0.0395976 0.061079 0.061079 
6.007 0.2154 0.2060 1.3099 -0.0415 -0.177976 0.060423 0.4 0.208389 0.199034 0 0.4 0.0200966 0.0200966 0.0402051 0.0603018 0.0603018 
6.017 0.2243 0.2265 1.3121 -0.0418 -0.175359 0.060487 0.4 0.237211 0.250324 0 0.4 0.0149676 0.0149676 0.0407791 0.0557467 0.0557467 
6.027 0.2568 0.2101 1.3141 -0.0422 -0.175359 0.061303 0.4 0.239664 0.249757 0 0.4 0.0150243 0.0150243 0.0413311 0.0563553 0.0563553 
6.037 0.2263 0.1785 1.3161 -0.0426 -0.175359 0.060425 0.4 0.202276 0.202727 0 0.4 0.0197273 0.0197273 0.0420345 0.0617618 0.0617618 
6.047 0.2241 0.2018 1.3179 -0.0429 -0.177976 0.060797 0.4 0.204807 0.197868 0 0.4 0.0202132 0.0202132 0.0426555 0.0628687 0.0628687 
6.057 0.2933 0.2092 1.3203 -0.0433 -0.177976 0.062800 0.4 0.24654 0.260589 0 0.4 0.0139411 0.0139411 0.043185 0.0571261 0.0571261 
6.067 0.2520 0.2110 1.3221 -0.0436 -0.180594 0.063261 0.4 0.237483 0.249966 0 0.4 0.0150034 0.0150034 0.0437829 0.0587863 0.0587863 
6.077 0.1865 0.2754 1.3243 -0.0440 -0.183211 0.062572 0.4 0.240754 0.256933 0 0.4 0.0143067 0.0143067 0.0443771 0.0586838 0.0586838 
6.087 0.2759 0.2355 1.3263 -0.0444 -0.188445 0.063826 0.4 0.272688 0.289027 0 0.4 0.0110973 0.0110973 0.0448088 0.0559061 0.0559061 
6.097 0.2383 0.2124 1.3284 -0.0448 -0.191063 0.063272 0.4 0.248929 0.254591 0 0.4 0.0145409 0.0145409 0.0453505 0.0598914 0.0598914 
6.107 0.2193 0.2287 1.3306 -0.0453 -0.193680 0.062370 0.4 0.244742 0.258673 0 0.4 0.0141327 0.0141327 0.0459354 0.0600681 0.0600681 
6.117 0.2731 0.2226 1.3328 -0.0457 -0.196297 0.062885 0.4 0.270988 0.295706 0 0.4 0.0104294 0.0104294 0.0464226 0.056852 0.056852 
6.127 0.2584 0.2031 1.3350 -0.0461 -0.198915 0.063972 0.4 0.242338 0.217267 0 0.4 0.0182733 0.0182733 0.0468211 0.0650944 0.0650944 
6.137 0.2500 0.1992 1.3372 -0.0466 -0.201532 0.063510 0.4 0.235155 0.236251 0 0.4 0.0163749 0.0163749 0.0474428 0.0638177 0.0638177 
6.147 0.2604 0.2538 1.3392 -0.0470 -0.206767 0.064472 0.4 0.27123 0.292461 0 0.4 0.0107539 0.0107539 0.0479225 0.0586764 0.0586764 
6.157 0.2439 0.2580 1.3418 -0.0475 -0.209384 0.066161 0.4 0.247561 0.232317 0 0.4 0.0167683 0.0167683 0.0483594 0.0651277 0.0651277 
6.167 0.2623 0.1615 1.3438 -0.0479 -0.214618 0.066257 0.4 0.213385 0.178417 0 0.4 0.0221583 0.0221583 0.0488886 0.0710468 0.0710468 
6.177 0.2701 0.2442 1.3459 -0.0484 -0.217236 0.066228 0.4 0.278954 0.297576 0 0.4 0.0102424 0.0102424 0.04936 0.0596024 0.0596024 
6.187 0.3134 0.2255 1.3485 -0.0490 -0.219853 0.067536 0.4 0.271988 0.275052 0 0.4 0.0124948 0.0124948 0.0497723 0.0622671 0.0622671 
6.197 0.2666 0.2369 1.3507 -0.0495 -0.222470 0.067461 0.4 0.265991 0.277729 0 0.4 0.0122271 0.0122271 0.0502769 0.0625039 0.0625039 
6.207 0.2853 0.2439 1.3533 -0.0501 -0.225088 0.068096 0.4 0.264783 0.263376 0 0.4 0.0136624 0.0136624 0.0507122 0.0643746 0.0643746 
6.217 0.2706 0.2496 1.3558 -0.0507 -0.227705 0.069209 0.4 0.274634 0.267043 0 0.4 0.0132957 0.0132957 0.0510605 0.0643562 0.0643562 
6.227 0.2190 0.2865 1.3580 -0.0512 -0.230322 0.068348 0.4 0.264345 0.270198 0 0.4 0.0129802 0.0129802 0.0515625 0.0645427 0.0645427 
6.237 0.3305 0.2453 1.3606 -0.0518 -0.232940 0.068557 0.4 0.302493 0.33641 0 0.4 0.00635904 0.00635904 0.051995 0.0583541 0.0583541 
6.247 0.3472 0.2611 1.3629 -0.0523 -0.238174 0.069927 0.4 0.323725 0.336995 0 0.4 0.00630054 0.00630054 0.0522113 0.0585119 0.0585119 
6.257 0.2753 0.2061 1.3655 -0.0530 -0.240791 0.068563 0.4 0.25044 0.229572 0 0.4 0.0170428 0.0170428 0.0527079 0.0697507 0.0697507 
6.267 0.3186 0.2698 1.3679 -0.0535 -0.246026 0.068313 0.4 0.325108 0.351322 0 0.4 0.00486778 0.00486778 0.0530053 0.057873 0.057873 
6.277 0.3437 0.2349 1.3708 -0.0543 -0.248643 0.069407 0.4 0.303048 0.299266 0 0.4 0.0100734 0.0100734 0.0532893 0.0633626 0.0633626 
6.287 0.2559 0.3153 1.3734 -0.0549 -0.251261 0.068919 0.4 0.298862 0.299145 0 0.4 0.0100855 0.0100855 0.0536588 0.0637444 0.0637444 
6.297 0.3379 0.2261 1.3761 -0.0557 -0.256495 0.069936 0.4 0.287055 0.259463 0 0.4 0.0140537 0.0140537 0.0539073 0.067961 0.067961 
6.307 0.3241 0.2269 1.3787 -0.0563 -0.259113 0.068853 0.4 0.293043 0.297211 0 0.4 0.0102789 0.0102789 0.0543117 0.0645906 0.0645906 
6.317 0.3398 0.2180 1.3812 -0.0570 -0.261730 0.068834 0.4 0.278587 0.257933 0 0.4 0.0142067 0.0142067 0.0546243 0.068831 0.068831 
6.327 0.3786 0.2862 1.3841 -0.0578 -0.269582 0.070033 0.4 0.361127 0.376196 0 0.4 0.00238045 0.00238045 0.0547182 0.0570987 0.0570987 
6.337 0.3398 0.2336 1.3869 -0.0586 -0.274816 0.068486 0.4 0.331472 0.343352 0 0.4 0.0056648 0.0056648 0.0550348 0.0606996 0.0606996 
6.347 0.3747 0.2594 1.3896 -0.0594 -0.280051 0.068234 0.4 0.35777 0.372789 0 0.4 0.00272109 0.00272109 0.0551873 0.0579084 0.0579084 
6.357 0.3465 0.2287 1.3927 -0.0603 -0.285286 0.068062 0.4 0.305943 0.279736 0 0.4 0.0120264 0.0120264 0.0554244 0.0674509 0.0674509 
6.367 0.3938 0.2517 1.3954 -0.0611 -0.290520 0.067701 0.4 0.367825 0.382152 0 0.4 0.00178476 0.00178476 0.0555626 0.0573473 0.0573473 
6.377 0.3790 0.2312 1.3984 -0.0620 -0.298372 0.066837 0.4 0.342539 0.340541 0 0.4 0.00594592 0.00594592 0.0557481 0.0616941 0.0616941 
6.387 0.3297 0.2841 1.4013 -0.0629 -0.306224 0.066291 0.4 0.340777 0.326622 0 0.4 0.00733776 0.00733776 0.0559101 0.0632479 0.0632479 
6.397 0.3999 0.2427 1.4042 -0.0638 -0.314076 0.066780 0.4 0.368271 0.364215 0 0.4 0.00357851 0.00357851 0.0559423 0.0595209 0.0595209 
