%% logfile from robot Ella (8)
% Ella (8)
%  1    time 2.002 sec
%  2  3 Motor velocity ref left, right: -0.1530 -0.0788
%  4  5  6  7 Pose x,y,h,tilt [m,m,rad,rad]: 0.0535466 0.000815439 0.00523459 -0.0223995
%  8 17 ctrl bal vel, ref=0.4, m=-0.00579113, m2=-0.00579113, uf=0, r2=0.4, ep=0.0405791,up=0.0405791, ui=-0.0236214, u1=0.0169577, u=0.0169577
2.012 -0.1630 -0.0918 0.0529 0.0008 0.007852 -0.021299 0.4 -0.0169697 -0.0169697 0 0.4 0.041697 0.041697 -0.0222669 0.0194301 0.0194301 
2.022 -0.1671 0.0272 0.0523 0.0008 0.010469 -0.013124 0.4 -0.051946 -0.051946 0 0.4 0.0451946 0.0451946 -0.0208478 0.0243468 0.0243468 
2.032 -0.1088 0.0636 0.0521 0.0008 0.018321 -0.004222 0.4 0.0403997 0.0403997 0 0.4 0.03596 0.03596 -0.0194308 0.0165292 0.0165292 
2.042 -0.1219 0.0611 0.0517 0.0008 0.023556 0.003344 0.4 0.0323476 0.0323476 0 0.4 0.0367652 0.0367652 -0.0182284 0.0185368 0.0185368 
2.052 -0.1518 0.0434 0.0511 0.0008 0.031408 0.006776 0.4 0.0179963 0.0179963 0 0.4 0.0382004 0.0382004 -0.0169744 0.0212259 0.0212259 
2.062 -0.1294 0.0416 0.0505 0.0008 0.039259 0.009946 0.4 0.0124661 0.0124661 0 0.4 0.0387534 0.0387534 -0.0156908 0.0230626 0.0230626 
2.072 -0.1245 0.0421 0.0503 0.0007 0.047111 0.013439 0.4 0.00971206 0.00971206 0 0.4 0.0390288 0.0390288 -0.0143937 0.0246351 0.0246351 
2.082 -0.1320 0.0486 0.0497 0.0007 0.054963 0.016788 0.4 0.00971206 0.00971206 0 0.4 0.0390288 0.0390288 -0.0130927 0.0259361 0.0259361 
2.092 -0.1370 0.0662 0.0495 0.0007 0.062815 0.019124 0.4 0.037304 0.037304 0 0.4 0.0362696 0.0362696 -0.0118791 0.0243905 0.0243905 
2.102 -0.1243 0.0752 0.0493 0.0007 0.075902 0.021118 0.4 0.0534503 0.0534503 0 0.4 0.034655 0.034655 -0.0106887 0.0239662 0.0239662 
2.112 -0.0955 0.0617 0.0491 0.0007 0.083753 0.023706 0.4 0.0441537 0.0441537 0 0.4 0.0355846 0.0355846 -0.00952201 0.0260626 0.0260626 
2.122 -0.1037 0.0803 0.0489 0.0007 0.091605 0.025990 0.4 0.0403579 0.0403579 0 0.4 0.0359642 0.0359642 -0.00833172 0.0276325 0.0276325 
2.132 -0.0924 0.0822 0.0487 0.0006 0.099457 0.028310 0.4 0.0544045 0.0544045 0 0.4 0.0345595 0.0345595 -0.00715867 0.0274009 0.0274009 
2.142 -0.1007 0.0746 0.0485 0.0006 0.107309 0.029540 0.4 0.0513328 0.0513328 0 0.4 0.0348667 0.0348667 -0.00599901 0.0288677 0.0288677 
2.152 -0.0840 0.0688 0.0483 0.0006 0.120396 0.030431 0.4 0.067339 0.067339 0 0.4 0.0332661 0.0332661 -0.00486002 0.0284061 0.0284061 
2.162 -0.0924 0.0611 0.0481 0.0006 0.128248 0.030975 0.4 0.0555078 0.0555078 0 0.4 0.0344492 0.0344492 -0.00372287 0.0307264 0.0307264 
2.172 -0.0911 0.0506 0.0481 0.0006 0.133482 0.031293 0.4 0.0451746 0.0451746 0 0.4 0.0354825 0.0354825 -0.00254557 0.032937 0.032937 
2.182 -0.0799 0.0619 0.0479 0.0005 0.141334 0.032536 0.4 0.0443943 0.0443943 0 0.4 0.0355606 0.0355606 -0.00137201 0.0341886 0.0341886 
2.192 -0.0687 0.0633 0.0477 0.0005 0.149186 0.034680 0.4 0.0335736 0.0335736 0 0.4 0.0366426 0.0366426 -0.000155487 0.0364872 0.0364872 
2.202 -0.0446 0.0427 0.0477 0.0005 0.154421 0.036772 0.4 0.0382944 0.0382944 0 0.4 0.0361706 0.0361706 0.00105571 0.0372263 0.0372263 
2.212 -0.0585 0.0528 0.0475 0.0005 0.157038 0.037990 0.4 0.0246667 0.0246667 0 0.4 0.0375333 0.0375333 0.00227664 0.03981 0.03981 
2.222 -0.0577 0.0404 0.0475 0.0005 0.162272 0.039045 0.4 0.0231542 0.0231542 0 0.4 0.0376846 0.0376846 0.00353251 0.0412171 0.0412171 
2.232 -0.0610 0.0322 0.0475 0.0005 0.167507 0.039191 0.4 0.0324815 0.0324815 0 0.4 0.0367518 0.0367518 0.00476845 0.0415203 0.0415203 
2.242 -0.0513 0.0430 0.0475 0.0005 0.172742 0.039897 0.4 0.0300969 0.0300969 0 0.4 0.0369903 0.0369903 0.00599626 0.0429866 0.0429866 
2.252 -0.0560 0.0553 0.0475 0.0005 0.172742 0.042096 0.4 0.0300969 0.0300969 0 0.4 0.0369903 0.0369903 0.00722926 0.0442196 0.0442196 
2.262 -0.0443 0.0247 0.0473 0.0004 0.175359 0.043159 0.4 0.0176827 0.0176827 0 0.4 0.0382317 0.0382317 0.00848534 0.0467171 0.0467171 
2.272 -0.0275 0.0490 0.0473 0.0004 0.180594 0.045866 0.4 0.0156848 0.0156848 0 0.4 0.0384315 0.0384315 0.00976545 0.048197 0.048197 
2.282 -0.0187 0.0428 0.0473 0.0004 0.180594 0.048447 0.4 0.0156848 0.0156848 0 0.4 0.0384315 0.0384315 0.0110465 0.049478 0.049478 
2.292 -0.0165 0.0428 0.0475 0.0005 0.183211 0.050220 0.4 0.0157929 0.0157929 0 0.4 0.0384207 0.0384207 0.0123275 0.0507482 0.0507482 
2.302 -0.0116 0.0439 0.0473 0.0004 0.185828 0.051952 0.4 0.0157929 0.0157929 0 0.4 0.0384207 0.0384207 0.0136082 0.0520289 0.0520289 
2.312 0.0033 0.0422 0.0475 0.0005 0.188445 0.053595 0.4 0.0210515 0.0210515 0 0.4 0.0378948 0.0378948 0.0148845 0.0527794 0.0527794 
2.322 0.0035 0.0561 0.0475 0.0005 0.188445 0.055550 0.4 0.0210515 0.0210515 0 0.4 0.0378948 0.0378948 0.0161477 0.0540425 0.0540425 
2.332 -0.0147 0.0967 0.0475 0.0005 0.188445 0.057835 0.4 0.0183502 0.0183502 0 0.4 0.038165 0.038165 0.0174122 0.0555772 0.0555772 
2.342 0.0353 0.0508 0.0477 0.0005 0.191063 0.060445 0.4 0.0166362 0.0166362 0 0.4 0.0383364 0.0383364 0.0186894 0.0570258 0.0570258 
2.352 0.0039 0.1084 0.0479 0.0006 0.188445 0.062754 0.4 0.0166362 0.0166362 0 0.4 0.0383364 0.0383364 0.0199673 0.0583037 0.0583037 
2.362 0.0494 0.0772 0.0483 0.0006 0.188445 0.065372 0.4 0.0418603 0.0418603 0 0.4 0.035814 0.035814 0.0212143 0.0570283 0.0570283 
2.372 0.0616 0.0577 0.0485 0.0007 0.191063 0.066002 0.4 0.0324005 0.0324005 0 0.4 0.03676 0.03676 0.0224132 0.0591732 0.0591732 
2.382 0.0668 0.0929 0.0491 0.0008 0.193680 0.067597 0.4 0.0563782 0.0563782 0 0.4 0.0343622 0.0343622 0.0235758 0.057938 0.057938 
2.392 0.0744 0.0760 0.0495 0.0009 0.193680 0.068028 0.4 0.0660564 0.0660564 0 0.4 0.0333944 0.0333944 0.0246859 0.0580802 0.0580802 
2.402 0.0355 0.0900 0.0501 0.0010 0.196297 0.067191 0.4 0.0458532 0.0458532 0 0.4 0.0354147 0.0354147 0.0258227 0.0612374 0.0612374 
2.412 0.1024 0.0507 0.0505 0.0011 0.196297 0.067729 0.4 0.0505747 0.0505747 0 0.4 0.0349425 0.0349425 0.0269977 0.0619402 0.0619402 
2.422 0.0775 0.0839 0.0509 0.0011 0.196297 0.068463 0.4 0.0521343 0.0521343 0 0.4 0.0347866 0.0347866 0.0281596 0.0629461 0.0629461 
2.432 0.1081 0.0846 0.0515 0.0013 0.193680 0.070048 0.4 0.0567859 0.0567859 0 0.4 0.0343214 0.0343214 0.0293026 0.063624 0.063624 
2.442 0.1098 0.0674 0.0519 0.0013 0.193680 0.070962 0.4 0.0717818 0.0717818 0 0.4 0.0328218 0.0328218 0.0304191 0.0632409 0.0632409 
2.452 0.1180 0.0875 0.0527 0.0015 0.193680 0.071614 0.4 0.0762039 0.0762039 0 0.4 0.0323796 0.0323796 0.0315374 0.063917 0.063917 
2.462 0.0948 0.0958 0.0532 0.0016 0.191063 0.072050 0.4 0.0943014 0.0943014 0 0.4 0.0305699 0.0305699 0.0325773 0.0631472 0.0631472 
2.472 0.1374 0.0902 0.0540 0.0018 0.185828 0.072516 0.4 0.105229 0.105229 0 0.4 0.0294771 0.0294771 0.0336245 0.0631016 0.0631016 
2.482 0.1910 0.0518 0.0548 0.0019 0.185828 0.073959 0.4 0.0914683 0.0914683 0 0.4 0.0308532 0.0308532 0.0346052 0.0654583 0.0654583 
2.492 0.1520 0.0817 0.0556 0.0021 0.180594 0.074183 0.4 0.129655 0.129655 0 0.4 0.0270345 0.0270345 0.0356324 0.0626669 0.0626669 
2.502 0.1084 0.1200 0.0562 0.0022 0.177976 0.073258 0.4 0.109886 0.109886 0 0.4 0.0290114 0.0290114 0.0365779 0.0655893 0.0655893 
2.512 0.1640 0.1159 0.0574 0.0024 0.177976 0.074449 0.4 0.140095 0.140095 0 0.4 0.0259905 0.0259905 0.0375233 0.0635138 0.0635138 
2.522 0.1767 0.0647 0.0582 0.0025 0.172742 0.074052 0.4 0.121686 0.121686 0 0.4 0.0278314 0.0278314 0.0384475 0.0662789 0.0662789 
2.532 0.1901 0.0995 0.0592 0.0027 0.164890 0.074525 0.4 0.150813 0.150813 0 0.4 0.0249187 0.0249187 0.0393439 0.0642626 0.0642626 
2.542 0.2104 0.1263 0.0606 0.0029 0.162272 0.076289 0.4 0.177512 0.177512 0 0.4 0.0222488 0.0222488 0.0401636 0.0624124 0.0624124 
2.552 0.1689 0.0767 0.0614 0.0030 0.157038 0.075103 0.4 0.119535 0.119535 0 0.4 0.0280465 0.0280465 0.0409999 0.0690465 0.0690465 
2.562 0.2188 0.0979 0.0626 0.0032 0.151803 0.075444 0.4 0.184866 0.184866 0 0.4 0.0215134 0.0215134 0.041887 0.0634004 0.0634004 
2.572 0.1933 0.1042 0.0638 0.0034 0.146569 0.075852 0.4 0.145206 0.145206 0 0.4 0.0254794 0.0254794 0.0426245 0.0681039 0.0681039 
2.582 0.1866 0.1365 0.0648 0.0036 0.143951 0.075825 0.4 0.174343 0.174343 0 0.4 0.0225657 0.0225657 0.0434639 0.0660296 0.0660296 
2.592 0.2223 0.1411 0.0665 0.0038 0.138717 0.077037 0.4 0.20141 0.20141 0 0.4 0.019859 0.019859 0.0441406 0.0639997 0.0639997 
2.602 0.2067 0.1109 0.0677 0.0040 0.128248 0.075573 0.4 0.192429 0.192429 0 0.4 0.0207571 0.0207571 0.0449027 0.0656598 0.0656598 
2.612 0.2256 0.1253 0.0691 0.0041 0.125630 0.075500 0.4 0.196952 0.196952 0 0.4 0.0203048 0.0203048 0.0455798 0.0658846 0.0658846 
2.622 0.2341 0.1174 0.0705 0.0043 0.117778 0.075698 0.4 0.187859 0.187859 0 0.4 0.0212141 0.0212141 0.0463109 0.0675251 0.0675251 
2.632 0.2526 0.1377 0.0719 0.0045 0.109926 0.075873 0.4 0.247147 0.247147 0 0.4 0.0152853 0.0152853 0.0469253 0.0622107 0.0622107 
2.642 0.2232 0.1214 0.0735 0.0046 0.104692 0.075138 0.4 0.206108 0.206108 0 0.4 0.0193892 0.0193892 0.0475477 0.0669369 0.0669369 
2.652 0.2565 0.1143 0.0751 0.0048 0.094223 0.074863 0.4 0.213755 0.213755 0 0.4 0.0186245 0.0186245 0.0481711 0.0667956 0.0667956 
2.662 0.2692 0.1132 0.0765 0.0049 0.086371 0.074347 0.4 0.229382 0.229382 0 0.4 0.0170618 0.0170618 0.0487637 0.0658255 0.0658255 
2.672 0.2643 0.1205 0.0784 0.0051 0.073284 0.075108 0.4 0.223762 0.223762 0 0.4 0.0176238 0.0176238 0.0492343 0.0668581 0.0668581 
2.682 0.2588 0.1345 0.0800 0.0052 0.068050 0.074250 0.4 0.241225 0.241225 0 0.4 0.0158775 0.0158775 0.0498094 0.0656868 0.0656868 
2.692 0.2814 0.1308 0.0816 0.0053 0.057580 0.074377 0.4 0.266493 0.266493 0 0.4 0.0133507 0.0133507 0.0503219 0.0636725 0.0636725 
2.702 0.2981 0.1363 0.0836 0.0054 0.047111 0.075152 0.4 0.244878 0.244878 0 0.4 0.0155122 0.0155122 0.0507649 0.0662771 0.0662771 
2.712 0.3130 -0.0365 0.0852 0.0055 0.036642 0.074555 0.4 0.276821 0.276821 0 0.4 0.0123179 0.0123179 0.0512547 0.0635726 0.0635726 
2.722 0.3007 0.0998 0.0869 0.0055 0.026173 0.073228 0.4 0.248003 0.248003 0 0.4 0.0151997 0.0151997 0.051744 0.0669437 0.0669437 
2.732 0.3064 0.1719 0.0891 0.0056 0.018321 0.074061 0.4 0.299497 0.299497 0 0.4 0.0100503 0.0100503 0.0522004 0.0622507 0.0622507 
2.742 0.2756 0.1450 0.0909 0.0056 0.005235 0.074254 0.4 0.237454 0.237454 0 0.4 0.0162546 0.0162546 0.0526076 0.0688621 0.0688621 
2.752 0.3158 0.1123 0.0929 0.0056 -0.000000 0.073927 0.4 0.257568 0.257568 0 0.4 0.0142432 0.0142432 0.0530916 0.0673347 0.0673347 
2.762 0.3206 0.1672 0.0950 0.0056 -0.010469 0.074648 0.4 0.30371 0.30371 0 0.4 0.00962899 0.00962899 0.0534521 0.0630811 0.0630811 
2.772 0.2756 0.1515 0.0970 0.0055 -0.020938 0.073858 0.4 0.237913 0.237913 0 0.4 0.0162087 0.0162087 0.0538566 0.0700653 0.0700653 
2.782 0.2859 0.1593 0.0990 0.0055 -0.026173 0.073546 0.4 0.245607 0.245607 0 0.4 0.0154393 0.0154393 0.0543278 0.0697672 0.0697672 
2.792 0.3113 0.1918 0.1013 0.0054 -0.039259 0.074087 0.4 0.313297 0.313297 0 0.4 0.00867027 0.00867027 0.0546737 0.0633439 0.0633439 
2.802 0.3354 0.1200 0.1033 0.0053 -0.049729 0.073437 0.4 0.282688 0.282688 0 0.4 0.0117312 0.0117312 0.0550548 0.066786 0.066786 
2.812 0.2903 0.1635 0.1055 0.0052 -0.057580 0.072698 0.4 0.263822 0.263822 0 0.4 0.0136178 0.0136178 0.0554495 0.0690673 0.0690673 
2.822 0.3252 0.1966 0.1077 0.0051 -0.065432 0.073725 0.4 0.326044 0.326044 0 0.4 0.00739555 0.00739555 0.0557891 0.0631847 0.0631847 
2.832 0.3034 0.1910 0.1100 0.0049 -0.073284 0.074277 0.4 0.270702 0.270702 0 0.4 0.0129298 0.0129298 0.056118 0.0690478 0.0690478 
2.842 0.3179 0.1868 0.1122 0.0047 -0.086371 0.074190 0.4 0.292312 0.292312 0 0.4 0.0107688 0.0107688 0.0564856 0.0672543 0.0672543 
2.852 0.3157 0.2111 0.1146 0.0045 -0.091605 0.074717 0.4 0.313056 0.313056 0 0.4 0.00869445 0.00869445 0.0567798 0.0654743 0.0654743 
2.862 0.3326 0.1519 0.1168 0.0043 -0.099457 0.073928 0.4 0.263258 0.263258 0 0.4 0.0136742 0.0136742 0.0571534 0.0708276 0.0708276 
2.872 0.3170 0.2122 0.1193 0.0041 -0.109926 0.074331 0.4 0.280619 0.280619 0 0.4 0.0119381 0.0119381 0.0574398 0.0693779 0.0693779 
2.882 0.3128 0.2028 0.1219 0.0038 -0.117778 0.075462 0.4 0.258677 0.258677 0 0.4 0.0141323 0.0141323 0.0577222 0.0718545 0.0718545 
2.892 0.3252 0.2281 0.1243 0.0035 -0.123013 0.074924 0.4 0.324048 0.324048 0 0.4 0.00759522 0.00759522 0.0580983 0.0656935 0.0656935 
2.902 0.3412 0.2575 0.1269 0.0031 -0.130865 0.076027 0.4 0.353009 0.353009 0 0.4 0.0046991 0.0046991 0.0583663 0.0630655 0.0630655 
2.912 0.3114 0.2129 0.1295 0.0028 -0.133482 0.075775 0.4 0.249362 0.249362 0 0.4 0.0150638 0.0150638 0.0587009 0.0737647 0.0737647 
2.922 0.3216 0.2443 0.1321 0.0024 -0.141334 0.075594 0.4 0.334444 0.334444 0 0.4 0.00655558 0.00655558 0.0590343 0.0655899 0.0655899 
2.932 0.3231 0.2825 0.1347 0.0020 -0.143951 0.076968 0.4 0.320485 0.320485 0 0.4 0.00795148 0.00795148 0.0592891 0.0672406 0.0672406 
2.942 0.2852 0.2674 0.1372 0.0017 -0.149186 0.076225 0.4 0.264058 0.264058 0 0.4 0.0135942 0.0135942 0.0596834 0.0732776 0.0732776 
2.952 0.3049 0.2802 0.1398 0.0013 -0.151803 0.077037 0.4 0.300662 0.300662 0 0.4 0.00993379 0.00993379 0.0600448 0.0699786 0.0699786 
2.962 0.3252 0.2903 0.1428 0.0008 -0.154421 0.078165 0.4 0.32408 0.32408 0 0.4 0.00759198 0.00759198 0.0603801 0.0679721 0.0679721 
2.972 0.3032 0.3570 0.1456 0.0004 -0.159655 0.079401 0.4 0.340027 0.340027 0 0.4 0.00599728 0.00599728 0.0606613 0.0666586 0.0666586 
2.982 0.3098 0.3070 0.1486 -0.0001 -0.157038 0.079768 0.4 0.29055 0.29055 0 0.4 0.010945 0.010945 0.0609557 0.0719006 0.0719006 
2.992 0.3236 0.2843 0.1514 -0.0005 -0.157038 0.079071 0.4 0.30238 0.30238 0 0.4 0.00976198 0.00976198 0.0612983 0.0710603 0.0710603 
3.002 0.3247 0.2927 0.1542 -0.0010 -0.157038 0.079063 0.4 0.279957 0.279957 0 0.4 0.0120043 0.0120043 0.0616053 0.0736097 0.0736097 
3.012 0.3113 0.3277 0.1572 -0.0015 -0.159655 0.079428 0.4 0.294942 0.294942 0 0.4 0.0105058 0.0105058 0.0618999 0.0724056 0.0724056 
3.022 0.3175 0.3170 0.1602 -0.0019 -0.162272 0.078400 0.4 0.306966 0.306966 0 0.4 0.00930342 0.00930342 0.062206 0.0715094 0.0715094 
3.032 0.3501 0.2869 0.1634 -0.0025 -0.162272 0.078653 0.4 0.290083 0.290083 0 0.4 0.0109917 0.0109917 0.0624258 0.0734175 0.0734175 
3.042 0.3379 0.2992 0.1662 -0.0029 -0.162272 0.077908 0.4 0.32148 0.32148 0 0.4 0.00785201 0.00785201 0.0627327 0.0705847 0.0705847 
3.052 0.3698 0.3014 0.1696 -0.0035 -0.164890 0.078062 0.4 0.331834 0.331834 0 0.4 0.00681661 0.00681661 0.0629373 0.0697539 0.0697539 
3.062 0.3472 0.2944 0.1726 -0.0040 -0.167507 0.077903 0.4 0.28564 0.28564 0 0.4 0.011436 0.011436 0.0631063 0.0745423 0.0745423 
3.072 0.3560 0.3146 0.1758 -0.0045 -0.167507 0.077265 0.4 0.323327 0.323327 0 0.4 0.00766732 0.00766732 0.0633317 0.070999 0.070999 
3.082 0.3729 0.3672 0.1790 -0.0051 -0.172742 0.078325 0.4 0.372954 0.372954 0 0.4 0.00270459 0.00270459 0.0634453 0.0661499 0.0661499 
3.092 0.3569 0.3263 0.1826 -0.0057 -0.172742 0.077651 0.4 0.338549 0.338549 0 0.4 0.00614507 0.00614507 0.0636434 0.0697885 0.0697885 
3.102 0.3760 0.3740 0.1860 -0.0063 -0.175359 0.077909 0.4 0.385857 0.385857 0 0.4 0.00141426 0.00141426 0.0637689 0.0651831 0.0651831 
3.112 0.3658 0.3626 0.1892 -0.0069 -0.175359 0.078174 0.4 0.360632 0.360632 0 0.4 0.00393681 0.00393681 0.0638867 0.0678235 0.0678235 
3.122 0.3956 0.3707 0.1928 -0.0075 -0.175359 0.078460 0.4 0.371559 0.371559 0 0.4 0.00284407 0.00284407 0.0639617 0.0668058 0.0668058 
3.132 0.3975 0.3608 0.1964 -0.0082 -0.175359 0.078077 0.4 0.37217 0.37217 0 0.4 0.002783 0.002783 0.0640465 0.0668295 0.0668295 
3.142 0.4004 0.4083 0.2000 -0.0088 -0.175359 0.077738 0.4 0.428272 0.428272 0 0.4 -0.00282722 -0.00282722 0.0640959 0.0612687 0.0612687 
3.152 0.4029 0.3735 0.2036 -0.0094 -0.175359 0.077114 0.4 0.380504 0.380504 0 0.4 0.00194959 0.00194959 0.0641195 0.066069 0.066069 
3.162 0.4275 0.3874 0.2076 -0.0101 -0.175359 0.076772 0.4 0.416225 0.416225 0 0.4 -0.00162252 -0.00162252 0.0641223 0.0624998 0.0624998 
3.172 0.3783 0.4079 0.2114 -0.0108 -0.177976 0.075767 0.4 0.390015 0.390015 0 0.4 0.000998476 0.000998476 0.064141 0.0651394 0.0651394 
3.182 0.4063 0.3780 0.2149 -0.0115 -0.177976 0.075185 0.4 0.354836 0.354836 0 0.4 0.00451642 0.00451642 0.0641513 0.0686677 0.0686677 
3.192 0.4473 0.4069 0.2189 -0.0122 -0.177976 0.075797 0.4 0.444607 0.444607 0 0.4 -0.00446071 -0.00446071 0.0640858 0.0596251 0.0596251 
3.202 0.4205 0.4080 0.2229 -0.0129 -0.177976 0.075030 0.4 0.412469 0.412469 0 0.4 -0.00124694 -0.00124694 0.0640512 0.0628043 0.0628043 
3.212 0.3598 0.4553 0.2269 -0.0136 -0.177976 0.074161 0.4 0.400953 0.400953 0 0.4 -9.52929e-05 -9.52929e-05 0.0640135 0.0639182 0.0639182 
3.222 0.3962 0.4313 0.2309 -0.0143 -0.177976 0.073653 0.4 0.393229 0.393229 0 0.4 0.000677142 0.000677142 0.063931 0.0646081 0.0646081 
3.232 0.4111 0.4635 0.2351 -0.0151 -0.175359 0.073576 0.4 0.46315 0.46315 0 0.4 -0.00631501 -0.00631501 0.0638505 0.0575355 0.0575355 
3.242 0.3833 0.4805 0.2391 -0.0158 -0.175359 0.073313 0.4 0.433087 0.433087 0 0.4 -0.00330871 -0.00330871 0.0637133 0.0604046 0.0604046 
3.252 0.4179 0.4714 0.2433 -0.0165 -0.167507 0.072266 0.4 0.46947 0.46947 0 0.4 -0.00694701 -0.00694701 0.0635437 0.0565967 0.0565967 
3.262 0.4366 0.4407 0.2477 -0.0173 -0.167507 0.071594 0.4 0.438455 0.438455 0 0.4 -0.00384554 -0.00384554 0.0633489 0.0595034 0.0595034 
3.272 0.4377 0.4391 0.2519 -0.0180 -0.164890 0.069971 0.4 0.462424 0.462424 0 0.4 -0.00624241 -0.00624241 0.0631265 0.0568841 0.0568841 
3.282 0.4188 0.5154 0.2563 -0.0187 -0.159655 0.069126 0.4 0.50343 0.50343 0 0.4 -0.010343 -0.010343 0.0629121 0.0525691 0.0525691 
3.292 0.4247 0.5069 0.2607 -0.0194 -0.154421 0.068835 0.4 0.499274 0.499274 0 0.4 -0.00992739 -0.00992739 0.0625995 0.0526721 0.0526721 
3.302 0.4085 0.5368 0.2651 -0.0201 -0.149186 0.067730 0.4 0.517533 0.517533 0 0.4 -0.0117533 -0.0117533 0.0622794 0.0505262 0.0505262 
3.312 0.4398 0.4750 0.2697 -0.0208 -0.141334 0.066281 0.4 0.462578 0.462578 0 0.4 -0.00625779 -0.00625779 0.0619398 0.055682 0.055682 
3.322 0.4791 0.4835 0.2744 -0.0214 -0.138717 0.065631 0.4 0.507022 0.507022 0 0.4 -0.0107022 -0.0107022 0.06155 0.0508478 0.0508478 
3.332 0.4041 0.5620 0.2788 -0.0220 -0.128248 0.063664 0.4 0.542445 0.542445 0 0.4 -0.0142445 -0.0142445 0.0611367 0.0468922 0.0468922 
3.342 0.3802 0.5712 0.2836 -0.0226 -0.123013 0.062338 0.4 0.521217 0.521217 0 0.4 -0.0121217 -0.0121217 0.0606789 0.0485571 0.0485571 
3.352 0.4257 0.5356 0.2885 -0.0232 -0.112544 0.060951 0.4 0.51977 0.51977 0 0.4 -0.011977 -0.011977 0.0602008 0.0482237 0.0482237 
3.362 0.4854 0.5236 0.2933 -0.0237 -0.107309 0.060474 0.4 0.55443 0.55443 0 0.4 -0.015443 -0.015443 0.0596864 0.0442435 0.0442435 
3.372 0.4330 0.5672 0.2981 -0.0242 -0.096840 0.058220 0.4 0.561075 0.561075 0 0.4 -0.0161075 -0.0161075 0.0592019 0.0430944 0.0430944 
3.382 0.4697 0.5214 0.3032 -0.0247 -0.088988 0.056519 0.4 0.562372 0.562372 0 0.4 -0.0162372 -0.0162372 0.0586938 0.0424566 0.0424566 
3.392 0.4269 0.5618 0.3078 -0.0251 -0.081136 0.054900 0.4 0.544934 0.544934 0 0.4 -0.0144934 -0.0144934 0.0582056 0.0437122 0.0437122 
3.402 0.4675 0.5096 0.3127 -0.0255 -0.075902 0.052895 0.4 0.555886 0.555886 0 0.4 -0.0155886 -0.0155886 0.057745 0.0421565 0.0421565 
3.412 0.4314 0.5339 0.3175 -0.0258 -0.070667 0.051394 0.4 0.504918 0.504918 0 0.4 -0.0104918 -0.0104918 0.0573029 0.046811 0.046811 
3.422 0.4314 0.5417 0.3226 -0.0262 -0.062815 0.050170 0.4 0.510317 0.510317 0 0.4 -0.0110317 -0.0110317 0.0568536 0.0458219 0.0458219 
3.432 0.4793 0.4828 0.3273 -0.0264 -0.060198 0.049708 0.4 0.490619 0.490619 0 0.4 -0.00906193 -0.00906193 0.0564519 0.04739 0.04739 
3.442 0.4607 0.5202 0.3323 -0.0267 -0.057581 0.048527 0.4 0.531808 0.531808 0 0.4 -0.0131808 -0.0131808 0.0560238 0.042843 0.042843 
3.452 0.4774 0.5008 0.3372 -0.0270 -0.052346 0.048859 0.4 0.486841 0.486841 0 0.4 -0.00868414 -0.00868414 0.055617 0.0469328 0.0469328 
3.462 0.5151 0.4890 0.3422 -0.0273 -0.049729 0.048040 0.4 0.522644 0.522644 0 0.4 -0.0122644 -0.0122644 0.0552268 0.0429624 0.0429624 
3.472 0.4881 0.4895 0.3471 -0.0275 -0.049729 0.047722 0.4 0.50265 0.50265 0 0.4 -0.010265 -0.010265 0.0548397 0.0445747 0.0445747 
3.482 0.5161 0.4650 0.3522 -0.0278 -0.047111 0.047431 0.4 0.483932 0.483932 0 0.4 -0.00839315 -0.00839315 0.0544609 0.0460678 0.0460678 
3.492 0.4641 0.5144 0.3568 -0.0280 -0.049729 0.046023 0.4 0.494256 0.494256 0 0.4 -0.00942555 -0.00942555 0.0540926 0.044667 0.044667 
3.502 0.5455 0.4714 0.3621 -0.0282 -0.049729 0.046377 0.4 0.51789 0.51789 0 0.4 -0.011789 -0.011789 0.0536832 0.0418942 0.0418942 
3.512 0.5562 0.4638 0.3672 -0.0285 -0.052346 0.047157 0.4 0.484395 0.484395 0 0.4 -0.0084395 -0.0084395 0.0532411 0.0448016 0.0448016 
3.522 0.5552 0.4859 0.3726 -0.0288 -0.054963 0.046412 0.4 0.524051 0.524051 0 0.4 -0.0124051 -0.0124051 0.0527748 0.0403697 0.0403697 
3.532 0.5714 0.4902 0.3777 -0.0291 -0.057581 0.046296 0.4 0.566033 0.566033 0 0.4 -0.0166033 -0.0166033 0.0522704 0.0356671 0.0356671 
3.542 0.5891 0.4819 0.3830 -0.0294 -0.062815 0.046227 0.4 0.567692 0.567692 0 0.4 -0.0167692 -0.0167692 0.0516859 0.0349167 0.0349167 
3.552 0.5967 0.4987 0.3882 -0.0298 -0.068050 0.045224 0.4 0.600453 0.600453 0 0.4 -0.0200453 -0.0200453 0.0511683 0.031123 0.031123 
3.562 0.5928 0.4832 0.3937 -0.0301 -0.070667 0.043675 0.4 0.573747 0.573747 0 0.4 -0.0173747 -0.0173747 0.0505686 0.0331939 0.0331939 
3.572 0.5908 0.4791 0.3993 -0.0306 -0.075902 0.043169 0.4 0.545912 0.545912 0 0.4 -0.0145912 -0.0145912 0.0499559 0.0353647 0.0353647 
3.582 0.6113 0.4935 0.4048 -0.0310 -0.083753 0.042127 0.4 0.601566 0.601566 0 0.4 -0.0201566 -0.0201566 0.0492826 0.0291261 0.0291261 
3.592 0.6064 0.5145 0.4101 -0.0315 -0.088988 0.040220 0.4 0.635988 0.635988 0 0.4 -0.0235988 -0.0235988 0.0486637 0.0250649 0.0250649 
3.602 0.5962 0.5154 0.4157 -0.0320 -0.094223 0.038971 0.4 0.610582 0.610582 0 0.4 -0.0210582 -0.0210582 0.0480144 0.0269562 0.0269562 
3.612 0.5942 0.5187 0.4214 -0.0325 -0.099457 0.038326 0.4 0.608483 0.608483 0 0.4 -0.0208483 -0.0208483 0.0473184 0.0264701 0.0264701 
3.622 0.5798 0.5164 0.4268 -0.0331 -0.107309 0.036967 0.4 0.56961 0.56961 0 0.4 -0.016961 -0.016961 0.0466267 0.0296657 0.0296657 
3.632 0.6136 0.5506 0.4325 -0.0337 -0.112544 0.036495 0.4 0.644748 0.644748 0 0.4 -0.0244748 -0.0244748 0.0459044 0.0214296 0.0214296 
3.642 0.5738 0.5462 0.4381 -0.0344 -0.117778 0.034738 0.4 0.601975 0.601975 0 0.4 -0.0201975 -0.0201975 0.0451789 0.0249814 0.0249814 
3.652 0.5655 0.5686 0.4439 -0.0351 -0.120396 0.033703 0.4 0.612657 0.612657 0 0.4 -0.0212657 -0.0212657 0.0444774 0.0232118 0.0232118 
3.662 0.5496 0.5718 0.4496 -0.0358 -0.125630 0.032629 0.4 0.598129 0.598129 0 0.4 -0.0198129 -0.0198129 0.0437947 0.0239818 0.0239818 
3.672 0.5725 0.5681 0.4550 -0.0365 -0.128248 0.031676 0.4 0.631492 0.631492 0 0.4 -0.0231492 -0.0231492 0.0431352 0.019986 0.019986 
3.682 0.6001 0.5371 0.4608 -0.0372 -0.130865 0.030529 0.4 0.604441 0.604441 0 0.4 -0.0204441 -0.0204441 0.0424784 0.0220342 0.0220342 
3.692 0.5567 0.5898 0.4665 -0.0379 -0.130865 0.029960 0.4 0.604516 0.604516 0 0.4 -0.0204516 -0.0204516 0.0418532 0.0214016 0.0214016 
3.702 0.5770 0.5742 0.4721 -0.0387 -0.130865 0.029396 0.4 0.607042 0.607042 0 0.4 -0.0207042 -0.0207042 0.0411907 0.0204865 0.0204865 
3.712 0.6101 0.5688 0.4781 -0.0395 -0.130865 0.029595 0.4 0.609741 0.609741 0 0.4 -0.0209741 -0.0209741 0.0405025 0.0195285 0.0195285 
3.722 0.5419 0.6173 0.4838 -0.0402 -0.130865 0.029361 0.4 0.575468 0.575468 0 0.4 -0.0175468 -0.0175468 0.0398172 0.0222704 0.0222704 
3.732 0.5296 0.6482 0.4896 -0.0410 -0.128248 0.028528 0.4 0.636071 0.636071 0 0.4 -0.0236071 -0.0236071 0.0390976 0.0154905 0.0154905 
3.742 0.5034 0.6627 0.4956 -0.0418 -0.123013 0.026920 0.4 0.640717 0.640717 0 0.4 -0.0240717 -0.0240717 0.0383652 0.0142935 0.0142935 
3.752 0.5124 0.6506 0.5013 -0.0424 -0.117778 0.025096 0.4 0.619833 0.619833 0 0.4 -0.0219833 -0.0219833 0.0375726 0.0155893 0.0155893 
3.762 0.4928 0.6478 0.5071 -0.0431 -0.109926 0.022959 0.4 0.60272 0.60272 0 0.4 -0.020272 -0.020272 0.0367453 0.0164733 0.0164733 
3.772 0.5329 0.6559 0.5134 -0.0438 -0.102075 0.021139 0.4 0.674308 0.674308 0 0.4 -0.0274308 -0.0274308 0.0358738 0.00844292 0.00844292 
3.782 0.5047 0.7005 0.5192 -0.0443 -0.094223 0.019796 0.4 0.694609 0.694609 0 0.4 -0.0294609 -0.0294609 0.035004 0.00554309 0.00554309 
3.792 0.5081 0.7093 0.5253 -0.0449 -0.083753 0.019075 0.4 0.68239 0.68239 0 0.4 -0.028239 -0.028239 0.0340912 0.00585216 0.00585216 
3.802 0.5151 0.7024 0.5316 -0.0454 -0.075902 0.017299 0.4 0.704766 0.704766 0 0.4 -0.0304766 -0.0304766 0.0331256 0.00264905 0.00264905 
3.812 0.5050 0.7117 0.5376 -0.0458 -0.065432 0.015552 0.4 0.686673 0.686673 0 0.4 -0.0286673 -0.0286673 0.0321601 0.0034928 0.0034928 
3.822 0.5208 0.7054 0.5437 -0.0462 -0.054963 0.013605 0.4 0.720197 0.720197 0 0.4 -0.0320197 -0.0320197 0.0311291 -0.000890566 -0.000890566 
3.832 0.4950 0.7184 0.5500 -0.0465 -0.041877 0.010967 0.4 0.737155 0.737155 0 0.4 -0.0337155 -0.0337155 0.0300767 -0.00363877 -0.00363877 
3.842 0.5308 0.6559 0.5561 -0.0467 -0.026173 0.007832 0.4 0.712919 0.712919 0 0.4 -0.0312919 -0.0312919 0.0290359 -0.00225601 -0.00225601 
3.852 0.5113 0.6533 0.5624 -0.0468 -0.018321 0.004899 0.4 0.691993 0.691993 0 0.4 -0.0291993 -0.0291993 0.0280312 -0.00116805 -0.00116805 
3.862 0.5341 0.6384 0.5682 -0.0469 -0.005235 0.002503 0.4 0.701769 0.701769 0 0.4 -0.0301769 -0.0301769 0.0270455 -0.00313138 -0.00313138 
3.872 0.4695 0.6675 0.5743 -0.0469 0.005235 0.000146 0.4 0.643555 0.643555 0 0.4 -0.0243555 -0.0243555 0.0261182 0.00176269 0.00176269 
3.882 0.5295 0.6588 0.5804 -0.0469 0.015704 -0.001307 0.4 0.708201 0.708201 0 0.4 -0.0308201 -0.0308201 0.0250972 -0.00572288 -0.00572288 
3.892 0.4877 0.6540 0.5863 -0.0467 0.028790 -0.001928 0.4 0.625488 0.625488 0 0.4 -0.0225488 -0.0225488 0.0241264 0.00157768 0.00157768 
3.902 0.5577 0.6322 0.5924 -0.0465 0.039259 -0.002801 0.4 0.703798 0.703798 0 0.4 -0.0303798 -0.0303798 0.023165 -0.00721479 -0.00721479 
3.912 0.5273 0.6296 0.5984 -0.0463 0.049729 -0.004200 0.4 0.6682 0.6682 0 0.4 -0.02682 -0.02682 0.0222233 -0.0045967 -0.0045967 
3.922 0.5456 0.5988 0.6045 -0.0459 0.054963 -0.004646 0.4 0.636487 0.636487 0 0.4 -0.0236487 -0.0236487 0.0213611 -0.0022876 -0.0022876 
3.932 0.5280 0.5827 0.6104 -0.0456 0.062815 -0.005697 0.4 0.586774 0.586774 0 0.4 -0.0186774 -0.0186774 0.0205483 0.00187087 0.00187087 
3.942 0.5301 0.6304 0.6163 -0.0452 0.070667 -0.006425 0.4 0.642069 0.642069 0 0.4 -0.0242069 -0.0242069 0.0196996 -0.00450737 -0.00450737 
3.952 0.5741 0.6010 0.6221 -0.0448 0.073284 -0.005746 0.4 0.64296 0.64296 0 0.4 -0.024296 -0.024296 0.0188966 -0.00539941 -0.00539941 
3.962 0.5433 0.6290 0.6282 -0.0443 0.078519 -0.005446 0.4 0.627908 0.627908 0 0.4 -0.0227908 -0.0227908 0.0181373 -0.00465347 -0.00465347 
3.972 0.5573 0.5915 0.6341 -0.0438 0.081136 -0.005967 0.4 0.602981 0.602981 0 0.4 -0.0202981 -0.0202981 0.0173959 -0.00290222 -0.00290222 
3.982 0.5678 0.5576 0.6399 -0.0433 0.083753 -0.006695 0.4 0.603991 0.603991 0 0.4 -0.0203991 -0.0203991 0.0167428 -0.00365631 -0.00365631 
3.992 0.5991 0.5278 0.6456 -0.0429 0.083753 -0.006957 0.4 0.587908 0.587908 0 0.4 -0.0187908 -0.0187908 0.016115 -0.00267578 -0.00267578 
4.002 0.5902 0.5361 0.6512 -0.0424 0.083753 -0.007688 0.4 0.615251 0.615251 0 0.4 -0.0215251 -0.0215251 0.0154486 -0.00607644 -0.00607644 
4.012 0.5947 0.5316 0.6571 -0.0419 0.081136 -0.008826 0.4 0.611964 0.611964 0 0.4 -0.0211964 -0.0211964 0.0148177 -0.00637865 -0.00637865 
4.022 0.6242 0.5290 0.6630 -0.0414 0.078519 -0.008156 0.4 0.620821 0.620821 0 0.4 -0.0220821 -0.0220821 0.0141044 -0.00797776 -0.00797776 
4.032 0.6269 0.5413 0.6688 -0.0410 0.075902 -0.007547 0.4 0.636487 0.636487 0 0.4 -0.0236487 -0.0236487 0.0133888 -0.0102599 -0.0102599 
4.042 0.6296 0.5462 0.6747 -0.0405 0.073284 -0.007626 0.4 0.64556 0.64556 0 0.4 -0.024556 -0.024556 0.0126374 -0.0119186 -0.0119186 
4.052 0.6382 0.5361 0.6806 -0.0401 0.070667 -0.008537 0.4 0.653226 0.653226 0 0.4 -0.0253226 -0.0253226 0.0118659 -0.0134568 -0.0134568 
4.062 0.6220 0.4924 0.6864 -0.0397 0.062815 -0.009417 0.4 0.563641 0.563641 0 0.4 -0.0163641 -0.0163641 0.0110702 -0.00529395 -0.00529395 
4.072 0.6369 0.5146 0.6925 -0.0394 0.057580 -0.009992 0.4 0.641308 0.641308 0 0.4 -0.0241308 -0.0241308 0.0102555 -0.0138753 -0.0138753 
4.082 0.6335 0.5267 0.6984 -0.0390 0.049729 -0.010834 0.4 0.653183 0.653183 0 0.4 -0.0253183 -0.0253183 0.0094263 -0.015892 -0.015892 
4.092 0.5863 0.5208 0.7043 -0.0388 0.041877 -0.011935 0.4 0.566099 0.566099 0 0.4 -0.0166099 -0.0166099 0.00858823 -0.00802169 -0.00802169 
4.102 0.6397 0.5160 0.7101 -0.0385 0.039259 -0.013151 0.4 0.654192 0.654192 0 0.4 -0.0254192 -0.0254192 0.00782284 -0.0175964 -0.0175964 
4.112 0.6078 0.5260 0.7160 -0.0383 0.031408 -0.015172 0.4 0.645261 0.645261 0 0.4 -0.0245261 -0.0245261 0.00704511 -0.017481 -0.017481 
4.122 0.5941 0.5054 0.7217 -0.0382 0.026173 -0.016364 0.4 0.592379 0.592379 0 0.4 -0.0192379 -0.0192379 0.00629778 -0.0129401 -0.0129401 
4.132 0.6010 0.5344 0.7276 -0.0380 0.023556 -0.017171 0.4 0.643768 0.643768 0 0.4 -0.0243768 -0.0243768 0.00557817 -0.0187986 -0.0187986 
4.142 0.5799 0.5152 0.7333 -0.0379 0.018321 -0.018019 0.4 0.600823 0.600823 0 0.4 -0.0200823 -0.0200823 0.00484155 -0.0152408 -0.0152408 
4.152 0.5677 0.5636 0.7391 -0.0378 0.015704 -0.017956 0.4 0.620623 0.620623 0 0.4 -0.0220623 -0.0220623 0.00415923 -0.0179031 -0.0179031 
4.162 0.5336 0.5457 0.7448 -0.0377 0.010469 -0.017913 0.4 0.546034 0.546034 0 0.4 -0.0146034 -0.0146034 0.00348818 -0.0111153 -0.0111153 
4.172 0.5831 0.5464 0.7507 -0.0377 0.007852 -0.017781 0.4 0.629573 0.629573 0 0.4 -0.0229573 -0.0229573 0.0028168 -0.0201405 -0.0201405 
4.182 0.5678 0.5470 0.7564 -0.0376 0.007852 -0.018302 0.4 0.608255 0.608255 0 0.4 -0.0208255 -0.0208255 0.00216351 -0.018662 -0.018662 
4.192 0.5804 0.5212 0.7623 -0.0376 0.005235 -0.017982 0.4 0.571918 0.571918 0 0.4 -0.0171918 -0.0171918 0.00153159 -0.0156603 -0.0156603 
4.202 0.5321 0.5907 0.7681 -0.0376 0.002617 -0.018398 0.4 0.600083 0.600083 0 0.4 -0.0200083 -0.0200083 0.000856605 -0.0191517 -0.0191517 
4.212 0.5524 0.5489 0.7738 -0.0375 0.002617 -0.018527 0.4 0.591911 0.591911 0 0.4 -0.0191911 -0.0191911 0.000221455 -0.0189696 -0.0189696 
4.222 0.5514 0.5652 0.7795 -0.0375 0.002617 -0.019147 0.4 0.595131 0.595131 0 0.4 -0.0195131 -0.0195131 -0.000414948 -0.019928 -0.019928 
4.232 0.5434 0.5731 0.7854 -0.0375 0.005235 -0.019211 0.4 0.590117 0.590117 0 0.4 -0.0190117 -0.0190117 -0.00106302 -0.0200747 -0.0200747 
4.242 0.5313 0.5990 0.7909 -0.0375 0.007852 -0.019430 0.4 0.610812 0.610812 0 0.4 -0.0210812 -0.0210812 -0.00167632 -0.0227575 -0.0227575 
4.252 0.5290 0.5682 0.7967 -0.0374 0.010469 -0.019710 0.4 0.567353 0.567353 0 0.4 -0.0167353 -0.0167353 -0.00234187 -0.0190771 -0.0190771 
4.262 0.5331 0.5745 0.8024 -0.0374 0.010469 -0.020078 0.4 0.587837 0.587837 0 0.4 -0.0187837 -0.0187837 -0.00301073 -0.0217944 -0.0217944 
4.272 0.5262 0.5842 0.8081 -0.0373 0.015704 -0.021202 0.4 0.608978 0.608978 0 0.4 -0.0208978 -0.0208978 -0.00368653 -0.0245843 -0.0245843 
4.282 0.5256 0.5720 0.8138 -0.0372 0.020938 -0.022313 0.4 0.598607 0.598607 0 0.4 -0.0198607 -0.0198607 -0.00438458 -0.0242453 -0.0242453 
4.292 0.5271 0.5957 0.8197 -0.0370 0.023556 -0.023093 0.4 0.631902 0.631902 0 0.4 -0.0231902 -0.0231902 -0.0050818 -0.028272 -0.028272 
4.302 0.4895 0.5858 0.8253 -0.0369 0.028790 -0.024134 0.4 0.569577 0.569577 0 0.4 -0.0169576 -0.0169576 -0.00580687 -0.0227645 -0.0227645 
4.312 0.4976 0.5909 0.8312 -0.0367 0.036642 -0.025593 0.4 0.60112 0.60112 0 0.4 -0.020112 -0.020112 -0.00655092 -0.0266629 -0.0266629 
4.322 0.4730 0.5679 0.8367 -0.0365 0.039259 -0.027362 0.4 0.573772 0.573772 0 0.4 -0.0173772 -0.0173772 -0.00723865 -0.0246159 -0.0246159 
4.332 0.4786 0.5951 0.8422 -0.0362 0.047111 -0.028880 0.4 0.616146 0.616146 0 0.4 -0.0216146 -0.0216146 -0.00792462 -0.0295392 -0.0295392 
4.342 0.4822 0.6252 0.8478 -0.0360 0.052346 -0.029451 0.4 0.639035 0.639035 0 0.4 -0.0239035 -0.0239035 -0.00864065 -0.0325442 -0.0325442 
4.352 0.5123 0.6006 0.8535 -0.0356 0.062815 -0.029708 0.4 0.647837 0.647837 0 0.4 -0.0247837 -0.0247837 -0.00937607 -0.0341598 -0.0341598 
4.362 0.4742 0.6134 0.8592 -0.0353 0.068050 -0.030377 0.4 0.6288 0.6288 0 0.4 -0.02288 -0.02288 -0.0100878 -0.0329678 -0.0329678 
4.372 0.4550 0.6036 0.8646 -0.0349 0.075902 -0.031504 0.4 0.591192 0.591192 0 0.4 -0.0191192 -0.0191192 -0.0107997 -0.0299189 -0.0299189 
4.382 0.4638 0.5887 0.8701 -0.0344 0.083753 -0.033090 0.4 0.614784 0.614784 0 0.4 -0.0214784 -0.0214784 -0.0115119 -0.0329903 -0.0329903 
4.392 0.4974 0.5298 0.8755 -0.0340 0.091605 -0.034632 0.4 0.588903 0.588903 0 0.4 -0.0188903 -0.0188903 -0.012174 -0.0310644 -0.0310644 
4.402 0.4667 0.5449 0.8810 -0.0335 0.094223 -0.035634 0.4 0.561399 0.561399 0 0.4 -0.0161399 -0.0161399 -0.0127755 -0.0289154 -0.0289154 
4.412 0.4864 0.5128 0.8862 -0.0330 0.099457 -0.036731 0.4 0.562664 0.562664 0 0.4 -0.0162664 -0.0162664 -0.0133198 -0.0295862 -0.0295862 
4.422 0.4700 0.5031 0.8913 -0.0325 0.102075 -0.037366 0.4 0.522749 0.522749 0 0.4 -0.0122749 -0.0122749 -0.0138807 -0.0261557 -0.0261557 
4.432 0.4618 0.5490 0.8965 -0.0319 0.107309 -0.037839 0.4 0.571247 0.571247 0 0.4 -0.0171247 -0.0171247 -0.0143868 -0.0315115 -0.0315115 
4.442 0.4696 0.5146 0.9018 -0.0313 0.112544 -0.038684 0.4 0.557573 0.557573 0 0.4 -0.0157573 -0.0157573 -0.0149311 -0.0306884 -0.0306884 
4.452 0.4903 0.4713 0.9068 -0.0307 0.115161 -0.038103 0.4 0.499479 0.499479 0 0.4 -0.00994788 -0.00994788 -0.0153883 -0.0253362 -0.0253362 
4.462 0.5027 0.4774 0.9119 -0.0302 0.117778 -0.037702 0.4 0.531402 0.531402 0 0.4 -0.0131402 -0.0131402 -0.0158056 -0.0289458 -0.0289458 
4.472 0.5008 0.4521 0.9167 -0.0296 0.117778 -0.037614 0.4 0.511893 0.511893 0 0.4 -0.0111893 -0.0111893 -0.0162025 -0.0273919 -0.0273919 
4.482 0.4785 0.4885 0.9219 -0.0290 0.117778 -0.037161 0.4 0.51778 0.51778 0 0.4 -0.011778 -0.011778 -0.0166088 -0.0283868 -0.0283868 
4.492 0.5390 0.4298 0.9268 -0.0284 0.117778 -0.036814 0.4 0.52487 0.52487 0 0.4 -0.012487 -0.012487 -0.016991 -0.029478 -0.029478 
4.502 0.5224 0.4303 0.9318 -0.0278 0.115161 -0.036362 0.4 0.515396 0.515396 0 0.4 -0.0115396 -0.0115396 -0.0173722 -0.0289118 -0.0289118 
4.512 0.5278 0.4457 0.9368 -0.0272 0.112544 -0.035917 0.4 0.541148 0.541148 0 0.4 -0.0141148 -0.0141148 -0.0177885 -0.0319033 -0.0319033 
4.522 0.5230 0.4642 0.9417 -0.0267 0.112544 -0.035448 0.4 0.558533 0.558533 0 0.4 -0.0158533 -0.0158533 -0.0181903 -0.0340436 -0.0340436 
4.532 0.5079 0.4086 0.9465 -0.0262 0.107309 -0.035724 0.4 0.479056 0.479056 0 0.4 -0.00790563 -0.00790563 -0.0186072 -0.0265128 -0.0265128 
4.542 0.5183 0.4249 0.9514 -0.0256 0.102075 -0.036475 0.4 0.547601 0.547601 0 0.4 -0.0147601 -0.0147601 -0.0190349 -0.033795 -0.033795 
4.552 0.5138 0.3915 0.9562 -0.0252 0.096840 -0.037778 0.4 0.501202 0.501202 0 0.4 -0.0101202 -0.0101202 -0.0194371 -0.0295572 -0.0295572 
4.562 0.5273 0.4182 0.9612 -0.0247 0.088988 -0.038562 0.4 0.567187 0.567187 0 0.4 -0.0167187 -0.0167187 -0.0198816 -0.0366004 -0.0366004 
4.572 0.5299 0.4172 0.9661 -0.0243 0.083753 -0.038341 0.4 0.549269 0.549269 0 0.4 -0.0149269 -0.0149269 -0.0203189 -0.0352458 -0.0352458 
4.582 0.5214 0.3899 0.9710 -0.0239 0.078519 -0.038856 0.4 0.512736 0.512736 0 0.4 -0.0112736 -0.0112736 -0.0207745 -0.0320481 -0.0320481 
4.592 0.5219 0.4229 0.9756 -0.0235 0.070667 -0.038723 0.4 0.571952 0.571952 0 0.4 -0.0171952 -0.0171952 -0.0212148 -0.03841 -0.03841 
4.602 0.5117 0.3852 0.9803 -0.0232 0.062815 -0.038623 0.4 0.497386 0.497386 0 0.4 -0.00973864 -0.00973864 -0.0216569 -0.0313956 -0.0313956 
4.612 0.5180 0.4076 0.9853 -0.0229 0.054963 -0.038804 0.4 0.55317 0.55317 0 0.4 -0.015317 -0.015317 -0.0221109 -0.0374279 -0.0374279 
4.622 0.5178 0.3895 0.9900 -0.0227 0.047111 -0.039629 0.4 0.560849 0.560849 0 0.4 -0.0160849 -0.0160849 -0.0225631 -0.038648 -0.038648 
4.632 0.4551 0.4228 0.9946 -0.0225 0.039259 -0.040235 0.4 0.509543 0.509543 0 0.4 -0.0109543 -0.0109543 -0.0230227 -0.033977 -0.033977 
4.642 0.4875 0.3954 0.9993 -0.0223 0.031408 -0.041074 0.4 0.532914 0.532914 0 0.4 -0.0132914 -0.0132914 -0.0234191 -0.0367105 -0.0367105 
4.652 0.5081 0.3846 1.0038 -0.0222 0.026173 -0.041076 0.4 0.53926 0.53926 0 0.4 -0.013926 -0.013926 -0.0238 -0.037726 -0.037726 
4.662 0.4810 0.3817 1.0082 -0.0221 0.015704 -0.040959 0.4 0.492954 0.492954 0 0.4 -0.00929543 -0.00929543 -0.0242067 -0.0335022 -0.0335022 
4.672 0.5009 0.3950 1.0129 -0.0220 0.007852 -0.040624 0.4 0.542173 0.542173 0 0.4 -0.0142173 -0.0142173 -0.0245974 -0.0388147 -0.0388147 
4.682 0.4783 0.3568 1.0176 -0.0220 -0.000000 -0.040646 0.4 0.470946 0.470946 0 0.4 -0.00709461 -0.00709461 -0.0249773 -0.0320719 -0.0320719 
4.692 0.4544 0.3541 1.0218 -0.0220 -0.007852 -0.041201 0.4 0.45357 0.45357 0 0.4 -0.00535703 -0.00535703 -0.0253172 -0.0306742 -0.0306742 
4.702 0.4178 0.3842 1.0263 -0.0221 -0.013087 -0.041640 0.4 0.45885 0.45885 0 0.4 -0.00588501 -0.00588501 -0.0255954 -0.0314804 -0.0314804 
4.712 0.4579 0.3784 1.0305 -0.0221 -0.020938 -0.041826 0.4 0.503092 0.503092 0 0.4 -0.0103092 -0.0103092 -0.0258769 -0.0361861 -0.0361861 
4.722 0.4567 0.3772 1.0348 -0.0222 -0.023556 -0.041015 0.4 0.47681 0.47681 0 0.4 -0.007681 -0.007681 -0.0261221 -0.0338031 -0.0338031 
4.732 0.4537 0.3814 1.0393 -0.0224 -0.028790 -0.040302 0.4 0.482834 0.482834 0 0.4 -0.00828336 -0.00828336 -0.0263412 -0.0346246 -0.0346246 
4.742 0.4028 0.3899 1.0433 -0.0225 -0.034025 -0.039721 0.4 0.422199 0.422199 0 0.4 -0.00221994 -0.00221994 -0.0265154 -0.0287353 -0.0287353 
4.752 0.4246 0.3870 1.0476 -0.0226 -0.036642 -0.039153 0.4 0.458634 0.458634 0 0.4 -0.0058634 -0.0058634 -0.0266816 -0.032545 -0.032545 
4.762 0.3949 0.3656 1.0516 -0.0228 -0.041877 -0.038895 0.4 0.390265 0.390265 0 0.4 0.000973466 0.000973466 -0.0268203 -0.0258468 -0.0258468 
4.772 0.4246 0.3694 1.0557 -0.0230 -0.041877 -0.038332 0.4 0.445803 0.445803 0 0.4 -0.00458031 -0.00458031 -0.0269154 -0.0314958 -0.0314958 
4.782 0.3981 0.3944 1.0597 -0.0231 -0.047111 -0.037760 0.4 0.439544 0.439544 0 0.4 -0.0039544 -0.0039544 -0.0270187 -0.0309731 -0.0309731 
4.792 0.3536 0.4258 1.0638 -0.0233 -0.047111 -0.037189 0.4 0.428763 0.428763 0 0.4 -0.00287625 -0.00287625 -0.0270914 -0.0299676 -0.0299676 
4.802 0.3792 0.3749 1.0678 -0.0235 -0.047111 -0.036806 0.4 0.415905 0.415905 0 0.4 -0.00159051 -0.00159051 -0.0271048 -0.0286953 -0.0286953 
4.812 0.3841 0.3673 1.0717 -0.0237 -0.049729 -0.036664 0.4 0.417994 0.417994 0 0.4 -0.00179942 -0.00179942 -0.0271262 -0.0289257 -0.0289257 
4.822 0.3411 0.4100 1.0757 -0.0239 -0.049729 -0.035941 0.4 0.405985 0.405985 0 0.4 -0.000598532 -0.000598532 -0.0271536 -0.0277521 -0.0277521 
4.832 0.3790 0.3702 1.0794 -0.0241 -0.049729 -0.035098 0.4 0.395851 0.395851 0 0.4 0.000414944 0.000414944 -0.0271709 -0.0267559 -0.0267559 
4.842 0.3779 0.3622 1.0834 -0.0243 -0.049729 -0.034450 0.4 0.389781 0.389781 0 0.4 0.0010219 0.0010219 -0.0271818 -0.0261599 -0.0261599 
4.852 0.3335 0.4045 1.0871 -0.0245 -0.049729 -0.034197 0.4 0.394168 0.394168 0 0.4 0.000583214 0.000583214 -0.0271652 -0.026582 -0.026582 
4.862 0.3151 0.3919 1.0909 -0.0247 -0.047111 -0.034204 0.4 0.371943 0.371943 0 0.4 0.00280575 0.00280575 -0.0271379 -0.0243322 -0.0243322 
4.872 0.3705 0.3295 1.0946 -0.0248 -0.047111 -0.034326 0.4 0.377656 0.377656 0 0.4 0.00223444 0.00223444 -0.02708 -0.0248456 -0.0248456 
4.882 0.3470 0.3201 1.0982 -0.0250 -0.047111 -0.034673 0.4 0.348885 0.348885 0 0.4 0.00511148 0.00511148 -0.0269929 -0.0218814 -0.0218814 
4.892 0.3677 0.3235 1.1021 -0.0252 -0.049729 -0.034714 0.4 0.39656 0.39656 0 0.4 0.000344005 0.000344005 -0.0269089 -0.0265649 -0.0265649 
4.902 0.3523 0.2992 1.1053 -0.0254 -0.049729 -0.034768 0.4 0.342624 0.342624 0 0.4 0.00573762 0.00573762 -0.026813 -0.0210753 -0.0210753 
4.912 0.3792 0.3004 1.1090 -0.0256 -0.049729 -0.034201 0.4 0.357051 0.357051 0 0.4 0.00429488 0.00429488 -0.0267259 -0.0224311 -0.0224311 
4.922 0.3649 0.2853 1.1124 -0.0257 -0.052346 -0.033007 0.4 0.321682 0.321682 0 0.4 0.00783183 0.00783183 -0.0266104 -0.0187786 -0.0187786 
4.932 0.3720 0.3049 1.1158 -0.0259 -0.054963 -0.032795 0.4 0.381518 0.381518 0 0.4 0.0018482 0.0018482 -0.0264443 -0.0245961 -0.0245961 
4.942 0.3354 0.3300 1.1193 -0.0261 -0.057581 -0.031927 0.4 0.359819 0.359819 0 0.4 0.00401811 0.00401811 -0.0263624 -0.0223443 -0.0223443 
4.952 0.4055 0.2661 1.1227 -0.0263 -0.060198 -0.031037 0.4 0.365399 0.365399 0 0.4 0.00346006 0.00346006 -0.0262834 -0.0228233 -0.0228233 
4.962 0.3861 0.2887 1.1264 -0.0265 -0.065432 -0.029987 0.4 0.377071 0.377071 0 0.4 0.00229294 0.00229294 -0.0261908 -0.0238979 -0.0238979 
4.972 0.3689 0.2620 1.1298 -0.0268 -0.068050 -0.030638 0.4 0.362593 0.362593 0 0.4 0.00374073 0.00374073 -0.0260692 -0.0223285 -0.0223285 
4.982 0.3542 0.2783 1.1331 -0.0270 -0.073284 -0.031251 0.4 0.39577 0.39577 0 0.4 0.000422993 0.000422993 -0.0259688 -0.0255458 -0.0255458 
4.992 0.3460 0.2747 1.1361 -0.0272 -0.081136 -0.031419 0.4 0.359394 0.359394 0 0.4 0.00406061 0.00406061 -0.0258724 -0.0218118 -0.0218118 
5.002 0.3931 0.2536 1.1395 -0.0275 -0.083753 -0.030884 0.4 0.387054 0.387054 0 0.4 0.00129462 0.00129462 -0.0258069 -0.0245123 -0.0245123 
5.012 0.3483 0.3219 1.1430 -0.0278 -0.091605 -0.029541 0.4 0.404551 0.404551 0 0.4 -0.000455147 -0.000455147 -0.0257657 -0.0262209 -0.0262209 
5.022 0.3662 0.2872 1.1462 -0.0281 -0.096840 -0.028241 0.4 0.369052 0.369052 0 0.4 0.00309476 0.00309476 -0.0257275 -0.0226327 -0.0226327 
5.032 0.3755 0.2665 1.1496 -0.0285 -0.104692 -0.027953 0.4 0.383683 0.383683 0 0.4 0.0016317 0.0016317 -0.025649 -0.0240173 -0.0240173 
5.042 0.3546 0.2770 1.1528 -0.0288 -0.109926 -0.027956 0.4 0.386179 0.386179 0 0.4 0.00138212 0.00138212 -0.0255458 -0.0241636 -0.0241636 
5.052 0.3090 0.3126 1.1559 -0.0292 -0.112544 -0.028024 0.4 0.379747 0.379747 0 0.4 0.00202527 0.00202527 -0.0254284 -0.0234032 -0.0234032 
5.062 0.3277 0.2879 1.1591 -0.0295 -0.117778 -0.028143 0.4 0.386823 0.386823 0 0.4 0.00131768 0.00131768 -0.0252852 -0.0239675 -0.0239675 
5.072 0.3471 0.2642 1.1621 -0.0299 -0.125630 -0.027996 0.4 0.381802 0.381802 0 0.4 0.00181977 0.00181977 -0.0251885 -0.0233688 -0.0233688 
5.082 0.3394 0.2516 1.1651 -0.0303 -0.133482 -0.027800 0.4 0.355185 0.355185 0 0.4 0.00448147 0.00448147 -0.0250454 -0.0205639 -0.0205639 
5.092 0.3295 0.2539 1.1683 -0.0307 -0.138717 -0.027500 0.4 0.352052 0.352052 0 0.4 0.00479484 0.00479484 -0.0248767 -0.0200819 -0.0200819 
5.102 0.3279 0.2501 1.1712 -0.0311 -0.143951 -0.026903 0.4 0.344052 0.344052 0 0.4 0.00559476 0.00559476 -0.0246522 -0.0190574 -0.0190574 
5.112 0.3146 0.2701 1.1742 -0.0316 -0.146569 -0.025929 0.4 0.34975 0.34975 0 0.4 0.005025 0.005025 -0.0244107 -0.0193857 -0.0193857 
5.122 0.2679 0.3107 1.1772 -0.0320 -0.149186 -0.024676 0.4 0.327624 0.327624 0 0.4 0.00723757 0.00723757 -0.0241605 -0.0169229 -0.0169229 
5.132 0.2934 0.2727 1.1800 -0.0325 -0.149186 -0.023508 0.4 0.308757 0.308757 0 0.4 0.00912431 0.00912431 -0.0238672 -0.0147429 -0.0147429 
5.142 0.2474 0.3081 1.1828 -0.0329 -0.154421 -0.022752 0.4 0.311184 0.311184 0 0.4 0.00888155 0.00888155 -0.0235574 -0.0146758 -0.0146758 
5.152 0.2807 0.2514 1.1856 -0.0333 -0.154421 -0.021895 0.4 0.283091 0.283091 0 0.4 0.0116909 0.0116909 -0.0232171 -0.0115262 -0.0115262 
5.162 0.2736 0.2336 1.1882 -0.0337 -0.157038 -0.021486 0.4 0.265151 0.265151 0 0.4 0.0134849 0.0134849 -0.0228329 -0.00934795 -0.00934795 
5.172 0.2461 0.2892 1.1910 -0.0342 -0.157038 -0.020317 0.4 0.294016 0.294016 0 0.4 0.0105984 0.0105984 -0.0224669 -0.0118685 -0.0118685 
5.182 0.2683 0.2680 1.1938 -0.0346 -0.157038 -0.019180 0.4 0.287836 0.287836 0 0.4 0.0112164 0.0112164 -0.0220733 -0.0108569 -0.0108569 
5.192 0.2728 0.2715 1.1964 -0.0350 -0.159655 -0.017637 0.4 0.290472 0.290472 0 0.4 0.0109528 0.0109528 -0.0217024 -0.0107497 -0.0107497 
5.202 0.2608 0.2671 1.1990 -0.0354 -0.157038 -0.016420 0.4 0.273071 0.273071 0 0.4 0.0126929 0.0126929 -0.0213029 -0.00861001 -0.00861001 
5.212 0.2557 0.2607 1.2016 -0.0359 -0.154421 -0.015658 0.4 0.268566 0.268566 0 0.4 0.0131434 0.0131434 -0.0208619 -0.0077185 -0.0077185 
5.222 0.2700 0.2434 1.2042 -0.0363 -0.157038 -0.014941 0.4 0.259934 0.259934 0 0.4 0.0140066 0.0140066 -0.0204069 -0.00640024 -0.00640024 
5.232 0.2721 0.2399 1.2066 -0.0366 -0.157038 -0.014071 0.4 0.282123 0.282123 0 0.4 0.0117877 0.0117877 -0.0199678 -0.0081801 -0.0081801 
5.242 0.2466 0.2451 1.2094 -0.0371 -0.157038 -0.013298 0.4 0.244878 0.244878 0 0.4 0.0155122 0.0155122 -0.0195122 -0.00399997 -0.00399997 
5.252 0.2491 0.2631 1.2118 -0.0375 -0.157038 -0.012560 0.4 0.268663 0.268663 0 0.4 0.0131337 0.0131337 -0.019069 -0.00593533 -0.00593533 
5.262 0.2693 0.2231 1.2144 -0.0379 -0.159655 -0.011932 0.4 0.256631 0.256631 0 0.4 0.0143369 0.0143369 -0.0186366 -0.00429978 -0.00429978 
5.272 0.2845 0.2113 1.2166 -0.0382 -0.162272 -0.011266 0.4 0.255092 0.255092 0 0.4 0.0144908 0.0144908 -0.0182073 -0.00371652 -0.00371652 
5.282 0.2382 0.2265 1.2193 -0.0387 -0.164890 -0.011387 0.4 0.253974 0.253974 0 0.4 0.0146026 0.0146026 -0.0177448 -0.00314217 -0.00314217 
5.292 0.2367 0.2100 1.2217 -0.0391 -0.164890 -0.012103 0.4 0.255038 0.255038 0 0.4 0.0144962 0.0144962 -0.0172301 -0.00273393 -0.00273393 
5.302 0.2615 0.1553 1.2239 -0.0394 -0.167507 -0.012527 0.4 0.231201 0.231201 0 0.4 0.0168799 0.0168799 -0.016703 0.000176927 0.000176927 
5.312 0.2196 0.1913 1.2259 -0.0398 -0.167507 -0.012262 0.4 0.214372 0.214372 0 0.4 0.0185628 0.0185628 -0.016134 0.00242886 0.00242886 
5.322 0.2447 0.2128 1.2281 -0.0402 -0.170124 -0.011023 0.4 0.273424 0.273424 0 0.4 0.0126576 0.0126576 -0.0155914 -0.0029338 -0.0029338 
5.332 0.2011 0.2515 1.2302 -0.0405 -0.172742 -0.009026 0.4 0.232793 0.232793 0 0.4 0.0167207 0.0167207 -0.0150723 0.00164841 0.00164841 
5.342 0.2180 0.2591 1.2326 -0.0410 -0.172742 -0.006388 0.4 0.240184 0.240184 0 0.4 0.0159816 0.0159816 -0.0145675 0.00141414 0.00141414 
5.352 0.2926 0.1828 1.2348 -0.0413 -0.175359 -0.003479 0.4 0.22127 0.22127 0 0.4 0.017873 0.017873 -0.0140685 0.00380447 0.00380447 
5.362 0.1836 0.2705 1.2370 -0.0417 -0.177976 -0.002831 0.4 0.241076 0.241076 0 0.4 0.0158924 0.0158924 -0.0135426 0.00234977 0.00234977 
5.372 0.2170 0.1966 1.2392 -0.0421 -0.180594 -0.002460 0.4 0.217957 0.217957 0 0.4 0.0182043 0.0182043 -0.0129825 0.00522189 0.00522189 
5.382 0.2047 0.2008 1.2414 -0.0425 -0.183211 -0.002901 0.4 0.223536 0.223536 0 0.4 0.0176464 0.0176464 -0.0124309 0.00521552 0.00521552 
5.392 0.2363 0.1832 1.2432 -0.0429 -0.185828 -0.002966 0.4 0.243512 0.243512 0 0.4 0.0156488 0.0156488 -0.011866 0.00378285 0.00378285 
5.402 0.2366 0.1937 1.2454 -0.0433 -0.188445 -0.002511 0.4 0.252322 0.252322 0 0.4 0.0147678 0.0147678 -0.0113251 0.0034427 0.0034427 
5.412 0.2207 0.1829 1.2474 -0.0437 -0.193680 -0.002285 0.4 0.230184 0.230184 0 0.4 0.0169816 0.0169816 -0.0107619 0.00621964 0.00621964 
5.422 0.2024 0.1938 1.2494 -0.0441 -0.193680 -0.001615 0.4 0.223111 0.223111 0 0.4 0.0176889 0.0176889 -0.0101797 0.00750921 0.00750921 
5.432 0.2251 0.1466 1.2514 -0.0445 -0.193680 -0.001247 0.4 0.210506 0.210506 0 0.4 0.0189494 0.0189494 -0.00950545 0.00944392 0.00944392 
5.442 0.1992 0.1911 1.2532 -0.0448 -0.196297 -0.000082 0.4 0.216768 0.216768 0 0.4 0.0183232 0.0183232 -0.00886088 0.00946234 0.00946234 
5.452 0.2159 0.1881 1.2550 -0.0452 -0.198915 0.001519 0.4 0.223425 0.223425 0 0.4 0.0176575 0.0176575 -0.00827673 0.00938082 0.00938082 
5.462 0.1922 0.1903 1.2572 -0.0456 -0.201532 0.003596 0.4 0.1897 0.1897 0 0.4 0.02103 0.02103 -0.00763222 0.0133978 0.0133978 
5.472 0.1801 0.1927 1.2587 -0.0459 -0.201532 0.004736 0.4 0.19166 0.19166 0 0.4 0.020834 0.020834 -0.00696679 0.0138672 0.0138672 
5.482 0.2059 0.1579 1.2605 -0.0463 -0.204149 0.005832 0.4 0.185369 0.185369 0 0.4 0.0214631 0.0214631 -0.00627335 0.0151897 0.0151897 
5.492 0.1856 0.1740 1.2623 -0.0467 -0.201532 0.006780 0.4 0.182291 0.182291 0 0.4 0.0217709 0.0217709 -0.00555009 0.0162208 0.0162208 
5.502 0.1889 0.2033 1.2641 -0.0470 -0.204149 0.008702 0.4 0.198802 0.198802 0 0.4 0.0201198 0.0201198 -0.00484987 0.0152699 0.0152699 
5.512 0.1894 0.1990 1.2659 -0.0474 -0.201532 0.011000 0.4 0.202158 0.202158 0 0.4 0.0197842 0.0197842 -0.00416105 0.0156231 0.0156231 
5.522 0.1805 0.2310 1.2679 -0.0478 -0.201532 0.012738 0.4 0.213516 0.213516 0 0.4 0.0186484 0.0186484 -0.00350658 0.0151418 0.0151418 
5.532 0.1851 0.1818 1.2695 -0.0481 -0.201532 0.013604 0.4 0.178096 0.178096 0 0.4 0.0221904 0.0221904 -0.00280946 0.0193809 0.0193809 
5.542 0.1896 0.1822 1.2713 -0.0485 -0.198915 0.013504 0.4 0.198997 0.198997 0 0.4 0.0201003 0.0201003 -0.00212859 0.0179717 0.0179717 
5.552 0.1814 0.1609 1.2731 -0.0489 -0.196297 0.013378 0.4 0.19 0.19 0 0.4 0.021 0.021 -0.00144726 0.0195528 0.0195528 
5.562 0.1856 0.1553 1.2746 -0.0492 -0.196297 0.013269 0.4 0.185379 0.185379 0 0.4 0.0214621 0.0214621 -0.000755906 0.0207062 0.0207062 
5.572 0.1676 0.1689 1.2762 -0.0495 -0.196297 0.013875 0.4 0.176054 0.176054 0 0.4 0.0223946 0.0223946 -2.68452e-05 0.0223677 0.0223677 
5.582 0.1772 0.1540 1.2778 -0.0498 -0.196297 0.014149 0.4 0.184708 0.184708 0 0.4 0.0215292 0.0215292 0.000673356 0.0222025 0.0222025 
5.592 0.2134 0.1221 1.2794 -0.0501 -0.196297 0.015078 0.4 0.160814 0.160814 0 0.4 0.0239186 0.0239186 0.00143483 0.0253534 0.0253534 
5.602 0.1953 0.1532 1.2812 -0.0505 -0.193680 0.016239 0.4 0.174771 0.174771 0 0.4 0.0225229 0.0225229 0.00218988 0.0247127 0.0247127 
5.612 0.2200 0.1812 1.2828 -0.0508 -0.198915 0.018656 0.4 0.222058 0.222058 0 0.4 0.0177942 0.0177942 0.00288044 0.0206747 0.0206747 
5.622 0.2047 0.1625 1.2846 -0.0512 -0.196297 0.020282 0.4 0.182383 0.182383 0 0.4 0.0217617 0.0217617 0.0035399 0.0253016 0.0253016 
5.632 0.1736 0.1639 1.2860 -0.0514 -0.204149 0.021329 0.4 0.184912 0.184912 0 0.4 0.0215088 0.0215088 0.00422477 0.0257336 0.0257336 
5.642 0.1752 0.1436 1.2876 -0.0518 -0.204149 0.020722 0.4 0.166933 0.166933 0 0.4 0.0233067 0.0233067 0.00496856 0.0282753 0.0282753 
5.652 0.1992 0.1420 1.2892 -0.0521 -0.209384 0.021168 0.4 0.206169 0.206169 0 0.4 0.0193831 0.0193831 0.00566903 0.0250521 0.0250521 
5.662 0.2013 0.1411 1.2907 -0.0524 -0.214618 0.021715 0.4 0.19776 0.19776 0 0.4 0.020224 0.020224 0.0063133 0.0265373 0.0265373 
5.672 0.1886 0.1606 1.2925 -0.0528 -0.217236 0.022742 0.4 0.202255 0.202255 0 0.4 0.0197745 0.0197745 0.00695876 0.0267333 0.0267333 
5.682 0.1500 0.1649 1.2941 -0.0532 -0.222470 0.022560 0.4 0.194528 0.194528 0 0.4 0.0205472 0.0205472 0.00767465 0.0282218 0.0282218 
5.692 0.1615 0.1292 1.2955 -0.0535 -0.225088 0.022592 0.4 0.167645 0.167645 0 0.4 0.0232355 0.0232355 0.00841572 0.0316512 0.0316512 
5.702 0.1568 0.1205 1.2969 -0.0538 -0.227705 0.022486 0.4 0.172395 0.172395 0 0.4 0.0227605 0.0227605 0.00918639 0.0319469 0.0319469 
5.712 0.1411 0.1281 1.2983 -0.0541 -0.230322 0.023172 0.4 0.146484 0.146484 0 0.4 0.0253516 0.0253516 0.00997718 0.0353288 0.0353288 
5.722 0.1862 0.1300 1.2996 -0.0545 -0.232940 0.024946 0.4 0.185673 0.185673 0 0.4 0.0214327 0.0214327 0.0107673 0.0322 0.0322 
5.732 0.1676 0.1731 1.3012 -0.0548 -0.232940 0.027989 0.4 0.164243 0.164243 0 0.4 0.0235757 0.0235757 0.0115485 0.0351242 0.0351242 
5.742 0.2161 0.1804 1.3030 -0.0553 -0.235557 0.031742 0.4 0.1999 0.1999 0 0.4 0.02001 0.02001 0.0122791 0.0322891 0.0322891 
5.752 0.2050 0.1541 1.3044 -0.0556 -0.238174 0.034594 0.4 0.180634 0.180634 0 0.4 0.0219366 0.0219366 0.0129782 0.0349149 0.0349149 
5.762 0.1613 0.1561 1.3060 -0.0560 -0.238174 0.034411 0.4 0.160568 0.160568 0 0.4 0.0239432 0.0239432 0.0137843 0.0377275 0.0377275 
5.772 0.1724 0.1419 1.3073 -0.0563 -0.240791 0.034066 0.4 0.177253 0.177253 0 0.4 0.0222747 0.0222747 0.0145889 0.0368636 0.0368636 
5.782 0.1741 0.1423 1.3087 -0.0567 -0.243409 0.034576 0.4 0.152984 0.152984 0 0.4 0.0247016 0.0247016 0.0153226 0.0400242 0.0400242 
5.792 0.1477 0.1914 1.3105 -0.0571 -0.246026 0.035836 0.4 0.167073 0.167073 0 0.4 0.0232927 0.0232927 0.0160789 0.0393716 0.0393716 
5.802 0.1819 0.1793 1.3121 -0.0575 -0.246026 0.038084 0.4 0.159521 0.159521 0 0.4 0.0240479 0.0240479 0.0168175 0.0408654 0.0408654 
5.812 0.1996 0.1538 1.3138 -0.0579 -0.248643 0.039680 0.4 0.183414 0.183414 0 0.4 0.0216586 0.0216586 0.0175585 0.0392171 0.0392171 
5.822 0.1722 0.1778 1.3152 -0.0583 -0.246026 0.039674 0.4 0.192194 0.192194 0 0.4 0.0207806 0.0207806 0.0183022 0.0390829 0.0390829 
5.832 0.1896 0.1720 1.3170 -0.0587 -0.248643 0.040589 0.4 0.20194 0.20194 0 0.4 0.019806 0.019806 0.0190165 0.0388225 0.0388225 
5.842 0.1747 0.1682 1.3186 -0.0591 -0.248643 0.040935 0.4 0.176348 0.176348 0 0.4 0.0223652 0.0223652 0.0197249 0.0420901 0.0420901 
5.852 0.1999 0.1502 1.3201 -0.0595 -0.248643 0.041469 0.4 0.185496 0.185496 0 0.4 0.0214504 0.0214504 0.020464 0.0419144 0.0419144 
5.862 0.1749 0.1431 1.3215 -0.0599 -0.251261 0.041137 0.4 0.161779 0.161779 0 0.4 0.0238221 0.0238221 0.0212351 0.0450572 0.0450572 
5.872 0.1975 0.1485 1.3233 -0.0604 -0.253878 0.041334 0.4 0.194852 0.194852 0 0.4 0.0205149 0.0205149 0.0219955 0.0425104 0.0425104 
5.882 0.1601 0.1885 1.3246 -0.0607 -0.256495 0.042257 0.4 0.18431 0.18431 0 0.4 0.021569 0.021569 0.0227089 0.044278 0.044278 
5.892 0.1866 0.1517 1.3264 -0.0612 -0.259113 0.042434 0.4 0.18209 0.18209 0 0.4 0.021791 0.021791 0.0234625 0.0452535 0.0452535 
5.902 0.2208 0.1463 1.3280 -0.0616 -0.259113 0.043841 0.4 0.199197 0.199197 0 0.4 0.0200803 0.0200803 0.0241853 0.0442656 0.0442656 
5.912 0.2005 0.1433 1.3293 -0.0620 -0.261730 0.044174 0.4 0.180939 0.180939 0 0.4 0.0219061 0.0219061 0.0249323 0.0468383 0.0468383 
5.922 0.2179 0.1571 1.3311 -0.0624 -0.264347 0.045820 0.4 0.190155 0.190155 0 0.4 0.0209845 0.0209845 0.0256302 0.0466147 0.0466147 
5.932 0.2253 0.1378 1.3329 -0.0629 -0.266964 0.047072 0.4 0.185815 0.185815 0 0.4 0.0214185 0.0214185 0.0262799 0.0476984 0.0476984 
5.942 0.2088 0.1662 1.3344 -0.0634 -0.272199 0.047456 0.4 0.212001 0.212001 0 0.4 0.0187999 0.0187999 0.0269624 0.0457623 0.0457623 
5.952 0.1972 0.1803 1.3362 -0.0638 -0.274816 0.047979 0.4 0.21264 0.21264 0 0.4 0.018736 0.018736 0.0276724 0.0464085 0.0464085 
5.962 0.1912 0.2098 1.3379 -0.0643 -0.277434 0.049252 0.4 0.218961 0.218961 0 0.4 0.0181039 0.0181039 0.0283102 0.0464141 0.0464141 
5.972 0.2194 0.1753 1.3397 -0.0648 -0.280051 0.050898 0.4 0.213446 0.213446 0 0.4 0.0186554 0.0186554 0.0289665 0.0476219 0.0476219 
5.982 0.1947 0.1624 1.3411 -0.0652 -0.282668 0.050489 0.4 0.185762 0.185762 0 0.4 0.0214238 0.0214238 0.029664 0.0510878 0.0510878 
5.992 0.2079 0.1698 1.3428 -0.0658 -0.285286 0.050567 0.4 0.199544 0.199544 0 0.4 0.0200456 0.0200456 0.0303326 0.0503782 0.0503782 
6.002 0.2561 0.1506 1.3448 -0.0663 -0.285286 0.051837 0.4 0.216528 0.216528 0 0.4 0.0183472 0.0183472 0.0309793 0.0493265 0.0493265 
6.012 0.2287 0.1809 1.3465 -0.0668 -0.293137 0.053093 0.4 0.209141 0.209141 0 0.4 0.0190859 0.0190859 0.0315622 0.0506481 0.0506481 
6.022 0.2209 0.1506 1.3483 -0.0674 -0.295755 0.052814 0.4 0.20974 0.20974 0 0.4 0.019026 0.019026 0.0322209 0.0512469 0.0512469 
6.032 0.2384 0.1522 1.3500 -0.0679 -0.298372 0.052048 0.4 0.232938 0.232938 0 0.4 0.0167062 0.0167062 0.0328455 0.0495517 0.0495517 
6.042 0.2293 0.1680 1.3519 -0.0685 -0.303607 0.052281 0.4 0.222154 0.222154 0 0.4 0.0177846 0.0177846 0.0334436 0.0512282 0.0512282 
6.052 0.2563 0.1413 1.3537 -0.0691 -0.306224 0.053303 0.4 0.19567 0.19567 0 0.4 0.020433 0.020433 0.0340337 0.0544667 0.0544667 
6.062 0.2447 0.1588 1.3556 -0.0697 -0.306224 0.053493 0.4 0.219901 0.219901 0 0.4 0.0180099 0.0180099 0.0346561 0.052666 0.052666 
6.072 0.2656 0.1591 1.3574 -0.0702 -0.314076 0.054001 0.4 0.245576 0.245576 0 0.4 0.0154424 0.0154424 0.0352508 0.0506933 0.0506933 
6.082 0.2211 0.2112 1.3595 -0.0709 -0.316693 0.055010 0.4 0.241686 0.241686 0 0.4 0.0158314 0.0158314 0.0357444 0.0515758 0.0515758 
6.092 0.2402 0.1832 1.3612 -0.0715 -0.324545 0.055051 0.4 0.25191 0.25191 0 0.4 0.014809 0.014809 0.0363378 0.0511468 0.0511468 
6.102 0.2614 0.1743 1.3631 -0.0721 -0.329780 0.055046 0.4 0.257419 0.257419 0 0.4 0.0142581 0.0142581 0.0368706 0.0511287 0.0511287 
6.112 0.2922 0.1759 1.3651 -0.0728 -0.335014 0.056370 0.4 0.278699 0.278699 0 0.4 0.0121301 0.0121301 0.0373506 0.0494807 0.0494807 
6.122 0.2769 0.1538 1.3672 -0.0735 -0.337632 0.056568 0.4 0.22866 0.22866 0 0.4 0.017134 0.017134 0.0378549 0.0549889 0.0549889 
6.132 0.2668 0.1744 1.3689 -0.0741 -0.345483 0.056464 0.4 0.261751 0.261751 0 0.4 0.0138249 0.0138249 0.0384151 0.05224 0.05224 
6.142 0.2678 0.1888 1.3710 -0.0749 -0.348101 0.056953 0.4 0.258389 0.258389 0 0.4 0.0141611 0.0141611 0.038911 0.0530722 0.0530722 
6.152 0.2109 0.2298 1.3729 -0.0756 -0.353335 0.057704 0.4 0.245737 0.245737 0 0.4 0.0154263 0.0154263 0.0394081 0.0548344 0.0548344 
6.162 0.2166 0.2240 1.3750 -0.0764 -0.355953 0.057320 0.4 0.247454 0.247454 0 0.4 0.0152546 0.0152546 0.0399689 0.0552235 0.0552235 
6.172 0.2768 0.1878 1.3769 -0.0771 -0.361187 0.058258 0.4 0.261955 0.261955 0 0.4 0.0138045 0.0138045 0.0405249 0.0543294 0.0543294 
6.182 0.2778 0.2046 1.3790 -0.0779 -0.363805 0.059401 0.4 0.257643 0.257643 0 0.4 0.0142357 0.0142357 0.0410176 0.0552533 0.0552533 
6.192 0.2885 0.1555 1.3810 -0.0787 -0.366422 0.059507 0.4 0.235359 0.235359 0 0.4 0.0164641 0.0164641 0.0415344 0.0579985 0.0579985 
6.202 0.2857 0.1947 1.3829 -0.0794 -0.371656 0.059463 0.4 0.282098 0.282098 0 0.4 0.0117902 0.0117902 0.0420296 0.0538197 0.0538197 
6.212 0.2444 0.2425 1.3850 -0.0802 -0.374274 0.060299 0.4 0.2637 0.2637 0 0.4 0.01363 0.01363 0.0424932 0.0561232 0.0561232 
6.222 0.2559 0.2127 1.3871 -0.0810 -0.376891 0.060383 0.4 0.252356 0.252356 0 0.4 0.0147644 0.0147644 0.0430006 0.057765 0.057765 
6.232 0.2607 0.2206 1.3894 -0.0819 -0.382126 0.060409 0.4 0.265628 0.265628 0 0.4 0.0134372 0.0134372 0.0434887 0.0569259 0.0569259 
6.242 0.2203 0.2631 1.3914 -0.0828 -0.384743 0.061583 0.4 0.231862 0.231862 0 0.4 0.0168138 0.0168138 0.0439489 0.0607628 0.0607628 
6.252 0.2687 0.2043 1.3935 -0.0836 -0.392595 0.061444 0.4 0.253736 0.253736 0 0.4 0.0146264 0.0146264 0.0444247 0.0590512 0.0590512 
6.262 0.2015 0.2669 1.3956 -0.0845 -0.389978 0.061922 0.4 0.222113 0.222113 0 0.4 0.0177887 0.0177887 0.0449473 0.0627359 0.0627359 
6.272 0.2778 0.2570 1.3978 -0.0854 -0.395212 0.062807 0.4 0.291037 0.291037 0 0.4 0.0108963 0.0108963 0.0453896 0.056286 0.056286 
6.282 0.2116 0.2592 1.4000 -0.0863 -0.395212 0.063914 0.4 0.227975 0.227975 0 0.4 0.0172025 0.0172025 0.0458695 0.063072 0.063072 
6.292 0.2892 0.2336 1.4021 -0.0872 -0.397829 0.064002 0.4 0.278277 0.278277 0 0.4 0.0121723 0.0121723 0.0463968 0.0585692 0.0585692 
6.302 0.3168 0.2322 1.4045 -0.0882 -0.400447 0.065558 0.4 0.268975 0.268975 0 0.4 0.0131025 0.0131025 0.0468115 0.0599141 0.0599141 
6.312 0.2818 0.2162 1.4068 -0.0892 -0.400447 0.065086 0.4 0.23456 0.23456 0 0.4 0.016544 0.016544 0.0473073 0.0638514 0.0638514 
6.322 0.2562 0.2572 1.4088 -0.0900 -0.403064 0.064976 0.4 0.248674 0.248674 0 0.4 0.0151326 0.0151326 0.0478102 0.0629428 0.0629428 
6.332 0.2623 0.2834 1.4114 -0.0912 -0.403064 0.065838 0.4 0.27761 0.27761 0 0.4 0.012239 0.012239 0.0482531 0.0604921 0.0604921 
6.342 0.2598 0.3039 1.4135 -0.0920 -0.405681 0.066933 0.4 0.29703 0.29703 0 0.4 0.010297 0.010297 0.0486504 0.0589474 0.0589474 
6.352 0.3035 0.2552 1.4161 -0.0932 -0.405681 0.066454 0.4 0.292928 0.292928 0 0.4 0.0107072 0.0107072 0.049076 0.0597833 0.0597833 
6.362 0.2963 0.2769 1.4183 -0.0941 -0.405681 0.067143 0.4 0.275061 0.275061 0 0.4 0.0124939 0.0124939 0.0494836 0.0619775 0.0619775 
6.372 0.2584 0.2744 1.4208 -0.0952 -0.408299 0.067621 0.4 0.263073 0.263073 0 0.4 0.0136927 0.0136927 0.0499101 0.0636028 0.0636028 
6.382 0.2363 0.3221 1.4232 -0.0962 -0.405681 0.067370 0.4 0.280683 0.280683 0 0.4 0.0119317 0.0119317 0.0503535 0.0622852 0.0622852 
6.392 0.3154 0.2898 1.4258 -0.0973 -0.405681 0.068325 0.4 0.299331 0.299331 0 0.4 0.0100669 0.0100669 0.0507211 0.060788 0.060788 
