%% logfile from robot Ella (8)
% Ella (8)
%  1    time 2.003 sec
%  2  3 Motor velocity ref left, right: -0.4522 -0.1602
%  4  5  6  7 Pose x,y,h,tilt [m,m,rad,rad]: -0.0103448 5.04347e-06 0.0026173 0.00128553
%  8 17 ctrl bal vel, ref=0.4, m=-0.0118953, m2=-0.0221869, uf=0, r2=0.4, ep=0.0422187,up=0.0422187, ui=0.00162097, u1=0.0438397, u=0.0438397
2.013 -0.4767 -0.2135 -0.0122 -0.0000 0.010469 0.003197 0.4 -0.144923 -0.274125 0 0.4 0.0674125 0.0674125 0.00343822 0.0708507 0.0708507 
2.023 -0.1367 0.3114 -0.0136 -0.0000 0.023556 0.020561 0.4 0.0978232 0.512233 0 0.4 -0.0112233 -0.0112233 0.00481128 -0.00641199 -0.00641199 
2.033 -0.0271 0.3326 -0.0130 -0.0000 0.041877 0.042892 0.4 0.233139 0.240018 0 0.4 0.0159982 0.0159982 0.00487321 0.0208714 0.0208714 
2.043 -0.1663 0.2393 -0.0124 0.0000 0.054963 0.053724 0.4 0.141652 0.0859068 0 0.4 0.0314093 0.0314093 0.00577832 0.0371876 0.0371876 
2.053 -0.2685 0.0941 -0.0132 -0.0000 0.075902 0.050402 0.4 0.0525476 -0.0143165 0 0.4 0.0414316 0.0414316 0.00704806 0.0484797 0.0484797 
2.063 -0.2169 0.2196 -0.0136 -0.0001 0.091605 0.050892 0.4 0.118656 0.19587 0 0.4 0.020413 0.020413 0.0080536 0.0284666 0.0284666 
2.073 -0.1395 0.2607 -0.0128 0.0000 0.107309 0.053054 0.4 0.219099 0.256309 0 0.4 0.0143691 0.0143691 0.00844844 0.0228175 0.0228175 
2.083 -0.1801 0.1812 -0.0122 0.0001 0.120396 0.051935 0.4 0.12765 0.0811798 0 0.4 0.031882 0.031882 0.00940809 0.0412901 0.0412901 
2.093 -0.1145 0.2614 -0.0124 0.0001 0.143951 0.048439 0.4 0.193319 0.354593 0 0.4 0.00454074 0.00454074 0.0102533 0.014794 0.014794 
2.103 -0.0054 0.2180 -0.0116 0.0002 0.159655 0.045993 0.4 0.227145 0.194178 0 0.4 0.0205822 0.0205822 0.0106073 0.0311895 0.0311895 
2.113 -0.0351 0.1649 -0.0108 0.0003 0.170124 0.043091 0.4 0.168146 0.154848 0 0.4 0.0245152 0.0245152 0.0114932 0.0360084 0.0360084 
2.123 -0.0493 0.1250 -0.0104 0.0004 0.185828 0.037781 0.4 0.146321 0.119955 0 0.4 0.0280045 0.0280045 0.0123359 0.0403404 0.0403404 
2.133 -0.0729 0.0917 -0.0100 0.0005 0.196297 0.034304 0.4 0.102502 0.0777968 0 0.4 0.0322203 0.0322203 0.0133774 0.0455977 0.0455977 
2.143 -0.0071 0.1471 -0.0098 0.0005 0.209384 0.033200 0.4 0.140243 0.19026 0 0.4 0.020974 0.020974 0.0142961 0.0352701 0.0352701 
2.153 -0.0262 0.1097 -0.0090 0.0007 0.219853 0.035301 0.4 0.128081 0.0674405 0 0.4 0.033256 0.033256 0.0150962 0.0483522 0.0483522 
2.163 0.0017 0.1197 -0.0082 0.0009 0.225088 0.037200 0.4 0.126686 0.118554 0 0.4 0.0281446 0.0281446 0.0160393 0.0441839 0.0441839 
2.173 -0.0211 0.0946 -0.0080 0.0009 0.232939 0.038814 0.4 0.0992805 0.0848313 0 0.4 0.0315169 0.0315169 0.0170613 0.0485781 0.0485781 
2.183 -0.0257 0.0738 -0.0078 0.0010 0.235557 0.039362 0.4 0.0611725 0.0580053 0 0.4 0.0341995 0.0341995 0.0182725 0.0524719 0.0524719 
2.193 -0.0098 0.0718 -0.0076 0.0010 0.238174 0.041548 0.4 0.0446508 0.043758 0 0.4 0.0356242 0.0356242 0.0194953 0.0551195 0.0551195 
2.203 0.0334 0.0862 -0.0072 0.0011 0.243409 0.044511 0.4 0.0698792 0.0958072 0 0.4 0.0304193 0.0304193 0.0206037 0.0510229 0.0510229 
2.213 -0.0121 0.0980 -0.0066 0.0012 0.251261 0.048000 0.4 0.0829175 0.0126222 0 0.4 0.0387378 0.0387378 0.0215039 0.0602417 0.0602417 
2.223 0.0114 0.0745 -0.0062 0.0013 0.246026 0.049911 0.4 0.0592372 0.0522503 0 0.4 0.034775 0.034775 0.0227057 0.0574807 0.0574807 
2.233 0.0166 0.0653 -0.0060 0.0014 0.248643 0.052268 0.4 0.0337423 0.00448036 0 0.4 0.039552 0.039552 0.0239209 0.0634728 0.0634728 
2.243 0.0784 0.1247 -0.0058 0.0014 0.256495 0.055696 0.4 0.0819585 0.138388 0 0.4 0.0261612 0.0261612 0.0250271 0.0511883 0.0511883 
2.253 0.0797 0.1195 -0.0050 0.0017 0.251261 0.059884 0.4 0.10693 0.121193 0 0.4 0.0278807 0.0278807 0.0259587 0.0538394 0.0538394 
2.263 0.0114 0.0376 -0.0049 0.0017 0.253878 0.058527 0.4 0.0401085 -0.00856103 0 0.4 0.0408561 0.0408561 0.0271667 0.0680228 0.0680228 
2.273 0.0582 0.0722 -0.0045 0.0018 0.259112 0.059691 0.4 0.061897 0.0650176 0 0.4 0.0334982 0.0334982 0.0282794 0.0617777 0.0617777 
2.283 0.1117 0.0791 -0.0039 0.0020 0.261730 0.062527 0.4 0.0685527 0.0884914 0 0.4 0.0311509 0.0311509 0.0293979 0.0605487 0.0605487 
2.293 0.1354 0.1156 -0.0031 0.0022 0.256495 0.065932 0.4 0.134283 0.148988 0 0.4 0.0251012 0.0251012 0.0301685 0.0552697 0.0552697 
2.303 0.0482 0.0391 -0.0027 0.0023 0.256495 0.064758 0.4 0.0593792 0.00776002 0 0.4 0.039224 0.039224 0.0313688 0.0705928 0.0705928 
2.313 0.0662 0.0675 -0.0025 0.0023 0.259112 0.065455 0.4 0.0439078 0.0288094 0 0.4 0.0371191 0.0371191 0.0326042 0.0697232 0.0697232 
2.323 0.0897 0.0864 -0.0021 0.0024 0.259112 0.068039 0.4 0.0324274 0.0316367 0 0.4 0.0368363 0.0368363 0.0338638 0.0707001 0.0707001 
2.333 0.1522 0.1342 -0.0005 0.0028 0.253878 0.072150 0.4 0.16365 0.0894234 0 0.4 0.0310577 0.0310577 0.0343165 0.0653741 0.0653741 
2.343 0.0518 -0.0090 0.0001 0.0030 0.256495 0.070662 0.4 0.0601892 -0.0470217 0 0.4 0.0447022 0.0447022 0.0354922 0.0801944 0.0801944 
2.353 0.0885 -0.0054 0.0001 0.0030 0.251261 0.068446 0.4 0.0246178 0.0105685 0 0.4 0.0389432 0.0389432 0.0368595 0.0758026 0.0758026 
2.363 0.1930 0.1495 0.0008 0.0032 0.251261 0.070959 0.4 0.105246 0.243258 0 0.4 0.0156742 0.0156742 0.0379159 0.0535902 0.0535902 
2.373 0.2452 0.1884 0.0026 0.0036 0.248643 0.076690 0.4 0.211982 0.24504 0 0.4 0.015496 0.015496 0.0382839 0.0537799 0.0537799 
2.383 0.1005 0.0512 0.0032 0.0038 0.246026 0.076008 0.4 0.0991329 0.0645921 0 0.4 0.0335408 0.0335408 0.0393871 0.0729278 0.0729278 
2.393 0.1317 0.0689 0.0036 0.0039 0.240791 0.073970 0.4 0.0732083 0.115331 0 0.4 0.0284669 0.0284669 0.0406155 0.0690824 0.0690824 
2.403 0.1956 0.1061 0.0044 0.0041 0.235557 0.074493 0.4 0.148054 0.166855 0 0.4 0.0233145 0.0233145 0.0413415 0.064656 0.064656 
2.413 0.2526 0.1057 0.0064 0.0046 0.235557 0.077858 0.4 0.201227 0.141654 0 0.4 0.0258346 0.0258346 0.0417918 0.0676263 0.0676263 
2.423 0.1472 0.0252 0.0073 0.0048 0.227705 0.076130 0.4 0.123645 0.07691 0 0.4 0.032309 0.032309 0.0428002 0.0751092 0.0751092 
2.433 0.1342 0.0690 0.0079 0.0049 0.219853 0.073836 0.4 0.110689 0.0998799 0 0.4 0.030012 0.030012 0.0438032 0.0738152 0.0738152 
2.443 0.1986 0.1163 0.0091 0.0052 0.214618 0.073486 0.4 0.183345 0.2002 0 0.4 0.01998 0.01998 0.0444366 0.0644166 0.0644166 
2.453 0.2107 0.1421 0.0107 0.0055 0.209384 0.075458 0.4 0.208135 0.188197 0 0.4 0.0211803 0.0211803 0.0449843 0.0661646 0.0661646 
2.463 0.1891 0.0558 0.0119 0.0058 0.204149 0.074517 0.4 0.141923 0.143109 0 0.4 0.0256891 0.0256891 0.045974 0.0716631 0.0716631 
2.473 0.2162 0.1292 0.0129 0.0060 0.196297 0.074346 0.4 0.188619 0.245161 0 0.4 0.0154839 0.0154839 0.0466792 0.0621631 0.0621631 
2.483 0.1873 0.0917 0.0143 0.0062 0.188445 0.075078 0.4 0.179039 0.124768 0 0.4 0.0275232 0.0275232 0.0473076 0.0748309 0.0748309 
2.493 0.2160 0.0996 0.0153 0.0064 0.180593 0.074282 0.4 0.176453 0.206804 0 0.4 0.0193197 0.0193197 0.0481549 0.0674746 0.0674746 
2.503 0.2469 0.1417 0.0167 0.0067 0.172742 0.075297 0.4 0.232932 0.253836 0 0.4 0.0146164 0.0146164 0.0486417 0.0632581 0.0632581 
2.513 0.1702 0.0654 0.0183 0.0070 0.167507 0.075651 0.4 0.153583 0.0583321 0 0.4 0.0341668 0.0341668 0.0494721 0.0836389 0.0836389 
2.523 0.1895 0.1013 0.0193 0.0071 0.159655 0.074898 0.4 0.181145 0.157947 0 0.4 0.0242053 0.0242053 0.0501817 0.074387 0.074387 
2.533 0.2309 0.1451 0.0207 0.0073 0.151803 0.074943 0.4 0.223218 0.266346 0 0.4 0.0133655 0.0133655 0.0507651 0.0641305 0.0641305 
2.543 0.2083 0.0769 0.0223 0.0076 0.146569 0.075255 0.4 0.169216 0.119733 0 0.4 0.0280267 0.0280267 0.0515083 0.0795351 0.0795351 
2.553 0.2590 0.1427 0.0237 0.0078 0.138717 0.075079 0.4 0.214717 0.316365 0 0.4 0.00836347 0.00836347 0.0522039 0.0605673 0.0605673 
2.563 0.1454 0.1034 0.0251 0.0080 0.130865 0.075592 0.4 0.17021 0.0417914 0 0.4 0.0358209 0.0358209 0.0528015 0.0886224 0.0886224 
2.573 0.1857 0.0865 0.0263 0.0081 0.125630 0.075350 0.4 0.163608 0.122734 0 0.4 0.0277266 0.0277266 0.0536137 0.0813403 0.0813403 
2.583 0.2392 0.1847 0.0279 0.0083 0.115161 0.076474 0.4 0.236572 0.2968 0 0.4 0.01032 0.01032 0.054131 0.064451 0.064451 
2.593 0.2198 0.1471 0.0295 0.0085 0.109926 0.078724 0.4 0.231592 0.227076 0 0.4 0.0172924 0.0172924 0.05466 0.0719524 0.0719524 
2.603 0.1703 0.0728 0.0309 0.0087 0.102075 0.076905 0.4 0.155309 0.0616247 0 0.4 0.0338375 0.0338375 0.0555038 0.0893413 0.0893413 
2.613 0.2209 0.1224 0.0322 0.0088 0.096840 0.077925 0.4 0.182022 0.163803 0 0.4 0.0236197 0.0236197 0.0562294 0.0798491 0.0798491 
2.623 0.2590 0.1991 0.0342 0.0090 0.091605 0.080638 0.4 0.252263 0.260468 0 0.4 0.0139532 0.0139532 0.056601 0.0705542 0.0705542 
2.633 0.1567 0.0829 0.0358 0.0091 0.086371 0.081188 0.4 0.163965 0.0138797 0 0.4 0.038612 0.038612 0.0572947 0.0959068 0.0959068 
2.643 0.2199 0.1539 0.0372 0.0092 0.078519 0.080976 0.4 0.182681 0.217293 0 0.4 0.0182707 0.0182707 0.0581636 0.0764344 0.0764344 
2.653 0.2634 0.2199 0.0392 0.0094 0.078519 0.082839 0.4 0.246085 0.291668 0 0.4 0.0108332 0.0108332 0.0586195 0.0694526 0.0694526 
2.663 0.2330 0.1674 0.0410 0.0095 0.070667 0.085403 0.4 0.247645 0.170413 0 0.4 0.0229587 0.0229587 0.059005 0.0819637 0.0819637 
2.673 0.2073 0.1487 0.0429 0.0096 0.068050 0.083449 0.4 0.176918 0.150459 0 0.4 0.0249541 0.0249541 0.0598943 0.0848484 0.0848484 
2.683 0.2831 0.2264 0.0445 0.0098 0.062815 0.084611 0.4 0.246327 0.328665 0 0.4 0.00713353 0.00713353 0.060429 0.0675625 0.0675625 
2.693 0.1978 0.1429 0.0469 0.0099 0.057580 0.086167 0.4 0.223434 0.0483928 0 0.4 0.0351607 0.0351607 0.0607503 0.095911 0.095911 
2.703 0.2359 0.1906 0.0485 0.0100 0.052346 0.084124 0.4 0.20244 0.270305 0 0.4 0.0129695 0.0129695 0.0616299 0.0745994 0.0745994 
2.713 0.2269 0.1884 0.0504 0.0101 0.049729 0.083998 0.4 0.21475 0.201004 0 0.4 0.0198996 0.0198996 0.0621749 0.0820745 0.0820745 
2.723 0.2656 0.1999 0.0526 0.0102 0.047111 0.085922 0.4 0.23977 0.189892 0 0.4 0.0210108 0.0210108 0.062586 0.0835968 0.0835968 
2.733 0.2094 0.1749 0.0548 0.0103 0.044494 0.087500 0.4 0.19916 0.109888 0 0.4 0.0290112 0.0290112 0.0631808 0.092192 0.092192 
2.743 0.2758 0.2258 0.0566 0.0104 0.041877 0.086621 0.4 0.233771 0.29227 0 0.4 0.010773 0.010773 0.0638082 0.0745813 0.0745813 
2.753 0.3128 0.2463 0.0591 0.0105 0.036642 0.087451 0.4 0.282598 0.345318 0 0.4 0.0054682 0.0054682 0.0641736 0.0696418 0.0696418 
2.763 0.1927 0.1636 0.0613 0.0106 0.034025 0.087126 0.4 0.200836 0.0704101 0 0.4 0.032959 0.032959 0.0647274 0.0976864 0.0976864 
2.773 0.2984 0.2585 0.0635 0.0106 0.031408 0.086399 0.4 0.264539 0.367701 0 0.4 0.00322993 0.00322993 0.0652968 0.0685267 0.0685267 
2.783 0.3497 0.2862 0.0660 0.0107 0.026173 0.087731 0.4 0.311752 0.424456 0 0.4 -0.00244555 -0.00244555 0.0656044 0.0631588 0.0631588 
2.793 0.2988 0.2109 0.0684 0.0108 0.026173 0.088127 0.4 0.264927 0.267433 0 0.4 0.0132567 0.0132567 0.066053 0.0793096 0.0793096 
2.803 0.2844 0.2311 0.0706 0.0108 0.018321 0.087138 0.4 0.261913 0.266287 0 0.4 0.0133713 0.0133713 0.0665353 0.0799066 0.0799066 
2.813 0.3142 0.2556 0.0733 0.0109 0.015704 0.087235 0.4 0.28725 0.317781 0 0.4 0.00822186 0.00822186 0.0669066 0.0751284 0.0751284 
2.823 0.2571 0.2316 0.0757 0.0109 0.015704 0.087980 0.4 0.260792 0.179587 0 0.4 0.0220413 0.0220413 0.0672806 0.0893219 0.0893219 
2.833 0.3234 0.2534 0.0781 0.0109 0.010469 0.087673 0.4 0.289755 0.329819 0 0.4 0.00701814 0.00701814 0.0677419 0.07476 0.07476 
2.843 0.3515 0.2801 0.0808 0.0110 0.007852 0.087552 0.4 0.314086 0.392456 0 0.4 0.000754443 0.000754443 0.0680531 0.0688075 0.0688075 
2.853 0.2385 0.2181 0.0834 0.0110 0.005235 0.087074 0.4 0.244306 0.143568 0 0.4 0.0256432 0.0256432 0.0685031 0.0941463 0.0941463 
2.863 0.3406 0.2698 0.0860 0.0110 0.002617 0.087334 0.4 0.301556 0.337678 0 0.4 0.00623216 0.00623216 0.068822 0.0750541 0.0750541 
2.873 0.3438 0.3035 0.0889 0.0110 -0.002617 0.087966 0.4 0.319392 0.383542 0 0.4 0.00164578 0.00164578 0.0691274 0.0707732 0.0707732 
2.883 0.2737 0.2451 0.0915 0.0110 -0.005235 0.087377 0.4 0.266231 0.194474 0 0.4 0.0205526 0.0205526 0.0695464 0.090099 0.090099 
2.893 0.3616 0.3016 0.0944 0.0110 -0.005235 0.087620 0.4 0.316557 0.409168 0 0.4 -0.000916836 -0.000916836 0.0698957 0.0689788 0.0689788 
2.903 0.3368 0.2995 0.0972 0.0109 -0.010469 0.088501 0.4 0.321119 0.341193 0 0.4 0.00588068 0.00588068 0.0700763 0.0759569 0.0759569 
2.913 0.2820 0.2375 0.1000 0.0109 -0.010469 0.087134 0.4 0.270936 0.182367 0 0.4 0.0217633 0.0217633 0.0704684 0.0922317 0.0922317 
2.923 0.3240 0.2791 0.1029 0.0109 -0.015704 0.087580 0.4 0.306821 0.273381 0 0.4 0.0126619 0.0126619 0.0707487 0.0834106 0.0834106 
2.933 0.3023 0.2762 0.1061 0.0108 -0.015704 0.089223 0.4 0.315715 0.180301 0 0.4 0.0219699 0.0219699 0.0708222 0.0927921 0.0927921 
2.943 0.3136 0.2812 0.1090 0.0108 -0.015704 0.087063 0.4 0.296388 0.330358 0 0.4 0.0069642 0.0069642 0.0713159 0.0782801 0.0782801 
2.953 0.3782 0.3551 0.1120 0.0107 -0.018321 0.087683 0.4 0.367839 0.43475 0 0.4 -0.00347498 -0.00347498 0.0714192 0.0679442 0.0679442 
2.963 0.3280 0.3118 0.1155 0.0106 -0.020938 0.089264 0.4 0.334686 0.236265 0 0.4 0.0163735 0.0163735 0.0715046 0.0878781 0.0878781 
2.973 0.3237 0.2993 0.1185 0.0106 -0.023556 0.087939 0.4 0.306637 0.239448 0 0.4 0.0160552 0.0160552 0.071835 0.0878903 0.0878903 
2.983 0.4045 0.3575 0.1219 0.0105 -0.026173 0.089231 0.4 0.37446 0.417273 0 0.4 -0.00172728 -0.00172728 0.0718686 0.0701413 0.0701413 
2.993 0.3283 0.3174 0.1254 0.0104 -0.028790 0.087266 0.4 0.332208 0.298735 0 0.4 0.0101265 0.0101265 0.0721093 0.0822358 0.0822358 
3.003 0.3419 0.3327 0.1286 0.0103 -0.028790 0.087617 0.4 0.34702 0.272426 0 0.4 0.0127574 0.0127574 0.0721857 0.0849431 0.0849431 
3.013 0.3888 0.3599 0.1321 0.0102 -0.031408 0.087622 0.4 0.385094 0.425479 0 0.4 -0.00254793 -0.00254793 0.0722558 0.0697079 0.0697079 
3.023 0.4396 0.3593 0.1359 0.0101 -0.034025 0.087493 0.4 0.390578 0.459746 0 0.4 -0.00597465 -0.00597465 0.0723414 0.0663668 0.0663668 
3.033 0.4106 0.3812 0.1394 0.0099 -0.036642 0.086473 0.4 0.389703 0.44028 0 0.4 -0.00402803 -0.00402803 0.072409 0.068381 0.068381 
3.043 0.3572 0.3335 0.1432 0.0098 -0.039259 0.086954 0.4 0.377597 0.230217 0 0.4 0.0169783 0.0169783 0.0722861 0.0892644 0.0892644 
3.053 0.4098 0.3438 0.1467 0.0097 -0.041877 0.084687 0.4 0.382327 0.405869 0 0.4 -0.000586912 -0.000586912 0.0724604 0.0718735 0.0718735 
3.063 0.4717 0.4285 0.1505 0.0095 -0.044494 0.084947 0.4 0.450673 0.549373 0 0.4 -0.0149373 -0.0149373 0.0723133 0.0573759 0.0573759 
3.073 0.4187 0.3816 0.1544 0.0093 -0.047111 0.083898 0.4 0.401465 0.460285 0 0.4 -0.00602853 -0.00602853 0.0724041 0.0663756 0.0663756 
3.083 0.4466 0.3971 0.1580 0.0092 -0.047111 0.082991 0.4 0.419978 0.492206 0 0.4 -0.00922057 -0.00922057 0.0723813 0.0631607 0.0631607 
3.093 0.4575 0.3877 0.1621 0.0090 -0.052346 0.082521 0.4 0.423522 0.481785 0 0.4 -0.00817848 -0.00817848 0.0723101 0.0641316 0.0641316 
3.103 0.4547 0.4093 0.1659 0.0087 -0.054963 0.081864 0.4 0.441698 0.503439 0 0.4 -0.0103439 -0.0103439 0.0721716 0.0618277 0.0618277 
3.113 0.4805 0.4085 0.1698 0.0085 -0.057581 0.080312 0.4 0.446396 0.556547 0 0.4 -0.0156547 -0.0156547 0.0721416 0.0564869 0.0564869 
3.123 0.3773 0.3042 0.1740 0.0083 -0.060198 0.080247 0.4 0.391285 0.165657 0 0.4 0.0234343 0.0234343 0.0719063 0.0953407 0.0953407 
3.133 0.4407 0.3157 0.1779 0.0080 -0.062815 0.078411 0.4 0.405309 0.348901 0 0.4 0.00510986 0.00510986 0.0719232 0.0770331 0.0770331 
3.143 0.4339 0.3157 0.1821 0.0078 -0.070667 0.078657 0.4 0.413538 0.257793 0 0.4 0.0142207 0.0142207 0.0716576 0.0858783 0.0858783 
3.153 0.5206 0.3634 0.1864 0.0075 -0.073284 0.077213 0.4 0.463967 0.543281 0 0.4 -0.0143281 -0.0143281 0.0715271 0.057199 0.057199 
3.163 0.4066 0.3509 0.1904 0.0071 -0.078519 0.075912 0.4 0.413117 0.308884 0 0.4 0.00911161 0.00911161 0.0713767 0.0804883 0.0804883 
3.173 0.4828 0.4551 0.1947 0.0068 -0.081136 0.075417 0.4 0.500095 0.587308 0 0.4 -0.0187308 -0.0187308 0.0710756 0.0523449 0.0523449 
3.183 0.4307 0.3956 0.1991 0.0064 -0.086371 0.075313 0.4 0.443407 0.374364 0 0.4 0.00256362 0.00256362 0.0708953 0.0734589 0.0734589 
3.193 0.4800 0.4591 0.2032 0.0061 -0.091605 0.075202 0.4 0.483433 0.527164 0 0.4 -0.0127164 -0.0127164 0.0706409 0.0579245 0.0579245 
3.203 0.5067 0.4804 0.2076 0.0057 -0.091605 0.075500 0.4 0.475825 0.581209 0 0.4 -0.0181209 -0.0181209 0.0705205 0.0523996 0.0523996 
3.213 0.4746 0.4499 0.2120 0.0053 -0.096840 0.075684 0.4 0.462842 0.482925 0 0.4 -0.00829246 -0.00829246 0.0702608 0.0619684 0.0619684 
3.223 0.4222 0.3667 0.2163 0.0048 -0.099457 0.075543 0.4 0.438495 0.239475 0 0.4 0.0160525 0.0160525 0.0699275 0.08598 0.08598 
3.233 0.4274 0.3915 0.2209 0.0044 -0.102075 0.073807 0.4 0.427182 0.346182 0 0.4 0.00538183 0.00538183 0.0698203 0.0752022 0.0752022 
3.243 0.4392 0.3948 0.2256 0.0039 -0.104692 0.073272 0.4 0.451383 0.299516 0 0.4 0.0100484 0.0100484 0.0694216 0.07947 0.07947 
3.253 0.5224 0.4782 0.2298 0.0034 -0.107309 0.071183 0.4 0.501796 0.615384 0 0.4 -0.0215384 -0.0215384 0.0692295 0.047691 0.047691 
3.263 0.5037 0.4764 0.2344 0.0029 -0.109926 0.070824 0.4 0.516462 0.529486 0 0.4 -0.0129486 -0.0129486 0.068795 0.0558464 0.0558464 
3.273 0.5201 0.5036 0.2391 0.0024 -0.112544 0.070292 0.4 0.518442 0.633575 0 0.4 -0.0233575 -0.0233575 0.0685491 0.0451916 0.0451916 
3.283 0.4898 0.4869 0.2439 0.0019 -0.112544 0.068946 0.4 0.495009 0.549683 0 0.4 -0.0149683 -0.0149683 0.0682735 0.0533051 0.0533051 
3.293 0.5198 0.5195 0.2485 0.0013 -0.115161 0.068845 0.4 0.519161 0.594554 0 0.4 -0.0194554 -0.0194554 0.0679168 0.0484614 0.0484614 
3.303 0.4965 0.5054 0.2532 0.0008 -0.117778 0.067887 0.4 0.516462 0.554618 0 0.4 -0.0154618 -0.0154618 0.0675805 0.0521187 0.0521187 
3.313 0.4790 0.5040 0.2580 0.0002 -0.117778 0.067371 0.4 0.491362 0.536684 0 0.4 -0.0136684 -0.0136684 0.0673447 0.0536763 0.0536763 
3.323 0.5022 0.5168 0.2628 -0.0003 -0.117778 0.066409 0.4 0.511981 0.561293 0 0.4 -0.0161293 -0.0161293 0.0669795 0.0508501 0.0508501 
3.333 0.5073 0.5218 0.2677 -0.0009 -0.117778 0.065852 0.4 0.515805 0.583605 0 0.4 -0.0183605 -0.0183605 0.066641 0.0482805 0.0482805 
3.343 0.5155 0.5117 0.2725 -0.0015 -0.117778 0.065387 0.4 0.515997 0.560859 0 0.4 -0.0160859 -0.0160859 0.0662801 0.0501942 0.0501942 
3.353 0.5504 0.5379 0.2774 -0.0020 -0.117778 0.064713 0.4 0.539141 0.649199 0 0.4 -0.0249199 -0.0249199 0.0658949 0.040975 0.040975 
3.363 0.4881 0.5052 0.2824 -0.0026 -0.115161 0.063231 0.4 0.506468 0.52 0 0.4 -0.012 -0.012 0.0655458 0.0535457 0.0535457 
3.373 0.5032 0.5098 0.2872 -0.0032 -0.115161 0.062022 0.4 0.522616 0.538651 0 0.4 -0.0138651 -0.0138651 0.0651336 0.0512685 0.0512685 
3.383 0.4768 0.5351 0.2925 -0.0038 -0.115161 0.062307 0.4 0.528976 0.481824 0 0.4 -0.00818239 -0.00818239 0.0646162 0.0564338 0.0564338 
3.393 0.3934 0.4735 0.2975 -0.0044 -0.112544 0.061547 0.4 0.475942 0.291924 0 0.4 0.0108076 0.0108076 0.064246 0.0750536 0.0750536 
3.403 0.5009 0.5884 0.3025 -0.0049 -0.109926 0.060517 0.4 0.56495 0.619003 0 0.4 -0.0219003 -0.0219003 0.063706 0.0418057 0.0418057 
3.413 0.4826 0.5612 0.3078 -0.0055 -0.104692 0.059599 0.4 0.561658 0.544509 0 0.4 -0.0144509 -0.0144509 0.0631083 0.0486574 0.0486574 
3.423 0.5196 0.6348 0.3132 -0.0061 -0.102075 0.058648 0.4 0.594949 0.699691 0 0.4 -0.0299691 -0.0299691 0.0625441 0.032575 0.032575 
3.433 0.4977 0.6217 0.3185 -0.0066 -0.096840 0.057640 0.4 0.590403 0.66813 0 0.4 -0.026813 -0.026813 0.0619571 0.0351441 0.0351441 
3.443 0.4835 0.5762 0.3239 -0.0071 -0.088988 0.055687 0.4 0.594259 0.562885 0 0.4 -0.0162885 -0.0162885 0.0612296 0.044941 0.044941 
3.453 0.4936 0.6241 0.3294 -0.0076 -0.081136 0.054425 0.4 0.611541 0.633716 0 0.4 -0.0233716 -0.0233716 0.0605322 0.0371607 0.0371607 
3.463 0.5029 0.6252 0.3346 -0.0080 -0.075902 0.052127 0.4 0.616692 0.708412 0 0.4 -0.0308412 -0.0308412 0.0599106 0.0290694 0.0290694 
3.473 0.4632 0.6607 0.3403 -0.0084 -0.065432 0.050908 0.4 0.638407 0.642121 0 0.4 -0.0242121 -0.0242121 0.0590471 0.034835 0.034835 
3.483 0.4785 0.6123 0.3460 -0.0087 -0.054963 0.048951 0.4 0.636903 0.612779 0 0.4 -0.0212779 -0.0212779 0.058228 0.0369501 0.0369501 
3.493 0.4580 0.6212 0.3514 -0.0090 -0.047111 0.047408 0.4 0.632805 0.587446 0 0.4 -0.0187446 -0.0187446 0.0574326 0.038688 0.038688 
3.503 0.4303 0.5324 0.3571 -0.0092 -0.036642 0.046149 0.4 0.598313 0.358972 0 0.4 0.00410284 0.00410284 0.0565775 0.0606803 0.0606803 
3.513 0.5063 0.6164 0.3628 -0.0094 -0.026173 0.045011 0.4 0.641097 0.630896 0 0.4 -0.0230896 -0.0230896 0.0557883 0.0326987 0.0326987 
3.523 0.4788 0.6142 0.3685 -0.0096 -0.015704 0.041606 0.4 0.625086 0.633726 0 0.4 -0.0233726 -0.0233726 0.0550641 0.0316916 0.0316916 
3.533 0.4888 0.6466 0.3740 -0.0096 -0.007852 0.039639 0.4 0.656309 0.655121 0 0.4 -0.0255121 -0.0255121 0.0541698 0.0286577 0.0286577 
3.543 0.5182 0.6131 0.3800 -0.0096 0.002617 0.038873 0.4 0.644151 0.615518 0 0.4 -0.0215518 -0.0215518 0.0533262 0.0317744 0.0317744 
3.553 0.5139 0.6100 0.3855 -0.0096 0.010469 0.036829 0.4 0.635365 0.660701 0 0.4 -0.0260701 -0.0260701 0.0526254 0.0265553 0.0265553 
3.563 0.5305 0.6204 0.3914 -0.0095 0.018321 0.036137 0.4 0.641435 0.641469 0 0.4 -0.0241469 -0.0241469 0.0518208 0.0276738 0.0276738 
3.573 0.5200 0.5877 0.3971 -0.0094 0.023556 0.035308 0.4 0.607837 0.577139 0 0.4 -0.0177139 -0.0177139 0.0511489 0.033435 0.033435 
3.583 0.5365 0.5746 0.4026 -0.0093 0.031408 0.033892 0.4 0.610429 0.618145 0 0.4 -0.0218145 -0.0218145 0.0504719 0.0286574 0.0286574 
3.593 0.5768 0.5582 0.4080 -0.0091 0.034025 0.032879 0.4 0.599602 0.64453 0 0.4 -0.024453 -0.024453 0.0498983 0.0254453 0.0254453 
3.603 0.5366 0.5385 0.4137 -0.0089 0.034025 0.031238 0.4 0.571314 0.552411 0 0.4 -0.0152411 -0.0152411 0.0493324 0.0340913 0.0340913 
3.613 0.5778 0.5620 0.4192 -0.0087 0.036642 0.030148 0.4 0.577584 0.682169 0 0.4 -0.0282169 -0.0282169 0.0488658 0.0206489 0.0206489 
3.623 0.6134 0.5610 0.4246 -0.0085 0.039259 0.030702 0.4 0.608635 0.665006 0 0.4 -0.0265006 -0.0265006 0.048126 0.0216254 0.0216254 
3.633 0.5796 0.5200 0.4305 -0.0082 0.041877 0.031319 0.4 0.58257 0.50586 0 0.4 -0.010586 -0.010586 0.0474222 0.0368362 0.0368362 
3.643 0.6078 0.5420 0.4362 -0.0080 0.041877 0.030588 0.4 0.585433 0.651274 0 0.4 -0.0251274 -0.0251274 0.0469101 0.0217827 0.0217827 
3.653 0.5626 0.5121 0.4419 -0.0078 0.036642 0.031396 0.4 0.586774 0.447654 0 0.4 -0.00476542 -0.00476542 0.0460749 0.0413095 0.0413095 
3.663 0.6689 0.5813 0.4478 -0.0076 0.034025 0.030852 0.4 0.640802 0.774054 0 0.4 -0.0374054 -0.0374054 0.0454339 0.00802849 0.00802849 
3.673 0.6032 0.5166 0.4536 -0.0074 0.026173 0.029640 0.4 0.622966 0.557443 0 0.4 -0.0157443 -0.0157443 0.0446143 0.02887 0.02887 
3.683 0.6346 0.4505 0.4595 -0.0073 0.023556 0.028387 0.4 0.615562 0.498695 0 0.4 -0.00986951 -0.00986951 0.0438188 0.0339493 0.0339493 
3.693 0.6163 0.5431 0.4654 -0.0071 0.015704 0.027044 0.4 0.657861 0.639541 0 0.4 -0.0239541 -0.0239541 0.0429356 0.0189816 0.0189816 
3.703 0.5690 0.5050 0.4713 -0.0071 0.007852 0.025077 0.4 0.618691 0.50673 0 0.4 -0.010673 -0.010673 0.0421279 0.0314548 0.0314548 
3.713 0.6716 0.4676 0.4772 -0.0071 -0.000000 0.023757 0.4 0.632107 0.614403 0 0.4 -0.0214403 -0.0214403 0.0413788 0.0199385 0.0199385 
3.723 0.6089 0.5131 0.4832 -0.0071 -0.005235 0.022457 0.4 0.648268 0.580601 0 0.4 -0.01806 -0.01806 0.0404263 0.0223662 0.0223662 
3.733 0.6297 0.5417 0.4891 -0.0071 -0.013087 0.020886 0.4 0.630592 0.66282 0 0.4 -0.026282 -0.026282 0.0397903 0.0135083 0.0135083 
3.743 0.7407 0.5793 0.4954 -0.0072 -0.020938 0.020345 0.4 0.741308 0.860683 0 0.4 -0.0460683 -0.0460683 0.0386246 -0.00744376 -0.00744376 
3.753 0.6655 0.5482 0.5013 -0.0074 -0.028790 0.018674 0.4 0.679627 0.755646 0 0.4 -0.0355646 -0.0355646 0.0378411 0.00227649 0.00227649 
3.763 0.6821 0.5928 0.5072 -0.0076 -0.036642 0.016725 0.4 0.70329 0.837091 0 0.4 -0.0437091 -0.0437091 0.0369676 -0.00674153 -0.00674153 
3.773 0.6608 0.5844 0.5133 -0.0078 -0.041877 0.015926 0.4 0.676146 0.770475 0 0.4 -0.0370475 -0.0370475 0.0361347 -0.000912867 -0.000912867 
3.783 0.5822 0.5018 0.5193 -0.0081 -0.052346 0.015280 0.4 0.617749 0.500678 0 0.4 -0.0100678 -0.0100678 0.0352803 0.0252125 0.0252125 
3.793 0.5186 0.4736 0.5254 -0.0084 -0.057581 0.014431 0.4 0.578374 0.34033 0 0.4 0.00596701 0.00596701 0.034444 0.040411 0.040411 
3.803 0.6629 0.6309 0.5313 -0.0088 -0.060198 0.013931 0.4 0.665323 0.841679 0 0.4 -0.0441679 -0.0441679 0.033725 -0.0104429 -0.0104429 
3.813 0.6666 0.6434 0.5374 -0.0092 -0.065432 0.013903 0.4 0.686722 0.829746 0 0.4 -0.0429746 -0.0429746 0.032832 -0.0101426 -0.0101426 
3.823 0.6190 0.6417 0.5434 -0.0096 -0.070667 0.013633 0.4 0.663374 0.765975 0 0.4 -0.0365975 -0.0365975 0.0320203 -0.00457723 -0.00457723 
3.833 0.5418 0.6185 0.5495 -0.0100 -0.070667 0.012671 0.4 0.598828 0.606773 0 0.4 -0.0206773 -0.0206773 0.031424 0.0107467 0.0107467 
3.843 0.5801 0.6404 0.5554 -0.0104 -0.068050 0.012737 0.4 0.640254 0.683311 0 0.4 -0.0283311 -0.0283311 0.0305973 0.00226627 0.00226627 
3.853 0.5275 0.6092 0.5614 -0.0108 -0.068050 0.013509 0.4 0.605955 0.490113 0 0.4 -0.00901133 -0.00901133 0.0297907 0.0207794 0.0207794 
3.863 0.5160 0.6646 0.5677 -0.0113 -0.065432 0.013187 0.4 0.636695 0.58821 0 0.4 -0.018821 -0.018821 0.0289583 0.0101373 0.0101373 
3.873 0.5413 0.6853 0.5742 -0.0117 -0.060198 0.012682 0.4 0.676182 0.669733 0 0.4 -0.0269733 -0.0269733 0.0279901 0.00101683 0.00101683 
3.883 0.5678 0.7327 0.5803 -0.0120 -0.054963 0.010805 0.4 0.700708 0.818454 0 0.4 -0.0418454 -0.0418454 0.0271072 -0.0147382 -0.0147382 
3.893 0.5750 0.6718 0.5865 -0.0123 -0.047111 0.008894 0.4 0.697396 0.727527 0 0.4 -0.0327527 -0.0327527 0.026086 -0.0066667 -0.0066667 
3.903 0.5350 0.7627 0.5926 -0.0126 -0.036642 0.006794 0.4 0.723784 0.799457 0 0.4 -0.0399457 -0.0399457 0.0250482 -0.0148975 -0.0148975 
3.913 0.5808 0.7262 0.5991 -0.0128 -0.026173 0.004726 0.4 0.744198 0.84077 0 0.4 -0.044077 -0.044077 0.0239612 -0.0201158 -0.0201158 
3.923 0.5303 0.7523 0.6054 -0.0129 -0.013087 0.002499 0.4 0.73945 0.797415 0 0.4 -0.0397415 -0.0397415 0.0228921 -0.0168495 -0.0168495 
3.933 0.3516 0.7523 0.6117 -0.0130 -0.000000 0.000526 0.4 0.745908 0.75437 0 0.4 -0.035437 -0.035437 0.021725 -0.013712 -0.013712 
3.943 0.5163 0.7537 0.6180 -0.0129 0.013086 -0.001038 0.4 0.739226 0.76731 0 0.4 -0.036731 -0.036731 0.020654 -0.0160769 -0.0160769 
3.953 0.5779 0.7619 0.6243 -0.0128 0.026173 -0.002572 0.4 0.780718 0.857422 0 0.4 -0.0457422 -0.0457422 0.0194535 -0.0262887 -0.0262887 
3.963 0.4893 0.6844 0.6307 -0.0126 0.041877 -0.003738 0.4 0.711617 0.578073 0 0.4 -0.0178073 -0.0178073 0.0182817 0.000474375 0.000474375 
3.973 0.3892 0.7467 0.6372 -0.0123 0.052346 -0.006153 0.4 0.751957 0.798457 0 0.4 -0.0398457 -0.0398457 0.0171511 -0.0226946 -0.0226946 
3.983 0.5220 0.7167 0.6435 -0.0119 0.070667 -0.010034 0.4 0.760355 0.762655 0 0.4 -0.0362655 -0.0362655 0.0159279 -0.0203377 -0.0203377 
3.993 0.5154 0.6524 0.6498 -0.0114 0.083753 -0.013599 0.4 0.722548 0.69209 0 0.4 -0.029209 -0.029209 0.0149004 -0.0143086 -0.0143086 
4.003 0.4888 0.6459 0.6556 -0.0109 0.096840 -0.017046 0.4 0.69451 0.68127 0 0.4 -0.028127 -0.028127 0.0140013 -0.0141258 -0.0141258 
4.013 0.4872 0.6370 0.6617 -0.0102 0.112544 -0.019503 0.4 0.702579 0.627042 0 0.4 -0.0227042 -0.0227042 0.0128833 -0.00982089 -0.00982089 
4.023 0.5273 0.6663 0.6677 -0.0095 0.123013 -0.021162 0.4 0.727624 0.754866 0 0.4 -0.0354866 -0.0354866 0.011797 -0.0236895 -0.0236895 
4.033 0.5147 0.6191 0.6738 -0.0087 0.138717 -0.022729 0.4 0.693669 0.664652 0 0.4 -0.0264652 -0.0264652 0.0108316 -0.0156336 -0.0156336 
4.043 0.5365 0.6317 0.6796 -0.0079 0.146569 -0.024003 0.4 0.689054 0.733199 0 0.4 -0.0333199 -0.0333199 0.0099652 -0.0233547 -0.0233547 
4.053 0.5177 0.6133 0.6856 -0.0070 0.157038 -0.024112 0.4 0.644663 0.655732 0 0.4 -0.0255732 -0.0255732 0.00919 -0.0163832 -0.0163832 
4.063 0.4616 0.4901 0.6914 -0.0060 0.164890 -0.024277 0.4 0.588583 0.347432 0 0.4 0.00525679 0.00525679 0.00833644 0.0135932 0.0135932 
4.073 0.5501 0.5828 0.6970 -0.0051 0.170124 -0.024082 0.4 0.631328 0.661149 0 0.4 -0.0261149 -0.0261149 0.00763227 -0.0184826 -0.0184826 
4.083 0.4919 0.5013 0.7026 -0.0041 0.175359 -0.023812 0.4 0.565935 0.4248 0 0.4 -0.00248002 -0.00248002 0.007 0.00451999 0.00451999 
4.093 0.5702 0.5495 0.7084 -0.0031 0.177976 -0.023251 0.4 0.605005 0.606829 0 0.4 -0.0206829 -0.0206829 0.00631949 -0.0143634 -0.0143634 
4.103 0.6439 0.4480 0.7140 -0.0021 0.177976 -0.023273 0.4 0.587908 0.582067 0 0.4 -0.0182067 -0.0182067 0.00570627 -0.0125005 -0.0125005 
4.113 0.5602 0.4972 0.7196 -0.0010 0.177976 -0.022148 0.4 0.56951 0.528301 0 0.4 -0.0128301 -0.0128301 0.00510909 -0.00772101 -0.00772101 
4.123 0.5626 0.5230 0.7252 -0.0000 0.177976 -0.021008 0.4 0.585468 0.53454 0 0.4 -0.013454 -0.013454 0.00441123 -0.00904274 -0.00904274 
4.133 0.5424 0.4857 0.7309 0.0010 0.175359 -0.020344 0.4 0.566857 0.42297 0 0.4 -0.00229703 -0.00229703 0.00375503 0.001458 0.001458 
4.143 0.6423 0.5529 0.7363 0.0019 0.172742 -0.020492 0.4 0.620663 0.769783 0 0.4 -0.0369783 -0.0369783 0.00317831 -0.0338 -0.0338 
4.153 0.5792 0.4754 0.7419 0.0029 0.167507 -0.020273 0.4 0.597725 0.499233 0 0.4 -0.00992328 -0.00992328 0.00239005 -0.00753323 -0.00753323 
4.163 0.6069 0.4986 0.7475 0.0038 0.162272 -0.021066 0.4 0.611656 0.632238 0 0.4 -0.0232238 -0.0232238 0.00167354 -0.0215502 -0.0215502 
4.173 0.5169 0.4212 0.7532 0.0047 0.157038 -0.022556 0.4 0.568778 0.390615 0 0.4 0.000938478 0.000938478 0.000967802 0.00190628 0.00190628 
4.183 0.5189 0.4248 0.7588 0.0056 0.146569 -0.023661 0.4 0.585011 0.37429 0 0.4 0.00257095 0.00257095 0.000135898 0.00270685 0.00270685 
4.193 0.6455 0.5438 0.7644 0.0064 0.141334 -0.024153 0.4 0.6682 0.771327 0 0.4 -0.0371328 -0.0371328 -0.000659829 -0.0377926 -0.0377926 
4.203 0.6543 0.5254 0.7702 0.0072 0.133482 -0.024322 0.4 0.657594 0.753897 0 0.4 -0.0353897 -0.0353897 -0.00141823 -0.0368079 -0.0368079 
4.213 0.6774 0.5404 0.7758 0.0079 0.128247 -0.024317 0.4 0.676135 0.795282 0 0.4 -0.0395282 -0.0395282 -0.00222311 -0.0417514 -0.0417514 
4.223 0.6847 0.5230 0.7815 0.0086 0.117778 -0.024413 0.4 0.674495 0.797375 0 0.4 -0.0397375 -0.0397375 -0.003028 -0.0427655 -0.0427655 
4.233 0.6479 0.5534 0.7873 0.0093 0.109926 -0.025543 0.4 0.66437 0.80822 0 0.4 -0.040822 -0.040822 -0.00376173 -0.0445838 -0.0445838 
4.243 0.5765 0.4969 0.7928 0.0099 0.102075 -0.027129 0.4 0.613274 0.63456 0 0.4 -0.023456 -0.023456 -0.0044319 -0.0278879 -0.0278879 
4.253 0.5821 0.5419 0.7980 0.0104 0.096840 -0.028251 0.4 0.61231 0.725951 0 0.4 -0.0325951 -0.0325951 -0.00500163 -0.0375967 -0.0375967 
4.263 0.5798 0.5302 0.8037 0.0110 0.091605 -0.029617 0.4 0.599049 0.728891 0 0.4 -0.0328891 -0.0328891 -0.00555414 -0.0384432 -0.0384432 
4.273 0.4962 0.4465 0.8089 0.0114 0.086371 -0.029866 0.4 0.557669 0.419595 0 0.4 -0.00195955 -0.00195955 -0.00625314 -0.00821269 -0.00821269 
4.283 0.6006 0.5392 0.8146 0.0119 0.081136 -0.028843 0.4 0.631123 0.706899 0 0.4 -0.0306899 -0.0306899 -0.00698387 -0.0376738 -0.0376738 
4.293 0.5859 0.5055 0.8198 0.0123 0.075902 -0.028838 0.4 0.596772 0.665612 0 0.4 -0.0265612 -0.0265612 -0.00754938 -0.0341106 -0.0341106 
4.303 0.5420 0.5232 0.8251 0.0127 0.070667 -0.029304 0.4 0.576592 0.628834 0 0.4 -0.0228834 -0.0228834 -0.00807065 -0.030954 -0.030954 
4.313 0.5080 0.4972 0.8306 0.0131 0.068050 -0.029364 0.4 0.554051 0.516124 0 0.4 -0.0116124 -0.0116124 -0.00860791 -0.0202203 -0.0202203 
4.323 0.5156 0.5300 0.8358 0.0134 0.068050 -0.028860 0.4 0.560494 0.575521 0 0.4 -0.0175521 -0.0175521 -0.00909598 -0.0266481 -0.0266481 
4.333 0.5014 0.5281 0.8411 0.0138 0.068050 -0.028121 0.4 0.550045 0.549414 0 0.4 -0.0149414 -0.0149414 -0.00959793 -0.0245394 -0.0245394 
4.343 0.4764 0.5174 0.8464 0.0141 0.068050 -0.027914 0.4 0.538574 0.491491 0 0.4 -0.00914908 -0.00914908 -0.0100916 -0.0192407 -0.0192407 
4.353 0.4751 0.5374 0.8516 0.0145 0.068050 -0.027194 0.4 0.544477 0.507909 0 0.4 -0.0107909 -0.0107909 -0.0106121 -0.0214029 -0.0214029 
4.363 0.4782 0.5396 0.8569 0.0148 0.068050 -0.027309 0.4 0.551259 0.532437 0 0.4 -0.0132437 -0.0132437 -0.011127 -0.0243707 -0.0243707 
4.373 0.5111 0.5855 0.8623 0.0152 0.070667 -0.027676 0.4 0.571549 0.673288 0 0.4 -0.0273288 -0.0273288 -0.0116008 -0.0389296 -0.0389296 
4.383 0.4920 0.5852 0.8676 0.0156 0.075902 -0.027989 0.4 0.585962 0.64475 0 0.4 -0.024475 -0.024475 -0.0122165 -0.0366915 -0.0366915 
4.393 0.4931 0.5765 0.8731 0.0160 0.078519 -0.028446 0.4 0.582631 0.648714 0 0.4 -0.0248714 -0.0248714 -0.0127482 -0.0376196 -0.0376196 
4.403 0.4894 0.5655 0.8783 0.0165 0.083753 -0.029289 0.4 0.59112 0.631907 0 0.4 -0.0231907 -0.0231907 -0.0133802 -0.036571 -0.036571 
4.413 0.4783 0.5573 0.8836 0.0169 0.088988 -0.031037 0.4 0.575264 0.644808 0 0.4 -0.0244808 -0.0244808 -0.0139014 -0.0383822 -0.0383822 
4.423 0.4700 0.5824 0.8886 0.0174 0.096840 -0.032678 0.4 0.576763 0.673512 0 0.4 -0.0273512 -0.0273512 -0.0144121 -0.0417633 -0.0417633 
4.433 0.4526 0.5551 0.8939 0.0179 0.102075 -0.033824 0.4 0.580927 0.605299 0 0.4 -0.0205299 -0.0205299 -0.0150295 -0.0355594 -0.0355594 
4.443 0.4410 0.5539 0.8991 0.0185 0.107309 -0.034757 0.4 0.578202 0.602222 0 0.4 -0.0202222 -0.0202222 -0.0155855 -0.0358077 -0.0358077 
4.453 0.4660 0.5627 0.9042 0.0190 0.115161 -0.035414 0.4 0.579268 0.643661 0 0.4 -0.0243661 -0.0243661 -0.0161229 -0.040489 -0.040489 
4.463 0.4487 0.5481 0.9092 0.0196 0.123013 -0.035914 0.4 0.577003 0.600786 0 0.4 -0.0200786 -0.0200786 -0.0167123 -0.0367909 -0.0367909 
4.473 0.4373 0.5609 0.9142 0.0203 0.130865 -0.036533 0.4 0.573468 0.617022 0 0.4 -0.0217022 -0.0217022 -0.0172498 -0.0389519 -0.0389519 
4.483 0.4347 0.5428 0.9192 0.0209 0.138717 -0.037366 0.4 0.560881 0.602548 0 0.4 -0.0202548 -0.0202548 -0.0177235 -0.0379783 -0.0379783 
4.493 0.4738 0.5612 0.9241 0.0216 0.143951 -0.038203 0.4 0.596992 0.708952 0 0.4 -0.0308952 -0.0308952 -0.0182945 -0.0491897 -0.0491897 
4.503 0.4091 0.5104 0.9289 0.0223 0.149186 -0.039157 0.4 0.538663 0.550302 0 0.4 -0.0150302 -0.0150302 -0.0186838 -0.033714 -0.033714 
4.513 0.4273 0.5128 0.9335 0.0231 0.157038 -0.040226 0.4 0.53938 0.610662 0 0.4 -0.0210661 -0.0210661 -0.0190539 -0.04012 -0.04012 
4.523 0.4329 0.5029 0.9383 0.0238 0.162272 -0.040425 0.4 0.527229 0.582915 0 0.4 -0.0182915 -0.0182915 -0.0194232 -0.0377147 -0.0377147 
4.533 0.4375 0.4754 0.9431 0.0246 0.167507 -0.039565 0.4 0.534142 0.491714 0 0.4 -0.00917145 -0.00917145 -0.0199589 -0.0291304 -0.0291304 
4.543 0.4649 0.4894 0.9479 0.0255 0.172742 -0.037867 0.4 0.516298 0.532245 0 0.4 -0.0132245 -0.0132245 -0.0202845 -0.033509 -0.033509 
4.553 0.4603 0.4773 0.9525 0.0263 0.175359 -0.036803 0.4 0.500351 0.548959 0 0.4 -0.0148959 -0.0148959 -0.0205497 -0.0354457 -0.0354457 
4.563 0.4706 0.4410 0.9571 0.0271 0.177976 -0.036899 0.4 0.484082 0.526679 0 0.4 -0.0126679 -0.0126679 -0.0207757 -0.0334436 -0.0334436 
4.573 0.3895 0.3857 0.9613 0.0278 0.180593 -0.037952 0.4 0.435514 0.361715 0 0.4 0.00382846 0.00382846 -0.0209417 -0.0171133 -0.0171133 
4.583 0.4644 0.4202 0.9657 0.0286 0.180593 -0.038433 0.4 0.469583 0.506294 0 0.4 -0.0106294 -0.0106294 -0.0211424 -0.0317718 -0.0317718 
4.593 0.4978 0.4072 0.9701 0.0294 0.180593 -0.037772 0.4 0.476851 0.540945 0 0.4 -0.0140945 -0.0140945 -0.0213461 -0.0354406 -0.0354406 
4.603 0.4769 0.4301 0.9746 0.0303 0.183211 -0.036128 0.4 0.474296 0.510959 0 0.4 -0.0110959 -0.0110959 -0.0215925 -0.0326884 -0.0326884 
4.613 0.4319 0.4162 0.9790 0.0311 0.183211 -0.035030 0.4 0.451028 0.417736 0 0.4 -0.00177364 -0.00177364 -0.0217891 -0.0235627 -0.0235627 
4.623 0.4301 0.3809 0.9834 0.0319 0.183211 -0.034452 0.4 0.438219 0.397893 0 0.4 0.000210705 0.000210705 -0.0219331 -0.0217224 -0.0217224 
4.633 0.4282 0.3839 0.9876 0.0327 0.180593 -0.034951 0.4 0.456013 0.433598 0 0.4 -0.0033598 -0.0033598 -0.0221321 -0.0254919 -0.0254919 
4.643 0.4503 0.4084 0.9918 0.0334 0.177976 -0.035603 0.4 0.474019 0.529546 0 0.4 -0.0129546 -0.0129546 -0.0223426 -0.0352971 -0.0352971 
4.653 0.4429 0.3805 0.9958 0.0341 0.172742 -0.036342 0.4 0.453359 0.498802 0 0.4 -0.00988022 -0.00988022 -0.0224572 -0.0323374 -0.0323374 
4.663 0.3969 0.4299 1.0000 0.0349 0.170124 -0.037242 0.4 0.458483 0.53344 0 0.4 -0.013344 -0.013344 -0.0225671 -0.0359111 -0.0359111 
4.673 0.4281 0.3870 1.0038 0.0355 0.167507 -0.037533 0.4 0.441878 0.493835 0 0.4 -0.00938353 -0.00938353 -0.0226442 -0.0320278 -0.0320278 
4.683 0.4017 0.3154 1.0080 0.0362 0.164890 -0.036371 0.4 0.423135 0.316046 0 0.4 0.00839539 0.00839539 -0.022836 -0.0144406 -0.0144406 
4.693 0.4787 0.4279 1.0120 0.0369 0.159655 -0.034750 0.4 0.487744 0.597388 0 0.4 -0.0197388 -0.0197388 -0.0230559 -0.0427947 -0.0427947 
4.703 0.4837 0.4299 1.0164 0.0376 0.154420 -0.032873 0.4 0.497412 0.576934 0 0.4 -0.0176934 -0.0176934 -0.0233384 -0.0410317 -0.0410317 
4.713 0.4199 0.3774 1.0206 0.0382 0.151803 -0.032304 0.4 0.430945 0.44163 0 0.4 -0.00416299 -0.00416299 -0.0233615 -0.0275245 -0.0275245 
4.723 0.3502 0.2955 1.0244 0.0388 0.149186 -0.032642 0.4 0.38332 0.218453 0 0.4 0.0181547 0.0181547 -0.0234385 -0.00528381 -0.00528381 
4.733 0.4318 0.4028 1.0284 0.0394 0.143951 -0.033140 0.4 0.480451 0.538148 0 0.4 -0.0138148 -0.0138148 -0.0237013 -0.0375161 -0.0375161 
4.743 0.3613 0.2915 1.0325 0.0400 0.138717 -0.033710 0.4 0.4013 0.262569 0 0.4 0.0137431 0.0137431 -0.023754 -0.0100109 -0.0100109 
4.753 0.3427 0.2895 1.0363 0.0405 0.136099 -0.034586 0.4 0.389438 0.261248 0 0.4 0.0138752 0.0138752 -0.0237937 -0.00991847 -0.00991847 
4.763 0.4387 0.3508 1.0401 0.0410 0.128247 -0.035288 0.4 0.445844 0.535554 0 0.4 -0.0135554 -0.0135554 -0.0238554 -0.0374107 -0.0374107 
4.773 0.4320 0.3496 1.0439 0.0415 0.125630 -0.035385 0.4 0.45499 0.508003 0 0.4 -0.0108003 -0.0108003 -0.024025 -0.0348253 -0.0348253 
4.783 0.3834 0.3122 1.0479 0.0420 0.120396 -0.034489 0.4 0.41463 0.350256 0 0.4 0.00497444 0.00497444 -0.0241044 -0.01913 -0.01913 
4.793 0.4466 0.3592 1.0518 0.0425 0.112544 -0.033496 0.4 0.449695 0.518722 0 0.4 -0.0118722 -0.0118722 -0.0242036 -0.0360758 -0.0360758 
4.803 0.4023 0.3302 1.0556 0.0429 0.109926 -0.032748 0.4 0.403998 0.423008 0 0.4 -0.00230081 -0.00230081 -0.0241739 -0.0264747 -0.0264747 
4.813 0.4172 0.3256 1.0592 0.0433 0.104692 -0.032923 0.4 0.416724 0.481034 0 0.4 -0.00810336 -0.00810336 -0.0241848 -0.0322882 -0.0322882 
4.823 0.4304 0.3224 1.0629 0.0436 0.099457 -0.032921 0.4 0.428593 0.500881 0 0.4 -0.0100881 -0.0100881 -0.0242304 -0.0343185 -0.0343185 
4.833 0.4197 0.3655 1.0665 0.0440 0.094223 -0.032701 0.4 0.435728 0.55487 0 0.4 -0.015487 -0.015487 -0.0242683 -0.0397553 -0.0397553 
4.843 0.4269 0.3304 1.0701 0.0443 0.088988 -0.032568 0.4 0.436842 0.517834 0 0.4 -0.0117834 -0.0117834 -0.0243571 -0.0361405 -0.0361405 
4.853 0.3338 0.2935 1.0738 0.0447 0.083753 -0.032529 0.4 0.394507 0.301907 0 0.4 0.00980929 0.00980929 -0.024435 -0.0146257 -0.0146257 
4.863 0.3988 0.3152 1.0774 0.0450 0.078519 -0.032748 0.4 0.402361 0.479032 0 0.4 -0.00790316 -0.00790316 -0.0243139 -0.032217 -0.032217 
4.873 0.3698 0.3061 1.0808 0.0452 0.070667 -0.032539 0.4 0.399784 0.409966 0 0.4 -0.000996634 -0.000996634 -0.0243263 -0.025323 -0.025323 
4.883 0.3805 0.3253 1.0843 0.0454 0.068050 -0.032016 0.4 0.393229 0.468384 0 0.4 -0.00683837 -0.00683837 -0.0241652 -0.0310036 -0.0310036 
4.893 0.3548 0.3296 1.0879 0.0457 0.062815 -0.030564 0.4 0.394184 0.396288 0 0.4 0.000371245 0.000371245 -0.0241852 -0.023814 -0.023814 
4.903 0.3751 0.3471 1.0914 0.0459 0.060198 -0.028584 0.4 0.396754 0.430011 0 0.4 -0.00300109 -0.00300109 -0.024131 -0.0271321 -0.0271321 
4.913 0.2987 0.2670 1.0948 0.0461 0.057580 -0.026809 0.4 0.32526 0.165795 0 0.4 0.0234205 0.0234205 -0.0239758 -0.000555228 -0.000555228 
4.923 0.3875 0.3454 1.0981 0.0463 0.052346 -0.025591 0.4 0.392594 0.47944 0 0.4 -0.00794399 -0.00794399 -0.0238825 -0.0318265 -0.0318265 
4.933 0.2878 0.2676 1.1015 0.0465 0.049729 -0.025361 0.4 0.319948 0.197192 0 0.4 0.0202808 0.0202808 -0.0237357 -0.00345488 -0.00345488 
4.943 0.3396 0.3016 1.1049 0.0466 0.047111 -0.025772 0.4 0.350796 0.37333 0 0.4 0.00266701 0.00266701 -0.0235404 -0.0208734 -0.0208734 
4.953 0.3296 0.3068 1.1080 0.0468 0.044494 -0.026382 0.4 0.348473 0.399937 0 0.4 6.29723e-06 6.29723e-06 -0.0232736 -0.0232673 -0.0232673 
4.963 0.3142 0.3057 1.1112 0.0469 0.044494 -0.026146 0.4 0.352996 0.366983 0 0.4 0.00330168 0.00330168 -0.0231048 -0.0198031 -0.0198031 
4.973 0.3274 0.3077 1.1143 0.0470 0.041877 -0.025435 0.4 0.346699 0.371 0 0.4 0.00290002 0.00290002 -0.0228618 -0.0199618 -0.0199618 
4.983 0.2811 0.2873 1.1175 0.0472 0.041877 -0.024110 0.4 0.321225 0.241473 0 0.4 0.0158527 0.0158527 -0.0226499 -0.00679718 -0.00679718 
4.993 0.3462 0.3214 1.1207 0.0473 0.036642 -0.022374 0.4 0.346403 0.389899 0 0.4 0.00101009 0.00101009 -0.0224041 -0.0213941 -0.0213941 
5.003 0.2984 0.3149 1.1240 0.0474 0.036642 -0.020840 0.4 0.330977 0.290242 0 0.4 0.0109758 0.0109758 -0.0222119 -0.0112361 -0.0112361 
5.013 0.2639 0.2738 1.1272 0.0475 0.036642 -0.019483 0.4 0.298012 0.195057 0 0.4 0.0204943 0.0204943 -0.021947 -0.00145274 -0.00145274 
5.023 0.2824 0.2768 1.1301 0.0476 0.036642 -0.020204 0.4 0.296135 0.296715 0 0.4 0.0103285 0.0103285 -0.0215251 -0.0111966 -0.0111966 
5.033 0.2834 0.2930 1.1329 0.0478 0.036642 -0.020949 0.4 0.303133 0.350242 0 0.4 0.00497576 0.00497576 -0.0211374 -0.0161616 -0.0161616 
5.043 0.2909 0.2830 1.1357 0.0479 0.036642 -0.020865 0.4 0.311782 0.334187 0 0.4 0.0065813 0.0065813 -0.0208559 -0.0142746 -0.0142746 
5.053 0.3116 0.3030 1.1388 0.0480 0.034025 -0.020145 0.4 0.326176 0.387658 0 0.4 0.00123424 0.00123424 -0.0205728 -0.0193386 -0.0193386 
5.063 0.2736 0.2387 1.1416 0.0481 0.034025 -0.018880 0.4 0.282811 0.202032 0 0.4 0.0197968 0.0197968 -0.0202642 -0.000467462 -0.000467462 
5.073 0.2714 0.2447 1.1447 0.0482 0.031408 -0.017561 0.4 0.286582 0.20613 0 0.4 0.019387 0.019387 -0.0199722 -0.000585156 -0.000585156 
5.083 0.3143 0.2859 1.1475 0.0483 0.031408 -0.016356 0.4 0.320517 0.341104 0 0.4 0.00588956 0.00588956 -0.0196988 -0.0138093 -0.0138093 
5.093 0.2952 0.2668 1.1505 0.0483 0.028790 -0.015253 0.4 0.298249 0.294587 0 0.4 0.0105413 0.0105413 -0.0193565 -0.00881516 -0.00881516 
5.103 0.2679 0.2234 1.1534 0.0484 0.028790 -0.015278 0.4 0.26626 0.220659 0 0.4 0.0179341 0.0179341 -0.0189006 -0.000966545 -0.000966545 
5.113 0.2989 0.2834 1.1560 0.0485 0.026173 -0.015416 0.4 0.307645 0.381525 0 0.4 0.00184747 0.00184747 -0.0185704 -0.016723 -0.016723 
5.123 0.2784 0.2457 1.1587 0.0486 0.023556 -0.015422 0.4 0.291874 0.297304 0 0.4 0.0102696 0.0102696 -0.0182049 -0.00793536 -0.00793536 
5.133 0.2576 0.2456 1.1613 0.0486 0.020938 -0.015522 0.4 0.278118 0.280096 0 0.4 0.0119904 0.0119904 -0.0177641 -0.00577371 -0.00577371 
5.143 0.2616 0.2477 1.1637 0.0487 0.020938 -0.015612 0.4 0.265238 0.316785 0 0.4 0.00832146 0.00832146 -0.0172298 -0.00890835 -0.00890835 
5.153 0.2295 0.2148 1.1662 0.0487 0.020938 -0.015096 0.4 0.254886 0.205649 0 0.4 0.0194351 0.0194351 -0.0168068 0.00262838 0.00262838 
5.163 0.2536 0.2243 1.1688 0.0488 0.018321 -0.013929 0.4 0.261779 0.247509 0 0.4 0.0152491 0.0152491 -0.0163685 -0.00111941 -0.00111941 
5.173 0.3102 0.2469 1.1714 0.0488 0.015704 -0.012309 0.4 0.28816 0.360332 0 0.4 0.00396684 0.00396684 -0.0159461 -0.0119792 -0.0119792 
5.183 0.2628 0.2024 1.1741 0.0489 0.013086 -0.009994 0.4 0.270491 0.167084 0 0.4 0.0232916 0.0232916 -0.0156474 0.00764422 0.00764422 
5.193 0.3321 0.2824 1.1771 0.0489 0.010469 -0.007518 0.4 0.322182 0.386597 0 0.4 0.00134028 0.00134028 -0.0153405 -0.0140002 -0.0140002 
5.203 0.2764 0.2124 1.1793 0.0489 0.007852 -0.006227 0.4 0.263924 0.229092 0 0.4 0.0170908 0.0170908 -0.0148878 0.00220299 0.00220299 
5.213 0.2359 0.2065 1.1816 0.0489 0.005235 -0.006993 0.4 0.236216 0.207128 0 0.4 0.0192872 0.0192872 -0.0142854 0.00500189 0.00500189 
5.223 0.2698 0.2334 1.1842 0.0489 0.002617 -0.007361 0.4 0.285373 0.320878 0 0.4 0.00791222 0.00791222 -0.0139307 -0.00601846 -0.00601846 
5.233 0.2390 0.2007 1.1866 0.0489 -0.002617 -0.007248 0.4 0.252002 0.223297 0 0.4 0.0176703 0.0176703 -0.0134353 0.00423505 0.00423505 
5.243 0.2506 0.1675 1.1889 0.0489 -0.005235 -0.006935 0.4 0.254153 0.185136 0 0.4 0.0214864 0.0214864 -0.0130094 0.008477 0.008477 
5.253 0.2991 0.1851 1.1915 0.0489 -0.007852 -0.006386 0.4 0.295578 0.28833 0 0.4 0.011167 0.011167 -0.0126977 -0.00153072 -0.00153072 
5.263 0.2395 0.1256 1.1937 0.0489 -0.010469 -0.005711 0.4 0.227427 0.105662 0 0.4 0.0294339 0.0294339 -0.012144 0.0172899 0.0172899 
5.273 0.2337 0.2112 1.1960 0.0489 -0.013087 -0.006076 0.4 0.248866 0.270552 0 0.4 0.0129448 0.0129448 -0.011572 0.00137283 0.00137283 
5.283 0.2604 0.2051 1.1984 0.0488 -0.018321 -0.005022 0.4 0.261427 0.255557 0 0.4 0.0144443 0.0144443 -0.0111562 0.00328811 0.00328811 
5.293 0.2343 0.1569 1.2006 0.0488 -0.020938 -0.003130 0.4 0.222866 0.120908 0 0.4 0.0279092 0.0279092 -0.0106722 0.017237 0.017237 
5.303 0.2971 0.1723 1.2029 0.0487 -0.023556 -0.002571 0.4 0.264008 0.291607 0 0.4 0.0108393 0.0108393 -0.0101972 0.000642026 0.000642026 
5.313 0.2845 0.2359 1.2053 0.0487 -0.028790 -0.001603 0.4 0.276522 0.371112 0 0.4 0.00288877 0.00288877 -0.00969777 -0.006809 -0.006809 
5.323 0.2738 0.2135 1.2075 0.0486 -0.031408 -0.000615 0.4 0.274039 0.307858 0 0.4 0.00921418 0.00921418 -0.00928562 -7.14445e-05 -7.14445e-05 
5.333 0.2435 0.2116 1.2098 0.0485 -0.034025 0.000076 0.4 0.250433 0.271019 0 0.4 0.0128981 0.0128981 -0.00874895 0.00414915 0.00414915 
5.343 0.3062 0.1649 1.2118 0.0484 -0.039259 0.000687 0.4 0.256038 0.310811 0 0.4 0.00891888 0.00891888 -0.00820187 0.000717012 0.000717012 
5.353 0.2446 0.2292 1.2142 0.0483 -0.044494 0.001075 0.4 0.271056 0.320497 0 0.4 0.00795026 0.00795026 -0.00775774 0.000192522 0.000192522 
5.363 0.2021 0.1652 1.2162 0.0482 -0.049729 0.001851 0.4 0.223901 0.140886 0 0.4 0.0259114 0.0259114 -0.00721597 0.0186955 0.0186955 
5.373 0.2377 0.2099 1.2183 0.0481 -0.049729 0.002722 0.4 0.238495 0.274242 0 0.4 0.0125758 0.0125758 -0.00662192 0.00595386 0.00595386 
5.383 0.2263 0.1960 1.2205 0.0480 -0.052346 0.003718 0.4 0.241801 0.247741 0 0.4 0.0152259 0.0152259 -0.0060996 0.00912628 0.00912628 
5.393 0.2593 0.2062 1.2225 0.0479 -0.057581 0.004663 0.4 0.238338 0.311687 0 0.4 0.00883135 0.00883135 -0.00545896 0.00337239 0.00337239 
5.403 0.2072 0.1749 1.2246 0.0478 -0.057581 0.005548 0.4 0.217591 0.185591 0 0.4 0.0214409 0.0214409 -0.00491599 0.0165249 0.0165249 
5.413 0.1875 0.1681 1.2266 0.0477 -0.062815 0.006543 0.4 0.203052 0.135546 0 0.4 0.0264454 0.0264454 -0.00432939 0.022116 0.022116 
5.423 0.2166 0.2017 1.2286 0.0475 -0.062815 0.007069 0.4 0.229258 0.26032 0 0.4 0.013968 0.013968 -0.00372699 0.010241 0.010241 
5.433 0.2218 0.2044 1.2306 0.0474 -0.068050 0.007905 0.4 0.219946 0.270208 0 0.4 0.0129792 0.0129792 -0.00305702 0.00992217 0.00992217 
5.443 0.1887 0.1690 1.2326 0.0473 -0.068050 0.009048 0.4 0.203864 0.142862 0 0.4 0.0257138 0.0257138 -0.00247375 0.02324 0.02324 
5.453 0.2118 0.2185 1.2347 0.0471 -0.068050 0.010633 0.4 0.224293 0.253605 0 0.4 0.0146395 0.0146395 -0.00185256 0.0127869 0.0127869 
5.463 0.2144 0.2019 1.2367 0.0470 -0.068050 0.012359 0.4 0.21007 0.212108 0 0.4 0.0187892 0.0187892 -0.00120984 0.0175793 0.0175793 
5.473 0.2108 0.2177 1.2387 0.0469 -0.068050 0.013997 0.4 0.2233 0.225208 0 0.4 0.0174792 0.0174792 -0.000631776 0.0168475 0.0168475 
5.483 0.2031 0.2030 1.2407 0.0467 -0.068050 0.015146 0.4 0.199323 0.195927 0 0.4 0.0204073 0.0204073 8.06129e-05 0.0204879 0.0204879 
5.493 0.1931 0.2054 1.2430 0.0466 -0.070667 0.016408 0.4 0.201835 0.170857 0 0.4 0.0229143 0.0229143 0.000680846 0.0235952 0.0235952 
5.503 0.2251 0.2311 1.2450 0.0464 -0.070667 0.017112 0.4 0.226059 0.280025 0 0.4 0.0119975 0.0119975 0.001314 0.0133115 0.0133115 
5.513 0.2075 0.1988 1.2468 0.0463 -0.068050 0.017656 0.4 0.214377 0.238992 0 0.4 0.0161008 0.0161008 0.00195313 0.0180539 0.0180539 
5.523 0.1956 0.1907 1.2486 0.0462 -0.070667 0.017822 0.4 0.20161 0.198355 0 0.4 0.0201645 0.0201645 0.00262642 0.0227909 0.0227909 
5.533 0.1899 0.2011 1.2507 0.0460 -0.070667 0.018256 0.4 0.199822 0.210017 0 0.4 0.0189983 0.0189983 0.00331239 0.0223106 0.0223106 
5.543 0.1918 0.1845 1.2525 0.0459 -0.068050 0.018420 0.4 0.202667 0.196351 0 0.4 0.0203649 0.0203649 0.00394941 0.0243144 0.0243144 
5.553 0.1977 0.1742 1.2545 0.0458 -0.068050 0.018688 0.4 0.197986 0.195962 0 0.4 0.0204038 0.0204038 0.00463911 0.0250429 0.0250429 
5.563 0.2112 0.2050 1.2563 0.0456 -0.070667 0.019657 0.4 0.20644 0.244896 0 0.4 0.0155104 0.0155104 0.00532731 0.0208377 0.0208377 
5.573 0.1910 0.1930 1.2581 0.0455 -0.068050 0.021020 0.4 0.196175 0.175416 0 0.4 0.0224584 0.0224584 0.00598327 0.0284417 0.0284417 
5.583 0.2046 0.1878 1.2602 0.0454 -0.068050 0.022522 0.4 0.196297 0.191058 0 0.4 0.0208942 0.0208942 0.00664927 0.0275435 0.0275435 
5.593 0.2035 0.1937 1.2622 0.0452 -0.068050 0.023613 0.4 0.195297 0.190017 0 0.4 0.0209983 0.0209983 0.00732715 0.0283254 0.0283254 
5.603 0.2386 0.2317 1.2640 0.0451 -0.070667 0.025359 0.4 0.236503 0.300795 0 0.4 0.00992047 0.00992047 0.00790911 0.0178296 0.0178296 
5.613 0.2105 0.2069 1.2658 0.0450 -0.073284 0.026400 0.4 0.217261 0.231603 0 0.4 0.0168397 0.0168397 0.00853915 0.0253788 0.0253788 
5.623 0.2249 0.1412 1.2676 0.0448 -0.075902 0.025601 0.4 0.185617 0.201399 0 0.4 0.0198601 0.0198601 0.00933302 0.0291931 0.0291931 
5.633 0.1878 0.1494 1.2693 0.0447 -0.075902 0.025438 0.4 0.177998 0.146377 0 0.4 0.0253623 0.0253623 0.0100318 0.0353941 0.0353941 
5.643 0.2142 0.1877 1.2711 0.0446 -0.078519 0.026056 0.4 0.210534 0.24027 0 0.4 0.015973 0.015973 0.0106393 0.0266124 0.0266124 
5.653 0.2549 0.1885 1.2733 0.0444 -0.081136 0.027412 0.4 0.237367 0.273897 0 0.4 0.0126103 0.0126103 0.011174 0.0237843 0.0237843 
5.663 0.1891 0.1388 1.2751 0.0442 -0.083753 0.028218 0.4 0.183646 0.10467 0 0.4 0.029533 0.029533 0.0118657 0.0413987 0.0413987 
5.673 0.1807 0.1457 1.2767 0.0441 -0.083753 0.028195 0.4 0.172995 0.137997 0 0.4 0.0262003 0.0262003 0.0126392 0.0388395 0.0388395 
5.683 0.2176 0.1848 1.2788 0.0439 -0.088988 0.028563 0.4 0.225425 0.248649 0 0.4 0.0151351 0.0151351 0.0131763 0.0283114 0.0283114 
5.693 0.2456 0.1691 1.2806 0.0438 -0.091605 0.029328 0.4 0.217996 0.264388 0 0.4 0.0135612 0.0135612 0.0138313 0.0273925 0.0273925 
5.703 0.1599 0.1227 1.2826 0.0436 -0.091605 0.030398 0.4 0.170798 0.0445173 0 0.4 0.0355483 0.0355483 0.0144753 0.0500236 0.0500236 
5.713 0.1964 0.1612 1.2840 0.0435 -0.094223 0.031128 0.4 0.17704 0.167708 0 0.4 0.0232292 0.0232292 0.0152771 0.0385062 0.0385062 
5.723 0.2241 0.2032 1.2860 0.0433 -0.094223 0.032574 0.4 0.225592 0.247471 0 0.4 0.0152529 0.0152529 0.0158162 0.0310691 0.0310691 
5.733 0.1894 0.1501 1.2881 0.0431 -0.099457 0.033650 0.4 0.206034 0.148043 0 0.4 0.0251957 0.0251957 0.0163895 0.0415853 0.0415853 
5.743 0.1779 0.1652 1.2897 0.0429 -0.099457 0.033016 0.4 0.168808 0.18666 0 0.4 0.021334 0.021334 0.0173054 0.0386395 0.0386395 
5.753 0.1933 0.1849 1.2911 0.0428 -0.102075 0.033505 0.4 0.196175 0.218462 0 0.4 0.0181538 0.0181538 0.0179719 0.0361257 0.0361257 
5.763 0.1877 0.1830 1.2931 0.0425 -0.102075 0.035316 0.4 0.18963 0.157593 0 0.4 0.0242407 0.0242407 0.0186336 0.0428743 0.0428743 
5.773 0.1927 0.1914 1.2951 0.0423 -0.107309 0.037299 0.4 0.205408 0.185413 0 0.4 0.0214587 0.0214587 0.0192137 0.0406725 0.0406725 
5.783 0.2157 0.2209 1.2969 0.0421 -0.109926 0.038778 0.4 0.218981 0.235609 0 0.4 0.0164391 0.0164391 0.0198348 0.0362739 0.0362739 
5.793 0.1965 0.1883 1.2988 0.0419 -0.112544 0.040403 0.4 0.206335 0.162767 0 0.4 0.0237233 0.0237233 0.0204596 0.0441829 0.0441829 
5.803 0.2469 0.1708 1.3008 0.0417 -0.112544 0.040594 0.4 0.216454 0.233887 0 0.4 0.0166113 0.0166113 0.0210989 0.0377101 0.0377101 
5.813 0.1890 0.1178 1.3026 0.0415 -0.115161 0.040649 0.4 0.182039 0.0649371 0 0.4 0.0335063 0.0335063 0.0217419 0.0552481 0.0552481 
5.823 0.2200 0.1231 1.3044 0.0413 -0.112544 0.040105 0.4 0.174277 0.139539 0 0.4 0.0260461 0.0260461 0.0225283 0.0485744 0.0485744 
5.833 0.2152 0.2034 1.3062 0.0411 -0.115161 0.040667 0.4 0.22542 0.249698 0 0.4 0.0150302 0.0150302 0.0230927 0.0381229 0.0381229 
5.843 0.2440 0.2212 1.3082 0.0409 -0.120396 0.042190 0.4 0.23694 0.283913 0 0.4 0.0116087 0.0116087 0.023673 0.0352817 0.0352817 
5.853 0.1780 0.1519 1.3100 0.0406 -0.117778 0.041833 0.4 0.168834 0.139422 0 0.4 0.0260578 0.0260578 0.0244721 0.0505299 0.0505299 
5.863 0.2062 0.1989 1.3116 0.0404 -0.123013 0.041878 0.4 0.199058 0.25265 0 0.4 0.014735 0.014735 0.0251984 0.0399334 0.0399334 
5.873 0.1876 0.1944 1.3135 0.0402 -0.120396 0.042792 0.4 0.19484 0.190511 0 0.4 0.020949 0.020949 0.0258543 0.0468033 0.0468033 
5.883 0.1946 0.1880 1.3155 0.0400 -0.120396 0.044677 0.4 0.198958 0.14024 0 0.4 0.025976 0.025976 0.0264366 0.0524126 0.0524126 
5.893 0.2267 0.2434 1.3175 0.0397 -0.125630 0.046748 0.4 0.229333 0.289558 0 0.4 0.0110442 0.0110442 0.0270681 0.0381123 0.0381123 
5.903 0.2102 0.2359 1.3193 0.0395 -0.123013 0.046887 0.4 0.228065 0.26072 0 0.4 0.013928 0.013928 0.0276516 0.0415796 0.0415796 
5.913 0.1831 0.1469 1.3213 0.0392 -0.123013 0.047454 0.4 0.174299 0.0966048 0 0.4 0.0303395 0.0303395 0.0283681 0.0587076 0.0587076 
5.923 0.2012 0.2174 1.3229 0.0390 -0.123013 0.047645 0.4 0.200221 0.231678 0 0.4 0.0168322 0.0168322 0.0290791 0.0459113 0.0459113 
5.933 0.2161 0.2260 1.3251 0.0388 -0.120396 0.049267 0.4 0.219901 0.208405 0 0.4 0.0191595 0.0191595 0.0296129 0.0487724 0.0487724 
5.943 0.1932 0.2115 1.3271 0.0385 -0.120396 0.050741 0.4 0.20236 0.185607 0 0.4 0.0214393 0.0214393 0.0302617 0.051701 0.051701 
5.953 0.1726 0.2023 1.3288 0.0383 -0.120396 0.050203 0.4 0.174568 0.161454 0 0.4 0.0238546 0.0238546 0.031066 0.0549206 0.0549206 
5.963 0.2188 0.2254 1.3308 0.0381 -0.120396 0.050937 0.4 0.22017 0.227689 0 0.4 0.0172311 0.0172311 0.0316072 0.0488383 0.0488383 
5.973 0.2317 0.2352 1.3330 0.0378 -0.117778 0.052755 0.4 0.234973 0.228396 0 0.4 0.0171604 0.0171604 0.0320958 0.0492561 0.0492561 
5.983 0.1870 0.1740 1.3348 0.0376 -0.115161 0.051725 0.4 0.173873 0.154109 0 0.4 0.0245891 0.0245891 0.0329153 0.0575045 0.0575045 
5.993 0.2311 0.2122 1.3366 0.0374 -0.117778 0.051669 0.4 0.202204 0.267209 0 0.4 0.0132791 0.0132791 0.0336309 0.04691 0.04691 
6.003 0.2790 0.2229 1.3388 0.0371 -0.115161 0.053077 0.4 0.244939 0.294248 0 0.4 0.0105752 0.0105752 0.0341076 0.0446828 0.0446828 
6.013 0.2360 0.1905 1.3408 0.0369 -0.115161 0.054446 0.4 0.215965 0.170837 0 0.4 0.0229163 0.0229163 0.0346641 0.0575804 0.0575804 
6.023 0.2147 0.1837 1.3429 0.0367 -0.115161 0.054225 0.4 0.195074 0.174953 0 0.4 0.0225047 0.0225047 0.0353655 0.0578702 0.0578702 
6.033 0.2482 0.2070 1.3451 0.0364 -0.117778 0.054815 0.4 0.229306 0.200907 0 0.4 0.0199094 0.0199094 0.0358368 0.0557462 0.0557462 
6.043 0.2282 0.1873 1.3473 0.0361 -0.120396 0.055398 0.4 0.224738 0.196187 0 0.4 0.0203813 0.0203813 0.0363684 0.0567497 0.0567497 
6.053 0.2690 0.2056 1.3491 0.0359 -0.123013 0.054684 0.4 0.243184 0.283713 0 0.4 0.0116287 0.0116287 0.03697 0.0485987 0.0485987 
6.063 0.2559 0.2065 1.3513 0.0356 -0.130865 0.054824 0.4 0.250369 0.253075 0 0.4 0.0146925 0.0146925 0.0374231 0.0521157 0.0521157 
6.073 0.1942 0.1749 1.3535 0.0353 -0.133482 0.054757 0.4 0.232988 0.130543 0 0.4 0.0269457 0.0269457 0.0378753 0.0648211 0.0648211 
6.083 0.2330 0.1918 1.3553 0.0351 -0.136099 0.053613 0.4 0.222779 0.245749 0 0.4 0.0154251 0.0154251 0.0385795 0.0540046 0.0540046 
6.093 0.2653 0.2267 1.3575 0.0348 -0.138717 0.053672 0.4 0.252296 0.341832 0 0.4 0.0058168 0.0058168 0.0391303 0.0449471 0.0449471 
6.103 0.2700 0.2062 1.3596 0.0345 -0.143951 0.054794 0.4 0.257419 0.259234 0 0.4 0.0140766 0.0140766 0.0395572 0.0536338 0.0536338 
6.113 0.2602 0.2122 1.3620 0.0341 -0.143951 0.056510 0.4 0.250028 0.24903 0 0.4 0.015097 0.015097 0.0400839 0.0551809 0.0551809 
6.123 0.2719 0.2377 1.3640 0.0339 -0.149186 0.057054 0.4 0.242935 0.307953 0 0.4 0.00920469 0.00920469 0.0407275 0.0499322 0.0499322 
6.133 0.2762 0.2675 1.3662 0.0335 -0.151803 0.058274 0.4 0.277872 0.343485 0 0.4 0.00565149 0.00565149 0.0411435 0.046795 0.046795 
6.143 0.2585 0.2176 1.3684 0.0332 -0.154421 0.058919 0.4 0.244749 0.242587 0 0.4 0.0157413 0.0157413 0.0416562 0.0573974 0.0573974 
6.153 0.2501 0.2424 1.3704 0.0329 -0.159655 0.058632 0.4 0.262449 0.29235 0 0.4 0.010765 0.010765 0.042158 0.052923 0.052923 
6.163 0.2973 0.2694 1.3730 0.0324 -0.162272 0.059336 0.4 0.286675 0.372839 0 0.4 0.00271612 0.00271612 0.0426054 0.0453215 0.0453215 
6.173 0.2342 0.1903 1.3752 0.0321 -0.164890 0.060358 0.4 0.228071 0.159024 0 0.4 0.0240976 0.0240976 0.0431469 0.0672444 0.0672444 
6.183 0.2474 0.2043 1.3774 0.0317 -0.167507 0.060742 0.4 0.236244 0.187758 0 0.4 0.0212242 0.0212242 0.0436651 0.0648894 0.0648894 
6.193 0.2469 0.2120 1.3796 0.0313 -0.170124 0.060981 0.4 0.236669 0.175491 0 0.4 0.0224509 0.0224509 0.0441499 0.0666008 0.0666008 
6.203 0.2693 0.2306 1.3820 0.0309 -0.175359 0.062002 0.4 0.272079 0.254121 0 0.4 0.0145879 0.0145879 0.0445059 0.0590938 0.0590938 
6.213 0.3113 0.2499 1.3844 0.0305 -0.175359 0.061520 0.4 0.264431 0.367343 0 0.4 0.00326574 0.00326574 0.0451318 0.0483975 0.0483975 
6.223 0.2800 0.1864 1.3868 0.0300 -0.180594 0.061683 0.4 0.262697 0.180476 0 0.4 0.0219524 0.0219524 0.0454212 0.0673737 0.0673737 
6.233 0.2773 0.2343 1.3894 0.0296 -0.183211 0.062086 0.4 0.269847 0.272518 0 0.4 0.0127482 0.0127482 0.0458558 0.058604 0.058604 
6.243 0.3032 0.2424 1.3914 0.0292 -0.188445 0.061164 0.4 0.26972 0.343765 0 0.4 0.00562347 0.00562347 0.0463802 0.0520036 0.0520036 
6.253 0.3357 0.2616 1.3940 0.0287 -0.191063 0.061510 0.4 0.30967 0.40315 0 0.4 -0.000314984 -0.000314984 0.0467138 0.0463988 0.0463988 
6.263 0.2426 0.1738 1.3965 0.0282 -0.193680 0.062301 0.4 0.26635 0.0964073 0 0.4 0.0303593 0.0303593 0.0469365 0.0772958 0.0772958 
6.273 0.2838 0.2132 1.3987 0.0278 -0.201532 0.060815 0.4 0.273593 0.292439 0 0.4 0.0107561 0.0107561 0.0474938 0.0582498 0.0582498 
6.283 0.3044 0.2854 1.4013 0.0272 -0.204149 0.060830 0.4 0.305982 0.396205 0 0.4 0.000379506 0.000379506 0.047848 0.0482275 0.0482275 
6.293 0.2782 0.2190 1.4039 0.0267 -0.206767 0.061930 0.4 0.268071 0.20075 0 0.4 0.019925 0.019925 0.0481875 0.0681125 0.0681125 
6.303 0.2807 0.2019 1.4065 0.0261 -0.214618 0.063068 0.4 0.27905 0.197624 0 0.4 0.0202376 0.0202376 0.0484586 0.0686963 0.0686963 
6.313 0.3235 0.2599 1.4090 0.0256 -0.217236 0.063322 0.4 0.312142 0.349818 0 0.4 0.00501824 0.00501824 0.0487856 0.0538039 0.0538039 
6.323 0.2752 0.2321 1.4116 0.0250 -0.219853 0.063019 0.4 0.277207 0.232018 0 0.4 0.0167982 0.0167982 0.0491742 0.0659723 0.0659723 
6.333 0.3196 0.2657 1.4142 0.0244 -0.227705 0.062545 0.4 0.311393 0.362805 0 0.4 0.0037195 0.0037195 0.0495196 0.0532391 0.0532391 
6.343 0.3575 0.2518 1.4170 0.0238 -0.232940 0.063060 0.4 0.337915 0.372928 0 0.4 0.00270722 0.00270722 0.0496839 0.0523911 0.0523911 
6.353 0.3300 0.2267 1.4193 0.0232 -0.238174 0.061659 0.4 0.293246 0.343403 0 0.4 0.00565974 0.00565974 0.0501422 0.0558019 0.0558019 
6.363 0.3701 0.2974 1.4219 0.0226 -0.246026 0.061872 0.4 0.360472 0.461925 0 0.4 -0.00619247 -0.00619247 0.0502903 0.0440979 0.0440979 
6.373 0.3636 0.1722 1.4250 0.0218 -0.251261 0.063257 0.4 0.320074 0.211431 0 0.4 0.0188569 0.0188569 0.0503813 0.0692383 0.0692383 
6.383 0.3361 0.2953 1.4274 0.0212 -0.256495 0.062841 0.4 0.347764 0.396432 0 0.4 0.000356832 0.000356832 0.0506804 0.0510372 0.0510372 
6.393 0.3622 0.2744 1.4305 0.0203 -0.261730 0.063779 0.4 0.363962 0.352328 0 0.4 0.00476717 0.00476717 0.050727 0.0554942 0.0554942 
