%% logfile from robot Ella (8)
% Ella (8)
%  1    time 4.000 sec
%  2 .. 22 Edge sensor: left -2.660000 1, right 0.685029 1, values 2147 2711 2827 2939 2381 1685 1311 1101, white 1, used 1, LEDhigh=1, xb=0 xw=0 xbc=0 xwc=0 lvl=5 lvr=5       whitelevel=[2276 2639 2892 2996 2872 2671 2521 2194]       blacklevel=[0 0 0 0 0 0 19 33]
% 23 32 ctrl edge, ref=0.5, m=0.685029, m2=1.68664, uf=0, r2=0.5, ep=-0.237328,up=-0.0841262, ui=0, u1=-0.0841262, u=-0.0841262
4.002 -2.6600 1 0.8199 1  2144 2644 2829 2836 2389 1848 1440 1168  1 1 1 0 1 0 1 5 5 0.5 0.819878 1.79505 0 0.5 -0.259011 -0.0964853 0 -0.0964853 -0.0964853 
4.004 -2.6600 1 0.8552 1  2143 2628 2829 2919 2389 1834 1438 1085  1 1 1 0 1 0 1 5 5 0.5 0.855166 1.68234 0 0.5 -0.236468 -0.0930239 0 -0.0930239 -0.0930239 
4.006 -2.6600 1 0.8793 1  2142 2594 2830 2872 2386 1825 1434 1113  1 1 1 0 1 0 1 5 5 0.5 0.879262 1.56863 0 0.5 -0.213725 -0.0890997 0 -0.0890997 -0.0890997 
4.008 -2.6600 1 0.7854 1  2150 2575 2833 2801 2395 1800 1443 1215  1 1 1 0 0 0 0 5 5 0.5 0.78539 1.15173 0 0.5 -0.130346 -0.064441 0 -0.064441 -0.064441 
4.010 -2.6600 1 0.7317 1  2139 2584 2826 3135 2380 1762 1440 1211  1 1 1 0 0 0 0 5 5 0.5 0.731739 0.927189 0 0.5 -0.0854378 -0.0509346 0 -0.0509346 -0.0509346 
4.012 -2.6600 1 0.8376 1  2137 2666 2826 3091 2387 1754 1445 910  1 1 1 0 1 0 2 5 5 0.5 0.837598 1.15569 0 0.5 -0.131138 -0.0678095 0 -0.0678095 -0.0678095 
4.014 -2.6600 1 0.6435 1  2131 2693 2821 2832 2388 1535 1450 1172  1 1 1 0 0 0 0 5 5 0.5 0.643483 0.585158 0 0.5 -0.0170317 -0.0301151 0 -0.0301151 -0.0301151 
4.016 -2.6600 1 0.7949 1  2132 2430 2818 2749 2379 1748 1447 1003  1 1 1 0 0 0 0 5 5 0.5 0.794919 0.983732 0 0.5 -0.0967463 -0.057486 0 -0.057486 -0.057486 
4.018 -2.6600 1 0.7596 1  2138 2525 2817 2764 2384 1747 1456 1320  1 1 1 0 0 0 0 5 5 0.5 0.759625 0.816453 0 0.5 -0.0632907 -0.0479974 0 -0.0479974 -0.0479974 
4.020 -2.6600 1 0.6776 1  2139 2576 2820 2890 2382 1656 1461 1210  1 1 1 0 1 0 1 5 5 0.5 0.677597 0.610185 0 0.5 -0.0220369 -0.0336743 0 -0.0336743 -0.0336743 
4.022 -2.6600 1 0.6345 1  2132 2763 2814 2742 2381 1606 1456 1243  1 1 1 0 0 0 1 5 5 0.5 0.634541 0.48188 0 0.5 0.00362391 -0.0253256 0 -0.0253256 -0.0253256 
4.024 -2.6600 1 0.8085 1  2131 2532 2818 2666 2383 1810 1458 1232  1 1 1 0 0 0 1 5 5 0.5 0.808501 0.966148 0 0.5 -0.0932295 -0.0579944 0 -0.0579944 -0.0579944 
4.026 -2.6600 1 0.7702 1  2135 2621 2819 2910 2383 1766 1460 1123  1 1 1 0 0 0 0 5 5 0.5 0.770214 0.828299 0 0.5 -0.0656597 -0.0496056 0 -0.0496056 -0.0496056 
4.028 -2.6600 1 0.6297 1  2152 2586 2813 2857 2380 1619 1463 1262  1 1 1 0 0 0 0 5 5 0.5 0.629741 0.418204 0 0.5 0.0163591 -0.0226254 0 -0.0226254 -0.0226254 
4.030 -2.6600 1 0.7410 1  2141 2378 2816 2810 2374 1834 1466 1259  1 1 1 0 0 0 0 5 5 0.5 0.741048 0.741511 0 0.5 -0.0483022 -0.044187 0 -0.044187 -0.044187 
4.032 -2.6600 1 0.6234 1  2144 2726 2821 2737 2377 1644 1469 1228  1 1 1 0 0 0 0 5 5 0.5 0.623413 0.475569 0 0.5 0.00488617 -0.0248593 0 -0.0248593 -0.0248593 
4.034 -2.6600 1 0.8068 1  2145 2576 2814 2785 2375 1868 1473 1307  1 1 1 0 0 0 0 5 5 0.5 0.806787 0.967048 0 0.5 -0.0934096 -0.058437 0 -0.058437 -0.058437 
4.036 -2.6600 1 0.9577 1  2140 2529 2819 2729 2370 1908 1471 1043  1 1 1 0 1 0 1 5 5 0.5 0.957736 1.35829 0 0.5 -0.171658 -0.0855717 0 -0.0855717 -0.0855717 
4.038 -2.6600 1 0.7195 1  2142 2571 2815 2859 2369 1734 1478 1211  1 1 1 0 0 0 0 5 5 0.5 0.719541 0.648681 0 0.5 -0.0297363 -0.0391243 0 -0.0391243 -0.0391243 
4.040 -2.6600 1 0.6435 1  2150 2573 2811 2853 2369 1668 1477 1310  1 1 1 0 0 0 0 5 5 0.5 0.643547 0.445387 0 0.5 0.0109226 -0.0254018 0 -0.0254018 -0.0254018 
4.042 -2.6600 1 0.8440 1  2144 2431 2818 2798 2374 1914 1476 1349  1 1 1 0 1 0 2 5 5 0.5 0.844041 1.0286 0 0.5 -0.105719 -0.0641572 0 -0.0641572 -0.0641572 
4.044 -2.6600 1 1.1113 1  2143 2593 2812 2844 2368 2027 1483 1209  1 1 1 0 1 0 2 5 5 0.5 0.5 0.0706401 0 0.5 0.085872 0.00018642 0 0.00018642 0.00018642 
4.046 -2.6600 1 0.9846 1  2146 2618 2809 2989 2361 1938 1481 1094  1 1 1 0 1 0 2 5 5 0.5 0.5 0.118179 0 0.5 0.0763642 -0.00188467 0 -0.00188467 -0.00188467 
4.048 -2.6600 1 0.6622 1  2146 2548 2807 2839 2362 1748 1482 1408  1 1 1 0 0 0 0 5 5 0.5 0.662175 0.615396 0 0.5 -0.0230792 -0.0341885 0 -0.0341885 -0.0341885 
4.050 -2.6600 1 0.6544 1  2145 2793 2815 2864 2362 1756 1486 1230  1 1 1 0 0 0 0 5 5 0.5 0.654387 0.609984 0 0.5 -0.0219968 -0.0333617 0 -0.0333617 -0.0333617 
4.052 -2.6600 1 0.9453 1  2160 2457 2814 2819 2364 1956 1492 1224  1 1 1 0 1 0 2 5 5 0.5 0.945284 1.39007 0 0.5 -0.178014 -0.0865416 0 -0.0865416 -0.0865416 
4.054 -2.6600 1 0.7146 1  2145 2514 2809 2803 2363 1823 1492 1245  1 1 1 0 0 0 0 5 5 0.5 0.714633 0.704239 0 0.5 -0.0408478 -0.0415032 0 -0.0415032 -0.0415032 
4.056 -2.6600 1 0.7170 1  2153 2633 2806 2802 2367 1847 1495 1267  1 1 1 0 0 0 0 5 5 0.5 0.717006 0.705601 0 0.5 -0.0411202 -0.0417763 0 -0.0417763 -0.0417763 
4.058 -2.6600 1 0.6480 1  2139 2730 2804 2806 2361 1807 1497 1340  1 1 1 0 0 0 0 5 5 0.5 0.647959 0.521857 0 0.5 -0.0043714 -0.0292506 0 -0.0292506 -0.0292506 
4.060 -2.6600 1 0.6315 1  2138 2501 2797 2903 2346 1739 1497 1243  1 1 1 0 0 0 0 5 5 0.5 0.631511 0.503748 0 0.5 -0.000749588 -0.0273618 0 -0.0273618 -0.0273618 
4.062 -2.6600 1 0.7625 1  2150 2602 2804 2799 2359 1866 1500 1347  1 1 1 0 0 0 0 5 5 0.5 0.762495 0.862986 0 0.5 -0.0725972 -0.0516621 0 -0.0516621 -0.0516621 
4.064 -2.6600 1 0.7754 1  2142 2601 2801 2791 2358 1905 1506 1277  1 1 1 0 1 0 1 5 5 0.5 0.775397 0.894314 0 0.5 -0.0788628 -0.0538975 0 -0.0538975 -0.0538975 
4.066 -2.6600 1 0.7022 1  2155 2539 2801 2649 2357 1849 1508 1248  1 1 1 0 1 0 1 5 5 0.5 0.702176 0.69507 0 0.5 -0.039014 -0.0403907 0 -0.0403907 -0.0403907 
4.068 -2.6600 1 0.6983 1  2139 2654 2803 2803 2357 1878 1513 1318  1 1 1 0 0 0 1 5 5 0.5 0.698264 0.666386 0 0.5 -0.0332772 -0.0389145 0 -0.0389145 -0.0389145 
4.070 -2.6600 1 0.7149 1  2154 2617 2808 2865 2365 1848 1515 1203  1 1 1 0 1 0 1 5 5 0.5 0.714919 0.741033 0 0.5 -0.0482066 -0.04325 0 -0.04325 -0.04325 
4.072 -2.6600 1 0.5511 1  2149 2689 2812 2749 2369 1566 1518 1325  1 1 1 0 0 0 0 5 5 0.5 0.551082 0.298201 0 0.5 0.0403598 -0.0130978 0 -0.0130978 -0.0130978 
4.074 -2.6600 1 0.7304 1  2144 2522 2808 2907 2355 1852 1510 1144  1 1 1 0 1 0 2 5 5 0.5 0.730434 0.834046 0 0.5 -0.0668092 -0.0481801 0 -0.0481801 -0.0481801 
4.076 -2.6600 1 0.6685 1  2135 2570 2789 2694 2361 1849 1538 1495  1 1 1 0 1 0 2 5 5 0.5 0.668463 0.669824 0 0.5 -0.0339649 -0.0368315 0 -0.0368315 -0.0368315 
4.078 -2.6600 1 0.7807 1  2131 2436 2820 2813 2388 1930 1554 1493  1 1 1 0 1 0 2 5 5 0.5 0.780724 0.991003 0 0.5 -0.0982006 -0.0581237 0 -0.0581237 -0.0581237 
4.080 -2.6600 1 1.0569 1  2151 2499 2813 2883 2369 2022 1545 1263  1 1 1 0 1 0 2 5 5 0.5 0.5 0.195671 0 0.5 0.0608658 -0.00484921 0 -0.00484921 -0.00484921 
4.082 -2.6600 1 0.6105 1  2149 2677 2813 2611 2372 1764 1554 1410  1 1 1 0 0 0 0 5 5 0.5 0.610517 0.512963 0 0.5 -0.00259254 -0.0258506 0 -0.0258506 -0.0258506 
4.084 -2.6600 1 0.6590 1  2145 2722 2808 2807 2370 1853 1562 1402  1 1 1 0 0 0 0 5 5 0.5 0.658982 0.654103 0 0.5 -0.0308206 -0.0350849 0 -0.0350849 -0.0350849 
4.086 -2.6600 1 0.6681 1  2147 2635 2813 2827 2376 1876 1565 1322  1 1 1 0 0 0 0 5 5 0.5 0.668114 0.673396 0 0.5 -0.0346793 -0.0364319 0 -0.0364319 -0.0364319 
4.088 -2.6600 1 0.6298 1  2144 2700 2813 2817 2380 1870 1579 1406  1 1 1 0 0 0 0 5 5 0.5 0.62982 0.572147 0 0.5 -0.0144294 -0.029389 0 -0.029389 -0.029389 
4.090 -2.6600 1 0.6643 1  2139 2470 2799 2747 2370 1920 1580 1577  1 1 1 0 0 0 0 5 5 0.5 0.664273 0.67673 0 0.5 -0.0353459 -0.0361046 0 -0.0361046 -0.0361046 
4.092 -2.6600 1 0.6049 1  2155 2695 2818 2790 2378 1805 1598 1391  1 1 1 0 0 0 0 5 5 0.5 0.604948 0.521117 0 0.5 -0.00422342 -0.0252813 0 -0.0252813 -0.0252813 
4.094 -2.6600 1 0.8799 1  2144 2538 2802 2803 2377 2000 1602 1271  1 1 1 0 1 0 1 5 5 0.5 0.879929 1.28406 0 0.5 -0.156812 -0.0765654 0 -0.0765654 -0.0765654 
4.096 -2.6600 1 0.6264 1  2141 2396 2812 2751 2378 1872 1608 1471  1 1 1 0 0 0 0 5 5 0.5 0.626362 0.537447 0 0.5 -0.00748942 -0.0272652 0 -0.0272652 -0.0272652 
4.098 -2.6600 1 0.6472 1  2151 2619 2811 2732 2387 1894 1621 1390  1 1 1 0 0 0 0 5 5 0.5 0.647155 0.603916 0 0.5 -0.0207831 -0.0314703 0 -0.0314703 -0.0314703 
4.100 -2.6600 1 0.6370 1  2142 2440 2810 2873 2392 1930 1632 1425  1 1 1 0 1 0 1 5 5 0.5 0.636976 0.605751 0 0.5 -0.0211503 -0.0307684 0 -0.0307684 -0.0307684 
4.102 -2.6600 1 0.7048 1  2150 2572 2811 3075 2392 1900 1644 1173  1 1 1 0 1 0 1 5 5 0.5 0.704775 0.796249 0 0.5 -0.0592497 -0.0434389 0 -0.0434389 -0.0434389 
4.104 -2.6600 1 0.5893 1  2153 2405 2818 2688 2405 1818 1658 1600  1 1 1 0 0 0 0 5 5 0.5 0.589311 0.455593 0 0.5 0.00888145 -0.020904 0 -0.020904 -0.020904 
4.106 -2.6600 1 0.6441 1  2151 2242 2816 2706 2403 1959 1662 1699  1 1 1 0 0 0 0 5 5 0.5 0.644073 0.616338 0 0.5 -0.0232676 -0.0314343 0 -0.0314343 -0.0314343 
4.108 -2.6600 1 0.6586 1  2152 2629 2816 2740 2407 1933 1678 1320  1 1 1 0 1 0 1 5 5 0.5 0.658628 0.690396 0 0.5 -0.0380793 -0.0354858 0 -0.0354858 -0.0354858 
4.110 -2.6600 1 0.7405 1  2145 2476 2814 2789 2409 2008 1686 1449  1 1 1 0 1 0 1 5 5 0.5 0.740501 0.934305 0 0.5 -0.086861 -0.0513664 0 -0.0513664 -0.0513664 
4.112 -2.6600 1 0.6768 1  2157 2581 2825 2797 2420 1969 1701 1433  1 1 1 0 0 0 1 5 5 0.5 0.676802 0.696131 0 0.5 -0.0392262 -0.036742 0 -0.036742 -0.036742 
4.114 -2.6600 1 0.6122 1  2161 2784 2826 2832 2416 1930 1718 1394  1 1 1 0 0 0 0 5 5 0.5 0.61222 0.519426 0 0.5 -0.00388513 -0.0247231 0 -0.0247231 -0.0247231 
4.116 -2.6600 1 0.7835 1  2163 2570 2818 2937 2419 2017 1725 1258  1 1 1 0 1 0 2 5 5 0.5 0.783489 0.985877 0 0.5 -0.0971754 -0.0563183 0 -0.0563183 -0.0563183 
4.118 -2.6600 1 0.6258 1  2162 2626 2830 2905 2431 1908 1732 1431  1 1 1 0 0 0 0 5 5 0.5 0.625815 0.526763 0 0.5 -0.00535255 -0.0259105 0 -0.0259105 -0.0259105 
4.120 -2.6600 1 0.6897 1  2158 2406 2818 2814 2427 2053 1748 1544  1 1 1 0 1 0 1 5 5 0.5 0.689685 0.746342 0 0.5 -0.0492684 -0.0396199 0 -0.0396199 -0.0396199 
4.122 -2.6600 1 0.5289 1  2158 2535 2821 2827 2433 1876 1764 1521  1 1 1 0 0 0 0 5 5 0.5 0.528904 0.329602 0 0.5 0.0340795 -0.0107259 0 -0.0107259 -0.0107259 
4.124 -2.6600 1 1.1863 1  2158 2568 2830 2880 2449 2183 1778 1415  1 1 1 0 0 0 0 5 5 0.5 0.5 0.306881 0 0.5 0.0386237 -0.0076026 0 -0.0076026 -0.0076026 
4.126 -2.6600 1 0.6893 1  2164 2605 2828 2899 2445 2022 1789 1489  1 1 1 0 0 0 0 5 5 0.5 0.68931 0.872392 0 0.5 -0.0744785 -0.0444672 0 -0.0444672 -0.0444672 
4.128 -2.6600 1 0.6637 1  2167 2441 2839 2884 2459 1941 1809 1342  1 1 1 0 0 0 0 5 5 0.5 0.663699 0.739672 0 0.5 -0.0479344 -0.0368469 0 -0.0368469 -0.0368469 
4.130 -2.6600 1 0.6595 1  2168 2568 2828 2772 2468 2016 1826 1581  1 1 1 0 0 0 0 5 5 0.5 0.659534 0.68994 0 0.5 -0.0379879 -0.0343204 0 -0.0343204 -0.0343204 
4.132 -2.6600 1 0.8353 1  2163 2585 2835 2848 2474 2147 1842 1644  1 1 1 0 0 0 0 5 5 0.5 0.835286 1.19963 0 0.5 -0.139926 -0.0680197 0 -0.0680197 -0.0680197 
4.134 -2.6600 1 0.9440 1  2172 2531 2835 2869 2486 2164 1863 1441  1 1 1 0 1 0 1 5 5 0.5 0.943989 1.44908 0 0.5 -0.189816 -0.0860642 0 -0.0860642 -0.0860642 
4.136 -2.6600 1 0.7252 1  2159 2795 2826 2893 2493 2113 1868 1562  1 1 1 0 0 0 1 5 5 0.5 0.725155 0.827833 0 0.5 -0.0655666 -0.0445648 0 -0.0445648 -0.0445648 
4.138 -2.6600 1 0.6810 1  2162 2664 2834 2856 2505 2112 1893 1597  1 1 1 0 0 0 0 5 5 0.5 0.680975 0.695471 0 0.5 -0.0390941 -0.0358928 0 -0.0358928 -0.0358928 
4.140 -2.6600 1 0.6983 1  2157 2406 2823 2733 2515 2099 1908 1795  1 1 1 0 1 0 1 5 5 0.5 0.698348 0.764266 0 0.5 -0.0528533 -0.0400116 0 -0.0400116 -0.0400116 
4.142 -2.6600 1 0.6311 1  2164 2654 2828 2843 2520 2030 1929 1680  1 1 1 0 0 0 1 5 5 0.5 0.631129 0.545506 0 0.5 -0.00910125 -0.0260697 0 -0.0260697 -0.0260697 
4.144 -2.6600 1 0.6643 1  2166 2594 2830 2877 2536 2040 1950 1651  1 1 1 0 0 0 0 5 5 0.5 0.664337 0.655656 0 0.5 -0.0311312 -0.0330529 0 -0.0330529 -0.0330529 
4.146 -2.6600 1 0.7271 1  2160 2419 2825 2820 2538 2097 1968 1636  1 1 1 0 1 0 1 5 5 0.5 0.727124 0.839512 0 0.5 -0.0679024 -0.0451916 0 -0.0451916 -0.0451916 
4.148 -2.6600 1 1.3847 1  2169 2568 2831 3062 2551 2306 1996 1866  1 1 1 0 1 0 3 5 5 0.5 0.5 0.243225 0 0.5 0.051355 -0.00413703 0 -0.00413703 -0.00413703 
4.150 -2.6600 1 0.8352 1  2157 2576 2831 2835 2561 2147 2016 1657  1 1 1 0 0 0 1 5 5 0.5 0.835165 1.14356 0 0.5 -0.128711 -0.0654668 0 -0.0654668 -0.0654668 
4.152 -2.6600 1 1.1926 1  2169 2568 2832 2955 2574 2251 2037 1708  1 1 1 0 1 0 3 5 5 0.5 0.5 0.228145 0 0.5 0.054371 -0.0034119 0 -0.0034119 -0.0034119 
4.154 -2.6600 1 1.5692 1  2167 2447 2838 2797 2586 2320 2062 1878  1 1 1 0 0 0 3 5 5 0.5 0.5 0.295807 0 0.5 0.0408387 -0.00618206 0 -0.00618206 -0.00618206 
4.156 -2.6600 1 1.4329 1  2163 2777 2830 2902 2594 2275 2076 1818  1 1 1 0 0 0 1 5 5 0.5 0.5 0.346628 0 0.5 0.0306744 -0.00814411 0 -0.00814411 -0.00814411 
4.158 -2.6600 1 0.8349 1  2176 2455 2841 2908 2608 2122 2099 1872  1 1 1 0 0 0 1 5 5 0.5 0.834918 1.30024 0 0.5 -0.160048 -0.0715412 0 -0.0715412 -0.0715412 
4.160 -2.6600 1 1.8330 1  2162 2601 2839 3003 2622 2360 2114 1666  1 1 1 0 1 0 3 5 5 0.5 0.5 0.346389 0 0.5 0.0307221 -0.00766522 0 -0.00766522 -0.00766522 
4.162 -2.6600 1 1.9049 1  2178 2619 2833 3147 2626 2314 2129 1611  1 1 1 0 1 0 3 5 5 0.5 0.5 0.30483 0 0.5 0.039034 -0.00569761 0 -0.00569761 -0.00569761 
4.164 -2.6600 1 2.6636 1  2171 2686 2837 2918 2641 2356 2153 1862  1 1 1 0 1 0 3 5 5 0.5 0.5 0.353405 0 0.5 0.0293189 -0.00757987 0 -0.00757987 -0.00757987 
4.166 -2.6600 1 2.6682 1  2174 2671 2844 2859 2662 2360 2175 1874  1 1 1 0 0 0 3 5 5 0.5 0.5 0.389891 0 0.5 0.0220218 -0.00888546 0 -0.00888546 -0.00888546 
4.168 -2.6600 1 2.6905 1  2166 2676 2838 2914 2668 2393 2187 1929  1 1 1 0 1 0 5 5 5 0.5 0.5 0.417296 0 0.5 0.0165408 -0.00976144 0 -0.00976144 -0.00976144 
4.170 -2.6600 1 2.1834 1  2176 2442 2851 3129 2687 2478 2222 1712  1 1 1 0 1 0 5 5 5 0.5 0.5 0.43788 0 0.5 0.012424 -0.0103182 0 -0.0103182 -0.0103182 
4.172 -2.6600 1 2.7071 1  2168 2521 2846 2851 2697 2419 2241 1968  1 1 1 0 1 0 7 5 5 0.5 0.5 0.453341 0 0.5 0.00933182 -0.0106385 0 -0.0106385 -0.0106385 
4.174 -2.6600 1 2.7202 1  2209 2485 2826 2844 2693 2521 2250 2001  1 1 1 0 1 0 9 5 5 0.5 0.5 0.464954 0 0.5 0.00700927 -0.0107843 0 -0.0107843 -0.0107843 
4.176 -2.6600 1 2.7141 1  2177 2493 2855 2845 2726 2664 2282 1983  1 1 1 0 1 0 9 5 5 0.5 0.5 0.473676 0 0.5 0.00526476 -0.0108023 0 -0.0108023 -0.0108023 
4.178 -2.6600 1 2.6181 1  2182 2803 2850 2827 2729 2430 2290 1839  1 1 1 0 1 0 7 5 5 0.5 0.5 0.480228 0 0.5 0.00395446 -0.0107272 0 -0.0107272 -0.0107272 
4.180 -2.6600 1 2.7063 1  2174 2622 2846 2952 2739 2357 2311 1969  1 1 1 0 1 0 9 5 5 0.5 0.5 0.485149 0 0.5 0.00297027 -0.0105851 0 -0.0105851 -0.0105851 
4.182 -2.6600 1 2.6880 1  2187 2694 2859 3015 2759 2568 2339 1926  1 1 1 0 1 0 9 5 5 0.5 0.5 0.488845 0 0.5 0.00223103 -0.0103955 0 -0.0103955 -0.0103955 
4.184 -2.6600 1 2.6751 1  2148 2623 2857 3111 2771 2367 2345 1897  1 1 1 0 1 0 9 5 5 0.5 0.5 0.491621 0 0.5 0.00167577 -0.0101729 0 -0.0101729 -0.0101729 
4.186 -2.6600 1 2.6798 1  2205 2601 2842 2927 2750 2430 2353 1907  1 1 1 0 1 0 9 5 5 0.5 0.5 0.493706 0 0.5 0.00125871 -0.00992825 0 -0.00992825 -0.00992825 
4.188 -2.6600 1 2.6360 1  2171 2464 2851 2920 2775 2567 2375 1850  1 1 1 0 1 0 9 5 5 0.5 0.5 0.495273 0 0.5 0.000945449 -0.00966947 0 -0.00966947 -0.00966947 
4.190 -2.6600 1 2.6862 1  2186 2606 2854 3049 2788 2599 2391 1923  1 1 1 0 1 0 11 5 5 0.5 0.5 0.496449 0 0.5 0.000710154 -0.00940257 0 -0.00940257 -0.00940257 
4.192 -2.6600 1 2.6695 1  2183 2690 2855 3146 2793 2476 2399 1884  1 1 1 0 1 0 11 5 5 0.5 0.5 0.497333 0 0.5 0.000533438 -0.00913194 0 -0.00913194 -0.00913194 
4.194 -2.6600 1 2.7380 1  2194 2708 2852 3106 2805 2424 2415 2071  1 1 1 0 1 0 13 5 5 0.5 0.5 0.497997 0 0.5 0.000400686 -0.00886082 0 -0.00886082 -0.00886082 
4.196 -2.6600 1 2.7210 1  2180 2676 2854 3016 2812 2469 2428 2023  1 1 1 0 1 0 13 5 5 0.5 0.5 0.498495 0 0.5 0.00030098 -0.00859156 0 -0.00859156 -0.00859156 
4.198 -2.6600 1 2.6600 1  2183 2535 2853 2917 2815 2516 2432 2192  1 1 1 0 1 0 13 5 5 0.5 0.5 0.49887 0 0.5 0.000226092 -0.00832583 0 -0.00832583 -0.00832583 
4.200 -2.6600 1 2.6600 1  2184 2509 2854 2964 2827 2553 2443 2191  1 1 1 0 1 0 15 5 5 0.5 0.5 0.499151 0 0.5 0.000169849 -0.00806485 0 -0.00806485 -0.00806485 
4.202 -2.6600 1 2.6600 1  2182 2608 2855 2969 2829 2625 2446 2262  1 1 1 0 1 0 17 5 5 0.5 0.5 0.499362 0 0.5 0.000127602 -0.00780944 0 -0.00780944 -0.00780944 
4.204 -2.6600 1 2.6600 1  2184 2720 2856 2922 2832 2643 2457 2142  1 1 1 0 1 0 19 5 5 0.5 0.5 0.499521 0 0.5 9.58681e-05 -0.00756016 0 -0.00756016 -0.00756016 
4.206 -2.6600 1 2.7164 1  2181 2643 2853 3054 2834 2571 2466 2012  1 1 1 0 1 0 20 5 5 0.5 0.5 0.49964 0 0.5 7.20263e-05 -0.00731738 0 -0.00731738 -0.00731738 
4.208 -2.6600 1 2.6805 1  2190 2468 2859 2958 2842 2544 2464 1914  1 1 1 0 1 0 20 5 5 0.5 0.5 0.499729 0 0.5 5.4121e-05 -0.00708129 0 -0.00708129 -0.00708129 
4.210 -2.6600 1 2.7557 1  2175 2373 2858 2921 2848 2632 2473 2124  1 1 1 0 1 0 20 5 5 0.5 0.5 0.499797 0 0.5 4.06742e-05 -0.00685199 0 -0.00685199 -0.00685199 
4.212 -2.6600 1 2.6976 1  2187 2756 2853 3100 2844 2500 2476 1962  1 1 1 0 1 0 20 5 5 0.5 0.5 0.499847 0 0.5 3.05653e-05 -0.0066295 0 -0.0066295 -0.0066295 
4.214 -2.6600 1 2.6600 1  2186 2576 2857 3063 2853 2660 2479 2119  1 1 1 0 1 0 19 5 5 0.5 0.5 0.499885 0 0.5 2.29836e-05 -0.00641377 0 -0.00641377 -0.00641377 
4.216 -2.6600 1 2.7403 1  2183 2484 2857 2962 2855 2564 2483 2083  1 1 1 0 1 0 20 5 5 0.5 0.5 0.499914 0 0.5 1.72853e-05 -0.00620471 0 -0.00620471 -0.00620471 
4.218 -2.6600 1 2.7028 1  2194 2534 2862 2970 2857 2594 2490 1974  1 1 1 0 1 0 20 5 5 0.5 0.5 0.499935 0 0.5 1.30177e-05 -0.00600219 0 -0.00600219 -0.00600219 
4.220 -2.6600 1 2.6600 1  2188 2654 2856 3032 2860 2623 2491 2137  1 1 1 0 1 0 20 5 5 0.5 0.5 0.499951 0 0.5 9.799e-06 -0.00580609 0 -0.00580609 -0.00580609 
4.222 -2.6600 1 2.6600 1  2196 2506 2859 2912 2860 2758 2488 2215  1 1 1 0 1 0 20 5 5 0.5 0.5 0.499963 0 0.5 7.39098e-06 -0.00561625 0 -0.00561625 -0.00561625 
4.224 -2.6600 1 2.6600 1  2187 2682 2857 2997 2867 2653 2493 2163  1 1 1 0 1 0 20 5 5 0.5 0.5 0.499972 0 0.5 5.57899e-06 -0.00543251 0 -0.00543251 -0.00543251 
4.226 -2.6600 1 2.6600 1  2192 2678 2862 3010 2860 2621 2492 2209  1 1 1 0 1 0 20 5 5 0.5 0.5 0.499979 0 0.5 4.19617e-06 -0.0052547 0 -0.0052547 -0.0052547 
4.228 -2.6600 1 2.6600 1  2187 2662 2856 3070 2859 2721 2492 2100  1 1 1 0 1 0 20 5 5 0.5 0.5 0.499984 0 0.5 3.17097e-06 -0.00508264 0 -0.00508264 -0.00508264 
4.230 -2.6600 1 2.7601 1  2194 2709 2863 2975 2871 2378 2501 2154  1 1 1 0 1 0 20 5 5 0.5 0.5 0.499988 0 0.5 2.40803e-06 -0.00491617 0 -0.00491617 -0.00491617 
4.232 -2.6600 1 2.6600 1  2194 2612 2865 3039 2871 2627 2505 2185  1 1 1 0 1 0 20 5 5 0.5 0.5 0.499991 0 0.5 1.83582e-06 -0.00475511 0 -0.00475511 -0.00475511 
4.234 -2.6600 1 2.8473 1  2195 2496 2865 2886 2871 2716 2505 2473  1 1 1 0 1 0 20 5 5 0.5 0.5 0.499993 0 0.5 1.38283e-06 -0.00459931 0 -0.00459931 -0.00459931 
4.236 -2.6600 1 2.8178 1  2188 2438 2860 2807 2872 2724 2507 2350  1 1 1 0 1 0 20 5 5 0.5 0.5 0.499995 0 0.5 1.07288e-06 -0.00444858 0 -0.00444858 -0.00444858 
4.238 -2.6600 1 2.6600 1  2188 2537 2865 2963 2867 2783 2496 2327  1 1 1 0 1 0 19 5 5 0.5 0.5 0.499996 0 0.5 8.34465e-07 -0.00430279 0 -0.00430279 -0.00430279 
4.240 -2.6600 1 2.6600 1  2206 2635 2870 2928 2881 2613 2511 2405  1 1 1 0 1 0 20 5 5 0.5 0.5 0.499997 0 0.5 6.4373e-07 -0.00416176 0 -0.00416176 -0.00416176 
4.242 -2.6600 1 2.6600 1  2188 2731 2866 2998 2876 2701 2507 2242  1 1 1 0 1 0 20 5 5 0.5 0.5 0.499997 0 0.5 5.00679e-07 -0.00402535 0 -0.00402535 -0.00402535 
4.244 -2.6600 1 2.7833 1  2192 2616 2866 2995 2873 2517 2505 2231  1 1 1 0 1 0 20 5 5 0.5 0.5 0.499998 0 0.5 4.05312e-07 -0.00389339 0 -0.00389339 -0.00389339 
4.246 -2.6600 1 2.6600 1  2186 2500 2865 2992 2877 2580 2512 2225  1 1 1 0 1 0 20 5 5 0.5 0.5 0.499998 0 0.5 3.33786e-07 -0.00376576 0 -0.00376576 -0.00376576 
4.248 -2.6600 1 2.6600 1  2190 2541 2868 2993 2875 2577 2504 2239  1 1 1 0 1 0 20 5 5 0.5 0.5 0.499999 0 0.5 2.86102e-07 -0.00364231 0 -0.00364231 -0.00364231 
4.250 -2.6600 1 2.7302 1  2196 2593 2863 3083 2879 2624 2508 2061  1 1 1 0 1 0 20 5 5 0.5 0.5 0.499999 0 0.5 2.38419e-07 -0.0035229 0 -0.0035229 -0.0035229 
4.252 -2.6600 1 2.6600 1  2193 2668 2867 3092 2880 2663 2514 2088  1 1 1 0 1 0 18 5 5 0.5 0.5 0.499999 0 0.5 1.90735e-07 -0.00340741 0 -0.00340741 -0.00340741 
4.254 -2.6600 1 2.6600 1  2198 2760 2871 3002 2886 2690 2524 2241  1 1 1 0 1 0 18 5 5 0.5 0.5 0.499999 0 0.5 1.90735e-07 -0.00329569 0 -0.00329569 -0.00329569 
4.256 -2.6600 1 2.6600 1  2198 2560 2867 3031 2882 2727 2510 2350  1 1 1 0 1 0 18 5 5 0.5 0.5 0.499999 0 0.5 1.90735e-07 -0.00318764 0 -0.00318764 -0.00318764 
4.258 -2.6600 1 2.7379 1  2204 2550 2876 2949 2888 2661 2523 2089  1 1 1 0 1 0 20 5 5 0.5 0.5 0.499999 0 0.5 1.90735e-07 -0.00308313 0 -0.00308313 -0.00308313 
4.260 -2.6600 1 2.8290 1  2197 2427 2865 2930 2882 2763 2525 2397  1 1 1 0 1 0 20 5 5 0.5 0.5 0.499999 0 0.5 1.90735e-07 -0.00298204 0 -0.00298204 -0.00298204 
4.262 -2.6600 1 2.6600 1  2201 2714 2868 3047 2881 2532 2525 2168  1 1 1 0 1 0 20 5 5 0.5 0.5 0.499999 0 0.5 1.90735e-07 -0.00288427 0 -0.00288427 -0.00288427 
4.264 -2.6600 1 2.7311 1  2205 2446 2873 3079 2884 2623 2530 2060  1 1 1 0 1 0 20 5 5 0.5 0.5 0.499999 0 0.5 1.90735e-07 -0.0027897 0 -0.0027897 -0.0027897 
4.266 -2.6600 1 2.8178 1  2203 2437 2860 2763 2875 2729 2520 2351  1 1 1 0 1 0 20 5 5 0.5 0.5 0.499999 0 0.5 1.90735e-07 -0.00269824 0 -0.00269824 -0.00269824 
4.268 -2.6600 1 2.7596 1  2203 2684 2873 3005 2874 2519 2519 2150  1 1 1 0 1 0 20 5 5 0.5 0.5 0.499999 0 0.5 1.90735e-07 -0.00260977 0 -0.00260977 -0.00260977 
4.270 -2.6600 1 2.6600 1  2199 2763 2871 2996 2885 2686 2529 2260  1 1 1 0 1 0 20 5 5 0.5 0.5 0.499999 0 0.5 1.90735e-07 -0.0025242 0 -0.0025242 -0.0025242 
4.272 -2.6600 1 2.7506 1  2203 2604 2876 2963 2880 2500 2527 2125  1 1 1 0 1 0 20 5 5 0.5 0.5 0.499999 0 0.5 1.90735e-07 -0.00244144 0 -0.00244144 -0.00244144 
4.274 -2.6600 1 2.6600 1  2204 2571 2879 2898 2887 2670 2532 2205  1 1 1 0 1 0 20 5 5 0.5 0.5 0.499999 0 0.5 1.90735e-07 -0.00236139 0 -0.00236139 -0.00236139 
4.276 -2.6600 1 2.6600 1  2208 2666 2869 3011 2879 2643 2530 2245  1 1 1 0 1 0 20 5 5 0.5 0.5 0.499999 0 0.5 1.90735e-07 -0.00228397 0 -0.00228397 -0.00228397 
4.278 -2.6600 1 2.6600 1  2209 2557 2871 2878 2886 2695 2532 2436  1 1 1 0 1 0 20 5 5 0.5 0.5 0.499999 0 0.5 1.90735e-07 -0.00220908 0 -0.00220908 -0.00220908 
4.280 -2.6600 1 2.6600 1  2202 2638 2880 2977 2890 2554 2530 2237  1 1 1 0 1 0 20 5 5 0.5 0.5 0.499999 0 0.5 1.90735e-07 -0.00213665 0 -0.00213665 -0.00213665 
4.282 -2.6600 1 2.6600 1  2205 2588 2875 2992 2886 2604 2533 2327  1 1 1 0 1 0 20 5 5 0.5 0.5 0.499999 0 0.5 1.90735e-07 -0.0020666 0 -0.0020666 -0.0020666 
4.284 -2.6600 1 2.7251 1  2211 2747 2877 3177 2883 2541 2507 2057  1 1 1 0 1 0 20 5 5 0.5 0.5 0.499999 0 0.5 1.90735e-07 -0.00199884 0 -0.00199884 -0.00199884 
4.286 -2.6600 1 2.7839 1  2207 2512 2881 3057 2909 2564 2547 2240  1 1 1 0 1 0 20 5 5 0.5 0.5 0.499999 0 0.5 1.90735e-07 -0.0019333 0 -0.0019333 -0.0019333 
4.288 -2.6600 1 2.7328 1  2200 2406 2873 3025 2880 2614 2537 2070  1 1 1 0 1 0 19 5 5 0.5 0.5 0.499999 0 0.5 1.90735e-07 -0.00186991 0 -0.00186991 -0.00186991 
4.290 -2.6600 1 2.7924 1  2212 2644 2882 2946 2889 2448 2535 2261  1 1 1 0 1 0 19 5 5 0.5 0.5 0.499999 0 0.5 1.90735e-07 -0.0018086 0 -0.0018086 -0.0018086 
4.292 -2.6600 1 2.6600 1  2203 2519 2876 2969 2889 2722 2537 2244  1 1 1 0 1 0 17 5 5 0.5 0.5 0.499999 0 0.5 1.90735e-07 -0.0017493 0 -0.0017493 -0.0017493 
4.294 -2.6600 1 2.7361 1  2213 2656 2877 3062 2890 2673 2533 2082  1 1 1 0 1 0 19 5 5 0.5 0.5 0.499999 0 0.5 1.90735e-07 -0.00169194 0 -0.00169194 -0.00169194 
4.296 -2.6600 1 2.6600 1  2208 2527 2884 2882 2887 2702 2537 2343  1 1 1 0 1 0 19 5 5 0.5 0.5 0.499999 0 0.5 1.90735e-07 -0.00163647 0 -0.00163647 -0.00163647 
4.298 -2.6600 1 2.6600 1  2211 2708 2879 3050 2885 2620 2533 2137  1 1 1 0 1 0 19 5 5 0.5 0.5 0.499999 0 0.5 1.90735e-07 -0.00158281 0 -0.00158281 -0.00158281 
4.300 -2.6600 1 2.7186 1  2215 2796 2883 3066 2890 2576 2538 2030  1 1 1 0 1 0 19 5 5 0.5 0.5 0.499999 0 0.5 1.90735e-07 -0.00153091 0 -0.00153091 -0.00153091 
4.302 -2.6600 1 2.6600 1  2210 2667 2880 3008 2883 2691 2533 2365  1 1 1 0 1 0 19 5 5 0.5 0.5 0.499999 0 0.5 1.90735e-07 -0.00148071 0 -0.00148071 -0.00148071 
4.304 -2.6600 1 2.6600 1  2200 2690 2880 3043 2893 2550 2534 2095  1 1 1 0 1 0 20 5 5 0.5 0.5 0.499999 0 0.5 1.90735e-07 -0.00143216 0 -0.00143216 -0.00143216 
4.306 -2.6600 1 2.6600 1  2205 2721 2878 3043 2891 2549 2535 2100  1 1 1 0 1 0 20 5 5 0.5 0.5 0.499999 0 0.5 1.90735e-07 -0.0013852 0 -0.0013852 -0.0013852 
4.308 -2.6600 1 2.6600 1  2203 2758 2884 3000 2887 2612 2532 2178  1 1 1 0 1 0 20 5 5 0.5 0.5 0.499999 0 0.5 1.90735e-07 -0.00133978 0 -0.00133978 -0.00133978 
4.310 -2.6600 1 2.6600 1  2209 2532 2877 3039 2891 2835 2538 2178  1 1 1 0 1 0 20 5 5 0.5 0.5 0.499999 0 0.5 1.90735e-07 -0.00129585 0 -0.00129585 -0.00129585 
4.312 -2.6600 1 2.6600 1  2201 2558 2881 2943 2893 2738 2532 2329  1 1 1 0 1 0 20 5 5 0.5 0.5 0.499999 0 0.5 1.90735e-07 -0.00125336 0 -0.00125336 -0.00125336 
4.314 -2.6600 1 2.7984 1  2207 2649 2883 3028 2893 2517 2539 2296  1 1 1 0 1 0 20 5 5 0.5 0.5 0.499999 0 0.5 1.90735e-07 -0.00121227 0 -0.00121227 -0.00121227 
4.316 -2.6600 1 2.7759 1  2201 2452 2879 2857 2892 2824 2535 2212  1 1 1 0 1 0 20 5 5 0.5 0.5 0.499999 0 0.5 1.90735e-07 -0.00117252 0 -0.00117252 -0.00117252 
4.318 -2.6600 1 2.7323 1  2214 2613 2889 3060 2895 2762 2535 2073  1 1 1 0 1 0 19 5 5 0.5 0.5 0.499999 0 0.5 1.90735e-07 -0.00113407 0 -0.00113407 -0.00113407 
4.320 -2.6600 1 2.7982 1  2198 2508 2891 2964 2895 2632 2531 2286  1 1 1 0 1 0 19 5 5 0.5 0.5 0.499999 0 0.5 1.90735e-07 -0.00109688 0 -0.00109688 -0.00109688 
4.322 -2.6600 1 2.6600 1  2216 2626 2897 3035 2899 2682 2539 2229  1 1 1 0 1 0 19 5 5 0.5 0.5 0.499999 0 0.5 1.90735e-07 -0.00106092 0 -0.00106092 -0.00106092 
4.324 -2.6600 1 2.7875 1  2209 2479 2886 3009 2887 2602 2531 2248  1 1 1 0 1 0 20 5 5 0.5 0.5 0.499999 0 0.5 1.90735e-07 -0.00102613 0 -0.00102613 -0.00102613 
4.326 -2.6600 1 2.7562 1  2215 2439 2892 2901 2885 2527 2523 2142  1 1 1 0 1 0 20 5 5 0.5 0.5 0.499999 0 0.5 1.90735e-07 -0.00099248 0 -0.00099248 -0.00099248 
4.328 -2.6600 1 2.6600 1  2212 2563 2891 3052 2893 2776 2528 2155  1 1 1 0 1 0 19 5 5 0.5 0.5 0.499999 0 0.5 1.90735e-07 -0.000959935 0 -0.000959935 -0.000959935 
4.330 -2.6600 1 2.6600 1  2209 2654 2885 2970 2891 2700 2529 2265  1 1 1 0 1 0 20 5 5 0.5 0.5 0.499999 0 0.5 1.90735e-07 -0.000928458 0 -0.000928458 -0.000928458 
4.332 -2.6600 1 2.6600 1  2216 2619 2895 3016 2891 2716 2528 2273  1 1 1 0 1 0 20 5 5 0.5 0.5 0.499999 0 0.5 1.90735e-07 -0.000898012 0 -0.000898012 -0.000898012 
4.334 -2.6600 1 2.6600 1  2212 2594 2891 3009 2887 2553 2524 2285  1 1 1 0 1 0 20 5 5 0.5 0.5 0.499999 0 0.5 1.90735e-07 -0.000868565 0 -0.000868565 -0.000868565 
4.336 -2.6600 1 2.6600 1  2213 2607 2885 3003 2879 2578 2513 2274  1 1 1 0 1 0 20 5 5 0.5 0.5 0.499999 0 0.5 1.90735e-07 -0.000840083 0 -0.000840083 -0.000840083 
4.338 -2.6600 1 2.6600 1  2225 2681 2885 3193 2880 2764 2511 2117  1 1 1 0 1 0 19 5 5 0.5 0.5 0.499999 0 0.5 1.90735e-07 -0.000812535 0 -0.000812535 -0.000812535 
4.340 -2.6600 1 2.6600 1  2208 2722 2888 3027 2881 2598 2516 2218  1 1 1 0 1 0 19 5 5 0.5 0.5 0.499999 0 0.5 1.90735e-07 -0.00078589 0 -0.00078589 -0.00078589 
4.342 -2.6600 1 2.6600 1  2216 2605 2884 2936 2878 2547 2504 2345  1 1 1 0 1 0 19 5 5 0.5 0.5 0.499999 0 0.5 1.90735e-07 -0.000760119 0 -0.000760119 -0.000760119 
4.344 -2.6600 1 2.6600 1  2207 2575 2881 3004 2871 2648 2499 2200  1 1 1 0 1 0 20 5 5 0.5 0.5 0.499999 0 0.5 1.90735e-07 -0.000735192 0 -0.000735192 -0.000735192 
4.346 -2.6600 1 2.7308 1  2210 2683 2889 3083 2874 2441 2492 2068  1 1 1 0 1 0 19 5 5 0.5 0.5 0.499999 0 0.5 1.90735e-07 -0.000711083 0 -0.000711083 -0.000711083 
4.348 -2.6600 1 2.7291 1  2209 2627 2886 3170 2882 2705 2493 2065  1 1 1 0 1 0 19 5 5 0.5 0.5 0.499999 0 0.5 1.90735e-07 -0.000687764 0 -0.000687764 -0.000687764 
4.350 -2.6600 1 2.7620 1  2203 2552 2884 2904 2871 2529 2488 2161  1 1 1 0 1 0 20 5 5 0.5 0.5 0.499999 0 0.5 1.90735e-07 -0.00066521 0 -0.00066521 -0.00066521 
4.352 -2.6600 1 2.6600 1  2215 2585 2891 2951 2868 2630 2485 2198  1 1 1 0 1 0 19 5 5 0.5 0.5 0.499999 0 0.5 1.90735e-07 -0.000643395 0 -0.000643395 -0.000643395 
4.354 -2.6600 1 2.6600 1  2214 2567 2891 2862 2871 2560 2482 2321  1 1 1 0 1 0 20 5 5 0.5 0.5 0.499999 0 0.5 1.90735e-07 -0.000622295 0 -0.000622295 -0.000622295 
4.356 -2.6600 1 2.6600 1  2213 2827 2890 3028 2860 2644 2464 2214  1 1 1 0 1 0 20 5 5 0.5 0.5 0.499999 0 0.5 1.90735e-07 -0.000601887 0 -0.000601887 -0.000601887 
4.358 -2.6600 1 2.6600 1  2214 2667 2895 2985 2857 2693 2463 2334  1 1 1 0 1 0 20 5 5 0.5 0.5 0.499999 0 0.5 1.90735e-07 -0.000582148 0 -0.000582148 -0.000582148 
4.360 -2.6600 1 2.7370 1  2217 2457 2882 3124 2851 2683 2452 2081  1 1 1 0 1 0 20 5 5 0.5 0.5 0.499999 0 0.5 1.90735e-07 -0.000563056 0 -0.000563056 -0.000563056 
4.362 -2.6600 1 2.7758 1  2217 2624 2896 3006 2860 2510 2450 2203  1 1 1 0 1 0 20 5 5 0.5 0.5 0.499999 0 0.5 1.90735e-07 -0.00054459 0 -0.00054459 -0.00054459 
4.364 -2.6600 1 2.7330 1  2218 2488 2895 2925 2852 2439 2442 2066  1 1 1 0 1 0 19 5 5 0.5 0.5 0.499999 0 0.5 1.90735e-07 -0.00052673 0 -0.00052673 -0.00052673 
4.366 -2.6600 1 2.7433 1  2221 2618 2891 3010 2841 2290 2430 2099  1 1 1 0 1 0 19 5 5 0.5 0.5 0.499999 0 0.5 1.90735e-07 -0.000509455 0 -0.000509455 -0.000509455 
4.368 -2.6600 1 2.6600 1  2214 2573 2884 3034 2838 2573 2418 2146  1 1 1 0 1 0 19 5 5 0.5 0.5 0.499999 0 0.5 1.90735e-07 -0.000492746 0 -0.000492746 -0.000492746 
4.370 -2.6600 1 2.6600 1  2221 2698 2897 2977 2836 2641 2412 2272  1 1 1 0 1 0 19 5 5 0.5 0.5 0.499999 0 0.5 1.90735e-07 -0.000476585 0 -0.000476585 -0.000476585 
4.372 -2.6600 1 2.6600 1  2212 2707 2889 2843 2830 2562 2393 2234  1 1 1 0 1 0 19 5 5 0.5 0.5 0.499999 0 0.5 1.90735e-07 -0.000460954 0 -0.000460954 -0.000460954 
4.374 -2.6600 1 2.8037 1  2220 2675 2889 2928 2824 2467 2388 2302  1 1 1 0 1 0 20 5 5 0.5 0.5 0.499999 0 0.5 1.90735e-07 -0.000445836 0 -0.000445836 -0.000445836 
4.376 -2.6600 1 2.7408 1  2216 2646 2889 2828 2814 2566 2377 2093  1 1 1 0 1 0 18 5 5 0.5 0.5 0.499999 0 0.5 1.90735e-07 -0.000431213 0 -0.000431213 -0.000431213 
4.378 -2.6600 1 2.7169 1  2220 2696 2886 2898 2804 2558 2357 2024  1 1 1 0 1 0 18 5 5 0.5 0.5 0.499999 0 0.5 1.90735e-07 -0.00041707 0 -0.00041707 -0.00041707 
4.380 -2.6600 1 2.7374 1  2235 2671 2935 2976 2786 2456 2327 2087  1 1 1 0 1 0 20 5 5 0.5 0.5 0.499999 0 0.5 1.90735e-07 -0.00040339 0 -0.00040339 -0.00040339 
4.382 -2.6600 1 2.7252 1  2256 2692 2878 2859 2774 2451 2328 2048  1 1 1 0 1 0 20 5 5 0.5 0.5 0.499999 0 0.5 1.90735e-07 -0.000390158 0 -0.000390158 -0.000390158 
4.384 -2.6600 1 2.7058 1  2222 2716 2885 2985 2784 2555 2310 1991  1 1 1 0 1 0 19 5 5 0.5 0.5 0.499999 0 0.5 1.90735e-07 -0.000377361 0 -0.000377361 -0.000377361 
4.386 -2.6600 1 2.4710 1  2222 2479 2884 2897 2765 2378 2283 1832  1 1 1 0 1 0 19 5 5 0.5 0.5 0.499999 0 0.5 1.90735e-07 -0.000364983 0 -0.000364983 -0.000364983 
4.388 -2.6600 1 2.6799 1  2214 2557 2876 3008 2750 2541 2266 1917  1 1 1 0 1 0 20 5 5 0.5 0.5 0.499999 0 0.5 1.90735e-07 -0.000353011 0 -0.000353011 -0.000353011 
4.390 -2.6600 1 2.4332 1  2217 2631 2883 3081 2750 2394 2241 1834  1 1 1 0 1 0 19 5 5 0.5 0.5 0.499999 0 0.5 1.90735e-07 -0.000341431 0 -0.000341431 -0.000341431 
4.392 -2.6600 1 2.7195 1  2206 2630 2871 2898 2738 2391 2215 2022  1 1 1 0 1 0 20 5 5 0.5 0.5 0.499999 0 0.5 1.90735e-07 -0.000330231 0 -0.000330231 -0.000330231 
4.394 -2.6600 1 1.0597 1  2217 2804 2876 2852 2727 2235 2192 2016  1 1 1 0 1 0 19 5 5 0.5 0.5 0.499999 0 0.5 1.90735e-07 -0.000319398 0 -0.000319398 -0.000319398 
4.396 -2.6600 1 1.0894 1  2213 2570 2881 2949 2714 2246 2163 2043  1 1 1 0 1 0 19 5 5 0.5 0.5 0.499999 0 0.5 1.90735e-07 -0.000308921 0 -0.000308921 -0.000308921 
4.398 -2.6600 1 1.4676 1  2212 2630 2869 2940 2694 2268 2133 1999  1 1 1 0 1 0 19 5 5 0.5 0.5 0.499999 0 0.5 1.90735e-07 -0.000298786 0 -0.000298786 -0.000298786 
4.400 -2.6600 1 1.6591 1  2219 2733 2870 2931 2678 2355 2107 1972  1 1 1 0 1 0 19 5 5 0.5 0.5 0.499999 0 0.5 1.90735e-07 -0.000288985 0 -0.000288985 -0.000288985 
4.402 -2.6600 1 1.5126 1  2219 2682 2874 2977 2667 2352 2074 1813  1 1 1 0 1 0 19 5 5 0.5 0.5 0.499999 0 0.5 1.90735e-07 -0.000279504 0 -0.000279504 -0.000279504 
4.404 -2.6600 1 1.3530 1  2208 2648 2870 2829 2645 2315 2039 1803  1 1 1 0 1 0 17 5 5 0.5 0.5 0.499999 0 0.5 1.90735e-07 -0.000270334 0 -0.000270334 -0.000270334 
4.406 -2.6600 1 1.0850 1  2218 2732 2868 2905 2632 2260 2012 1954  1 1 1 0 1 0 17 5 5 0.5 0.5 0.499999 0 0.5 1.90735e-07 -0.000261465 0 -0.000261465 -0.000261465 
4.408 -2.6600 1 0.8200 1  2216 2846 2866 2912 2602 2174 1981 1861  1 1 1 0 1 0 15 5 5 0.5 0.5 0.499999 0 0.5 1.90735e-07 -0.000252887 0 -0.000252887 -0.000252887 
4.410 -2.6600 1 0.6749 1  2215 2566 2864 2899 2589 2065 1943 1845  1 1 1 0 1 0 13 5 5 0.5 0.5 0.499999 0 0.5 1.90735e-07 -0.00024459 0 -0.00024459 -0.00024459 
4.412 -2.6600 1 0.6798 1  2215 2764 2861 2704 2575 2093 1914 1777  1 1 1 0 1 0 13 5 5 0.5 0.5 0.499999 0 0.5 1.90735e-07 -0.000236565 0 -0.000236565 -0.000236565 
4.414 -2.6600 1 0.5402 1  2224 2517 2859 2897 2553 1848 1876 1666  1 1 1 0 1 0 11 5 5 0.5 0.5 0.499999 0 0.5 1.90735e-07 -0.000228803 0 -0.000228803 -0.000228803 
4.416 -2.6600 1 0.5200 1  2222 2555 2855 2889 2536 1901 1838 1659  1 1 1 0 1 0 11 5 5 0.5 0.5 0.499999 0 0.5 1.90735e-07 -0.000221295 0 -0.000221295 -0.000221295 
4.418 -2.6600 1 0.5039 1  2216 2460 2853 2815 2511 1928 1794 1623  1 1 1 0 1 0 11 5 5 0.5 0.5 0.499999 0 0.5 1.90735e-07 -0.000214034 0 -0.000214034 -0.000214034 
4.420 -2.6600 1 0.6077 1  2227 2616 2852 2925 2497 2104 1762 1539  1 1 1 0 1 0 11 5 5 0.5 0.5 0.499999 0 0.5 1.90735e-07 -0.000207011 0 -0.000207011 -0.000207011 
4.422 -2.6600 1 0.4733 1  2227 2744 2853 2851 2476 1822 1729 1523  1 1 1 0 1 0 9 5 5 0.5 0.473258 0.426905 0 0.5 0.014619 0.00475325 0 0.00475325 0.00475325 
4.424 -2.6600 1 0.4540 1  2211 2746 2849 2695 2446 1814 1695 1611  1 1 1 0 1 0 7 5 5 0.5 0.453959 0.38193 0 0.5 0.0236141 0.00801391 0 0.00801391 0.00801391 
4.426 -2.6600 1 0.4840 1  2220 2779 2846 2827 2434 1834 1663 1423  1 1 1 0 0 0 5 5 5 0.5 0.483963 0.470458 0 0.5 0.00590839 0.00220995 0 0.00220995 0.00220995 
4.428 -2.6600 1 0.4993 1  2216 2572 2852 2833 2410 1839 1628 1536  1 1 1 0 0 0 3 5 5 0.5 0.499271 0.510783 0 0.5 -0.00215669 -0.000531596 0 -0.000531596 -0.000531596 
4.430 -2.6600 1 0.4752 1  2214 2804 2850 2752 2391 1798 1588 1393  1 1 1 0 0 0 1 5 5 0.5 0.475233 0.441906 0 0.5 0.0116187 0.0040782 0 0.0040782 0.0040782 
4.432 -2.6600 1 0.4794 1  2227 2807 2858 2821 2383 1785 1567 1367  1 1 1 0 0 0 0 5 5 0.5 0.479402 0.459568 0 0.5 0.00808637 0.00306637 0 0.00306637 0.00306637 
4.434 -2.6600 1 0.4636 1  2221 2743 2856 2843 2369 1715 1546 1360  1 1 1 0 0 0 0 5 5 0.5 0.463597 0.428844 0 0.5 0.0142313 0.00550222 0 0.00550222 0.00550222 
4.436 -2.6600 1 0.4877 1  2216 2708 2848 2812 2356 1806 1526 1434  1 1 1 0 0 0 0 5 5 0.5 0.487742 0.491859 0 0.5 0.00162814 0.00120718 0 0.00120718 0.00120718 
4.438 -2.6600 1 0.4649 1  2219 2669 2847 2818 2343 1698 1507 1439  1 1 1 0 0 0 0 5 5 0.5 0.464861 0.431126 0 0.5 0.0137747 0.00541118 0 0.00541118 0.00541118 
4.440 -2.6600 1 0.4850 1  2218 2603 2847 2814 2328 1790 1490 1347  1 1 1 0 0 0 0 5 5 0.5 0.485015 0.490152 0 0.5 0.0019696 0.00156022 0 0.00156022 0.00156022 
4.442 -2.6600 1 0.4718 1  2225 2648 2852 2753 2325 1657 1478 1520  1 1 1 0 0 0 0 5 5 0.5 0.47175 0.44849 0 0.5 0.010302 0.00429189 0 0.00429189 0.00429189 
4.444 -2.6600 1 0.4614 1  2221 2838 2848 2805 2313 1594 1458 1245  1 1 1 0 0 0 0 5 5 0.5 0.461354 0.416605 0 0.5 0.0166789 0.00640357 0 0.00640357 0.00640357 
4.446 -2.6600 1 0.4436 1  2222 2810 2850 2689 2297 1595 1442 1364  1 1 1 0 0 0 0 5 5 0.5 0.44357 0.374967 0 0.5 0.0250066 0.0094415 0 0.0094415 0.0094415 
4.448 -2.6600 1 0.4526 1  2225 2653 2855 2797 2294 1473 1434 1312  1 1 1 0 0 0 0 5 5 0.5 0.452602 0.407751 0 0.5 0.0184499 0.00747802 0 0.00747802 0.00747802 
4.450 -2.6600 1 0.5193 1  2214 2685 2850 2793 2286 1791 1422 1324  1 1 1 0 0 0 0 5 5 0.5 0.519306 0.592532 0 0.5 -0.0185064 -0.00492276 0 -0.00492276 -0.00492276 
4.452 -2.6600 1 0.4572 1  2220 2553 2847 2776 2277 1571 1411 1336  1 1 1 0 0 0 0 5 5 0.5 0.45716 0.41839 0 0.5 0.016322 0.00681519 0 0.00681519 0.00681519 
4.454 -2.6600 1 0.4831 1  2214 2684 2848 2835 2275 1612 1413 1167  1 1 1 0 0 0 0 5 5 0.5 0.483068 0.489621 0 0.5 0.00207574 0.00204968 0 0.00204968 0.00204968 
4.456 -2.6600 1 0.4876 1  2224 2633 2849 2674 2270 1683 1403 1280  1 1 1 0 0 0 0 5 5 0.5 0.487582 0.502003 0 0.5 -0.000400519 0.0012566 0 0.0012566 0.0012566 
4.458 -2.6600 1 0.6284 1  2222 2493 2844 2771 2270 1793 1402 1225  1 1 1 0 0 0 0 5 5 0.5 0.628424 0.857574 0 0.5 -0.0715147 -0.0235571 0 -0.0235571 -0.0235571 
4.460 -2.6600 1 0.4906 1  2217 2754 2849 2888 2266 1477 1396 1152  1 1 1 0 0 0 0 5 5 0.5 0.490557 0.437786 0 0.5 0.0124428 0.00374978 0 0.00374978 0.00374978 
4.462 -2.6600 1 0.5242 1  2223 2578 2858 2791 2264 1672 1391 1178  1 1 1 0 0 0 0 5 5 0.5 0.524221 0.540216 0 0.5 -0.00804329 -0.00299242 0 -0.00299242 -0.00299242 
4.464 -2.6600 1 0.5212 1  2215 2519 2849 2675 2263 1663 1393 1517  1 1 1 0 0 0 0 5 5 0.5 0.521185 0.521187 0 0.5 -0.00423744 -0.00203823 0 -0.00203823 -0.00203823 
4.466 -2.6600 1 0.4882 1  2228 2734 2852 2832 2259 1553 1392 1145  1 1 1 0 0 0 0 5 5 0.5 0.488192 0.43724 0 0.5 0.012552 0.0037398 0 0.0037398 0.0037398 
4.468 -2.6600 1 0.5115 1  2217 2715 2856 2608 2259 1609 1382 1184  1 1 1 0 0 0 0 5 5 0.5 0.511545 0.498911 0 0.5 0.000217891 -0.000549162 0 -0.000549162 -0.000549162 
4.470 -2.6600 1 0.4697 1  2202 2670 2840 2688 2251 1527 1384 1264  1 1 1 0 0 0 0 5 5 0.5 0.469716 0.387574 0 0.5 0.0224852 0.0070136 0 0.0070136 0.0070136 
4.472 -2.6600 1 0.6068 1  2222 2503 2846 2778 2254 1777 1383 1163  1 1 1 0 1 0 1 5 5 0.5 0.606818 0.77193 0 0.5 -0.0543861 -0.0188304 0 -0.0188304 -0.0188304 
4.474 -2.6600 1 0.5628 1  2215 2561 2858 2741 2253 1786 1381 1212  1 1 1 0 0 0 0 5 5 0.5 0.562831 0.625704 0 0.5 -0.0251409 -0.00964811 0 -0.00964811 -0.00964811 
4.476 -2.6600 1 0.5286 1  2221 2666 2852 2782 2252 1742 1364 1188  1 1 1 0 0 0 0 5 5 0.5 0.528612 0.535624 0 0.5 -0.00712476 -0.00353936 0 -0.00353936 -0.00353936 
4.478 -2.6600 1 0.4813 1  2228 2566 2855 2871 2253 1590 1370 1225  1 1 1 0 0 0 0 5 5 0.5 0.481338 0.386487 0 0.5 0.0227026 0.00598207 0 0.00598207 0.00598207 
4.480 -2.6600 1 0.5021 1  2220 2786 2850 2941 2246 1671 1364 1184  1 1 1 0 0 0 0 5 5 0.5 0.502125 0.45065 0 0.5 0.00987003 0.00173405 0 0.00173405 0.00173405 
4.482 -2.6600 1 0.4862 1  2226 2546 2856 2825 2251 1504 1358 1164  1 1 1 0 0 0 0 5 5 0.5 0.486236 0.418979 0 0.5 0.0162041 0.00410484 0 0.00410484 0.00410484 
4.484 -2.6600 1 0.5613 1  2222 2690 2851 2863 2250 1640 1359 1012  1 1 1 0 0 0 0 5 5 0.5 0.561336 0.626287 0 0.5 -0.0252573 -0.00994713 0 -0.00994713 -0.00994713 
4.486 -2.6600 1 0.5724 1  2223 2698 2857 2803 2240 1595 1350 1104  1 1 1 0 0 0 0 5 5 0.5 0.572419 0.638039 0 0.5 -0.0276077 -0.011288 0 -0.011288 -0.011288 
4.488 -2.6600 1 0.8650 1  2221 2591 2848 2892 2241 1912 1351 1118  1 1 1 0 1 0 1 5 5 0.5 0.865008 1.42652 0 0.5 -0.185303 -0.065107 0 -0.065107 -0.065107 
4.490 -2.6600 1 0.6210 1  2218 2587 2861 2661 2244 1682 1343 1003  1 1 1 0 0 0 0 5 5 0.5 0.620958 0.682022 0 0.5 -0.0364044 -0.0168194 0 -0.0168194 -0.0168194 
4.492 -2.6600 1 0.5214 1  2215 2604 2855 2789 2247 1574 1345 1361  1 1 1 0 0 0 0 5 5 0.5 0.521423 0.397357 0 0.5 0.0205286 0.00191477 0 0.00191477 0.00191477 
4.494 -2.6600 1 0.4837 1  2199 2641 2841 2797 2238 1564 1339 1208  1 1 1 0 0 0 0 5 5 0.5 0.48371 0.31416 0 0.5 0.0371681 0.0078428 0 0.0078428 0.0078428 
4.496 -2.6600 1 0.5921 1  2227 2456 2838 2779 2255 1722 1350 1399  1 1 1 0 0 0 0 5 5 0.5 0.592112 0.628573 0 0.5 -0.0257147 -0.0131751 0 -0.0131751 -0.0131751 
4.498 -2.6600 1 0.5378 1  2245 2791 2876 2762 2264 1601 1308 1129  1 1 1 0 0 0 0 5 5 0.5 0.537774 0.471103 0 0.5 0.00577941 -0.00290071 0 -0.00290071 -0.00290071 
4.500 -2.6600 1 0.5832 1  2219 2675 2858 2784 2252 1679 1341 1253  1 1 1 0 0 0 0 5 5 0.5 0.583184 0.607995 0 0.5 -0.021599 -0.0120113 0 -0.0120113 -0.0120113 
4.502 -2.6600 1 0.5223 1  2215 2448 2857 2761 2247 1463 1342 1158  1 1 1 0 0 0 0 5 5 0.5 0.522258 0.404733 0 0.5 0.0190534 0.000666482 0 0.000666482 0.000666482 
4.504 -2.6600 1 0.5393 1  2224 2605 2860 2779 2250 1499 1335 1042  1 1 1 0 0 0 0 5 5 0.5 0.539346 0.455122 0 0.5 0.00897553 -0.00284067 0 -0.00284067 -0.00284067 
4.506 -2.6600 1 0.5071 1  2222 2678 2859 2804 2248 1539 1336 1207  1 1 1 0 0 0 0 5 5 0.5 0.507069 0.390169 0 0.5 0.0219662 0.00198361 0 0.00198361 0.00198361 
4.508 -2.6600 1 0.5716 1  2222 2746 2861 2799 2260 1743 1336 1182  1 1 1 0 1 0 1 5 5 0.5 0.571636 0.601995 0 0.5 -0.0203989 -0.011589 0 -0.011589 -0.011589 
4.510 -2.6600 1 0.5873 1  2224 2586 2861 2660 2260 1809 1343 1189  1 1 1 0 1 0 1 5 5 0.5 0.587304 0.653189 0 0.5 -0.0306378 -0.0149267 0 -0.0149267 -0.0149267 
4.512 -2.6600 1 0.5578 1  2226 2626 2857 2762 2256 1776 1333 1224  1 1 1 0 0 0 0 5 5 0.5 0.557822 0.569086 0 0.5 -0.0138172 -0.00939009 0 -0.00939009 -0.00939009 
4.514 -2.6600 1 0.5712 1  2237 2659 2869 2764 2259 1786 1329 1278  1 1 1 0 0 0 0 5 5 0.5 0.571225 0.605842 0 0.5 -0.0211684 -0.0119472 0 -0.0119472 -0.0119472 
4.516 -2.6600 1 0.5551 1  2227 2682 2868 2864 2266 1651 1340 1078  1 1 1 0 1 0 1 5 5 0.5 0.555085 0.57051 0 0.5 -0.014102 -0.00939531 0 -0.00939531 -0.00939531 
4.518 -2.6600 1 0.5101 1  2230 2604 2869 2886 2258 1582 1332 1232  1 1 1 0 0 0 0 5 5 0.5 0.51006 0.4312 0 0.5 0.0137601 -0.000424879 0 -0.000424879 -0.000424879 
4.520 -2.6600 1 0.5755 1  2229 2514 2870 2714 2265 1688 1335 1388  1 1 1 0 0 0 0 5 5 0.5 0.57554 0.599361 0 0.5 -0.0198723 -0.0121659 0 -0.0121659 -0.0121659 
4.522 -2.6600 1 0.6604 1  2235 2583 2870 2801 2257 1838 1330 1182  1 1 1 0 1 0 1 5 5 0.5 0.660445 0.824622 0 0.5 -0.0649243 -0.0277 0 -0.0277 -0.0277 
4.524 -2.6600 1 0.5597 1  2229 2550 2875 2917 2264 1671 1326 1150  1 1 1 0 1 0 1 5 5 0.5 0.559689 0.545513 0 0.5 -0.00910261 -0.00899732 0 -0.00899732 -0.00899732 
4.526 -2.6600 1 0.5517 1  2238 2747 2876 2798 2256 1665 1331 1091  1 1 1 0 0 0 0 5 5 0.5 0.551739 0.520261 0 0.5 -0.00405223 -0.00747586 0 -0.00747586 -0.00747586 
4.528 -2.6600 1 0.5192 1  2237 2564 2876 2573 2255 1592 1326 1257  1 1 1 0 0 0 0 5 5 0.5 0.519164 0.440761 0 0.5 0.0118477 -0.00194114 0 -0.00194114 -0.00194114 
4.530 -2.6600 1 0.4957 1  2251 2690 2880 2746 2257 1562 1327 1334  1 1 1 0 0 0 0 5 5 0.5 0.495722 0.397354 0 0.5 0.0205292 0.00145954 0 0.00145954 0.00145954 
4.532 -2.6600 1 0.5195 1  2238 2718 2885 2671 2262 1576 1317 1073  1 1 1 0 0 0 0 5 5 0.5 0.519505 0.476933 0 0.5 0.00461347 -0.00359303 0 -0.00359303 -0.00359303 
4.534 -2.6600 1 0.4965 1  2248 2577 2885 2807 2261 1531 1317 1209  1 1 1 0 0 0 0 5 5 0.5 0.496471 0.426829 0 0.5 0.0146341 0.000117492 0 0.000117492 0.000117492 
4.536 -2.6600 1 0.5790 1  2244 2710 2891 2846 2265 1674 1320 1018  1 1 1 0 1 0 1 5 5 0.5 0.579028 0.67232 0 0.5 -0.034464 -0.0159988 0 -0.0159988 -0.0159988 
4.538 -2.6600 1 0.5103 1  2247 2568 2885 2821 2264 1500 1319 1128  1 1 1 0 0 0 0 5 5 0.5 0.510283 0.457476 0 0.5 0.00850477 -0.00211352 0 -0.00211352 -0.00211352 
4.540 -2.6600 1 0.5719 1  2249 2618 2900 2838 2267 1660 1322 1103  1 1 1 0 0 0 0 5 5 0.5 0.571865 0.630438 0 0.5 -0.0260876 -0.013722 0 -0.013722 -0.013722 
4.542 -2.6600 1 0.5832 1  2258 2760 2895 2885 2271 1607 1315 1062  1 1 1 0 0 0 0 5 5 0.5 0.583174 0.642707 0 0.5 -0.0285415 -0.0150469 0 -0.0150469 -0.0150469 
4.544 -2.6600 1 0.5805 1  2254 2554 2908 2838 2276 1631 1321 1079  1 1 1 0 0 0 0 5 5 0.5 0.580452 0.633414 0 0.5 -0.0266828 -0.014507 0 -0.014507 -0.014507 
4.546 -2.6600 1 0.5346 1  2254 2742 2893 2722 2265 1596 1310 1161  1 1 1 0 0 0 0 5 5 0.5 0.534559 0.504225 0 0.5 -0.000844955 -0.00589193 0 -0.00589193 -0.00589193 
4.548 -2.6600 1 0.5499 1  2260 2898 2908 2756 2279 1589 1314 1085  1 1 1 0 0 0 0 5 5 0.5 0.549864 0.537681 0 0.5 -0.0075361 -0.00841427 0 -0.00841427 -0.00841427 
4.550 -2.6600 1 0.7503 1  2260 2619 2909 2726 2276 1902 1313 1114  1 1 1 0 1 0 1 5 5 0.5 0.750267 1.09685 0 0.5 -0.119369 -0.0460667 0 -0.0460667 -0.0460667 
4.552 -2.6600 1 0.6578 1  2269 2697 2909 2931 2278 1735 1315 925  1 1 1 0 1 0 1 5 5 0.5 0.657786 0.806637 0 0.5 -0.0613273 -0.0274395 0 -0.0274395 -0.0274395 
4.554 -2.6600 1 0.5600 1  2267 2656 2913 2742 2274 1657 1315 1139  1 1 1 0 0 0 0 5 5 0.5 0.560041 0.525143 0 0.5 -0.00502856 -0.00884327 0 -0.00884327 -0.00884327 
4.556 -2.6600 1 0.5892 1  2269 2643 2914 2860 2279 1716 1302 1109  1 1 1 0 1 0 1 5 5 0.5 0.589185 0.620516 0 0.5 -0.0241032 -0.0150101 0 -0.0150101 -0.0150101 
4.558 -2.6600 1 0.5265 1  2275 2534 2916 2899 2282 1567 1306 1170  1 1 1 0 0 0 0 5 5 0.5 0.526508 0.429092 0 0.5 0.0141817 -0.00264468 0 -0.00264468 -0.00264468 
4.560 -2.6600 1 0.6074 1  2272 2676 2919 2893 2281 1627 1313 926  1 1 1 0 0 0 0 5 5 0.5 0.607414 0.624579 0 0.5 -0.0249157 -0.0166592 0 -0.0166592 -0.0166592 
4.562 -2.6600 1 0.6173 1  2283 2522 2924 2970 2276 1728 1306 1110  1 1 1 0 0 0 0 5 5 0.5 0.617337 0.637933 0 0.5 -0.0275866 -0.0180754 0 -0.0180754 -0.0180754 
4.564 -2.6600 1 0.5753 1  2282 2748 2930 2936 2283 1551 1304 1020  1 1 1 0 0 0 0 5 5 0.5 0.575299 0.496028 0 0.5 0.000794482 -0.00932989 0 -0.00932989 -0.00932989 
4.566 -2.6600 1 0.5388 1  2285 2748 2931 2802 2278 1578 1305 1202  1 1 1 0 0 0 0 5 5 0.5 0.53876 0.416313 0 0.5 0.0167374 -0.00360783 0 -0.00360783 -0.00360783 
4.568 -2.6600 1 0.5432 1  2288 2614 2933 2947 2280 1576 1300 1216  1 1 1 0 0 0 0 5 5 0.5 0.543168 0.445449 0 0.5 0.0109101 -0.00529711 0 -0.00529711 -0.00529711 
4.570 -2.6600 1 0.5051 1  2291 2543 2931 2892 2278 1458 1300 1123  1 1 1 0 0 0 0 5 5 0.5 0.505108 0.371265 0 0.5 0.025747 0.000375955 0 0.000375955 0.000375955 
4.572 -2.6600 1 0.4811 1  2291 2750 2915 2830 2263 1376 1304 1112  1 1 1 0 0 0 0 5 5 0.5 0.481129 0.320099 0 0.5 0.0359801 0.00414668 0 0.00414668 0.00414668 
4.574 -2.6600 1 0.7447 1  2287 2675 2926 2937 2265 1784 1291 913  1 1 1 0 1 0 2 5 5 0.5 0.744668 1.0573 0 0.5 -0.111459 -0.0454156 0 -0.0454156 -0.0454156 
4.576 -2.6600 1 0.6760 1  2302 2708 2929 2844 2272 1781 1297 1221  1 1 1 0 0 0 0 5 5 0.5 0.675986 0.818988 0 0.5 -0.0637976 -0.030636 0 -0.030636 -0.030636 
4.578 -2.6600 1 0.7799 1  2302 2671 2936 2921 2268 1894 1301 1104  1 1 1 0 1 0 1 5 5 0.5 0.779887 1.10586 0 0.5 -0.121172 -0.050128 0 -0.050128 -0.050128 
4.580 -2.6600 1 0.5797 1  2305 2892 2937 2886 2263 1566 1298 1003  1 1 1 0 0 0 0 5 5 0.5 0.579652 0.518439 0 0.5 -0.00368788 -0.0114932 0 -0.0114932 -0.0114932 
4.582 -2.6600 1 0.5717 1  2311 2757 2939 2856 2277 1614 1312 1116  1 1 1 0 0 0 0 5 5 0.5 0.571679 0.497284 0 0.5 0.000543213 -0.0101988 0 -0.0101988 -0.0101988 
4.584 -2.6600 1 0.7310 1  2317 2722 2932 2926 2271 1876 1306 1075  1 1 1 0 1 0 1 5 5 0.5 0.730998 0.954741 0 0.5 -0.0909481 -0.0407798 0 -0.0407798 -0.0407798 
4.586 -2.6600 1 0.5175 1  2323 2716 2939 2738 2270 1634 1298 1155  1 1 1 0 0 0 0 5 5 0.5 0.517505 0.360596 0 0.5 0.0278809 -0.000929481 0 -0.000929481 -0.000929481 
4.588 -2.6600 1 0.5731 1  2321 2718 2935 2899 2263 1723 1301 1056  1 1 1 0 1 0 1 5 5 0.5 0.573079 0.561307 0 0.5 -0.0122615 -0.0133804 0 -0.0133804 -0.0133804 
4.590 -2.6600 1 0.5648 1  2326 2579 2943 2807 2273 1749 1302 1161  1 1 1 0 0 0 0 5 5 0.5 0.564757 0.550551 0 0.5 -0.0101102 -0.012384 0 -0.012384 -0.012384 
4.592 -2.6600 1 0.5850 1  2331 2716 2940 2750 2272 1821 1307 1138  1 1 1 0 0 0 0 5 5 0.5 0.584983 0.613186 0 0.5 -0.0226373 -0.0164597 0 -0.0164597 -0.0164597 
4.594 -2.6600 1 0.5094 1  2324 2663 2933 2838 2271 1649 1308 1193  1 1 1 0 0 0 0 5 5 0.5 0.509405 0.420261 0 0.5 0.0159478 -0.0030453 0 -0.0030453 -0.0030453 
4.596 -2.6600 1 0.4814 1  2337 2617 2943 2869 2271 1541 1311 1142  1 1 1 0 0 0 0 5 5 0.5 0.481372 0.362655 0 0.5 0.0274689 0.00137337 0 0.00137337 0.00137337 
4.598 -2.6600 1 0.5526 1  2327 2657 2935 2873 2269 1608 1307 1035  1 1 1 0 0 0 0 5 5 0.5 0.552646 0.546343 0 0.5 -0.00926864 -0.0113054 0 -0.0113054 -0.0113054 
4.600 -2.6600 1 0.5786 1  2332 2564 2940 2824 2278 1700 1317 1348  1 1 1 0 0 0 0 5 5 0.5 0.578643 0.600035 0 0.5 -0.0200071 -0.0153686 0 -0.0153686 -0.0153686 
4.602 -2.6600 1 0.5419 1  2311 2549 2931 2807 2295 1670 1361 1313  1 1 1 0 0 0 0 5 5 0.5 0.541905 0.484039 0 0.5 0.00319226 -0.00791856 0 -0.00791856 -0.00791856 
4.604 -2.6600 1 0.5354 1  2337 2717 2934 2760 2282 1721 1327 1147  1 1 1 0 0 0 0 5 5 0.5 0.535424 0.489113 0 0.5 0.00217743 -0.00769821 0 -0.00769821 -0.00769821 
4.606 -2.6600 1 0.5462 1  2333 2661 2932 2840 2314 1653 1299 1138  1 1 1 0 1 0 1 5 5 0.5 0.546181 0.541186 0 0.5 -0.00823712 -0.0106288 0 -0.0106288 -0.0106288 
4.608 -2.6600 1 0.4779 1  2335 2846 2934 2784 2290 1552 1333 1164  1 1 1 0 0 0 0 5 5 0.5 0.477867 0.365391 0 0.5 0.0269218 0.00161192 0 0.00161192 0.00161192 
4.610 -2.6600 1 0.5135 1  2333 2738 2931 2872 2297 1707 1334 1176  1 1 1 0 0 0 0 5 5 0.5 0.513544 0.475184 0 0.5 0.00496326 -0.00543785 0 -0.00543785 -0.00543785 
4.612 -2.6600 1 0.4803 1  2335 2606 2935 2864 2306 1549 1340 1229  1 1 1 0 0 0 0 5 5 0.5 0.480324 0.403041 0 0.5 0.0193918 1.64518e-05 0 1.64518e-05 1.64518e-05 
4.614 -2.6600 1 0.5030 1  2337 2723 2935 2697 2311 1659 1348 1209  1 1 1 0 0 0 0 5 5 0.5 0.50302 0.482475 0 0.5 0.00350504 -0.00480143 0 -0.00480143 -0.00480143 
4.616 -2.6600 1 0.5114 1  2335 2658 2931 2641 2310 1726 1359 1348  1 1 1 0 0 0 0 5 5 0.5 0.51136 0.515978 0 0.5 -0.00319552 -0.00666093 0 -0.00666093 -0.00666093 
4.618 -2.6600 1 0.6467 1  2340 2738 2942 2939 2315 1896 1356 1098  1 1 1 0 1 0 1 5 5 0.5 0.646744 0.894071 0 0.5 -0.0788141 -0.0319312 0 -0.0319312 -0.0319312 
4.620 -2.6600 1 0.5394 1  2332 2807 2941 2906 2316 1760 1362 1180  1 1 1 0 0 0 0 5 5 0.5 0.539407 0.563797 0 0.5 -0.0127594 -0.0103762 0 -0.0103762 -0.0103762 
4.622 -2.6600 1 0.6305 1  2324 2627 2933 2817 2314 1836 1361 1053  1 1 1 0 1 0 1 5 5 0.5 0.630483 0.810787 0 0.5 -0.0621573 -0.0270789 0 -0.0270789 -0.0270789 
4.624 -2.6600 1 0.6351 1  2337 2683 2935 2966 2324 1784 1368 1027  1 1 1 0 1 0 1 5 5 0.5 0.635122 0.810778 0 0.5 -0.0621557 -0.0273438 0 -0.0273438 -0.0273438 
4.626 -2.6600 1 0.5511 1  2312 2827 2934 2762 2329 1644 1374 1120  1 1 1 0 0 0 0 5 5 0.5 0.551063 0.549901 0 0.5 -0.00998018 -0.0104289 0 -0.0104289 -0.0104289 
4.628 -2.6600 1 0.5588 1  2320 2599 2930 2706 2332 1696 1371 1173  1 1 1 0 0 0 0 5 5 0.5 0.55879 0.543478 0 0.5 -0.00869551 -0.0106986 0 -0.0106986 -0.0106986 
4.630 -2.6600 1 0.6101 1  2312 2718 2932 2804 2334 1801 1379 1193  1 1 1 0 0 0 0 5 5 0.5 0.610094 0.67907 0 0.5 -0.035814 -0.0200448 0 -0.0200448 -0.0200448 
4.632 -2.6600 1 0.5405 1  2305 2739 2926 3105 2331 1488 1376 1136  1 1 1 0 0 0 0 5 5 0.5 0.540468 0.428441 0 0.5 0.0143118 -0.00467229 0 -0.00467229 -0.00467229 
4.634 -2.6600 1 0.6833 1  2309 2683 2933 2884 2338 1811 1374 1221  1 1 1 0 0 0 0 5 5 0.5 0.683261 0.772773 0 0.5 -0.0545547 -0.0293264 0 -0.0293264 -0.0293264 
4.636 -2.6600 1 0.6948 1  2292 2731 2928 2973 2334 1739 1372 983  1 1 1 0 1 0 1 5 5 0.5 0.694822 0.802014 0 0.5 -0.0604027 -0.0315941 0 -0.0315941 -0.0315941 
4.638 -2.6600 1 0.6506 1  2296 2758 2927 2973 2347 1681 1377 1029  1 1 1 0 0 0 0 5 5 0.5 0.650649 0.674745 0 0.5 -0.034949 -0.0233617 0 -0.0233617 -0.0233617 
4.640 -2.6600 1 0.6367 1  2283 2742 2921 2848 2348 1686 1385 1145  1 1 1 0 0 0 0 5 5 0.5 0.63667 0.621331 0 0.5 -0.0242663 -0.0203527 0 -0.0203527 -0.0203527 
4.642 -2.6600 1 0.6667 1  2284 2755 2923 2945 2346 1767 1389 1121  1 1 1 0 1 0 1 5 5 0.5 0.666732 0.726593 0 0.5 -0.0453187 -0.0271207 0 -0.0271207 -0.0271207 
4.644 -2.6600 1 0.6506 1  2274 2447 2915 2888 2342 1826 1386 1270  1 1 1 0 0 0 0 5 5 0.5 0.650647 0.678081 0 0.5 -0.0356163 -0.0241447 0 -0.0241447 -0.0241447 
4.646 -2.6600 1 0.6707 1  2272 2480 2914 2864 2350 1869 1390 1292  1 1 1 0 1 0 1 5 5 0.5 0.670665 0.747227 0 0.5 -0.0494454 -0.0286492 0 -0.0286492 -0.0286492 
4.648 -2.6600 1 0.5209 1  2260 2948 2903 2850 2349 1491 1395 1114  1 1 1 0 0 0 0 5 5 0.5 0.520909 0.337061 0 0.5 0.0325879 -0.00104123 0 -0.00104123 -0.00104123 
4.650 -2.6600 1 0.6275 1  2252 2650 2906 2882 2356 1729 1400 1190  1 1 1 0 0 0 0 5 5 0.5 0.627501 0.633778 0 0.5 -0.0267557 -0.0211445 0 -0.0211445 -0.0211445 
4.652 -2.6600 1 0.5410 1  2253 2807 2897 2782 2351 1648 1406 1233  1 1 1 0 0 0 0 5 5 0.5 0.540989 0.396726 0 0.5 0.0206547 -0.00523673 0 -0.00523673 -0.00523673 
4.654 -2.6600 1 0.6248 1  2251 2698 2903 2886 2359 1763 1415 1132  1 1 1 0 0 0 0 5 5 0.5 0.624811 0.65506 0 0.5 -0.031012 -0.0221096 0 -0.0221096 -0.0221096 
4.656 -2.6600 1 0.5523 1  2240 2789 2892 2822 2365 1629 1420 1218  1 1 1 0 0 0 0 5 5 0.5 0.552328 0.457551 0 0.5 0.00848985 -0.00879737 0 -0.00879737 -0.00879737 
4.658 -2.6600 1 0.5711 1  2241 2765 2891 2983 2364 1605 1421 1081  1 1 1 0 0 0 0 5 5 0.5 0.571091 0.531683 0 0.5 -0.00633667 -0.0133013 0 -0.0133013 -0.0133013 
4.660 -2.6600 1 0.6094 1  2238 2822 2884 2873 2364 1759 1433 1237  1 1 1 0 0 0 0 5 5 0.5 0.609448 0.640803 0 0.5 -0.0281606 -0.0206223 0 -0.0206223 -0.0206223 
4.662 -2.6600 1 0.6418 1  2235 2607 2883 2733 2370 1801 1430 1201  1 1 1 0 0 0 0 5 5 0.5 0.641795 0.724846 0 0.5 -0.0449691 -0.026467 0 -0.026467 -0.026467 
4.664 -2.6600 1 0.7068 1  2239 2616 2885 2925 2375 1840 1439 1205  1 1 1 0 1 0 1 5 5 0.5 0.706819 0.889645 0 0.5 -0.077929 -0.0380176 0 -0.0380176 -0.0380176 
4.666 -2.6600 1 0.7900 1  2225 2551 2876 2892 2370 1888 1437 1086  1 1 1 0 1 0 1 5 5 0.5 0.789999 1.08674 0 0.5 -0.117348 -0.0522358 0 -0.0522358 -0.0522358 
4.668 -2.6600 1 0.7686 1  2224 2588 2881 2752 2376 1895 1437 1249  1 1 1 0 1 0 1 5 5 0.5 0.768642 0.979416 0 0.5 -0.0958832 -0.0463669 0 -0.0463669 -0.0463669 
4.670 -2.6600 1 0.6031 1  2226 2517 2877 3021 2381 1709 1447 1289  1 1 1 0 0 0 0 5 5 0.5 0.603083 0.509347 0 0.5 -0.00186932 -0.0151703 0 -0.0151703 -0.0151703 
4.672 -2.6600 1 0.5466 1  2222 2755 2872 2902 2373 1537 1440 1311  1 1 1 0 0 0 0 5 5 0.5 0.546606 0.360917 0 0.5 0.0278165 -0.00515216 0 -0.00515216 -0.00515216 
4.674 -2.6600 1 0.5849 1  2256 2712 2882 2715 2360 1719 1424 1203  1 1 1 0 0 0 0 5 5 0.5 0.584887 0.495985 0 0.5 0.000802946 -0.0136867 0 -0.0136867 -0.0136867 
4.676 -2.6600 1 0.6393 1  2222 2671 2867 2941 2378 1761 1437 1300  1 1 1 0 0 0 0 5 5 0.5 0.639314 0.642273 0 0.5 -0.0284546 -0.0237873 0 -0.0237873 -0.0237873 
4.678 -2.6600 1 0.7176 1  2230 2651 2872 2752 2380 1867 1445 1197  1 1 1 0 0 0 0 5 5 0.5 0.717555 0.845426 0 0.5 -0.0690851 -0.0379646 0 -0.0379646 -0.0379646 
4.680 -2.6600 1 0.7231 1  2223 2512 2875 2780 2391 1865 1453 1292  1 1 1 0 1 0 1 5 5 0.5 0.723059 0.843901 0 0.5 -0.0687802 -0.0384499 0 -0.0384499 -0.0384499 
4.682 -2.6600 1 0.6344 1  2232 2680 2884 2812 2387 1765 1459 1228  1 1 1 0 0 0 0 5 5 0.5 0.63442 0.593356 0 0.5 -0.0186712 -0.0218661 0 -0.0218661 -0.0218661 
4.684 -2.6600 1 0.6851 1  2234 2709 2879 2914 2391 1840 1465 1273  1 1 1 0 0 0 0 5 5 0.5 0.685107 0.730871 0 0.5 -0.0461743 -0.0313834 0 -0.0313834 -0.0313834 
4.686 -2.6600 1 0.6883 1  2199 2482 2875 2908 2397 1820 1464 1209  1 1 1 0 0 0 0 5 5 0.5 0.688274 0.725647 0 0.5 -0.0451294 -0.0315653 0 -0.0315653 -0.0315653 
4.688 -2.6600 1 0.6307 1  2246 2701 2884 2927 2406 1747 1453 1300  1 1 1 0 0 0 0 5 5 0.5 0.630707 0.552631 0 0.5 -0.0105262 -0.0204385 0 -0.0204385 -0.0204385 
4.690 -2.6600 1 0.5623 1  2235 2684 2885 3110 2377 1561 1451 1223  1 1 1 0 0 0 0 5 5 0.5 0.562253 0.340954 0 0.5 0.0318092 -0.00692864 0 -0.00692864 -0.00692864 
4.692 -2.6600 1 0.6113 1  2236 2714 2878 2984 2392 1686 1461 1362  1 1 1 0 0 0 0 5 5 0.5 0.611277 0.499359 0 0.5 0.000128174 -0.0172509 0 -0.0172509 -0.0172509 
4.694 -2.6600 1 0.6128 1  2242 2877 2887 2878 2377 1779 1474 1364  1 1 1 0 0 0 0 5 5 0.5 0.612794 0.515856 0 0.5 -0.00317113 -0.0182325 0 -0.0182325 -0.0182325 
4.696 -2.6600 1 0.6558 1  2263 2558 2854 2733 2395 1762 1459 1158  1 1 1 0 0 0 0 5 5 0.5 0.655752 0.631569 0 0.5 -0.0263138 -0.0262764 0 -0.0262764 -0.0262764 
4.698 -2.6600 1 0.6521 1  2239 2614 2880 2764 2404 1798 1467 1321  1 1 1 0 0 0 0 5 5 0.5 0.652089 0.625147 0 0.5 -0.0250295 -0.0259123 0 -0.0259123 -0.0259123 
4.700 -2.6600 1 0.7128 1  2251 2550 2886 2814 2402 1765 1464 1165  1 1 1 0 0 0 0 5 5 0.5 0.712752 0.762478 0 0.5 -0.0524955 -0.0361074 0 -0.0361074 -0.0361074 
4.702 -2.6600 1 0.7520 1  2246 2667 2885 2921 2399 1868 1465 1257  1 1 1 0 1 0 1 5 5 0.5 0.751997 0.876755 0 0.5 -0.075351 -0.0438735 0 -0.0438735 -0.0438735 
4.704 -2.6600 1 0.6246 1  2249 2493 2888 2917 2403 1686 1457 1237  1 1 1 0 0 0 0 5 5 0.5 0.624608 0.522151 0 0.5 -0.0044301 -0.0202011 0 -0.0202011 -0.0202011 
4.706 -2.6600 1 0.6287 1  2255 2525 2883 2904 2406 1726 1462 1285  1 1 1 0 0 0 0 5 5 0.5 0.628673 0.557331 0 0.5 -0.0114663 -0.0221351 0 -0.0221351 -0.0221351 
4.708 -2.6600 1 0.6500 1  2248 2500 2890 2802 2397 1748 1450 1187  1 1 1 0 0 0 0 5 5 0.5 0.650029 0.61687 0 0.5 -0.0233741 -0.0262698 0 -0.0262698 -0.0262698 
4.710 -2.6600 1 0.6944 1  2256 2663 2895 2878 2402 1843 1450 1309  1 1 1 0 0 0 0 5 5 0.5 0.694382 0.73663 0 0.5 -0.047326 -0.0345518 0 -0.0345518 -0.0345518 
4.712 -2.6600 1 0.5997 1  2249 2627 2894 2937 2403 1700 1451 1348  1 1 1 0 0 0 0 5 5 0.5 0.599741 0.48182 0 0.5 0.0036361 -0.0173182 0 -0.0173182 -0.0173182 
4.714 -2.6600 1 0.6151 1  2251 2543 2893 2946 2402 1749 1450 1252  1 1 1 0 0 0 0 5 5 0.5 0.615105 0.537304 0 0.5 -0.00746081 -0.0208356 0 -0.0208356 -0.0208356 
4.716 -2.6600 1 0.6286 1  2250 2635 2895 2801 2407 1767 1447 1253  1 1 1 0 0 0 0 5 5 0.5 0.628606 0.577591 0 0.5 -0.0155181 -0.0235631 0 -0.0235631 -0.0235631 
4.718 -2.6600 1 0.5846 1  2253 2695 2892 2885 2401 1663 1437 1356  1 1 1 0 0 0 0 5 5 0.5 0.584623 0.47494 0 0.5 0.00501196 -0.0162317 0 -0.0162317 -0.0162317 
4.720 -2.6600 1 0.6168 1  2264 2533 2903 2845 2411 1728 1442 1349  1 1 1 0 0 0 0 5 5 0.5 0.616779 0.583516 0 0.5 -0.0167032 -0.0230963 0 -0.0230963 -0.0230963 
4.722 -2.6600 1 0.7002 1  2249 2530 2905 3014 2404 1816 1430 1145  1 1 1 0 0 0 0 5 5 0.5 0.700229 0.786757 0 0.5 -0.0573514 -0.0375262 0 -0.0375262 -0.0375262 
4.724 -2.6600 1 0.5895 1  2253 2815 2900 2962 2405 1562 1437 1141  1 1 1 0 0 0 0 5 5 0.5 0.589463 0.475684 0 0.5 0.00486319 -0.0167282 0 -0.0167282 -0.0167282 
4.726 -2.6600 1 0.6976 1  2244 2651 2899 2970 2403 1767 1433 1309  1 1 1 0 0 0 0 5 5 0.5 0.697561 0.754361 0 0.5 -0.0508721 -0.036105 0 -0.036105 -0.036105 
4.728 -2.6600 1 0.6477 1  2259 2695 2905 3000 2403 1748 1428 1277  1 1 1 0 0 0 0 5 5 0.5 0.647688 0.602106 0 0.5 -0.0204211 -0.026301 0 -0.026301 -0.026301 
4.730 -2.6600 1 0.6241 1  2244 2559 2900 2934 2402 1717 1418 1285  1 1 1 0 0 0 0 5 5 0.5 0.624121 0.558464 0 0.5 -0.0116928 -0.0229202 0 -0.0229202 -0.0229202 
4.732 -2.6600 1 0.6794 1  2262 2762 2904 3158 2401 1768 1417 1114  1 1 1 0 0 0 0 5 5 0.5 0.679413 0.686378 0 0.5 -0.0372757 -0.0322624 0 -0.0322624 -0.0322624 
4.734 -2.6600 1 0.6167 1  2252 2592 2905 2870 2398 1692 1418 1377  1 1 1 0 0 0 0 5 5 0.5 0.616663 0.511535 0 0.5 -0.00230706 -0.020617 0 -0.020617 -0.020617 
4.736 -2.6600 1 0.6112 1  2250 2821 2903 3081 2395 1613 1409 1082  1 1 1 0 0 0 0 5 5 0.5 0.611226 0.510445 0 0.5 -0.0020889 -0.0202939 0 -0.0202939 -0.0202939 
4.738 -2.6600 1 0.6782 1  2253 2652 2908 2807 2397 1795 1410 1271  1 1 1 0 0 0 0 5 5 0.5 0.678225 0.706259 0 0.5 -0.0412518 -0.0333169 0 -0.0333169 -0.0333169 
4.740 -2.6600 1 0.7241 1  2250 2645 2900 2907 2395 1868 1406 1248  1 1 1 0 1 0 1 5 5 0.5 0.724109 0.83733 0 0.5 -0.067466 -0.0421249 0 -0.0421249 -0.0421249 
4.742 -2.6600 1 0.6276 1  2251 2639 2905 2817 2398 1734 1407 1249  1 1 1 0 0 0 0 5 5 0.5 0.627561 0.53708 0 0.5 -0.00741591 -0.0227864 0 -0.0227864 -0.0227864 
4.744 -2.6600 1 0.5659 1  2245 2741 2902 2921 2396 1584 1402 1270  1 1 1 0 0 0 0 5 5 0.5 0.565934 0.398236 0 0.5 0.0203528 -0.0127165 0 -0.0127165 -0.0127165 
4.746 -2.6600 1 0.7486 1  2249 2673 2898 2987 2392 1854 1404 1112  1 1 1 0 1 0 2 5 5 0.5 0.748571 0.914348 0 0.5 -0.0828695 -0.0472993 0 -0.0472993 -0.0472993 
4.748 -2.6600 1 0.6256 1  2246 2820 2894 2964 2395 1673 1401 1159  1 1 1 0 0 0 0 5 5 0.5 0.625636 0.563668 0 0.5 -0.0127337 -0.0239644 0 -0.0239644 -0.0239644 
4.750 -2.6600 1 0.5941 1  2241 2777 2890 2782 2388 1659 1401 1227  1 1 1 0 0 0 0 5 5 0.5 0.594119 0.492474 0 0.5 0.00150514 -0.0188017 0 -0.0188017 -0.0188017 
4.752 -2.6600 1 0.6546 1  2244 2443 2899 2892 2392 1698 1405 1211  1 1 1 0 0 0 0 5 5 0.5 0.654629 0.663198 0 0.5 -0.0326396 -0.0302515 0 -0.0302515 -0.0302515 
4.754 -2.6600 1 0.5746 1  2239 2715 2891 2871 2391 1550 1398 1326  1 1 1 0 0 0 0 5 5 0.5 0.574589 0.39015 0 0.5 0.0219699 -0.013171 0 -0.013171 -0.013171 
4.756 -2.6600 1 0.6718 1  2239 2579 2894 2844 2390 1767 1397 1166  1 1 1 0 1 0 1 5 5 0.5 0.671764 0.698279 0 0.5 -0.0396558 -0.0330417 0 -0.0330417 -0.0330417 
4.758 -2.6600 1 0.7106 1  2234 2717 2892 3014 2390 1799 1405 1129  1 1 1 0 1 0 1 5 5 0.5 0.710648 0.80197 0 0.5 -0.060394 -0.0401741 0 -0.0401741 -0.0401741 
4.760 -2.6600 1 0.9607 1  2234 2539 2887 2802 2393 1997 1395 1229  1 1 1 0 1 0 1 5 5 0.5 0.960698 1.49737 0 0.5 -0.199474 -0.0870408 0 -0.0870408 -0.0870408 
4.762 -2.6600 1 0.6615 1  2241 2612 2886 2891 2392 1759 1402 1207  1 1 1 0 0 0 0 5 5 0.5 0.661513 0.625459 0 0.5 -0.0250918 -0.029429 0 -0.029429 -0.029429 
4.764 -2.6600 1 0.6001 1  2231 2564 2889 2880 2393 1604 1392 1227  1 1 1 0 0 0 0 5 5 0.5 0.600133 0.472271 0 0.5 0.00554588 -0.0187709 0 -0.0187709 -0.0187709 
4.766 -2.6600 1 0.6804 1  2243 2585 2894 2920 2400 1743 1395 1154  1 1 1 0 0 0 0 5 5 0.5 0.680449 0.697128 0 0.5 -0.0394255 -0.0339341 0 -0.0339341 -0.0339341 
4.768 -2.6600 1 0.6501 1  2226 2603 2888 2869 2395 1715 1391 1258  1 1 1 0 0 0 0 5 5 0.5 0.650069 0.594795 0 0.5 -0.018959 -0.0275658 0 -0.0275658 -0.0275658 
4.770 -2.6600 1 0.6708 1  2233 2685 2883 2793 2392 1764 1393 1212  1 1 1 0 0 0 0 5 5 0.5 0.670822 0.663189 0 0.5 -0.0326378 -0.0319886 0 -0.0319886 -0.0319886 
4.772 -2.6600 1 0.6769 1  2231 2715 2894 2944 2394 1735 1392 1232  1 1 1 0 0 0 0 5 5 0.5 0.676876 0.669629 0 0.5 -0.0339257 -0.032759 0 -0.032759 -0.032759 
4.774 -2.6600 1 0.6665 1  2235 2814 2890 2909 2400 1745 1397 1247  1 1 1 0 0 0 0 5 5 0.5 0.666486 0.630921 0 0.5 -0.0261842 -0.0304892 0 -0.0304892 -0.0304892 
4.776 -2.6600 1 0.6240 1  2248 2753 2892 2830 2395 1698 1391 1365  1 1 1 0 0 0 0 5 5 0.5 0.623997 0.531905 0 0.5 -0.00638092 -0.0234345 0 -0.0234345 -0.0234345 
4.778 -2.6600 1 0.7748 1  2212 2742 2873 2903 2400 1881 1397 1234  1 1 1 0 1 0 2 5 5 0.5 0.77475 0.947215 0 0.5 -0.0894431 -0.0515557 0 -0.0515557 -0.0515557 
4.780 -2.6600 1 0.6287 1  2241 2411 2895 2926 2400 1682 1393 1209  1 1 1 0 0 0 0 5 5 0.5 0.628729 0.529614 0 0.5 -0.00592289 -0.0238154 0 -0.0238154 -0.0238154 
4.782 -2.6600 1 0.5953 1  2244 2603 2898 2968 2404 1606 1391 1305  1 1 1 0 0 0 0 5 5 0.5 0.595255 0.474689 0 0.5 0.00506229 -0.0192278 0 -0.0192278 -0.0192278 
4.784 -2.6600 1 0.7332 1  2258 2374 2903 2916 2407 1856 1397 1281  1 1 1 0 1 0 1 5 5 0.5 0.733248 0.874668 0 0.5 -0.0749336 -0.0457589 0 -0.0457589 -0.0457589 
4.786 -2.6600 1 0.7270 1  2253 2570 2904 2608 2400 1847 1395 1253  1 1 1 0 1 0 1 5 5 0.5 0.727027 0.856042 0 0.5 -0.0712085 -0.044544 0 -0.044544 -0.044544 
4.788 -2.6600 1 0.7550 1  2269 2525 2912 2916 2402 1857 1395 1173  1 1 1 0 1 0 1 5 5 0.5 0.754957 0.933146 0 0.5 -0.0866292 -0.0497561 0 -0.0497561 -0.0497561 
4.790 -2.6600 1 0.7596 1  2258 2622 2924 2827 2405 1876 1396 1312  1 1 1 0 1 0 1 5 5 0.5 0.759633 0.923917 0 0.5 -0.0847834 -0.0497101 0 -0.0497101 -0.0497101 
4.792 -2.6600 1 0.6952 1  2256 2720 2899 2907 2396 1787 1399 1183  1 1 1 0 0 0 0 5 5 0.5 0.695199 0.733722 0 0.5 -0.0467444 -0.0372298 0 -0.0372298 -0.0372298 
4.794 -2.6600 1 0.6425 1  2250 2576 2910 2874 2398 1721 1394 1235  1 1 1 0 0 0 0 5 5 0.5 0.642515 0.596381 0 0.5 -0.0192762 -0.027803 0 -0.027803 -0.027803 
4.796 -2.6600 1 0.7863 1  2259 2672 2908 2893 2426 1852 1378 1111  1 1 1 0 1 0 1 5 5 0.5 0.786341 1.01294 0 0.5 -0.102588 -0.0554576 0 -0.0554576 -0.0554576 
4.798 -2.6600 1 0.6087 1  2249 2765 2908 3000 2399 1577 1400 1109  1 1 1 0 0 0 0 5 5 0.5 0.608731 0.500659 0 0.5 -0.000131822 -0.0214554 0 -0.0214554 -0.0214554 
4.800 -2.6600 1 0.8799 1  2236 2646 2928 2954 2411 1926 1411 1124  1 1 1 0 1 0 1 5 5 0.5 0.879918 1.26262 0 0.5 -0.152524 -0.0725846 0 -0.0725846 -0.0725846 
4.802 -2.6600 1 0.6576 1  2261 2786 2904 3021 2372 1701 1415 1162  1 1 1 0 0 0 0 5 5 0.5 0.657563 0.607284 0 0.5 -0.0214568 -0.02945 0 -0.02945 -0.02945 
4.804 -2.6600 1 0.7661 1  2263 2647 2907 2823 2392 1838 1402 1220  1 1 1 0 1 0 1 5 5 0.5 0.766098 0.912979 0 0.5 -0.0825957 -0.0500091 0 -0.0500091 -0.0500091 
4.806 -2.6600 1 0.7013 1  2261 2729 2917 2891 2401 1828 1420 1232  1 1 1 0 0 0 0 5 5 0.5 0.70127 0.707797 0 0.5 -0.0415595 -0.0369082 0 -0.0369082 -0.0369082 
