%% logfile from robot Ella (8)
% Ella (8)
%  1    time 2.004 sec
%  2  3 Motor velocity ref left, right: -0.0316 -0.4456
%  4  5  6  7 Pose x,y,h,tilt [m,m,rad,rad]: -0.0229209 -1.30068e-05 0.00261729 -0.00246545
%  8 17 ctrl bal vel, ref=0.4, m=-0.00873019, m2=-0.00330637, uf=0, r2=0.4, ep=0.0403306,up=0.0403306, ui=0.00499438, u1=0.045325, u=0.045325
2.014 -0.0715 -0.2049 -0.0237 -0.0000 -0.007852 -0.001743 0.4 -0.00873019 -0.00673654 0 0.4 0.0406737 0.0406737 0.00634538 0.047019 0.047019 
2.024 -0.0193 -0.1323 -0.0245 -0.0000 -0.007852 0.005322 0.4 -0.0585909 -0.0261056 0 0.4 0.0426106 0.0426106 0.00772272 0.0503333 0.0503333 
2.034 -0.0127 -0.1365 -0.0249 -0.0000 -0.013086 0.015187 0.4 -0.0401284 -0.0405827 0 0.4 0.0440583 0.0440583 0.00917967 0.0532379 0.0532379 
2.044 0.0025 -0.1067 -0.0256 0.0000 -0.020938 0.024376 0.4 -0.0201735 -0.0293633 0 0.4 0.0429363 0.0429363 0.0106302 0.0535665 0.0535665 
2.054 -0.0126 -0.1264 -0.0262 0.0000 -0.028790 0.030083 0.4 -0.0134739 -0.0200249 0 0.4 0.0420025 0.0420025 0.0120448 0.0540473 0.0540473 
2.064 -0.0138 -0.1165 -0.0270 0.0001 -0.034025 0.034464 0.4 -0.0104692 -0.0142356 0 0.4 0.0414236 0.0414236 0.0134343 0.0548579 0.0548579 
2.074 -0.0219 -0.1019 -0.0274 0.0001 -0.039259 0.038789 0.4 -0.0104692 -0.0118536 0 0.4 0.0411854 0.0411854 0.0148105 0.0559958 0.0559958 
2.084 -0.0189 -0.0985 -0.0282 0.0001 -0.044494 0.042995 0.4 -0.0308845 -0.024409 0 0.4 0.0424409 0.0424409 0.0162083 0.0586492 0.0586492 
2.094 -0.0174 -0.0843 -0.0286 0.0001 -0.049729 0.047222 0.4 -0.0222706 -0.0251502 0 0.4 0.042515 0.042515 0.0176283 0.0601433 0.0601433 
2.104 -0.0136 -0.0578 -0.0292 0.0001 -0.052346 0.051954 0.4 -0.0190256 -0.0211977 0 0.4 0.0421198 0.0421198 0.0190377 0.0611574 0.0611574 
2.114 -0.0159 -0.0680 -0.0296 0.0002 -0.057580 0.055715 0.4 -0.0190256 -0.019824 0 0.4 0.0419824 0.0419824 0.020439 0.0624214 0.0624214 
2.124 -0.0102 -0.0548 -0.0300 0.0002 -0.062815 0.058781 0.4 -0.0150863 -0.017743 0 0.4 0.0417743 0.0417743 0.0218361 0.0636104 0.0636104 
2.134 -0.0036 -0.0389 -0.0302 0.0002 -0.065432 0.061974 0.4 -0.0109964 -0.0139379 0 0.4 0.0413938 0.0413938 0.0232221 0.0646159 0.0646159 
2.144 0.0098 -0.0295 -0.0302 0.0002 -0.065432 0.065354 0.4 -0.00865159 -0.0108736 0 0.4 0.0410874 0.0410874 0.0245966 0.0656839 0.0656839 
2.154 -0.0010 -0.0244 -0.0304 0.0002 -0.068050 0.068181 0.4 -0.00713089 -0.00869309 0 0.4 0.0408693 0.0408693 0.0259623 0.0668316 0.0668316 
2.164 0.0068 -0.0161 -0.0304 0.0002 -0.068050 0.070437 0.4 -0.00606475 -0.00716435 0 0.4 0.0407164 0.0407164 0.0273219 0.0680383 0.0680383 
2.174 0.0062 -0.0126 -0.0304 0.0002 -0.068050 0.072477 0.4 -0.00527623 -0.00607037 0 0.4 0.040607 0.040607 0.0286772 0.0692843 0.0692843 
2.184 0.0215 -0.0118 -0.0304 0.0002 -0.068050 0.074188 0.4 -0.00466892 -0.00526198 0 0.4 0.0405262 0.0405262 0.0300294 0.0705556 0.0705556 
2.194 0.0311 0.0116 -0.0302 0.0002 -0.070667 0.076605 0.4 0.00430573 -0.00143966 0 0.4 0.040144 0.040144 0.0313771 0.071521 0.071521 
2.204 0.0499 0.0297 -0.0300 0.0002 -0.073284 0.079629 0.4 0.0339541 0.00925302 0 0.4 0.0390747 0.0390747 0.032707 0.0717817 0.0717817 
2.214 0.0571 0.0155 -0.0300 0.0002 -0.073284 0.081648 0.4 0.0339541 0.0248747 0 0.4 0.0375125 0.0375125 0.0339792 0.0714917 0.0714917 
2.224 0.0683 0.0192 -0.0298 0.0002 -0.070667 0.082312 0.4 0.0195884 0.0233199 0 0.4 0.037668 0.037668 0.0352286 0.0728966 0.0728966 
2.234 0.0720 0.0365 -0.0294 0.0002 -0.070667 0.084551 0.4 0.0280788 0.0250364 0 0.4 0.0374964 0.0374964 0.0364846 0.073981 0.073981 
2.244 0.0567 0.0429 -0.0292 0.0001 -0.073284 0.084535 0.4 0.0374115 0.0331003 0 0.4 0.03669 0.03669 0.0377186 0.0744085 0.0744085 
2.254 0.0755 0.0753 -0.0288 0.0001 -0.073284 0.086549 0.4 0.0274263 0.0302137 0 0.4 0.0369786 0.0369786 0.0389445 0.0759231 0.0759231 
2.264 0.0909 0.0509 -0.0286 0.0001 -0.075902 0.088174 0.4 0.0433663 0.0362527 0 0.4 0.0363747 0.0363747 0.040172 0.0765467 0.0765467 
2.274 0.1038 0.0642 -0.0282 0.0001 -0.075902 0.088967 0.4 0.042604 0.0403414 0 0.4 0.0359659 0.0359659 0.0413763 0.0773422 0.0773422 
2.284 0.0848 0.1070 -0.0276 0.0000 -0.078519 0.090899 0.4 0.0629434 0.0491314 0 0.4 0.0350869 0.0350869 0.0425654 0.0776522 0.0776522 
2.294 0.1044 0.0884 -0.0270 -0.0000 -0.075902 0.091288 0.4 0.078467 0.0646197 0 0.4 0.033538 0.033538 0.0437121 0.0772502 0.0772502 
2.304 0.0907 0.1124 -0.0262 -0.0001 -0.075902 0.091858 0.4 0.0810517 0.0737488 0 0.4 0.0326251 0.0326251 0.0448148 0.0774399 0.0774399 
2.314 0.0918 0.1101 -0.0256 -0.0001 -0.073284 0.091270 0.4 0.0854432 0.0794437 0 0.4 0.0320556 0.0320556 0.0458936 0.0779492 0.0779492 
2.324 0.1104 0.1148 -0.0248 -0.0002 -0.073284 0.091535 0.4 0.0844245 0.0795707 0 0.4 0.0320429 0.0320429 0.0469649 0.0790078 0.0790078 
2.334 0.1120 0.1176 -0.0239 -0.0003 -0.073284 0.091854 0.4 0.0801767 0.0825626 0 0.4 0.0317437 0.0317437 0.0480262 0.07977 0.07977 
2.344 0.1051 0.1445 -0.0231 -0.0003 -0.073284 0.092270 0.4 0.108631 0.0937558 0 0.4 0.0306244 0.0306244 0.049074 0.0796984 0.0796984 
2.354 0.1178 0.1185 -0.0223 -0.0004 -0.073284 0.091905 0.4 0.106932 0.0975615 0 0.4 0.0302439 0.0302439 0.0500914 0.0803353 0.0803353 
2.364 0.1511 0.1204 -0.0213 -0.0004 -0.070667 0.092465 0.4 0.115646 0.105109 0 0.4 0.0294891 0.0294891 0.0510896 0.0805787 0.0805787 
2.374 0.1337 0.1279 -0.0205 -0.0005 -0.070667 0.092572 0.4 0.102869 0.105189 0 0.4 0.0294811 0.0294811 0.0520684 0.0815495 0.0815495 
2.384 0.1441 0.1504 -0.0193 -0.0006 -0.070667 0.093487 0.4 0.124196 0.11537 0 0.4 0.028463 0.028463 0.0530332 0.0814962 0.0814962 
2.394 0.1367 0.1380 -0.0183 -0.0007 -0.068050 0.092479 0.4 0.100748 0.108706 0 0.4 0.0291294 0.0291294 0.0539909 0.0831203 0.0831203 
2.404 0.1327 0.1601 -0.0171 -0.0007 -0.068050 0.093270 0.4 0.126788 0.119248 0 0.4 0.0280752 0.0280752 0.0549451 0.0830203 0.0830203 
2.414 0.1663 0.1403 -0.0161 -0.0008 -0.065432 0.093641 0.4 0.13448 0.130724 0 0.4 0.0269276 0.0269276 0.0558601 0.0827877 0.0827877 
2.424 0.1529 0.1576 -0.0148 -0.0009 -0.065432 0.093987 0.4 0.134571 0.131396 0 0.4 0.0268604 0.0268604 0.056758 0.0836185 0.0836185 
2.434 0.1576 0.1652 -0.0134 -0.0010 -0.062815 0.093924 0.4 0.149594 0.145399 0 0.4 0.0254601 0.0254601 0.0576179 0.083078 0.083078 
2.444 0.1437 0.2194 -0.0120 -0.0011 -0.060198 0.095072 0.4 0.171348 0.157468 0 0.4 0.0242532 0.0242532 0.0584556 0.0827088 0.0827088 
2.454 0.1387 0.1734 -0.0106 -0.0012 -0.057580 0.093756 0.4 0.161951 0.15798 0 0.4 0.024202 0.024202 0.0592641 0.0834661 0.0834661 
2.464 0.2007 0.1617 -0.0092 -0.0012 -0.054963 0.094246 0.4 0.17757 0.166582 0 0.4 0.0233418 0.0233418 0.0600596 0.0834014 0.0834014 
2.474 0.1063 0.2353 -0.0078 -0.0013 -0.052346 0.093770 0.4 0.15944 0.164517 0 0.4 0.0235483 0.0235483 0.0608314 0.0843798 0.0843798 
2.484 0.1902 0.1893 -0.0061 -0.0014 -0.047111 0.093448 0.4 0.193577 0.18123 0 0.4 0.021877 0.021877 0.0615931 0.08347 0.08347 
2.494 0.1982 0.1747 -0.0045 -0.0015 -0.047111 0.094229 0.4 0.166538 0.173297 0 0.4 0.0226703 0.0226703 0.0623319 0.0850022 0.0850022 
2.504 0.1731 0.2256 -0.0027 -0.0016 -0.044494 0.094912 0.4 0.204876 0.192577 0 0.4 0.0207423 0.0207423 0.0630561 0.0837984 0.0837984 
2.514 0.2001 0.1840 -0.0013 -0.0016 -0.041877 0.094384 0.4 0.177924 0.181262 0 0.4 0.0218738 0.0218738 0.0637708 0.0856445 0.0856445 
2.524 0.1968 0.2115 0.0006 -0.0017 -0.039259 0.094313 0.4 0.210347 0.201461 0 0.4 0.0198539 0.0198539 0.0644668 0.0843207 0.0843207 
2.534 0.1475 0.2587 0.0022 -0.0018 -0.034025 0.094106 0.4 0.200126 0.196982 0 0.4 0.0203018 0.0203018 0.0651374 0.0854391 0.0854391 
2.544 0.1629 0.2444 0.0040 -0.0018 -0.031408 0.094345 0.4 0.180845 0.19825 0 0.4 0.020175 0.020175 0.0657918 0.0859668 0.0859668 
2.554 0.1893 0.2622 0.0062 -0.0019 -0.028790 0.094985 0.4 0.22975 0.211491 0 0.4 0.0188509 0.0188509 0.0664483 0.0852992 0.0852992 
2.564 0.1904 0.2559 0.0081 -0.0019 -0.026173 0.095790 0.4 0.219292 0.213278 0 0.4 0.0186722 0.0186722 0.0670683 0.0857404 0.0857404 
2.574 0.1771 0.2968 0.0101 -0.0020 -0.020938 0.095864 0.4 0.235086 0.231813 0 0.4 0.0168187 0.0168187 0.0676459 0.0844646 0.0844646 
2.584 0.1649 0.2956 0.0121 -0.0020 -0.015704 0.095333 0.4 0.268715 0.24065 0 0.4 0.015935 0.015935 0.0682118 0.0841468 0.0841468 
2.594 0.2153 0.2596 0.0139 -0.0020 -0.013086 0.095568 0.4 0.225744 0.232423 0 0.4 0.0167577 0.0167577 0.0687523 0.08551 0.08551 
2.604 0.1957 0.3073 0.0162 -0.0021 -0.010469 0.096208 0.4 0.238111 0.238824 0 0.4 0.0161176 0.0161176 0.0692993 0.0854168 0.0854168 
2.614 0.2230 0.2862 0.0186 -0.0021 -0.005235 0.096207 0.4 0.249388 0.252195 0 0.4 0.0147805 0.0147805 0.0697957 0.0845762 0.0845762 
2.624 0.2005 0.2939 0.0208 -0.0021 -0.002617 0.095957 0.4 0.254525 0.247235 0 0.4 0.0152765 0.0152765 0.0703063 0.0855827 0.0855827 
2.634 0.2055 0.3267 0.0231 -0.0021 -0.000000 0.095726 0.4 0.264001 0.257857 0 0.4 0.0142143 0.0142143 0.0707955 0.0850098 0.0850098 
2.644 0.2311 0.3088 0.0255 -0.0021 0.005235 0.095961 0.4 0.284555 0.266281 0 0.4 0.0133719 0.0133719 0.071267 0.0846389 0.0846389 
2.654 0.2569 0.2697 0.0279 -0.0021 0.005235 0.095959 0.4 0.250285 0.254274 0 0.4 0.0145726 0.0145726 0.0717376 0.0863102 0.0863102 
2.664 0.2528 0.2862 0.0304 -0.0021 0.010469 0.095502 0.4 0.278046 0.269846 0 0.4 0.0130154 0.0130154 0.0721898 0.0852052 0.0852052 
2.674 0.2380 0.3322 0.0328 -0.0020 0.010469 0.095758 0.4 0.278356 0.272092 0 0.4 0.0127908 0.0127908 0.0726182 0.085409 0.085409 
2.684 0.2050 0.3621 0.0354 -0.0020 0.013086 0.095425 0.4 0.280627 0.277923 0 0.4 0.0122077 0.0122077 0.0730449 0.0852526 0.0852526 
2.694 0.2842 0.2843 0.0379 -0.0020 0.018321 0.095400 0.4 0.307004 0.286175 0 0.4 0.0113825 0.0113825 0.0734507 0.0848332 0.0848332 
2.704 0.2780 0.2999 0.0407 -0.0019 0.018321 0.095332 0.4 0.296867 0.286835 0 0.4 0.0113165 0.0113165 0.0738283 0.0851448 0.0851448 
2.714 0.2710 0.3285 0.0433 -0.0019 0.020938 0.095461 0.4 0.301893 0.294966 0 0.4 0.0105035 0.0105035 0.0741914 0.0846948 0.0846948 
2.724 0.3369 0.2814 0.0462 -0.0018 0.026173 0.095467 0.4 0.29628 0.300202 0 0.4 0.00997975 0.00997975 0.0745238 0.0845035 0.0845035 
2.734 0.2846 0.3316 0.0490 -0.0017 0.026173 0.095124 0.4 0.29049 0.297232 0 0.4 0.0102768 0.0102768 0.07487 0.0851468 0.0851468 
2.744 0.2935 0.3437 0.0519 -0.0016 0.026173 0.096015 0.4 0.309739 0.302159 0 0.4 0.00978406 0.00978406 0.075206 0.08499 0.08499 
2.754 0.3289 0.3085 0.0549 -0.0016 0.028790 0.095405 0.4 0.311423 0.310012 0 0.4 0.00899881 0.00899881 0.0755157 0.0845146 0.0845146 
2.764 0.3396 0.3104 0.0579 -0.0015 0.026173 0.095413 0.4 0.296975 0.307072 0 0.4 0.00929282 0.00929282 0.0758255 0.0851183 0.0851183 
2.774 0.3358 0.3316 0.0610 -0.0014 0.028790 0.095754 0.4 0.317134 0.317235 0 0.4 0.00827654 0.00827654 0.0761076 0.0843841 0.0843841 
2.784 0.3394 0.3268 0.0642 -0.0013 0.028790 0.094912 0.4 0.342648 0.324044 0 0.4 0.00759564 0.00759564 0.07638 0.0839757 0.0839757 
2.794 0.3782 0.3279 0.0675 -0.0012 0.028790 0.095505 0.4 0.340932 0.336696 0 0.4 0.00633041 0.00633041 0.0766023 0.0829327 0.0829327 
2.804 0.3459 0.3421 0.0707 -0.0011 0.028790 0.095233 0.4 0.346896 0.335637 0 0.4 0.00643628 0.00643628 0.0768181 0.0832544 0.0832544 
2.814 0.3549 0.3906 0.0740 -0.0010 0.023556 0.095300 0.4 0.401085 0.361985 0 0.4 0.0038015 0.0038015 0.0770022 0.0808037 0.0808037 
2.824 0.3809 0.3299 0.0772 -0.0010 0.023556 0.094798 0.4 0.323657 0.344077 0 0.4 0.00559233 0.00559233 0.0771593 0.0827516 0.0827516 
2.834 0.3765 0.3634 0.0809 -0.0009 0.023556 0.094392 0.4 0.358326 0.362125 0 0.4 0.00378749 0.00378749 0.0773089 0.0810964 0.0810964 
2.844 0.3993 0.3474 0.0843 -0.0008 0.020938 0.094813 0.4 0.337154 0.358496 0 0.4 0.00415035 0.00415035 0.0774247 0.081575 0.081575 
2.854 0.4072 0.3369 0.0880 -0.0007 0.020938 0.093654 0.4 0.378949 0.36883 0 0.4 0.00311695 0.00311695 0.0775398 0.0806568 0.0806568 
2.864 0.3706 0.4197 0.0916 -0.0007 0.015704 0.094220 0.4 0.422823 0.395726 0 0.4 0.000427443 0.000427443 0.0775998 0.0780273 0.0780273 
2.874 0.4418 0.3335 0.0955 -0.0006 0.013086 0.092645 0.4 0.428461 0.397126 0 0.4 0.000287387 0.000287387 0.0776382 0.0779256 0.0779256 
2.884 0.4226 0.3811 0.0993 -0.0005 0.010469 0.092691 0.4 0.4176 0.407331 0 0.4 -0.000733122 -0.000733122 0.0776318 0.0768987 0.0768987 
2.894 0.3867 0.4067 0.1030 -0.0005 0.010469 0.091649 0.4 0.390578 0.397591 0 0.4 0.000240919 0.000240919 0.0776386 0.0778795 0.0778795 
2.904 0.4341 0.3890 0.1070 -0.0005 0.005235 0.091721 0.4 0.422915 0.414917 0 0.4 -0.00149172 -0.00149172 0.0776006 0.0761089 0.0761089 
2.914 0.4333 0.3978 0.1111 -0.0005 0.005235 0.090247 0.4 0.458418 0.424341 0 0.4 -0.00243407 -0.00243407 0.0775619 0.0751278 0.0751278 
2.924 0.4923 0.3709 0.1151 -0.0004 -0.000000 0.090637 0.4 0.437451 0.429488 0 0.4 -0.00294885 -0.00294885 0.0774644 0.0745156 0.0745156 
2.934 0.4706 0.4142 0.1192 -0.0005 -0.005235 0.089405 0.4 0.497183 0.45364 0 0.4 -0.00536402 -0.00536402 0.0773491 0.071985 0.071985 
2.944 0.4990 0.3901 0.1235 -0.0005 -0.007852 0.088506 0.4 0.482188 0.457196 0 0.4 -0.00571962 -0.00571962 0.0771823 0.0714627 0.0714627 
2.954 0.5090 0.4130 0.1279 -0.0005 -0.013086 0.087941 0.4 0.452685 0.467339 0 0.4 -0.00673385 -0.00673385 0.0769683 0.0702344 0.0702344 
2.964 0.5090 0.3953 0.1322 -0.0006 -0.015704 0.086423 0.4 0.49971 0.472839 0 0.4 -0.00728387 -0.00728387 0.0767406 0.0694568 0.0694568 
2.974 0.5343 0.4130 0.1366 -0.0007 -0.026173 0.086250 0.4 0.480664 0.485024 0 0.4 -0.00850241 -0.00850241 0.0764663 0.0679639 0.0679639 
2.984 0.5083 0.4424 0.1411 -0.0008 -0.031408 0.084362 0.4 0.542808 0.504659 0 0.4 -0.0104659 -0.0104659 0.0761723 0.0657064 0.0657064 
2.994 0.5307 0.4002 0.1458 -0.0010 -0.034025 0.083085 0.4 0.472179 0.48888 0 0.4 -0.00888797 -0.00888797 0.0758519 0.0669639 0.0669639 
3.004 0.5409 0.4179 0.1504 -0.0011 -0.041877 0.082441 0.4 0.526118 0.513629 0 0.4 -0.0113629 -0.0113629 0.0754794 0.0641164 0.0641164 
3.014 0.5150 0.4366 0.1551 -0.0014 -0.049729 0.080487 0.4 0.503932 0.511644 0 0.4 -0.0111644 -0.0111644 0.0751045 0.0639401 0.0639401 
3.024 0.5166 0.4516 0.1597 -0.0016 -0.052346 0.079590 0.4 0.460892 0.505354 0 0.4 -0.0105354 -0.0105354 0.0747065 0.0641711 0.0641711 
3.034 0.5275 0.4734 0.1646 -0.0019 -0.057580 0.078893 0.4 0.550667 0.522375 0 0.4 -0.0122375 -0.0122375 0.0743261 0.0620886 0.0620886 
3.044 0.5334 0.4551 0.1695 -0.0022 -0.062815 0.077468 0.4 0.495035 0.512929 0 0.4 -0.0112929 -0.0112929 0.0739332 0.0626402 0.0626402 
3.054 0.4883 0.4902 0.1743 -0.0025 -0.068050 0.076187 0.4 0.534846 0.519576 0 0.4 -0.0119576 -0.0119576 0.0735421 0.0615845 0.0615845 
3.064 0.5447 0.4465 0.1790 -0.0028 -0.070667 0.074601 0.4 0.494362 0.513554 0 0.4 -0.0113554 -0.0113554 0.0731543 0.0617989 0.0617989 
3.074 0.5223 0.4632 0.1840 -0.0032 -0.073284 0.072847 0.4 0.482642 0.515179 0 0.4 -0.0115179 -0.0115179 0.0727515 0.0612336 0.0612336 
3.084 0.5229 0.4954 0.1891 -0.0036 -0.081136 0.072314 0.4 0.542324 0.531205 0 0.4 -0.0131205 -0.0131205 0.0723291 0.0592086 0.0592086 
3.094 0.5472 0.4879 0.1941 -0.0040 -0.083753 0.071553 0.4 0.556203 0.537004 0 0.4 -0.0137004 -0.0137004 0.0718923 0.0581918 0.0581918 
3.104 0.5022 0.5193 0.1990 -0.0044 -0.083753 0.070273 0.4 0.549145 0.529966 0 0.4 -0.0129966 -0.0129966 0.0714739 0.0584773 0.0584773 
3.114 0.4918 0.5667 0.2040 -0.0048 -0.086371 0.070727 0.4 0.516873 0.527382 0 0.4 -0.0127382 -0.0127382 0.0710438 0.0583056 0.0583056 
3.124 0.5382 0.5357 0.2093 -0.0053 -0.086371 0.070973 0.4 0.543444 0.532698 0 0.4 -0.0132698 -0.0132698 0.0706135 0.0573437 0.0573437 
3.134 0.5226 0.5450 0.2143 -0.0057 -0.088988 0.070037 0.4 0.568745 0.542168 0 0.4 -0.0142168 -0.0142168 0.0701716 0.0559548 0.0559548 
3.144 0.5212 0.5619 0.2196 -0.0062 -0.088988 0.069967 0.4 0.542876 0.539683 0 0.4 -0.0139683 -0.0139683 0.0697085 0.0557403 0.0557403 
3.154 0.5427 0.5399 0.2251 -0.0067 -0.091605 0.069203 0.4 0.548959 0.54673 0 0.4 -0.014673 -0.014673 0.0692233 0.0545503 0.0545503 
3.164 0.5436 0.5325 0.2303 -0.0072 -0.091605 0.067064 0.4 0.552103 0.551602 0 0.4 -0.0151602 -0.0151602 0.0687282 0.0535679 0.0535679 
3.174 0.5275 0.5674 0.2358 -0.0077 -0.088988 0.065946 0.4 0.562372 0.556674 0 0.4 -0.0156674 -0.0156674 0.0682123 0.0525449 0.0525449 
3.184 0.5307 0.5681 0.2410 -0.0082 -0.088988 0.064908 0.4 0.54717 0.556421 0 0.4 -0.0156421 -0.0156421 0.067691 0.0520489 0.0520489 
3.194 0.4975 0.6029 0.2465 -0.0086 -0.086371 0.062939 0.4 0.590761 0.569595 0 0.4 -0.0169595 -0.0169595 0.0671594 0.0502 0.0502 
3.204 0.4878 0.6304 0.2521 -0.0091 -0.081136 0.061562 0.4 0.611195 0.582738 0 0.4 -0.0182738 -0.0182738 0.0665947 0.0483209 0.0483209 
3.214 0.5412 0.5834 0.2576 -0.0095 -0.078519 0.060826 0.4 0.600268 0.584751 0 0.4 -0.0184751 -0.0184751 0.0659901 0.047515 0.047515 
3.224 0.5162 0.6141 0.2632 -0.0100 -0.073284 0.059551 0.4 0.598055 0.592133 0 0.4 -0.0192133 -0.0192133 0.0653704 0.0461572 0.0461572 
3.234 0.4781 0.6777 0.2689 -0.0104 -0.068050 0.058836 0.4 0.652002 0.618595 0 0.4 -0.0218595 -0.0218595 0.0646956 0.0428361 0.0428361 
3.244 0.5146 0.6490 0.2746 -0.0108 -0.062815 0.057674 0.4 0.601231 0.615969 0 0.4 -0.0215969 -0.0215969 0.0639725 0.0423755 0.0423755 
3.254 0.4976 0.6653 0.2803 -0.0111 -0.052346 0.055709 0.4 0.664823 0.635961 0 0.4 -0.0235961 -0.0235961 0.063219 0.0396229 0.0396229 
3.264 0.5369 0.6263 0.2861 -0.0114 -0.044494 0.054148 0.4 0.626453 0.644569 0 0.4 -0.0244569 -0.0244569 0.0623998 0.0379429 0.0379429 
3.274 0.5202 0.6540 0.2922 -0.0116 -0.034025 0.051936 0.4 0.690227 0.663423 0 0.4 -0.0263423 -0.0263423 0.0615585 0.0352162 0.0352162 
3.284 0.4993 0.6977 0.2979 -0.0118 -0.023556 0.050046 0.4 0.693225 0.675141 0 0.4 -0.0275141 -0.0275141 0.0606679 0.0331538 0.0331538 
3.294 0.5157 0.7133 0.3042 -0.0119 -0.010469 0.048360 0.4 0.723838 0.698513 0 0.4 -0.0298513 -0.0298513 0.0597189 0.0298676 0.0298676 
3.304 0.5417 0.6947 0.3103 -0.0119 -0.000000 0.047482 0.4 0.672167 0.690762 0 0.4 -0.0290762 -0.0290762 0.0587332 0.0296569 0.0296569 
3.314 0.6005 0.6289 0.3163 -0.0119 0.010469 0.044747 0.4 0.735873 0.708896 0 0.4 -0.0308896 -0.0308896 0.0577351 0.0268455 0.0268455 
3.324 0.5620 0.6463 0.3226 -0.0118 0.023556 0.041800 0.4 0.725064 0.70808 0 0.4 -0.030808 -0.030808 0.0567213 0.0259132 0.0259132 
3.334 0.5075 0.6972 0.3287 -0.0116 0.034025 0.039186 0.4 0.678254 0.692613 0 0.4 -0.0292613 -0.0292613 0.0557253 0.026464 0.026464 
3.344 0.5349 0.6679 0.3348 -0.0113 0.044494 0.035815 0.4 0.719505 0.704216 0 0.4 -0.0304216 -0.0304216 0.0547357 0.0243141 0.0243141 
3.354 0.5045 0.7030 0.3409 -0.0110 0.054963 0.034267 0.4 0.694659 0.694038 0 0.4 -0.0294038 -0.0294038 0.0537449 0.0243411 0.0243411 
3.364 0.5878 0.6338 0.3469 -0.0107 0.065432 0.032890 0.4 0.709439 0.696282 0 0.4 -0.0296282 -0.0296282 0.0527725 0.0231443 0.0231443 
3.374 0.5813 0.6296 0.3532 -0.0102 0.073284 0.031293 0.4 0.664506 0.678504 0 0.4 -0.0278504 -0.0278504 0.0518203 0.0239699 0.0239699 
3.384 0.5521 0.6233 0.3593 -0.0098 0.078519 0.029133 0.4 0.608179 0.660171 0 0.4 -0.0260171 -0.0260171 0.0509025 0.0248853 0.0248853 
3.394 0.6138 0.5840 0.3653 -0.0093 0.083753 0.027921 0.4 0.675607 0.664894 0 0.4 -0.0264894 -0.0264894 0.050027 0.0235376 0.0235376 
3.404 0.5930 0.5869 0.3714 -0.0087 0.088988 0.026334 0.4 0.616966 0.637422 0 0.4 -0.0237422 -0.0237422 0.0492027 0.0254605 0.0254605 
3.414 0.5852 0.5893 0.3773 -0.0082 0.091605 0.024728 0.4 0.635863 0.633334 0 0.4 -0.0233334 -0.0233334 0.0484223 0.025089 0.025089 
3.424 0.6262 0.5814 0.3835 -0.0076 0.094223 0.025293 0.4 0.661391 0.641047 0 0.4 -0.0241047 -0.0241047 0.0476462 0.0235415 0.0235415 
3.434 0.6440 0.5890 0.3896 -0.0070 0.094223 0.026944 0.4 0.603355 0.628959 0 0.4 -0.0228959 -0.0228959 0.0468603 0.0239644 0.0239644 
3.444 0.6493 0.6063 0.3958 -0.0064 0.096840 0.027449 0.4 0.665414 0.646637 0 0.4 -0.0246637 -0.0246637 0.0460685 0.0214048 0.0214048 
3.454 0.6587 0.5711 0.4019 -0.0059 0.091605 0.026555 0.4 0.68306 0.650464 0 0.4 -0.0250464 -0.0250464 0.0452773 0.0202309 0.0202309 
3.464 0.6631 0.5557 0.4080 -0.0053 0.091605 0.026246 0.4 0.632353 0.643847 0 0.4 -0.0243847 -0.0243847 0.0444663 0.0200815 0.0200815 
3.474 0.6992 0.5594 0.4144 -0.0047 0.086371 0.026445 0.4 0.70096 0.670609 0 0.4 -0.0270609 -0.0270609 0.0435978 0.0165369 0.0165369 
3.484 0.7133 0.5573 0.4205 -0.0042 0.081136 0.025378 0.4 0.694721 0.67554 0 0.4 -0.027554 -0.027554 0.0427024 0.0151485 0.0151485 
3.494 0.6998 0.5628 0.4268 -0.0037 0.073284 0.023434 0.4 0.654456 0.678589 0 0.4 -0.0278589 -0.0278589 0.0417758 0.0139169 0.0139169 
3.504 0.7018 0.5467 0.4332 -0.0033 0.068050 0.021467 0.4 0.708974 0.687429 0 0.4 -0.0287429 -0.0287429 0.0408258 0.0120829 0.0120829 
3.514 0.7123 0.5425 0.4397 -0.0029 0.057580 0.019187 0.4 0.75581 0.709427 0 0.4 -0.0309427 -0.0309427 0.0398542 0.00891149 0.00891149 
3.524 0.7167 0.5459 0.4460 -0.0025 0.049729 0.017569 0.4 0.662336 0.705527 0 0.4 -0.0305527 -0.0305527 0.0388365 0.0082838 0.0082838 
3.534 0.7136 0.5608 0.4525 -0.0023 0.039259 0.016043 0.4 0.727516 0.723977 0 0.4 -0.0323977 -0.0323977 0.0377787 0.00538101 0.00538101 
3.544 0.6999 0.5517 0.4590 -0.0020 0.028790 0.014306 0.4 0.651434 0.705867 0 0.4 -0.0305867 -0.0305867 0.036705 0.00611831 0.00611831 
3.554 0.7038 0.5437 0.4655 -0.0019 0.018321 0.012743 0.4 0.644791 0.708465 0 0.4 -0.0308465 -0.0308465 0.0356159 0.00476938 0.00476938 
3.564 0.6879 0.5636 0.4719 -0.0018 0.007852 0.011030 0.4 0.630796 0.705069 0 0.4 -0.0305069 -0.0305069 0.0345206 0.00401371 0.00401371 
3.574 0.6994 0.5613 0.4786 -0.0018 0.000000 0.008775 0.4 0.672538 0.710077 0 0.4 -0.0310077 -0.0310077 0.0334351 0.00242748 0.00242748 
3.584 0.7055 0.5832 0.4849 -0.0018 -0.007852 0.007547 0.4 0.744269 0.727043 0 0.4 -0.0327043 -0.0327043 0.0323465 -0.000357818 -0.000357818 
3.594 0.7025 0.5848 0.4916 -0.0019 -0.015704 0.006772 0.4 0.744482 0.725626 0 0.4 -0.0325626 -0.0325626 0.0312524 -0.00131016 -0.00131016 
3.604 0.6903 0.5855 0.4983 -0.0020 -0.023556 0.005579 0.4 0.731616 0.717611 0 0.4 -0.0317611 -0.0317611 0.0301897 -0.00157144 -0.00157144 
3.614 0.6125 0.6221 0.5046 -0.0022 -0.031408 0.003675 0.4 0.622648 0.678537 0 0.4 -0.0278537 -0.0278537 0.0291952 0.00134156 0.00134156 
3.624 0.5838 0.6304 0.5109 -0.0024 -0.034025 0.001640 0.4 0.608407 0.666323 0 0.4 -0.0266323 -0.0266323 0.0282471 0.00161475 0.00161475 
3.634 0.6253 0.6089 0.5174 -0.0026 -0.034025 0.001050 0.4 0.648441 0.667366 0 0.4 -0.0267366 -0.0267366 0.0273386 0.000602009 0.000602009 
3.644 0.6264 0.6462 0.5239 -0.0028 -0.034025 0.001974 0.4 0.645817 0.665766 0 0.4 -0.0265766 -0.0265766 0.0264303 -0.000146337 -0.000146337 
3.654 0.6376 0.6481 0.5305 -0.0031 -0.036642 0.002878 0.4 0.67868 0.669119 0 0.4 -0.0269119 -0.0269119 0.0255511 -0.00136086 -0.00136086 
3.664 0.5865 0.7145 0.5368 -0.0033 -0.034025 0.003418 0.4 0.699098 0.677661 0 0.4 -0.0277661 -0.0277661 0.0246554 -0.00311067 -0.00311067 
3.674 0.5772 0.7075 0.5435 -0.0035 -0.031408 0.003410 0.4 0.674589 0.675963 0 0.4 -0.0275963 -0.0275963 0.0237342 -0.00386219 -0.00386219 
3.684 0.5734 0.7328 0.5500 -0.0037 -0.026173 0.002871 0.4 0.722602 0.700963 0 0.4 -0.0300963 -0.0300963 0.0227679 -0.00732842 -0.00732842 
3.694 0.5574 0.7662 0.5567 -0.0039 -0.018321 0.002388 0.4 0.747856 0.724998 0 0.4 -0.0324998 -0.0324998 0.0217257 -0.0107741 -0.0107741 
3.704 0.5599 0.7835 0.5634 -0.0039 -0.010469 0.001698 0.4 0.770158 0.739958 0 0.4 -0.0339958 -0.0339958 0.0206233 -0.0133725 -0.0133725 
3.714 0.5523 0.7911 0.5701 -0.0040 0.002617 0.000273 0.4 0.800423 0.768281 0 0.4 -0.0368281 -0.0368281 0.0194312 -0.0173969 -0.0173969 
3.724 0.5586 0.7843 0.5772 -0.0039 0.015704 -0.002153 0.4 0.795778 0.772649 0 0.4 -0.0372649 -0.0372649 0.018215 -0.0190499 -0.0190499 
3.734 0.4144 0.7847 0.5839 -0.0038 0.028790 -0.005365 0.4 0.789774 0.784846 0 0.4 -0.0384846 -0.0384846 0.0169589 -0.0215258 -0.0215258 
3.744 0.4044 0.7800 0.5902 -0.0035 0.047111 -0.008514 0.4 0.756867 0.785967 0 0.4 -0.0385967 -0.0385967 0.0156544 -0.0229423 -0.0229423 
3.754 0.4266 0.7932 0.5966 -0.0031 0.068050 -0.008290 0.4 0.767245 0.779897 0 0.4 -0.0379897 -0.0379897 0.0143749 -0.0236148 -0.0236148 
3.764 0.4544 0.8250 0.6033 -0.0026 0.086371 -0.007578 0.4 0.826444 0.796582 0 0.4 -0.0396582 -0.0396582 0.0130903 -0.0265678 -0.0265678 
3.774 0.4555 0.8417 0.6102 -0.0020 0.107309 -0.007274 0.4 0.762439 0.7924 0 0.4 -0.03924 -0.03924 0.0117614 -0.0274786 -0.0274786 
3.784 0.4890 0.8359 0.6166 -0.0012 0.128248 -0.008479 0.4 0.849482 0.830659 0 0.4 -0.0430659 -0.0430659 0.0103692 -0.0326966 -0.0326966 
3.794 0.5967 0.8363 0.6235 -0.0003 0.149186 -0.011356 0.4 0.855867 0.840702 0 0.4 -0.0440702 -0.0440702 0.00890833 -0.0351619 -0.0351619 
3.804 0.5825 0.7961 0.6305 0.0009 0.167507 -0.017178 0.4 0.8269 0.843687 0 0.4 -0.0443687 -0.0443687 0.00742384 -0.0369448 -0.0369448 
3.814 0.5679 0.7643 0.6373 0.0021 0.188445 -0.024000 0.4 0.786394 0.824224 0 0.4 -0.0424224 -0.0424224 0.00596449 -0.0364579 -0.0364579 
3.824 0.5711 0.7033 0.6440 0.0034 0.204149 -0.030560 0.4 0.781596 0.800544 0 0.4 -0.0400544 -0.0400544 0.00459196 -0.0354625 -0.0354625 
3.834 0.5215 0.7071 0.6508 0.0049 0.219853 -0.037282 0.4 0.786902 0.792333 0 0.4 -0.0392333 -0.0392333 0.0032704 -0.0359629 -0.0359629 
3.844 0.5369 0.6940 0.6571 0.0063 0.235557 -0.042569 0.4 0.77531 0.782787 0 0.4 -0.0382787 -0.0382787 0.00198795 -0.0362907 -0.0362907 
3.854 0.6070 0.6006 0.6634 0.0079 0.246026 -0.046235 0.4 0.742043 0.750687 0 0.4 -0.0350687 -0.0350687 0.000779042 -0.0342897 -0.0342897 
3.864 0.5387 0.6135 0.6697 0.0095 0.256495 -0.048504 0.4 0.68034 0.714781 0 0.4 -0.0314781 -0.0314781 -0.000330122 -0.0318082 -0.0318082 
3.874 0.5669 0.5688 0.6756 0.0111 0.261730 -0.050021 0.4 0.678727 0.684635 0 0.4 -0.0284635 -0.0284635 -0.00131315 -0.0297767 -0.0297767 
3.884 0.5910 0.5453 0.6814 0.0127 0.266964 -0.050404 0.4 0.637947 0.656033 0 0.4 -0.0256033 -0.0256033 -0.00220462 -0.027808 -0.027808 
3.894 0.6066 0.5067 0.6871 0.0142 0.269582 -0.049914 0.4 0.607799 0.626883 0 0.4 -0.0226883 -0.0226883 -0.00300764 -0.0256959 -0.0256959 
3.904 0.6097 0.5051 0.6928 0.0158 0.266964 -0.047897 0.4 0.56114 0.600576 0 0.4 -0.0200576 -0.0200576 -0.00373497 -0.0237925 -0.0237925 
3.914 0.6282 0.4966 0.6985 0.0173 0.264347 -0.046029 0.4 0.632723 0.616936 0 0.4 -0.0216936 -0.0216936 -0.00443542 -0.0261291 -0.0261291 
3.924 0.6435 0.4825 0.7039 0.0188 0.259113 -0.044649 0.4 0.655558 0.622216 0 0.4 -0.0222216 -0.0222216 -0.00514111 -0.0273628 -0.0273628 
3.934 0.6465 0.4812 0.7096 0.0203 0.251261 -0.043239 0.4 0.601268 0.623881 0 0.4 -0.0223881 -0.0223881 -0.00589563 -0.0282838 -0.0282838 
3.944 0.6637 0.4737 0.7153 0.0217 0.243409 -0.041787 0.4 0.626171 0.636818 0 0.4 -0.0236818 -0.0236818 -0.00668774 -0.0303695 -0.0303695 
3.954 0.6773 0.4624 0.7210 0.0231 0.235557 -0.040689 0.4 0.679343 0.656602 0 0.4 -0.0256602 -0.0256602 -0.00753172 -0.0331919 -0.0331919 
3.964 0.6738 0.4681 0.7266 0.0244 0.225088 -0.040006 0.4 0.622528 0.656021 0 0.4 -0.0256021 -0.0256021 -0.00840638 -0.0340084 -0.0340084 
3.974 0.6701 0.4741 0.7325 0.0257 0.214618 -0.040293 0.4 0.697196 0.678842 0 0.4 -0.0278842 -0.0278842 -0.00931023 -0.0371944 -0.0371944 
3.984 0.6585 0.4644 0.7383 0.0270 0.201532 -0.041207 0.4 0.625729 0.662885 0 0.4 -0.0262885 -0.0262885 -0.0102218 -0.0365103 -0.0365103 
3.994 0.6610 0.4750 0.7440 0.0281 0.188445 -0.041833 0.4 0.71749 0.692618 0 0.4 -0.0292618 -0.0292618 -0.0111564 -0.0404182 -0.0404182 
4.004 0.6577 0.4731 0.7496 0.0291 0.177976 -0.042298 0.4 0.695751 0.685313 0 0.4 -0.0285313 -0.0285313 -0.0121153 -0.0406467 -0.0406467 
4.014 0.6440 0.4815 0.7556 0.0302 0.167507 -0.042872 0.4 0.711513 0.687934 0 0.4 -0.0287934 -0.0287934 -0.0130612 -0.0418546 -0.0418546 
4.024 0.6474 0.4669 0.7612 0.0311 0.151803 -0.043594 0.4 0.712085 0.685671 0 0.4 -0.0285671 -0.0285671 -0.0139899 -0.042557 -0.042557 
4.034 0.6280 0.4629 0.7668 0.0319 0.141334 -0.044815 0.4 0.70268 0.678527 0 0.4 -0.0278527 -0.0278527 -0.014897 -0.0427497 -0.0427497 
4.044 0.6131 0.4412 0.7727 0.0327 0.128248 -0.046644 0.4 0.604366 0.651871 0 0.4 -0.0251871 -0.0251871 -0.0157953 -0.0409824 -0.0409824 
4.054 0.6171 0.4464 0.7783 0.0334 0.117778 -0.047684 0.4 0.594005 0.645727 0 0.4 -0.0245727 -0.0245727 -0.0166575 -0.0412303 -0.0412303 
4.064 0.6108 0.4575 0.7838 0.0340 0.104692 -0.047615 0.4 0.590305 0.63538 0 0.4 -0.023538 -0.023538 -0.0174917 -0.0410298 -0.0410298 
4.074 0.5744 0.4908 0.7892 0.0346 0.096840 -0.047476 0.4 0.663691 0.648364 0 0.4 -0.0248364 -0.0248364 -0.0183055 -0.0431419 -0.0431419 
4.084 0.5638 0.5008 0.7947 0.0351 0.088988 -0.047409 0.4 0.652876 0.631536 0 0.4 -0.0231536 -0.0231536 -0.0190726 -0.0422262 -0.0422262 
4.094 0.5418 0.4985 0.8003 0.0356 0.083753 -0.047278 0.4 0.611426 0.602294 0 0.4 -0.0202294 -0.0202294 -0.0197684 -0.0399978 -0.0399978 
4.104 0.5086 0.5203 0.8058 0.0360 0.075902 -0.046880 0.4 0.534846 0.583806 0 0.4 -0.0183806 -0.0183806 -0.02043 -0.0388105 -0.0388105 
4.114 0.4989 0.5298 0.8110 0.0364 0.075902 -0.046165 0.4 0.547301 0.569631 0 0.4 -0.0169631 -0.0169631 -0.0210381 -0.0380012 -0.0380012 
4.124 0.4844 0.5158 0.8163 0.0368 0.070667 -0.046301 0.4 0.568878 0.562451 0 0.4 -0.0162451 -0.0162451 -0.0215945 -0.0378396 -0.0378396 
4.134 0.4756 0.5310 0.8215 0.0372 0.070667 -0.045752 0.4 0.531518 0.549521 0 0.4 -0.0149521 -0.0149521 -0.0221169 -0.037069 -0.037069 
4.144 0.4941 0.5080 0.8268 0.0375 0.070667 -0.045440 0.4 0.540758 0.546787 0 0.4 -0.0146787 -0.0146787 -0.0226142 -0.0372929 -0.0372929 
4.154 0.4730 0.5269 0.8321 0.0379 0.070667 -0.045181 0.4 0.562242 0.54877 0 0.4 -0.014877 -0.014877 -0.0230966 -0.0379736 -0.0379736 
4.164 0.4808 0.5260 0.8373 0.0383 0.075902 -0.044447 0.4 0.558533 0.551662 0 0.4 -0.0151662 -0.0151662 -0.0235912 -0.0387574 -0.0387574 
4.174 0.4620 0.5410 0.8424 0.0387 0.078519 -0.043836 0.4 0.542143 0.548986 0 0.4 -0.0148986 -0.0148986 -0.0240922 -0.0389908 -0.0389908 
4.184 0.4380 0.5668 0.8476 0.0391 0.083753 -0.043286 0.4 0.609894 0.566737 0 0.4 -0.0166737 -0.0166737 -0.0246069 -0.0412806 -0.0412806 
4.194 0.4454 0.5507 0.8529 0.0395 0.088988 -0.043504 0.4 0.543717 0.560796 0 0.4 -0.0160796 -0.0160796 -0.0251601 -0.0412397 -0.0412397 
4.204 0.4273 0.5753 0.8579 0.0400 0.096840 -0.043669 0.4 0.559463 0.56924 0 0.4 -0.016924 -0.016924 -0.0257225 -0.0426465 -0.0426465 
4.214 0.4017 0.6104 0.8634 0.0406 0.104692 -0.043482 0.4 0.599861 0.585347 0 0.4 -0.0185347 -0.0185347 -0.0263178 -0.0448525 -0.0448525 
4.224 0.4030 0.6045 0.8684 0.0411 0.112544 -0.044215 0.4 0.613158 0.59591 0 0.4 -0.019591 -0.019591 -0.0269497 -0.0465407 -0.0465407 
4.234 0.3963 0.6047 0.8735 0.0417 0.125630 -0.045005 0.4 0.582735 0.598916 0 0.4 -0.0198916 -0.0198916 -0.0276146 -0.0475063 -0.0475063 
4.244 0.4043 0.5925 0.8787 0.0424 0.136099 -0.046380 0.4 0.617005 0.606807 0 0.4 -0.0206807 -0.0206807 -0.028304 -0.0489846 -0.0489846 
4.254 0.3842 0.5874 0.8837 0.0431 0.149186 -0.048320 0.4 0.600194 0.607765 0 0.4 -0.0207765 -0.0207765 -0.0290038 -0.0497803 -0.0497803 
4.264 0.3899 0.5578 0.8889 0.0439 0.159655 -0.050685 0.4 0.610046 0.606188 0 0.4 -0.0206188 -0.0206188 -0.0296946 -0.0503133 -0.0503133 
4.274 0.3785 0.5402 0.8937 0.0447 0.170124 -0.053311 0.4 0.587943 0.591107 0 0.4 -0.0191107 -0.0191107 -0.0303474 -0.0494581 -0.0494581 
4.284 0.3830 0.5155 0.8987 0.0456 0.183211 -0.055588 0.4 0.523206 0.572148 0 0.4 -0.0172148 -0.0172148 -0.0309651 -0.0481799 -0.0481799 
4.294 0.3590 0.5421 0.9035 0.0465 0.193680 -0.057076 0.4 0.559078 0.572112 0 0.4 -0.0172112 -0.0172112 -0.0315575 -0.0487686 -0.0487686 
4.304 0.4056 0.4986 0.9081 0.0475 0.201532 -0.057269 0.4 0.565606 0.563549 0 0.4 -0.0163549 -0.0163549 -0.032116 -0.048471 -0.048471 
4.314 0.3561 0.5403 0.9128 0.0485 0.212001 -0.057168 0.4 0.55956 0.555585 0 0.4 -0.0155585 -0.0155585 -0.0326366 -0.048195 -0.048195 
4.324 0.3771 0.4959 0.9172 0.0494 0.222470 -0.057449 0.4 0.515232 0.539893 0 0.4 -0.0139893 -0.0139893 -0.0331319 -0.0471211 -0.0471211 
4.334 0.4060 0.4399 0.9218 0.0505 0.230322 -0.057776 0.4 0.512412 0.522937 0 0.4 -0.0122937 -0.0122937 -0.0335805 -0.0458742 -0.0458742 
4.344 0.3685 0.4413 0.9261 0.0515 0.235557 -0.058668 0.4 0.492456 0.498668 0 0.4 -0.00986684 -0.00986684 -0.0339457 -0.0438125 -0.0438125 
4.354 0.3753 0.4458 0.9302 0.0525 0.243409 -0.058894 0.4 0.503326 0.498769 0 0.4 -0.00987694 -0.00987694 -0.0342722 -0.0441491 -0.0441491 
4.364 0.3891 0.4190 0.9346 0.0536 0.248643 -0.058322 0.4 0.481401 0.483261 0 0.4 -0.00832613 -0.00832613 -0.0345671 -0.0428933 -0.0428933 
4.374 0.3957 0.4059 0.9385 0.0546 0.253878 -0.057406 0.4 0.449052 0.46691 0 0.4 -0.00669097 -0.00669097 -0.0348204 -0.0415114 -0.0415114 
4.384 0.3960 0.3929 0.9428 0.0557 0.259113 -0.056340 0.4 0.433034 0.456131 0 0.4 -0.00561306 -0.00561306 -0.0350388 -0.0406518 -0.0406518 
4.394 0.3901 0.3642 0.9467 0.0568 0.259113 -0.055834 0.4 0.414083 0.432386 0 0.4 -0.00323859 -0.00323859 -0.0351882 -0.0384268 -0.0384268 
4.404 0.3899 0.3351 0.9505 0.0578 0.261730 -0.055755 0.4 0.39569 0.411676 0 0.4 -0.00116757 -0.00116757 -0.0352637 -0.0364312 -0.0364312 
4.414 0.4214 0.3293 0.9544 0.0588 0.261730 -0.054557 0.4 0.375037 0.404868 0 0.4 -0.000486842 -0.000486842 -0.0353066 -0.0357935 -0.0357935 
4.424 0.4228 0.3400 0.9583 0.0599 0.256495 -0.052500 0.4 0.42799 0.41775 0 0.4 -0.00177504 -0.00177504 -0.0353578 -0.0371328 -0.0371328 
4.434 0.3915 0.3531 0.9618 0.0608 0.256495 -0.051054 0.4 0.350632 0.397421 0 0.4 0.000257924 0.000257924 -0.0353939 -0.035136 -0.035136 
4.444 0.4199 0.3172 0.9657 0.0618 0.251261 -0.049692 0.4 0.407038 0.41104 0 0.4 -0.00110396 -0.00110396 -0.0354149 -0.0365189 -0.0365189 
4.454 0.4081 0.3010 0.9695 0.0628 0.248643 -0.049579 0.4 0.415603 0.410469 0 0.4 -0.00104691 -0.00104691 -0.03546 -0.0365069 -0.0365069 
4.464 0.3975 0.3065 0.9730 0.0637 0.243409 -0.049461 0.4 0.439326 0.418927 0 0.4 -0.00189273 -0.00189273 -0.0354951 -0.0373878 -0.0373878 
4.474 0.4008 0.3088 0.9766 0.0645 0.238174 -0.049269 0.4 0.435416 0.419875 0 0.4 -0.00198751 -0.00198751 -0.0355418 -0.0375293 -0.0375293 
4.484 0.4155 0.3067 0.9803 0.0654 0.230322 -0.047768 0.4 0.416974 0.425707 0 0.4 -0.00257065 -0.00257065 -0.0356204 -0.038191 -0.038191 
4.494 0.4232 0.2816 0.9837 0.0662 0.222470 -0.047380 0.4 0.439346 0.424938 0 0.4 -0.00249377 -0.00249377 -0.0356972 -0.038191 -0.038191 
4.504 0.3916 0.3111 0.9872 0.0670 0.217236 -0.046595 0.4 0.375529 0.417178 0 0.4 -0.00171777 -0.00171777 -0.0357844 -0.0375021 -0.0375021 
4.514 0.3873 0.2966 0.9908 0.0678 0.206767 -0.046867 0.4 0.442199 0.423645 0 0.4 -0.00236445 -0.00236445 -0.035851 -0.0382155 -0.0382155 
4.524 0.3717 0.2862 0.9942 0.0685 0.198915 -0.047394 0.4 0.43606 0.422534 0 0.4 -0.00225344 -0.00225344 -0.0359148 -0.0381683 -0.0381683 
4.534 0.3980 0.2528 0.9976 0.0691 0.191063 -0.047893 0.4 0.437608 0.420324 0 0.4 -0.00203242 -0.00203242 -0.0359801 -0.0380125 -0.0380125 
4.544 0.3900 0.2529 1.0010 0.0698 0.183211 -0.048131 0.4 0.427675 0.418788 0 0.4 -0.00187883 -0.00187883 -0.0360389 -0.0379177 -0.0379177 
4.554 0.3896 0.2571 1.0046 0.0704 0.172742 -0.047607 0.4 0.37324 0.405889 0 0.4 -0.000588876 -0.000588876 -0.0360922 -0.0366811 -0.0366811 
4.564 0.3723 0.2760 1.0078 0.0710 0.162272 -0.046659 0.4 0.415284 0.410244 0 0.4 -0.00102443 -0.00102443 -0.0361302 -0.0371546 -0.0371546 
4.574 0.3816 0.2594 1.0110 0.0715 0.157038 -0.045803 0.4 0.371039 0.397448 0 0.4 0.000255176 0.000255176 -0.0361471 -0.035892 -0.035892 
4.584 0.3878 0.2571 1.0144 0.0720 0.149186 -0.045013 0.4 0.421072 0.40716 0 0.4 -0.000716025 -0.000716025 -0.0361462 -0.0368622 -0.0368622 
4.594 0.3868 0.2544 1.0178 0.0725 0.141334 -0.044062 0.4 0.405427 0.402115 0 0.4 -0.000211534 -0.000211534 -0.0361543 -0.0363658 -0.0363658 
4.604 0.3011 0.3307 1.0210 0.0729 0.130865 -0.043257 0.4 0.41509 0.399865 0 0.4 1.35332e-05 1.35332e-05 -0.0361401 -0.0361266 -0.0361266 
4.614 0.3672 0.2401 1.0240 0.0733 0.123013 -0.043067 0.4 0.386516 0.384756 0 0.4 0.00152436 0.00152436 -0.0361116 -0.0345873 -0.0345873 
4.624 0.3577 0.2295 1.0274 0.0737 0.115161 -0.043087 0.4 0.334548 0.374359 0 0.4 0.00256408 0.00256408 -0.0360604 -0.0334964 -0.0334964 
4.634 0.2768 0.2974 1.0305 0.0741 0.107309 -0.043250 0.4 0.371106 0.370684 0 0.4 0.00293162 0.00293162 -0.0359698 -0.0330382 -0.0330382 
4.644 0.3035 0.2423 1.0335 0.0744 0.104692 -0.043617 0.4 0.338832 0.347171 0 0.4 0.00528293 0.00528293 -0.0358258 -0.0305429 -0.0305429 
4.654 0.2928 0.2599 1.0363 0.0747 0.099457 -0.042580 0.4 0.346859 0.342637 0 0.4 0.00573628 0.00573628 -0.0356431 -0.0299068 -0.0299068 
4.664 0.2523 0.2892 1.0391 0.0749 0.094223 -0.041641 0.4 0.321522 0.32443 0 0.4 0.00755696 0.00755696 -0.0354155 -0.0278585 -0.0278585 
4.674 0.3101 0.2369 1.0420 0.0752 0.088988 -0.040111 0.4 0.327415 0.323379 0 0.4 0.00766211 0.00766211 -0.0351594 -0.0274973 -0.0274973 
4.684 0.3081 0.2375 1.0450 0.0755 0.086371 -0.038411 0.4 0.311553 0.315019 0 0.4 0.00849811 0.00849811 -0.0348888 -0.0263907 -0.0263907 
4.694 0.3084 0.2402 1.0476 0.0757 0.083753 -0.036626 0.4 0.319444 0.311542 0 0.4 0.00884582 0.00884582 -0.0345887 -0.0257429 -0.0257429 
4.704 0.2870 0.2522 1.0504 0.0759 0.083753 -0.034986 0.4 0.27839 0.299657 0 0.4 0.0100343 0.0100343 -0.0342743 -0.02424 -0.02424 
4.714 0.2968 0.2392 1.0533 0.0762 0.078519 -0.033741 0.4 0.314086 0.304889 0 0.4 0.00951112 0.00951112 -0.0339428 -0.0244317 -0.0244317 
4.724 0.2808 0.2346 1.0559 0.0764 0.075902 -0.033011 0.4 0.294496 0.295205 0 0.4 0.0104795 0.0104795 -0.0335957 -0.0231161 -0.0231161 
4.734 0.2384 0.2523 1.0585 0.0766 0.078519 -0.032771 0.4 0.277231 0.281082 0 0.4 0.0118918 0.0118918 -0.0332154 -0.0213236 -0.0213236 
4.744 0.2527 0.2260 1.0612 0.0768 0.075902 -0.032463 0.4 0.284397 0.277186 0 0.4 0.0122814 0.0122814 -0.032811 -0.0205296 -0.0205296 
4.754 0.2474 0.2100 1.0636 0.0770 0.075902 -0.032335 0.4 0.26313 0.267342 0 0.4 0.0132658 0.0132658 -0.0323823 -0.0191165 -0.0191165 
4.764 0.2636 0.1879 1.0662 0.0772 0.073284 -0.031688 0.4 0.261329 0.25619 0 0.4 0.014381 0.014381 -0.0319099 -0.0175289 -0.0175289 
4.774 0.2480 0.2259 1.0684 0.0773 0.070667 -0.030108 0.4 0.257527 0.254812 0 0.4 0.0145188 0.0145188 -0.0314278 -0.016909 -0.016909 
4.784 0.1834 0.3005 1.0709 0.0775 0.070667 -0.027745 0.4 0.246733 0.254433 0 0.4 0.0145567 0.0145567 -0.0309461 -0.0163895 -0.0163895 
4.794 0.2379 0.2535 1.0735 0.0777 0.073284 -0.025293 0.4 0.261617 0.256772 0 0.4 0.0143228 0.0143228 -0.0304638 -0.016141 -0.016141 
4.804 0.2726 0.2323 1.0759 0.0779 0.073284 -0.022999 0.4 0.259643 0.262947 0 0.4 0.0137053 0.0137053 -0.0300058 -0.0163005 -0.0163005 
4.814 0.2683 0.2028 1.0784 0.0780 0.073284 -0.021638 0.4 0.259726 0.257498 0 0.4 0.0142502 0.0142502 -0.0295361 -0.0152858 -0.0152858 
4.824 0.2123 0.2477 1.0808 0.0782 0.073284 -0.021325 0.4 0.252951 0.252417 0 0.4 0.0147583 0.0147583 -0.0290512 -0.0142929 -0.0142929 
4.834 0.2004 0.2405 1.0830 0.0784 0.075902 -0.021387 0.4 0.244921 0.251404 0 0.4 0.0148596 0.0148596 -0.0285614 -0.0137018 -0.0137018 
4.844 0.2189 0.1941 1.0850 0.0785 0.075902 -0.021940 0.4 0.220939 0.234881 0 0.4 0.0165119 0.0165119 -0.0280403 -0.0115283 -0.0115283 
4.854 0.1889 0.2024 1.0873 0.0787 0.078519 -0.022240 0.4 0.216676 0.227386 0 0.4 0.0172614 0.0172614 -0.02748 -0.0102186 -0.0102186 
4.864 0.2034 0.2004 1.0893 0.0789 0.078519 -0.021551 0.4 0.21432 0.221804 0 0.4 0.0178196 0.0178196 -0.0268912 -0.00907159 -0.00907159 
4.874 0.2290 0.1867 1.0913 0.0790 0.078519 -0.019511 0.4 0.220499 0.220494 0 0.4 0.0179506 0.0179506 -0.0263023 -0.0083517 -0.0083517 
4.884 0.2321 0.1994 1.0937 0.0792 0.078519 -0.017483 0.4 0.229198 0.225997 0 0.4 0.0174003 0.0174003 -0.0257147 -0.00831439 -0.00831439 
4.894 0.2355 0.1983 1.0960 0.0794 0.081136 -0.015568 0.4 0.234373 0.228248 0 0.4 0.0171752 0.0171752 -0.0251332 -0.007958 -0.007958 
4.904 0.2426 0.1927 1.0980 0.0795 0.081136 -0.013794 0.4 0.231773 0.227339 0 0.4 0.0172661 0.0172661 -0.0245539 -0.00728775 -0.00728775 
4.914 0.1726 0.2032 1.1000 0.0797 0.081136 -0.014357 0.4 0.205694 0.215737 0 0.4 0.0184263 0.0184263 -0.0239586 -0.00553237 -0.00553237 
4.924 0.1788 0.1811 1.1018 0.0799 0.078519 -0.015037 0.4 0.20969 0.214036 0 0.4 0.0185964 0.0185964 -0.0233392 -0.0047428 -0.0047428 
4.934 0.2089 0.1384 1.1036 0.0800 0.081136 -0.015682 0.4 0.197396 0.198287 0 0.4 0.0201713 0.0201713 -0.0226804 -0.00250914 -0.00250914 
4.944 0.2112 0.1607 1.1055 0.0802 0.078519 -0.014647 0.4 0.210584 0.201987 0 0.4 0.0198013 0.0198013 -0.0220059 -0.00220455 -0.00220455 
4.954 0.1676 0.2117 1.1073 0.0803 0.075902 -0.012603 0.4 0.222942 0.209668 0 0.4 0.0190332 0.0190332 -0.0213527 -0.00231954 -0.00231954 
4.964 0.2330 0.1484 1.1093 0.0804 0.075902 -0.010604 0.4 0.199507 0.202815 0 0.4 0.0197185 0.0197185 -0.0207073 -0.000988789 -0.000988789 
4.974 0.2147 0.1544 1.1111 0.0806 0.073284 -0.009354 0.4 0.208509 0.201495 0 0.4 0.0198505 0.0198505 -0.0200418 -0.000191256 -0.000191256 
4.984 0.1982 0.1666 1.1129 0.0807 0.070667 -0.008163 0.4 0.196535 0.204163 0 0.4 0.0195837 0.0195837 -0.0193842 0.00019945 0.00019945 
4.994 0.2273 0.1280 1.1148 0.0808 0.068050 -0.007207 0.4 0.196976 0.202874 0 0.4 0.0197126 0.0197126 -0.0187414 0.000971204 0.000971204 
5.004 0.1553 0.1917 1.1166 0.0810 0.065432 -0.006463 0.4 0.204343 0.20179 0 0.4 0.019821 0.019821 -0.0180775 0.00174351 0.00174351 
5.014 0.1709 0.1501 1.1182 0.0811 0.060198 -0.006078 0.4 0.165003 0.180433 0 0.4 0.0219567 0.0219567 -0.0173814 0.00457526 0.00457526 
5.024 0.1916 0.1257 1.1198 0.0812 0.060198 -0.005787 0.4 0.20131 0.195733 0 0.4 0.0204267 0.0204267 -0.0166811 0.00374556 0.00374556 
5.034 0.1667 0.1389 1.1214 0.0812 0.054963 -0.005188 0.4 0.177706 0.181253 0 0.4 0.0218747 0.0218747 -0.0159598 0.0059149 0.0059149 
5.044 0.1804 0.1266 1.1229 0.0813 0.052346 -0.004214 0.4 0.181273 0.180177 0 0.4 0.0219823 0.0219823 -0.0152286 0.00675377 0.00675377 
5.054 0.1743 0.1414 1.1245 0.0814 0.052346 -0.002280 0.4 0.153323 0.168143 0 0.4 0.0231857 0.0231857 -0.01448 0.00870573 0.00870573 
5.064 0.1915 0.1393 1.1261 0.0815 0.047111 -0.000082 0.4 0.181118 0.177275 0 0.4 0.0222725 0.0222725 -0.0137337 0.00853875 0.00853875 
5.074 0.1782 0.1746 1.1277 0.0816 0.047111 0.002547 0.4 0.201081 0.186148 0 0.4 0.0213852 0.0213852 -0.0129999 0.00838523 0.00838523 
5.084 0.2070 0.1350 1.1293 0.0816 0.041877 0.004221 0.4 0.18196 0.184995 0 0.4 0.0215005 0.0215005 -0.0122905 0.00921 0.00921 
5.094 0.1274 0.1859 1.1310 0.0817 0.041877 0.004746 0.4 0.173417 0.177065 0 0.4 0.0222936 0.0222936 -0.0115594 0.0107341 0.0107341 
5.104 0.1548 0.1283 1.1324 0.0818 0.039259 0.004791 0.4 0.148735 0.158469 0 0.4 0.0241531 0.0241531 -0.0107824 0.0133706 0.0133706 
5.114 0.1317 0.1574 1.1338 0.0818 0.036642 0.005179 0.4 0.176973 0.163121 0 0.4 0.0236879 0.0236879 -0.00997674 0.0137112 0.0137112 
5.124 0.1671 0.1261 1.1350 0.0819 0.036642 0.006201 0.4 0.156993 0.160638 0 0.4 0.0239362 0.0239362 -0.00918814 0.0147481 0.0147481 
5.134 0.1791 0.1254 1.1366 0.0819 0.031408 0.007545 0.4 0.187291 0.17073 0 0.4 0.022927 0.022927 -0.00839676 0.0145302 0.0145302 
5.144 0.1833 0.1304 1.1383 0.0820 0.031408 0.009319 0.4 0.153372 0.162672 0 0.4 0.0237328 0.0237328 -0.00762435 0.0161084 0.0161084 
5.154 0.1807 0.1018 1.1395 0.0820 0.026173 0.010250 0.4 0.141607 0.157495 0 0.4 0.0242505 0.0242505 -0.00683307 0.0174175 0.0174175 
5.164 0.1434 0.1497 1.1407 0.0820 0.026173 0.011356 0.4 0.15699 0.159351 0 0.4 0.0240649 0.0240649 -0.00602627 0.0180386 0.0180386 
5.174 0.1521 0.1243 1.1423 0.0821 0.026173 0.011942 0.4 0.146301 0.152562 0 0.4 0.0247438 0.0247438 -0.005216 0.0195278 0.0195278 
5.184 0.1472 0.1228 1.1435 0.0821 0.020938 0.012783 0.4 0.138404 0.144954 0 0.4 0.0255046 0.0255046 -0.0043843 0.0211203 0.0211203 
5.194 0.1524 0.1252 1.1448 0.0821 0.020938 0.014042 0.4 0.149723 0.147873 0 0.4 0.0252127 0.0252127 -0.00353673 0.0216759 0.0216759 
5.204 0.1699 0.1012 1.1462 0.0822 0.018321 0.015013 0.4 0.125192 0.140413 0 0.4 0.0259587 0.0259587 -0.00269716 0.0232615 0.0232615 
5.214 0.1706 0.1050 1.1474 0.0822 0.018321 0.016465 0.4 0.158751 0.146534 0 0.4 0.0253466 0.0253466 -0.00182795 0.0235186 0.0235186 
5.224 0.1496 0.1349 1.1488 0.0822 0.015704 0.018169 0.4 0.159921 0.154762 0 0.4 0.0245238 0.0245238 -0.000993105 0.0235307 0.0235307 
5.234 0.1862 0.0974 1.1502 0.0822 0.013086 0.019387 0.4 0.161291 0.149454 0 0.4 0.0250546 0.0250546 -0.000150615 0.024904 0.024904 
5.244 0.1267 0.1330 1.1512 0.0823 0.010469 0.019884 0.4 0.134109 0.139898 0 0.4 0.0260102 0.0260102 0.000701452 0.0267116 0.0267116 
5.254 0.1388 0.1205 1.1525 0.0823 0.010469 0.020822 0.4 0.134239 0.13332 0 0.4 0.026668 0.026668 0.00158244 0.0282505 0.0282505 
5.264 0.1217 0.1314 1.1537 0.0823 0.010469 0.021735 0.4 0.124876 0.127834 0 0.4 0.0272166 0.0272166 0.00248371 0.0297004 0.0297004 
5.274 0.1437 0.1242 1.1549 0.0823 0.005235 0.023333 0.4 0.109802 0.132944 0 0.4 0.0267056 0.0267056 0.00335936 0.0300649 0.0300649 
5.284 0.1382 0.1354 1.1561 0.0823 0.005235 0.025336 0.4 0.161647 0.141716 0 0.4 0.0258284 0.0258284 0.00424829 0.0300767 0.0300767 
5.294 0.1361 0.1237 1.1571 0.0823 0.002617 0.026250 0.4 0.123443 0.137556 0 0.4 0.0262444 0.0262444 0.00510177 0.0313462 0.0313462 
5.304 0.1427 0.1164 1.1583 0.0823 0.002617 0.027089 0.4 0.12257 0.127924 0 0.4 0.0272076 0.0272076 0.00599713 0.0332047 0.0332047 
5.314 0.1619 0.0911 1.1596 0.0823 0.002617 0.028177 0.4 0.121854 0.127339 0 0.4 0.0272661 0.0272661 0.00690046 0.0341666 0.0341666 
5.324 0.1589 0.0922 1.1608 0.0823 0.002617 0.028951 0.4 0.130513 0.130876 0 0.4 0.0269124 0.0269124 0.00780084 0.0347132 0.0347132 
5.334 0.1807 0.0974 1.1620 0.0823 -0.002617 0.030550 0.4 0.156649 0.138922 0 0.4 0.0261078 0.0261078 0.00870088 0.0348087 0.0348087 
5.344 0.1467 0.1109 1.1632 0.0823 -0.002617 0.031508 0.4 0.133702 0.133553 0 0.4 0.0266447 0.0266447 0.00958458 0.0362293 0.0362293 
5.354 0.1191 0.1001 1.1640 0.0823 -0.002617 0.031874 0.4 0.0881093 0.110299 0 0.4 0.0289701 0.0289701 0.0105071 0.0394772 0.0394772 
5.364 0.1406 0.0953 1.1650 0.0823 -0.005235 0.032458 0.4 0.138892 0.125624 0 0.4 0.0274376 0.0274376 0.0114497 0.0388873 0.0388873 
5.374 0.0852 0.1675 1.1665 0.0823 -0.007852 0.033917 0.4 0.129316 0.128348 0 0.4 0.0271652 0.0271652 0.0123625 0.0395277 0.0395277 
5.384 0.1391 0.1282 1.1675 0.0823 -0.005235 0.035838 0.4 0.121776 0.12431 0 0.4 0.027569 0.027569 0.0132749 0.0408439 0.0408439 
5.394 0.1666 0.1122 1.1689 0.0823 -0.007852 0.038138 0.4 0.133712 0.130998 0 0.4 0.0269002 0.0269002 0.0141777 0.0410779 0.0410779 
5.404 0.1022 0.1649 1.1699 0.0823 -0.005235 0.038746 0.4 0.138817 0.131122 0 0.4 0.0268878 0.0268878 0.015082 0.0419698 0.0419698 
5.414 0.1566 0.0905 1.1709 0.0823 -0.007852 0.039733 0.4 0.131119 0.127757 0 0.4 0.0272243 0.0272243 0.0159915 0.0432158 0.0432158 
5.424 0.1398 0.1034 1.1723 0.0823 -0.010469 0.039869 0.4 0.118562 0.128441 0 0.4 0.0271559 0.0271559 0.016882 0.0440379 0.0440379 
5.434 0.1421 0.1213 1.1734 0.0822 -0.007852 0.041009 0.4 0.121501 0.126237 0 0.4 0.0273763 0.0273763 0.0177906 0.0451669 0.0451669 
5.444 0.1505 0.0912 1.1746 0.0822 -0.013086 0.041747 0.4 0.109988 0.126496 0 0.4 0.0273504 0.0273504 0.0186894 0.0460399 0.0460399 
5.454 0.0998 0.1423 1.1756 0.0822 -0.010469 0.042588 0.4 0.10548 0.115461 0 0.4 0.0284539 0.0284539 0.0196187 0.0480726 0.0480726 
5.464 0.1316 0.1372 1.1768 0.0822 -0.015704 0.044113 0.4 0.131285 0.127484 0 0.4 0.0272516 0.0272516 0.0205402 0.0477918 0.0477918 
5.474 0.1224 0.1228 1.1780 0.0822 -0.015704 0.045674 0.4 0.131936 0.131857 0 0.4 0.0268144 0.0268144 0.0214354 0.0482497 0.0482497 
5.484 0.1088 0.1366 1.1790 0.0822 -0.018321 0.046034 0.4 0.103079 0.11875 0 0.4 0.028125 0.028125 0.0223467 0.0504717 0.0504717 
5.494 0.1270 0.1394 1.1802 0.0821 -0.018321 0.047348 0.4 0.142363 0.129258 0 0.4 0.0270742 0.0270742 0.023274 0.0503482 0.0503482 
5.504 0.1304 0.1099 1.1815 0.0821 -0.018321 0.047792 0.4 0.110363 0.122204 0 0.4 0.0277796 0.0277796 0.0241789 0.0519585 0.0519585 
5.514 0.1289 0.1192 1.1823 0.0821 -0.018321 0.048719 0.4 0.107099 0.113968 0 0.4 0.0286032 0.0286032 0.0251194 0.0537226 0.0537226 
5.524 0.1523 0.1205 1.1837 0.0821 -0.020938 0.050511 0.4 0.122207 0.126074 0 0.4 0.0273926 0.0273926 0.0260416 0.0534342 0.0534342 
5.534 0.1269 0.1531 1.1849 0.0821 -0.020938 0.052459 0.4 0.140481 0.136702 0 0.4 0.0263298 0.0263298 0.0269327 0.0532624 0.0532624 
5.544 0.1601 0.1233 1.1861 0.0820 -0.020938 0.053557 0.4 0.126349 0.126007 0 0.4 0.0273993 0.0273993 0.0278397 0.055239 0.055239 
5.554 0.1397 0.1157 1.1873 0.0820 -0.020938 0.054640 0.4 0.118707 0.12553 0 0.4 0.0274469 0.0274469 0.0287456 0.0561926 0.0561926 
5.564 0.1251 0.1432 1.1884 0.0820 -0.018321 0.054997 0.4 0.129177 0.12734 0 0.4 0.027266 0.027266 0.0296595 0.0569255 0.0569255 
5.574 0.1512 0.1320 1.1898 0.0820 -0.020938 0.056175 0.4 0.133903 0.128671 0 0.4 0.0271329 0.0271329 0.0305677 0.0577006 0.0577006 
5.584 0.1465 0.1300 1.1912 0.0819 -0.018321 0.057238 0.4 0.137027 0.135029 0 0.4 0.0264971 0.0264971 0.0314524 0.0579495 0.0579495 
5.594 0.1161 0.1785 1.1922 0.0819 -0.015704 0.058588 0.4 0.125611 0.130837 0 0.4 0.0269163 0.0269163 0.03234 0.0592563 0.0592563 
5.604 0.1486 0.1457 1.1934 0.0819 -0.015704 0.060023 0.4 0.125941 0.139984 0 0.4 0.0260016 0.0260016 0.0332058 0.0592074 0.0592074 
5.614 0.1026 0.1888 1.1948 0.0819 -0.013086 0.060261 0.4 0.13342 0.132595 0 0.4 0.0267405 0.0267405 0.0340913 0.0608318 0.0608318 
5.624 0.1603 0.1648 1.1963 0.0819 -0.010469 0.061679 0.4 0.174302 0.156153 0 0.4 0.0243847 0.0243847 0.0349489 0.0593336 0.0593336 
5.634 0.1161 0.1597 1.1975 0.0818 -0.010469 0.061717 0.4 0.12582 0.141665 0 0.4 0.0258335 0.0258335 0.0357802 0.0616138 0.0616138 
5.644 0.1436 0.1476 1.1989 0.0818 -0.007852 0.061766 0.4 0.161892 0.145827 0 0.4 0.0254173 0.0254173 0.0366468 0.0620641 0.0620641 
5.654 0.1228 0.2097 1.2003 0.0818 -0.005235 0.063269 0.4 0.15795 0.155841 0 0.4 0.0244159 0.0244159 0.03747 0.0618859 0.0618859 
5.664 0.1783 0.1397 1.2015 0.0818 -0.005235 0.063815 0.4 0.155871 0.159291 0 0.4 0.0240709 0.0240709 0.0382691 0.06234 0.06234 
5.674 0.1937 0.1169 1.2032 0.0818 -0.005235 0.064462 0.4 0.144608 0.147154 0 0.4 0.0252846 0.0252846 0.0391007 0.0643853 0.0643853 
5.684 0.1680 0.1355 1.2044 0.0818 -0.005235 0.064762 0.4 0.134263 0.145277 0 0.4 0.0254723 0.0254723 0.0399379 0.0654101 0.0654101 
5.694 0.1522 0.1651 1.2058 0.0818 -0.007852 0.065132 0.4 0.148095 0.145073 0 0.4 0.0254927 0.0254927 0.040793 0.0662857 0.0662857 
5.704 0.1902 0.1651 1.2074 0.0818 -0.007852 0.067024 0.4 0.153364 0.156143 0 0.4 0.0243857 0.0243857 0.0416216 0.0660073 0.0660073 
5.714 0.1978 0.1427 1.2088 0.0818 -0.005235 0.068329 0.4 0.152555 0.156698 0 0.4 0.0243302 0.0243302 0.042429 0.0667592 0.0667592 
5.724 0.1937 0.1499 1.2103 0.0818 -0.007852 0.068840 0.4 0.182541 0.16586 0 0.4 0.023414 0.023414 0.0432374 0.0666514 0.0666514 
5.734 0.2025 0.1462 1.2119 0.0817 -0.013086 0.069315 0.4 0.145695 0.163198 0 0.4 0.0236802 0.0236802 0.0440139 0.0676941 0.0676941 
5.744 0.2087 0.1457 1.2135 0.0817 -0.013086 0.070376 0.4 0.162595 0.166888 0 0.4 0.0233112 0.0233112 0.0447963 0.0681074 0.0681074 
5.754 0.2041 0.1723 1.2149 0.0817 -0.015704 0.071118 0.4 0.201961 0.182358 0 0.4 0.0217642 0.0217642 0.0455568 0.0673209 0.0673209 
5.764 0.1967 0.1695 1.2166 0.0817 -0.020938 0.071903 0.4 0.176281 0.18082 0 0.4 0.021918 0.021918 0.0462768 0.0681949 0.0681949 
5.774 0.2048 0.1469 1.2182 0.0816 -0.020938 0.071839 0.4 0.188788 0.178384 0 0.4 0.0221616 0.0221616 0.0470199 0.0691815 0.0691815 
5.784 0.2139 0.1534 1.2198 0.0816 -0.026173 0.072091 0.4 0.183666 0.18863 0 0.4 0.021137 0.021137 0.047726 0.068863 0.068863 
5.794 0.2114 0.1728 1.2216 0.0816 -0.028790 0.072575 0.4 0.231906 0.200432 0 0.4 0.0199568 0.0199568 0.0484331 0.0683899 0.0683899 
5.804 0.2395 0.1600 1.2234 0.0815 -0.031408 0.073655 0.4 0.174408 0.20049 0 0.4 0.019951 0.019951 0.0490783 0.0690294 0.0690294 
5.814 0.2191 0.1651 1.2253 0.0814 -0.034025 0.073503 0.4 0.217927 0.202372 0 0.4 0.0197628 0.0197628 0.0497523 0.0695152 0.0695152 
5.824 0.2203 0.1443 1.2267 0.0814 -0.036642 0.072572 0.4 0.187255 0.190906 0 0.4 0.0209094 0.0209094 0.0504286 0.071338 0.071338 
5.834 0.2389 0.1663 1.2287 0.0813 -0.041877 0.073051 0.4 0.23417 0.21741 0 0.4 0.018259 0.018259 0.0510856 0.0693446 0.0693446 
5.844 0.2603 0.1673 1.2305 0.0812 -0.044494 0.074636 0.4 0.207028 0.213806 0 0.4 0.0186194 0.0186194 0.0517036 0.0703229 0.0703229 
5.854 0.2245 0.1799 1.2326 0.0811 -0.044494 0.075077 0.4 0.218367 0.210757 0 0.4 0.0189243 0.0189243 0.052338 0.0712623 0.0712623 
5.864 0.2369 0.1727 1.2344 0.0811 -0.047111 0.075020 0.4 0.214277 0.212377 0 0.4 0.0187623 0.0187623 0.0529665 0.0717288 0.0717288 
5.874 0.2353 0.1909 1.2362 0.0810 -0.054963 0.075974 0.4 0.218084 0.222025 0 0.4 0.0177975 0.0177975 0.0535713 0.0713688 0.0713688 
5.884 0.2329 0.2090 1.2384 0.0808 -0.057580 0.076745 0.4 0.210312 0.219963 0 0.4 0.0180037 0.0180037 0.0541481 0.0721518 0.0721518 
5.894 0.2332 0.1745 1.2403 0.0807 -0.060198 0.076829 0.4 0.222179 0.221788 0 0.4 0.0178212 0.0178212 0.0547476 0.0725687 0.0725687 
5.904 0.2528 0.1811 1.2423 0.0806 -0.060198 0.076840 0.4 0.209397 0.214948 0 0.4 0.0185052 0.0185052 0.0553601 0.0738653 0.0738653 
5.914 0.2648 0.1887 1.2443 0.0805 -0.065432 0.077995 0.4 0.229647 0.229864 0 0.4 0.0170136 0.0170136 0.0559375 0.0729511 0.0729511 
5.924 0.2495 0.2253 1.2465 0.0803 -0.068050 0.078910 0.4 0.210329 0.233522 0 0.4 0.0166478 0.0166478 0.0564739 0.0731218 0.0731218 
5.934 0.2438 0.2031 1.2486 0.0802 -0.068050 0.078712 0.4 0.24016 0.230863 0 0.4 0.0169137 0.0169137 0.0570454 0.0739591 0.0739591 
5.944 0.2515 0.2359 1.2508 0.0800 -0.070667 0.079322 0.4 0.262506 0.243541 0 0.4 0.0156459 0.0156459 0.057601 0.0732468 0.0732468 
5.954 0.2912 0.1788 1.2530 0.0799 -0.073284 0.079978 0.4 0.227134 0.231618 0 0.4 0.0168382 0.0168382 0.0581453 0.0749835 0.0749835 
5.964 0.2749 0.1903 1.2552 0.0797 -0.075902 0.079873 0.4 0.239764 0.241845 0 0.4 0.0158155 0.0158155 0.05868 0.0744955 0.0744955 
5.974 0.2846 0.2093 1.2575 0.0795 -0.078519 0.079816 0.4 0.282041 0.24839 0 0.4 0.015161 0.015161 0.0592269 0.0743878 0.0743878 
5.984 0.2581 0.2536 1.2597 0.0794 -0.081136 0.080633 0.4 0.24676 0.254276 0 0.4 0.0145724 0.0145724 0.0597075 0.07428 0.07428 
5.994 0.2752 0.2259 1.2621 0.0792 -0.086371 0.080822 0.4 0.233301 0.247884 0 0.4 0.0152116 0.0152116 0.0602001 0.0754116 0.0754116 
6.004 0.2850 0.2050 1.2643 0.0790 -0.083753 0.080308 0.4 0.243214 0.247651 0 0.4 0.0152349 0.0152349 0.0607063 0.0759413 0.0759413 
6.014 0.2769 0.2509 1.2668 0.0788 -0.088988 0.081032 0.4 0.255279 0.260165 0 0.4 0.0139835 0.0139835 0.0611903 0.0751738 0.0751738 
6.024 0.2609 0.2749 1.2692 0.0785 -0.088988 0.081810 0.4 0.238134 0.256293 0 0.4 0.0143707 0.0143707 0.0616384 0.0760091 0.0760091 
6.034 0.2688 0.2383 1.2716 0.0783 -0.088988 0.081865 0.4 0.247914 0.251073 0 0.4 0.0148927 0.0148927 0.0621247 0.0770175 0.0770175 
6.044 0.2846 0.2505 1.2742 0.0781 -0.091605 0.082325 0.4 0.269101 0.258468 0 0.4 0.0141532 0.0141532 0.0626092 0.0767624 0.0767624 
6.054 0.3048 0.2770 1.2769 0.0778 -0.088988 0.083512 0.4 0.278197 0.270943 0 0.4 0.0129057 0.0129057 0.0630588 0.0759645 0.0759645 
6.064 0.2730 0.2907 1.2795 0.0776 -0.091605 0.084651 0.4 0.277563 0.267043 0 0.4 0.0132957 0.0132957 0.0635037 0.0767994 0.0767994 
6.074 0.2650 0.3044 1.2821 0.0774 -0.088988 0.085588 0.4 0.259823 0.269542 0 0.4 0.0130458 0.0130458 0.0639314 0.0769772 0.0769772 
6.084 0.3072 0.2681 1.2849 0.0771 -0.088988 0.084683 0.4 0.285255 0.282706 0 0.4 0.0117294 0.0117294 0.0643336 0.076063 0.076063 
6.094 0.2884 0.3021 1.2876 0.0769 -0.086371 0.083997 0.4 0.306714 0.290253 0 0.4 0.0109747 0.0109747 0.0647224 0.0756972 0.0756972 
6.104 0.3483 0.2602 1.2904 0.0766 -0.086371 0.084971 0.4 0.30018 0.295795 0 0.4 0.0104205 0.0104205 0.0650772 0.0754977 0.0754977 
6.114 0.2835 0.3047 1.2932 0.0764 -0.086371 0.084437 0.4 0.277943 0.286973 0 0.4 0.0113027 0.0113027 0.0654429 0.0767456 0.0767456 
6.124 0.3494 0.2823 1.2961 0.0762 -0.086371 0.083862 0.4 0.337774 0.304481 0 0.4 0.00955188 0.00955188 0.0658038 0.0753556 0.0753556 
6.134 0.3612 0.2784 1.2989 0.0759 -0.086371 0.085002 0.4 0.297257 0.30181 0 0.4 0.00981901 0.00981901 0.0661168 0.0759358 0.0759358 
6.144 0.2631 0.3531 1.3017 0.0757 -0.086371 0.084005 0.4 0.283966 0.296897 0 0.4 0.0103103 0.0103103 0.0664438 0.076754 0.076754 
6.154 0.3440 0.2849 1.3047 0.0754 -0.088988 0.083430 0.4 0.325695 0.317264 0 0.4 0.00827361 0.00827361 0.0667455 0.0750191 0.0750191 
6.164 0.3455 0.2812 1.3078 0.0751 -0.091605 0.082889 0.4 0.303701 0.317535 0 0.4 0.00824654 0.00824654 0.0670024 0.075249 0.075249 
6.174 0.3470 0.2861 1.3108 0.0748 -0.094223 0.082024 0.4 0.312784 0.319893 0 0.4 0.00801068 0.00801068 0.0672718 0.0752825 0.0752825 
6.184 0.3792 0.3102 1.3142 0.0745 -0.096840 0.083228 0.4 0.359992 0.340878 0 0.4 0.00591217 0.00591217 0.0674962 0.0734084 0.0734084 
6.194 0.3444 0.3119 1.3173 0.0742 -0.099457 0.082006 0.4 0.337985 0.332594 0 0.4 0.00674061 0.00674061 0.0677079 0.0744485 0.0744485 
6.204 0.3648 0.3355 1.3205 0.0739 -0.104692 0.082486 0.4 0.408849 0.367225 0 0.4 0.00327745 0.00327745 0.0678875 0.071165 0.071165 
6.214 0.3948 0.2749 1.3235 0.0736 -0.107309 0.082307 0.4 0.303426 0.337855 0 0.4 0.0062145 0.0062145 0.0680473 0.0742618 0.0742618 
6.224 0.3462 0.3548 1.3267 0.0732 -0.112544 0.081573 0.4 0.39872 0.369368 0 0.4 0.0030632 0.0030632 0.0681981 0.0712613 0.0712613 
6.234 0.3996 0.2892 1.3302 0.0728 -0.115161 0.081259 0.4 0.31667 0.347591 0 0.4 0.00524085 0.00524085 0.0683391 0.07358 0.07358 
6.244 0.3504 0.3678 1.3334 0.0724 -0.120396 0.080540 0.4 0.391789 0.369754 0 0.4 0.00302463 0.00302463 0.0684716 0.0714962 0.0714962 
6.254 0.4130 0.3008 1.3368 0.0720 -0.123013 0.080679 0.4 0.35091 0.364896 0 0.4 0.00351038 0.00351038 0.0685748 0.0720852 0.0720852 
6.264 0.4001 0.3177 1.3402 0.0716 -0.130865 0.079518 0.4 0.371403 0.373786 0 0.4 0.00262136 0.00262136 0.0686674 0.0712887 0.0712887 
6.274 0.4114 0.3234 1.3437 0.0711 -0.133482 0.079806 0.4 0.400244 0.388458 0 0.4 0.00115422 0.00115422 0.068724 0.0698782 0.0698782 
6.284 0.3923 0.3475 1.3471 0.0706 -0.141334 0.078517 0.4 0.438791 0.404462 0 0.4 -0.000446191 -0.000446191 0.0687573 0.0683111 0.0683111 
6.294 0.4311 0.3029 1.3507 0.0701 -0.146569 0.078456 0.4 0.404669 0.404907 0 0.4 -0.000490668 -0.000490668 0.0687429 0.0682522 0.0682522 
6.304 0.4298 0.3377 1.3543 0.0696 -0.151803 0.077468 0.4 0.459521 0.419095 0 0.4 -0.00190953 -0.00190953 0.06873 0.0668205 0.0668205 
6.314 0.4410 0.3209 1.3577 0.0690 -0.159655 0.077289 0.4 0.374435 0.405614 0 0.4 -0.00056138 -0.00056138 0.0686729 0.0681115 0.0681115 
6.324 0.4297 0.3391 1.3615 0.0684 -0.167507 0.076233 0.4 0.413749 0.423271 0 0.4 -0.00232707 -0.00232707 0.0686202 0.0662931 0.0662931 
6.334 0.4541 0.3081 1.3653 0.0678 -0.175359 0.075238 0.4 0.433304 0.427249 0 0.4 -0.00272493 -0.00272493 0.0685254 0.0658004 0.0658004 
6.344 0.4521 0.3344 1.3689 0.0671 -0.185828 0.074434 0.4 0.477389 0.442595 0 0.4 -0.00425949 -0.00425949 0.0684281 0.0641687 0.0641687 
6.354 0.4378 0.3510 1.3727 0.0664 -0.193680 0.074006 0.4 0.455437 0.445914 0 0.4 -0.00459143 -0.00459143 0.0682779 0.0636865 0.0636865 
6.364 0.4768 0.3136 1.3765 0.0656 -0.201532 0.073397 0.4 0.430526 0.449222 0 0.4 -0.00492221 -0.00492221 0.0681137 0.0631915 0.0631915 
6.374 0.4860 0.3168 1.3802 0.0648 -0.209384 0.071854 0.4 0.497463 0.466502 0 0.4 -0.00665015 -0.00665015 0.0679248 0.0612747 0.0612747 
6.384 0.4932 0.3273 1.3842 0.0640 -0.219853 0.072074 0.4 0.486112 0.471874 0 0.4 -0.00718737 -0.00718737 0.067702 0.0605146 0.0605146 
6.394 0.4479 0.3975 1.3882 0.0631 -0.230322 0.071213 0.4 0.528173 0.490325 0 0.4 -0.00903247 -0.00903247 0.0674646 0.0584321 0.0584321 
