%% logfile from robot Ella (8)
% Ella (8)
%  1    time 2.005 sec
%  2  3 Motor velocity ref left, right: -0.2342 -0.2023
%  4  5  6  7 Pose x,y,h,tilt [m,m,rad,rad]: 0.0129816 0.000109894 -2.32831e-10 -0.00510646
%  8 17 ctrl bal vel, ref=0.2, m=-0.0399115, m2=-0.0399115, uf=0, r2=0.2, ep=0.0719735,up=0.0719735, ui=0, u1=0.0719735, u=0.0719735
2.015 -0.2391 -0.2400 0.0118 0.0001 0.005235 0.000100 0.2 -0.100216 -0.100216 0 0.2 0.0900647 0.0900647 0 0.0900647 0.0900647 
2.025 -0.2814 -0.0975 0.0101 0.0001 0.010469 0.017627 0.2 -0.125279 -0.125279 0 0.2 0.0975838 0.0975838 0 0.0975838 0.0975838 
2.035 -0.2070 0.0276 0.0087 0.0001 0.018321 0.040002 0.2 -0.0789794 -0.0789794 0 0.2 0.0836938 0.0836938 0 0.0836938 0.0836938 
2.045 -0.0810 0.1267 0.0079 0.0001 0.028790 0.060801 0.2 -0.0294981 -0.0294981 0 0.2 0.0688494 0.0688494 0 0.0688494 0.0688494 
2.055 -0.1456 0.1082 0.0073 0.0000 0.036642 0.073541 0.2 -0.0170789 -0.0170789 0 0.2 0.0651237 0.0651237 0 0.0651237 0.0651237 
2.065 -0.1323 0.1082 0.0067 0.0000 0.049729 0.076425 0.2 0.0122393 0.0122393 0 0.2 0.0563282 0.0563282 0 0.0563282 0.0563282 
2.075 -0.0319 0.1880 0.0063 -0.0000 0.065432 0.078423 0.2 0.085982 0.085982 0 0.2 0.0342054 0.0342054 0 0.0342054 0.0342054 
2.085 0.1062 0.2523 0.0067 0.0000 0.075902 0.078958 0.2 0.163175 0.163175 0 0.2 0.0110474 0.0110474 0 0.0110474 0.0110474 
2.095 0.0365 0.2356 0.0077 0.0001 0.083753 0.075974 0.2 0.173987 0.173987 0 0.2 0.00780375 0.00780375 0 0.00780375 0.00780375 
2.105 0.0560 0.2208 0.0085 0.0002 0.099457 0.066571 0.2 0.204476 0.204476 0 0.2 -0.00134287 -0.00134287 0 -0.00134287 -0.00134287 
2.115 0.1725 0.2743 0.0095 0.0003 0.112544 0.058820 0.2 0.224557 0.224557 0 0.2 -0.00736709 -0.00736709 0 -0.00736709 -0.00736709 
2.125 0.0037 0.2222 0.0111 0.0005 0.123013 0.049304 0.2 0.22942 0.22942 0 0.2 -0.00882589 -0.00882589 0 -0.00882589 -0.00882589 
2.135 0.1027 0.1638 0.0121 0.0006 0.136099 0.037008 0.2 0.208988 0.208988 0 0.2 -0.00269644 -0.00269644 0 -0.00269644 -0.00269644 
2.145 -0.0878 0.0865 0.0133 0.0008 0.141334 0.026315 0.2 0.145814 0.145814 0 0.2 0.0162558 0.0162558 0 0.0162558 0.0162558 
2.155 -0.0094 -0.0193 0.0139 0.0009 0.149186 0.017166 0.2 0.0910389 0.0910389 0 0.2 0.0326883 0.0326883 0 0.0326883 0.0326883 
2.165 0.0428 0.0682 0.0141 0.0009 0.157038 0.014163 0.2 0.111771 0.111771 0 0.2 0.0264688 0.0264688 0 0.0264688 0.0264688 
2.175 0.0526 0.0763 0.0151 0.0010 0.154421 0.016596 0.2 0.088671 0.088671 0 0.2 0.0333987 0.0333987 0 0.0333987 0.0333987 
2.185 0.0095 0.0192 0.0153 0.0011 0.162272 0.017003 0.2 0.0683521 0.0683521 0 0.2 0.0394944 0.0394944 0 0.0394944 0.0394944 
2.195 -0.0144 0.0027 0.0155 0.0011 0.159655 0.019155 0.2 0.0372474 0.0372474 0 0.2 0.0488258 0.0488258 0 0.0488258 0.0488258 
2.205 -0.0865 -0.0985 0.0151 0.0010 0.159655 0.018210 0.2 -0.0264934 -0.0264934 0 0.2 0.067948 0.067948 0 0.067948 0.067948 
2.215 -0.0801 -0.0769 0.0147 0.0010 0.159655 0.021149 0.2 -0.0467567 -0.0467567 0 0.2 0.074027 0.074027 0 0.074027 0.074027 
2.225 -0.0190 -0.0241 0.0145 0.0010 0.157038 0.029888 0.2 -0.0280806 -0.0280806 0 0.2 0.0684242 0.0684242 0 0.0684242 0.0684242 
2.235 0.0120 -0.0042 0.0143 0.0009 0.154421 0.037365 0.2 -0.0165948 -0.0165948 0 0.2 0.0649784 0.0649784 0 0.0649784 0.0649784 
2.245 0.0117 0.0317 0.0143 0.0009 0.154421 0.044532 0.2 -0.0117773 -0.0117773 0 0.2 0.0635332 0.0635332 0 0.0635332 0.0635332 
2.255 0.0178 0.0353 0.0145 0.0010 0.151803 0.048916 0.2 0.0113776 0.0113776 0 0.2 0.0565867 0.0565867 0 0.0565867 0.0565867 
2.265 0.0101 0.0229 0.0145 0.0010 0.151803 0.051013 0.2 0.0113776 0.0113776 0 0.2 0.0565867 0.0565867 0 0.0565867 0.0565867 
2.275 0.0173 0.0422 0.0145 0.0010 0.151803 0.053042 0.2 0.0113776 0.0113776 0 0.2 0.0565867 0.0565867 0 0.0565867 0.0565867 
2.285 0.0531 0.0437 0.0145 0.0010 0.151803 0.055930 0.2 0.0104593 0.0104593 0 0.2 0.0568622 0.0568622 0 0.0568622 0.0568622 
2.295 0.0419 0.0457 0.0149 0.0010 0.151803 0.058183 0.2 0.00987709 0.00987709 0 0.2 0.0570369 0.0570369 0 0.0570369 0.0570369 
2.305 0.1014 0.0335 0.0151 0.0010 0.154421 0.058895 0.2 0.029981 0.029981 0 0.2 0.0510057 0.0510057 0 0.0510057 0.0510057 
2.315 0.0780 0.0639 0.0154 0.0011 0.151803 0.060034 0.2 0.029981 0.029981 0 0.2 0.0510057 0.0510057 0 0.0510057 0.0510057 
2.325 0.0687 0.0856 0.0158 0.0011 0.151803 0.060665 0.2 0.0327823 0.0327823 0 0.2 0.0501653 0.0501653 0 0.0501653 0.0501653 
2.335 0.0687 0.1450 0.0164 0.0012 0.154421 0.061156 0.2 0.0603748 0.0603748 0 0.2 0.0418876 0.0418876 0 0.0418876 0.0418876 
2.345 0.0937 0.1021 0.0170 0.0013 0.151803 0.059959 0.2 0.0592062 0.0592062 0 0.2 0.0422381 0.0422381 0 0.0422381 0.0422381 
2.355 0.1057 0.1775 0.0178 0.0014 0.151803 0.058747 0.2 0.0979965 0.0979965 0 0.2 0.0306011 0.0306011 0 0.0306011 0.0306011 
2.365 0.1286 0.1029 0.0186 0.0016 0.151803 0.056041 0.2 0.0916316 0.0916316 0 0.2 0.0325105 0.0325105 0 0.0325105 0.0325105 
2.375 0.1369 0.1073 0.0194 0.0017 0.151803 0.052084 0.2 0.113636 0.113636 0 0.2 0.0259092 0.0259092 0 0.0259092 0.0259092 
2.385 0.1350 0.1039 0.0206 0.0019 0.151803 0.048207 0.2 0.110664 0.110664 0 0.2 0.0268008 0.0268008 0 0.0268008 0.0268008 
2.395 0.1376 0.0867 0.0212 0.0020 0.149186 0.044522 0.2 0.116931 0.116931 0 0.2 0.0249208 0.0249208 0 0.0249208 0.0249208 
2.405 0.0963 0.1119 0.0222 0.0021 0.146569 0.040755 0.2 0.109488 0.109488 0 0.2 0.0271536 0.0271536 0 0.0271536 0.0271536 
2.415 0.1146 0.0566 0.0230 0.0022 0.146569 0.038225 0.2 0.085894 0.085894 0 0.2 0.0342318 0.0342318 0 0.0342318 0.0342318 
2.425 0.1097 0.1238 0.0238 0.0024 0.141334 0.036737 0.2 0.114941 0.114941 0 0.2 0.0255176 0.0255176 0 0.0255176 0.0255176 
2.435 0.1463 0.0731 0.0250 0.0025 0.141334 0.035786 0.2 0.0995485 0.0995485 0 0.2 0.0301355 0.0301355 0 0.0301355 0.0301355 
2.445 0.1670 0.0484 0.0256 0.0026 0.138717 0.034882 0.2 0.109577 0.109577 0 0.2 0.027127 0.027127 0 0.027127 0.027127 
2.455 0.1340 0.1179 0.0264 0.0027 0.133482 0.033613 0.2 0.123941 0.123941 0 0.2 0.0228176 0.0228176 0 0.0228176 0.0228176 
2.465 0.1642 0.0737 0.0272 0.0028 0.128248 0.032429 0.2 0.11728 0.11728 0 0.2 0.024816 0.024816 0 0.024816 0.024816 
2.475 0.1306 0.1178 0.0280 0.0029 0.123013 0.031357 0.2 0.130026 0.130026 0 0.2 0.0209922 0.0209922 0 0.0209922 0.0209922 
2.485 0.0921 0.0971 0.0290 0.0031 0.120396 0.029379 0.2 0.110987 0.110987 0 0.2 0.0267039 0.0267039 0 0.0267039 0.0267039 
2.495 0.1534 0.0597 0.0298 0.0031 0.115161 0.027598 0.2 0.126571 0.126571 0 0.2 0.0220287 0.0220287 0 0.0220287 0.0220287 
2.505 0.1438 -0.0168 0.0306 0.0032 0.109926 0.026800 0.2 0.131752 0.131752 0 0.2 0.0204744 0.0204744 0 0.0204744 0.0204744 
2.515 0.1805 0.1080 0.0314 0.0033 0.104692 0.026885 0.2 0.149668 0.149668 0 0.2 0.0150997 0.0150997 0 0.0150997 0.0150997 
2.525 0.0989 0.0467 0.0324 0.0034 0.102075 0.025897 0.2 0.0925631 0.0925631 0 0.2 0.0322311 0.0322311 0 0.0322311 0.0322311 
2.535 0.1182 0.0561 0.0330 0.0035 0.094223 0.024254 0.2 0.110758 0.110758 0 0.2 0.0267727 0.0267727 0 0.0267727 0.0267727 
2.545 0.1150 0.0547 0.0338 0.0036 0.094223 0.023701 0.2 0.104406 0.104406 0 0.2 0.0286783 0.0286783 0 0.0286783 0.0286783 
2.555 0.0952 0.0660 0.0346 0.0036 0.094223 0.024524 0.2 0.0881931 0.0881931 0 0.2 0.0335421 0.0335421 0 0.0335421 0.0335421 
2.565 0.1084 0.0771 0.0353 0.0037 0.091605 0.026580 0.2 0.0894506 0.0894506 0 0.2 0.0331648 0.0331648 0 0.0331648 0.0331648 
2.575 0.1633 0.1016 0.0359 0.0037 0.083753 0.029214 0.2 0.116766 0.116766 0 0.2 0.0249701 0.0249701 0 0.0249701 0.0249701 
2.585 0.1196 0.0636 0.0367 0.0038 0.083753 0.029431 0.2 0.0936016 0.0936016 0 0.2 0.0319195 0.0319195 0 0.0319195 0.0319195 
2.595 0.0753 0.0643 0.0373 0.0039 0.081136 0.028820 0.2 0.0787004 0.0787004 0 0.2 0.0363899 0.0363899 0 0.0363899 0.0363899 
2.605 0.0957 0.0622 0.0377 0.0039 0.075902 0.029070 0.2 0.0779799 0.0779799 0 0.2 0.036606 0.036606 0 0.036606 0.036606 
2.615 0.1592 0.1121 0.0389 0.0040 0.075902 0.030849 0.2 0.121402 0.121402 0 0.2 0.0235793 0.0235793 0 0.0235793 0.0235793 
2.625 0.1079 0.1186 0.0397 0.0041 0.075902 0.032540 0.2 0.103815 0.103815 0 0.2 0.0288556 0.0288556 0 0.0288556 0.0288556 
2.635 0.0815 0.0605 0.0403 0.0041 0.073284 0.031397 0.2 0.0722152 0.0722152 0 0.2 0.0383354 0.0383354 0 0.0383354 0.0383354 
2.645 0.1342 0.0786 0.0407 0.0041 0.068050 0.031635 0.2 0.0979501 0.0979501 0 0.2 0.030615 0.030615 0 0.030615 0.030615 
2.655 0.1761 0.1497 0.0421 0.0042 0.065432 0.033249 0.2 0.13749 0.13749 0 0.2 0.0187531 0.0187531 0 0.0187531 0.0187531 
2.665 0.1552 0.1159 0.0433 0.0043 0.065432 0.033140 0.2 0.131006 0.131006 0 0.2 0.0206983 0.0206983 0 0.0206983 0.0206983 
2.675 0.1103 0.0820 0.0444 0.0044 0.062815 0.028596 0.2 0.129153 0.129153 0 0.2 0.0212541 0.0212541 0 0.0212541 0.0212541 
2.685 0.0922 0.0380 0.0450 0.0044 0.060198 0.025117 0.2 0.100176 0.100176 0 0.2 0.0299473 0.0299473 0 0.0299473 0.0299473 
2.695 0.1216 0.0934 0.0458 0.0045 0.054963 0.024668 0.2 0.11155 0.11155 0 0.2 0.0265349 0.0265349 0 0.0265349 0.0265349 
2.705 0.1745 0.1828 0.0470 0.0045 0.054963 0.027938 0.2 0.153764 0.153764 0 0.2 0.0138708 0.0138708 0 0.0138708 0.0138708 
2.715 0.1724 0.1322 0.0482 0.0046 0.054963 0.030188 0.2 0.134951 0.134951 0 0.2 0.0195146 0.0195146 0 0.0195146 0.0195146 
2.725 0.1288 0.1169 0.0492 0.0046 0.047111 0.027952 0.2 0.133943 0.133943 0 0.2 0.019817 0.019817 0 0.019817 0.019817 
2.735 0.1611 0.0881 0.0504 0.0047 0.047111 0.025531 0.2 0.139138 0.139138 0 0.2 0.0182585 0.0182585 0 0.0182585 0.0182585 
2.745 0.1360 0.1029 0.0514 0.0047 0.044494 0.023940 0.2 0.139407 0.139407 0 0.2 0.0181778 0.0181778 0 0.0181778 0.0181778 
2.755 0.1399 0.0780 0.0527 0.0048 0.039259 0.021819 0.2 0.134017 0.134017 0 0.2 0.0197949 0.0197949 0 0.0197949 0.0197949 
2.765 0.1277 0.0732 0.0537 0.0048 0.036642 0.020581 0.2 0.11958 0.11958 0 0.2 0.0241259 0.0241259 0 0.0241259 0.0241259 
2.775 0.1465 0.0848 0.0545 0.0049 0.031408 0.020458 0.2 0.130523 0.130523 0 0.2 0.0208432 0.0208432 0 0.0208432 0.0208432 
2.785 0.1973 0.1022 0.0555 0.0049 0.028790 0.021561 0.2 0.150354 0.150354 0 0.2 0.0148937 0.0148937 0 0.0148937 0.0148937 
2.795 0.1552 0.0914 0.0567 0.0049 0.028790 0.021646 0.2 0.129088 0.129088 0 0.2 0.0212736 0.0212736 0 0.0212736 0.0212736 
2.805 0.1469 0.0930 0.0575 0.0049 0.023556 0.020833 0.2 0.138458 0.138458 0 0.2 0.0184627 0.0184627 0 0.0184627 0.0184627 
2.815 0.1673 0.0992 0.0587 0.0050 0.018321 0.020591 0.2 0.147015 0.147015 0 0.2 0.0158956 0.0158956 0 0.0158956 0.0158956 
2.825 0.1278 0.0830 0.0598 0.0050 0.015704 0.020152 0.2 0.120837 0.120837 0 0.2 0.0237488 0.0237488 0 0.0237488 0.0237488 
2.835 0.1711 0.0665 0.0606 0.0050 0.010469 0.019634 0.2 0.13812 0.13812 0 0.2 0.0185641 0.0185641 0 0.0185641 0.0185641 
2.845 0.1720 0.1168 0.0618 0.0050 0.005235 0.019890 0.2 0.15521 0.15521 0 0.2 0.0134369 0.0134369 0 0.0134369 0.0134369 
2.855 0.1723 0.1290 0.0632 0.0050 0.002617 0.020973 0.2 0.151879 0.151879 0 0.2 0.0144364 0.0144364 0 0.0144364 0.0144364 
2.865 0.1163 0.0928 0.0640 0.0050 -0.002617 0.019592 0.2 0.13121 0.13121 0 0.2 0.0206369 0.0206369 0 0.0206369 0.0206369 
2.875 0.1173 0.0874 0.0650 0.0050 -0.005235 0.018492 0.2 0.130226 0.130226 0 0.2 0.0209322 0.0209322 0 0.0209322 0.0209322 
2.885 0.0959 0.0539 0.0658 0.0050 -0.005235 0.018107 0.2 0.0961759 0.0961759 0 0.2 0.0311472 0.0311472 0 0.0311472 0.0311472 
2.895 0.0739 0.0524 0.0667 0.0050 -0.010469 0.018640 0.2 0.0791553 0.0791553 0 0.2 0.0362534 0.0362534 0 0.0362534 0.0362534 
2.905 0.1115 0.0880 0.0673 0.0050 -0.013086 0.020968 0.2 0.0977387 0.0977387 0 0.2 0.0306784 0.0306784 0 0.0306784 0.0306784 
2.915 0.1971 0.1299 0.0683 0.0050 -0.015704 0.024674 0.2 0.13873 0.13873 0 0.2 0.018381 0.018381 0 0.018381 0.018381 
2.925 0.2276 0.2051 0.0697 0.0050 -0.018321 0.029070 0.2 0.182812 0.182812 0 0.2 0.00515639 0.00515639 0 0.00515639 0.00515639 
2.935 0.1100 0.0862 0.0709 0.0049 -0.018321 0.026120 0.2 0.12107 0.12107 0 0.2 0.023679 0.023679 0 0.023679 0.023679 
2.945 0.0495 0.0394 0.0717 0.0049 -0.018321 0.021830 0.2 0.085875 0.085875 0 0.2 0.0342375 0.0342375 0 0.0342375 0.0342375 
2.955 0.0423 0.0307 0.0723 0.0049 -0.020938 0.020516 0.2 0.0580629 0.0580629 0 0.2 0.0425811 0.0425811 0 0.0425811 0.0425811 
2.965 0.1455 0.1084 0.0731 0.0049 -0.020938 0.024964 0.2 0.0962346 0.0962346 0 0.2 0.0311296 0.0311296 0 0.0311296 0.0311296 
2.975 0.2313 0.2296 0.0748 0.0049 -0.020938 0.030456 0.2 0.169037 0.169037 0 0.2 0.00928902 0.00928902 0 0.00928902 0.00928902 
2.985 0.1606 0.2035 0.0764 0.0048 -0.020938 0.033850 0.2 0.148081 0.148081 0 0.2 0.0155756 0.0155756 0 0.0155756 0.0155756 
2.995 0.0775 0.0601 0.0772 0.0048 -0.020938 0.027837 0.2 0.0951809 0.0951809 0 0.2 0.0314457 0.0314457 0 0.0314457 0.0314457 
3.005 0.0367 0.0242 0.0778 0.0048 -0.018321 0.022890 0.2 0.064993 0.064993 0 0.2 0.0405021 0.0405021 0 0.0405021 0.0405021 
3.015 0.1449 0.1490 0.0788 0.0048 -0.020938 0.024741 0.2 0.122202 0.122202 0 0.2 0.0233393 0.0233393 0 0.0233393 0.0233393 
3.025 0.2433 0.2733 0.0804 0.0047 -0.020938 0.029518 0.2 0.202469 0.202469 0 0.2 -0.000740768 -0.000740768 0 -0.000740768 -0.000740768 
3.035 0.2218 0.2627 0.0825 0.0047 -0.020938 0.032291 0.2 0.19799 0.19799 0 0.2 0.000603104 0.000603104 0 0.000603104 0.000603104 
3.045 0.0904 0.0649 0.0837 0.0047 -0.020938 0.025987 0.2 0.112294 0.112294 0 0.2 0.0263118 0.0263118 0 0.0263118 0.0263118 
3.055 0.0150 -0.0098 0.0841 0.0047 -0.020938 0.018933 0.2 0.0618138 0.0618138 0 0.2 0.0414559 0.0414559 0 0.0414559 0.0414559 
3.065 0.0892 0.0770 0.0849 0.0046 -0.020938 0.018887 0.2 0.0715713 0.0715713 0 0.2 0.0385286 0.0385286 0 0.0385286 0.0385286 
3.075 0.2689 0.2927 0.0865 0.0046 -0.020938 0.026945 0.2 0.205326 0.205326 0 0.2 -0.00159771 -0.00159771 0 -0.00159771 -0.00159771 
3.085 0.2857 0.2877 0.0886 0.0046 -0.020938 0.032802 0.2 0.22221 0.22221 0 0.2 -0.00666291 -0.00666291 0 -0.00666291 -0.00666291 
3.095 0.0903 0.0711 0.0900 0.0045 -0.018321 0.026223 0.2 0.119589 0.119589 0 0.2 0.0241233 0.0241233 0 0.0241233 0.0241233 
3.105 0.0148 0.0293 0.0910 0.0045 -0.020938 0.018460 0.2 0.081641 0.081641 0 0.2 0.0355077 0.0355077 0 0.0355077 0.0355077 
3.115 0.1136 0.0995 0.0918 0.0045 -0.020938 0.016594 0.2 0.108095 0.108095 0 0.2 0.0275715 0.0275715 0 0.0275715 0.0275715 
3.125 0.2640 0.2836 0.0932 0.0045 -0.023556 0.023387 0.2 0.208532 0.208532 0 0.2 -0.00255948 -0.00255948 0 -0.00255948 -0.00255948 
3.135 0.2976 0.2809 0.0957 0.0044 -0.023556 0.029249 0.2 0.218025 0.218025 0 0.2 -0.00540749 -0.00540749 0 -0.00540749 -0.00540749 
3.145 0.0564 0.0891 0.0971 0.0044 -0.020938 0.023112 0.2 0.113721 0.113721 0 0.2 0.0258837 0.0258837 0 0.0258837 0.0258837 
3.155 0.0522 -0.0365 0.0977 0.0044 -0.023556 0.014345 0.2 0.0844479 0.0844479 0 0.2 0.0346656 0.0346656 0 0.0346656 0.0346656 
3.165 0.1046 0.0797 0.0983 0.0044 -0.026173 0.012661 0.2 0.100083 0.100083 0 0.2 0.0299752 0.0299752 0 0.0299752 0.0299752 
3.175 0.2259 0.2733 0.0999 0.0043 -0.026173 0.020229 0.2 0.182465 0.182465 0 0.2 0.00526046 0.00526046 0 0.00526046 0.00526046 
3.185 0.3025 0.2784 0.1023 0.0043 -0.026173 0.026398 0.2 0.223111 0.223111 0 0.2 -0.0069333 -0.0069333 0 -0.0069333 -0.0069333 
3.195 0.1147 0.0859 0.1036 0.0042 -0.026173 0.020656 0.2 0.14388 0.14388 0 0.2 0.0168361 0.0168361 0 0.0168361 0.0168361 
3.205 0.0481 -0.0402 0.1042 0.0042 -0.028790 0.012522 0.2 0.0826108 0.0826108 0 0.2 0.0352168 0.0352168 0 0.0352168 0.0352168 
3.215 0.1315 0.0958 0.1052 0.0042 -0.031408 0.010204 0.2 0.13666 0.13666 0 0.2 0.019002 0.019002 0 0.019002 0.019002 
3.225 0.2355 0.2421 0.1068 0.0041 -0.031408 0.016408 0.2 0.188733 0.188733 0 0.2 0.0033802 0.0033802 0 0.0033802 0.0033802 
3.235 0.1942 0.2901 0.1088 0.0041 -0.031408 0.021853 0.2 0.189974 0.189974 0 0.2 0.00300791 0.00300791 0 0.00300791 0.00300791 
3.245 0.0691 0.0413 0.1099 0.0040 -0.034025 0.017130 0.2 0.104123 0.104123 0 0.2 0.0287632 0.0287632 0 0.0287632 0.0287632 
3.255 -0.0072 0.0052 0.1103 0.0040 -0.034025 0.010616 0.2 0.0733561 0.0733561 0 0.2 0.0379932 0.0379932 0 0.0379932 0.0379932 
3.265 0.1419 0.1204 0.1109 0.0040 -0.041877 0.012567 0.2 0.125273 0.125273 0 0.2 0.0224181 0.0224181 0 0.0224181 0.0224181 
3.275 0.3331 0.3045 0.1125 0.0039 -0.041877 0.020550 0.2 0.248573 0.248573 0 0.2 -0.0145718 -0.0145718 0 -0.0145718 -0.0145718 
3.285 0.2207 0.2687 0.1147 0.0038 -0.044494 0.025360 0.2 0.218671 0.218671 0 0.2 -0.00560139 -0.00560139 0 -0.00560139 -0.00560139 
3.295 0.0535 0.0072 0.1157 0.0038 -0.041877 0.016512 0.2 0.114669 0.114669 0 0.2 0.0255992 0.0255992 0 0.0255992 0.0255992 
3.305 0.0137 -0.0236 0.1161 0.0038 -0.047111 0.009704 0.2 0.0766768 0.0766768 0 0.2 0.036997 0.036997 0 0.036997 0.036997 
3.315 0.1342 0.1792 0.1169 0.0037 -0.052346 0.012710 0.2 0.150282 0.150282 0 0.2 0.0149153 0.0149153 0 0.0149153 0.0149153 
3.325 0.3081 0.2784 0.1190 0.0036 -0.052346 0.019700 0.2 0.238718 0.238718 0 0.2 -0.0116153 -0.0116153 0 -0.0116153 -0.0116153 
3.335 0.1884 0.1677 0.1208 0.0035 -0.049729 0.022335 0.2 0.177134 0.177134 0 0.2 0.00685984 0.00685984 0 0.00685984 0.00685984 
3.345 0.0066 -0.0039 0.1214 0.0035 -0.052346 0.014080 0.2 0.0761217 0.0761217 0 0.2 0.0371635 0.0371635 0 0.0371635 0.0371635 
3.355 -0.0646 0.0013 0.1214 0.0035 -0.052346 0.009803 0.2 0.0307612 0.0307612 0 0.2 0.0507716 0.0507716 0 0.0507716 0.0507716 
3.365 0.0881 0.0696 0.1218 0.0035 -0.052346 0.018239 0.2 0.021904 0.021904 0 0.2 0.0534288 0.0534288 0 0.0534288 0.0534288 
3.375 0.3202 0.3031 0.1234 0.0034 -0.052346 0.029627 0.2 0.21094 0.21094 0 0.2 -0.00328189 -0.00328189 0 -0.00328189 -0.00328189 
3.385 0.2038 0.2472 0.1252 0.0033 -0.049729 0.035731 0.2 0.175566 0.175566 0 0.2 0.00733033 0.00733033 0 0.00733033 0.00733033 
3.395 0.0708 0.0856 0.1263 0.0032 -0.047111 0.027541 0.2 0.124402 0.124402 0 0.2 0.0226795 0.0226795 0 0.0226795 0.0226795 
3.405 0.0208 0.0325 0.1273 0.0032 -0.044494 0.020031 0.2 0.08325 0.08325 0 0.2 0.035025 0.035025 0 0.035025 0.035025 
3.415 0.0552 0.0881 0.1279 0.0032 -0.047111 0.018203 0.2 0.0858947 0.0858947 0 0.2 0.0342316 0.0342316 0 0.0342316 0.0342316 
3.425 0.0825 0.2125 0.1291 0.0031 -0.041877 0.022630 0.2 0.176217 0.176217 0 0.2 0.00713491 0.00713491 0 0.00713491 0.00713491 
3.435 0.2333 0.2760 0.1313 0.0030 -0.039259 0.027396 0.2 0.199826 0.199826 0 0.2 5.20885e-05 5.20885e-05 0 5.20885e-05 5.20885e-05 
3.445 0.0333 0.0670 0.1323 0.0030 -0.036642 0.022143 0.2 0.108609 0.108609 0 0.2 0.0274174 0.0274174 0 0.0274174 0.0274174 
3.455 -0.0627 0.0004 0.1329 0.0030 -0.034025 0.014153 0.2 0.0545615 0.0545615 0 0.2 0.0436315 0.0436315 0 0.0436315 0.0436315 
3.465 0.0067 0.0304 0.1332 0.0030 -0.036642 0.013047 0.2 0.0404662 0.0404662 0 0.2 0.0478601 0.0478601 0 0.0478601 0.0478601 
3.475 0.1843 0.1935 0.1342 0.0029 -0.034025 0.020844 0.2 0.137432 0.137432 0 0.2 0.0187705 0.0187705 0 0.0187705 0.0187705 
3.485 0.2399 0.2709 0.1360 0.0029 -0.031408 0.028866 0.2 0.188302 0.188302 0 0.2 0.00350942 0.00350942 0 0.00350942 0.00350942 
3.495 0.0511 0.1085 0.1372 0.0028 -0.026173 0.026812 0.2 0.112326 0.112326 0 0.2 0.0263021 0.0263021 0 0.0263021 0.0263021 
3.505 0.0149 -0.0349 0.1376 0.0028 -0.026173 0.019449 0.2 0.0687055 0.0687055 0 0.2 0.0393884 0.0393884 0 0.0393884 0.0393884 
3.515 -0.1394 -0.0093 0.1380 0.0028 -0.026173 0.014449 0.2 0.0464646 0.0464646 0 0.2 0.0460606 0.0460606 0 0.0460606 0.0460606 
3.525 0.0871 0.0921 0.1384 0.0028 -0.026173 0.020020 0.2 0.0533171 0.0533171 0 0.2 0.0440049 0.0440049 0 0.0440049 0.0440049 
3.535 0.2269 0.2937 0.1396 0.0028 -0.020938 0.029347 0.2 0.184163 0.184163 0 0.2 0.00475104 0.00475104 0 0.00475104 0.00475104 
3.545 0.1719 0.2060 0.1413 0.0027 -0.020938 0.035635 0.2 0.148723 0.148723 0 0.2 0.0153831 0.0153831 0 0.0153831 0.0153831 
3.555 0.0213 0.0614 0.1421 0.0027 -0.015704 0.028003 0.2 0.10693 0.10693 0 0.2 0.0279209 0.0279209 0 0.0279209 0.0279209 
3.565 -0.0182 -0.0368 0.1423 0.0027 -0.013086 0.020372 0.2 0.0493613 0.0493613 0 0.2 0.0451916 0.0451916 0 0.0451916 0.0451916 
3.575 0.0029 0.0226 0.1427 0.0027 -0.013086 0.019811 0.2 0.0282008 0.0282008 0 0.2 0.0515397 0.0515397 0 0.0515397 0.0515397 
3.585 0.1889 0.2474 0.1437 0.0027 -0.010469 0.027325 0.2 0.161747 0.161747 0 0.2 0.011476 0.011476 0 0.011476 0.011476 
3.595 0.3183 0.2640 0.1455 0.0027 -0.007852 0.035267 0.2 0.217164 0.217164 0 0.2 -0.00514926 -0.00514926 0 -0.00514926 -0.00514926 
3.605 0.0424 0.0925 0.1467 0.0027 -0.007852 0.031484 0.2 0.116536 0.116536 0 0.2 0.0250392 0.0250392 0 0.0250392 0.0250392 
3.615 -0.0576 0.0103 0.1469 0.0027 -0.005235 0.022484 0.2 0.062884 0.062884 0 0.2 0.0411348 0.0411348 0 0.0411348 0.0411348 
3.625 -0.0811 -0.0708 0.1465 0.0027 -0.005235 0.018986 0.2 -0.029684 -0.029684 0 0.2 0.0689052 0.0689052 0 0.0689052 0.0689052 
3.635 0.1085 0.0994 0.1471 0.0027 -0.007852 0.026850 0.2 0.0470691 0.0470691 0 0.2 0.0458793 0.0458793 0 0.0458793 0.0458793 
3.645 0.2193 0.3028 0.1486 0.0027 -0.005235 0.037041 0.2 0.172346 0.172346 0 0.2 0.00829621 0.00829621 0 0.00829621 0.00829621 
3.655 0.1491 0.1720 0.1498 0.0027 -0.000000 0.041412 0.2 0.138566 0.138566 0 0.2 0.0184302 0.0184302 0 0.0184302 0.0184302 
3.665 0.0251 -0.0223 0.1502 0.0027 -0.000000 0.033946 0.2 0.0500184 0.0500184 0 0.2 0.0449945 0.0449945 0 0.0449945 0.0449945 
3.675 0.0130 -0.0104 0.1504 0.0027 -0.002617 0.026658 0.2 0.0739119 0.0739119 0 0.2 0.0378264 0.0378264 0 0.0378264 0.0378264 
3.685 0.0681 0.0407 0.1508 0.0027 -0.002617 0.027382 0.2 0.05242 0.05242 0 0.2 0.044274 0.044274 0 0.044274 0.044274 
3.695 0.1851 0.1555 0.1518 0.0027 -0.005235 0.032110 0.2 0.131317 0.131317 0 0.2 0.020605 0.020605 0 0.020605 0.020605 
3.705 0.1778 0.1299 0.1530 0.0027 -0.000000 0.035516 0.2 0.123306 0.123306 0 0.2 0.0230083 0.0230083 0 0.0230083 0.0230083 
3.715 0.0344 0.0299 0.1534 0.0027 -0.000000 0.031510 0.2 0.06828 0.06828 0 0.2 0.039516 0.039516 0 0.039516 0.039516 
3.725 -0.0082 -0.0304 0.1534 0.0027 -0.005235 0.026851 0.2 0.0406784 0.0406784 0 0.2 0.0477965 0.0477965 0 0.0477965 0.0477965 
3.735 0.0345 0.0427 0.1536 0.0027 -0.002617 0.027434 0.2 0.0418357 0.0418357 0 0.2 0.0474493 0.0474493 0 0.0474493 0.0474493 
3.745 0.1432 0.1207 0.1544 0.0027 -0.002617 0.033557 0.2 0.0900021 0.0900021 0 0.2 0.0329994 0.0329994 0 0.0329994 0.0329994 
3.755 0.1751 0.1842 0.1557 0.0027 -0.002617 0.038591 0.2 0.138138 0.138138 0 0.2 0.0185586 0.0185586 0 0.0185586 0.0185586 
3.765 -0.0003 0.0094 0.1561 0.0027 -0.002617 0.034105 0.2 0.0582609 0.0582609 0 0.2 0.0425217 0.0425217 0 0.0425217 0.0425217 
3.775 -0.0591 -0.0483 0.1559 0.0027 -0.005235 0.027872 0.2 0.0205432 0.0205432 0 0.2 0.0538371 0.0538371 0 0.0538371 0.0538371 
3.785 -0.0079 -0.0027 0.1559 0.0027 -0.005235 0.027860 0.2 0.0136365 0.0136365 0 0.2 0.0559091 0.0559091 0 0.0559091 0.0559091 
3.795 0.1339 0.0876 0.1565 0.0026 -0.002617 0.034227 0.2 0.0773585 0.0773585 0 0.2 0.0367925 0.0367925 0 0.0367925 0.0367925 
3.805 0.1810 0.1622 0.1575 0.0026 -0.005235 0.040263 0.2 0.124876 0.124876 0 0.2 0.0225372 0.0225372 0 0.0225372 0.0225372 
3.815 0.0691 0.0714 0.1581 0.0026 -0.002617 0.040093 0.2 0.0934201 0.0934201 0 0.2 0.031974 0.031974 0 0.031974 0.031974 
3.825 -0.0097 0.0050 0.1583 0.0026 -0.000000 0.035262 0.2 0.0524502 0.0524502 0 0.2 0.0442649 0.0442649 0 0.0442649 0.0442649 
3.835 -0.0364 -0.0415 0.1581 0.0026 -0.002617 0.031398 0.2 0.0159648 0.0159648 0 0.2 0.0552106 0.0552106 0 0.0552106 0.0552106 
3.845 0.0292 0.0344 0.1585 0.0026 -0.002617 0.033545 0.2 0.0374475 0.0374475 0 0.2 0.0487658 0.0487658 0 0.0487658 0.0487658 
3.855 0.0935 0.0769 0.1591 0.0026 -0.000000 0.037916 0.2 0.0696438 0.0696438 0 0.2 0.0391069 0.0391069 0 0.0391069 0.0391069 
3.865 0.1062 0.0861 0.1595 0.0026 -0.000000 0.041450 0.2 0.0782213 0.0782213 0 0.2 0.0365336 0.0365336 0 0.0365336 0.0365336 
3.875 0.0351 0.0133 0.1597 0.0026 0.002617 0.040465 0.2 0.0412532 0.0412532 0 0.2 0.047624 0.047624 0 0.047624 0.047624 
3.885 -0.0075 0.0081 0.1599 0.0026 -0.000000 0.039254 0.2 0.0227485 0.0227485 0 0.2 0.0531755 0.0531755 0 0.0531755 0.0531755 
3.895 -0.0309 -0.0269 0.1595 0.0026 -0.000000 0.039150 0.2 -0.0156031 -0.0156031 0 0.2 0.0646809 0.0646809 0 0.0646809 0.0646809 
3.905 0.0489 0.0697 0.1599 0.0026 -0.000000 0.042009 0.2 0.043269 0.043269 0 0.2 0.0470193 0.0470193 0 0.0470193 0.0470193 
3.915 0.1204 0.1088 0.1605 0.0026 0.002617 0.045295 0.2 0.0912702 0.0912702 0 0.2 0.0326189 0.0326189 0 0.0326189 0.0326189 
3.925 0.1141 0.1394 0.1611 0.0026 -0.000000 0.047472 0.2 0.118325 0.118325 0 0.2 0.0245026 0.0245026 0 0.0245026 0.0245026 
3.935 -0.0010 0.0094 0.1613 0.0026 0.002617 0.043069 0.2 0.0407353 0.0407353 0 0.2 0.0477794 0.0477794 0 0.0477794 0.0477794 
3.945 -0.0096 0.0071 0.1615 0.0026 0.005235 0.039631 0.2 0.0425731 0.0425731 0 0.2 0.0472281 0.0472281 0 0.0472281 0.0472281 
3.955 -0.0132 -0.0013 0.1613 0.0026 0.002617 0.039280 0.2 0.0130067 0.0130067 0 0.2 0.056098 0.056098 0 0.056098 0.056098 
3.965 0.0627 0.0291 0.1617 0.0026 0.002617 0.041663 0.2 0.0437665 0.0437665 0 0.2 0.04687 0.04687 0 0.04687 0.04687 
3.975 0.0526 0.0661 0.1622 0.0026 0.002617 0.043899 0.2 0.0476347 0.0476347 0 0.2 0.0457096 0.0457096 0 0.0457096 0.0457096 
3.985 0.0702 0.0456 0.1626 0.0026 0.002617 0.044969 0.2 0.0553642 0.0553642 0 0.2 0.0433907 0.0433907 0 0.0433907 0.0433907 
3.995 0.0647 0.0684 0.1628 0.0026 0.005235 0.044605 0.2 0.0685503 0.0685503 0 0.2 0.0394349 0.0394349 0 0.0394349 0.0394349 
4.005 0.0464 0.0433 0.1632 0.0026 0.005235 0.044893 0.2 0.0485121 0.0485121 0 0.2 0.0454464 0.0454464 0 0.0454464 0.0454464 
4.015 0.0438 0.0395 0.1634 0.0026 0.002617 0.044830 0.2 0.042874 0.042874 0 0.2 0.0471378 0.0471378 0 0.0471378 0.0471378 
4.025 0.0198 0.0371 0.1636 0.0027 0.005235 0.045168 0.2 0.0226311 0.0226311 0 0.2 0.0532107 0.0532107 0 0.0532107 0.0532107 
4.035 0.0127 0.0206 0.1636 0.0027 0.005235 0.046049 0.2 0.014527 0.014527 0 0.2 0.0556419 0.0556419 0 0.0556419 0.0556419 
4.045 0.0221 0.0242 0.1636 0.0027 0.005235 0.046747 0.2 0.0144296 0.0144296 0 0.2 0.0556711 0.0556711 0 0.0556711 0.0556711 
4.055 0.0271 0.0407 0.1636 0.0027 0.005235 0.048488 0.2 0.013415 0.013415 0 0.2 0.0559755 0.0559755 0 0.0559755 0.0559755 
4.065 0.0229 0.0320 0.1638 0.0027 0.007852 0.050033 0.2 0.0128194 0.0128194 0 0.2 0.0561542 0.0561542 0 0.0561542 0.0561542 
4.075 0.0226 0.0362 0.1638 0.0027 0.007852 0.050703 0.2 0.0128194 0.0128194 0 0.2 0.0561542 0.0561542 0 0.0561542 0.0561542 
4.085 0.0462 0.0259 0.1642 0.0027 0.007852 0.051727 0.2 0.017263 0.017263 0 0.2 0.0548211 0.0548211 0 0.0548211 0.0548211 
4.095 0.0369 0.0322 0.1642 0.0027 0.007852 0.052230 0.2 0.017263 0.017263 0 0.2 0.0548211 0.0548211 0 0.0548211 0.0548211 
4.105 0.0519 0.0183 0.1644 0.0027 0.010469 0.051976 0.2 0.0231818 0.0231818 0 0.2 0.0530455 0.0530455 0 0.0530455 0.0530455 
4.115 0.0237 0.0485 0.1646 0.0027 0.007852 0.052169 0.2 0.0230648 0.0230648 0 0.2 0.0530806 0.0530806 0 0.0530806 0.0530806 
4.125 0.0275 0.0219 0.1646 0.0027 0.007852 0.051408 0.2 0.0147058 0.0147058 0 0.2 0.0555883 0.0555883 0 0.0555883 0.0555883 
4.135 0.0303 0.0363 0.1646 0.0027 0.007852 0.052215 0.2 0.0122547 0.0122547 0 0.2 0.0563236 0.0563236 0 0.0563236 0.0563236 
4.145 0.0595 0.0366 0.1650 0.0027 0.007852 0.054101 0.2 0.0124148 0.0124148 0 0.2 0.0562756 0.0562756 0 0.0562756 0.0562756 
4.155 0.0395 0.0401 0.1650 0.0027 0.007852 0.054786 0.2 0.0124148 0.0124148 0 0.2 0.0562756 0.0562756 0 0.0562756 0.0562756 
4.165 0.0464 0.0391 0.1652 0.0027 0.010469 0.054825 0.2 0.0247744 0.0247744 0 0.2 0.0525677 0.0525677 0 0.0525677 0.0525677 
4.175 0.0353 0.0442 0.1654 0.0027 0.007852 0.054046 0.2 0.0247744 0.0247744 0 0.2 0.0525677 0.0525677 0 0.0525677 0.0525677 
4.185 0.0696 0.0441 0.1656 0.0027 0.005235 0.053494 0.2 0.0385598 0.0385598 0 0.2 0.0484321 0.0484321 0 0.0484321 0.0484321 
4.195 0.0405 0.0422 0.1660 0.0027 0.005235 0.053055 0.2 0.0322395 0.0322395 0 0.2 0.0503281 0.0503281 0 0.0503281 0.0503281 
4.205 0.0523 0.0439 0.1662 0.0027 0.002617 0.052262 0.2 0.0364999 0.0364999 0 0.2 0.04905 0.04905 0 0.04905 0.04905 
4.215 0.0260 0.0479 0.1664 0.0027 0.005235 0.051968 0.2 0.0261902 0.0261902 0 0.2 0.052143 0.052143 0 0.052143 0.052143 
4.225 0.0238 0.0422 0.1664 0.0027 0.005235 0.051532 0.2 0.0210857 0.0210857 0 0.2 0.0536743 0.0536743 0 0.0536743 0.0536743 
4.235 0.0306 0.0560 0.1666 0.0027 0.007852 0.051669 0.2 0.0264934 0.0264934 0 0.2 0.052052 0.052052 0 0.052052 0.052052 
4.245 0.0531 0.0484 0.1668 0.0027 0.010469 0.052213 0.2 0.0306415 0.0306415 0 0.2 0.0508076 0.0508076 0 0.0508076 0.0508076 
4.255 0.0593 0.0571 0.1672 0.0027 0.010469 0.052763 0.2 0.0340431 0.0340431 0 0.2 0.0497871 0.0497871 0 0.0497871 0.0497871 
4.265 0.0438 0.0689 0.1676 0.0027 0.010469 0.052815 0.2 0.0405259 0.0405259 0 0.2 0.0478422 0.0478422 0 0.0478422 0.0478422 
4.275 0.0621 0.0559 0.1678 0.0027 0.013086 0.051059 0.2 0.0500359 0.0500359 0 0.2 0.0449892 0.0449892 0 0.0449892 0.0449892 
4.285 0.0585 0.0494 0.1682 0.0027 0.013086 0.050726 0.2 0.0402744 0.0402744 0 0.2 0.0479177 0.0479177 0 0.0479177 0.0479177 
4.295 0.0413 0.0489 0.1684 0.0027 0.015704 0.049241 0.2 0.0386746 0.0386746 0 0.2 0.0483976 0.0483976 0 0.0483976 0.0483976 
4.305 0.0410 0.0368 0.1686 0.0027 0.013086 0.048729 0.2 0.0307093 0.0307093 0 0.2 0.0507872 0.0507872 0 0.0507872 0.0507872 
4.315 0.0350 0.0400 0.1691 0.0027 0.013086 0.048021 0.2 0.0310322 0.0310322 0 0.2 0.0506904 0.0506904 0 0.0506904 0.0506904 
4.325 0.0398 0.0363 0.1693 0.0027 0.015704 0.048325 0.2 0.0247272 0.0247272 0 0.2 0.0525818 0.0525818 0 0.0525818 0.0525818 
4.335 0.0312 0.0358 0.1695 0.0027 0.013086 0.048536 0.2 0.0247272 0.0247272 0 0.2 0.0525818 0.0525818 0 0.0525818 0.0525818 
4.345 0.0338 0.0390 0.1697 0.0027 0.015704 0.049026 0.2 0.0209695 0.0209695 0 0.2 0.0537092 0.0537092 0 0.0537092 0.0537092 
4.355 0.0345 0.0368 0.1699 0.0027 0.013086 0.049707 0.2 0.0199515 0.0199515 0 0.2 0.0540145 0.0540145 0 0.0540145 0.0540145 
4.365 0.0344 0.0433 0.1699 0.0027 0.013086 0.050554 0.2 0.0182499 0.0182499 0 0.2 0.054525 0.054525 0 0.054525 0.054525 
4.375 0.0363 0.0446 0.1701 0.0027 0.015704 0.051179 0.2 0.0171868 0.0171868 0 0.2 0.054844 0.054844 0 0.054844 0.054844 
4.385 0.0425 0.0471 0.1703 0.0027 0.013086 0.052403 0.2 0.0171868 0.0171868 0 0.2 0.054844 0.054844 0 0.054844 0.054844 
4.395 0.0605 0.0455 0.1705 0.0027 0.015704 0.053562 0.2 0.0198094 0.0198094 0 0.2 0.0540572 0.0540572 0 0.0540572 0.0540572 
4.405 0.0685 0.0480 0.1707 0.0027 0.018321 0.054064 0.2 0.0247744 0.0247744 0 0.2 0.0525677 0.0525677 0 0.0525677 0.0525677 
4.415 0.0687 0.0550 0.1707 0.0027 0.018321 0.054958 0.2 0.0247744 0.0247744 0 0.2 0.0525677 0.0525677 0 0.0525677 0.0525677 
4.425 0.0427 0.0802 0.1711 0.0027 0.018321 0.055182 0.2 0.0330325 0.0330325 0 0.2 0.0500902 0.0500902 0 0.0500902 0.0500902 
4.435 0.0652 0.0510 0.1715 0.0027 0.018321 0.053960 0.2 0.0346181 0.0346181 0 0.2 0.0496146 0.0496146 0 0.0496146 0.0496146 
4.445 0.0581 0.0723 0.1719 0.0027 0.018321 0.052942 0.2 0.0405862 0.0405862 0 0.2 0.0478242 0.0478242 0 0.0478242 0.0478242 
4.455 0.0676 0.0453 0.1725 0.0028 0.020938 0.051893 0.2 0.041097 0.041097 0 0.2 0.0476709 0.0476709 0 0.0476709 0.0476709 
4.465 0.0521 0.0607 0.1729 0.0028 0.020938 0.050033 0.2 0.0512771 0.0512771 0 0.2 0.0446169 0.0446169 0 0.0446169 0.0446169 
4.475 0.0443 0.0576 0.1733 0.0028 0.020938 0.048789 0.2 0.0437803 0.0437803 0 0.2 0.0468659 0.0468659 0 0.0468659 0.0468659 
4.485 0.0457 0.0452 0.1737 0.0028 0.020938 0.047695 0.2 0.038332 0.038332 0 0.2 0.0485004 0.0485004 0 0.0485004 0.0485004 
4.495 0.0453 0.0474 0.1737 0.0028 0.020938 0.047260 0.2 0.033064 0.033064 0 0.2 0.0500808 0.0500808 0 0.0500808 0.0500808 
4.505 0.0623 0.0386 0.1741 0.0028 0.020938 0.048095 0.2 0.024933 0.024933 0 0.2 0.0525201 0.0525201 0 0.0525201 0.0525201 
4.515 0.0905 0.0625 0.1743 0.0028 0.023556 0.050151 0.2 0.0344344 0.0344344 0 0.2 0.0496697 0.0496697 0 0.0496697 0.0496697 
4.525 0.0789 0.0895 0.1747 0.0028 0.023556 0.051058 0.2 0.053737 0.053737 0 0.2 0.0438789 0.0438789 0 0.0438789 0.0438789 
4.535 0.0499 0.0683 0.1751 0.0028 0.023556 0.049753 0.2 0.0493609 0.0493609 0 0.2 0.0451917 0.0451917 0 0.0451917 0.0451917 
4.545 0.0447 0.0542 0.1755 0.0028 0.023556 0.048128 0.2 0.0388289 0.0388289 0 0.2 0.0483513 0.0483513 0 0.0483513 0.0483513 
4.555 0.0888 0.0575 0.1761 0.0028 0.026173 0.047929 0.2 0.0591702 0.0591702 0 0.2 0.0422489 0.0422489 0 0.0422489 0.0422489 
4.565 0.0773 0.0619 0.1768 0.0029 0.023556 0.046338 0.2 0.0679039 0.0679039 0 0.2 0.0396288 0.0396288 0 0.0396288 0.0396288 
4.575 0.0492 0.0693 0.1770 0.0029 0.026173 0.044733 0.2 0.0566389 0.0566389 0 0.2 0.0430083 0.0430083 0 0.0430083 0.0430083 
4.585 0.0748 0.0565 0.1774 0.0029 0.026173 0.044291 0.2 0.0577752 0.0577752 0 0.2 0.0426674 0.0426674 0 0.0426674 0.0426674 
4.595 0.0724 0.0741 0.1780 0.0029 0.023556 0.044572 0.2 0.0614354 0.0614354 0 0.2 0.0415694 0.0415694 0 0.0415694 0.0415694 
4.605 0.0463 0.0568 0.1782 0.0029 0.026173 0.044374 0.2 0.0404417 0.0404417 0 0.2 0.0478675 0.0478675 0 0.0478675 0.0478675 
4.615 0.0544 0.0587 0.1786 0.0029 0.026173 0.044476 0.2 0.0445782 0.0445782 0 0.2 0.0466265 0.0466265 0 0.0466265 0.0466265 
4.625 0.0583 0.0584 0.1792 0.0029 0.028790 0.044888 0.2 0.0455378 0.0455378 0 0.2 0.0463387 0.0463387 0 0.0463387 0.0463387 
4.635 0.0521 0.0572 0.1794 0.0029 0.031408 0.044182 0.2 0.0444531 0.0444531 0 0.2 0.0466641 0.0466641 0 0.0466641 0.0466641 
4.645 0.0602 0.0589 0.1798 0.0029 0.031408 0.045103 0.2 0.0354694 0.0354694 0 0.2 0.0493592 0.0493592 0 0.0493592 0.0493592 
4.655 0.0696 0.0513 0.1802 0.0029 0.031408 0.045398 0.2 0.0433593 0.0433593 0 0.2 0.0469922 0.0469922 0 0.0469922 0.0469922 
4.665 0.0460 0.0640 0.1806 0.0030 0.031408 0.045329 0.2 0.0387516 0.0387516 0 0.2 0.0483745 0.0483745 0 0.0483745 0.0483745 
4.675 0.0727 0.0608 0.1810 0.0030 0.031408 0.045954 0.2 0.0492167 0.0492167 0 0.2 0.045235 0.045235 0 0.045235 0.045235 
4.685 0.0583 0.0640 0.1814 0.0030 0.031408 0.046376 0.2 0.0390234 0.0390234 0 0.2 0.048293 0.048293 0 0.048293 0.048293 
4.695 0.0632 0.0725 0.1818 0.0030 0.031408 0.046778 0.2 0.0476935 0.0476935 0 0.2 0.045692 0.045692 0 0.045692 0.045692 
4.705 0.0777 0.0470 0.1822 0.0030 0.031408 0.047228 0.2 0.0354371 0.0354371 0 0.2 0.0493689 0.0493689 0 0.0493689 0.0493689 
4.715 0.0799 0.0576 0.1826 0.0030 0.031408 0.047258 0.2 0.0448628 0.0448628 0 0.2 0.0465412 0.0465412 0 0.0465412 0.0465412 
4.725 0.0763 0.0700 0.1830 0.0030 0.031408 0.047481 0.2 0.0453074 0.0453074 0 0.2 0.0464078 0.0464078 0 0.0464078 0.0464078 
4.735 0.0650 0.0854 0.1834 0.0030 0.031408 0.047248 0.2 0.054345 0.054345 0 0.2 0.0436965 0.0436965 0 0.0436965 0.0436965 
4.745 0.0687 0.0733 0.1839 0.0031 0.031408 0.046539 0.2 0.0566465 0.0566465 0 0.2 0.0430061 0.0430061 0 0.0430061 0.0430061 
4.755 0.0714 0.0818 0.1845 0.0031 0.028790 0.045907 0.2 0.0658154 0.0658154 0 0.2 0.0402554 0.0402554 0 0.0402554 0.0402554 
4.765 0.0866 0.0776 0.1851 0.0031 0.031408 0.045181 0.2 0.0696607 0.0696607 0 0.2 0.0391018 0.0391018 0 0.0391018 0.0391018 
4.775 0.0501 0.0596 0.1857 0.0031 0.028790 0.043922 0.2 0.0521751 0.0521751 0 0.2 0.0443475 0.0443475 0 0.0443475 0.0443475 
4.785 0.0621 0.0554 0.1861 0.0031 0.028790 0.043256 0.2 0.0482561 0.0482561 0 0.2 0.0455232 0.0455232 0 0.0455232 0.0455232 
4.795 0.0775 0.0461 0.1865 0.0031 0.028790 0.043303 0.2 0.0451293 0.0451293 0 0.2 0.0464612 0.0464612 0 0.0464612 0.0464612 
4.805 0.0783 0.0763 0.1869 0.0031 0.028790 0.043960 0.2 0.0530793 0.0530793 0 0.2 0.0440762 0.0440762 0 0.0440762 0.0440762 
4.815 0.0948 0.0950 0.1875 0.0032 0.031408 0.044195 0.2 0.0755229 0.0755229 0 0.2 0.0373431 0.0373431 0 0.0373431 0.0373431 
4.825 0.1035 0.0768 0.1881 0.0032 0.028790 0.044102 0.2 0.0761937 0.0761937 0 0.2 0.0371419 0.0371419 0 0.0371419 0.0371419 
4.835 0.0792 0.0706 0.1885 0.0032 0.028790 0.043523 0.2 0.0600065 0.0600065 0 0.2 0.0419981 0.0419981 0 0.0419981 0.0419981 
4.845 0.0613 0.0635 0.1893 0.0032 0.028790 0.042315 0.2 0.0571751 0.0571751 0 0.2 0.0428475 0.0428475 0 0.0428475 0.0428475 
4.855 0.0629 0.0720 0.1897 0.0032 0.028790 0.042093 0.2 0.0526824 0.0526824 0 0.2 0.0441953 0.0441953 0 0.0441953 0.0441953 
4.865 0.1063 0.0558 0.1903 0.0032 0.026173 0.042613 0.2 0.059195 0.059195 0 0.2 0.0422415 0.0422415 0 0.0422415 0.0422415 
4.875 0.0728 0.0590 0.1907 0.0033 0.026173 0.042444 0.2 0.0539514 0.0539514 0 0.2 0.0438146 0.0438146 0 0.0438146 0.0438146 
4.885 0.0919 0.0699 0.1916 0.0033 0.026173 0.042314 0.2 0.0622389 0.0622389 0 0.2 0.0413283 0.0413283 0 0.0413283 0.0413283 
4.895 0.1120 0.0929 0.1922 0.0033 0.028790 0.042540 0.2 0.0820752 0.0820752 0 0.2 0.0353774 0.0353774 0 0.0353774 0.0353774 
4.905 0.0928 0.0668 0.1928 0.0033 0.026173 0.041353 0.2 0.0785448 0.0785448 0 0.2 0.0364366 0.0364366 0 0.0364366 0.0364366 
4.915 0.0611 0.0620 0.1932 0.0033 0.026173 0.039607 0.2 0.0606614 0.0606614 0 0.2 0.0418016 0.0418016 0 0.0418016 0.0418016 
4.925 0.0805 0.0550 0.1938 0.0033 0.023556 0.039462 0.2 0.058659 0.058659 0 0.2 0.0424023 0.0424023 0 0.0424023 0.0424023 
4.935 0.1326 0.0466 0.1944 0.0034 0.026173 0.040888 0.2 0.0617518 0.0617518 0 0.2 0.0414745 0.0414745 0 0.0414745 0.0414745 
4.945 0.1334 0.1056 0.1952 0.0034 0.026173 0.042517 0.2 0.0874383 0.0874383 0 0.2 0.0337685 0.0337685 0 0.0337685 0.0337685 
4.955 0.1145 0.0833 0.1958 0.0034 0.023556 0.042168 0.2 0.088944 0.088944 0 0.2 0.0333168 0.0333168 0 0.0333168 0.0333168 
4.965 0.0932 0.0816 0.1966 0.0034 0.023556 0.040026 0.2 0.0857102 0.0857102 0 0.2 0.0342869 0.0342869 0 0.0342869 0.0342869 
4.975 0.0851 0.0868 0.1974 0.0034 0.023556 0.038444 0.2 0.0839984 0.0839984 0 0.2 0.0348005 0.0348005 0 0.0348005 0.0348005 
4.985 0.0791 0.0742 0.1978 0.0034 0.023556 0.037768 0.2 0.0695315 0.0695315 0 0.2 0.0391406 0.0391406 0 0.0391406 0.0391406 
4.995 0.0981 0.0748 0.1987 0.0035 0.023556 0.037731 0.2 0.0771372 0.0771372 0 0.2 0.0368588 0.0368588 0 0.0368588 0.0368588 
5.005 0.0830 0.1479 0.1997 0.0035 0.020938 0.038084 0.2 0.0976094 0.0976094 0 0.2 0.0307172 0.0307172 0 0.0307172 0.0307172 
5.015 0.0991 0.0558 0.2005 0.0035 0.020938 0.037146 0.2 0.074351 0.074351 0 0.2 0.0376947 0.0376947 0 0.0376947 0.0376947 
5.025 0.0993 0.0547 0.2007 0.0035 0.018321 0.036243 0.2 0.0704012 0.0704012 0 0.2 0.0388797 0.0388797 0 0.0388797 0.0388797 
5.035 0.0800 0.1255 0.2017 0.0035 0.015704 0.036496 0.2 0.0885718 0.0885718 0 0.2 0.0334285 0.0334285 0 0.0334285 0.0334285 
5.045 0.1462 0.0997 0.2027 0.0035 0.018321 0.036514 0.2 0.109418 0.109418 0 0.2 0.0271746 0.0271746 0 0.0271746 0.0271746 
5.055 0.1328 0.1123 0.2033 0.0035 0.015704 0.035664 0.2 0.120952 0.120952 0 0.2 0.0237145 0.0237145 0 0.0237145 0.0237145 
5.065 0.0794 0.0766 0.2043 0.0036 0.013086 0.033420 0.2 0.0826971 0.0826971 0 0.2 0.0351909 0.0351909 0 0.0351909 0.0351909 
5.075 0.0693 0.0694 0.2049 0.0036 0.015704 0.032537 0.2 0.0730266 0.0730266 0 0.2 0.038092 0.038092 0 0.038092 0.038092 
5.085 0.0749 0.0764 0.2058 0.0036 0.015704 0.032419 0.2 0.0715402 0.0715402 0 0.2 0.0385379 0.0385379 0 0.0385379 0.0385379 
5.095 0.0772 0.0747 0.2064 0.0036 0.013086 0.033054 0.2 0.0700769 0.0700769 0 0.2 0.0389769 0.0389769 0 0.0389769 0.0389769 
5.105 0.1224 0.0711 0.2070 0.0036 0.015704 0.035091 0.2 0.0693501 0.0693501 0 0.2 0.039195 0.039195 0 0.039195 0.039195 
5.115 0.1312 0.1778 0.2080 0.0036 0.013086 0.038166 0.2 0.118713 0.118713 0 0.2 0.0243862 0.0243862 0 0.0243862 0.0243862 
5.125 0.1325 0.1226 0.2088 0.0036 0.013086 0.038418 0.2 0.115988 0.115988 0 0.2 0.0252037 0.0252037 0 0.0252037 0.0252037 
5.135 0.0559 0.0833 0.2094 0.0036 0.015704 0.035221 0.2 0.0892325 0.0892325 0 0.2 0.0332302 0.0332302 0 0.0332302 0.0332302 
5.145 0.0515 0.0602 0.2100 0.0036 0.013086 0.032504 0.2 0.0711035 0.0711035 0 0.2 0.038669 0.038669 0 0.038669 0.038669 
5.155 0.0857 0.0936 0.2106 0.0036 0.015704 0.033030 0.2 0.0649787 0.0649787 0 0.2 0.0405064 0.0405064 0 0.0405064 0.0405064 
5.165 0.2205 0.1923 0.2118 0.0037 0.015704 0.036708 0.2 0.158343 0.158343 0 0.2 0.0124972 0.0124972 0 0.0124972 0.0124972 
5.175 0.1772 0.1667 0.2133 0.0037 0.018321 0.038123 0.2 0.152416 0.152416 0 0.2 0.0142752 0.0142752 0 0.0142752 0.0142752 
5.185 0.0508 0.0742 0.2141 0.0037 0.023556 0.032864 0.2 0.0889553 0.0889553 0 0.2 0.0333134 0.0333134 0 0.0333134 0.0333134 
5.195 0.0255 0.0257 0.2147 0.0037 0.020938 0.027962 0.2 0.0669844 0.0669844 0 0.2 0.0399047 0.0399047 0 0.0399047 0.0399047 
5.205 0.0812 0.0913 0.2155 0.0037 0.020938 0.027885 0.2 0.0835422 0.0835422 0 0.2 0.0349373 0.0349373 0 0.0349373 0.0349373 
5.215 0.1304 0.1297 0.2165 0.0038 0.023556 0.030449 0.2 0.108009 0.108009 0 0.2 0.0275974 0.0275974 0 0.0275974 0.0275974 
5.225 0.1363 0.2141 0.2175 0.0038 0.026173 0.033395 0.2 0.142745 0.142745 0 0.2 0.0171765 0.0171765 0 0.0171765 0.0171765 
5.235 0.0941 0.1000 0.2187 0.0038 0.026173 0.032551 0.2 0.0995291 0.0995291 0 0.2 0.0301413 0.0301413 0 0.0301413 0.0301413 
5.245 0.1146 0.0847 0.2195 0.0038 0.020938 0.029938 0.2 0.111626 0.111626 0 0.2 0.0265123 0.0265123 0 0.0265123 0.0265123 
5.255 0.1143 0.1056 0.2206 0.0039 0.023556 0.028171 0.2 0.11994 0.11994 0 0.2 0.0240181 0.0240181 0 0.0240181 0.0240181 
5.265 0.0914 0.0891 0.2214 0.0039 0.028790 0.027187 0.2 0.0970809 0.0970809 0 0.2 0.0308757 0.0308757 0 0.0308757 0.0308757 
5.275 0.1172 0.1142 0.2224 0.0039 0.026173 0.027165 0.2 0.117778 0.117778 0 0.2 0.0246667 0.0246667 0 0.0246667 0.0246667 
5.285 0.0924 0.1148 0.2234 0.0039 0.023556 0.027741 0.2 0.101061 0.101061 0 0.2 0.0296816 0.0296816 0 0.0296816 0.0296816 
5.295 0.1163 0.1064 0.2240 0.0039 0.026173 0.027657 0.2 0.113242 0.113242 0 0.2 0.0260273 0.0260273 0 0.0260273 0.0260273 
5.305 0.0820 0.0860 0.2248 0.0040 0.026173 0.027488 0.2 0.0915646 0.0915646 0 0.2 0.0325306 0.0325306 0 0.0325306 0.0325306 
5.315 0.0596 0.0751 0.2256 0.0040 0.026173 0.026388 0.2 0.0790912 0.0790912 0 0.2 0.0362727 0.0362727 0 0.0362727 0.0362727 
5.325 0.0555 0.0628 0.2260 0.0040 0.026173 0.026415 0.2 0.0635277 0.0635277 0 0.2 0.0409417 0.0409417 0 0.0409417 0.0409417 
5.335 0.0546 0.0709 0.2268 0.0040 0.026173 0.027634 0.2 0.0570478 0.0570478 0 0.2 0.0428857 0.0428857 0 0.0428857 0.0428857 
5.345 0.1371 0.0966 0.2275 0.0040 0.028790 0.031836 0.2 0.0825912 0.0825912 0 0.2 0.0352227 0.0352227 0 0.0352227 0.0352227 
5.355 0.1583 0.2291 0.2285 0.0041 0.026173 0.036391 0.2 0.139114 0.139114 0 0.2 0.0182657 0.0182657 0 0.0182657 0.0182657 
5.365 0.1032 0.1028 0.2295 0.0041 0.028790 0.036363 0.2 0.0994844 0.0994844 0 0.2 0.0301547 0.0301547 0 0.0301547 0.0301547 
5.375 0.0500 0.0451 0.2301 0.0041 0.026173 0.032159 0.2 0.0715002 0.0715002 0 0.2 0.03855 0.03855 0 0.03855 0.03855 
5.385 0.0461 0.0404 0.2307 0.0041 0.028790 0.030075 0.2 0.0525162 0.0525162 0 0.2 0.0442451 0.0442451 0 0.0442451 0.0442451 
5.395 0.1243 0.1109 0.2315 0.0041 0.028790 0.032611 0.2 0.0911548 0.0911548 0 0.2 0.0326535 0.0326535 0 0.0326535 0.0326535 
5.405 0.1908 0.1763 0.2325 0.0042 0.026173 0.036002 0.2 0.13373 0.13373 0 0.2 0.019881 0.019881 0 0.019881 0.019881 
5.415 0.1983 0.1518 0.2341 0.0042 0.031408 0.036046 0.2 0.159189 0.159189 0 0.2 0.0122432 0.0122432 0 0.0122432 0.0122432 
5.425 0.1406 0.1287 0.2352 0.0043 0.028790 0.031712 0.2 0.163945 0.163945 0 0.2 0.0108166 0.0108166 0 0.0108166 0.0108166 
5.435 0.1067 0.0975 0.2364 0.0043 0.028790 0.026626 0.2 0.140863 0.140863 0 0.2 0.017741 0.017741 0 0.017741 0.017741 
5.445 0.0473 0.0455 0.2372 0.0043 0.028790 0.022568 0.2 0.0874279 0.0874279 0 0.2 0.0337716 0.0337716 0 0.0337716 0.0337716 
5.455 0.0528 0.0519 0.2378 0.0043 0.026173 0.021307 0.2 0.0805575 0.0805575 0 0.2 0.0358328 0.0358328 0 0.0358328 0.0358328 
5.465 0.0905 0.1287 0.2388 0.0044 0.023556 0.023719 0.2 0.0880073 0.0880073 0 0.2 0.0335978 0.0335978 0 0.0335978 0.0335978 
5.475 0.2172 0.1838 0.2402 0.0044 0.026173 0.028377 0.2 0.156467 0.156467 0 0.2 0.0130598 0.0130598 0 0.0130598 0.0130598 
5.485 0.1189 0.0874 0.2412 0.0044 0.023556 0.029927 0.2 0.0970497 0.0970497 0 0.2 0.0308851 0.0308851 0 0.0308851 0.0308851 
5.495 0.0569 0.0481 0.2418 0.0044 0.026173 0.026476 0.2 0.0753973 0.0753973 0 0.2 0.0373808 0.0373808 0 0.0373808 0.0373808 
5.505 0.0429 0.0262 0.2423 0.0044 0.020938 0.024210 0.2 0.0595983 0.0595983 0 0.2 0.0421205 0.0421205 0 0.0421205 0.0421205 
5.515 0.0835 0.1391 0.2431 0.0045 0.020938 0.026700 0.2 0.0847685 0.0847685 0 0.2 0.0345695 0.0345695 0 0.0345695 0.0345695 
5.525 0.2384 0.2473 0.2443 0.0045 0.020938 0.032272 0.2 0.185084 0.185084 0 0.2 0.00447482 0.00447482 0 0.00447482 0.00447482 
5.535 0.2111 0.2331 0.2461 0.0045 0.018321 0.036215 0.2 0.185154 0.185154 0 0.2 0.0044537 0.0044537 0 0.0044537 0.0044537 
5.545 0.0703 0.0525 0.2471 0.0045 0.020938 0.028723 0.2 0.116032 0.116032 0 0.2 0.0251905 0.0251905 0 0.0251905 0.0251905 
5.555 -0.0312 0.0231 0.2477 0.0046 0.018321 0.021176 0.2 0.0668879 0.0668879 0 0.2 0.0399336 0.0399336 0 0.0399336 0.0399336 
5.565 0.0793 0.0684 0.2485 0.0046 0.018321 0.019825 0.2 0.0910355 0.0910355 0 0.2 0.0326893 0.0326893 0 0.0326893 0.0326893 
5.575 0.1672 0.1756 0.2496 0.0046 0.020938 0.025769 0.2 0.127429 0.127429 0 0.2 0.0217713 0.0217713 0 0.0217713 0.0217713 
5.585 0.2328 0.2534 0.2514 0.0046 0.018321 0.031966 0.2 0.175303 0.175303 0 0.2 0.00740904 0.00740904 0 0.00740904 0.00740904 
5.595 0.0987 0.0631 0.2526 0.0046 0.018321 0.030727 0.2 0.0955424 0.0955424 0 0.2 0.0313373 0.0313373 0 0.0313373 0.0313373 
5.605 0.0154 0.0186 0.2530 0.0047 0.018321 0.024651 0.2 0.0611119 0.0611119 0 0.2 0.0416664 0.0416664 0 0.0416664 0.0416664 
5.615 0.0290 0.0147 0.2532 0.0047 0.015704 0.022199 0.2 0.0397808 0.0397808 0 0.2 0.0480658 0.0480658 0 0.0480658 0.0480658 
5.625 0.2066 0.1812 0.2542 0.0047 0.018321 0.028942 0.2 0.127149 0.127149 0 0.2 0.0218552 0.0218552 0 0.0218552 0.0218552 
5.635 0.2986 0.2787 0.2560 0.0047 0.015704 0.036773 0.2 0.191363 0.191363 0 0.2 0.00259121 0.00259121 0 0.00259121 0.00259121 
5.645 0.1450 0.1428 0.2575 0.0047 0.018321 0.035559 0.2 0.145645 0.145645 0 0.2 0.0163066 0.0163066 0 0.0163066 0.0163066 
5.655 0.0734 0.0550 0.2585 0.0047 0.015704 0.027476 0.2 0.11379 0.11379 0 0.2 0.025863 0.025863 0 0.025863 0.025863 
5.665 0.0027 -0.0211 0.2587 0.0047 0.013086 0.019854 0.2 0.0535197 0.0535197 0 0.2 0.0439441 0.0439441 0 0.0439441 0.0439441 
5.675 0.1629 0.1220 0.2597 0.0048 0.010469 0.023517 0.2 0.105025 0.105025 0 0.2 0.0284925 0.0284925 0 0.0284925 0.0284925 
5.685 0.2664 0.3458 0.2613 0.0048 0.010469 0.031372 0.2 0.22813 0.22813 0 0.2 -0.00843886 -0.00843886 0 -0.00843886 -0.00843886 
5.695 0.2249 0.1689 0.2633 0.0048 0.010469 0.034943 0.2 0.159866 0.159866 0 0.2 0.0120401 0.0120401 0 0.0120401 0.0120401 
5.705 0.0398 0.0531 0.2640 0.0048 0.013086 0.026154 0.2 0.105406 0.105406 0 0.2 0.0283782 0.0283782 0 0.0283782 0.0283782 
5.715 0.0057 -0.0036 0.2648 0.0048 0.013086 0.019108 0.2 0.0656442 0.0656442 0 0.2 0.0403068 0.0403068 0 0.0403068 0.0403068 
5.725 0.0677 0.0807 0.2654 0.0048 0.010469 0.019402 0.2 0.0751522 0.0751522 0 0.2 0.0374544 0.0374544 0 0.0374544 0.0374544 
5.735 0.2186 0.1991 0.2668 0.0048 0.013086 0.025097 0.2 0.159197 0.159197 0 0.2 0.0122408 0.0122408 0 0.0122408 0.0122408 
5.745 0.2038 0.2848 0.2686 0.0049 0.010469 0.030984 0.2 0.17872 0.17872 0 0.2 0.00638407 0.00638407 0 0.00638407 0.00638407 
5.755 0.0553 0.0638 0.2696 0.0049 0.013086 0.026689 0.2 0.097197 0.097197 0 0.2 0.0308409 0.0308409 0 0.0308409 0.0308409 
5.765 -0.0385 0.0077 0.2704 0.0049 0.013086 0.019081 0.2 0.0558587 0.0558587 0 0.2 0.0432424 0.0432424 0 0.0432424 0.0432424 
5.775 0.0293 0.0233 0.2709 0.0049 0.013086 0.017031 0.2 0.0448126 0.0448126 0 0.2 0.0465562 0.0465562 0 0.0465562 0.0465562 
5.785 0.2012 0.1762 0.2719 0.0049 0.015704 0.025240 0.2 0.128962 0.128962 0 0.2 0.0213115 0.0213115 0 0.0213115 0.0213115 
5.795 0.2509 0.3133 0.2737 0.0049 0.013086 0.033097 0.2 0.201752 0.201752 0 0.2 -0.000525539 -0.000525539 0 -0.000525539 -0.000525539 
5.805 0.0957 0.1003 0.2747 0.0049 0.015704 0.030908 0.2 0.119687 0.119687 0 0.2 0.0240939 0.0240939 0 0.0240939 0.0240939 
5.815 0.0079 0.0225 0.2755 0.0050 0.015704 0.023492 0.2 0.0720016 0.0720016 0 0.2 0.0383995 0.0383995 0 0.0383995 0.0383995 
5.825 0.0230 -0.0084 0.2757 0.0050 0.013086 0.019014 0.2 0.0382567 0.0382567 0 0.2 0.048523 0.048523 0 0.048523 0.048523 
5.835 0.1607 0.1672 0.2765 0.0050 0.013086 0.025558 0.2 0.100581 0.100581 0 0.2 0.0298257 0.0298257 0 0.0298257 0.0298257 
5.845 0.2836 0.2952 0.2786 0.0050 0.013086 0.033779 0.2 0.202976 0.202976 0 0.2 -0.00089272 -0.00089272 0 -0.00089272 -0.00089272 
5.855 0.1387 0.1382 0.2800 0.0050 0.015704 0.033664 0.2 0.148185 0.148185 0 0.2 0.0155445 0.0155445 0 0.0155445 0.0155445 
5.865 0.0327 0.0141 0.2808 0.0050 0.015704 0.024775 0.2 0.0862333 0.0862333 0 0.2 0.03413 0.03413 0 0.03413 0.03413 
5.875 -0.0092 -0.0199 0.2810 0.0050 0.013086 0.018510 0.2 0.044186 0.044186 0 0.2 0.0467442 0.0467442 0 0.0467442 0.0467442 
5.885 0.1711 0.1202 0.2818 0.0050 0.013086 0.025457 0.2 0.0877243 0.0877243 0 0.2 0.0336827 0.0336827 0 0.0336827 0.0336827 
5.895 0.3456 0.3423 0.2836 0.0051 0.015704 0.035202 0.2 0.242053 0.242053 0 0.2 -0.0126159 -0.0126159 0 -0.0126159 -0.0126159 
5.905 0.1967 0.1841 0.2853 0.0051 0.015704 0.037801 0.2 0.169661 0.169661 0 0.2 0.00910168 0.00910168 0 0.00910168 0.00910168 
5.915 0.0441 0.0610 0.2865 0.0051 0.015704 0.028026 0.2 0.109977 0.109977 0 0.2 0.027007 0.027007 0 0.027007 0.027007 
5.925 0.0072 -0.0417 0.2871 0.0051 0.018321 0.018487 0.2 0.0655006 0.0655006 0 0.2 0.0403498 0.0403498 0 0.0403498 0.0403498 
5.935 0.0634 0.0598 0.2877 0.0051 0.015704 0.017419 0.2 0.068402 0.068402 0 0.2 0.0394794 0.0394794 0 0.0394794 0.0394794 
5.945 0.1848 0.1560 0.2887 0.0052 0.018321 0.023858 0.2 0.119262 0.119262 0 0.2 0.0242213 0.0242213 0 0.0242213 0.0242213 
5.955 0.2641 0.2349 0.2905 0.0052 0.015704 0.030332 0.2 0.182165 0.182165 0 0.2 0.00535059 0.00535059 0 0.00535059 0.00535059 
5.965 0.0642 0.0687 0.2915 0.0052 0.018321 0.027950 0.2 0.0990747 0.0990747 0 0.2 0.0302776 0.0302776 0 0.0302776 0.0302776 
5.975 -0.0323 0.0152 0.2917 0.0052 0.015704 0.021524 0.2 0.0539954 0.0539954 0 0.2 0.0438014 0.0438014 0 0.0438014 0.0438014 
5.985 0.0155 0.0005 0.2919 0.0052 0.018321 0.019512 0.2 0.0244659 0.0244659 0 0.2 0.0526602 0.0526602 0 0.0526602 0.0526602 
5.995 0.1872 0.1812 0.2930 0.0052 0.015704 0.027877 0.2 0.110769 0.110769 0 0.2 0.0267694 0.0267694 0 0.0267694 0.0267694 
6.005 0.2231 0.3026 0.2946 0.0053 0.015704 0.036746 0.2 0.1704 0.1704 0 0.2 0.00887987 0.00887987 0 0.00887987 0.00887987 
6.015 0.0611 0.0921 0.2954 0.0053 0.020938 0.034876 0.2 0.094327 0.094327 0 0.2 0.0317019 0.0317019 0 0.0317019 0.0317019 
6.025 0.0325 0.0191 0.2960 0.0053 0.018321 0.028336 0.2 0.0757285 0.0757285 0 0.2 0.0372814 0.0372814 0 0.0372814 0.0372814 
6.035 0.0270 -0.0070 0.2964 0.0053 0.018321 0.023797 0.2 0.0544441 0.0544441 0 0.2 0.0436668 0.0436668 0 0.0436668 0.0436668 
6.045 0.1206 0.0998 0.2972 0.0053 0.018321 0.026264 0.2 0.0899074 0.0899074 0 0.2 0.0330278 0.0330278 0 0.0330278 0.0330278 
6.055 0.1692 0.1646 0.2984 0.0053 0.018321 0.031008 0.2 0.122342 0.122342 0 0.2 0.0232974 0.0232974 0 0.0232974 0.0232974 
6.065 0.1430 0.1632 0.2999 0.0054 0.020938 0.034155 0.2 0.126379 0.126379 0 0.2 0.0220864 0.0220864 0 0.0220864 0.0220864 
6.075 0.0300 0.0193 0.3005 0.0054 0.018321 0.028826 0.2 0.0606171 0.0606171 0 0.2 0.0418149 0.0418149 0 0.0418149 0.0418149 
6.085 0.0072 -0.0355 0.3007 0.0054 0.015704 0.023744 0.2 0.0447755 0.0447755 0 0.2 0.0465674 0.0465674 0 0.0465674 0.0465674 
6.095 0.0629 0.0611 0.3011 0.0054 0.015704 0.026121 0.2 0.0346489 0.0346489 0 0.2 0.0496053 0.0496053 0 0.0496053 0.0496053 
6.105 0.1883 0.1730 0.3019 0.0054 0.015704 0.033580 0.2 0.113038 0.113038 0 0.2 0.0260885 0.0260885 0 0.0260885 0.0260885 
6.115 0.1978 0.1537 0.3033 0.0054 0.018321 0.038764 0.2 0.133254 0.133254 0 0.2 0.0200238 0.0200238 0 0.0200238 0.0200238 
6.125 0.0228 0.0225 0.3039 0.0054 0.015704 0.033770 0.2 0.0581068 0.0581068 0 0.2 0.0425679 0.0425679 0 0.0425679 0.0425679 
6.135 -0.0075 -0.0279 0.3039 0.0054 0.015704 0.027963 0.2 0.0350914 0.0350914 0 0.2 0.0494726 0.0494726 0 0.0494726 0.0494726 
6.145 0.0541 0.0505 0.3043 0.0054 0.010469 0.028474 0.2 0.0454861 0.0454861 0 0.2 0.0463542 0.0463542 0 0.0463542 0.0463542 
6.155 0.1797 0.1649 0.3053 0.0054 0.013086 0.034267 0.2 0.116166 0.116166 0 0.2 0.0251502 0.0251502 0 0.0251502 0.0251502 
6.165 0.2104 0.1938 0.3067 0.0055 0.015704 0.040412 0.2 0.135177 0.135177 0 0.2 0.019447 0.019447 0 0.019447 0.019447 
6.175 0.0478 0.0334 0.3074 0.0055 0.013086 0.036093 0.2 0.0778644 0.0778644 0 0.2 0.0366407 0.0366407 0 0.0366407 0.0366407 
6.185 -0.0246 -0.0499 0.3074 0.0055 0.013086 0.029439 0.2 0.026669 0.026669 0 0.2 0.0519993 0.0519993 0 0.0519993 0.0519993 
6.195 0.0872 0.0733 0.3076 0.0055 0.010469 0.029450 0.2 0.0769507 0.0769507 0 0.2 0.0369148 0.0369148 0 0.0369148 0.0369148 
6.205 0.2067 0.1956 0.3086 0.0055 0.007852 0.036529 0.2 0.134552 0.134552 0 0.2 0.0196343 0.0196343 0 0.0196343 0.0196343 
6.215 0.2063 0.1713 0.3102 0.0055 0.007852 0.041882 0.2 0.130418 0.130418 0 0.2 0.0208747 0.0208747 0 0.0208747 0.0208747 
6.225 0.0344 0.0399 0.3106 0.0055 0.007852 0.036474 0.2 0.0717817 0.0717817 0 0.2 0.0384655 0.0384655 0 0.0384655 0.0384655 
6.235 -0.0300 -0.0171 0.3106 0.0055 0.007852 0.030079 0.2 0.0335537 0.0335537 0 0.2 0.0499339 0.0499339 0 0.0499339 0.0499339 
6.245 0.0196 0.0269 0.3108 0.0055 0.005235 0.029875 0.2 0.026896 0.026896 0 0.2 0.0519312 0.0519312 0 0.0519312 0.0519312 
6.255 0.1248 0.1184 0.3116 0.0055 0.005235 0.035374 0.2 0.0694738 0.0694738 0 0.2 0.0391579 0.0391579 0 0.0391579 0.0391579 
6.265 0.2269 0.2406 0.3130 0.0055 0.007852 0.041208 0.2 0.164643 0.164643 0 0.2 0.010607 0.010607 0 0.010607 0.010607 
6.275 0.0557 0.0620 0.3138 0.0055 0.007852 0.039302 0.2 0.0863225 0.0863225 0 0.2 0.0341032 0.0341032 0 0.0341032 0.0341032 
6.285 -0.0251 -0.0225 0.3138 0.0055 0.007852 0.032783 0.2 0.0304484 0.0304484 0 0.2 0.0508655 0.0508655 0 0.0508655 0.0508655 
6.295 -0.0034 -0.0242 0.3138 0.0055 0.007852 0.029360 0.2 0.0173937 0.0173937 0 0.2 0.0547819 0.0547819 0 0.0547819 0.0547819 
6.305 0.1232 0.1023 0.3145 0.0055 0.010469 0.035064 0.2 0.0688149 0.0688149 0 0.2 0.0393555 0.0393555 0 0.0393555 0.0393555 
6.315 0.2279 0.2291 0.3155 0.0055 0.013086 0.041604 0.2 0.164121 0.164121 0 0.2 0.0107636 0.0107636 0 0.0107636 0.0107636 
6.325 0.1008 0.1112 0.3165 0.0055 0.015704 0.043075 0.2 0.108649 0.108649 0 0.2 0.0274054 0.0274054 0 0.0274054 0.0274054 
6.335 -0.0091 -0.0163 0.3167 0.0055 0.013086 0.036250 0.2 0.0338837 0.0338837 0 0.2 0.0498349 0.0498349 0 0.0498349 0.0498349 
6.345 -0.0653 0.0097 0.3165 0.0055 0.015704 0.031030 0.2 0.018462 0.018462 0 0.2 0.0544614 0.0544614 0 0.0544614 0.0544614 
6.355 0.0809 0.0902 0.3171 0.0056 0.013086 0.034659 0.2 0.0531558 0.0531558 0 0.2 0.0440533 0.0440533 0 0.0440533 0.0440533 
6.365 0.2103 0.2145 0.3183 0.0056 0.018321 0.039950 0.2 0.165034 0.165034 0 0.2 0.0104898 0.0104898 0 0.0104898 0.0104898 
6.375 0.0899 0.1063 0.3193 0.0056 0.015704 0.041133 0.2 0.102641 0.102641 0 0.2 0.0292077 0.0292077 0 0.0292077 0.0292077 
6.385 -0.0225 -0.0166 0.3195 0.0056 0.018321 0.033287 0.2 0.0481782 0.0481782 0 0.2 0.0455465 0.0455465 0 0.0455465 0.0455465 
6.395 -0.0123 -0.0370 0.3193 0.0056 0.015704 0.028036 0.2 0.0511892 0.0511892 0 0.2 0.0446432 0.0446432 0 0.0446432 0.0446432 
