%% logfile from robot Ella (8)
% Ella (8)
%  1    time 3.693 sec
%  2 .. 22 Edge sensor: left -2.666372 1, right 1.416858 1, values 1752 2494 2803 2904 2774 2210 1649 1239, white 1, used 1, LEDhigh=1, xb=0 xw=1 xbc=0 xwc=1 lvl=5 lvr=5       whitelevel=[2276 2639 2892 2996 2872 2671 2521 2194]       blacklevel=[0 0 0 0 0 0 19 33]
% 23 32 ctrl edge, ref=0.5, m=0.5, m2=1.48512, uf=0, r2=0.5, ep=-0.197025,up=-0.0658951, ui=0, u1=-0.0658951, u=-0.0658951
3.695 -2.6763 1 1.4386 1  1765 2622 2883 3071 2785 2212 1650 1145  1 1 1 0 1 0 1 5 5 0.5 0.5 1.46562 0 0.5 -0.193123 -0.0648828 0 -0.0648828 -0.0648828 
3.697 -2.6804 1 1.5153 1  1770 2446 2716 3088 2753 2217 1725 1186  1 1 1 0 1 0 1 5 5 0.5 0.5 1.4465 0 0.5 -0.189299 -0.0638899 0 -0.0638899 -0.0638899 
3.699 -2.6747 1 1.4669 1  1764 2315 2692 2954 2772 2246 1653 1215  1 1 1 0 0 0 0 5 5 0.5 0.5 1.42775 0 0.5 -0.185551 -0.062916 0 -0.062916 -0.062916 
3.701 -2.6732 1 1.3901 1  1766 2365 2810 2865 2792 2186 1641 1228  1 1 1 0 0 0 0 5 5 0.5 0.5 1.40938 0 0.5 -0.181877 -0.0619608 0 -0.0619608 -0.0619608 
3.703 -2.6817 1 1.5795 1  1766 2380 2810 2956 2754 2362 1667 1127  1 1 1 0 1 0 2 5 5 0.5 0.5 1.39138 0 0.5 -0.178275 -0.0610238 0 -0.0610238 -0.0610238 
3.705 -2.6806 1 1.4246 1  1777 2232 2810 2872 2789 2199 1653 1282  1 1 1 0 0 0 0 5 5 0.5 0.5 1.37372 0 0.5 -0.174745 -0.0601047 0 -0.0601047 -0.0601047 
3.707 -2.6794 1 1.4357 1  1780 2419 2812 2880 2755 2243 1621 1259  1 1 1 0 0 0 0 5 5 0.5 0.5 1.35642 0 0.5 -0.171285 -0.0592032 0 -0.0592032 -0.0592032 
3.709 -2.6710 1 1.4674 1  1769 2249 2696 2916 2776 2230 1708 1311  1 1 1 0 0 0 0 5 5 0.5 0.5 1.33946 0 0.5 -0.167893 -0.0583189 0 -0.0583189 -0.0583189 
3.711 -2.6780 1 1.4765 1  1775 2404 2819 3078 2776 2222 1702 1166  1 1 1 0 0 0 0 5 5 0.5 0.5 1.32284 0 0.5 -0.164568 -0.0574514 0 -0.0574514 -0.0574514 
3.713 -2.6788 1 1.4214 1  1780 2460 2808 3207 2813 2180 1700 1216  1 1 1 0 0 0 0 5 5 0.5 0.5 1.30655 0 0.5 -0.16131 -0.0566006 0 -0.0566006 -0.0566006 
3.715 -2.6825 1 1.3671 1  1783 2408 2808 2989 2769 2142 1676 1200  1 1 1 0 0 0 0 5 5 0.5 0.5 1.29058 0 0.5 -0.158116 -0.0557659 0 -0.0557659 -0.0557659 
3.717 -2.6849 1 1.5061 1  1784 2361 2813 3118 2777 2242 1697 1176  1 1 1 0 1 0 1 5 5 0.5 0.5 1.27492 0 0.5 -0.154985 -0.0549471 0 -0.0549471 -0.0549471 
3.719 -2.6759 1 1.4668 1  1771 2331 2823 2908 2629 2241 1669 1220  1 1 1 0 0 0 0 5 5 0.5 0.5 1.25958 0 0.5 -0.151916 -0.0541439 0 -0.0541439 -0.0541439 
3.721 -2.6799 1 1.2884 1  1781 2358 2788 2840 2733 2132 1553 1231  1 1 1 0 0 0 0 5 5 0.5 0.5 1.24454 0 0.5 -0.148907 -0.0533559 0 -0.0533559 -0.0533559 
3.723 -2.6810 1 1.6750 1  1774 2343 2802 2875 2745 2350 1787 1197  1 1 1 0 1 0 2 5 5 0.5 0.5 1.22979 0 0.5 -0.145959 -0.052583 0 -0.052583 -0.052583 
3.725 -2.6897 1 1.5198 1  1790 2373 2810 2850 2735 2379 1572 1212  1 1 1 0 1 0 2 5 5 0.5 0.5 1.21534 0 0.5 -0.143069 -0.0518247 0 -0.0518247 -0.0518247 
3.727 -2.6932 1 1.5305 1  1798 2445 2818 3047 2747 2336 1627 1176  1 1 1 0 1 0 2 5 5 0.5 0.5 1.20118 0 0.5 -0.140236 -0.0510808 0 -0.0510808 -0.0510808 
3.729 -2.6860 1 1.4778 1  1785 2399 2808 2973 2623 2234 1667 1202  1 1 1 0 0 0 0 5 5 0.5 0.5 1.18729 0 0.5 -0.137459 -0.050351 0 -0.050351 -0.050351 
3.731 -2.6902 1 1.4719 1  1799 2402 2814 2942 2655 2245 1655 1201  1 1 1 0 1 0 1 5 5 0.5 0.5 1.17368 0 0.5 -0.134737 -0.049635 0 -0.049635 -0.049635 
3.733 -2.6920 1 1.5055 1  1800 2426 2821 2964 2740 2278 1657 1178  1 1 1 0 0 0 1 5 5 0.5 0.5 1.16034 0 0.5 -0.132069 -0.0489326 0 -0.0489326 -0.0489326 
3.735 -2.6925 1 1.4876 1  1794 2404 2813 3002 2643 2216 1684 1178  1 1 1 0 0 0 0 5 5 0.5 0.5 1.14727 0 0.5 -0.129454 -0.0482435 0 -0.0482435 -0.0482435 
3.737 -2.6912 1 1.3578 1  1812 2376 2813 2876 2745 2205 1542 1242  1 1 1 0 1 0 1 5 5 0.5 0.5 1.13445 0 0.5 -0.12689 -0.0475674 0 -0.0475674 -0.0475674 
3.739 -2.6837 1 1.5603 1  1804 2280 2821 2893 2741 2334 1726 1253  1 1 1 0 0 0 1 5 5 0.5 0.5 1.12189 0 0.5 -0.124377 -0.046904 0 -0.046904 -0.046904 
3.741 -2.6984 1 1.4546 1  1809 2450 2822 2989 2746 2202 1660 1136  1 1 1 0 1 0 1 5 5 0.5 0.5 1.10957 0 0.5 -0.121915 -0.0462532 0 -0.0462532 -0.0462532 
3.743 -2.6948 1 1.3632 1  1808 2402 2827 3052 2742 2189 1545 1233  1 1 1 0 0 0 1 5 5 0.5 0.5 1.0975 0 0.5 -0.1195 -0.0456146 0 -0.0456146 -0.0456146 
3.745 -2.7035 1 1.3907 1  1819 2515 2819 3004 2739 2145 1652 1125  1 1 1 0 0 0 1 5 5 0.5 0.5 1.08567 0 0.5 -0.117134 -0.0449881 0 -0.0449881 -0.0449881 
3.747 -2.7060 1 1.3755 1  1824 2359 2828 2944 2744 2145 1623 1200  1 1 1 0 0 0 0 5 5 0.5 0.5 1.07407 0 0.5 -0.114815 -0.0443734 0 -0.0443734 -0.0443734 
3.749 -2.7059 1 1.5606 1  1818 2305 2821 3061 2745 2293 1679 1155  1 1 1 0 1 0 2 5 5 0.5 0.5 1.06271 0 0.5 -0.112541 -0.0437702 0 -0.0437702 -0.0437702 
3.751 -2.6918 1 1.3432 1  1832 2379 2816 2965 2761 2165 1679 1318  1 1 1 0 0 0 0 5 5 0.5 0.5 1.05156 0 0.5 -0.110313 -0.0431784 0 -0.0431784 -0.0431784 
3.753 -2.6834 1 1.3651 1  1827 2362 2821 2867 2737 2276 1525 1326  1 1 1 0 0 0 0 5 5 0.5 0.5 1.04064 0 0.5 -0.108128 -0.0425977 0 -0.0425977 -0.0425977 
3.755 -2.6927 1 1.4153 1  1824 2460 2825 2981 2801 2258 1592 1194  1 1 1 0 1 0 1 5 5 0.5 0.5 1.02994 0 0.5 -0.105987 -0.0420278 0 -0.0420278 -0.0420278 
3.757 -2.6998 1 1.3352 1  1833 2558 2838 3085 2824 2120 1708 1206  1 1 1 0 0 0 1 5 5 0.5 0.5 1.01944 0 0.5 -0.103888 -0.0414686 0 -0.0414686 -0.0414686 
3.759 -2.7039 1 1.3984 1  1845 2420 2841 2931 2758 2221 1601 1227  1 1 1 0 1 0 1 5 5 0.5 0.5 1.00916 0 0.5 -0.101831 -0.04092 0 -0.04092 -0.04092 
3.761 -2.7001 1 1.2737 1  1844 2610 2841 2884 2753 2130 1587 1231  1 1 1 0 0 0 0 5 5 0.5 0.5 0.999074 0 0.5 -0.0998148 -0.0403815 0 -0.0403815 -0.0403815 
3.763 -2.6953 1 1.3363 1  1850 2476 2850 2949 2752 2187 1644 1324  1 1 1 0 0 0 0 5 5 0.5 0.5 0.989192 0 0.5 -0.0978383 -0.0398531 0 -0.0398531 -0.0398531 
3.765 -2.7056 1 1.3980 1  1859 2479 2849 3044 2700 2205 1659 1229  1 1 1 0 1 0 1 5 5 0.5 0.5 0.979505 0 0.5 -0.095901 -0.0393346 0 -0.0393346 -0.0393346 
3.767 -2.6990 1 1.3793 1  1860 2378 2850 2993 2672 2207 1681 1316  1 1 1 0 0 0 0 5 5 0.5 0.5 0.97001 0 0.5 -0.094002 -0.0388258 0 -0.0388258 -0.0388258 
3.769 -2.6982 1 1.3830 1  1859 2418 2855 3018 2701 2208 1689 1298  1 1 1 0 0 0 0 5 5 0.5 0.5 0.960703 0 0.5 -0.0921405 -0.0383264 0 -0.0383264 -0.0383264 
3.771 -2.6987 1 1.5514 1  1862 2341 2851 2958 2826 2332 1757 1311  1 1 1 0 1 0 1 5 5 0.5 0.5 0.95158 0 0.5 -0.090316 -0.0378363 0 -0.0378363 -0.0378363 
3.773 -2.7063 1 1.4855 1  1868 2424 2856 3002 2804 2278 1701 1224  1 1 1 0 1 0 1 5 5 0.5 0.5 0.942638 0 0.5 -0.0885276 -0.0373553 0 -0.0373553 -0.0373553 
3.775 -2.7031 1 1.3931 1  1866 2524 2855 2958 2767 2215 1674 1294  1 1 1 0 0 0 0 5 5 0.5 0.5 0.933873 0 0.5 -0.0867745 -0.0368833 0 -0.0368833 -0.0368833 
3.777 -2.6909 1 1.3306 1  1874 2356 2856 2917 2632 2195 1757 1383  1 1 1 0 0 0 0 5 5 0.5 0.5 0.925281 0 0.5 -0.0850562 -0.03642 0 -0.03642 -0.03642 
3.779 -2.6950 1 1.4265 1  1877 2385 2867 2958 2760 2265 1734 1259  1 1 1 0 0 0 0 5 5 0.5 0.5 0.91686 0 0.5 -0.0833719 -0.0359652 0 -0.0359652 -0.0359652 
3.781 -2.7023 1 1.1339 1  1874 2626 2861 2964 2754 2073 1684 1227  1 1 1 0 0 0 0 5 5 0.5 1.13392 2.80407 0 0.5 -0.460813 -0.162023 0 -0.162023 -0.162023 
3.783 -2.7117 1 1.5068 1  1887 2427 2864 3002 2733 2299 1716 1241  1 1 1 0 1 0 2 5 5 0.5 0.5 0.888086 0 0.5 -0.0776172 -0.0345297 0 -0.0345297 -0.0345297 
3.785 -2.7114 1 1.4431 1  1877 2445 2859 3007 2842 2215 1715 1208  1 1 1 0 0 0 0 5 5 0.5 0.5 0.880401 0 0.5 -0.0760802 -0.0341119 0 -0.0341119 -0.0341119 
3.787 -2.7174 1 1.2879 1  1894 2481 2863 2955 2756 2155 1555 1247  1 1 1 0 0 0 0 5 5 0.5 0.5 0.872868 0 0.5 -0.0745737 -0.0337018 0 -0.0337018 -0.0337018 
3.789 -2.7140 1 1.4205 1  1898 2450 2890 2927 2733 2239 1685 1283  1 1 1 0 1 0 2 5 5 0.5 0.5 0.865485 0 0.5 -0.0730969 -0.0332991 0 -0.0332991 -0.0332991 
3.791 -2.7088 1 1.2833 1  1893 2467 2953 3063 2719 2153 1668 1292  1 1 1 0 0 0 2 5 5 0.5 0.5 0.858247 0 0.5 -0.0716495 -0.0329039 0 -0.0329039 -0.0329039 
3.793 -2.7119 1 1.4347 1  1907 2457 2897 2933 2690 2280 1684 1285  1 1 1 0 1 0 4 5 5 0.5 0.5 0.851153 0 0.5 -0.0702306 -0.0325159 0 -0.0325159 -0.0325159 
3.795 -2.7158 1 1.5150 1  1909 2498 2871 2989 2766 2300 1748 1242  1 1 1 0 1 0 4 5 5 0.5 0.5 0.8442 0 0.5 -0.0688399 -0.032135 0 -0.032135 -0.032135 
3.797 -2.7172 1 1.4075 1  1913 2567 2868 2985 2736 2285 1603 1269  1 1 1 0 0 0 2 5 5 0.5 0.5 0.837384 0 0.5 -0.0674768 -0.0317611 0 -0.0317611 -0.0317611 
3.799 -2.7160 1 1.3012 1  1910 2635 2873 2927 2659 2165 1656 1270  1 1 1 0 1 0 2 5 5 0.5 0.5 0.830703 0 0.5 -0.0661406 -0.031394 0 -0.031394 -0.031394 
3.801 -2.7118 1 1.4383 1  1911 2571 2877 2955 2759 2246 1750 1317  1 1 1 0 1 0 4 5 5 0.5 0.5 0.824154 0 0.5 -0.0648309 -0.0310336 0 -0.0310336 -0.0310336 
3.803 -2.7174 1 1.4120 1  1921 2482 2811 3126 2846 2212 1756 1276  1 1 1 0 1 0 4 5 5 0.5 0.5 0.817735 0 0.5 -0.0635471 -0.0306797 0 -0.0306797 -0.0306797 
3.805 -2.7183 1 1.2275 1  1920 2606 2873 2946 2801 2110 1755 1269  1 1 1 0 0 0 2 5 5 0.5 0.5 0.811444 0 0.5 -0.0622887 -0.0303323 0 -0.0303323 -0.0303323 
3.807 -2.7182 1 1.4757 1  1925 2549 2881 2998 2705 2300 1720 1270  1 1 1 0 1 0 4 5 5 0.5 0.5 0.805276 0 0.5 -0.0610553 -0.0299912 0 -0.0299912 -0.0299912 
3.809 -2.7182 1 1.5435 1  1923 2455 2880 3009 2760 2358 1744 1287  1 1 1 0 1 0 6 5 5 0.5 0.5 0.799231 0 0.5 -0.0598463 -0.0296562 0 -0.0296562 -0.0296562 
3.811 -2.7146 1 1.3190 1  1926 2478 2902 3012 2811 2187 1713 1294  1 1 1 0 0 0 4 5 5 0.5 1.31902 3.2422 0 0.5 -0.548441 -0.192768 0 -0.192768 -0.192768 
3.813 -2.7227 1 1.4822 1  1951 2506 2901 3024 2904 2341 1712 1302  1 1 1 0 0 0 4 5 5 0.5 1.48224 3.68696 0 0.5 -0.637393 -0.223355 0 -0.223355 -0.223355 
3.815 -2.7253 1 1.3370 1  1970 2619 2958 2976 2822 2212 1734 1317  1 1 1 0 0 0 2 5 5 0.5 1.33702 3.21077 0 0.5 -0.542154 -0.192451 0 -0.192451 -0.192451 
3.817 -2.6917 1 1.4584 1  1893 2467 2932 2983 2948 2379 1688 1346  1 1 1 0 1 0 2 5 5 0.5 1.45836 3.53668 0 0.5 -0.607337 -0.214973 0 -0.214973 -0.214973 
3.819 -2.7714 1 1.4132 1  2134 2629 2854 2981 2639 2256 1823 1341  1 1 1 0 0 0 2 5 5 0.5 1.41316 3.35903 0 0.5 -0.571806 -0.204014 0 -0.204014 -0.204014 
3.821 -2.7024 1 1.3643 1  1930 2481 2878 2917 2769 2293 1677 1360  1 1 1 0 1 0 2 5 5 0.5 1.36429 3.17828 0 0.5 -0.535656 -0.192677 0 -0.192677 -0.192677 
3.823 -2.6679 1 1.4426 1  1843 2610 2885 2999 2711 2216 1917 1349  1 1 1 0 0 0 2 5 5 0.5 1.44256 3.37484 0 0.5 -0.574969 -0.206588 0 -0.206588 -0.206588 
3.825 -2.7060 1 1.3907 1  1959 2505 2891 2999 2845 2277 1819 1404  1 1 1 0 1 0 2 5 5 0.5 1.39066 3.18415 0 0.5 -0.53683 -0.194615 0 -0.194615 -0.194615 
3.827 -2.7058 1 1.3044 1  1964 2637 2920 2978 2779 2237 1807 1389  1 1 1 0 0 0 0 5 5 0.5 1.30436 2.8903 0 0.5 -0.478061 -0.175767 0 -0.175767 -0.175767 
3.829 -2.7033 1 1.3810 1  1969 2364 2957 2962 2830 2311 1794 1411  1 1 1 0 0 0 0 5 5 0.5 1.38098 3.08646 0 0.5 -0.517292 -0.189561 0 -0.189561 -0.189561 
3.831 -2.7239 1 1.3271 1  2038 2512 2939 3029 2793 2322 1694 1434  1 1 1 0 0 0 0 5 5 0.5 1.32714 2.89269 0 0.5 -0.478538 -0.177332 0 -0.177332 -0.177332 
3.833 -2.7215 1 1.3930 1  2037 2548 2977 3033 2837 2292 1899 1434  1 1 1 0 0 0 0 5 5 0.5 1.39298 3.05774 0 0.5 -0.511549 -0.189032 0 -0.189032 -0.189032 
3.835 -2.6274 1 1.3974 1  1864 2568 2926 2999 2863 2322 1871 1450  1 1 1 0 0 0 0 5 5 0.5 1.39743 3.03707 0 0.5 -0.507415 -0.188389 0 -0.188389 -0.188389 
3.837 -2.7438 1 1.3618 1  2109 2601 2893 3156 2920 2304 1850 1385  1 1 1 0 1 0 1 5 5 0.5 1.36183 2.90077 0 0.5 -0.480155 -0.179939 0 -0.179939 -0.179939 
3.839 -2.7495 1 1.3175 1  2137 2592 3041 3034 2944 2321 1758 1469  1 1 1 0 0 0 1 5 5 0.5 1.31746 2.73344 0 0.5 -0.446687 -0.169529 0 -0.169529 -0.169529 
3.841 -2.7111 1 1.4489 1  2042 2608 2989 3076 2812 2431 1845 1463  1 1 1 0 1 0 1 5 5 0.5 1.44887 3.09657 0 0.5 -0.519313 -0.194416 0 -0.194416 -0.194416 
3.843 -2.7483 1 1.2907 1  2158 2518 2898 3032 2786 2337 1741 1501  1 1 1 0 0 0 0 5 5 0.5 1.29066 2.59236 0 0.5 -0.418472 -0.161452 0 -0.161452 -0.161452 
3.845 -2.7182 1 1.2980 1  2066 2601 2805 3053 2847 2306 1876 1493  1 1 1 0 0 0 0 5 5 0.5 1.29797 2.58718 0 0.5 -0.417437 -0.161703 0 -0.161703 -0.161703 
3.847 -2.7414 1 1.2940 1  2144 2649 2997 3025 2870 2335 1798 1496  1 1 1 0 0 0 0 5 5 0.5 1.29396 2.54765 0 0.5 -0.40953 -0.159675 0 -0.159675 -0.159675 
3.849 -2.7230 1 1.2750 1  2102 2584 3002 3018 2891 2346 1776 1620  1 1 1 0 1 0 1 5 5 0.5 1.275 2.46684 0 0.5 -0.393368 -0.154818 0 -0.154818 -0.154818 
3.851 -2.7390 1 1.3329 1  2148 2548 3006 3184 2765 2346 1895 1465  1 1 1 0 0 0 1 5 5 0.5 1.33292 2.61308 0 0.5 -0.422617 -0.165182 0 -0.165182 -0.165182 
3.853 -2.7303 1 1.2794 1  2157 2628 3017 3049 2832 2343 1980 1641  1 1 1 0 0 0 0 5 5 0.5 1.27943 2.42919 0 0.5 -0.385839 -0.153447 0 -0.153447 -0.153447 
3.855 -2.7099 1 1.2026 1  2126 2654 2850 3082 2841 2358 1924 1665  1 1 1 0 0 0 0 5 5 0.5 1.20259 2.17651 0 0.5 -0.335301 -0.1371 0 -0.1371 -0.1371 
3.857 -2.6991 1 1.1162 1  2082 2679 2980 3021 2950 2304 1931 1546  1 1 1 0 0 0 0 5 5 0.5 1.11619 1.89916 0 0.5 -0.279833 -0.119022 0 -0.119022 -0.119022 
3.859 -2.6927 1 1.2326 1  2057 2583 2970 3045 2731 2339 1987 1571  1 1 1 0 1 0 2 5 5 0.5 1.23264 2.2303 0 0.5 -0.346059 -0.141513 0 -0.141513 -0.141513 
3.861 -2.7414 1 1.2313 1  2195 2821 2983 3063 2847 2337 1919 1530  1 1 1 0 0 0 2 5 5 0.5 1.23131 2.20625 0 0.5 -0.34125 -0.140367 0 -0.140367 -0.140367 
3.863 -2.6952 1 1.3184 1  2062 2764 3018 3216 2934 2378 1966 1545  1 1 1 0 0 0 2 5 5 0.5 1.31837 2.44501 0 0.5 -0.389002 -0.156797 0 -0.156797 -0.156797 
3.865 -2.7335 1 1.6125 1  2185 2626 2905 3092 2872 2524 2070 1576  1 1 1 0 1 0 4 5 5 0.5 1.61248 3.29835 0 0.5 -0.559671 -0.214348 0 -0.214348 -0.214348 
3.867 -2.7089 1 1.3580 1  2122 2631 2999 3084 2776 2415 2004 1612  1 1 1 0 1 0 4 5 5 0.5 1.35803 2.50981 0 0.5 -0.401962 -0.162357 0 -0.162357 -0.162357 
3.869 -2.7324 1 1.3387 1  2206 2826 2911 3071 2920 2448 1933 1629  1 1 1 0 0 0 4 5 5 0.5 1.33873 2.42526 0 0.5 -0.385052 -0.157334 0 -0.157334 -0.157334 
3.871 -2.7356 1 1.5372 1  2226 2667 3008 3080 2941 2517 2082 1639  1 1 1 0 1 0 4 5 5 0.5 1.53717 2.99672 0 0.5 -0.499344 -0.195987 0 -0.195987 -0.195987 
3.873 -2.6600 1 1.5427 1  2236 2920 2955 3060 2899 2431 2159 1659  1 1 1 0 1 0 4 5 5 0.5 1.54274 2.9866 0 0.5 -0.49732 -0.195935 0 -0.195935 -0.195935 
3.875 -2.6600 1 1.3352 1  2247 2865 3049 3105 2896 2441 1994 1638  1 1 1 0 1 0 4 5 5 0.5 1.3352 2.34264 0 0.5 -0.368529 -0.153507 0 -0.153507 -0.153507 
3.877 -2.6600 1 1.5913 1  2262 2698 3017 3023 2945 2467 2151 1692  1 1 1 0 1 0 6 5 5 0.5 0.5 -0.177821 0 0.5 0.135564 0.0141624 0 0.0141624 0.0141624 
3.879 -2.6600 1 1.9795 1  2265 2726 3034 3141 2975 2545 2254 1755  1 1 1 0 1 0 8 5 5 0.5 0.5 -0.164399 0 0.5 0.13288 0.0135351 0 0.0135351 0.0135351 
3.881 -2.6600 1 1.8629 1  2340 2726 3032 3096 2795 2530 2222 1848  1 1 1 0 1 0 6 5 5 0.5 0.5 -0.151243 0 0.5 0.130249 0.012921 0 0.012921 0.012921 
3.883 -2.7345 1 1.5339 1  2239 2746 3062 3304 3088 2461 2160 1759  1 1 1 0 0 0 4 5 5 0.5 1.53392 2.95314 0 0.5 -0.490627 -0.194008 0 -0.194008 -0.194008 
3.885 -2.7398 1 1.8432 1  2259 2705 3042 3093 3068 2577 2226 1760  1 1 1 0 1 0 6 5 5 0.5 0.5 -0.171869 0 0.5 0.134374 0.0137797 0 0.0137797 0.0137797 
3.887 -2.7069 1 1.8425 1  2158 2698 3152 3106 2896 2558 2231 1781  1 1 1 0 1 0 6 5 5 0.5 0.5 -0.158565 0 0.5 0.131713 0.0131585 0 0.0131585 0.0131585 
3.889 -2.6600 1 1.8404 1  2374 2772 3013 3150 3001 2617 2227 1809  1 1 1 0 1 0 6 5 5 0.5 0.5 -0.145525 0 0.5 0.129105 0.0125503 0 0.0125503 0.0125503 
3.891 -2.6600 1 2.0743 1  2506 2697 3077 3126 2992 2594 2295 1833  1 1 1 0 1 0 8 5 5 0.5 0.5 -0.132743 0 0.5 0.126549 0.011955 0 0.011955 0.011955 
3.893 -2.6600 1 1.7965 1  2314 2657 3151 3101 2965 2606 2218 1862  1 1 1 0 1 0 6 5 5 0.5 0.5 -0.120213 0 0.5 0.124043 0.0113722 0 0.0113722 0.0113722 
3.895 -2.6600 1 1.7065 1  2306 2840 3032 3142 2954 2628 2169 1939  1 1 1 0 0 0 4 5 5 0.5 1.70647 3.49946 0 0.5 -0.599893 -0.229958 0 -0.229958 -0.229958 
3.897 -2.7211 1 2.4167 1  2199 2700 2975 3149 2981 2697 2436 1874  1 1 1 0 0 0 4 5 5 0.5 0.5 -0.119547 0 0.5 0.123909 0.0112923 0 0.0112923 0.0112923 
3.899 -2.6600 1 2.6855 1  2266 2674 3142 3097 2858 2663 2458 2012  1 1 1 0 1 0 6 5 5 0.5 0.5 -0.10728 0 0.5 0.121456 0.0107226 0 0.0107226 0.0107226 
3.901 -2.6600 1 2.5851 1  2316 2593 3026 3163 2950 2681 2551 1912  1 1 1 0 1 0 6 5 5 0.5 0.5 -0.0952547 0 0.5 0.119051 0.010165 0 0.010165 0.010165 
3.903 -2.6600 1 2.7043 1  2329 2669 3165 3095 2931 2678 2459 2057  1 1 1 0 1 0 8 5 5 0.5 0.5 -0.0834678 0 0.5 0.116694 0.00961911 0 0.00961911 0.00961911 
3.905 -2.6600 1 2.6655 1  2369 2748 3011 3153 2862 2702 2487 1948  1 1 1 0 1 0 8 5 5 0.5 0.5 -0.0719144 0 0.5 0.114383 0.00908485 0 0.00908485 0.00908485 
3.907 -2.6600 1 2.6898 1  2324 2732 3050 3126 2957 2693 2379 2010  1 1 1 0 1 0 10 5 5 0.5 0.5 -0.0605897 0 0.5 0.112118 0.00856192 0 0.00856192 0.00856192 
3.909 -2.6600 1 2.6982 1  2324 3019 3041 3049 2997 2699 2524 2031  1 1 1 0 1 0 10 5 5 0.5 0.5 -0.0494893 0 0.5 0.109898 0.00805011 0 0.00805011 0.00805011 
3.911 -2.6600 1 2.7207 1  2324 2810 3010 3247 2964 2652 2505 2092  1 1 1 0 1 0 12 5 5 0.5 0.5 -0.0386087 0 0.5 0.107722 0.00754919 0 0.00754919 0.00754919 
3.913 -2.6600 1 2.7237 1  2313 2635 3038 3076 2984 2707 2510 2095  1 1 1 0 1 0 12 5 5 0.5 0.5 -0.0279435 0 0.5 0.105589 0.00705896 0 0.00705896 0.00705896 
3.915 -2.6600 1 2.7350 1  2318 2520 2990 3050 2940 2737 2593 2124  1 1 1 0 1 0 14 5 5 0.5 0.5 -0.0174896 0 0.5 0.103498 0.00657919 0 0.00657919 0.00657919 
3.917 -2.6600 1 2.7382 1  2304 2707 2992 3111 2971 2686 2562 2130  1 1 1 0 1 0 16 5 5 0.5 0.5 -0.00724256 0 0.5 0.101449 0.00610967 0 0.00610967 0.00610967 
3.919 -2.6600 1 2.6600 1  2310 2667 2988 3045 2997 2678 2565 2145  1 1 1 0 1 0 16 5 5 0.5 0.5 0.00280154 0 0.5 0.0994397 0.00565021 0 0.00565021 0.00565021 
3.921 -2.6600 1 2.6600 1  2297 2610 2978 3041 2803 2648 2552 2162  1 1 1 0 1 0 16 5 5 0.5 0.5 0.0126467 0 0.5 0.0974707 0.00520059 0 0.00520059 0.00520059 
3.923 -2.6600 1 2.6600 1  2292 2675 2978 3026 2996 2650 2567 2154  1 1 1 0 1 0 18 5 5 0.5 0.5 0.0222969 0 0.5 0.0955406 0.00476063 0 0.00476063 0.00476063 
3.925 -2.6600 1 2.7396 1  2288 2810 2974 3057 2924 2643 2537 2119  1 1 1 0 1 0 20 5 5 0.5 0.5 0.031756 0 0.5 0.0936488 0.00433013 0 0.00433013 0.00433013 
3.927 -2.6600 1 2.6600 1  2264 2625 2957 3050 2939 2737 2495 2170  1 1 1 0 1 0 20 5 5 0.5 0.5 0.0410278 0 0.5 0.0917944 0.0039089 0 0.0039089 0.0039089 
3.929 -2.6600 1 2.6600 1  2279 2596 2960 3063 2905 2584 2525 2204  1 1 1 0 1 0 20 5 5 0.5 0.5 0.0501159 0 0.5 0.0899768 0.00349676 0 0.00349676 0.00349676 
3.931 -2.6600 1 2.7557 1  2287 2639 2955 3078 2905 2616 2405 2159  1 1 1 0 1 0 20 5 5 0.5 0.5 0.0590242 0 0.5 0.0881952 0.00309352 0 0.00309352 0.00309352 
3.933 -2.6600 1 2.6600 1  2282 2673 2958 3058 2776 2601 2548 2160  1 1 1 0 1 0 20 5 5 0.5 0.5 0.0677561 0 0.5 0.0864488 0.00269901 0 0.00269901 0.00269901 
3.935 -2.6600 1 2.6600 1  2276 2614 2958 3003 2903 2699 2468 2187  1 1 1 0 1 0 20 5 5 0.5 0.5 0.0763152 0 0.5 0.084737 0.00231303 0 0.00231303 0.00231303 
3.937 -2.6600 1 2.6600 1  2280 2645 2957 3064 2891 2760 2517 2236  1 1 1 0 1 0 20 5 5 0.5 0.5 0.0847046 0 0.5 0.0830591 0.00193545 0 0.00193545 0.00193545 
3.939 -2.6600 1 2.7335 1  2267 2575 2953 3040 2885 2706 2520 2085  1 1 1 0 1 0 20 5 5 0.5 0.5 0.0929281 0 0.5 0.0814144 0.00156608 0 0.00156608 0.00156608 
3.941 -2.6600 1 2.6600 1  2270 2646 2956 3022 2885 2666 2524 2115  1 1 1 0 1 0 19 5 5 0.5 0.5 0.100989 0 0.5 0.0798023 0.00120476 0 0.00120476 0.00120476 
3.943 -2.6600 1 2.6600 1  2265 2687 2946 3021 2878 2637 2569 2162  1 1 1 0 1 0 19 5 5 0.5 0.5 0.108889 0 0.5 0.0782221 0.000851324 0 0.000851324 0.000851324 
3.945 -2.6600 1 2.6600 1  2267 2572 2942 2970 2874 2764 2574 2239  1 1 1 0 1 0 19 5 5 0.5 0.5 0.116634 0 0.5 0.0766732 0.000505621 0 0.000505621 0.000505621 
3.947 -2.6600 1 2.7589 1  2268 2650 2951 2984 2874 2563 2403 2155  1 1 1 0 1 0 20 5 5 0.5 0.5 0.124225 0 0.5 0.075155 0.000167493 0 0.000167493 0.000167493 
3.949 -2.6600 1 2.6600 1  2254 2635 2940 3044 2945 2593 2580 2115  1 1 1 0 1 0 20 5 5 0.5 0.5 0.131666 0 0.5 0.0736668 -0.000163212 0 -0.000163212 -0.000163212 
3.951 -2.6600 1 2.7788 1  2267 2594 2942 2966 2860 2554 2522 2217  1 1 1 0 1 0 20 5 5 0.5 0.5 0.138959 0 0.5 0.0722081 -0.00048664 0 -0.00048664 -0.00048664 
3.953 -2.6600 1 2.7336 1  2257 2778 2935 3066 2876 2604 2444 2072  1 1 1 0 1 0 20 5 5 0.5 0.5 0.146108 0 0.5 0.0707783 -0.000802934 0 -0.000802934 -0.000802934 
3.955 -2.6600 1 2.6600 1  2255 2737 2921 2974 2831 2574 2473 2149  1 1 1 0 1 0 19 5 5 0.5 0.5 0.153116 0 0.5 0.0693768 -0.00111225 0 -0.00111225 -0.00111225 
3.957 -2.6600 1 2.7878 1  2258 2684 2922 2917 2837 2510 2487 2243  1 1 1 0 1 0 20 5 5 0.5 0.5 0.159985 0 0.5 0.0680031 -0.00141472 0 -0.00141472 -0.00141472 
3.959 -2.6600 1 2.7774 1  2250 2670 2927 3007 2832 2529 2484 2206  1 1 1 0 1 0 20 5 5 0.5 0.5 0.166717 0 0.5 0.0666565 -0.00171047 0 -0.00171047 -0.00171047 
3.961 -2.6600 1 2.6600 1  2249 2584 2931 2960 2819 2624 2515 2150  1 1 1 0 1 0 20 5 5 0.5 0.5 0.173317 0 0.5 0.0653367 -0.00199966 0 -0.00199966 -0.00199966 
3.963 -2.6600 1 2.6600 1  2252 2682 2920 3005 2824 2681 2509 2154  1 1 1 0 1 0 20 5 5 0.5 0.5 0.179785 0 0.5 0.0640429 -0.00228239 0 -0.00228239 -0.00228239 
3.965 -2.6600 1 2.6600 1  2259 2740 2921 2981 2823 2581 2593 2102  1 1 1 0 1 0 20 5 5 0.5 0.5 0.186126 0 0.5 0.0627748 -0.00255881 0 -0.00255881 -0.00255881 
3.967 -2.6600 1 2.7408 1  2250 2741 2914 2984 2814 2519 2518 2086  1 1 1 0 1 0 20 5 5 0.5 0.5 0.192341 0 0.5 0.0615318 -0.00282905 0 -0.00282905 -0.00282905 
3.969 -2.6600 1 2.8090 1  2246 2485 2920 2892 2816 2544 2472 2312  1 1 1 0 1 0 20 5 5 0.5 0.5 0.198433 0 0.5 0.0603134 -0.00309322 0 -0.00309322 -0.00309322 
3.971 -2.6600 1 2.7845 1  2249 2665 2912 2942 2806 2512 2399 2223  1 1 1 0 1 0 19 5 5 0.5 0.5 0.204405 0 0.5 0.0591191 -0.00335146 0 -0.00335146 -0.00335146 
3.973 -2.6600 1 2.7658 1  2249 2631 2914 2941 2802 2523 2463 2159  1 1 1 0 1 0 20 5 5 0.5 0.5 0.210258 0 0.5 0.0579485 -0.00360386 0 -0.00360386 -0.00360386 
3.975 -2.6600 1 2.7976 1  2250 2441 2910 2865 2799 2526 2343 2268  1 1 1 0 1 0 20 5 5 0.5 0.5 0.215995 0 0.5 0.056801 -0.00385056 0 -0.00385056 -0.00385056 
3.977 -2.6600 1 2.7497 1  2255 2673 2910 2978 2798 2623 2342 2108  1 1 1 0 1 0 19 5 5 0.5 0.5 0.221618 0 0.5 0.0556763 -0.00409167 0 -0.00409167 -0.00409167 
3.979 -2.6600 1 2.7478 1  2242 2531 2905 2981 2662 2624 2498 2100  1 1 1 0 1 0 19 5 5 0.5 0.5 0.227131 0 0.5 0.0545739 -0.0043273 0 -0.0043273 -0.0043273 
3.981 -2.6600 1 2.6600 1  2250 2683 2906 2979 2879 2549 2450 2087  1 1 1 0 1 0 19 5 5 0.5 0.5 0.232534 0 0.5 0.0534932 -0.00455756 0 -0.00455756 -0.00455756 
3.983 -2.6600 1 2.7826 1  2248 2607 2899 2900 2778 2490 2441 2210  1 1 1 0 1 0 20 5 5 0.5 0.5 0.23783 0 0.5 0.052434 -0.00478256 0 -0.00478256 -0.00478256 
3.985 -2.6600 1 2.7526 1  2252 2460 2897 2909 2774 2663 2483 2113  1 1 1 0 1 0 20 5 5 0.5 0.5 0.243021 0 0.5 0.0513958 -0.00500242 0 -0.00500242 -0.00500242 
3.987 -2.6600 1 2.7509 1  2245 2692 2898 2925 2647 2453 2325 2109  1 1 1 0 1 0 19 5 5 0.5 0.5 0.24811 0 0.5 0.0503781 -0.00521721 0 -0.00521721 -0.00521721 
3.989 -2.6600 1 2.7755 1  2237 2707 2891 2860 2753 2423 2414 2187  1 1 1 0 1 0 20 5 5 0.5 0.5 0.253097 0 0.5 0.0493805 -0.00542706 0 -0.00542706 -0.00542706 
3.991 -2.6600 1 2.6600 1  2246 2617 2885 2954 2843 2534 2397 2099  1 1 1 0 1 0 20 5 5 0.5 0.5 0.257986 0 0.5 0.0484027 -0.00563205 0 -0.00563205 -0.00563205 
3.993 -2.6600 1 2.7539 1  2238 2725 2887 2860 2685 2412 2285 2114  1 1 1 0 1 0 19 5 5 0.5 0.5 0.262778 0 0.5 0.0474443 -0.00583229 0 -0.00583229 -0.00583229 
3.995 -2.6600 1 2.7495 1  2243 2768 2877 2964 2732 2448 2387 2100  1 1 1 0 1 0 19 5 5 0.5 0.5 0.267476 0 0.5 0.0465049 -0.00602787 0 -0.00602787 -0.00602787 
3.997 -2.6600 1 2.7484 1  2233 2699 2861 2887 2601 2385 2276 2096  1 1 1 0 1 0 19 5 5 0.5 0.5 0.27208 0 0.5 0.045584 -0.0062189 0 -0.0062189 -0.0062189 
3.999 -2.6600 1 2.7280 1  2230 2728 2862 2907 2751 2338 2296 2035  1 1 1 0 1 0 19 5 5 0.5 0.5 0.276593 0 0.5 0.0446814 -0.00640545 0 -0.00640545 -0.00640545 
4.001 -2.6600 1 2.7311 1  2241 2700 2856 2863 2699 2334 2364 2044  1 1 1 0 1 0 20 5 5 0.5 0.5 0.281017 0 0.5 0.0437967 -0.00658761 0 -0.00658761 -0.00658761 
4.003 -2.6600 1 2.7373 1  2236 2681 2849 2863 2687 2520 2376 2062  1 1 1 0 1 0 20 5 5 0.5 0.5 0.285353 0 0.5 0.0429295 -0.00676549 0 -0.00676549 -0.00676549 
4.005 -2.6600 1 2.7378 1  2231 2615 2839 2847 2670 2419 2276 2062  1 1 1 0 1 0 20 5 5 0.5 0.5 0.289603 0 0.5 0.0420794 -0.00693916 0 -0.00693916 -0.00693916 
4.007 -2.6600 1 2.7290 1  2239 2744 2835 2833 2650 2430 2427 2043  1 1 1 0 1 0 20 5 5 0.5 0.5 0.293769 0 0.5 0.0412462 -0.00710871 0 -0.00710871 -0.00710871 
4.009 -2.6600 1 2.7371 1  2235 2537 2814 2789 2629 2477 2316 2062  1 1 1 0 1 0 20 5 5 0.5 0.5 0.297853 0 0.5 0.0404295 -0.00727422 0 -0.00727422 -0.00727422 
4.011 -2.6600 1 2.7486 1  2232 2711 2808 2785 2603 2310 2270 2099  1 1 1 0 1 0 20 5 5 0.5 0.5 0.301855 0 0.5 0.0396289 -0.00743577 0 -0.00743577 -0.00743577 
4.013 -2.6600 1 2.7197 1  2231 2684 2795 2788 2591 2375 2330 2014  1 1 1 0 1 0 20 5 5 0.5 0.5 0.305779 0 0.5 0.0388442 -0.00759345 0 -0.00759345 -0.00759345 
4.015 -2.6600 1 0.9751 1  2235 2614 2778 2737 2577 2218 2221 2008  1 1 1 0 1 0 18 5 5 0.5 0.5 0.309625 0 0.5 0.038075 -0.00774733 0 -0.00774733 -0.00774733 
4.017 -2.6600 1 2.7101 1  2243 2508 2776 2813 2541 2283 2258 1984  1 1 1 0 1 0 20 5 5 0.5 0.5 0.313394 0 0.5 0.0373211 -0.00789748 0 -0.00789748 -0.00789748 
4.019 -2.6600 1 2.7012 1  2221 2563 2751 2748 2602 2253 2288 1958  1 1 1 0 1 0 20 5 5 0.5 0.5 0.317089 0 0.5 0.0365821 -0.00804398 0 -0.00804398 -0.00804398 
4.021 -2.6600 1 2.7008 1  2229 2661 2736 2689 2475 2277 2307 1954  1 1 1 0 1 0 20 5 5 0.5 0.5 0.320711 0 0.5 0.0358578 -0.00818691 0 -0.00818691 -0.00818691 
4.023 -2.6600 1 0.5753 1  2229 2516 2724 2607 2443 2153 1978 2016  1 1 1 0 1 0 18 5 5 0.5 0.5 0.324261 0 0.5 0.0351478 -0.00832634 0 -0.00832634 -0.00832634 
4.025 -2.6600 1 0.4313 1  2223 2549 2710 2609 2410 2161 2142 1957  1 1 1 0 1 0 18 5 5 0.5 0.5 0.327741 0 0.5 0.0344518 -0.00846233 0 -0.00846233 -0.00846233 
4.027 -2.6600 1 0.2084 1  2230 2532 2669 2598 2378 2247 2217 1958  1 1 1 0 1 0 16 5 5 0.5 0.5 0.331152 0 0.5 0.0337696 -0.00859498 0 -0.00859498 -0.00859498 
4.029 -2.6600 1 0.2146 1  2224 2699 2684 2717 2344 1990 2151 1918  1 1 1 0 1 0 16 5 5 0.5 0.5 0.334495 0 0.5 0.033101 -0.00872432 0 -0.00872432 -0.00872432 
4.031 -2.6600 1 0.2959 1  2220 2419 2572 2591 2392 2159 2148 1915  1 1 1 0 1 0 16 5 5 0.5 0.5 0.337772 0 0.5 0.0324455 -0.00885045 0 -0.00885045 -0.00885045 
4.033 -2.6600 1 -0.4322 1  2228 2410 2654 2490 2277 2037 2111 2004  1 1 1 0 1 0 14 5 5 0.5 0.5 0.340985 0 0.5 0.0318031 -0.0089734 0 -0.0089734 -0.0089734 
4.035 -2.6600 1 -0.5187 1  2226 2560 2639 2456 2234 1977 2082 1971  1 1 1 0 1 0 12 5 5 0.5 0.5 0.344133 0 0.5 0.0311734 -0.00909326 0 -0.00909326 -0.00909326 
4.037 -2.6600 1 -0.4879 1  2224 2543 2629 2475 2194 2004 1952 1839  1 1 1 0 1 0 10 5 5 0.5 0.5 0.347219 0 0.5 0.0305561 -0.00921009 0 -0.00921009 -0.00921009 
4.039 -2.6600 1 -0.5126 1  2213 2673 2616 2457 2184 1816 1862 1795  1 1 1 0 1 0 8 5 5 0.5 0.5 0.350245 0 0.5 0.0299511 -0.00932394 0 -0.00932394 -0.00932394 
4.041 -2.6600 1 -0.6002 1  2227 2530 2609 2412 2115 1798 1957 1851  1 1 1 0 1 0 6 5 5 0.5 0.5 0.35321 0 0.5 0.029358 -0.00943488 0 -0.00943488 -0.00943488 
4.043 -2.6600 1 -0.6274 1  2223 2536 2597 2372 2088 1792 1927 1845  1 1 1 0 1 0 6 5 5 0.5 0.5 0.356116 0 0.5 0.0287767 -0.00954297 0 -0.00954297 -0.00954297 
4.045 -2.7428 1 -0.6772 1  2109 2499 2572 2351 2083 1794 1939 1661  1 1 1 0 0 0 4 5 5 0.5 -0.677215 -3.13832 0 0.5 0.727663 0.224269 0 0.224269 0.224269 
4.047 -2.6600 1 -0.6605 1  2042 2445 2616 2425 2173 1802 1840 1862  1 1 1 0 0 0 2 2 2 0.5 -0.660528 -3.04002 0 0.5 0.708003 0.218815 0 0.218815 0.218815 
4.049 -2.6600 1 -0.7650 1  2324 2574 2554 2332 1936 1686 1852 1695  1 1 1 0 0 0 0 4 4 0.5 -0.764957 -3.30547 0 0.5 0.761094 0.237606 0 0.237606 0.237606 
4.051 -2.6600 1 -0.7024 1  2336 2629 2641 2281 1883 1697 1729 1729  1 1 1 0 0 0 0 5 5 0.5 -0.702363 -3.07257 0 0.5 0.714515 0.223119 0 0.223119 0.223119 
4.053 -2.7576 1 -0.7003 1  2180 2472 2552 2336 2030 1589 1749 1627  1 1 1 0 0 0 0 2 2 0.5 -0.700281 -3.01946 0 0.5 0.703892 0.22066 0 0.22066 0.22066 
4.055 -2.6600 1 -0.5973 1  2234 2642 2558 2330 1899 1615 1707 1606  1 1 1 0 0 0 0 4 4 0.5 -0.597345 -2.66658 0 0.5 0.633315 0.198159 0 0.198159 0.198159 
4.057 -2.6600 1 -0.4431 1  2220 2521 2556 2375 1922 1576 1674 1547  1 1 1 0 1 0 1 5 5 0.5 -0.443115 -2.16295 0 0.5 0.53259 0.165543 0 0.165543 0.165543 
4.059 -2.6600 1 -0.5528 1  2226 2676 2587 2312 1809 1587 1682 1597  1 1 1 0 0 0 0 5 5 0.5 -0.55282 -2.45685 0 0.5 0.591369 0.185972 0 0.185972 0.185972 
4.061 -2.6600 1 -0.5591 1  2168 2472 2554 2300 1738 1569 1611 1603  1 1 1 0 0 0 0 2 2 0.5 -0.559111 -2.43783 0 0.5 0.587566 0.185603 0 0.185603 0.185603 
4.063 -2.6600 1 -0.6054 1  2288 2535 2624 2281 1996 1583 1584 1558  1 1 1 0 0 0 0 4 4 0.5 -0.605391 -2.5368 0 0.5 0.60736 0.193147 0 0.193147 0.193147 
4.065 -2.6600 1 -0.5326 1  2295 2590 2642 2317 2011 1557 1639 1522  1 1 1 0 1 0 1 5 5 0.5 -0.532572 -2.28039 0 0.5 0.556078 0.17696 0 0.17696 0.17696 
4.067 -2.6600 1 -0.5105 1  2274 2561 2640 2324 2044 1565 1559 1534  1 1 1 0 0 0 0 5 5 0.5 -0.510535 -2.18045 0 0.5 0.53609 0.171116 0 0.171116 0.171116 
4.069 -2.6600 1 -0.5856 1  2245 2454 2520 2316 1944 1576 1781 1539  1 1 1 0 0 0 0 5 5 0.5 -0.585609 -2.36868 0 0.5 0.573737 0.184558 0 0.184558 0.184558 
4.071 -2.6600 1 -0.4149 1  2326 2650 2569 2400 1887 1574 1573 1523  1 1 1 0 1 0 1 5 5 0.5 -0.414932 -1.8239 0 0.5 0.46478 0.149041 0 0.149041 0.149041 
4.073 -2.6600 1 -0.6479 1  2287 2392 2511 2315 1882 1590 1671 1507  1 1 1 0 0 0 0 5 5 0.5 -0.647927 -2.48908 0 0.5 0.597817 0.194214 0 0.194214 0.194214 
4.075 -2.6600 1 -0.3514 1  2348 2641 2646 2425 1823 1556 1514 1428  1 1 1 0 1 0 2 5 5 0.5 -0.351424 -1.56974 0 0.5 0.413947 0.133668 0 0.133668 0.133668 
4.077 -2.6600 1 -0.2268 1  2365 2619 2695 2471 1962 1573 1412 1419  1 1 1 0 1 0 2 5 5 0.5 -0.226778 -1.17047 0 0.5 0.334094 0.107695 0 0.107695 0.107695 
4.079 -2.6600 1 -0.3924 1  2361 2536 2741 2396 1876 1585 1582 1463  1 1 1 0 0 0 0 5 5 0.5 -0.392387 -1.64374 0 0.5 0.428748 0.139855 0 0.139855 0.139855 
4.081 -2.6600 1 -0.4632 1  2407 2540 2814 2340 1930 1557 1434 1453  1 1 1 0 0 0 0 5 5 0.5 -0.463214 -1.83027 0 0.5 0.466054 0.152954 0 0.152954 0.152954 
4.083 -2.6600 1 -0.3471 1  2371 2565 2641 2434 2049 1645 1597 1409  1 1 1 0 0 0 0 5 5 0.5 -0.347133 -1.45659 0 0.5 0.391317 0.128696 0 0.128696 0.128696 
4.085 -2.6600 1 -0.3832 1  2377 2620 2730 2400 2062 1561 1445 1417  1 1 1 0 0 0 0 5 5 0.5 -0.383214 -1.54264 0 0.5 0.408528 0.135018 0 0.135018 0.135018 
4.087 -2.6600 1 -0.4093 1  2327 2593 2566 2402 1807 1559 1606 1391  1 1 1 0 0 0 0 5 5 0.5 -0.409331 -1.59925 0 0.5 0.419849 0.139368 0 0.139368 0.139368 
4.089 -2.6600 1 -0.2214 1  2239 2589 2667 2460 1906 1546 1545 1377  1 1 1 0 0 0 0 2 2 0.5 -0.221449 -1.01763 0 0.5 0.303526 0.101088 0 0.101088 0.101088 
4.091 -2.6600 1 -0.1404 1  2338 2655 2794 2541 2112 1533 1484 1357  1 1 1 0 1 0 1 4 4 0.5 -0.140442 -0.757436 0 0.5 0.251487 0.0842205 0 0.0842205 0.0842205 
4.093 -2.6600 1 -0.3297 1  2302 2585 2638 2459 1884 1580 1704 1347  1 1 1 0 0 0 0 5 5 0.5 -0.329744 -1.30815 0 0.5 0.36163 0.121415 0 0.121415 0.121415 
4.095 -2.8037 1 -0.3352 1  2192 2602 2884 2495 1936 1572 1375 1329  1 1 1 0 0 0 0 2 2 0.5 -0.335164 -1.30488 0 0.5 0.360975 0.12173 0 0.12173 0.12173 
4.097 -2.6600 1 -0.3706 1  2386 2786 2724 2435 1979 1545 1441 1313  1 1 1 0 0 0 0 4 4 0.5 -0.370593 -1.39286 0 0.5 0.378572 0.128104 0 0.128104 0.128104 
4.099 -2.6600 1 -0.4030 1  2331 2659 2758 2405 1891 1489 1413 1302  1 1 1 0 0 0 0 5 5 0.5 -0.403043 -1.47046 0 0.5 0.394092 0.13382 0 0.13382 0.13382 
4.101 -2.6600 1 -0.1818 1  2352 2619 2644 2542 1959 1506 1555 1286  1 1 1 0 1 0 2 5 5 0.5 -0.181773 -0.789557 0 0.5 0.257911 0.0889106 0 0.0889106 0.0889106 
4.103 -2.6600 1 -0.4274 1  2369 2625 2778 2366 1870 1462 1403 1276  1 1 1 0 0 0 0 5 5 0.5 -0.427356 -1.50954 0 0.5 0.401908 0.137388 0 0.137388 0.137388 
4.105 -2.6600 1 -0.3102 1  2296 2749 2828 2421 2000 1508 1431 1265  1 1 1 0 0 0 0 5 5 0.5 -0.310196 -1.14368 0 0.5 0.328736 0.113425 0 0.113425 0.113425 
4.107 -2.6600 1 -0.1315 1  2409 2731 2765 2555 1925 1508 1422 1211  1 1 1 0 1 0 1 5 5 0.5 -0.13154 -0.591989 0 0.5 0.218398 0.0771032 0 0.0771032 0.0771032 
4.109 -2.6600 1 -0.2248 1  2325 2586 2768 2462 1919 1607 1436 1229  1 1 1 0 0 0 0 5 5 0.5 -0.224824 -0.859206 0 0.5 0.271841 0.0953083 0 0.0953083 0.0953083 
4.111 -2.6600 1 -0.2284 1  2364 2579 2727 2475 1761 1582 1299 1229  1 1 1 0 1 0 1 5 5 0.5 -0.228381 -0.855382 0 0.5 0.271076 0.0954864 0 0.0954864 0.0954864 
4.113 -2.6600 1 -0.0782 1  2319 2636 2731 2547 1943 1424 1444 1228  1 1 1 0 1 0 1 5 5 0.5 -0.0781747 -0.393872 0 0.5 0.178774 0.0650731 0 0.0650731 0.0650731 
4.115 -2.6600 1 -0.0843 1  2359 2634 2771 2520 1938 1484 1294 1222  1 1 1 0 0 0 0 5 5 0.5 -0.0843193 -0.405425 0 0.5 0.181085 0.0661087 0 0.0661087 0.0661087 
4.117 -2.6600 1 -0.1878 1  2239 2748 2804 2412 1988 1471 1428 1226  1 1 1 0 0 0 0 5 5 0.5 -0.187806 -0.706476 0 0.5 0.241295 0.086501 0 0.086501 0.086501 
4.119 -2.6600 1 -0.1604 1  2256 2504 2611 2467 1903 1468 1441 1222  1 1 1 0 0 0 0 5 5 0.5 -0.160408 -0.614986 0 0.5 0.222997 0.0807221 0 0.0807221 0.0807221 
4.121 -2.6600 1 -0.1589 1  2298 2660 2745 2476 1850 1461 1418 1215  1 1 1 0 0 0 0 5 5 0.5 -0.158898 -0.600982 0 0.5 0.220196 0.0801134 0 0.0801134 0.0801134 
4.123 -2.6600 1 -0.2966 1  2354 2568 2728 2369 1821 1461 1453 1218  1 1 1 0 0 0 0 5 5 0.5 -0.296569 -1.00607 0 0.5 0.301214 0.107411 0 0.107411 0.107411 
4.125 -2.6600 1 -0.2714 1  2283 2677 2729 2375 1743 1455 1434 1192  1 1 1 0 0 0 0 5 5 0.5 -0.271397 -0.920298 0 0.5 0.28406 0.102036 0 0.102036 0.102036 
4.127 -2.6600 1 -0.1418 1  2281 2525 2731 2409 1907 1481 1245 1155  1 1 1 0 0 0 0 5 5 0.5 -0.141819 -0.523609 0 0.5 0.204722 0.0758831 0 0.0758831 0.0758831 
4.129 -2.6600 1 -0.0590 1  2331 2534 2761 2438 1873 1484 1166 1175  1 1 1 0 0 0 0 5 5 0.5 -0.0589974 -0.268984 0 0.5 0.153797 0.0591618 0 0.0591618 0.0591618 
4.131 -2.6600 1 -0.0819 1  2256 2523 2780 2400 1918 1457 1358 1265  1 1 1 0 0 0 0 5 5 0.5 -0.0818823 -0.332243 0 0.5 0.166449 0.0636161 0 0.0636161 0.0636161 
4.133 -2.6600 1 0.0195 1  2245 2564 2751 2583 1845 1453 1245 1128  1 1 1 0 1 0 1 5 5 0.5 0.0195194 -0.0232467 0 0.5 0.104649 0.0432402 0 0.0432402 0.0432402 
4.135 -2.6600 1 -0.1430 1  2260 2599 2723 2380 1906 1446 1372 1216  1 1 1 0 0 0 0 5 5 0.5 -0.142986 -0.508653 0 0.5 0.201731 0.0757649 0 0.0757649 0.0757649 
4.137 -2.6600 1 -0.0644 1  2248 2577 2720 2397 1904 1537 1345 1135  1 1 1 0 0 0 0 5 5 0.5 -0.0643938 -0.266889 0 0.5 0.153378 0.0598979 0 0.0598979 0.0598979 
4.139 -2.6600 1 -0.0150 1  2247 2534 2728 2487 1900 1521 1381 1174  1 1 1 0 0 0 0 5 5 0.5 -0.0149923 -0.115694 0 0.5 0.123139 0.0500025 0 0.0500025 0.0500025 
4.141 -2.6600 1 -0.0165 1  2243 2665 2717 2434 1910 1371 1365 1174  1 1 1 0 1 0 1 5 5 0.5 -0.0165097 -0.116036 0 0.5 0.123207 0.0502367 0 0.0502367 0.0502367 
4.143 -2.6600 1 -0.0233 1  2229 2649 2717 2449 1867 1541 1320 1135  1 1 1 0 0 0 0 5 5 0.5 -0.0233425 -0.135374 0 0.5 0.127075 0.0516695 0 0.0516695 0.0516695 
4.145 -2.6600 1 0.0132 1  2225 2564 2714 2453 1863 1498 1412 1058  1 1 1 0 0 0 0 5 5 0.5 0.0132367 -0.0239007 0 0.5 0.10478 0.0443943 0 0.0443943 0.0443943 
4.147 -2.6600 1 0.0530 1  2222 2510 2710 2469 1863 1582 1339 1031  1 1 1 0 1 0 1 5 5 0.5 0.0530182 0.0967388 0 0.5 0.0806522 0.036498 0 0.036498 0.036498 
4.149 -2.6600 1 0.0708 1  2209 2724 2707 2437 1904 1362 1253 1053  1 1 1 0 1 0 1 5 5 0.5 0.0708282 0.153429 0 0.5 0.0693141 0.0329087 0 0.0329087 0.0329087 
4.151 -2.6600 1 0.0865 1  2213 2554 2701 2525 1864 1506 1299 1074  1 1 1 0 1 0 1 5 5 0.5 0.0864503 0.199747 0 0.5 0.0600507 0.0299261 0 0.0299261 0.0299261 
4.153 -2.6600 1 0.0795 1  2191 2585 2696 2496 1857 1373 1178 1068  1 1 1 0 1 0 1 5 5 0.5 0.0794758 0.178452 0 0.5 0.0643097 0.0314547 0 0.0314547 0.0314547 
4.155 -2.6600 1 0.1099 1  2192 2495 2752 2457 1896 1557 1300 1100  1 1 1 0 0 0 0 5 5 0.5 0.109932 0.266887 0 0.5 0.0466225 0.0256105 0 0.0256105 0.0256105 
4.157 -2.6600 1 -0.0318 1  2184 2692 2692 2371 1854 1407 1297 1184  1 1 1 0 0 0 0 5 5 0.5 -0.03183 -0.15715 0 0.5 0.13143 0.0540238 0 0.0540238 0.0540238 
4.159 -2.6600 1 0.1402 1  2187 2592 2686 2581 1854 1457 1293 1054  1 1 1 0 0 0 0 5 5 0.5 0.140193 0.356869 0 0.5 0.0286262 0.0198264 0 0.0198264 0.0198264 
4.161 -2.6600 1 0.0472 1  2187 2402 2676 2473 1836 1417 1280 1125  1 1 1 0 0 0 0 5 5 0.5 0.0472378 0.0770293 0 0.5 0.0845941 0.0385764 0 0.0385764 0.0385764 
4.163 -2.6600 1 0.0938 1  2179 2571 2681 2469 1868 1384 1321 1052  1 1 1 0 0 0 0 5 5 0.5 0.0937941 0.214759 0 0.5 0.0570481 0.0294666 0 0.0294666 0.0294666 
4.165 -2.6600 1 -0.0906 1  2174 2514 2675 2354 1728 1405 1314 1092  1 1 1 0 0 0 0 5 5 0.5 -0.0905929 -0.339646 0 0.5 0.167929 0.0665141 0 0.0665141 0.0665141 
4.167 -2.6600 1 0.0779 1  2175 2539 2685 2430 1851 1350 1293 1023  1 1 1 0 0 0 0 5 5 0.5 0.0779373 0.166184 0 0.5 0.0667632 0.032912 0 0.032912 0.032912 
4.169 -2.6600 1 -0.0538 1  2171 2596 2679 2405 1772 1415 1339 1158  1 1 1 0 0 0 0 5 5 0.5 -0.0537515 -0.228998 0 0.5 0.1458 0.0593692 0 0.0593692 0.0593692 
4.171 -2.6600 1 -0.0056 1  2170 2474 2691 2462 1781 1411 1324 1132  1 1 1 0 0 0 0 5 5 0.5 -0.00564577 -0.0853805 0 0.5 0.117076 0.0498932 0 0.0498932 0.0498932 
4.173 -2.6600 1 0.1516 1  2175 2508 2694 2463 1897 1362 1405 1007  1 1 1 0 1 0 1 5 5 0.5 0.151581 0.384907 0 0.5 0.0230185 0.0186234 0 0.0186234 0.0186234 
4.175 -2.6600 1 0.1378 1  2177 2466 2698 2464 1869 1436 1284 1027  1 1 1 0 0 0 0 5 5 0.5 0.137791 0.339662 0 0.5 0.0320676 0.0216668 0 0.0216668 0.0216668 
4.177 -2.6600 1 0.1408 1  2186 2582 2709 2409 1917 1328 1304 1065  1 1 1 0 0 0 0 5 5 0.5 0.140758 0.345221 0 0.5 0.0309558 0.0213344 0 0.0213344 0.0213344 
4.179 -2.6600 1 0.0005 1  2175 2682 2694 2477 1775 1386 1328 1106  1 1 1 0 0 0 0 5 5 0.5 0.000491409 -0.0770754 0 0.5 0.115415 0.0495663 0 0.0495663 0.0495663 
4.181 -2.6600 1 0.0285 1  2181 2464 2733 2401 1854 1389 1224 1212  1 1 1 0 0 0 0 5 5 0.5 0.0284526 0.00636265 0 0.5 0.0987275 0.0441056 0 0.0441056 0.0441056 
4.183 -2.6600 1 0.0419 1  2171 2504 2693 2485 1784 1426 1222 1058  1 1 1 0 0 0 0 5 5 0.5 0.0419483 0.0457385 0 0.5 0.0908523 0.0415672 0 0.0415672 0.0415672 
4.185 -2.6600 1 0.1646 1  2176 2376 2693 2544 1875 1495 1299 990  1 1 1 0 0 0 0 5 5 0.5 0.164579 0.411068 0 0.5 0.0177864 0.0172659 0 0.0172659 0.0172659 
4.187 -2.6600 1 -0.0201 1  2178 2669 2707 2398 1766 1345 1331 1061  1 1 1 0 0 0 0 5 5 0.5 -0.0201456 -0.144573 0 0.5 0.128915 0.0543865 0 0.0543865 0.0543865 
4.189 -2.6600 1 0.0805 1  2165 2595 2700 2428 1887 1381 1246 1150  1 1 1 0 0 0 0 5 5 0.5 0.0805226 0.156514 0 0.5 0.0686972 0.0344039 0 0.0344039 0.0344039 
4.191 -2.6600 1 0.1438 1  2180 2646 2700 2446 1904 1359 1129 1103  1 1 1 0 0 0 0 5 5 0.5 0.143821 0.343481 0 0.5 0.0313038 0.021984 0 0.021984 0.021984 
4.193 -2.6600 1 0.0411 1  2166 2553 2702 2468 1799 1443 1300 1050  1 1 1 0 0 0 0 5 5 0.5 0.0411128 0.0330659 0 0.5 0.0933868 0.0427367 0 0.0427367 0.0427367 
4.195 -2.6600 1 0.0829 1  2158 2446 2698 2419 1893 1570 1292 1132  1 1 1 0 0 0 0 5 5 0.5 0.0828512 0.155742 0 0.5 0.0688516 0.0346106 0 0.0346106 0.0346106 
4.197 -2.6600 1 0.2129 1  2172 2523 2703 2588 1900 1387 1176 1200  1 1 1 0 0 0 0 5 5 0.5 0.212875 0.541239 0 0.5 -0.00824777 0.00891728 0 0.00891728 0.00891728 
4.199 -2.6600 1 0.1693 1  2168 2530 2703 2473 1903 1465 1281 1056  1 1 1 0 1 0 1 5 5 0.5 0.169277 0.407124 0 0.5 0.0185751 0.0178919 0 0.0178919 0.0178919 
4.201 -2.6600 1 0.1645 1  2163 2431 2703 2487 1894 1421 1345 1015  1 1 1 0 0 0 1 5 5 0.5 0.164533 0.386201 0 0.5 0.0227597 0.0192449 0 0.0192449 0.0192449 
4.203 -2.6600 1 0.1693 1  2173 2490 2711 2475 1905 1439 1288 1069  1 1 1 0 0 0 0 5 5 0.5 0.169271 0.396824 0 0.5 0.0206351 0.0185629 0 0.0185629 0.0185629 
4.205 -2.6600 1 0.1799 1  2159 2611 2694 2445 1934 1506 1330 1077  1 1 1 0 0 0 0 5 5 0.5 0.179871 0.42406 0 0.5 0.015188 0.0167512 0 0.0167512 0.0167512 
4.207 -2.6600 1 0.2351 1  2169 2565 2706 2497 1959 1332 1268 1014  1 1 1 0 1 0 1 5 5 0.5 0.23509 0.585759 0 0.5 -0.0171518 0.00598809 0 0.00598809 0.00598809 
4.209 -2.6600 1 0.2054 1  2165 2503 2699 2482 1929 1383 1311 1063  1 1 1 0 0 0 0 5 5 0.5 0.205361 0.490408 0 0.5 0.00191847 0.0123118 0 0.0123118 0.0123118 
4.211 -2.6600 1 0.2513 1  2169 2511 2704 2522 1964 1429 1208 1054  1 1 1 0 1 0 1 5 5 0.5 0.251313 0.624772 0 0.5 -0.0249545 0.00337993 0 0.00337993 0.00337993 
4.213 -2.6600 1 0.1938 1  2166 2445 2751 2553 1936 1410 1326 1185  1 1 1 0 0 0 0 5 5 0.5 0.193766 0.44528 0 0.5 0.010944 0.0152964 0 0.0152964 0.0152964 
4.215 -2.6600 1 0.1548 1  2157 2497 2701 2460 1907 1401 1154 1188  1 1 1 0 0 0 0 5 5 0.5 0.154803 0.325199 0 0.5 0.0349601 0.0233326 0 0.0233326 0.0233326 
4.217 -2.6600 1 0.2136 1  2168 2454 2771 2591 1942 1401 1314 1163  1 1 1 0 0 0 0 5 5 0.5 0.213603 0.495207 0 0.5 0.000958645 0.011958 0 0.011958 0.011958 
4.219 -2.6600 1 0.1771 1  2160 2657 2700 2477 1903 1323 1071 1000  1 1 1 0 0 0 0 5 5 0.5 0.177145 0.38242 0 0.5 0.0235161 0.0195017 0 0.0195017 0.0195017 
4.221 -2.6600 1 0.1201 1  2167 2337 2703 2448 1899 1529 1272 1071  1 1 1 0 0 0 0 5 5 0.5 0.12015 0.209037 0 0.5 0.0581925 0.0311071 0 0.0311071 0.0311071 
4.223 -2.6600 1 0.1547 1  2163 2593 2703 2432 1902 1405 1082 1195  1 1 1 0 0 0 0 5 5 0.5 0.154658 0.310073 0 0.5 0.0379855 0.0244156 0 0.0244156 0.0244156 
4.225 -2.6600 1 0.1631 1  2155 2474 2702 2458 1920 1367 1344 1139  1 1 1 0 0 0 0 5 5 0.5 0.163051 0.331317 0 0.5 0.0337366 0.0230108 0 0.0230108 0.0230108 
4.227 -2.6600 1 0.2056 1  2166 2418 2704 2504 1940 1601 1345 1070  1 1 1 0 0 0 0 5 5 0.5 0.205601 0.4552 0 0.5 0.00895991 0.0147665 0 0.0147665 0.0147665 
4.229 -2.6600 1 0.2016 1  2167 2649 2705 2474 1934 1328 1187 1086  1 1 1 0 0 0 0 5 5 0.5 0.201604 0.439317 0 0.5 0.0121366 0.0158367 0 0.0158367 0.0158367 
4.231 -2.6600 1 0.1796 1  2181 2478 2733 2434 1961 1383 1284 1145  1 1 1 0 0 0 0 5 5 0.5 0.179582 0.368107 0 0.5 0.0263786 0.0205667 0 0.0205667 0.0205667 
4.233 -2.6600 1 0.1755 1  2167 2521 2706 2422 1981 1404 1318 1190  1 1 1 0 0 0 0 5 5 0.5 0.175483 0.353152 0 0.5 0.0293696 0.0216011 0 0.0216011 0.0216011 
4.235 -2.6600 1 0.2573 1  2172 2455 2709 2595 1988 1447 1317 1076  1 1 1 0 1 0 1 5 5 0.5 0.257338 0.595959 0 0.5 -0.0191917 0.00544872 0 0.00544872 0.00544872 
4.237 -2.6600 1 0.1950 1  2178 2635 2713 2566 1915 1375 1276 1029  1 1 1 0 0 0 0 5 5 0.5 0.195017 0.404318 0 0.5 0.0191364 0.0182162 0 0.0182162 0.0182162 
4.239 -2.6600 1 0.2580 1  2171 2649 2783 2626 1953 1371 1161 1065  1 1 1 0 0 0 0 5 5 0.5 0.257957 0.587667 0 0.5 -0.0175333 0.00596611 0 0.00596611 0.00596611 
4.241 -2.6600 1 0.1306 1  2183 2536 2719 2606 1834 1440 1277 1057  1 1 1 0 1 0 1 5 5 0.5 0.130555 0.204371 0 0.5 0.0591259 0.031589 0 0.031589 0.031589 
4.243 -2.6600 1 0.1840 1  2178 2697 2713 2495 1923 1370 1143 1036  1 1 1 0 0 0 0 5 5 0.5 0.183991 0.361766 0 0.5 0.0276469 0.0211251 0 0.0211251 0.0211251 
4.245 -2.6600 1 0.1603 1  2176 2690 2719 2419 1960 1389 1314 1108  1 1 1 0 0 0 0 5 5 0.5 0.160289 0.28693 0 0.5 0.042614 0.0261244 0 0.0261244 0.0261244 
4.247 -2.6600 1 0.1867 1  2191 2631 2723 2515 1925 1403 1374 1013  1 1 1 0 0 0 0 5 5 0.5 0.186688 0.363475 0 0.5 0.0273049 0.0210552 0 0.0210552 0.0210552 
4.249 -2.6600 1 0.1139 1  2178 2504 2719 2486 1880 1373 1287 1069  1 1 1 0 0 0 0 5 5 0.5 0.113855 0.141753 0 0.5 0.0716494 0.0358572 0 0.0358572 0.0358572 
4.251 -2.6600 1 0.1436 1  2193 2559 2731 2486 1930 1411 1365 1115  1 1 1 0 0 0 0 5 5 0.5 0.143642 0.228403 0 0.5 0.0543195 0.030112 0 0.030112 0.030112 
4.253 -2.6600 1 0.1883 1  2195 2638 2731 2518 1932 1398 1185 1122  1 1 1 0 0 0 0 5 5 0.5 0.188289 0.359288 0 0.5 0.0281424 0.0214096 0 0.0214096 0.0214096 
4.255 -2.6600 1 0.2195 1  2193 2479 2762 2616 1973 1442 1335 1183  1 1 1 0 0 0 0 5 5 0.5 0.21951 0.447558 0 0.5 0.0104883 0.0154957 0 0.0154957 0.0154957 
4.257 -2.6600 1 0.1513 1  2197 2693 2742 2512 1947 1509 1379 1072  1 1 1 0 0 0 0 5 5 0.5 0.151326 0.240822 0 0.5 0.0518355 0.0293196 0 0.0293196 0.0293196 
4.259 -2.6600 1 0.2331 1  2193 2611 2736 2531 1994 1532 1209 1084  1 1 1 0 0 0 0 5 5 0.5 0.233134 0.483308 0 0.5 0.0033384 0.0131782 0 0.0131782 0.0131782 
4.261 -2.6600 1 0.1348 1  2199 2468 2746 2471 1949 1442 1295 1118  1 1 1 0 0 0 0 5 5 0.5 0.134808 0.185517 0 0.5 0.0628967 0.0330575 0 0.0330575 0.0330575 
4.263 -2.6600 1 0.1300 1  2193 2421 2742 2422 1970 1406 1244 1221  1 1 1 0 0 0 0 5 5 0.5 0.130048 0.170623 0 0.5 0.0658754 0.0341254 0 0.0341254 0.0341254 
4.265 -2.6600 1 0.1341 1  2199 2485 2739 2486 1943 1602 1271 1182  1 1 1 0 0 0 0 5 5 0.5 0.134077 0.181049 0 0.5 0.0637903 0.0334819 0 0.0334819 0.0334819 
4.267 -2.6600 1 0.1813 1  2202 2540 2781 2616 1954 1455 1332 1228  1 1 1 0 0 0 0 5 5 0.5 0.181347 0.321461 0 0.5 0.0357078 0.0241781 0 0.0241781 0.0241781 
4.269 -2.6600 1 0.0988 1  2200 2678 2747 2587 1874 1435 1332 1091  1 1 1 0 0 0 0 5 5 0.5 0.0987856 0.0742903 0 0.5 0.0851419 0.0407554 0 0.0407554 0.0407554 
4.271 -2.6600 1 0.1369 1  2200 2675 2746 2458 1989 1397 1312 1086  1 1 1 0 0 0 0 5 5 0.5 0.136852 0.188374 0 0.5 0.0623252 0.0332349 0 0.0332349 0.0332349 
4.273 -2.6600 1 0.2388 1  2196 2641 2750 2569 2045 1428 1354 1196  1 1 1 0 1 0 1 5 5 0.5 0.238799 0.492241 0 0.5 0.00155185 0.0130206 0 0.0130206 0.0130206 
4.275 -2.6600 1 0.2896 1  2195 2547 2755 2679 2040 1550 1412 1098  1 1 1 0 1 0 1 5 5 0.5 0.289591 0.643412 0 0.5 -0.0286824 0.00300272 0 0.00300272 0.00300272 
4.277 -2.6600 1 0.1848 1  2202 2562 2750 2551 1967 1554 1319 1079  1 1 1 0 0 0 0 5 5 0.5 0.184803 0.325281 0 0.5 0.0349439 0.0242143 0 0.0242143 0.0242143 
4.279 -2.6600 1 0.1581 1  2192 2588 2774 2528 1960 1368 1330 1097  1 1 1 0 0 0 0 5 5 0.5 0.158071 0.24299 0 0.5 0.0514019 0.0297399 0 0.0297399 0.0297399 
4.281 -2.6600 1 0.1752 1  2192 2617 2771 2486 1975 1401 1187 1192  1 1 1 0 0 0 0 5 5 0.5 0.175249 0.292307 0 0.5 0.0415385 0.0264885 0 0.0264885 0.0264885 
4.283 -2.6600 1 0.2797 1  2197 2514 2781 2656 2039 1529 1345 1139  1 1 1 0 1 0 1 5 5 0.5 0.279673 0.602249 0 0.5 -0.0204499 0.00583686 0 0.00583686 0.00583686 
4.285 -2.6600 1 0.2243 1  2197 2536 2749 2475 2019 1437 1209 1144  1 1 1 0 0 0 0 5 5 0.5 0.224335 0.43044 0 0.5 0.013912 0.0172466 0 0.0172466 0.0172466 
4.287 -2.6600 1 0.3151 1  2201 2609 2681 2640 2058 1393 1305 1112  1 1 1 0 1 0 1 5 5 0.5 0.315065 0.700289 0 0.5 -0.0400577 -0.000711298 0 -0.000711298 -0.000711298 
4.289 -2.6600 1 0.2153 1  2201 2665 2756 2561 1993 1539 1405 1103  1 1 1 0 0 0 0 5 5 0.5 0.215326 0.397077 0 0.5 0.0205846 0.0194975 0 0.0194975 0.0194975 
4.291 -2.6600 1 0.2212 1  2195 2576 2759 2523 2000 1498 1212 1176  1 1 1 0 1 0 1 5 5 0.5 0.221221 0.413118 0 0.5 0.0173764 0.0184746 0 0.0184746 0.0184746 
4.293 -2.6600 1 0.1718 1  2195 2396 2763 2519 2003 1538 1390 1246  1 1 1 0 0 0 0 5 5 0.5 0.171786 0.260946 0 0.5 0.0478108 0.028616 0 0.028616 0.028616 
4.295 -2.6600 1 0.1890 1  2204 2595 2761 2548 2013 1399 1330 1189  1 1 1 0 0 0 0 5 5 0.5 0.189041 0.309397 0 0.5 0.0381206 0.0253943 0 0.0253943 0.0253943 
4.297 -2.6600 1 0.2180 1  2203 2520 2759 2471 2032 1475 1183 1165  1 1 1 0 0 0 0 5 5 0.5 0.217954 0.393661 0 0.5 0.0212678 0.0198033 0 0.0198033 0.0198033 
4.299 -2.6600 1 0.2229 1  2202 2677 2763 2575 2019 1611 1319 1123  1 1 1 0 0 0 0 5 5 0.5 0.222864 0.40423 0 0.5 0.0191541 0.0190873 0 0.0190873 0.0190873 
4.301 -2.6600 1 0.1327 1  2196 2599 2670 2558 1953 1433 1358 1138  1 1 1 0 0 0 0 5 5 0.5 0.132676 0.130793 0 0.5 0.0738414 0.037333 0 0.037333 0.037333 
4.303 -2.6600 1 0.2313 1  2199 2691 2774 2595 2035 1482 1397 1117  1 1 1 0 0 0 0 5 5 0.5 0.2313 0.42355 0 0.5 0.01529 0.0178268 0 0.0178268 0.0178268 
4.305 -2.6600 1 0.1976 1  2196 2567 2763 2565 2035 1572 1422 1196  1 1 1 0 0 0 0 5 5 0.5 0.197573 0.318837 0 0.5 0.0362326 0.0248086 0 0.0248086 0.0248086 
4.307 -2.6600 1 0.2599 1  2197 2623 2766 2610 2077 1568 1430 1155  1 1 1 0 0 0 0 5 5 0.5 0.259867 0.502349 0 0.5 -0.000469792 0.0125787 0 0.0125787 0.0125787 
4.309 -2.6600 1 0.2873 1  2198 2493 2811 2706 2087 1535 1463 1234  1 1 1 0 0 0 0 5 5 0.5 0.287315 0.578673 0 0.5 -0.0157346 0.00743508 0 0.00743508 0.00743508 
4.311 -2.6600 1 0.2767 1  2196 2478 2772 2613 2098 1725 1461 1195  1 1 1 0 0 0 0 5 5 0.5 0.276728 0.5407 0 0.5 -0.0081401 0.00990612 0 0.00990612 0.00990612 
4.313 -2.6600 1 0.1422 1  2210 2598 2776 2591 2003 1526 1354 1185  1 1 1 0 0 0 0 5 5 0.5 0.142158 0.132498 0 0.5 0.0735005 0.0370967 0 0.0370967 0.0370967 
4.315 -2.6600 1 0.2867 1  2208 2630 2774 2562 2116 1481 1425 1199  1 1 1 0 0 0 0 5 5 0.5 0.286739 0.561834 0 0.5 -0.0123667 0.00845264 0 0.00845264 0.00845264 
4.317 -2.6600 1 0.2153 1  2208 2394 2778 2572 2084 1676 1382 1342  1 1 1 0 0 0 0 5 5 0.5 0.215263 0.343957 0 0.5 0.0312086 0.0229768 0 0.0229768 0.0229768 
4.319 -2.6600 1 0.1774 1  2207 2497 2775 2646 2034 1764 1498 1220  1 1 1 0 0 0 0 5 5 0.5 0.177423 0.227891 0 0.5 0.0544218 0.0307333 0 0.0307333 0.0307333 
4.321 -2.6600 1 0.1916 1  2210 2524 2778 2575 2097 1677 1423 1260  1 1 1 0 0 0 0 5 5 0.5 0.191579 0.267171 0 0.5 0.0465658 0.0281186 0 0.0281186 0.0281186 
4.323 -2.6600 1 0.1417 1  2207 2624 2773 2634 2037 1683 1407 1233  1 1 1 0 0 0 0 5 5 0.5 0.14166 0.116613 0 0.5 0.0766774 0.0382125 0 0.0382125 0.0382125 
4.325 -2.6600 1 0.2741 1  2200 2511 2812 2640 2150 1595 1516 1314  1 1 1 0 1 0 1 5 5 0.5 0.274072 0.514188 0 0.5 -0.00283765 0.0117893 0 0.0117893 0.0117893 
4.327 -2.6600 1 0.3430 1  2201 2516 2834 2748 2180 1706 1511 1258  1 1 1 0 1 0 1 5 5 0.5 0.342971 0.716858 0 0.5 -0.0433715 -0.00173749 0 -0.00173749 -0.00173749 
4.329 -2.6600 1 0.3495 1  2204 2669 2770 2763 2192 1549 1564 1250  1 1 1 0 1 0 1 5 5 0.5 0.349543 0.733654 0 0.5 -0.0467309 -0.00284878 0 -0.00284878 -0.00284878 
4.331 -2.6600 1 0.2295 1  2202 2535 2769 2649 2129 1652 1501 1236  1 1 1 0 1 0 1 5 5 0.5 0.229465 0.37388 0 0.5 0.0252241 0.0212195 0 0.0212195 0.0212195 
4.333 -2.6600 1 0.3272 1  2203 2484 2816 2712 2170 1681 1491 1231  1 1 1 0 1 0 1 5 5 0.5 0.327161 0.665729 0 0.5 -0.0331457 0.00180837 0 0.00180837 0.00180837 
4.335 -2.6600 1 0.0997 1  2213 2666 2811 2696 2005 1603 1481 1331  1 1 1 0 0 0 0 5 5 0.5 0.0997385 -0.016524 0 0.5 0.103305 0.0473649 0 0.0473649 0.0473649 
4.337 -2.6600 1 0.1882 1  2198 2640 2771 2625 2135 1641 1554 1379  1 1 1 0 0 0 0 5 5 0.5 0.188248 0.2461 0 0.5 0.0507799 0.0298645 0 0.0298645 0.0298645 
4.339 -2.6600 1 0.2697 1  2194 2644 2764 2845 2141 1631 1586 1293  1 1 1 0 1 0 1 5 5 0.5 0.269735 0.491042 0 0.5 0.00179156 0.0136179 0 0.0136179 0.0136179 
4.341 -2.6600 1 0.2518 1  2194 2516 2768 2603 2158 1746 1503 1281  1 1 1 0 0 0 0 5 5 0.5 0.251785 0.43418 0 0.5 0.0131639 0.0174136 0 0.0174136 0.0174136 
4.343 -2.6600 1 0.2782 1  2192 2627 2776 2571 2200 1634 1623 1394  1 1 1 0 0 0 0 5 5 0.5 0.278182 0.508485 0 0.5 -0.00169699 0.0124226 0 0.0124226 0.0124226 
4.345 -2.6600 1 0.2446 1  2194 2508 2774 2603 2138 1747 1435 1307  1 1 1 0 0 0 0 5 5 0.5 0.244611 0.40435 0 0.5 0.01913 0.0193596 0 0.0193596 0.0193596 
4.347 -2.6600 1 0.3134 1  2200 2565 2773 2675 2173 1738 1546 1260  1 1 1 0 0 0 0 5 5 0.5 0.313441 0.606594 0 0.5 -0.0213188 0.00585258 0 0.00585258 0.00585258 
4.349 -2.6600 1 0.1922 1  2195 2709 2692 2604 2149 1680 1564 1403  1 1 1 0 0 0 0 5 5 0.5 0.192213 0.235892 0 0.5 0.0528216 0.0304796 0 0.0304796 0.0304796 
4.351 -2.6600 1 0.2397 1  2206 2542 2783 2658 2158 1792 1575 1261  1 1 1 0 0 0 0 5 5 0.5 0.239706 0.374781 0 0.5 0.0250439 0.0212094 0 0.0212094 0.0212094 
4.353 -2.6600 1 0.3144 1  2199 2563 2778 2776 2195 1662 1521 1328  1 1 1 0 1 0 1 5 5 0.5 0.314418 0.597753 0 0.5 -0.0195505 0.00638714 0 0.00638714 0.00638714 
4.355 -2.6600 1 0.3134 1  2199 2680 2797 2614 2197 1633 1503 1264  1 1 1 0 0 0 1 5 5 0.5 0.313388 0.587604 0 0.5 -0.0175208 0.00697469 0 0.00697469 0.00697469 
4.357 -2.6600 1 0.2148 1  2200 2457 2805 2605 2155 1676 1480 1423  1 1 1 0 0 0 1 5 5 0.5 0.214763 0.285368 0 0.5 0.0429265 0.0270494 0 0.0270494 0.0270494 
4.359 -2.6600 1 0.3128 1  2246 2645 2817 2626 2166 1672 1373 1424  1 1 1 0 0 0 1 5 5 0.5 0.312771 0.573273 0 0.5 -0.0146545 0.00778609 0 0.00778609 0.00778609 
4.361 -2.6600 1 0.3439 1  2203 2640 2665 2682 2183 1795 1385 1267  1 1 1 0 0 0 0 5 5 0.5 0.343899 0.660142 0 0.5 -0.0320283 0.00191558 0 0.00191558 0.00191558 
4.363 -2.6600 1 0.3317 1  2212 2621 2816 2677 2199 1672 1484 1423  1 1 1 0 0 0 0 5 5 0.5 0.331748 0.616972 0 0.5 -0.0233944 0.004709 0 0.004709 0.004709 
4.365 -2.6600 1 0.3665 1  2242 2586 2787 2685 2210 1686 1512 1252  1 1 1 0 1 0 1 5 5 0.5 0.366543 0.716539 0 0.5 -0.0433078 -0.00197182 0 -0.00197182 -0.00197182 
4.367 -2.6600 1 0.2819 1  2207 2620 2781 2739 2172 1634 1576 1413  1 1 1 0 0 0 0 5 5 0.5 0.281919 0.458574 0 0.5 0.00828513 0.0151982 0 0.0151982 0.0151982 
4.369 -2.6600 1 0.3353 1  2202 2538 2784 2618 2197 1764 1450 1290  1 1 1 0 0 0 0 5 5 0.5 0.335293 0.613866 0 0.5 -0.0227732 0.00480097 0 0.00480097 0.00480097 
4.371 -2.6600 1 0.3806 1  2210 2512 2792 2634 2185 1815 1294 1287  1 1 1 0 1 0 1 5 5 0.5 0.380628 0.744286 0 0.5 -0.0488571 -0.00395554 0 -0.00395554 -0.00395554 
4.373 -2.6600 1 0.2484 1  2204 2543 2792 2705 2115 1728 1481 1282  1 1 1 0 0 0 0 5 5 0.5 0.248391 0.341254 0 0.5 0.0317492 0.0228342 0 0.0228342 0.0228342 
4.375 -2.6600 1 0.3969 1  2218 2448 2801 2700 2224 1757 1531 1267  1 1 1 0 1 0 1 5 5 0.5 0.396851 0.784579 0 0.5 -0.0569159 -0.00670555 0 -0.00670555 -0.00670555 
4.377 -2.6600 1 0.3876 1  2219 2615 2822 2685 2219 1683 1507 1253  1 1 1 0 1 0 1 5 5 0.5 0.3876 0.75435 0 0.5 -0.05087 -0.00468472 0 -0.00468472 -0.00468472 
4.379 -2.6600 1 0.3635 1  2216 2382 2792 2610 2189 1768 1361 1366  1 1 1 0 0 0 0 5 5 0.5 0.363483 0.675894 0 0.5 -0.0351789 0.000470001 0 0.000470001 0.000470001 
4.381 -2.6600 1 0.4331 1  2220 2422 2792 2773 2267 1664 1531 1406  1 1 1 0 0 0 0 5 5 0.5 0.433108 0.877559 0 0.5 -0.0755119 -0.0130753 0 -0.0130753 -0.0130753 
4.383 -2.6600 1 0.2631 1  2211 2833 2753 2644 2192 1646 1640 1313  1 1 1 0 0 0 0 5 5 0.5 0.263056 0.361501 0 0.5 0.0276998 0.0212557 0 0.0212557 0.0212557 
4.385 -2.6600 1 0.2920 1  2223 2565 2837 2641 2193 1693 1473 1297  1 1 1 0 0 0 0 5 5 0.5 0.292002 0.445107 0 0.5 0.0109786 0.0156681 0 0.0156681 0.0156681 
4.387 -2.6600 1 0.3312 1  2221 2692 2793 2663 2197 1742 1398 1262  1 1 1 0 0 0 0 5 5 0.5 0.331213 0.558993 0 0.5 -0.0117986 0.00804982 0 0.00804982 0.00804982 
4.389 -2.6600 1 0.3940 1  2222 2580 2823 2655 2227 1580 1485 1253  1 1 1 0 0 0 0 5 5 0.5 0.393983 0.741408 0 0.5 -0.0482816 -0.00418542 0 -0.00418542 -0.00418542 
4.391 -2.6600 1 0.4870 1  2211 2533 2790 2667 2266 1745 1426 1276  1 1 1 0 1 0 1 5 5 0.5 0.486959 1.01362 0 0.5 -0.102725 -0.0224262 0 -0.0224262 -0.0224262 
4.393 -2.6600 1 0.4228 1  2226 2531 2870 2627 2236 1701 1477 1310  1 1 1 0 0 0 0 5 5 0.5 0.422827 0.812294 0 0.5 -0.0624589 -0.00914766 0 -0.00914766 -0.00914766 
4.395 -2.6600 1 0.4252 1  2225 2617 2796 2630 2212 1670 1350 1301  1 1 1 0 0 0 0 5 5 0.5 0.425249 0.812639 0 0.5 -0.0625278 -0.00927025 0 -0.00927025 -0.00927025 
4.397 -2.6600 1 0.3737 1  2222 2632 2807 2693 2209 1641 1565 1274  1 1 1 0 0 0 0 5 5 0.5 0.373746 0.650762 0 0.5 -0.0301523 0.00141123 0 0.00141123 0.00141123 
4.399 -2.6600 1 0.3497 1  2222 2562 2805 2785 2209 1641 1516 1389  1 1 1 0 1 0 1 5 5 0.5 0.349736 0.576985 0 0.5 -0.0153971 0.00634368 0 0.00634368 0.00634368 
4.401 -2.6600 1 0.3459 1  2221 2698 2801 2653 2206 1604 1394 1235  1 1 1 0 0 0 0 5 5 0.5 0.345908 0.561581 0 0.5 -0.0123161 0.00733594 0 0.00733594 0.00733594 
4.403 -2.6600 1 0.3788 1  2234 2547 2811 2689 2215 1608 1523 1237  1 1 1 0 0 0 0 5 5 0.5 0.378812 0.653529 0 0.5 -0.0307058 0.00110757 0 0.00110757 0.00110757 
4.405 -2.6600 1 0.3979 1  2214 2676 2803 2770 2209 1547 1464 1190  1 1 1 0 0 0 0 5 5 0.5 0.397879 0.704853 0 0.5 -0.0409705 -0.00239358 0 -0.00239358 -0.00239358 
4.407 -2.6600 1 0.4667 1  2223 2661 2809 2660 2271 1628 1545 1316  1 1 1 0 0 0 0 5 5 0.5 0.466671 0.903745 0 0.5 -0.080749 -0.0157691 0 -0.0157691 -0.0157691 
4.409 -2.6600 1 0.4696 1  2231 2585 2862 2789 2282 1589 1474 1226  1 1 1 0 0 0 0 5 5 0.5 0.469617 0.90436 0 0.5 -0.0808719 -0.0159434 0 -0.0159434 -0.0159434 
4.411 -2.6600 1 0.3168 1  2227 2607 2847 2821 2181 1653 1468 1359  1 1 1 0 0 0 0 5 5 0.5 0.31679 0.439312 0 0.5 0.0121376 0.0149624 0 0.0149624 0.0149624 
4.413 -2.6600 1 0.3939 1  2240 2696 2814 2687 2228 1589 1417 1224  1 1 1 0 0 0 0 5 5 0.5 0.393884 0.66515 0 0.5 -0.0330299 -0.00016655 0 -0.00016655 -0.00016655 
4.415 -2.6600 1 0.2461 1  2226 2476 2768 2741 2122 1824 1579 1239  1 1 1 0 0 0 0 5 5 0.5 0.246135 0.216976 0 0.5 0.0566048 0.0296494 0 0.0296494 0.0296494 
4.417 -2.6600 1 0.4587 1  2239 2562 2812 2661 2262 1745 1467 1246  1 1 1 0 1 0 1 5 5 0.5 0.458726 0.851947 0 0.5 -0.0703894 -0.0126974 0 -0.0126974 -0.0126974 
4.419 -2.6600 1 0.2405 1  2241 2351 2822 2642 2163 1681 1456 1369  1 1 1 0 0 0 0 5 5 0.5 0.240539 0.197324 0 0.5 0.0605352 0.0309892 0 0.0309892 0.0309892 
4.421 -2.6600 1 0.4528 1  2243 2630 2822 2753 2253 1773 1448 1236  1 1 1 0 0 0 0 5 5 0.5 0.452771 0.829409 0 0.5 -0.0658818 -0.0112061 0 -0.0112061 -0.0112061 
4.423 -2.6600 1 0.3401 1  2235 2471 2734 2669 2227 1680 1535 1376  1 1 1 0 0 0 0 5 5 0.5 0.340066 0.485534 0 0.5 0.00289311 0.0116364 0 0.0116364 0.0116364 
4.425 -2.6600 1 0.4411 1  2241 2699 2816 2758 2271 1571 1511 1224  1 1 1 0 1 0 1 5 5 0.5 0.441057 0.783921 0 0.5 -0.0567842 -0.00831297 0 -0.00831297 -0.00831297 
4.427 -2.6600 1 0.2474 1  2245 2569 2849 2679 2155 1667 1467 1268  1 1 1 0 0 0 0 5 5 0.5 0.247417 0.19931 0 0.5 0.060138 0.0306235 0 0.0306235 0.0306235 
4.429 -2.6600 1 0.3977 1  2237 2511 2822 2718 2230 1698 1463 1237  1 1 1 0 0 0 0 5 5 0.5 0.397659 0.645995 0 0.5 -0.029199 0.00079867 0 0.00079867 0.00079867 
4.431 -2.6600 1 0.5120 1  2242 2579 2828 2710 2308 1625 1382 1229  1 1 1 0 1 0 1 5 5 0.5 0.511965 0.982346 0 0.5 -0.0964691 -0.0217273 0 -0.0217273 -0.0217273 
4.433 -2.6600 1 0.3531 1  2240 2577 2826 2834 2189 1765 1458 1251  1 1 1 0 0 0 0 5 5 0.5 0.353085 0.498864 0 0.5 0.000227284 0.0103954 0 0.0103954 0.0103954 
4.435 -2.6600 1 0.3002 1  2248 2653 2830 2758 2154 1613 1493 1229  1 1 1 0 0 0 0 5 5 0.5 0.300164 0.334258 0 0.5 0.0331483 0.0212811 0 0.0212811 0.0212811 
4.437 -2.6600 1 0.4274 1  2298 2595 2862 2735 2246 1674 1397 1295  1 1 1 0 1 0 1 5 5 0.5 0.427438 0.716019 0 0.5 -0.0432038 -0.00412956 0 -0.00412956 -0.00412956 
4.439 -2.6600 1 0.4560 1  2284 2698 2867 2746 2270 1661 1490 1245  1 1 1 0 1 0 1 5 5 0.5 0.456004 0.799134 0 0.5 -0.0598269 -0.0096867 0 -0.0096867 -0.0096867 
4.441 -2.6600 1 0.4464 1  2203 2508 2754 2830 2268 1696 1469 1416  1 1 1 0 0 0 1 5 5 0.5 0.446392 0.761292 0 0.5 -0.0522583 -0.00732337 0 -0.00732337 -0.00732337 
4.443 -2.6600 1 0.4495 1  2242 2563 2840 2749 2239 1858 1604 1236  1 1 1 0 0 0 0 5 5 0.5 0.449474 0.765033 0 0.5 -0.0530066 -0.00765534 0 -0.00765534 -0.00765534 
4.445 -2.6600 1 0.3671 1  2243 2695 2782 2689 2235 1686 1570 1375  1 1 1 0 0 0 0 5 5 0.5 0.367141 0.51097 0 0.5 -0.00219409 0.00916425 0 0.00916425 0.00916425 
4.447 -2.6600 1 0.4529 1  2245 2587 2850 2847 2259 1716 1548 1271  1 1 1 0 0 0 0 5 5 0.5 0.452927 0.762252 0 0.5 -0.0524503 -0.00768452 0 -0.00768452 -0.00768452 
4.449 -2.6600 1 0.3041 1  2250 2658 2848 2820 2167 1643 1513 1257  1 1 1 0 0 0 0 5 5 0.5 0.304058 0.314478 0 0.5 0.0371043 0.022179 0 0.022179 0.022179 
4.451 -2.6600 1 0.4195 1  2249 2527 2855 2898 2241 1739 1437 1271  1 1 1 0 0 0 0 5 5 0.5 0.41948 0.656449 0 0.5 -0.0312898 -0.000676923 0 -0.000676923 -0.000676923 
4.453 -2.6600 1 0.3407 1  2243 2593 2873 2724 2209 1666 1492 1299  1 1 1 0 0 0 0 5 5 0.5 0.340743 0.415251 0 0.5 0.0169498 0.0153291 0 0.0153291 0.0153291 
4.455 -2.6600 1 0.4428 1  2242 2672 2855 2775 2241 1633 1331 1236  1 1 1 0 0 0 0 5 5 0.5 0.442802 0.717441 0 0.5 -0.0434882 -0.004869 0 -0.004869 -0.004869 
4.457 -2.6600 1 0.4269 1  2240 2598 2848 2733 2243 1688 1553 1280  1 1 1 0 1 0 1 5 5 0.5 0.426892 0.667426 0 0.5 -0.0334851 -0.0015493 0 -0.0015493 -0.0015493 
4.459 -2.6600 1 0.2823 1  2242 2565 2858 2758 2169 1664 1513 1280  1 1 1 0 0 0 0 5 5 0.5 0.282343 0.230811 0 0.5 0.0538378 0.0275281 0 0.0275281 0.0275281 
4.461 -2.6600 1 0.4360 1  2234 2531 2851 2783 2234 1863 1297 1308  1 1 1 0 1 0 2 5 5 0.5 0.435991 0.689789 0 0.5 -0.0379579 -0.00307869 0 -0.00307869 -0.00307869 
4.463 -2.6600 1 0.4057 1  2243 2681 2859 2771 2247 1628 1521 1286  1 1 1 0 0 0 0 5 5 0.5 0.405666 0.593701 0 0.5 -0.0187401 0.00324855 0 0.00324855 0.00324855 
4.465 -2.6600 1 0.4958 1  2237 2668 2855 3002 2318 1665 1538 1266  1 1 1 0 1 0 1 5 5 0.5 0.495799 0.863208 0 0.5 -0.0726417 -0.0147038 0 -0.0147038 -0.0147038 
4.467 -2.6600 1 0.4654 1  2228 2614 2880 2868 2294 1806 1527 1302  1 1 1 0 1 0 1 5 5 0.5 0.465376 0.766788 0 0.5 -0.0533576 -0.00835597 0 -0.00835597 -0.00835597 
4.469 -2.6600 1 0.3648 1  2233 2611 2844 2795 2251 1663 1497 1293  1 1 1 0 0 0 0 5 5 0.5 0.364788 0.462289 0 0.5 0.00754225 0.0119169 0 0.0119169 0.0119169 
4.471 -2.6600 1 0.4546 1  2230 2716 2907 2909 2289 1659 1385 1301  1 1 1 0 1 0 1 5 5 0.5 0.454645 0.730299 0 0.5 -0.0460597 -0.00595156 0 -0.00595156 -0.00595156 
4.473 -2.6600 1 0.5079 1  2228 2490 2847 2835 2301 1847 1552 1303  1 1 1 0 1 0 1 5 5 0.5 0.507932 0.884376 0 0.5 -0.0768752 -0.0163189 0 -0.0163189 -0.0163189 
4.475 -2.6600 1 0.4983 1  2234 2581 2868 2842 2322 1678 1515 1291  1 1 1 0 0 0 0 5 5 0.5 0.498279 0.84871 0 0.5 -0.0697421 -0.0140577 0 -0.0140577 -0.0140577 
4.477 -2.6600 1 0.4871 1  2225 2629 2859 2810 2305 1672 1384 1282  1 1 1 0 0 0 0 5 5 0.5 0.487072 0.807379 0 0.5 -0.0614757 -0.0114421 0 -0.0114421 -0.0114421 
4.479 -2.6600 1 0.5000 1  2271 2707 2876 2834 2309 1742 1553 1239  1 1 1 0 1 0 1 5 5 0.5 0.499988 0.843886 0 0.5 -0.0687773 -0.0138947 0 -0.0138947 -0.0138947 
4.481 -2.6600 1 0.5833 1  2226 2575 2875 2742 2383 1758 1548 1299  1 1 1 0 1 0 1 5 5 0.5 0.58328 1.08724 0 0.5 -0.117448 -0.0302326 0 -0.0302326 -0.0302326 
4.483 -2.6600 1 0.1348 1  2222 2544 2847 2733 2095 1716 1541 1339  1 1 1 0 0 0 0 5 5 0.5 0.134789 -0.261229 0 0.5 0.152246 0.0596286 0 0.0596286 0.0596286 
4.485 -2.6600 1 0.5165 1  2226 2621 2849 2835 2383 1659 1586 1334  1 1 1 0 0 0 0 5 5 0.5 0.516528 0.881249 0 0.5 -0.0762499 -0.0165678 0 -0.0165678 -0.0165678 
4.487 -2.6600 1 0.1977 1  2162 2837 2850 2778 2154 1709 1539 1331  1 1 1 0 0 0 0 5 5 0.5 0.197721 -0.0801405 0 0.5 0.116028 0.0474436 0 0.0474436 0.0474436 
4.489 -2.6600 1 0.5150 1  2230 2557 2850 2745 2319 1857 1420 1328  1 1 1 0 1 0 2 5 5 0.5 0.514967 0.869273 0 0.5 -0.0738547 -0.0158735 0 -0.0158735 -0.0158735 
4.491 -2.6600 1 0.5177 1  2223 2540 2849 2726 2312 1756 1318 1336  1 1 1 0 1 0 2 5 5 0.5 0.517721 0.871981 0 0.5 -0.0743962 -0.0161491 0 -0.0161491 -0.0161491 
4.493 -2.6600 1 0.5448 1  2297 2724 2880 2806 2359 1695 1433 1298  1 1 1 0 0 0 0 5 5 0.5 0.544785 0.944919 0 0.5 -0.0889838 -0.0211675 0 -0.0211675 -0.0211675 
4.495 -2.6600 1 0.5565 1  2219 2744 2916 2777 2351 1818 1599 1299  1 1 1 0 0 0 0 5 5 0.5 0.556533 0.972033 0 0.5 -0.0944065 -0.023129 0 -0.023129 -0.023129 
4.497 -2.6600 1 0.3350 1  2211 2510 2777 2811 2243 1756 1572 1346  1 1 1 0 0 0 0 5 5 0.5 0.334982 0.304868 0 0.5 0.0390265 0.0213189 0 0.0213189 0.0213189 
4.499 -2.6600 1 0.5495 1  2215 2558 2861 2819 2333 1867 1607 1308  1 1 1 0 0 0 0 5 5 0.5 0.549475 0.942389 0 0.5 -0.0884778 -0.0212892 0 -0.0212892 -0.0212892 
