%% logfile from robot Ella (8)
% Ella (8)
%  1    time 3.844 sec
%  2 .. 22 Edge sensor: left -2.660000 1, right -0.264723 1, values 2201 2568 2565 2290 1840 1346 1442 1207, white 1, used 1, LEDhigh=1, xb=0 xw=0 xbc=0 xwc=0 lvl=5 lvr=5       whitelevel=[2276 2639 2892 2996 2872 2671 2521 2194]       blacklevel=[0 0 0 0 0 0 19 33]
% 23 32 ctrl edge, ref=0.5, m=-0.264723, m2=-0.714212, uf=0, r2=0.5, ep=0.242842,up=0.0838589, ui=0, u1=0.0838589, u=0.0838589
3.846 -2.6600 1 -0.2807 1  2216 2565 2546 2295 1661 1317 1378 1172  1 1 1 0 0 0 0 5 5 0.5 -0.280741 -0.689967 0 0.5 0.237993 0.0854034 0 0.0854034 0.0854034 
3.848 -2.7795 1 -0.1922 1  1990 2567 2651 2300 1846 1420 1247 1181  1 1 1 0 1 0 2 5 5 0.5 -0.192207 -0.381723 0 0.5 0.176345 0.0673797 0 0.0673797 0.0673797 
3.850 -2.6600 1 -0.2474 1  2207 2566 2618 2298 1870 1506 1362 1206  1 1 1 0 0 0 0 5 5 0.5 -0.247391 -0.497564 0 0.5 0.199513 0.0777925 0 0.0777925 0.0777925 
3.852 -2.6600 1 -0.2251 1  2139 2573 2683 2297 1842 1418 1227 1057  1 1 1 0 0 0 0 5 5 0.5 -0.225145 -0.374097 0 0.5 0.174819 0.0724264 0 0.0724264 0.0724264 
3.854 -2.6600 1 -0.2670 1  2291 2568 2695 2295 1680 1420 1299 1177  1 1 1 0 0 0 0 5 5 0.5 -0.267022 -0.471749 0 0.5 0.19435 0.081167 0 0.081167 0.081167 
3.856 -2.6600 1 -0.2403 1  2366 2572 2711 2305 1703 1420 1208 1175  1 1 1 0 0 0 0 5 5 0.5 -0.240345 -0.356552 0 0.5 0.17131 0.0758745 0 0.0758745 0.0758745 
3.858 -2.6600 1 -0.2593 1  2306 2568 2653 2300 1750 1431 1327 1174  1 1 1 0 0 0 0 5 5 0.5 -0.259312 -0.391639 0 0.5 0.178328 0.0802955 0 0.0802955 0.0802955 
3.860 -2.8196 1 -0.2335 1  2118 2562 2694 2305 1701 1423 1342 1037  1 1 1 0 0 0 0 5 5 0.5 -0.233458 -0.289479 0 0.5 0.157896 0.0756173 0 0.0756173 0.0756173 
3.862 -2.6600 1 -0.2298 1  2329 2571 2565 2313 1691 1426 1229 1166  1 1 1 0 0 0 0 5 5 0.5 -0.229751 -0.269512 0 0.5 0.153902 0.0760493 0 0.0760493 0.0760493 
3.864 -2.6600 1 -0.2188 1  2288 2570 2843 2308 1671 1424 1350 1058  1 1 1 0 0 0 0 5 5 0.5 -0.218798 -0.230574 0 0.5 0.146115 0.0751281 0 0.0751281 0.0751281 
3.866 -2.6600 1 -0.1364 1  2255 2567 2748 2318 1891 1458 1304 1153  1 1 1 0 0 0 0 5 5 0.5 -0.136441 0.00274897 0 0.5 0.0994502 0.0607711 0 0.0607711 0.0607711 
3.868 -2.7800 1 -0.2348 1  2022 2573 2612 2328 1797 1434 1439 1271  1 1 1 0 0 0 0 5 5 0.5 -0.234802 -0.290987 0 0.5 0.158197 0.0818436 0 0.0818436 0.0818436 
3.870 -2.6600 1 -0.2648 1  2388 2570 2559 2332 1756 1429 1415 1164  1 1 1 0 0 0 0 5 5 0.5 -0.264804 -0.364599 0 0.5 0.17292 0.088554 0 0.088554 0.088554 
3.872 -2.6600 1 -0.2454 1  2173 2573 2628 2340 1766 1477 1296 1250  1 1 1 0 0 0 0 5 5 0.5 -0.245374 -0.284554 0 0.5 0.156911 0.085128 0 0.085128 0.085128 
3.874 -2.8046 1 -0.2285 1  2112 2566 2628 2341 1812 1438 1530 1228  1 1 1 0 0 0 0 5 5 0.5 -0.2285 -0.227542 0 0.5 0.145508 0.0828781 0 0.0828781 0.0828781 
3.876 -2.6600 1 -0.2018 1  2185 2567 2587 2342 1759 1434 1350 1266  1 1 1 0 0 0 0 5 5 0.5 -0.201825 -0.159083 0 0.5 0.131817 0.0794327 0 0.0794327 0.0794327 
3.878 -2.6600 1 -0.2226 1  2341 2571 2687 2347 1755 1441 1322 1170  1 1 1 0 0 0 0 5 5 0.5 -0.222586 -0.22644 0 0.5 0.145288 0.0851464 0 0.0851464 0.0851464 
3.880 -2.6600 1 -0.1822 1  2254 2567 2712 2353 1850 1439 1343 1167  1 1 1 0 0 0 0 5 5 0.5 -0.182174 -0.108914 0 0.5 0.121783 0.0785329 0 0.0785329 0.0785329 
3.882 -2.6600 1 -0.2354 1  2187 2571 2645 2355 1646 1442 1363 1164  1 1 1 0 0 0 0 5 5 0.5 -0.235446 -0.283051 0 0.5 0.15661 0.0910878 0 0.0910878 0.0910878 
3.884 -2.6600 1 -0.2592 1  2194 2554 2603 2326 1762 1407 1352 1153  1 1 1 0 0 0 0 5 5 0.5 -0.259151 -0.343404 0 0.5 0.168681 0.0965861 0 0.0965861 0.0965861 
3.886 -2.6600 1 -0.2421 1  2370 2570 2510 2372 1655 1446 1384 1159  1 1 1 0 0 0 0 5 5 0.5 -0.242066 -0.289402 0 0.5 0.15788 0.0942629 0 0.0942629 0.0942629 
3.888 -2.6600 1 -0.1433 1  2218 2574 2764 2384 1890 1452 1318 1191  1 1 1 0 0 0 0 5 5 0.5 -0.143289 0.00245017 0 0.5 0.09951 0.0758968 0 0.0758968 0.0758968 
3.890 -2.6600 1 -0.2044 1  2148 2572 2695 2390 1737 1454 1453 1172  1 1 1 0 0 0 0 5 5 0.5 -0.204419 -0.200055 0 0.5 0.140011 0.0901208 0 0.0901208 0.0901208 
3.892 -2.7657 1 -0.1812 1  2004 2579 2619 2396 1839 1453 1583 1239  1 1 1 0 1 0 1 5 5 0.5 -0.18117 -0.141352 0 0.5 0.12827 0.0870726 0 0.0870726 0.0870726 
3.894 -2.6600 1 -0.1217 1  2273 2585 2688 2409 1944 1457 1603 1185  1 1 1 0 1 0 1 5 5 0.5 -0.121713 0.0290534 0 0.5 0.0941893 0.0766131 0 0.0766131 0.0766131 
3.896 -2.6600 1 -0.1390 1  2271 2581 2587 2414 1850 1457 1309 1172  1 1 1 0 0 0 0 5 5 0.5 -0.138962 -0.0452066 0 0.5 0.109041 0.0821007 0 0.0821007 0.0821007 
3.898 -2.6600 1 0.1420 1  2245 2598 2681 2418 2078 1461 1312 1169  1 1 1 0 1 0 2 5 5 0.5 0.142001 0.751326 0 0.5 -0.0502651 0.0289562 0 0.0289562 0.0289562 
3.900 -2.6600 1 -0.1241 1  2207 2593 2709 2429 1825 1465 1324 1171  1 1 1 0 0 0 0 5 5 0.5 -0.124121 -0.0879482 0 0.5 0.11759 0.0849088 0 0.0849088 0.0849088 
3.902 -2.6600 1 -0.0823 1  2328 2594 2891 2444 1876 1469 1302 1180  1 1 1 0 0 0 0 5 5 0.5 -0.0823457 0.0212451 0 0.5 0.095751 0.0781409 0 0.0781409 0.0781409 
3.904 -2.6600 1 -0.0716 1  2267 2594 2847 2447 1901 1462 1340 1205  1 1 1 0 0 0 0 5 5 0.5 -0.0716256 0.027418 0 0.5 0.0945164 0.0779814 0 0.0779814 0.0779814 
3.906 -2.7070 1 -0.0838 1  1847 2594 2648 2461 1916 1472 1623 1263  1 1 1 0 0 0 0 5 5 0.5 -0.0838244 -0.024073 0 0.5 0.104815 0.0818742 0 0.0818742 0.0818742 
3.908 -2.6600 1 -0.0955 1  2413 2597 2594 2464 1849 1478 1332 1073  1 1 1 0 0 0 0 5 5 0.5 -0.0955204 -0.0726683 0 0.5 0.114534 0.0855734 0 0.0855734 0.0855734 
3.910 -2.6600 1 -0.0765 1  2226 2596 2660 2471 1915 1478 1493 1271  1 1 1 0 0 0 0 5 5 0.5 -0.0764607 -0.0429341 0 0.5 0.108587 0.0837049 0 0.0837049 0.0837049 
3.912 -2.6600 1 -0.0589 1  2318 2596 2775 2478 1901 1480 1313 1182  1 1 1 0 0 0 0 5 5 0.5 -0.0589186 0.00217062 0 0.5 0.0995659 0.0812216 0 0.0812216 0.0812216 
3.914 -2.6600 1 0.0007 1  2245 2602 2636 2487 1971 1483 1390 1179  1 1 1 0 1 0 1 5 5 0.5 0.000740557 0.169457 0 0.5 0.0661087 0.0704766 0 0.0704766 0.0704766 
3.916 -2.7923 1 -0.0135 1  2098 2597 2739 2494 1967 1482 1474 1176  1 1 1 0 1 0 1 5 5 0.5 -0.0135348 0.123136 0 0.5 0.0753727 0.0741305 0 0.0741305 0.0741305 
3.918 -2.8051 1 -0.0356 1  2138 2598 2744 2498 1927 1485 1392 1176  1 1 1 0 1 0 1 5 5 0.5 -0.0355619 0.0501582 0 0.5 0.0899684 0.0794665 0 0.0794665 0.0794665 
3.920 -2.6600 1 -0.0574 1  2410 2597 2729 2507 1868 1487 1328 1175  1 1 1 0 0 0 0 5 5 0.5 -0.0574047 -0.053006 0 0.5 0.110601 0.0860959 0 0.0860959 0.0860959 
3.922 -2.6600 1 -0.0442 1  2216 2603 2530 2518 1867 1491 1395 1177  1 1 1 0 0 0 0 5 5 0.5 -0.0442018 -0.0115624 0 0.5 0.102312 0.0839329 0 0.0839329 0.0839329 
3.924 -2.6600 1 0.0471 1  2237 2590 2744 2561 1905 1489 1268 1080  1 1 1 0 0 0 0 5 5 0.5 0.0470606 0.159457 0 0.5 0.0681086 0.0707459 0 0.0707459 0.0707459 
3.926 -2.6600 1 0.1789 1  2215 2582 2665 2531 2062 1501 1350 1182  1 1 1 0 1 0 1 5 5 0.5 0.178918 0.524989 0 0.5 -0.00499775 0.0461338 0 0.0461338 0.0461338 
3.928 -2.6600 1 0.0754 1  2310 2601 2720 2545 1979 1405 1364 1181  1 1 1 0 0 0 0 5 5 0.5 0.0754475 0.173759 0 0.5 0.0652481 0.0690164 0 0.0690164 0.0690164 
3.930 -2.6600 1 0.0555 1  2226 2587 2750 2434 2043 1533 1361 1266  1 1 1 0 0 0 0 5 5 0.5 0.0554753 0.0303035 0 0.5 0.0939393 0.0770306 0 0.0770306 0.0770306 
3.932 -2.7951 1 0.1616 1  2080 2601 2777 2580 2031 1520 1320 1240  1 1 1 0 0 0 0 5 5 0.5 0.161569 0.268049 0 0.5 0.0463901 0.0596143 0 0.0596143 0.0596143 
3.934 -2.6600 1 0.2687 1  2223 2593 2803 2566 2103 1494 1316 1181  1 1 1 0 1 0 1 5 5 0.5 0.268694 0.562473 0 0.5 -0.0124946 0.0395536 0 0.0395536 0.0395536 
3.936 -2.6600 1 0.0393 1  2369 2589 2694 2554 1949 1417 1460 1204  1 1 1 0 0 0 0 5 5 0.5 0.0393178 -0.111927 0 0.5 0.122386 0.0849674 0 0.0849674 0.0849674 
3.938 -2.6600 1 0.0306 1  2277 2593 2882 2579 1895 1518 1301 1215  1 1 1 0 0 0 0 5 5 0.5 0.0305765 -0.119017 0 0.5 0.123803 0.0860322 0 0.0860322 0.0860322 
3.940 -2.7999 1 0.1136 1  2088 2599 2776 2590 1970 1525 1387 1184  1 1 1 0 0 0 0 5 5 0.5 0.113622 0.131409 0 0.5 0.0737182 0.069541 0 0.069541 0.069541 
3.942 -2.6600 1 0.2411 1  2152 2591 2743 2592 2063 1528 1261 1170  1 1 1 0 1 0 1 5 5 0.5 0.241106 0.504867 0 0.5 -0.000973451 0.0446126 0 0.0446126 0.0446126 
3.944 -2.6600 1 0.2719 1  2251 2583 2794 2610 2096 1533 1373 1180  1 1 1 0 0 0 0 5 5 0.5 0.271936 0.561932 0 0.5 -0.0123865 0.0401615 0 0.0401615 0.0401615 
3.946 -2.6600 1 0.1288 1  2347 2594 2830 2615 1991 1531 1389 1173  1 1 1 0 0 0 0 5 5 0.5 0.128781 0.127782 0 0.5 0.0744436 0.0691147 0 0.0691147 0.0691147 
3.948 -2.6600 1 0.3229 1  2198 2591 2678 2624 2139 1539 1554 1183  1 1 1 0 1 0 1 5 5 0.5 0.32293 0.702791 0 0.5 -0.0405583 0.0307291 0 0.0307291 0.0307291 
3.950 -2.6600 1 0.1244 1  2295 2595 2712 2628 2002 1547 1403 1182  1 1 1 0 0 0 0 5 5 0.5 0.124436 0.0881611 0 0.5 0.0823678 0.0713675 0 0.0713675 0.0713675 
3.952 -2.6600 1 0.1710 1  2382 2591 2593 2640 2061 1554 1472 1190  1 1 1 0 1 0 1 5 5 0.5 0.170993 0.247659 0 0.5 0.0504681 0.0612683 0 0.0612683 0.0612683 
3.954 -2.6600 1 0.1246 1  2263 2594 2855 2649 1991 1567 1295 1194  1 1 1 0 0 0 1 5 5 0.5 0.124581 0.0778737 0 0.5 0.0844253 0.0719916 0 0.0719916 0.0719916 
3.956 -2.6600 1 0.4983 1  2188 2598 2813 2656 2239 1569 1216 1195  1 1 1 0 1 0 3 5 5 0.5 0.498299 1.1459 0 0.5 -0.129181 -0.000340538 0 -0.000340538 -0.000340538 
3.958 -2.6600 1 0.1724 1  2363 2600 2833 2669 2045 1578 1370 1208  1 1 1 0 0 0 1 5 5 0.5 0.172419 0.136657 0 0.5 0.0726686 0.0662314 0 0.0662314 0.0662314 
3.960 -2.8068 1 0.1741 1  2152 2598 2785 2673 2053 1590 1509 1212  1 1 1 0 1 0 1 5 5 0.5 0.174084 0.136533 0 0.5 0.0726933 0.0661076 0 0.0661076 0.0661076 
3.962 -2.6600 1 0.2204 1  2237 2602 2932 2680 2100 1592 1416 1211  1 1 1 0 0 0 1 5 5 0.5 0.220442 0.223066 0 0.5 0.0553869 0.0591256 0 0.0591256 0.0591256 
3.964 -2.6600 1 0.1652 1  2234 2600 2739 2684 2044 1601 1375 1242  1 1 1 0 1 0 1 5 5 0.5 0.165161 0.0909268 0 0.5 0.0818146 0.0686288 0 0.0686288 0.0686288 
3.966 -2.6600 1 0.2845 1  2425 2600 2935 2702 2140 1619 1354 1221  1 1 1 0 0 0 1 5 5 0.5 0.284527 0.424629 0 0.5 0.0150742 0.045794 0 0.045794 0.045794 
3.968 -2.6600 1 0.3580 1  2181 2597 2938 2709 2184 1624 1332 1229  1 1 1 0 0 0 1 5 5 0.5 0.358043 0.595466 0 0.5 -0.0190932 0.0332177 0 0.0332177 0.0332177 
3.970 -2.6600 1 0.2888 1  2338 2605 2774 2718 2157 1637 1491 1243  1 1 1 0 0 0 0 5 5 0.5 0.288809 0.367396 0 0.5 0.0265209 0.0478518 0 0.0478518 0.0478518 
3.972 -2.6600 1 0.3976 1  2235 2599 2874 2730 2221 1643 1393 1250  1 1 1 0 0 0 0 5 5 0.5 0.397574 0.643174 0 0.5 -0.0286349 0.0281979 0 0.0281979 0.0281979 
3.974 -2.7806 1 0.3074 1  2069 2602 2845 2730 2152 1652 1356 1165  1 1 1 0 0 0 0 5 5 0.5 0.307394 0.310846 0 0.5 0.0378307 0.0487773 0 0.0487773 0.0487773 
3.976 -2.7636 1 0.3113 1  2022 2604 2886 2735 2162 1667 1373 1330  1 1 1 0 0 0 0 5 5 0.5 0.311309 0.280673 0 0.5 0.0438653 0.049611 0 0.049611 0.049611 
3.978 -2.7526 1 0.4628 1  2008 2599 2714 2746 2276 1681 1623 1261  1 1 1 0 1 0 1 5 5 0.5 0.462801 0.705837 0 0.5 -0.0411673 0.0203434 0 0.0203434 0.0203434 
3.980 -2.6600 1 0.3246 1  2267 2610 2765 2756 2200 1693 1547 1272  1 1 1 0 0 0 0 5 5 0.5 0.324558 0.274829 0 0.5 0.0450343 0.0484204 0 0.0484204 0.0484204 
3.982 -2.6600 1 0.5046 1  2208 2608 2829 2760 2322 1707 1506 1283  1 1 1 0 1 0 2 5 5 0.5 0.504629 0.793712 0 0.5 -0.0587424 0.0130548 0 0.0130548 0.0130548 
3.984 -2.6600 1 0.4033 1  2344 2604 2727 2769 2255 1714 1530 1290  1 1 1 0 1 0 2 5 5 0.5 0.403334 0.485066 0 0.5 0.00298684 0.0332133 0 0.0332133 0.0332133 
3.986 -2.6600 1 0.5283 1  2323 2602 2742 2761 2331 1720 1549 1219  1 1 1 0 1 0 2 5 5 0.5 0.528277 0.841544 0 0.5 -0.0683088 0.00872916 0 0.00872916 0.00872916 
3.988 -2.7835 1 0.4979 1  2142 2598 2803 2771 2336 1740 1620 1360  1 1 1 0 1 0 2 5 5 0.5 0.497938 0.714199 0 0.5 -0.0428398 0.0160764 0 0.0160764 0.0160764 
3.990 -2.6600 1 0.3982 1  2273 2599 2767 2782 2279 1753 1563 1330  1 1 1 0 0 0 0 5 5 0.5 0.398173 0.403441 0 0.5 0.0193118 0.0361864 0 0.0361864 0.0361864 
3.992 -2.6600 1 0.1980 1  2158 2609 2851 2791 2131 1772 1472 1351  1 1 1 0 0 0 0 5 5 0.5 0.19799 -0.186018 0 0.5 0.137204 0.0753831 0 0.0753831 0.0753831 
3.994 -2.6600 1 0.6149 1  2205 2612 2889 2797 2430 1794 1551 1359  1 1 1 0 0 0 0 5 5 0.5 0.614881 1.01822 0 0.5 -0.103643 -0.00627359 0 -0.00627359 -0.00627359 
3.996 -2.6600 1 0.3377 1  2308 2605 2774 2796 2273 1816 1630 1378  1 1 1 0 0 0 0 5 5 0.5 0.337681 0.178987 0 0.5 0.0642027 0.0491279 0 0.0491279 0.0491279 
3.998 -2.7606 1 0.4466 1  2108 2607 2852 2810 2340 1836 1697 1397  1 1 1 0 1 0 1 5 5 0.5 0.44662 0.526238 0 0.5 -0.00524765 0.0260786 0 0.0260786 0.0260786 
4.000 -2.7419 1 0.1503 1  2063 2600 2875 2810 2162 1847 1671 1508  1 1 1 0 0 0 0 5 5 0.5 0.1503 -0.372113 0 0.5 0.174423 0.0854095 0 0.0854095 0.0854095 
4.002 -2.6600 1 0.5702 1  2353 2603 2767 2820 2448 1873 1681 1425  1 1 1 0 1 0 2 5 5 0.5 0.570165 0.895191 0 0.5 -0.0790383 0.000768007 0 0.000768007 0.000768007 
4.004 -2.6600 1 0.5832 1  2301 2610 2923 2834 2462 1893 1735 1449  1 1 1 0 1 0 2 5 5 0.5 0.583236 0.899791 0 0.5 -0.0799583 -0.000650167 0 -0.000650167 -0.000650167 
4.006 -2.7599 1 0.4287 1  2137 2608 3011 2840 2362 1910 1718 1388  1 1 1 0 1 0 2 5 5 0.5 0.428708 0.446904 0 0.5 0.0106193 0.0294301 0 0.0294301 0.0294301 
4.008 -2.6600 1 0.7202 1  2220 2604 3074 2844 2586 1934 1660 1483  1 1 1 0 1 0 2 5 5 0.5 0.720152 1.30635 0 0.5 -0.161269 -0.0285307 0 -0.0285307 -0.0285307 
4.010 -2.6600 1 0.5310 1  2329 2604 2937 2848 2445 1957 1687 1511  1 1 1 0 1 0 2 5 5 0.5 0.531013 0.708416 0 0.5 -0.0416831 0.0102927 0 0.0102927 0.0102927 
4.012 -2.6600 1 0.4625 1  2239 2606 2857 2868 2434 1987 1812 1565  1 1 1 0 0 0 0 5 5 0.5 0.462488 0.50539 0 0.5 -0.00107806 0.0235214 0 0.0235214 0.0235214 
4.014 -2.6600 1 0.5283 1  2180 2618 2889 2878 2460 2013 1728 1559  1 1 1 0 0 0 0 5 5 0.5 0.528266 0.676793 0 0.5 -0.0353587 0.0111548 0 0.0111548 0.0111548 
4.016 -2.6761 1 0.5788 1  1974 2614 2882 2882 2525 2039 1973 1677  1 1 1 0 0 0 0 5 5 0.5 0.578834 0.762618 0 0.5 -0.0525235 0.003568 0 0.003568 0.003568 
4.018 -2.6600 1 0.5109 1  2202 2614 2964 2888 2463 2150 1951 1640  1 1 1 0 0 0 0 5 5 0.5 0.510858 0.518705 0 0.5 -0.003741 0.0184937 0 0.0184937 0.0184937 
4.020 -2.6906 1 0.6036 1  2010 2616 2757 2901 2510 2095 2037 1626  1 1 1 0 1 0 1 5 5 0.5 0.603643 0.82452 0 0.5 -0.0649039 -0.00172195 0 -0.00172195 -0.00172195 
4.022 -2.6600 1 0.5900 1  2315 2615 2878 2905 2542 1999 1913 1689  1 1 1 0 0 0 1 5 5 0.5 0.590032 0.718633 0 0.5 -0.0437265 0.00344088 0 0.00344088 0.00344088 
4.024 -2.6600 1 1.0120 1  2165 2617 2869 2919 2628 2225 2026 1721  1 1 1 0 1 0 3 5 5 0.5 1.01196 1.8936 0 0.5 -0.27872 -0.0774148 0 -0.0774148 -0.0774148 
4.026 -2.7274 1 1.2534 1  2117 2616 2791 2904 2696 2284 2034 1770  1 1 1 0 1 0 3 5 5 0.5 0.5 0.26601 0 0.5 0.046798 0.0284455 0 0.0284455 0.0284455 
4.028 -2.6600 1 1.0840 1  2195 2611 2882 2971 2650 2249 2015 1739  1 1 1 0 0 0 1 5 5 0.5 1.08403 1.91526 0 0.5 -0.283052 -0.0844527 0 -0.0844527 -0.0844527 
4.030 -2.6600 1 1.0995 1  2179 2612 2897 2946 2630 2256 1992 1776  1 1 1 0 1 0 1 5 5 0.5 1.09947 1.85779 0 0.5 -0.271557 -0.0836901 0 -0.0836901 -0.0836901 
4.032 -2.7363 1 2.1746 1  2147 2596 2875 2955 2637 2296 2224 1742  1 1 1 0 1 0 3 5 5 0.5 0.5 0.0876513 0 0.5 0.0824698 0.0341512 0 0.0341512 0.0341512 
4.034 -2.7308 1 1.3230 1  2129 2613 2828 2950 2658 2287 2079 1882  1 1 1 0 0 0 3 5 5 0.5 0.5 0.162454 0 0.5 0.0675093 0.0301136 0 0.0301136 0.0301136 
4.036 -2.6600 1 2.5981 1  2215 2613 3061 2967 2715 2344 2167 1865  1 1 1 0 1 0 5 5 5 0.5 0.5 0.223686 0 0.5 0.0552627 0.0267611 0 0.0267611 0.0267611 
4.038 -2.6744 1 2.6713 1  1967 2616 2758 2970 2898 2371 2352 1893  1 1 1 0 0 0 5 5 5 0.5 0.5 0.273811 0 0.5 0.0452378 0.0239703 0 0.0239703 0.0239703 
4.040 -2.6600 1 2.6833 1  2179 2622 2967 2976 2800 2395 2276 1923  1 1 1 0 0 0 5 5 5 0.5 0.5 0.314843 0 0.5 0.0370314 0.0216405 0 0.0216405 0.0216405 
4.042 -2.7368 1 2.6918 1  2152 2621 2994 2989 2918 2431 2267 1950  1 1 1 0 1 0 7 5 5 0.5 0.5 0.348431 0 0.5 0.0303137 0.0196889 0 0.0196889 0.0196889 
4.044 -2.6600 1 2.6800 1  2180 2612 2889 2995 2739 2505 2300 1917  1 1 1 0 0 0 5 5 5 0.5 0.5 0.375927 0 0.5 0.0248146 0.018048 0 0.018048 0.018048 
4.046 -2.7377 1 2.7094 1  2153 2614 2622 3001 2696 2481 2298 1996  1 1 1 0 1 0 7 5 5 0.5 0.5 0.398434 0 0.5 0.0203131 0.0166623 0 0.0166623 0.0166623 
4.048 -2.6600 1 2.7141 1  2181 2609 3055 2999 2636 2497 2318 2013  1 1 1 0 1 0 7 5 5 0.5 0.5 0.416859 0 0.5 0.0166282 0.0154865 0 0.0154865 0.0154865 
4.050 -2.6600 1 2.7279 1  2211 2616 2926 3003 2823 2516 2334 2054  1 1 1 0 1 0 9 5 5 0.5 0.5 0.431941 0 0.5 0.0136118 0.0144834 0 0.0144834 0.0144834 
4.052 -2.6705 1 2.7261 1  1965 2616 2763 3012 2826 2539 2535 2048  1 1 1 0 1 0 11 5 5 0.5 0.5 0.444287 0 0.5 0.0111426 0.0136226 0 0.0136226 0.0136226 
4.054 -2.6600 1 2.7308 1  2208 2612 2829 3015 2880 2550 2465 2059  1 1 1 0 1 0 11 5 5 0.5 0.5 0.454394 0 0.5 0.00912128 0.0128791 0 0.0128791 0.0128791 
4.056 -2.7171 1 2.7347 1  2093 2622 2861 3029 2781 2569 2564 2071  1 1 1 0 1 0 13 5 5 0.5 0.5 0.462667 0 0.5 0.00746665 0.0122325 0 0.0122325 0.0122325 
4.058 -2.6600 1 2.7394 1  2186 2613 3029 3019 2911 2582 2331 2086  1 1 1 0 1 0 13 5 5 0.5 0.5 0.469439 0 0.5 0.00611219 0.0116661 0 0.0116661 0.0116661 
4.060 -2.6600 1 2.7394 1  2343 2615 2734 3023 2855 2596 2487 2088  1 1 1 0 1 0 13 5 5 0.5 0.5 0.474983 0 0.5 0.00500343 0.0111661 0 0.0111661 0.0111661 
4.062 -2.6600 1 2.6600 1  2222 2618 2877 3027 2856 2608 2517 2107  1 1 1 0 1 0 13 5 5 0.5 0.5 0.479521 0 0.5 0.00409579 0.0107213 0 0.0107213 0.0107213 
4.064 -2.6600 1 2.6600 1  2236 2614 2892 3025 2882 2612 2479 2110  1 1 1 0 1 0 15 5 5 0.5 0.5 0.483236 0 0.5 0.00335281 0.0103224 0 0.0103224 0.0103224 
4.066 -2.7001 1 2.6600 1  2048 2617 2929 3029 2967 2622 2558 2117  1 1 1 0 1 0 15 5 5 0.5 0.5 0.486277 0 0.5 0.00274463 0.00996193 0 0.00996193 0.00996193 
4.068 -2.6600 1 2.6600 1  2282 2621 2906 3034 2888 2635 2413 2132  1 1 1 0 1 0 15 5 5 0.5 0.5 0.488766 0 0.5 0.00224676 0.00963361 0 0.00963361 0.00963361 
4.070 -2.6600 1 2.6600 1  2235 2624 2929 3038 2834 2641 2535 2137  1 1 1 0 1 0 17 5 5 0.5 0.5 0.490804 0 0.5 0.00183921 0.00933234 0 0.00933234 0.00933234 
4.072 -2.6600 1 2.6600 1  2169 2623 2910 3036 3091 2645 2559 2142  1 1 1 0 1 0 19 5 5 0.5 0.5 0.492472 0 0.5 0.00150559 0.00905395 0 0.00905395 0.00905395 
4.074 -2.6600 1 2.6600 1  2454 2627 2887 3037 2840 2650 2451 2145  1 1 1 0 1 0 19 5 5 0.5 0.5 0.493838 0 0.5 0.00123248 0.00879496 0 0.00879496 0.00879496 
4.076 -2.7341 1 2.6600 1  2157 2625 2807 3036 2999 2656 2484 2159  1 1 1 0 1 0 20 5 5 0.5 0.5 0.494955 0 0.5 0.00100892 0.00855255 0 0.00855255 0.00855255 
4.078 -2.6600 1 2.6600 1  2180 2629 3006 3037 3026 2658 2425 2165  1 1 1 0 1 0 18 5 5 0.5 0.5 0.49587 0 0.5 0.000825906 0.00832438 0 0.00832438 0.00832438 
4.080 -2.6600 1 2.6600 1  2262 2627 2945 3043 3058 2673 2513 2182  1 1 1 0 1 0 18 5 5 0.5 0.5 0.49662 0 0.5 0.000676084 0.00810852 0 0.00810852 0.00810852 
4.082 -2.6600 1 2.6600 1  2192 2629 2954 3041 2958 2675 2506 2177  1 1 1 0 1 0 20 5 5 0.5 0.5 0.497233 0 0.5 0.000553465 0.00790338 0 0.00790338 0.00790338 
4.084 -2.7336 1 2.6600 1  2163 2625 2885 3048 3023 2674 2512 2184  1 1 1 0 1 0 20 5 5 0.5 0.5 0.497735 0 0.5 0.000453091 0.00770763 0 0.00770763 0.00770763 
4.086 -2.7322 1 2.6600 1  2157 2624 2802 3047 2830 2702 2517 2117  1 1 1 0 1 0 20 5 5 0.5 0.5 0.498145 0 0.5 0.000370932 0.00752019 0 0.00752019 0.00752019 
4.088 -2.7324 1 2.6600 1  2156 2629 2906 3034 2953 2664 2441 2181  1 1 1 0 1 0 19 5 5 0.5 0.5 0.498482 0 0.5 0.000303674 0.00734014 0 0.00734014 0.00734014 
4.090 -2.6635 1 2.6600 1  1961 2623 2780 3043 2971 2680 2651 2191  1 1 1 0 1 0 19 5 5 0.5 0.5 0.498757 0 0.5 0.000248623 0.00716673 0 0.00716673 0.00716673 
4.092 -2.6639 1 2.6600 1  1963 2624 2853 3054 2859 2681 2782 2193  1 1 1 0 1 0 19 5 5 0.5 0.5 0.498982 0 0.5 0.000203538 0.00699932 0 0.00699932 0.00699932 
4.094 -2.7276 1 2.6600 1  2145 2621 2902 3055 2881 2687 2551 2202  1 1 1 0 1 0 20 5 5 0.5 0.5 0.499167 0 0.5 0.000166655 0.0068374 0 0.0068374 0.0068374 
4.096 -2.7101 1 2.6600 1  2094 2636 3081 3054 2990 2686 2525 2199  1 1 1 0 1 0 20 5 5 0.5 0.5 0.499318 0 0.5 0.000136447 0.0066805 0 0.0066805 0.0066805 
4.098 -2.7300 1 2.7674 1  2154 2632 2757 3060 2885 2683 2454 2195  1 1 1 0 1 0 20 5 5 0.5 0.5 0.499441 0 0.5 0.000111723 0.00652825 0 0.00652825 0.00652825 
4.100 -2.7239 1 2.6600 1  2135 2627 2857 3055 2892 2684 2490 2194  1 1 1 0 1 0 20 5 5 0.5 0.5 0.499543 0 0.5 9.14812e-05 0.00638033 0 0.00638033 0.00638033 
4.102 -2.6998 1 2.7670 1  2064 2627 2940 3053 2641 2680 2469 2194  1 1 1 0 1 0 20 5 5 0.5 0.5 0.499625 0 0.5 7.49111e-05 0.00623647 0 0.00623647 0.00623647 
4.104 -2.6600 1 2.6600 1  2204 2625 2874 3057 2901 2690 2611 2200  1 1 1 0 1 0 18 5 5 0.5 0.5 0.499693 0 0.5 6.13451e-05 0.00609643 0 0.00609643 0.00609643 
4.106 -2.7328 1 2.6600 1  2164 2627 2928 3058 3015 2688 2618 2202  1 1 1 0 1 0 20 5 5 0.5 0.5 0.499749 0 0.5 5.02586e-05 0.00596001 0 0.00596001 0.00596001 
4.108 -2.7318 1 2.6600 1  2164 2630 2934 3055 2873 2694 2621 2204  1 1 1 0 1 0 19 5 5 0.5 0.5 0.499794 0 0.5 4.11749e-05 0.00582704 0 0.00582704 0.00582704 
4.110 -2.6600 1 2.6600 1  2248 2626 2897 3059 2874 2694 2511 2167  1 1 1 0 1 0 19 5 5 0.5 0.5 0.499831 0 0.5 3.37362e-05 0.00569734 0 0.00569734 0.00569734 
4.112 -2.6600 1 2.6600 1  2206 2625 2937 3055 2818 2684 2586 2200  1 1 1 0 1 0 19 5 5 0.5 0.5 0.499862 0 0.5 2.76327e-05 0.00557079 0 0.00557079 0.00557079 
4.114 -2.7152 1 2.7978 1  2110 2620 2774 3058 2941 2688 2662 2302  1 1 1 0 1 0 20 5 5 0.5 0.5 0.499887 0 0.5 2.26259e-05 0.00544726 0 0.00544726 0.00544726 
4.116 -2.6600 1 2.6600 1  2322 2620 2981 3055 2872 2683 2448 2201  1 1 1 0 1 0 20 5 5 0.5 0.5 0.499907 0 0.5 1.8549e-05 0.00532665 0 0.00532665 0.00532665 
4.118 -2.7262 1 2.6600 1  2144 2627 2982 3054 3005 2690 2483 2201  1 1 1 0 1 0 19 5 5 0.5 0.5 0.499924 0 0.5 1.52111e-05 0.00520886 0 0.00520886 0.00520886 
4.120 -2.7370 1 2.6600 1  2177 2621 2894 3056 2989 2691 2485 2202  1 1 1 0 1 0 19 5 5 0.5 0.5 0.499938 0 0.5 1.24693e-05 0.00509378 0 0.00509378 0.00509378 
4.122 -2.6600 1 2.6600 1  2371 2625 2948 3057 2838 2694 2530 2206  1 1 1 0 1 0 19 5 5 0.5 0.5 0.499949 0 0.5 1.02282e-05 0.00498134 0 0.00498134 0.00498134 
4.124 -2.7399 1 2.6600 1  2187 2625 2826 3059 2879 2692 2593 2207  1 1 1 0 1 0 20 5 5 0.5 0.5 0.499958 0 0.5 8.41618e-06 0.00487147 0 0.00487147 0.00487147 
4.126 -2.7221 1 2.6600 1  2132 2626 2956 3061 2927 2689 2584 2204  1 1 1 0 1 0 20 5 5 0.5 0.5 0.499965 0 0.5 6.91414e-06 0.00476408 0 0.00476408 0.00476408 
4.128 -2.7202 1 2.6600 1  2125 2620 2940 3064 3080 2689 2451 2202  1 1 1 0 1 0 19 5 5 0.5 0.5 0.499972 0 0.5 5.6982e-06 0.00465912 0 0.00465912 0.00465912 
4.130 -2.6600 1 2.6600 1  2432 2624 2900 3062 2882 2691 2505 2194  1 1 1 0 1 0 19 5 5 0.5 0.5 0.499977 0 0.5 4.69685e-06 0.00455651 0 0.00455651 0.00455651 
4.132 -2.6600 1 2.7690 1  2314 2615 2923 3053 2714 2689 2494 2204  1 1 1 0 1 0 20 5 5 0.5 0.5 0.499981 0 0.5 3.88622e-06 0.00445619 0 0.00445619 0.00445619 
4.134 -2.6600 1 2.6600 1  2276 2630 2958 3088 2949 2660 2593 2172  1 1 1 0 1 0 19 5 5 0.5 0.5 0.499984 0 0.5 3.21865e-06 0.00435812 0 0.00435812 0.00435812 
4.136 -2.7297 1 2.6600 1  2156 2627 2853 3057 2807 2679 2571 2183  1 1 1 0 1 0 20 5 5 0.5 0.5 0.499987 0 0.5 2.67029e-06 0.00426222 0 0.00426222 0.00426222 
4.138 -2.6600 1 2.6600 1  2368 2622 2897 3058 2831 2684 2565 2197  1 1 1 0 1 0 19 5 5 0.5 0.5 0.499989 0 0.5 2.21729e-06 0.00416845 0 0.00416845 0.00416845 
4.140 -2.6600 1 2.6600 1  2270 2618 2889 3058 2794 2685 2543 2223  1 1 1 0 1 0 20 5 5 0.5 0.5 0.499991 0 0.5 1.83582e-06 0.00407676 0 0.00407676 0.00407676 
4.142 -2.7412 1 2.6600 1  2190 2626 2828 3040 2913 2674 2597 2191  1 1 1 0 1 0 19 5 5 0.5 0.5 0.499992 0 0.5 1.52588e-06 0.0039871 0 0.0039871 0.0039871 
4.144 -2.7280 1 2.6600 1  2149 2624 2958 3066 3001 2683 2469 2186  1 1 1 0 1 0 19 5 5 0.5 0.5 0.499994 0 0.5 1.28746e-06 0.00389942 0 0.00389942 0.00389942 
4.146 -2.7310 1 2.6600 1  2160 2621 2870 3061 2918 2679 2591 2186  1 1 1 0 1 0 20 5 5 0.5 0.5 0.499995 0 0.5 1.07288e-06 0.00381368 0 0.00381368 0.00381368 
4.148 -2.6600 1 2.7630 1  2292 2620 2947 3057 2868 2680 2430 2183  1 1 1 0 1 0 20 5 5 0.5 0.5 0.499996 0 0.5 8.82149e-07 0.00372982 0 0.00372982 0.00372982 
4.150 -2.6887 1 2.6600 1  2036 2616 2955 3058 3022 2678 2485 2184  1 1 1 0 1 0 19 5 5 0.5 0.5 0.499996 0 0.5 7.39098e-07 0.00364782 0 0.00364782 0.00364782 
4.152 -2.6600 1 2.6600 1  2324 2616 2893 3058 2959 2679 2463 2179  1 1 1 0 1 0 19 5 5 0.5 0.5 0.499997 0 0.5 6.4373e-07 0.00356764 0 0.00356764 0.00356764 
4.154 -2.7143 1 2.6600 1  2108 2618 3021 3061 3030 2676 2449 2176  1 1 1 0 1 0 20 5 5 0.5 0.5 0.499997 0 0.5 5.48363e-07 0.00348921 0 0.00348921 0.00348921 
4.156 -2.6600 1 2.6600 1  2227 2613 2942 3058 2838 2673 2494 2172  1 1 1 0 1 0 18 5 5 0.5 0.5 0.499998 0 0.5 4.52995e-07 0.00341251 0 0.00341251 0.00341251 
4.158 -2.6600 1 2.6600 1  2347 2621 2956 3062 2909 2671 2486 2174  1 1 1 0 1 0 20 5 5 0.5 0.5 0.499998 0 0.5 4.05312e-07 0.0033375 0 0.0033375 0.0033375 
4.160 -2.6600 1 2.6600 1  2211 2613 2807 3062 3049 2671 2467 2159  1 1 1 0 1 0 19 5 5 0.5 0.5 0.499998 0 0.5 3.57628e-07 0.00326415 0 0.00326415 0.00326415 
4.162 -2.6600 1 2.6600 1  2235 2620 2942 3061 3023 2670 2474 2239  1 1 1 0 1 0 20 5 5 0.5 0.5 0.499998 0 0.5 3.09944e-07 0.0031924 0 0.0031924 0.0031924 
4.164 -2.6600 1 2.6600 1  2407 2617 2903 3053 2897 2666 2493 2149  1 1 1 0 1 0 19 5 5 0.5 0.5 0.499999 0 0.5 2.6226e-07 0.00312223 0 0.00312223 0.00312223 
4.166 -2.6600 1 2.6600 1  2217 2616 2823 3065 2918 2659 2528 2141  1 1 1 0 1 0 20 5 5 0.5 0.5 0.499999 0 0.5 2.6226e-07 0.00305362 0 0.00305362 0.00305362 
4.168 -2.6600 1 2.6600 1  2191 2614 2779 3060 2800 2661 2425 2137  1 1 1 0 1 0 19 5 5 0.5 0.5 0.499999 0 0.5 2.6226e-07 0.00298651 0 0.00298651 0.00298651 
4.170 -2.6600 1 2.7514 1  2203 2613 2941 3058 2929 2655 2370 2136  1 1 1 0 1 0 20 5 5 0.5 0.5 0.499999 0 0.5 2.6226e-07 0.00292088 0 0.00292088 0.00292088 
4.172 -2.6600 1 2.6600 1  2240 2605 2929 3061 2857 2658 2425 2130  1 1 1 0 1 0 20 5 5 0.5 0.5 0.499999 0 0.5 2.6226e-07 0.0028567 0 0.0028567 0.0028567 
4.174 -2.7305 1 2.6600 1  2145 2611 2911 3057 2823 2656 2499 2123  1 1 1 0 1 0 20 5 5 0.5 0.5 0.499999 0 0.5 2.6226e-07 0.00279392 0 0.00279392 0.00279392 
4.176 -2.6600 1 2.7482 1  2232 2607 2964 3055 2959 2651 2402 2123  1 1 1 0 1 0 20 5 5 0.5 0.5 0.499999 0 0.5 2.6226e-07 0.00273252 0 0.00273252 0.00273252 
4.178 -2.6600 1 2.7431 1  2225 2602 2766 3056 2752 2643 2500 2110  1 1 1 0 1 0 19 5 5 0.5 0.5 0.499999 0 0.5 2.6226e-07 0.00267247 0 0.00267247 0.00267247 
4.180 -2.6600 1 2.7398 1  2289 2601 2951 3053 2843 2649 2361 2099  1 1 1 0 1 0 19 5 5 0.5 0.5 0.499999 0 0.5 2.6226e-07 0.00261375 0 0.00261375 0.00261375 
4.182 -2.6879 1 2.7384 1  2022 2605 2921 3060 2980 2642 2427 2095  1 1 1 0 1 0 20 5 5 0.5 0.5 0.499999 0 0.5 2.6226e-07 0.00255631 0 0.00255631 0.00255631 
4.184 -2.6600 1 2.7340 1  2193 2601 2952 3056 2934 2632 2448 2084  1 1 1 0 1 0 19 5 5 0.5 0.5 0.499999 0 0.5 2.6226e-07 0.00250013 0 0.00250013 0.00250013 
4.186 -2.7199 1 2.7305 1  2117 2599 2915 3048 2900 2629 2374 2074  1 1 1 0 1 0 20 5 5 0.5 0.5 0.499999 0 0.5 2.6226e-07 0.00244519 0 0.00244519 0.00244519 
4.188 -2.7185 1 2.7254 1  2114 2598 2859 3053 2999 2624 2350 2060  1 1 1 0 1 0 20 5 5 0.5 0.5 0.499999 0 0.5 2.6226e-07 0.00239146 0 0.00239146 0.00239146 
4.190 -2.7219 1 2.7183 1  2127 2599 2995 3042 2954 2605 2307 2042  1 1 1 0 1 0 20 5 5 0.5 0.5 0.499999 0 0.5 2.6226e-07 0.00233891 0 0.00233891 0.00233891 
4.192 -2.7267 1 2.7146 1  2140 2596 2926 3050 2918 2605 2346 2030  1 1 1 0 1 0 20 5 5 0.5 0.5 0.499999 0 0.5 2.6226e-07 0.00228751 0 0.00228751 0.00228751 
4.194 -2.6600 1 2.7115 1  2265 2594 2866 3053 2834 2602 2382 2019  1 1 1 0 1 0 20 5 5 0.5 0.5 0.499999 0 0.5 2.6226e-07 0.00223724 0 0.00223724 0.00223724 
4.196 -2.7209 1 2.7047 1  2123 2597 2998 3058 2981 2598 2270 2003  1 1 1 0 1 0 20 5 5 0.5 0.5 0.499999 0 0.5 2.6226e-07 0.00218808 0 0.00218808 0.00218808 
4.198 -2.6863 1 2.4854 1  2020 2596 2994 3061 2837 2581 2274 1856  1 1 1 0 1 0 18 5 5 0.5 0.5 0.499999 0 0.5 2.6226e-07 0.00214 0 0.00214 0.00214 
4.200 -2.6952 1 2.6924 1  2045 2596 3013 3062 3068 2576 2255 1967  1 1 1 0 1 0 18 5 5 0.5 0.5 0.499999 0 0.5 2.6226e-07 0.00209297 0 0.00209297 0.00209297 
4.202 -2.6707 1 2.6798 1  1981 2596 2888 3061 3060 2564 2281 1937  1 1 1 0 1 0 18 5 5 0.5 0.5 0.499999 0 0.5 2.6226e-07 0.00204698 0 0.00204698 0.00204698 
4.204 -2.7106 1 2.6690 1  2094 2587 2908 3063 2947 2548 2297 1911  1 1 1 0 1 0 20 5 5 0.5 0.5 0.499999 0 0.5 2.6226e-07 0.002002 0 0.002002 0.002002 
4.206 -2.6778 1 2.6491 1  1997 2591 2934 3060 2830 2535 2223 1884  1 1 1 0 1 0 20 5 5 0.5 0.5 0.499999 0 0.5 2.6226e-07 0.00195801 0 0.00195801 0.00195801 
4.208 -2.6600 1 2.5706 1  2299 2590 2858 3058 2652 2525 2362 1864  1 1 1 0 1 0 20 5 5 0.5 0.5 0.499999 0 0.5 2.6226e-07 0.00191498 0 0.00191498 0.00191498 
4.210 -2.7335 1 2.1364 1  2161 2587 2793 3058 2844 2507 2190 1838  1 1 1 0 1 0 18 5 5 0.5 0.5 0.499999 0 0.5 2.6226e-07 0.0018729 0 0.0018729 0.0018729 
4.212 -2.7279 1 1.8080 1  2145 2582 2940 3060 3002 2496 2140 1811  1 1 1 0 1 0 16 5 5 0.5 0.5 0.499999 0 0.5 2.6226e-07 0.00183174 0 0.00183174 0.00183174 
4.214 -2.6858 1 1.9155 1  2024 2584 2920 3063 2841 2482 2170 1822  1 1 1 0 1 0 16 5 5 0.5 0.5 0.499999 0 0.5 2.6226e-07 0.00179149 0 0.00179149 0.00179149 
4.216 -2.7210 1 1.5859 1  2121 2585 2770 3059 2831 2463 2049 1750  1 1 1 0 1 0 14 5 5 0.5 0.5 0.499999 0 0.5 2.6226e-07 0.00175213 0 0.00175213 0.00175213 
4.218 -2.7082 1 1.6077 1  2084 2581 2942 3059 2866 2449 2072 1804  1 1 1 0 1 0 14 5 5 0.5 0.5 0.499999 0 0.5 2.6226e-07 0.00171362 0 0.00171362 0.00171362 
4.220 -2.6846 1 1.5587 1  2019 2579 2929 3061 2991 2431 2061 1692  1 1 1 0 1 0 12 5 5 0.5 0.5 0.499999 0 0.5 2.6226e-07 0.00167597 0 0.00167597 0.00167597 
4.222 -2.6724 1 1.5063 1  1980 2580 2694 3054 2871 2418 2027 1666  1 1 1 0 1 0 10 5 5 0.5 0.5 0.499999 0 0.5 2.6226e-07 0.00163914 0 0.00163914 0.00163914 
4.224 -2.7030 1 1.5048 1  2066 2575 2995 3057 2830 2404 2043 1632  1 1 1 0 1 0 10 5 5 0.5 0.5 0.499999 0 0.5 2.6226e-07 0.00160312 0 0.00160312 0.00160312 
4.226 -2.6102 1 1.3619 1  1933 2571 2882 3053 3033 2383 1954 1602  1 1 1 0 1 0 8 5 5 0.5 0.5 0.499999 0 0.5 2.6226e-07 0.0015679 0 0.0015679 0.0015679 
4.228 -2.7182 1 1.3240 1  2104 2566 3095 3048 2870 2370 1891 1614  1 1 1 0 1 0 8 5 5 0.5 0.5 0.499999 0 0.5 2.6226e-07 0.00153344 0 0.00153344 0.00153344 
4.230 -2.6823 1 1.3040 1  1995 2562 2908 3045 3063 2353 1874 1539  1 1 1 0 1 0 6 5 5 0.5 0.5 0.499999 0 0.5 2.6226e-07 0.00149975 0 0.00149975 0.00149975 
4.232 -2.6027 1 1.2821 1  1910 2563 2914 3038 2956 2333 1879 1517  1 1 1 0 0 0 4 5 5 0.5 1.28206 2.7717 0 0.5 -0.454339 -0.151653 0 -0.151653 -0.151653 
4.234 -2.7080 1 1.2471 1  2050 2554 2804 3027 2713 2313 1793 1502  1 1 1 0 1 0 4 5 5 0.5 1.24709 2.44934 0 0.5 -0.389867 -0.135209 0 -0.135209 -0.135209 
4.236 -2.6805 1 1.3674 1  1986 2637 2909 3077 2886 2406 1840 1564  1 1 1 0 1 0 6 5 5 0.5 0.5 0.0429156 0 0.5 0.0914169 0.0211353 0 0.0211353 0.0211353 
4.238 -2.6568 1 1.3517 1  1906 2548 2852 3035 2961 2323 1910 1433  1 1 1 0 1 0 6 5 5 0.5 0.5 0.125833 0 0.5 0.0748333 0.0170272 0 0.0170272 0.0170272 
4.240 -2.6429 1 1.2212 1  1882 2541 2864 3060 2867 2253 1812 1436  1 1 1 0 1 0 6 5 5 0.5 0.5 0.193709 0 0.5 0.0612581 0.0136703 0 0.0136703 0.0136703 
4.242 -2.6600 1 1.2291 1  2246 2415 2835 3006 2834 2247 1745 1418  1 1 1 0 1 0 6 5 5 0.5 0.5 0.249272 0 0.5 0.0501456 0.0109283 0 0.0109283 0.0109283 
4.244 -2.6976 1 1.3296 1  1958 2630 2922 3028 2798 2310 1710 1472  1 1 1 0 1 0 6 5 5 0.5 0.5 0.294756 0 0.5 0.0410489 0.0086895 0 0.0086895 0.0086895 
4.246 -2.7574 1 1.3420 1  2093 2535 2734 3003 2837 2255 1731 1278  1 1 1 0 1 0 6 5 5 0.5 0.5 0.331988 0 0.5 0.0336024 0.00686244 0 0.00686244 0.00686244 
4.248 -2.6849 1 1.2948 1  1892 2536 2882 3000 2996 2237 1704 1357  1 1 1 0 1 0 6 5 5 0.5 0.5 0.362466 0 0.5 0.0275068 0.00537234 0 0.00537234 0.00537234 
4.250 -2.5419 1 1.3422 1  1765 2539 2880 2998 2896 2213 1866 1365  1 1 1 0 0 0 4 5 5 0.5 1.34224 2.83394 0 0.5 -0.466787 -0.160746 0 -0.160746 -0.160746 
4.252 -2.7244 1 1.3692 1  1982 2612 2941 3007 2932 2268 1711 1398  1 1 1 0 0 0 4 5 5 0.5 1.36924 2.61176 0 0.5 -0.422351 -0.152991 0 -0.152991 -0.152991 
4.254 -2.7307 1 1.3680 1  1988 2558 2902 3192 2789 2250 1708 1236  1 1 1 0 0 0 2 5 5 0.5 1.36798 2.37288 0 0.5 -0.374577 -0.142868 0 -0.142868 -0.142868 
4.256 -2.7080 1 1.3754 1  1939 2553 2932 3012 2687 2263 1742 1371  1 1 1 0 0 0 0 5 5 0.5 1.37536 2.21485 0 0.5 -0.342971 -0.137101 0 -0.137101 -0.137101 
4.258 -2.5816 1 1.3065 1  1756 2545 3042 3005 2892 2231 1608 1331  1 1 1 0 0 0 0 5 5 0.5 1.30648 1.86834 0 0.5 -0.273667 -0.118015 0 -0.118015 -0.118015 
4.260 -2.6072 1 1.3751 1  1792 2546 2735 3013 2749 2231 1821 1407  1 1 1 0 0 0 0 5 5 0.5 1.37509 1.94498 0 0.5 -0.288996 -0.12701 0 -0.12701 -0.12701 
4.262 -2.7009 1 1.3386 1  1922 2540 2725 2887 2744 2249 1714 1340  1 1 1 0 1 0 1 5 5 0.5 1.33856 1.75033 0 0.5 -0.250065 -0.117021 0 -0.117021 -0.117021 
4.264 -2.6838 1 1.5413 1  1850 2539 2806 3014 2770 2239 1875 1212  1 1 1 0 1 0 3 5 5 0.5 1.54134 2.2607 0 0.5 -0.352139 -0.154382 0 -0.154382 -0.154382 
4.266 -2.7060 1 1.4449 1  1911 2551 2817 3019 2837 2238 1809 1346  1 1 1 0 0 0 1 5 5 0.5 1.4449 1.88156 0 0.5 -0.276312 -0.132334 0 -0.132334 -0.132334 
4.268 -2.7691 1 1.3905 1  2096 2550 2772 3019 2815 2272 1677 1269  1 1 1 0 1 0 1 5 5 0.5 1.39046 1.68011 0 0.5 -0.236022 -0.121016 0 -0.121016 -0.121016 
4.270 -2.7502 1 1.1611 1  2033 2601 2867 3036 2819 2109 1785 1247  1 1 1 0 0 0 0 5 5 0.5 1.16113 0.998698 0 0.5 -0.0997396 -0.0766992 0 -0.0766992 -0.0766992 
4.272 -2.7195 1 1.4519 1  1969 2577 2813 3028 2797 2353 1714 1396  1 1 1 0 0 0 0 5 5 0.5 1.45191 1.82297 0 0.5 -0.264594 -0.133956 0 -0.133956 -0.133956 
4.274 -2.7236 1 1.0368 1  1982 2560 2916 3020 2854 2049 1692 1294  1 1 1 0 0 0 0 5 5 0.5 1.0368 0.585732 0 0.5 -0.0171464 -0.0525404 0 -0.0525404 -0.0525404 
4.276 -2.7297 1 1.3135 1  2016 2570 3064 3023 2802 2265 1664 1353  1 1 1 0 0 0 0 5 5 0.5 1.31351 1.4047 0 0.5 -0.18094 -0.10859 0 -0.10859 -0.10859 
4.278 -2.6921 1 1.2978 1  1914 2566 2940 2911 2996 2248 1689 1348  1 1 1 0 0 0 0 5 5 0.5 1.29777 1.34956 0 0.5 -0.169912 -0.106283 0 -0.106283 -0.106283 
4.280 -2.7651 1 1.0431 1  2121 2577 3019 3036 2652 2098 1643 1350  1 1 1 0 0 0 0 5 5 0.5 1.04313 0.591042 0 0.5 -0.0182083 -0.0567696 0 -0.0567696 -0.0567696 
4.282 -2.7296 1 1.3217 1  2009 2582 2924 3074 2773 2265 1658 1327  1 1 1 0 1 0 1 5 5 0.5 1.32174 1.46545 0 0.5 -0.193091 -0.11532 0 -0.11532 -0.11532 
4.284 -2.7252 1 1.1014 1  2001 2592 2993 3040 2789 2123 1577 1330  1 1 1 0 0 0 1 5 5 0.5 1.10142 0.786072 0 0.5 -0.0572145 -0.0715294 0 -0.0715294 -0.0715294 
4.286 -2.6958 1 1.2919 1  1931 2588 3043 3089 2812 2262 1657 1317  1 1 1 0 1 0 3 5 5 0.5 1.2919 1.36771 0 0.5 -0.173542 -0.11114 0 -0.11114 -0.11114 
4.288 -2.7448 1 1.2868 1  2056 2587 3140 3089 2764 2254 1595 1307  1 1 1 0 1 0 3 5 5 0.5 1.28681 1.34835 0 0.5 -0.16967 -0.11098 0 -0.11098 -0.11098 
4.290 -2.7177 1 1.3115 1  1964 2654 2909 3063 2798 2243 1650 1290  1 1 1 0 1 0 3 5 5 0.5 1.31147 1.42044 0 0.5 -0.184088 -0.116849 0 -0.116849 -0.116849 
4.292 -2.7129 1 1.2570 1  1958 2595 2864 3074 2852 2210 1651 1332  1 1 1 0 1 0 3 5 5 0.5 1.257 1.28499 0 0.5 -0.156998 -0.108183 0 -0.108183 -0.108183 
4.294 -2.7149 1 1.2974 1  1958 2579 2938 3078 2799 2238 1635 1297  1 1 1 0 0 0 1 5 5 0.5 1.29742 1.39592 0 0.5 -0.179184 -0.116762 0 -0.116762 -0.116762 
4.296 -2.7233 1 1.0776 1  1984 2591 2876 3035 2744 2097 1632 1332  1 1 1 0 0 0 0 5 5 0.5 1.07765 0.774142 0 0.5 -0.0548284 -0.0754014 0 -0.0754014 -0.0754014 
4.298 -2.7362 1 1.1594 1  2016 2596 2926 3080 2712 2141 1573 1295  1 1 1 0 0 0 0 5 5 0.5 1.15935 1.02013 0 0.5 -0.104027 -0.092661 0 -0.092661 -0.092661 
4.300 -2.6983 1 1.2429 1  1906 2592 2978 3034 2762 2185 1644 1389  1 1 1 0 0 0 0 5 5 0.5 1.24289 1.25358 0 0.5 -0.150716 -0.109474 0 -0.109474 -0.109474 
4.302 -2.7518 1 1.2404 1  2053 2589 2928 3064 2708 2183 1605 1286  1 1 1 0 1 0 1 5 5 0.5 1.24039 1.24772 0 0.5 -0.149544 -0.109905 0 -0.109905 -0.109905 
4.304 -2.7404 1 1.2267 1  2017 2591 2980 3025 2746 2170 1613 1284  1 1 1 0 0 0 0 5 5 0.5 1.22668 1.20604 0 0.5 -0.141208 -0.107978 0 -0.107978 -0.107978 
4.306 -2.7394 1 1.2969 1  2018 2589 2936 3023 2879 2241 1573 1323  1 1 1 0 1 0 1 5 5 0.5 1.29686 1.41064 0 0.5 -0.182128 -0.122573 0 -0.122573 -0.122573 
4.308 -2.6769 1 1.1761 1  1864 2595 3135 3029 2760 2157 1682 1375  1 1 1 0 0 0 0 5 5 0.5 1.17615 1.05588 0 0.5 -0.111177 -0.0995661 0 -0.0995661 -0.0995661 
4.310 -2.7265 1 1.2238 1  1988 2600 2970 3019 2762 2191 1544 1319  1 1 1 0 0 0 0 5 5 0.5 1.22375 1.21282 0 0.5 -0.142564 -0.11049 0 -0.11049 -0.11049 
4.312 -2.5153 1 1.1707 1  1713 2595 2925 3018 2844 2144 1648 1371  1 1 1 0 0 0 0 5 5 0.5 1.17069 1.06524 0 0.5 -0.113047 -0.101142 0 -0.101142 -0.101142 
4.314 -2.6600 1 1.1621 1  2180 2594 2962 3017 2667 2136 1535 1269  1 1 1 0 1 0 1 5 5 0.5 1.16212 1.06393 0 0.5 -0.112785 -0.101225 0 -0.101225 -0.101225 
4.316 -2.7498 1 1.2126 1  2022 2600 2888 3021 2695 2133 1622 1177  1 1 1 0 0 0 1 5 5 0.5 1.21265 1.19628 0 0.5 -0.139255 -0.11117 0 -0.11117 -0.11117 
4.318 -2.7589 1 1.2613 1  2045 2602 2934 3015 2770 2151 1661 1260  1 1 1 0 1 0 1 5 5 0.5 1.26129 1.34561 0 0.5 -0.169121 -0.121736 0 -0.121736 -0.121736 
4.320 -2.7470 1 1.2740 1  2014 2603 2885 3009 2755 2191 1551 1296  1 1 1 0 1 0 1 5 5 0.5 1.27397 1.37955 0 0.5 -0.175909 -0.124763 0 -0.124763 -0.124763 
4.322 -2.6600 1 1.1795 1  2181 2615 2861 3018 2732 2115 1558 1259  1 1 1 0 0 0 0 5 5 0.5 1.17954 1.10633 0 0.5 -0.121266 -0.106981 0 -0.106981 -0.106981 
4.324 -2.7676 1 1.1758 1  2080 2608 3084 3011 2698 2124 1439 1271  1 1 1 0 0 0 0 5 5 0.5 1.17579 1.11359 0 0.5 -0.122719 -0.107681 0 -0.107681 -0.107681 
4.326 -2.7424 1 1.1352 1  2004 2608 3067 3006 2716 2094 1502 1247  1 1 1 0 0 0 0 5 5 0.5 1.13522 1.01167 0 0.5 -0.102334 -0.101041 0 -0.101041 -0.101041 
4.328 -2.7752 1 1.1526 1  2108 2618 2889 3006 2566 2105 1642 1273  1 1 1 0 0 0 0 5 5 0.5 1.15261 1.08559 0 0.5 -0.117117 -0.106046 0 -0.106046 -0.106046 
4.330 -2.7128 1 1.1060 1  1923 2618 2969 3003 2742 2079 1625 1303  1 1 1 0 0 0 0 5 5 0.5 1.10601 0.967212 0 0.5 -0.0934425 -0.0982065 0 -0.0982065 -0.0982065 
4.332 -2.7557 1 1.1713 1  2033 2624 2988 2981 2623 2107 1501 1283  1 1 1 0 0 0 0 5 5 0.5 1.17126 1.17205 0 0.5 -0.13441 -0.11216 0 -0.11216 -0.11216 
4.334 -2.6600 1 1.0694 1  2197 2622 3122 3002 2653 2064 1448 1253  1 1 1 0 0 0 0 5 5 0.5 1.06937 0.891458 0 0.5 -0.0782917 -0.0933716 0 -0.0933716 -0.0933716 
4.336 -2.7279 1 0.9450 1  1965 2630 2854 3000 2675 1966 1654 1251  1 1 1 0 0 0 0 5 5 0.5 0.945 0.569708 0 0.5 -0.0139417 -0.071208 0 -0.071208 -0.071208 
4.338 -2.6600 1 1.1195 1  2207 2634 2882 3009 2672 2048 1484 1124  1 1 1 0 0 0 0 5 5 0.5 1.11945 1.11123 0 0.5 -0.122247 -0.107284 0 -0.107284 -0.107284 
4.340 -2.7725 1 1.1161 1  2078 2627 2902 2999 2682 2064 1641 1279  1 1 1 0 0 0 0 5 5 0.5 1.11612 1.0886 0 0.5 -0.11772 -0.106427 0 -0.106427 -0.106427 
4.342 -2.6600 1 1.0817 1  2260 2628 2894 2998 2631 2027 1525 1134  1 1 1 0 0 0 0 5 5 0.5 1.08174 0.993808 0 0.5 -0.0987616 -0.100288 0 -0.100288 -0.100288 
4.344 -2.7805 1 1.0345 1  2114 2634 2923 2912 2629 2030 1548 1311  1 1 1 0 1 0 1 5 5 0.5 1.03454 0.876798 0 0.5 -0.0753597 -0.0922823 0 -0.0922823 -0.0922823 
4.346 -2.6600 1 1.0478 1  2187 2648 3191 3002 2666 2013 1374 1275  1 1 1 0 0 0 0 5 5 0.5 1.04784 0.939768 0 0.5 -0.0879535 -0.096277 0 -0.096277 -0.096277 
4.348 -2.7637 1 1.1533 1  2066 2636 2954 3000 2790 2104 1448 1320  1 1 1 0 1 0 1 5 5 0.5 1.15331 1.27366 0 0.5 -0.154733 -0.118429 0 -0.118429 -0.118429 
4.350 -2.7832 1 1.0377 1  2137 2641 2962 3049 2758 2029 1495 1262  1 1 1 0 1 0 1 5 5 0.5 1.03765 0.940269 0 0.5 -0.0880538 -0.0961659 0 -0.0961659 -0.0961659 
4.352 -2.8004 1 0.9581 1  2179 2651 2817 3000 2586 1984 1510 1248  1 1 1 0 0 0 0 5 5 0.5 0.958147 0.732996 0 0.5 -0.0465993 -0.0818894 0 -0.0818894 -0.0818894 
4.354 -2.6600 1 1.0796 1  2198 2642 3007 2993 2756 2020 1438 1196  1 1 1 0 1 0 1 5 5 0.5 1.07962 1.12008 0 0.5 -0.124017 -0.107391 0 -0.107391 -0.107391 
4.356 -2.7789 1 1.0147 1  2068 2650 2844 2987 2654 1964 1212 1250  1 1 1 0 0 0 1 5 5 0.5 1.0147 0.924526 0 0.5 -0.0849052 -0.0945614 0 -0.0945614 -0.0945614 
4.358 -2.7881 1 1.0202 1  2110 2638 2972 3046 2708 1973 1470 1258  1 1 1 0 0 0 0 5 5 0.5 1.02021 0.955863 0 0.5 -0.0911727 -0.0964979 0 -0.0964979 -0.0964979 
4.360 -2.6600 1 1.0995 1  2215 2644 2938 2982 2609 2049 1417 1253  1 1 1 0 1 0 1 5 5 0.5 1.09945 1.20555 0 0.5 -0.14111 -0.113036 0 -0.113036 -0.113036 
4.362 -2.7865 1 0.9092 1  2126 2646 2861 3019 2507 1970 1562 1230  1 1 1 0 0 0 0 5 5 0.5 0.909196 0.650095 0 0.5 -0.030019 -0.0758127 0 -0.0758127 -0.0758127 
4.364 -2.7458 1 0.8335 1  2008 2644 2914 3011 2560 1894 1413 1229  1 1 1 0 0 0 0 5 5 0.5 0.833527 0.474691 0 0.5 0.00506182 -0.0630807 0 -0.0630807 -0.0630807 
4.366 -2.7789 1 0.9003 1  2086 2648 3077 2972 2531 1932 1331 1177  1 1 1 0 0 0 0 5 5 0.5 0.900272 0.706072 0 0.5 -0.0412144 -0.0778764 0 -0.0778764 -0.0778764 
4.368 -2.6600 1 0.8160 1  2249 2651 2889 2867 2498 1915 1495 1313  1 1 1 0 0 0 0 5 5 0.5 0.815988 0.518335 0 0.5 -0.00366707 -0.0639308 0 -0.0639308 -0.0639308 
4.370 -2.6600 1 0.7753 1  2240 2652 2883 2979 2536 1839 1568 1259  1 1 1 0 0 0 0 5 5 0.5 0.775303 0.444352 0 0.5 0.0111295 -0.0578911 0 -0.0578911 -0.0578911 
4.372 -2.6600 1 0.7590 1  2358 2645 2905 2947 2424 1916 1383 1204  1 1 1 0 0 0 0 5 5 0.5 0.759002 0.467341 0 0.5 0.00653181 -0.0577282 0 -0.0577282 -0.0577282 
4.374 -2.6600 1 0.7796 1  2197 2643 2897 2941 2484 1868 1441 1218  1 1 1 0 0 0 0 5 5 0.5 0.779566 0.566973 0 0.5 -0.0133946 -0.0633774 0 -0.0633774 -0.0633774 
4.376 -2.7944 1 0.8379 1  2128 2643 2680 2936 2536 1856 1448 1218  1 1 1 0 1 0 2 5 5 0.5 0.837947 0.766145 0 0.5 -0.053229 -0.075944 0 -0.075944 -0.075944 
4.378 -2.6600 1 0.8188 1  2176 2638 3005 2927 2484 1848 1311 1211  1 1 1 0 0 0 2 5 5 0.5 0.818756 0.706414 0 0.5 -0.0412828 -0.0718278 0 -0.0718278 -0.0718278 
4.380 -2.8022 1 0.9203 1  2144 2632 2982 2923 2748 1838 1390 1205  1 1 1 0 1 0 4 5 5 0.5 0.920347 1.01062 0 0.5 -0.102125 -0.0919413 0 -0.0919413 -0.0919413 
4.382 -2.6600 1 0.8737 1  2273 2629 2751 2915 2586 1829 1356 1216  1 1 1 0 0 0 2 5 5 0.5 0.873717 0.87743 0 0.5 -0.075486 -0.0827376 0 -0.0827376 -0.0827376 
4.384 -2.6600 1 0.7909 1  2254 2632 2882 2911 2500 1811 1422 1208  1 1 1 0 0 0 0 5 5 0.5 0.790908 0.664117 0 0.5 -0.0328234 -0.0675452 0 -0.0675452 -0.0675452 
4.386 -2.6600 1 0.7763 1  2261 2628 2891 2900 2457 1802 1498 1205  1 1 1 0 0 0 0 5 5 0.5 0.776264 0.657574 0 0.5 -0.0315147 -0.0660538 0 -0.0660538 -0.0660538 
4.388 -2.7982 1 0.6282 1  2113 2625 2888 2895 2307 1788 1372 1193  1 1 1 0 0 0 0 5 5 0.5 0.62819 0.242058 0 0.5 0.0515883 -0.0374667 0 -0.0374667 -0.0374667 
4.390 -2.6600 1 0.7431 1  2234 2626 3067 2889 2442 1780 1373 1194  1 1 1 0 0 0 0 5 5 0.5 0.743121 0.626456 0 0.5 -0.0252912 -0.0619305 0 -0.0619305 -0.0619305 
4.392 -2.6600 1 0.7559 1  2233 2617 2915 2881 2467 1770 1366 1195  1 1 1 0 0 0 0 5 5 0.5 0.755911 0.68267 0 0.5 -0.0365341 -0.0649799 0 -0.0649799 -0.0649799 
4.394 -2.7683 1 0.6733 1  2021 2620 2692 2877 2369 1764 1554 1192  1 1 1 0 1 0 1 5 5 0.5 0.673332 0.466112 0 0.5 0.0067776 -0.0495328 0 -0.0495328 -0.0495328 
4.396 -2.6600 1 0.7249 1  2195 2607 2989 2855 2448 1737 1379 1186  1 1 1 0 1 0 1 5 5 0.5 0.724937 0.658625 0 0.5 -0.0317249 -0.0611824 0 -0.0611824 -0.0611824 
4.398 -2.6600 1 0.7009 1  2205 2611 2969 2860 2377 1739 1368 1109  1 1 1 0 1 0 1 5 5 0.5 0.700928 0.647153 0 0.5 -0.0294306 -0.0586862 0 -0.0586862 -0.0586862 
4.400 -2.7795 1 0.7462 1  2036 2612 2865 2848 2453 1726 1447 1176  1 1 1 0 0 0 1 5 5 0.5 0.746197 0.784597 0 0.5 -0.0569193 -0.0674042 0 -0.0674042 -0.0674042 
4.402 -2.6600 1 0.6684 1  2250 2616 2774 2853 2372 1724 1435 1180  1 1 1 0 0 0 0 5 5 0.5 0.668409 0.553729 0 0.5 -0.0107458 -0.051559 0 -0.051559 -0.051559 
4.404 -2.6600 1 0.6593 1  2242 2611 2873 2840 2362 1715 1373 1173  1 1 1 0 0 0 0 5 5 0.5 0.659317 0.538705 0 0.5 -0.00774093 -0.0498863 0 -0.0498863 -0.0498863 
4.406 -2.6600 1 0.4990 1  2262 2608 2891 2836 2213 1708 1295 1197  1 1 1 0 0 0 0 5 5 0.5 0.499018 0.107154 0 0.5 0.0785692 -0.0196027 0 -0.0196027 -0.0196027 
4.408 -2.6600 1 0.7230 1  2153 2606 2888 2826 2398 1697 1462 1163  1 1 1 0 0 0 0 5 5 0.5 0.723022 0.779527 0 0.5 -0.0559053 -0.0639787 0 -0.0639787 -0.0639787 
4.410 -2.6600 1 0.6844 1  2265 2599 2878 2818 2374 1686 1390 1158  1 1 1 0 0 0 0 5 5 0.5 0.684402 0.662922 0 0.5 -0.0325844 -0.0557971 0 -0.0557971 -0.0557971 
4.412 -2.8132 1 0.5264 1  2132 2605 2851 2812 2230 1678 1413 1154  1 1 1 0 0 0 0 5 5 0.5 0.526356 0.215777 0 0.5 0.0568445 -0.0249622 0 -0.0249622 -0.0249622 
4.414 -2.7913 1 0.6590 1  2064 2594 2686 2798 2362 1671 1497 1156  1 1 1 0 1 0 1 5 5 0.5 0.659008 0.636215 0 0.5 -0.027243 -0.0520445 0 -0.0520445 -0.0520445 
4.416 -2.8161 1 0.4486 1  2127 2588 2875 2805 2166 1671 1379 1051  1 1 1 0 1 0 1 5 5 0.5 0.448577 0.0560195 0 0.5 0.0887961 -0.0117639 0 -0.0117639 -0.0117639 
4.418 -2.6600 1 0.6550 1  2166 2593 2844 2796 2331 1656 1395 1147  1 1 1 0 0 0 1 5 5 0.5 0.655032 0.675637 0 0.5 -0.0351275 -0.0525764 0 -0.0525764 -0.0525764 
4.420 -2.8075 1 0.7181 1  2110 2589 2853 2789 2446 1647 1349 1144  1 1 1 0 1 0 1 5 5 0.5 0.718095 0.869875 0 0.5 -0.0739749 -0.0649353 0 -0.0649353 -0.0649353 
4.422 -2.6600 1 0.5438 1  2312 2584 2730 2776 2251 1639 1351 1130  1 1 1 0 0 0 0 5 5 0.5 0.543843 0.348691 0 0.5 0.0302618 -0.0296897 0 -0.0296897 -0.0296897 
4.424 -2.6600 1 0.5208 1  2190 2584 2855 2775 2235 1631 1433 1161  1 1 1 0 0 0 0 5 5 0.5 0.520793 0.296041 0 0.5 0.0407919 -0.0253455 0 -0.0253455 -0.0253455 
4.426 -2.7891 1 0.4752 1  2051 2584 2660 2765 2207 1617 1485 1168  1 1 1 0 1 0 1 5 5 0.5 0.475162 0.225376 0 0.5 0.0549247 -0.018665 0 -0.018665 -0.018665 
4.428 -2.6600 1 0.5213 1  2151 2588 2822 2768 2233 1613 1338 1136  1 1 1 0 0 0 1 5 5 0.5 0.521274 0.384916 0 0.5 0.0230168 -0.0282987 0 -0.0282987 -0.0282987 
4.430 -2.6600 1 0.6906 1  2144 2581 2832 2758 2399 1606 1298 1130  1 1 1 0 1 0 3 5 5 0.5 0.69059 0.882035 0 0.5 -0.0764071 -0.0611535 0 -0.0611535 -0.0611535 
4.432 -2.6600 1 0.5551 1  2280 2577 2787 2754 2258 1596 1316 1138  1 1 1 0 0 0 1 5 5 0.5 0.555141 0.466313 0 0.5 0.00673749 -0.0331487 0 -0.0331487 -0.0331487 
4.434 -2.6600 1 0.5316 1  2309 2579 2822 2748 2240 1593 1415 1135  1 1 1 0 0 0 0 5 5 0.5 0.53158 0.422346 0 0.5 0.0155308 -0.0291249 0 -0.0291249 -0.0291249 
4.436 -2.7975 1 0.4020 1  2075 2588 2914 2716 2158 1576 1330 1209  1 1 1 0 1 0 1 5 5 0.5 0.402005 0.075081 0 0.5 0.0849838 -0.00453364 0 -0.00453364 -0.00453364 
4.438 -2.7785 1 0.5483 1  2014 2590 2870 2768 2278 1561 1275 1166  1 1 1 0 1 0 1 5 5 0.5 0.548261 0.570681 0 0.5 -0.0141363 -0.0357482 0 -0.0357482 -0.0357482 
4.440 -2.6600 1 0.4309 1  2278 2566 2809 2703 2168 1597 1261 1145  1 1 1 0 0 0 0 5 5 0.5 0.430929 0.225426 0 0.5 0.0549148 -0.0120074 0 -0.0120074 -0.0120074 
4.442 -2.6600 1 0.4999 1  2219 2563 2702 2734 2215 1589 1465 1134  1 1 1 0 0 0 0 5 5 0.5 0.499911 0.440809 0 0.5 0.0118382 -0.0256054 0 -0.0256054 -0.0256054 
4.444 -2.6600 1 0.3651 1  2182 2570 2908 2721 2122 1561 1257 1210  1 1 1 0 0 0 0 5 5 0.5 0.365108 0.0486124 0 0.5 0.0902775 0.00137847 0 0.00137847 0.00137847 
4.446 -2.6600 1 0.3509 1  2280 2574 2662 2716 2129 1564 1337 1227  1 1 1 0 0 0 0 5 5 0.5 0.350934 0.0467699 0 0.5 0.090646 0.00298793 0 0.00298793 0.00298793 
4.448 -2.6600 1 0.2620 1  2227 2580 2802 2707 2046 1557 1353 1136  1 1 1 0 0 0 0 5 5 0.5 0.261985 -0.183661 0 0.5 0.136732 0.0197649 0 0.0197649 0.0197649 
4.450 -2.7975 1 0.4321 1  2043 2573 2865 2707 2144 1556 1412 1034  1 1 1 0 1 0 2 5 5 0.5 0.432113 0.378539 0 0.5 0.0242923 -0.0159216 0 -0.0159216 -0.0159216 
4.452 -2.6600 1 0.3840 1  2321 2581 2708 2701 2112 1557 1285 1033  1 1 1 0 0 0 0 5 5 0.5 0.383975 0.241711 0 0.5 0.0516578 -0.00598023 0 -0.00598023 -0.00598023 
4.454 -2.6600 1 0.2654 1  2478 2584 2804 2697 2027 1554 1206 1120  1 1 1 0 0 0 0 5 5 0.5 0.265425 -0.0945816 0 0.5 0.118916 0.0175176 0 0.0175176 0.0175176 
4.456 -2.6600 1 0.5324 1  2298 2581 2770 2692 2217 1543 1309 1122  1 1 1 0 0 0 0 5 5 0.5 0.532388 0.715015 0 0.5 -0.0430031 -0.035605 0 -0.035605 -0.035605 
4.458 -2.6600 1 0.5335 1  2157 2590 2805 2694 2240 1544 1303 1121  1 1 1 0 1 0 1 5 5 0.5 0.533505 0.707529 0 0.5 -0.0415058 -0.034712 0 -0.034712 -0.034712 
4.460 -2.8039 1 0.4813 1  2083 2595 2834 2688 2204 1540 1301 1119  1 1 1 0 1 0 1 5 5 0.5 0.481308 0.55411 0 0.5 -0.010822 -0.0237976 0 -0.0237976 -0.0237976 
4.462 -2.6600 1 0.3574 1  2215 2583 2618 2679 2119 1539 1301 1119  1 1 1 0 1 0 1 5 5 0.5 0.357418 0.218713 0 0.5 0.0562574 -1.14292e-05 0 -1.14292e-05 -1.14292e-05 
4.464 -2.6600 1 0.5412 1  2328 2581 2781 2684 2240 1535 1294 1141  1 1 1 0 1 0 3 5 5 0.5 0.54119 0.75693 0 0.5 -0.0513859 -0.0355588 0 -0.0355588 -0.0355588 
4.466 -2.6600 1 0.2781 1  2162 2590 2801 2685 2047 1539 1301 1110  1 1 1 0 0 0 1 5 5 0.5 0.27809 -0.0540845 0 0.5 0.110817 0.0186095 0 0.0186095 0.0186095 
4.468 -2.7924 1 0.3899 1  2036 2584 2830 2679 2128 1530 1304 1115  1 1 1 0 0 0 1 5 5 0.5 0.389921 0.293329 0 0.5 0.0413343 -0.00371142 0 -0.00371142 -0.00371142 
4.470 -2.6600 1 0.3675 1  2238 2589 2831 2676 2113 1527 1243 1119  1 1 1 0 0 0 1 5 5 0.5 0.367495 0.209128 0 0.5 0.0581745 0.00208229 0 0.00208229 0.00208229 
4.472 -2.6600 1 0.5437 1  2277 2581 2669 2677 2258 1523 1268 1114  1 1 1 0 0 0 1 5 5 0.5 0.543696 0.747896 0 0.5 -0.0495792 -0.0330636 0 -0.0330636 -0.0330636 
4.474 -2.6600 1 0.1082 1  2364 2588 2765 2673 1884 1529 1289 1113  1 1 1 0 0 0 0 5 5 0.5 0.108174 -0.537804 0 0.5 0.207561 0.0536478 0 0.0536478 0.0536478 
4.476 -2.6600 1 0.4394 1  2187 2583 2758 2674 2167 1518 1391 1108  1 1 1 0 0 0 0 5 5 0.5 0.439382 0.466085 0 0.5 0.00678301 -0.0124935 0 -0.0124935 -0.0124935 
4.478 -2.6600 1 0.4753 1  2183 2591 2795 2675 2147 1530 1073 1114  1 1 1 0 1 0 1 5 5 0.5 0.475306 0.606515 0 0.5 -0.0213031 -0.0205715 0 -0.0205715 -0.0205715 
4.480 -2.6600 1 0.4757 1  2258 2585 2827 2676 2172 1527 1300 1111  1 1 1 0 0 0 0 5 5 0.5 0.475659 0.57461 0 0.5 -0.0149219 -0.0186329 0 -0.0186329 -0.0186329 
4.482 -2.7938 1 0.5626 1  2030 2586 2787 2672 2259 1526 1250 1116  1 1 1 0 1 0 1 5 5 0.5 0.562603 0.830955 0 0.5 -0.0661911 -0.035306 0 -0.035306 -0.035306 
4.484 -2.6600 1 0.4427 1  2248 2584 2738 2664 2162 1516 1283 1120  1 1 1 0 1 0 1 5 5 0.5 0.44271 0.467226 0 0.5 0.00655477 -0.0106515 0 -0.0106515 -0.0106515 
4.486 -2.6600 1 0.5087 1  2316 2584 2748 2664 2214 1519 1248 1109  1 1 1 0 0 0 0 5 5 0.5 0.508717 0.644389 0 0.5 -0.0288777 -0.0224489 0 -0.0224489 -0.0224489 
4.488 -2.6600 1 0.3385 1  2286 2581 2860 2660 2093 1528 1268 1119  1 1 1 0 0 0 0 5 5 0.5 0.338452 0.157192 0 0.5 0.0685617 0.0110181 0 0.0110181 0.0110181 
4.490 -2.6600 1 0.1355 1  2349 2575 2624 2657 1922 1511 1374 1125  1 1 1 0 0 0 0 5 5 0.5 0.135524 -0.394968 0 0.5 0.178994 0.0495785 0 0.0495785 0.0495785 
4.492 -2.6600 1 0.2616 1  2376 2584 2827 2657 2050 1516 1425 1132  1 1 1 0 0 0 0 5 5 0.5 0.26161 0.0464476 0 0.5 0.0907105 0.0221015 0 0.0221015 0.0221015 
4.494 -2.6600 1 0.2847 1  2140 2580 2750 2651 2086 1517 1371 1212  1 1 1 0 0 0 0 5 5 0.5 0.284714 0.146372 0 0.5 0.0707255 0.0166981 0 0.0166981 0.0166981 
4.496 -2.6600 1 0.2006 1  2334 2586 2754 2648 2020 1513 1311 1208  1 1 1 0 0 0 0 5 5 0.5 0.200619 -0.078442 0 0.5 0.115688 0.0328873 0 0.0328873 0.0328873 
4.498 -2.6600 1 0.4670 1  2247 2567 2685 2627 2197 1508 1403 1142  1 1 1 0 1 0 2 5 5 0.5 0.467011 0.730171 0 0.5 -0.0460342 -0.0202062 0 -0.0202062 -0.0202062 
4.500 -2.7765 1 0.3171 1  1984 2578 2954 2638 2083 1514 1333 1138  1 1 1 0 1 0 2 5 5 0.5 0.317118 0.303664 0 0.5 0.0392672 0.00933963 0 0.00933963 0.00933963 
4.502 -2.6600 1 0.4065 1  2154 2586 2783 2638 2144 1511 1285 1132  1 1 1 0 1 0 2 5 5 0.5 0.406526 0.593785 0 0.5 -0.0187569 -0.00890335 0 -0.00890335 -0.00890335 
4.504 -2.6600 1 0.3655 1  2165 2637 2705 2673 2089 1504 1538 1044  1 1 1 0 1 0 2 5 5 0.5 0.365518 0.465418 0 0.5 0.0069165 0.000138519 0 0.000138519 0.000138519 
4.506 -2.6600 1 0.3870 1  2181 2575 2712 2638 2124 1533 1360 1163  1 1 1 0 0 0 2 5 5 0.5 0.386952 0.484641 0 0.5 0.00307186 -0.00157881 0 -0.00157881 -0.00157881 
4.508 -2.6600 1 0.3828 1  2140 2586 2628 2648 2132 1526 1324 1140  1 1 1 0 1 0 2 5 5 0.5 0.38283 0.481369 0 0.5 0.0037262 -0.000622528 0 -0.000622528 -0.000622528 
4.510 -2.6600 1 0.1665 1  2165 2588 2680 2643 1968 1523 1463 1143  1 1 1 0 0 0 0 5 5 0.5 0.166544 -0.135213 0 0.5 0.127043 0.0417398 0 0.0417398 0.0417398 
4.512 -2.6600 1 0.2763 1  2147 2583 2733 2641 2045 1521 1391 1065  1 1 1 0 0 0 0 5 5 0.5 0.27634 0.230347 0 0.5 0.0539305 0.0187421 0 0.0187421 0.0187421 
4.514 -2.6600 1 0.5909 1  2180 2591 2854 2645 2325 1521 1304 1148  1 1 1 0 1 0 2 5 5 0.5 0.590879 1.1577 0 0.5 -0.131539 -0.0428719 0 -0.0428719 -0.0428719 
4.516 -2.6600 1 0.2191 1  2404 2586 2606 2638 2007 1522 1334 1038  1 1 1 0 0 0 0 5 5 0.5 0.219116 -0.0292909 0 0.5 0.105858 0.0351649 0 0.0351649 0.0351649 
4.518 -2.7603 1 0.4136 1  1951 2587 2813 2645 2160 1524 1303 1186  1 1 1 0 1 0 1 5 5 0.5 0.413615 0.594146 0 0.5 -0.0188292 -0.00502338 0 -0.00502338 -0.00502338 
4.520 -2.6600 1 0.3859 1  2160 2590 2920 2646 2152 1534 1350 1181  1 1 1 0 1 0 1 5 5 0.5 0.385851 0.511538 0 0.5 -0.00230763 0.000988785 0 0.000988785 0.000988785 
4.522 -2.6600 1 0.4397 1  2231 2587 2919 2646 2180 1535 1258 1166  1 1 1 0 0 0 1 5 5 0.5 0.439728 0.606298 0 0.5 -0.0212595 -0.00636679 0 -0.00636679 -0.00636679 
4.524 -2.6600 1 0.2623 1  2346 2587 2909 2648 2063 1542 1240 1199  1 1 1 0 0 0 0 5 5 0.5 0.262341 0.0953783 0 0.5 0.0809243 0.0285777 0 0.0285777 0.0285777 
4.526 -2.6600 1 0.2042 1  2266 2588 2831 2652 2002 1554 1264 1212  1 1 1 0 0 0 0 5 5 0.5 0.204151 -0.0602757 0 0.5 0.112055 0.0397997 0 0.0397997 0.0397997 
4.528 -2.6600 1 0.0217 1  2214 2589 2774 2649 1805 1567 1337 1187  1 1 1 0 0 0 0 5 5 0.5 0.0217182 -0.572973 0 0.5 0.214595 0.075187 0 0.075187 0.075187 
4.530 -2.6600 1 0.2556 1  2352 2581 2897 2651 2084 1499 1295 1200  1 1 1 0 0 0 0 5 5 0.5 0.25555 0.119137 0 0.5 0.0761726 0.0292886 0 0.0292886 0.0292886 
4.532 -2.6600 1 0.4258 1  2217 2589 2730 2652 2205 1588 1361 1206  1 1 1 0 1 0 2 5 5 0.5 0.425789 0.626404 0 0.5 -0.0252808 -0.00417262 0 -0.00417262 -0.00417262 
4.534 -2.6600 1 0.2848 1  2243 2586 2843 2653 2158 1608 1489 1255  1 1 1 0 1 0 2 5 5 0.5 0.284846 0.228711 0 0.5 0.0542578 0.0233259 0 0.0233259 0.0233259 
4.536 -2.6600 1 0.0988 1  2265 2580 2844 2651 2015 1650 1543 1258  1 1 1 0 0 0 0 5 5 0.5 0.0987789 -0.276365 0 0.5 0.155273 0.0586334 0 0.0586334 0.0586334 
4.538 -2.6600 1 0.1782 1  2328 2585 2857 2657 2087 1620 1391 1238  1 1 1 0 1 0 1 5 5 0.5 0.178222 0.0249268 0 0.5 0.0950146 0.0404549 0 0.0404549 0.0404549 
4.540 -2.6600 1 0.0211 1  2387 2608 2739 2594 1962 1603 1429 1241  1 1 1 0 0 0 1 5 5 0.5 0.0210983 -0.425218 0 0.5 0.185044 0.0714683 0 0.0714683 0.0714683 
4.542 -2.7782 1 0.1904 1  2067 2582 2871 2651 2090 1639 1569 1256  1 1 1 0 0 0 1 5 5 0.5 0.190431 0.0931484 0 0.5 0.0813703 0.0376846 0 0.0376846 0.0376846 
4.544 -2.6600 1 0.1213 1  2346 2554 2888 2617 2065 1655 1433 1270  1 1 1 0 0 0 0 5 5 0.5 0.121253 -0.11572 0 0.5 0.123144 0.0521097 0 0.0521097 0.0521097 
4.546 -2.6600 1 0.2187 1  2341 2572 2707 2652 2137 1703 1426 1261  1 1 1 0 0 0 0 5 5 0.5 0.218688 0.16978 0 0.5 0.066044 0.0334437 0 0.0334437 0.0334437 
4.548 -2.6600 1 0.0845 1  2163 2571 2620 2647 2025 1649 1602 1272  1 1 1 0 0 0 0 5 5 0.5 0.0844887 -0.244399 0 0.5 0.14888 0.0612906 0 0.0612906 0.0612906 
4.550 -2.7915 1 0.2700 1  2128 2573 2859 2647 2167 1660 1389 1304  1 1 1 0 1 0 1 5 5 0.5 0.270048 0.343109 0 0.5 0.0313783 0.0233079 0 0.0233079 0.0233079 
4.552 -2.6600 1 0.0226 1  2344 2569 2599 2649 1963 1659 1563 1292  1 1 1 0 0 0 0 5 5 0.5 0.0225651 -0.382458 0 0.5 0.176492 0.0725551 0 0.0725551 0.0725551 
4.554 -2.6600 1 0.0395 1  2210 2571 2800 2649 2004 1669 1472 1289  1 1 1 0 0 0 0 5 5 0.5 0.03953 -0.279875 0 0.5 0.155975 0.0673952 0 0.0673952 0.0673952 
4.556 -2.6600 1 0.0590 1  2166 2581 2880 2646 2041 1670 1617 1296  1 1 1 0 0 0 0 5 5 0.5 0.0590458 -0.188222 0 0.5 0.137644 0.0625806 0 0.0625806 0.0625806 
4.558 -2.6600 1 0.1709 1  2215 2578 2780 2641 2127 1669 1424 1298  1 1 1 0 0 0 0 5 5 0.5 0.170864 0.172576 0 0.5 0.0654849 0.0396689 0 0.0396689 0.0396689 
4.560 -2.7786 1 0.2324 1  2112 2572 2768 2642 2181 1677 1519 1328  1 1 1 0 1 0 1 5 5 0.5 0.232415 0.340915 0 0.5 0.031817 0.0286519 0 0.0286519 0.0286519 
4.562 -2.6600 1 0.2446 1  2213 2574 2746 2647 2135 1676 1302 1291  1 1 1 0 0 0 0 5 5 0.5 0.24458 0.338336 0 0.5 0.0323329 0.0284828 0 0.0284828 0.0284828 
4.564 -2.7592 1 0.1245 1  2031 2576 2816 2640 2075 1679 1475 1296  1 1 1 0 0 0 0 5 5 0.5 0.124484 -0.0257187 0 0.5 0.105144 0.0531612 0 0.0531612 0.0531612 
4.566 -2.6600 1 0.1221 1  2364 2576 2834 2644 2085 1679 1438 1300  1 1 1 0 0 0 0 5 5 0.5 0.122069 -0.0273923 0 0.5 0.105478 0.0538816 0 0.0538816 0.0538816 
4.568 -2.7222 1 0.1861 1  1960 2580 2760 2646 2180 1677 1657 1405  1 1 1 0 1 0 1 5 5 0.5 0.186115 0.18338 0 0.5 0.063324 0.0407321 0 0.0407321 0.0407321 
4.570 -2.6600 1 0.1205 1  2250 2577 2664 2644 2112 1671 1480 1318  1 1 1 0 0 0 0 5 5 0.5 0.120521 -0.013882 0 0.5 0.102776 0.0543549 0 0.0543549 0.0543549 
4.572 -2.6600 1 0.1471 1  2418 2579 2861 2651 2116 1670 1421 1323  1 1 1 0 0 0 0 5 5 0.5 0.147055 0.065496 0 0.5 0.0869008 0.049532 0 0.049532 0.049532 
4.574 -2.7783 1 0.2791 1  2103 2585 2966 2654 2194 1668 1476 1314  1 1 1 0 1 0 1 5 5 0.5 0.279085 0.470082 0 0.5 0.00598363 0.0232186 0 0.0232186 0.0232186 
4.576 -2.7767 1 0.1140 1  2113 2575 2710 2651 2104 1741 1552 1350  1 1 1 0 0 0 1 5 5 0.5 0.114036 -0.0809968 0 0.5 0.116199 0.0591429 0 0.0591429 0.0591429 
4.578 -2.6600 1 0.4582 1  2241 2578 2812 2654 2313 1655 1522 1313  1 1 1 0 1 0 1 5 5 0.5 0.458241 0.946376 0 0.5 -0.0892752 -0.0090626 0 -0.0090626 -0.0090626 
4.580 -2.6600 1 0.2055 1  2181 2584 2775 2652 2146 1667 1465 1312  1 1 1 0 0 0 0 5 5 0.5 0.205544 0.161554 0 0.5 0.0676892 0.043028 0 0.043028 0.043028 
4.582 -2.7872 1 0.2753 1  2122 2580 2873 2656 2179 1667 1545 1309  1 1 1 0 1 0 1 5 5 0.5 0.275336 0.388643 0 0.5 0.0222714 0.0286416 0 0.0286416 0.0286416 
4.584 -2.6600 1 0.4825 1  2143 2580 2763 2652 2315 1541 1482 1317  1 1 1 0 0 0 1 5 5 0.5 0.482548 0.905448 0 0.5 -0.0810897 -0.0078312 0 -0.0078312 -0.0078312 
4.586 -2.6600 1 0.1829 1  2244 2579 2871 2655 2127 1666 1494 1386  1 1 1 0 0 0 0 5 5 0.5 0.182857 0.0152493 0 0.5 0.0969501 0.0519585 0 0.0519585 0.0519585 
4.588 -2.7830 1 0.3129 1  2102 2577 2857 2654 2192 1662 1511 1178  1 1 1 0 1 0 1 5 5 0.5 0.312922 0.424928 0 0.5 0.0150144 0.0253446 0 0.0253446 0.0253446 
4.590 -2.7883 1 0.2864 1  2122 2580 2882 2652 2181 1663 1539 1274  1 1 1 0 1 0 1 5 5 0.5 0.286384 0.339662 0 0.5 0.0320675 0.0311652 0 0.0311652 0.0311652 
4.592 -2.6600 1 0.4077 1  2216 2583 2778 2654 2246 1663 1468 1290  1 1 1 0 0 0 0 5 5 0.5 0.407674 0.66834 0 0.5 -0.0336679 0.00871068 0 0.00871068 0.00871068 
4.594 -2.6600 1 0.1469 1  2358 2573 2831 2651 2106 1659 1454 1285  1 1 1 0 0 0 0 5 5 0.5 0.146893 -0.112508 0 0.5 0.122502 0.0610092 0 0.0610092 0.0610092 
4.596 -2.6600 1 0.1285 1  2258 2578 2778 2655 2095 1664 1445 1284  1 1 1 0 0 0 0 5 5 0.5 0.12852 -0.121317 0 0.5 0.124263 0.0628596 0 0.0628596 0.0628596 
4.598 -2.6600 1 0.6159 1  2215 2576 2869 2654 2414 1657 1423 1279  1 1 1 0 1 0 1 5 5 0.5 0.615865 1.32747 0 0.5 -0.165493 -0.0337639 0 -0.0337639 -0.0337639 
4.600 -2.6600 1 0.2162 1  2446 2583 2649 2649 2141 1647 1476 1289  1 1 1 0 0 0 0 5 5 0.5 0.216224 0.118333 0 0.5 0.0763333 0.046836 0 0.046836 0.046836 
4.602 -2.6600 1 0.1312 1  2367 2572 2664 2657 2084 1650 1469 1279  1 1 1 0 0 0 0 5 5 0.5 0.131156 -0.157983 0 0.5 0.131597 0.0649932 0 0.0649932 0.0649932 
4.604 -2.6600 1 0.4241 1  2199 2574 2724 2651 2253 1649 1459 1274  1 1 1 0 1 0 2 5 5 0.5 0.424074 0.726488 0 0.5 -0.0452976 0.00635841 0 0.00635841 0.00635841 
4.606 -2.6600 1 0.1294 1  2399 2577 2651 2660 2087 1648 1476 1306  1 1 1 0 0 0 0 5 5 0.5 0.129411 -0.174681 0 0.5 0.134936 0.0662328 0 0.0662328 0.0662328 
4.608 -2.6600 1 0.4323 1  2256 2583 2841 2662 2267 1649 1412 1279  1 1 1 0 1 0 2 5 5 0.5 0.432348 0.736446 0 0.5 -0.0472893 0.00572421 0 0.00572421 0.00572421 
4.610 -2.6600 1 0.2074 1  2332 2586 2807 2669 2112 1518 1317 1302  1 1 1 0 1 0 2 5 5 0.5 0.207359 0.0979996 0 0.5 0.0804001 0.0492833 0 0.0492833 0.0492833 
4.612 -2.6600 1 0.2606 1  2260 2583 2859 2672 2162 1645 1452 1284  1 1 1 0 0 0 0 5 5 0.5 0.260631 0.26474 0 0.5 0.047052 0.0385291 0 0.0385291 0.0385291 
4.614 -2.6969 1 0.1449 1  1875 2588 2713 2665 2115 1635 1648 1367  1 1 1 0 1 0 1 5 5 0.5 0.144913 -0.041849 0 0.5 0.10837 0.0600927 0 0.0600927 0.0600927 
4.616 -2.7875 1 0.3581 1  2123 2589 2700 2667 2220 1635 1423 1269  1 1 1 0 1 0 1 5 5 0.5 0.35814 0.606234 0 0.5 -0.0212467 0.0173234 0 0.0173234 0.0173234 
4.618 -2.7895 1 0.2723 1  2128 2590 2822 2669 2173 1636 1453 1264  1 1 1 0 1 0 1 5 5 0.5 0.272308 0.330031 0 0.5 0.0339939 0.0355526 0 0.0355526 0.0355526 
4.620 -2.6600 1 0.1523 1  2312 2587 2849 2673 2072 1642 1395 1266  1 1 1 0 0 0 0 5 5 0.5 0.15227 -0.0344048 0 0.5 0.106881 0.0599666 0 0.0599666 0.0599666 
4.622 -2.6600 1 0.4566 1  2285 2590 2769 2670 2274 1644 1494 1260  1 1 1 0 1 0 1 5 5 0.5 0.456565 0.879762 0 0.5 -0.0759525 -0.00073077 0 -0.00073077 -0.00073077 
4.624 -2.7096 1 0.1560 1  1903 2593 2710 2673 2112 1640 1718 1336  1 1 1 0 1 0 1 5 5 0.5 0.156016 -0.0105791 0 0.5 0.102116 0.0590819 0 0.0590819 0.0590819 
4.626 -2.6600 1 0.3688 1  2297 2591 2884 2676 2210 1640 1390 1256  1 1 1 0 1 0 3 5 5 0.5 0.368822 0.611996 0 0.5 -0.0223992 0.0174356 0 0.0174356 0.0174356 
4.628 -2.6600 1 0.3653 1  2160 2591 2842 2671 2193 1531 1332 1273  1 1 1 0 0 0 3 5 5 0.5 0.365321 0.525834 0 0.5 -0.00516679 0.0216538 0 0.0216538 0.0216538 
4.630 -2.6600 1 0.1761 1  2367 2602 2678 2678 2079 1635 1406 1259  1 1 1 0 0 0 1 5 5 0.5 0.176056 -0.0311857 0 0.5 0.106237 0.0591447 0 0.0591447 0.0591447 
4.632 -2.6600 1 0.2562 1  2288 2599 2763 2675 2161 1635 1459 1278  1 1 1 0 0 0 1 5 5 0.5 0.256214 0.20676 0 0.5 0.0586481 0.0433502 0 0.0433502 0.0433502 
4.634 -2.6600 1 0.3169 1  2307 2602 2697 2678 2155 1634 1359 1161  1 1 1 0 1 0 1 5 5 0.5 0.316853 0.4016 0 0.5 0.0196799 0.0307748 0 0.0307748 0.0307748 
4.636 -2.6600 1 0.2704 1  2273 2603 2844 2686 2162 1634 1452 1255  1 1 1 0 1 0 1 5 5 0.5 0.270422 0.279513 0 0.5 0.0440973 0.0394325 0 0.0394325 0.0394325 
4.638 -2.6600 1 0.4949 1  2198 2605 2807 2682 2294 1700 1439 1293  1 1 1 0 0 0 1 5 5 0.5 0.494906 0.879262 0 0.5 -0.0758524 -0.00207766 0 -0.00207766 -0.00207766 
4.640 -2.7826 1 0.2883 1  2101 2596 2666 2682 2176 1632 1578 1252  1 1 1 0 1 0 1 5 5 0.5 0.288342 0.266328 0 0.5 0.0467345 0.0390012 0 0.0390012 0.0390012 
4.642 -2.6600 1 0.4259 1  2270 2592 2772 2686 2246 1634 1452 1247  1 1 1 0 1 0 1 5 5 0.5 0.425924 0.660214 0 0.5 -0.0320429 0.0123901 0 0.0123901 0.0123901 
4.644 -2.6600 1 0.4192 1  2275 2618 2912 2692 2240 1637 1372 1245  1 1 1 0 0 0 0 5 5 0.5 0.419176 0.607404 0 0.5 -0.0214808 0.0152239 0 0.0152239 0.0152239 
4.646 -2.6600 1 0.4999 1  2248 2602 2846 2697 2306 1647 1533 1236  1 1 1 0 1 0 1 5 5 0.5 0.49994 0.826981 0 0.5 -0.0653962 9.18629e-05 0 9.18629e-05 9.18629e-05 
4.648 -2.6600 1 0.3834 1  2236 2613 2846 2688 2224 1677 1387 1300  1 1 1 0 1 0 1 5 5 0.5 0.383438 0.510306 0 0.5 -0.0020611 0.021945 0 0.021945 0.021945 
4.650 -2.6600 1 0.1923 1  2223 2608 2812 2683 2134 1631 1490 1325  1 1 1 0 0 0 0 5 5 0.5 0.19234 -0.0332743 0 0.5 0.106655 0.0588843 0 0.0588843 0.0588843 
