%% logfile from robot Silke (54)
% Silke (54)
%  1    time 2.010 sec
%  2  3  4  5   (mission 0), state 2, entered (thread 1, line 1), events 0x0 (bit-flags)
%  6  7  8 Gyro x,y,z [deg/s]: -0.0305176 -6.22559 0.0305176
%  9 10 Motor velocity ref left, right: -0.0044 -0.0190
% 11 12 Wheel velocity [m/s] left, right: -0.0028 -0.0229
% 13 14 15 16 Pose x,y,h,tilt [m,m,rad,rad]: 0.0202819 2.83578e-05 0.00259112 0.00687665
% 17 .. 37 Edge sensor: left -4.180000 0, right -0.200014 0, values 529 594 677 662 666 691 693 556, white 1, used 1, LEDhigh=0, xb=0 xw=0 xbc=0 xwc=0 lvl=0 lvr=0       whitelevel=[923 1039 1179 1162 1189 1192 1201 920]       blacklevel=[132 155 174 173 174 176 174 137]
2.020 2 1 1 0 -0.122070 -6.561279 -0.213623 -0.0192 -0.0295 -0.0024 -0.0173 0.0203 0.0000 0.002591 0.007887 -4.1800 0 -0.2000 0  527 598 673 668 674 683 692 533  1 1 0 0 0 0 0 0 0 
2.030 2 1 1 0 -0.152588 -7.019043 0.091553 -0.0292 -0.0560 -0.0024 0.0157 0.0205 0.0000 0.005182 0.008937 -4.1800 0 -0.2000 0  533 584 673 669 654 688 693 530  1 1 0 0 0 0 0 0 0 
2.040 2 1 1 0 -0.183105 -7.568359 0.122070 -0.0431 -0.0618 -0.0024 -0.0357 0.0203 0.0000 0.002591 0.010091 -4.1800 0 -0.2000 0  531 602 704 669 674 693 698 544  1 1 0 0 0 0 0 0 0 
2.050 2 1 1 0 -0.457764 -12.023926 -2.838135 -0.0475 -0.0622 -0.0020 -0.0374 0.0199 0.0000 0.002591 0.011775 -4.1800 0 -0.2000 0  531 600 670 671 656 688 700 542  1 1 0 0 0 0 0 0 0 
2.060 2 1 1 0 -1.281738 -17.456055 -8.483887 -0.0459 -0.0505 -0.0020 -0.0261 0.0197 0.0000 0.000000 0.014834 -4.1800 0 -0.2000 0  543 605 681 675 685 707 708 541  1 1 0 0 0 0 0 0 0 
2.070 2 1 1 0 -1.464844 -17.395020 -10.253906 -0.0515 -0.0642 -0.0193 -0.0261 0.0195 0.0000 0.002591 0.017779 -4.1800 0 -0.2000 0  546 606 699 680 685 691 711 560  1 1 0 0 0 0 0 0 0 
2.080 2 1 1 0 -1.525879 -18.249512 -10.986328 -0.0552 -0.0768 -0.0245 -0.0197 0.0193 0.0000 0.005182 0.020650 -4.1800 0 -0.2000 0  546 610 704 684 688 687 713 569  1 1 0 0 0 0 0 0 0 
2.090 2 1 1 0 -0.427246 -31.433105 1.159668 -0.0333 -0.0449 -0.0245 -0.0193 0.0191 0.0000 0.002591 0.024713 -4.1800 0 -0.2000 0  557 618 694 691 693 709 723 552  1 1 0 0 0 0 0 0 0 
2.100 2 1 1 0 -0.762939 -31.402588 1.770020 -0.0245 -0.0381 -0.0173 -0.0193 0.0191 0.0000 0.002591 0.029894 -4.1800 0 -0.2000 0  559 623 713 700 704 718 731 557  1 1 0 0 0 0 0 0 0 
2.110 2 1 1 0 0.885010 -29.418945 1.831055 -0.0166 -0.0315 -0.0120 -0.0133 0.0191 0.0000 0.002591 0.034774 -4.1800 0 -0.2000 0  567 636 718 709 713 726 739 563  1 1 0 0 0 0 0 0 0 
2.120 2 1 1 0 -0.976562 -29.235840 1.678467 -0.0034 -0.0192 -0.0092 -0.0100 0.0191 0.0000 0.002591 0.039693 -4.1800 0 -0.2000 0  569 641 729 717 721 709 748 570  1 1 0 0 0 0 0 0 0 
2.130 2 1 1 0 -0.091553 -28.686523 2.593994 0.0109 -0.0056 -0.0072 -0.0080 0.0191 0.0000 0.002591 0.044441 -4.1800 0 -0.2000 0  589 650 736 730 728 745 765 579  1 1 0 0 0 0 0 0 0 
2.140 2 1 1 0 0.030518 -24.444580 1.708984 0.0198 0.0029 -0.0060 -0.0064 0.0191 0.0000 0.002591 0.048719 -4.1800 0 -0.2000 0  583 660 749 734 733 753 766 580  1 1 0 0 0 0 0 0 0 
2.150 2 1 1 0 -0.701904 -23.254395 2.593994 0.0325 0.0153 -0.0052 -0.0056 0.0191 0.0000 0.002591 0.052391 -4.1800 0 -0.2000 0  599 665 753 742 741 754 775 593  1 1 0 0 0 0 0 0 0 
2.160 2 1 1 0 -0.030518 -22.003174 1.586914 0.0457 0.0282 -0.0048 -0.0048 0.0191 0.0000 0.002591 0.055851 -4.1800 0 -0.2000 0  596 669 752 750 744 776 785 596  1 1 0 0 0 0 0 0 0 
2.170 2 1 1 0 -0.030518 -22.949219 1.373291 0.0629 0.0491 0.0040 -0.0044 0.0193 0.0000 0.000000 0.059333 -4.1800 0 -0.2000 0  618 681 762 756 756 776 803 601  1 1 0 0 0 0 0 0 0 
2.180 2 1 1 0 0.396729 -18.310547 1.068115 0.0720 0.0785 0.0446 0.0040 0.0197 0.0000 0.000000 0.062718 -4.1800 0 -0.2000 0  598 681 773 747 765 777 787 609  1 1 0 0 0 0 0 0 0 
2.190 2 1 1 0 -2.563477 -7.537842 -6.866455 0.0833 0.0773 0.0357 0.0353 0.0199 0.0000 0.002591 0.064210 -4.1800 0 -0.2000 0  583 688 778 795 767 787 824 613  1 1 0 0 0 0 0 0 0 
2.200 2 1 1 0 -1.708984 -13.092041 -15.380859 0.1144 0.0924 0.0197 0.0554 0.0203 0.0000 0.002591 0.066223 -4.1800 0 -0.2000 0  571 688 781 767 769 784 814 623  1 1 0 0 0 0 0 0 0 
2.210 2 1 1 0 -3.601074 -6.866455 -10.284424 0.1257 0.0968 0.0530 0.0651 0.0209 0.0000 0.005182 0.067262 -4.1800 0 -0.2000 0  620 690 785 782 774 789 800 616  1 1 0 0 0 0 0 0 0 
2.220 2 1 1 0 0.396729 -3.967285 -1.068115 0.1348 0.0944 0.0414 0.0627 0.0213 0.0000 0.005182 0.066503 -4.1800 0 -0.2000 0  629 694 786 807 779 794 822 624  1 1 0 0 0 0 0 0 0 
2.230 2 1 1 0 1.586914 -0.885010 9.368896 0.1505 0.1131 0.0819 0.0598 0.0221 0.0000 0.005182 0.066486 -4.1800 0 -0.2000 0  614 701 782 756 776 797 805 621  1 1 0 0 0 0 0 0 0 
2.240 2 1 1 0 0.366211 3.631592 6.042480 0.1576 0.1235 0.0851 0.0639 0.0229 0.0000 0.005182 0.065424 -4.1800 0 -0.2000 0  621 694 779 785 773 795 831 633  1 1 0 0 0 0 0 0 0 
2.250 2 1 1 0 0.976562 6.469727 6.561279 0.1727 0.1510 0.1217 0.0900 0.0239 0.0000 0.002591 0.064284 -4.1800 0 -0.2000 0  638 695 779 775 773 795 792 636  1 1 0 0 0 0 0 0 0 
2.260 2 1 1 0 0.671387 12.084961 2.410889 0.1778 0.1711 0.1345 0.0948 0.0249 0.0000 0.000000 0.062104 -4.1800 0 -0.2000 0  599 666 779 755 771 795 810 632  1 1 0 0 0 0 0 0 0 
2.270 2 1 1 0 0.274658 16.143799 6.622314 0.1761 0.1873 0.1277 0.1490 0.0261 0.0000 0.000000 0.059057 -4.1800 0 -0.2000 0  608 706 776 759 762 797 790 632  1 1 0 0 0 0 0 0 0 
2.280 2 1 1 0 -1.342773 24.169922 -6.622314 0.1740 0.1790 0.1398 0.1185 0.0273 0.0000 0.000000 0.055191 -4.1800 0 -0.2000 0  594 681 766 770 765 789 820 631  1 1 0 0 0 0 0 0 0 
2.290 2 1 1 0 1.037598 23.925781 4.425049 0.1853 0.1864 0.1225 0.1486 0.0289 0.0000 0.000000 0.050324 -4.1800 0 -0.2000 0  583 675 762 747 765 789 818 631  1 1 0 0 0 0 0 0 0 
2.300 2 1 1 0 -1.983643 28.350830 -6.317139 0.1831 0.1671 0.1414 0.1201 0.0303 0.0001 0.002591 0.045977 -4.1800 0 -0.2000 0  580 636 749 721 731 781 798 607  1 1 0 0 0 0 0 0 0 
2.310 2 1 1 0 -0.518799 26.885986 -0.976562 0.1861 0.1864 0.1735 0.1538 0.0317 0.0001 0.000000 0.040568 -4.1800 0 -0.2000 0  574 647 740 731 709 770 801 616  1 1 0 0 0 0 0 0 0 
2.320 2 1 1 0 -0.457764 24.902344 -0.854492 0.1909 0.1778 0.1631 0.1699 0.0335 0.0001 0.002591 0.036020 -4.1800 0 -0.2000 0  570 641 735 722 733 767 795 604  1 1 0 0 0 0 0 0 0 
2.330 2 1 1 0 -0.335693 25.360107 -1.495361 0.1884 0.1672 0.1743 0.1341 0.0351 0.0001 0.002591 0.031332 -4.1800 0 -0.2000 0  560 650 725 711 728 760 782 603  1 1 0 0 0 0 0 0 0 
2.340 2 1 1 0 -0.640869 22.888184 3.448486 0.1851 0.1559 0.1406 0.1498 0.0367 0.0001 0.002591 0.026481 -4.1800 0 -0.2000 0  551 627 713 710 715 746 778 591  1 1 0 0 0 0 0 0 0 
2.350 2 1 1 0 0.152588 22.186279 3.417969 0.1821 0.1573 0.1542 0.1289 0.0382 0.0001 0.000000 0.022728 -4.1800 0 -0.2000 0  559 614 695 708 705 746 771 536  1 1 0 0 0 0 0 0 0 
2.360 2 1 1 0 -0.579834 15.319824 9.124756 0.1893 0.1646 0.1406 0.1731 0.0398 0.0001 0.000000 0.018931 -4.1800 0 -0.2000 0  554 602 705 708 714 741 763 593  1 1 0 0 0 0 0 0 0 
2.370 2 1 1 0 -0.549316 12.725830 5.554199 0.1885 0.1758 0.1590 0.1277 0.0414 0.0001 0.000000 0.016603 -4.1800 0 -0.2000 0  548 610 702 699 725 728 749 581  1 1 0 0 0 0 0 0 0 
2.380 2 1 1 0 0.671387 13.946533 11.535645 0.1835 0.1815 0.1691 0.1815 0.0430 0.0001 0.000000 0.013630 -4.1800 0 -0.2000 0  541 628 711 696 735 726 744 575  1 1 0 0 0 0 0 0 0 
2.390 2 1 1 0 1.098633 18.707275 2.349854 0.1694 0.1674 0.1590 0.1305 0.0444 0.0001 -0.002591 0.010768 -4.1800 0 -0.2000 0  553 609 701 695 707 716 738 566  1 1 0 0 0 0 0 0 0 
2.400 2 1 1 0 0.030518 15.625000 7.354736 0.1655 0.1743 0.1281 0.1619 0.0460 0.0001 -0.002591 0.007522 -4.1800 0 -0.2000 0  539 614 705 687 695 731 729 568  1 1 0 0 0 0 0 0 0 
2.410 2 1 1 0 -0.518799 17.211914 -2.349854 0.1594 0.1622 0.1590 0.1313 0.0474 0.0001 0.000000 0.004871 -4.1800 0 -0.2000 0  542 606 699 686 694 710 728 556  1 1 0 0 0 0 0 0 0 
2.420 2 1 1 0 -0.030518 8.361816 -0.946045 0.1707 0.1726 0.1490 0.1687 0.0488 0.0001 -0.002591 0.002890 -4.1800 0 -0.2000 0  536 610 721 678 695 716 723 572  1 1 0 0 0 0 0 0 0 
2.430 2 1 1 0 -0.457764 7.324219 -8.239746 0.1726 0.1737 0.1715 0.1671 0.0504 0.0001 -0.002591 0.001991 -4.1800 0 -0.2000 0  536 606 655 677 686 696 723 542  1 1 0 0 0 0 0 0 0 
2.440 2 1 1 0 0.183105 8.300781 -1.922607 0.1660 0.1620 0.1189 0.1707 0.0518 0.0001 0.000000 -0.000071 -4.1800 0 -0.2000 0  531 604 674 672 684 704 725 567  1 1 0 0 0 0 0 0 0 
2.450 2 1 1 0 0.457764 7.629395 -8.178711 0.1586 0.1346 0.1265 0.1366 0.0534 0.0001 0.000000 -0.001034 -4.1800 0 -0.2000 0  534 600 677 667 685 690 730 563  1 1 0 0 0 0 0 0 0 
2.460 2 1 1 0 -0.427246 7.812500 -3.936768 0.1436 0.1276 0.1253 0.0956 0.0544 0.0001 -0.002591 -0.002590 -4.1800 0 -0.2000 0  510 598 653 664 680 684 734 565  1 1 0 0 0 0 0 0 0 
2.470 2 1 1 0 -0.091553 -2.044678 -4.791260 0.1582 0.1321 0.1249 0.1390 0.0558 0.0000 0.000000 -0.002689 -4.1800 0 -0.2000 0  531 587 665 658 677 714 740 566  1 1 0 0 0 0 0 0 0 
2.480 2 1 1 0 0.213623 -3.967285 -1.831055 0.1619 0.1341 0.1357 0.1390 0.0570 0.0000 0.000000 -0.001898 -4.1800 0 -0.2000 0  533 599 662 658 686 727 750 577  1 1 0 0 0 0 0 0 0 
2.490 2 1 1 0 0.549316 -6.439209 2.014160 0.1603 0.1370 0.1193 0.1181 0.0582 0.0000 0.000000 -0.001248 -4.1800 0 -0.2000 0  522 598 697 667 685 734 760 582  1 1 0 0 0 0 0 0 0 
2.500 2 1 1 0 0.183105 -9.979248 4.791260 0.1783 0.1505 0.1205 0.1651 0.0596 0.0000 0.002591 0.000425 -4.1800 0 -0.2000 0  514 595 678 670 691 708 771 595  1 1 0 0 0 0 0 0 0 
2.510 2 1 1 0 1.708984 -7.690430 11.779785 0.1765 0.1488 0.1072 0.1269 0.0608 0.0000 0.002591 0.001692 -4.1800 0 -0.2000 0  518 595 679 656 693 713 783 595  1 1 0 0 0 0 0 0 0 
2.520 2 1 1 0 0.823975 -4.241943 6.500244 0.1757 0.1480 0.1586 0.1112 0.0623 0.0000 0.000000 0.002661 -4.1800 0 -0.2000 0  570 600 701 696 696 757 807 605  1 1 0 0 0 0 0 0 0 
2.530 2 1 1 0 1.098633 -1.831055 2.441406 0.1752 0.1600 0.1490 0.1193 0.0635 0.0000 0.000000 0.003380 -4.1800 0 -0.2000 0  520 606 686 685 700 743 815 621  1 1 0 0 0 0 0 0 0 
2.540 2 1 1 0 -0.915527 -3.479004 2.624512 0.1749 0.1700 0.1434 0.1542 0.0649 0.0000 -0.002591 0.003798 -4.1800 0 -0.2000 0  538 607 692 664 704 774 839 627  1 1 0 0 0 0 0 0 0 
2.550 2 1 1 0 -0.274658 1.281738 -3.845215 0.1729 0.1679 0.1651 0.1434 0.0663 0.0000 0.000000 0.004120 -4.1800 0 -0.2000 0  531 606 692 684 708 766 814 630  1 1 0 0 0 0 0 0 0 
2.560 2 1 1 0 0.335693 3.051758 1.770020 0.1636 0.1666 0.1257 0.1313 0.0677 0.0000 -0.002591 0.003230 -4.1800 0 -0.2000 0  545 611 699 687 710 773 824 632  1 1 0 0 0 0 0 0 0 
2.570 2 1 1 0 -0.396729 3.875732 -4.272461 0.1743 0.1514 0.1486 0.1325 0.0691 0.0000 0.000000 0.003441 -4.1800 0 -0.2000 0  519 607 700 689 715 794 813 636  1 1 0 0 0 0 0 0 0 
2.580 2 1 1 0 -1.373291 5.950928 -0.671387 0.1640 0.1469 0.1422 0.1241 0.0705 0.0000 -0.002591 0.002290 -4.1800 0 -0.2000 0  533 600 708 680 724 776 833 629  1 1 0 0 0 0 0 0 0 
2.590 2 1 1 0 0.183105 -1.495361 -2.197266 0.1786 0.1611 0.1422 0.1735 0.0719 0.0000 0.000000 0.002159 -4.1800 0 -0.2000 0  557 609 710 710 723 778 816 625  1 1 0 0 0 0 0 0 0 
2.600 2 1 1 0 -0.915527 -2.929688 -2.410889 0.1934 0.1649 0.1735 0.1414 0.0735 0.0000 0.000000 0.003173 -4.1800 0 -0.2000 0  545 633 719 713 729 773 790 623  1 1 0 0 0 0 0 0 0 
2.610 2 1 1 0 0.671387 2.014160 4.577637 0.1873 0.1588 0.1197 0.1783 0.0751 0.0000 0.000000 0.002610 -4.1800 0 -0.2000 0  519 622 726 702 728 776 796 611  1 1 0 0 0 0 0 0 0 
2.620 2 1 1 0 -0.213623 1.464844 -0.183105 0.1887 0.1615 0.1643 0.1337 0.0763 0.0000 0.000000 0.002644 -4.1800 0 -0.2000 0  541 656 730 702 736 771 815 613  1 1 0 0 0 0 0 0 0 
2.630 2 1 1 0 -0.946045 2.929688 5.645752 0.1840 0.1564 0.1450 0.1687 0.0779 0.0000 0.000000 0.001589 -4.1800 0 -0.2000 0  551 624 729 718 722 765 796 603  1 1 0 0 0 0 0 0 0 
2.640 2 1 1 0 0.213623 0.000000 2.136230 0.1882 0.1681 0.1807 0.1454 0.0793 0.0000 -0.002591 0.001453 -4.1800 0 -0.2000 0  549 603 732 704 733 764 784 590  1 1 0 0 0 0 0 0 0 
2.650 2 1 1 0 1.586914 2.044678 6.042480 0.1861 0.1870 0.1530 0.1606 0.0809 0.0000 -0.002591 0.001259 -4.1800 0 -0.2000 0  553 648 731 706 712 755 756 590  1 1 0 0 0 0 0 0 0 
2.660 2 1 1 0 -0.640869 6.652832 2.380371 0.1844 0.1847 0.1574 0.1783 0.0825 0.0000 -0.002591 0.000657 -4.1800 0 -0.2000 0  550 634 724 716 742 752 777 607  1 1 0 0 0 0 0 0 0 
2.670 2 1 1 0 0.732422 8.209229 2.075195 0.1765 0.1762 0.1514 0.1671 0.0841 0.0000 -0.002591 -0.000794 -4.1800 0 -0.2000 0  553 635 730 728 759 748 773 603  1 1 0 0 0 0 0 0 0 
2.680 2 1 1 0 -2.105713 9.704590 -3.601074 0.1710 0.1689 0.1751 0.1606 0.0855 0.0000 0.000000 -0.002101 -4.1800 0 -0.2000 0  558 613 722 713 708 741 771 580  1 1 0 0 0 0 0 0 0 
2.690 2 1 1 0 -1.098633 3.387451 -3.509521 0.1770 0.1732 0.1679 0.1759 0.0872 0.0000 0.000000 -0.003034 -4.1800 0 -0.2000 0  551 626 714 702 708 742 767 612  1 1 0 0 0 0 0 0 0 
2.700 2 1 1 0 -1.525879 3.051758 -5.584717 0.1787 0.1732 0.1542 0.1759 0.0888 0.0000 0.000000 -0.003182 -4.1800 0 -0.2000 0  557 646 721 705 753 745 771 637  1 1 0 0 0 0 0 0 0 
2.710 2 1 1 0 -0.061035 4.302979 -2.532959 0.1728 0.1708 0.1329 0.1707 0.0904 0.0000 0.000000 -0.004154 -4.1800 0 -0.2000 0  552 622 710 703 723 749 769 595  1 1 0 0 0 0 0 0 0 
2.720 2 1 1 0 0.183105 5.340576 -7.293701 0.1678 0.1458 0.1394 0.1562 0.0918 0.0000 0.002591 -0.004606 -4.1800 0 -0.2000 0  557 622 715 710 699 747 771 563  1 1 0 0 0 0 0 0 0 
2.730 2 1 1 0 -0.518799 3.784180 -4.455566 0.1651 0.1413 0.1502 0.1048 0.0932 0.0000 0.000000 -0.005268 -4.1800 0 -0.2000 0  550 630 717 705 722 757 765 581  1 1 0 0 0 0 0 0 0 
2.740 2 1 1 0 -0.885010 -3.051758 -3.540039 0.1720 0.1527 0.1486 0.1586 0.0946 0.0000 -0.002591 -0.005179 -4.1800 0 -0.2000 0  551 612 714 714 732 754 768 623  1 1 0 0 0 0 0 0 0 
2.750 2 1 1 0 0.213623 -7.537842 -1.556396 0.1834 0.1623 0.1598 0.1562 0.0962 0.0000 -0.002591 -0.003938 -4.1800 0 -0.2000 0  550 613 722 719 734 738 766 567  1 1 0 0 0 0 0 0 0 
2.760 2 1 1 0 0.396729 -7.965088 3.417969 0.1942 0.1687 0.1233 0.1751 0.0976 0.0000 0.000000 -0.002781 -4.1800 0 -0.2000 0  552 623 732 723 756 753 771 637  1 1 0 0 0 0 0 0 0 
2.770 2 1 1 0 0.427246 -1.495361 1.953125 0.1843 0.1629 0.1349 0.1329 0.0992 0.0000 0.000000 -0.001893 -4.1800 0 -0.2000 0  563 633 741 733 730 775 769 618  1 1 0 0 0 0 0 0 0 
2.780 2 1 1 0 0.274658 0.274658 5.310059 0.1781 0.1609 0.1442 0.1374 0.1006 0.0000 -0.002591 -0.002134 -4.1800 0 -0.2000 0  556 626 711 729 739 744 766 577  1 1 0 0 0 0 0 0 0 
2.790 2 1 1 0 0.854492 -0.061035 -0.549316 0.1787 0.1679 0.1679 0.1317 0.1022 0.0000 -0.002591 -0.001952 -4.1800 0 -0.2000 0  550 631 724 726 739 741 770 591  1 1 0 0 0 0 0 0 0 
2.800 2 1 1 0 -1.098633 -5.554199 2.716064 0.1963 0.1987 0.1438 0.1783 0.1038 0.0000 -0.002591 -0.001436 -4.1800 0 -0.2000 0  554 627 728 736 737 738 768 599  1 1 0 0 0 0 0 0 0 
2.810 2 1 1 0 -0.823975 6.591797 -7.385254 0.1815 0.1812 0.1542 0.1329 0.1054 0.0000 -0.002591 -0.001348 -4.1800 0 -0.2000 0  534 629 731 735 736 734 771 591  1 1 0 0 0 0 0 0 0 
2.820 2 1 1 0 0.610352 5.249023 -1.373291 0.1805 0.1739 0.1454 0.1847 0.1068 -0.0000 0.000000 -0.003082 -4.1800 0 -0.2000 0  561 629 738 726 737 750 757 586  1 1 0 0 0 0 0 0 0 
2.830 2 1 1 0 -0.488281 5.462646 -5.249023 0.1809 0.1747 0.1876 0.1406 0.1086 -0.0000 -0.002591 -0.003499 -4.1800 0 -0.2000 0  546 631 728 703 735 754 757 579  1 1 0 0 0 0 0 0 0 
2.840 2 1 1 0 -1.281738 4.516602 -2.471924 0.1749 0.1710 0.1502 0.1687 0.1100 -0.0000 0.000000 -0.004990 -4.1800 0 -0.2000 0  521 634 736 723 739 737 759 592  1 1 0 0 0 0 0 0 0 
2.850 2 1 1 0 0.793457 -2.258301 -2.685547 0.1892 0.1833 0.1839 0.1868 0.1119 -0.0000 -0.002591 -0.004783 -4.1800 0 -0.2000 0  539 633 740 740 743 763 782 589  1 1 0 0 0 0 0 0 0 
2.860 2 1 1 0 0.244141 4.608154 2.410889 0.1781 0.1662 0.1438 0.1783 0.1133 -0.0000 0.000000 -0.005536 -4.1800 0 -0.2000 0  553 642 742 744 751 754 790 591  1 1 0 0 0 0 0 0 0 
2.870 2 1 1 0 0.152588 3.631592 -1.342773 0.1777 0.1522 0.1699 0.1566 0.1149 -0.0000 0.000000 -0.005920 -4.1800 0 -0.2000 0  592 652 750 758 765 788 796 610  1 1 0 0 0 0 0 0 0 
2.880 2 1 1 0 0.396729 5.737305 4.852295 0.1610 0.1433 0.1450 0.1345 0.1163 -0.0000 -0.002591 -0.007161 -4.1800 0 -0.2000 0  549 665 768 736 781 782 807 617  1 1 0 0 0 0 0 0 0 
2.890 2 1 1 0 0.152588 -2.044678 3.875732 0.1769 0.1547 0.1759 0.1606 0.1179 -0.0000 -0.002591 -0.007024 -4.1800 0 -0.2000 0  604 679 793 791 802 816 848 631  1 1 0 0 0 0 0 0 0 
2.900 2 1 1 0 0.061035 -8.453369 4.241943 0.1877 0.1923 0.1643 0.1631 0.1195 -0.0000 -0.002591 -0.005659 -4.1800 0 -0.2000 0  643 702 821 790 828 843 849 651  1 1 0 0 0 0 0 0 0 
2.910 2 1 1 0 0.396729 0.549316 2.410889 0.1800 0.1827 0.1554 0.1767 0.1211 -0.0000 -0.002591 -0.005277 -4.1800 0 -0.2000 0  653 722 849 840 855 869 900 681  1 1 0 0 0 0 0 0 0 
2.920 2 1 1 0 1.068115 4.211426 3.814697 0.1721 0.1701 0.1518 0.1691 0.1225 -0.0000 0.000000 -0.006070 -4.1800 0 -0.2000 0  648 774 883 846 892 908 944 689  1 1 0 0 0 0 0 0 0 
2.930 2 1 1 0 0.030518 6.713867 -3.631592 0.1669 0.1649 0.1791 0.1418 0.1241 -0.0000 0.000000 -0.006626 -4.1800 0 -0.2000 0  700 792 922 886 931 944 953 719  1 1 0 0 0 0 0 0 0 
2.940 2 1 1 0 -0.518799 2.471924 -3.356934 0.1666 0.1652 0.1598 0.1374 0.1255 -0.0000 -0.002591 -0.007240 -0.9069 0 2.4840 0  736 852 967 957 969 986 1033 753  1 1 0 0 0 0 0 0 0 
2.950 2 1 1 0 -0.671387 -3.417969 -4.547119 0.1803 0.1755 0.1623 0.1783 0.1273 -0.0000 0.000000 -0.006575 -0.9069 0 2.4840 0  760 887 1010 1029 1006 1028 1068 785  1 1 0 0 0 0 5 0 0 
2.960 2 1 2 0 -1.190186 4.638672 0.457764 0.1635 0.1506 0.1277 0.1502 0.1287 -0.0000 -0.002591 -0.007053 -0.9069 0 2.4840 0  802 911 1042 1020 1043 1067 1087 820  1 1 0 0 0 0 15 0 0 
2.970 2 1 2 0 0.976562 -0.335693 -1.312256 0.1700 0.1371 0.1486 0.1434 0.1301 -0.0000 0.000000 -0.006899 -0.9069 0 2.4840 0  809 942 1070 1042 1085 1101 1127 849  1 1 0 0 1 0 20 0 0 
2.980 2 1 2 0 -0.793457 3.082275 3.814697 0.1622 0.1093 0.1458 0.1044 0.1315 -0.0000 -0.002591 -0.007038 -0.9069 0 2.4840 0  846 950 1105 1079 1106 1129 1165 876  1 1 0 0 1 0 20 0 0 
2.990 2 1 2 0 0.915527 -4.150391 3.204346 0.1708 0.0980 0.1542 0.0900 0.1327 -0.0000 -0.007773 -0.006598 -0.9069 0 2.4840 0  877 1042 1124 1113 1138 1149 1194 895  1 1 0 0 1 0 20 0 0 
3.000 2 1 2 0 -0.427246 -10.040283 2.655029 0.1889 0.0960 0.1775 0.0859 0.1339 -0.0001 -0.012956 -0.004976 -0.9069 0 2.4840 0  882 1019 1146 1120 1143 1169 1190 905  1 1 0 0 1 0 20 0 0 
3.010 2 1 2 0 1.434326 -11.505127 14.434814 0.1925 0.0796 0.1414 0.1084 0.1353 -0.0001 -0.015547 -0.003653 -0.9069 0 2.4840 0  897 1027 1163 1158 1163 1187 1226 923  1 1 0 0 1 0 20 0 0 
3.020 2 1 2 0 1.373291 -16.693115 24.963379 0.2116 0.0877 0.1482 0.0755 0.1366 -0.0001 -0.020729 -0.001209 -0.9069 0 2.4840 0  914 1033 1177 1155 1172 1196 1229 939  1 1 0 0 1 0 20 0 0 
3.030 2 1 2 0 4.241943 -23.651123 36.590576 0.2392 0.1072 0.1759 0.0936 0.1378 -0.0001 -0.025911 0.001790 -0.9069 0 2.4840 0  917 1016 1192 1167 1155 1217 1216 946  1 1 0 0 1 0 20 0 0 
3.040 2 1 2 0 2.990723 -20.446777 44.281006 0.2604 0.1083 0.2008 0.1217 0.1392 -0.0002 -0.028502 0.005319 -0.9069 0 2.4840 0  929 1042 1203 1178 1196 1224 1265 961  1 1 0 0 1 0 20 0 0 
3.050 2 1 2 0 6.713867 -17.272949 53.710938 0.2805 0.1147 0.2265 0.0863 0.1408 -0.0002 -0.038867 0.007943 -0.9069 0 2.4840 0  942 1086 1228 1188 1228 1238 1260 968  1 1 0 0 1 0 20 0 0 
3.060 2 1 2 0 6.652832 -9.368896 65.277100 0.2876 0.1058 0.1900 0.0996 0.1422 -0.0003 -0.046640 0.009732 -0.9069 0 2.4840 0  947 1023 1226 1204 1210 1241 1268 975  1 1 0 0 1 0 20 0 0 
3.070 2 1 2 0 7.141113 -3.540039 66.497803 0.3056 0.1127 0.2510 0.0835 0.1440 -0.0004 -0.054414 0.010572 -0.9069 0 2.4840 0  949 1095 1224 1211 1211 1246 1282 1027  1 1 0 0 1 0 20 0 0 
3.080 2 1 2 0 8.422852 -1.495361 66.894531 0.3284 0.1155 0.2908 0.0643 0.1456 -0.0005 -0.069960 0.010513 -0.9069 0 2.4840 0  949 1069 1223 1206 1231 1250 1279 999  1 1 0 0 1 0 20 0 0 
3.090 2 1 2 0 9.216309 9.796143 76.293945 0.3267 0.0976 0.2623 0.0827 0.1472 -0.0006 -0.080325 0.009277 -0.9069 0 2.4840 0  937 1042 1221 1197 1214 1248 1276 981  1 1 0 0 1 0 20 0 0 
3.100 2 1 2 0 9.979248 11.840820 78.460693 0.3440 0.1029 0.3317 0.0807 0.1490 -0.0007 -0.093280 0.006917 -0.9069 0 2.4840 0  931 1048 1215 1183 1183 1228 1261 983  1 1 0 0 1 0 20 0 0 
3.110 2 1 2 0 11.138916 10.437012 78.430176 0.3655 0.1084 0.3161 0.0968 0.1512 -0.0010 -0.106236 0.005317 -0.9069 0 2.4840 0  910 1031 1180 1165 1194 1214 1252 972  1 1 0 0 1 0 20 0 0 
3.120 2 1 2 0 11.230469 22.033691 84.045410 0.3591 0.0993 0.3374 0.0619 0.1530 -0.0012 -0.124374 0.001573 -0.9069 0 2.4840 0  884 1012 1134 1134 1168 1212 1231 964  1 1 0 0 1 0 20 0 0 
3.130 2 1 2 0 10.986328 17.364502 87.005615 0.3782 0.1024 0.3430 0.0578 0.1550 -0.0014 -0.139921 -0.001955 -0.9069 0 2.4840 0  849 972 1101 1103 1125 1164 1216 970  1 1 0 0 1 0 20 0 0 
3.140 2 1 2 0 12.237549 23.468018 95.458984 0.3811 0.0954 0.3213 0.1301 0.1574 -0.0018 -0.155467 -0.005357 0.7121 1 4.1800 0  795 916 1051 1052 1077 1136 1183 934  1 1 0 0 1 0 20 10 0 
3.150 2 1 2 0 19.836426 24.230957 97.076416 0.3887 0.1070 0.3683 0.0996 0.1593 -0.0021 -0.171014 -0.009844 0.5966 1 4.1800 0  743 851 968 995 1052 1096 1141 930  1 1 0 0 1 0 14 20 0 
3.160 2 1 2 0 16.448975 25.939941 97.259521 0.3922 0.0960 0.3185 0.0574 0.1615 -0.0025 -0.189152 -0.013567 0.8678 1 4.1800 0  688 788 912 939 977 1050 1107 895  1 1 0 0 0 0 0 20 0 
3.170 2 1 2 0 7.965088 35.247803 108.062744 0.3805 0.0814 0.3615 0.0839 0.1637 -0.0029 -0.207290 -0.019594 0.5988 1 4.1800 0  624 720 846 879 920 1013 1065 841  1 1 0 0 0 0 0 20 0 
3.180 2 1 2 0 7.812500 28.808594 107.391357 0.3970 0.0819 0.4016 0.0671 0.1656 -0.0034 -0.228019 -0.024571 0.8646 1 4.1800 0  580 673 795 821 855 948 1032 833  1 1 0 0 0 0 0 20 0 
3.190 2 1 2 0 12.329102 35.003662 116.210938 0.3809 0.0658 0.3582 0.0643 0.1678 -0.0039 -0.246157 -0.030230 1.1148 1 4.1800 0  547 635 735 759 802 875 983 800  1 1 0 0 0 0 0 20 0 
3.200 2 1 2 0 7.385254 32.012939 116.302490 0.3825 0.0576 0.3751 0.0739 0.1699 -0.0044 -0.264295 -0.035666 1.2380 1 4.1800 0  535 608 707 719 757 846 944 789  1 1 0 0 0 0 0 20 0 
3.210 2 1 2 0 7.873535 36.804199 123.260498 0.3689 0.0433 0.3860 0.0386 0.1720 -0.0051 -0.287615 -0.041410 1.2967 1 4.1800 0  512 594 695 684 726 801 907 756  1 1 0 0 0 0 0 20 0 
3.220 2 1 2 0 5.493164 35.888672 125.488281 0.3581 0.0297 0.3787 0.0361 0.1738 -0.0056 -0.310935 -0.047327 1.3793 1 4.1800 0  515 576 652 663 701 771 874 729  1 1 0 0 0 0 0 20 0 
3.230 2 1 2 0 7.751465 29.724121 130.706787 0.3521 0.0294 0.3430 0.0514 0.1755 -0.0062 -0.334256 -0.052612 1.4084 1 4.1800 0  484 562 635 644 683 732 852 708  1 1 0 0 0 0 0 20 0 
3.240 2 1 2 0 5.187988 29.083252 130.371094 0.3464 0.0189 0.3751 0.0361 0.1772 -0.0068 -0.357576 -0.057127 1.3368 0 4.1800 0  495 547 630 638 670 745 816 698  1 1 0 0 0 0 0 14 0 
3.250 2 1 2 0 6.378174 20.904541 135.375977 0.3493 0.0249 0.3751 0.0189 0.1791 -0.0075 -0.383487 -0.060909 1.3308 1 4.1800 0  505 524 608 636 661 733 811 697  1 1 0 0 0 0 0 1 0 
3.260 2 1 2 0 3.356934 15.258789 139.221191 0.3480 0.0224 0.3317 0.0129 0.1807 -0.0082 -0.406807 -0.063355 1.3308 0 4.1800 0  486 526 606 620 650 710 806 679  1 1 0 0 0 0 0 0 0 
3.270 2 1 2 0 -6.347656 19.073486 143.798828 0.3398 0.0122 0.3651 0.0096 0.1824 -0.0089 -0.430128 -0.065800 1.3308 0 4.1800 0  477 528 604 623 650 705 783 673  1 1 0 0 0 0 0 0 0 
3.280 2 1 2 0 5.310059 19.866943 143.493652 0.3267 0.0151 0.3860 0.0076 0.1840 -0.0097 -0.453448 -0.069332 1.3308 0 4.1800 0  461 527 607 604 639 699 776 672  1 1 0 0 0 0 0 0 0 
3.290 2 1 2 0 7.995605 22.766113 140.533447 0.2994 0.0038 0.3185 0.0064 0.1854 -0.0104 -0.474177 -0.072285 1.3308 0 4.1800 0  465 527 606 592 635 686 746 667  1 1 0 0 0 0 0 0 0 
3.300 2 1 2 0 3.051758 24.322510 138.641357 0.2714 -0.0081 0.2787 0.0056 0.1869 -0.0112 -0.494906 -0.075743 1.3308 0 4.1800 0  470 530 604 614 627 677 769 661  1 1 0 0 0 0 0 0 0 
3.310 2 1 2 0 -1.281738 22.552490 132.568359 0.2477 -0.0118 0.2787 0.0048 0.1881 -0.0119 -0.513044 -0.078864 1.3308 0 4.1800 0  476 540 613 610 628 675 755 658  1 1 0 0 0 0 0 0 0 
3.320 2 1 2 0 7.507324 23.712158 129.669189 0.2092 -0.0304 0.2462 0.0040 0.1891 -0.0125 -0.528591 -0.082162 1.3308 0 4.1800 0  472 535 609 603 624 663 755 658  1 1 0 0 0 0 0 0 0 
3.330 2 1 2 0 -1.342773 12.939453 119.476318 0.1951 -0.0325 0.2639 0.0036 0.1902 -0.0131 -0.544137 -0.084074 1.3308 0 4.1800 0  469 544 607 609 617 662 739 653  1 1 0 0 0 0 0 0 0 
3.340 2 1 2 0 1.037598 -2.960205 101.898193 0.2075 -0.0167 0.2418 0.0036 0.1914 -0.0138 -0.562275 -0.081343 1.3308 0 4.1800 0  476 529 608 605 622 666 757 654  1 1 0 0 0 0 0 0 0 
3.350 2 1 2 0 3.356934 -8.514404 87.524414 0.2030 -0.0052 0.2418 -0.0032 0.1922 -0.0144 -0.580413 -0.078880 1.3308 0 4.1800 0  480 547 611 609 626 673 766 667  1 1 0 0 0 0 0 0 0 
3.360 2 1 2 0 1.159668 -11.749268 78.979492 0.1903 -0.0019 0.2080 -0.0032 0.1931 -0.0149 -0.593369 -0.076253 1.3308 0 4.1800 0  475 601 619 610 628 671 770 673  1 1 0 0 0 0 0 0 0 
3.370 2 1 2 0 1.403809 -11.657715 68.420410 0.1776 0.0014 0.2068 -0.0032 0.1939 -0.0155 -0.606325 -0.072761 1.3308 0 4.1800 0  482 551 630 612 634 687 782 678  1 1 0 0 0 0 0 0 0 
3.380 2 1 2 0 3.814697 -12.756348 61.981201 0.1587 -0.0015 0.1550 -0.0032 0.1945 -0.0159 -0.616689 -0.069847 1.7276 0 4.1800 0  483 559 639 621 636 689 786 685  1 1 0 0 0 0 0 0 0 
3.390 2 1 2 0 1.190186 -21.148682 52.673340 0.1604 0.0162 0.1687 -0.0032 0.1952 -0.0164 -0.627054 -0.065606 1.7192 0 4.1800 0  487 562 647 627 641 701 798 686  1 1 0 0 0 0 0 3 0 
3.400 2 1 2 0 0.793457 -22.064209 47.607422 0.1500 0.0187 0.1402 -0.0032 0.1957 -0.0168 -0.634827 -0.061175 1.6893 1 4.1800 0  492 578 651 638 641 697 808 702  1 1 0 0 0 0 0 7 0 
3.410 2 1 2 0 2.593994 -23.895264 42.297363 0.1441 0.0215 0.1418 -0.0032 0.1963 -0.0172 -0.645192 -0.056558 1.6741 1 4.1800 0  507 586 654 641 657 707 820 702  1 1 0 0 0 0 0 8 0 
3.420 2 1 2 0 1.037598 -26.031494 38.116455 0.1414 0.0239 0.1345 -0.0032 0.1968 -0.0176 -0.652965 -0.051557 1.7267 1 4.1800 0  508 589 666 650 653 712 824 721  1 1 0 0 0 0 0 12 0 
3.430 2 1 2 0 1.312256 -28.167725 33.233643 0.1398 0.0345 0.1205 -0.0032 0.1973 -0.0180 -0.660738 -0.046247 1.7414 1 4.1800 0  514 581 656 657 666 718 838 737  1 1 0 0 0 0 0 19 0 
3.440 2 1 2 0 1.312256 -28.350830 28.747559 0.1405 0.0293 0.1088 -0.0032 0.1978 -0.0183 -0.668512 -0.040642 1.7203 0 4.1800 0  523 529 682 666 683 732 853 710  1 1 0 0 0 0 0 18 0 
3.450 2 1 2 0 1.556396 -21.697998 31.463623 0.1219 0.0307 0.0863 -0.0032 0.1981 -0.0186 -0.673694 -0.036468 1.6697 1 4.1800 0  532 582 680 679 678 733 860 748  1 1 0 0 0 0 0 20 0 
3.460 2 1 2 0 1.495361 -24.353027 30.639648 0.1194 0.0391 0.0920 -0.0032 0.1984 -0.0188 -0.678876 -0.032225 1.7434 1 4.1800 0  531 608 689 680 697 751 864 760  1 1 0 0 0 0 0 20 0 
3.470 2 1 2 0 2.105713 -23.834229 32.257080 0.1121 0.0423 0.0799 0.0032 0.1988 -0.0192 -0.681467 -0.028082 1.6191 1 4.1800 0  544 612 705 690 687 745 881 745  1 1 0 0 0 0 0 20 0 
3.480 2 1 2 0 1.159668 -24.749756 32.745361 0.1125 0.0354 0.0884 0.0305 0.1995 -0.0197 -0.686650 -0.023562 1.6814 1 4.1800 0  544 622 699 696 705 754 888 761  1 1 0 0 0 0 0 20 0 
3.490 2 1 2 0 2.319336 -25.695801 30.883789 0.1132 0.0422 0.0803 0.0253 0.1998 -0.0200 -0.691832 -0.019042 1.7188 1 4.1800 0  555 628 723 699 712 769 894 776  1 1 0 0 0 0 0 20 0 
3.500 2 1 2 0 1.312256 -27.374268 27.709961 0.1197 0.0515 0.0900 0.0157 0.2001 -0.0202 -0.697014 -0.014051 1.7555 1 4.1800 0  558 631 723 711 725 783 905 796  1 1 0 0 0 0 0 20 0 
3.510 2 1 2 0 1.922607 -22.918701 28.900146 0.1175 0.0412 0.0855 0.0116 0.2006 -0.0206 -0.699605 -0.009783 1.7093 1 4.1800 0  562 638 723 718 726 781 917 794  1 1 0 0 0 0 0 20 0 
3.520 2 1 2 0 2.044678 -23.040771 28.778076 0.1194 0.0527 0.0795 0.0116 0.2009 -0.0209 -0.704788 -0.005802 1.7064 1 4.1800 0  565 646 766 724 734 795 926 806  1 1 0 0 0 0 0 20 0 
3.530 2 1 2 0 2.014160 -19.226074 27.526855 0.1187 0.0473 0.0779 0.0614 0.2015 -0.0214 -0.704788 -0.001850 1.7036 1 4.1800 0  578 647 752 734 736 799 934 811  1 1 0 0 0 0 0 20 0 
3.540 2 1 2 0 0.976562 -19.378662 24.658203 0.1224 0.0588 0.0847 0.0305 0.2018 -0.0217 -0.709970 0.001530 1.5788 1 4.1800 0  557 661 767 731 748 832 940 818  1 1 0 0 0 0 0 20 0 
3.550 2 1 2 0 2.563477 -18.493652 27.740479 0.1275 0.0454 0.0940 0.0193 0.2022 -0.0221 -0.712561 0.004615 1.6089 1 4.1800 0  559 665 765 748 749 827 945 824  1 1 0 0 0 0 0 20 0 
3.560 2 1 2 0 2.136230 -14.251709 26.245117 0.1245 0.0483 0.0835 0.0193 0.2025 -0.0223 -0.717743 0.007097 1.6180 1 4.1800 0  565 671 775 753 759 822 951 823  1 1 0 0 0 0 0 20 0 
3.570 2 1 2 0 2.349854 -19.744873 26.306152 0.1414 0.0616 0.0924 0.0193 0.2030 -0.0227 -0.720334 0.010327 1.7124 1 4.1800 0  603 668 771 770 766 815 964 833  1 1 0 0 0 0 0 20 0 
3.580 2 1 2 0 1.495361 -11.535645 20.172119 0.1370 0.0567 0.0920 0.0193 0.2034 -0.0231 -0.728108 0.012935 1.7174 1 4.1800 0  613 679 778 799 777 833 968 836  1 1 0 0 0 0 0 20 0 
3.590 2 1 2 0 2.655029 -13.488770 24.780273 0.1491 0.0561 0.1064 0.0289 0.2040 -0.0237 -0.733290 0.014810 1.6222 1 4.1800 0  565 687 783 762 779 833 959 838  1 1 0 0 0 0 0 20 0 
3.600 2 1 2 0 2.136230 -16.052246 27.740479 0.1620 0.0750 0.0996 0.0309 0.2045 -0.0241 -0.735881 0.017202 1.5878 1 4.1800 0  591 684 794 779 781 843 991 839  1 1 0 0 0 0 0 20 0 
3.610 2 1 2 0 3.173828 -12.939453 28.015137 0.1713 0.0733 0.1253 0.0301 0.2051 -0.0246 -0.741063 0.019413 1.7346 1 4.1800 0  575 683 794 757 786 830 952 846  1 1 0 0 0 0 0 20 0 
3.620 2 1 2 0 3.204346 -9.674072 27.801514 0.1808 0.0629 0.1366 0.0301 0.2055 -0.0250 -0.748837 0.021053 1.6826 1 4.1800 0  607 688 798 771 791 841 986 844  1 1 0 0 0 0 0 20 0 
3.630 2 1 2 0 3.234863 -7.232666 28.991699 0.1856 0.0803 0.1117 0.0289 0.2061 -0.0256 -0.754019 0.022243 1.7295 1 4.1800 0  636 696 821 835 800 844 985 848  1 1 0 0 0 0 0 20 0 
3.640 2 1 2 0 3.479004 -1.373291 27.069092 0.1903 0.0730 0.1313 0.0586 0.2070 -0.0264 -0.759201 0.022847 1.7982 1 4.1800 0  640 695 801 803 807 839 977 856  1 1 0 0 0 0 0 20 0 
3.650 2 1 2 0 3.326416 0.518799 28.564453 0.1972 0.0741 0.1639 0.0398 0.2077 -0.0271 -0.766975 0.022359 1.7004 1 4.1800 0  626 697 805 797 801 846 993 849  1 1 0 0 0 0 0 20 0 
3.660 2 1 2 0 5.371094 -2.136230 32.409668 0.2117 0.0735 0.1598 0.0546 0.2083 -0.0276 -0.772157 0.022345 1.5479 1 4.1800 0  585 701 797 808 810 847 1004 847  1 1 0 0 0 0 0 20 0 
3.670 2 1 2 0 3.021240 2.502441 33.203125 0.2134 0.0787 0.1542 0.0406 0.2090 -0.0283 -0.779930 0.021921 1.9175 1 4.1800 0  636 710 807 795 812 852 958 846  1 1 0 0 0 0 0 20 0 
3.680 2 1 2 0 5.584717 0.640869 39.367676 0.2249 0.0837 0.1691 0.0349 0.2097 -0.0291 -0.787704 0.021079 1.6367 1 4.1800 0  612 729 802 810 800 852 998 844  1 1 0 0 0 0 0 20 0 
3.690 2 1 2 0 5.584717 0.915527 45.166016 0.2324 0.0851 0.1687 0.0759 0.2106 -0.0299 -0.792886 0.020255 1.6821 1 4.1800 0  603 697 803 785 811 850 977 842  1 1 0 0 0 0 0 20 0 
3.700 2 1 2 0 4.882812 4.699707 40.649414 0.2452 0.0859 0.2265 0.0418 0.2115 -0.0309 -0.800660 0.019653 1.6486 1 4.1800 0  605 689 801 808 809 854 983 840  1 1 0 0 0 0 0 20 0 
3.710 2 1 2 0 7.904053 8.911133 51.940918 0.2383 0.0878 0.1723 0.0619 0.2124 -0.0318 -0.811024 0.017494 1.5654 1 4.1800 0  601 734 795 807 795 851 978 817  1 1 0 0 0 0 0 20 0 
3.720 2 1 2 0 7.446289 16.693115 44.616699 0.2321 0.0714 0.1839 0.0707 0.2133 -0.0328 -0.818797 0.015361 1.6595 1 4.1800 0  598 703 795 797 804 845 977 839  1 1 0 0 0 0 0 20 0 
3.730 2 1 2 0 6.103516 15.441895 48.950195 0.2318 0.0685 0.2016 0.0305 0.2139 -0.0334 -0.829162 0.011727 1.6488 1 4.1800 0  593 722 787 784 803 843 968 831  1 1 0 0 0 0 0 20 0 
3.740 2 1 2 0 7.537842 9.490967 49.530029 0.2473 0.0680 0.1956 0.0197 0.2148 -0.0344 -0.842118 0.009799 1.6158 1 4.1800 0  581 662 783 782 795 828 953 812  1 1 0 0 0 0 0 20 0 
3.750 2 1 2 0 6.866455 12.512207 55.389404 0.2448 0.0666 0.2028 0.0506 0.2156 -0.0353 -0.852482 0.007220 1.6142 1 4.1800 0  578 670 777 773 780 834 954 819  1 1 0 0 0 0 0 20 0 
3.760 2 1 2 0 7.843018 14.556885 60.485840 0.2401 0.0675 0.1976 0.0470 0.2164 -0.0362 -0.862847 0.004350 1.6433 1 4.1800 0  575 649 772 777 785 829 950 823  1 1 0 0 0 0 0 20 0 
3.770 2 1 2 0 7.385254 11.962891 61.126709 0.2463 0.0588 0.2125 0.0398 0.2173 -0.0373 -0.875802 0.001916 1.5282 1 4.1800 0  566 677 764 762 770 827 944 798  1 1 0 0 0 0 0 20 0 
3.780 2 1 2 0 6.622314 6.256104 64.453125 0.2642 0.0645 0.2345 0.0281 0.2181 -0.0383 -0.886167 0.000477 1.7335 1 4.1800 0  573 652 748 764 788 820 945 836  1 1 0 0 0 0 0 20 0 
3.790 2 1 2 0 7.141113 13.031006 71.838379 0.2539 0.0646 0.2229 0.1008 0.2192 -0.0397 -0.893940 -0.001782 1.5692 1 4.1800 0  563 620 756 761 786 822 941 819  1 1 0 0 0 0 0 20 0 
3.800 2 1 2 0 8.453369 13.916016 75.103760 0.2507 0.0573 0.2241 0.0727 0.2200 -0.0406 -0.904305 -0.004501 1.6332 1 4.1800 0  566 647 745 753 758 813 944 814  1 1 0 0 0 0 0 20 0 
3.810 2 1 2 0 5.859375 6.835938 73.760986 0.2720 0.0665 0.2623 0.0301 0.2210 -0.0419 -0.919852 -0.005654 1.5406 1 4.1800 0  558 657 741 750 764 826 949 812  1 1 0 0 0 0 0 20 0 
3.820 2 1 2 0 8.056641 10.375977 79.742432 0.2675 0.0605 0.2293 0.0301 0.2217 -0.0428 -0.935398 -0.007389 1.5671 1 4.1800 0  556 657 742 748 772 814 943 807  1 1 0 0 0 0 0 20 0 
3.830 2 1 2 0 8.331299 10.070801 84.289551 0.2702 0.0709 0.2659 0.0635 0.2225 -0.0440 -0.943172 -0.009709 1.4644 1 4.1800 0  552 636 756 740 745 825 949 799  1 1 0 0 0 0 0 20 0 
3.840 2 1 2 0 8.697510 9.948730 84.960938 0.2754 0.0641 0.2659 0.0707 0.2234 -0.0453 -0.958719 -0.011208 1.5583 1 4.1800 0  557 632 711 736 757 813 952 813  1 1 0 0 0 0 0 20 0 
3.850 2 1 2 0 7.171631 17.425537 80.474854 0.2642 0.0425 0.2538 0.0450 0.2242 -0.0464 -0.971674 -0.013548 1.5514 1 4.1800 0  549 628 722 730 749 828 954 829  1 1 0 0 0 0 0 20 0 
3.860 2 1 2 0 7.965088 15.136719 81.878662 0.2624 0.0432 0.2510 0.0209 0.2249 -0.0474 -0.987221 -0.016506 1.5792 1 4.1800 0  550 620 699 723 742 803 956 825  1 1 0 0 0 0 0 20 0 
3.870 2 1 2 0 5.828857 11.505127 82.641602 0.2727 0.0471 0.3016 0.0153 0.2258 -0.0488 -1.002768 -0.018558 1.4138 1 4.1800 0  553 621 718 720 743 848 957 817  1 1 0 0 0 0 0 20 0 
3.880 2 1 2 0 7.263184 11.108398 86.181641 0.2684 0.0411 0.2321 0.0325 0.2265 -0.0500 -1.015724 -0.020181 1.3807 1 4.1800 0  541 616 724 716 743 849 961 821  1 1 0 0 0 0 0 20 0 
3.890 2 1 2 0 9.246826 15.075684 92.163086 0.2553 0.0480 0.2265 0.0325 0.2272 -0.0510 -1.031270 -0.022817 1.5043 1 4.1800 0  540 613 703 714 736 815 969 827  1 1 0 0 0 0 0 20 0 
3.900 2 1 2 0 6.866455 10.589600 90.911865 0.2645 0.0418 0.2731 0.0193 0.2279 -0.0522 -1.049408 -0.024634 1.3775 1 4.1800 0  541 611 694 708 734 849 973 827  1 1 0 0 0 0 0 20 0 
3.910 2 1 2 0 6.408691 9.002686 91.522217 0.2660 0.0433 0.2522 -0.0145 0.2284 -0.0531 -1.067546 -0.025794 1.3592 1 4.1800 0  538 609 699 705 738 852 980 831  1 1 0 0 0 0 0 20 0 
3.920 2 1 2 0 6.744385 11.871338 97.778320 0.2540 0.0433 0.2362 0.0546 0.2290 -0.0543 -1.080502 -0.027866 1.3868 1 4.1800 0  532 605 686 700 739 835 992 832  1 1 0 0 0 0 0 20 0 
3.930 2 1 2 0 6.561279 7.904053 97.167969 0.2623 0.0476 0.2928 0.0257 0.2297 -0.0556 -1.098640 -0.029126 1.0989 1 4.1800 0  500 600 682 700 749 871 994 834  1 1 0 0 0 0 0 20 0 
3.940 2 1 2 0 6.713867 4.943848 94.177246 0.2640 0.0378 0.2478 0.0157 0.2302 -0.0566 -1.114187 -0.029707 1.2724 1 4.1800 0  533 601 678 698 746 856 1014 833  1 1 0 0 0 0 0 20 0 
3.950 2 1 2 0 7.598877 12.176514 96.710205 0.2474 0.0304 0.2253 0.0112 0.2308 -0.0577 -1.129733 -0.030945 1.1737 1 4.1800 0  522 598 685 696 755 872 1015 833  1 1 0 0 0 0 0 20 0 
3.960 2 1 2 0 7.537842 8.697510 93.566895 0.2488 0.0397 0.2574 -0.0108 0.2312 -0.0586 -1.147871 -0.032352 1.1323 1 4.1800 0  554 598 686 699 757 886 1015 837  1 1 0 0 0 0 0 20 0 
3.970 2 1 2 0 7.476807 6.591797 91.339111 0.2496 0.0248 0.2574 0.0410 0.2318 -0.0601 -1.163418 -0.033196 1.0569 1 4.1800 0  533 596 684 719 762 896 1034 834  1 1 0 0 0 0 0 20 0 
3.980 2 1 2 0 9.826660 10.833740 92.742920 0.2301 0.0233 0.2008 0.0201 0.2322 -0.0610 -1.176374 -0.034442 0.8445 1 4.1800 0  475 599 672 691 772 904 1040 842  1 1 0 0 0 0 0 20 0 
3.990 2 1 2 0 7.415771 7.385254 90.026855 0.2303 0.0261 0.2305 0.0133 0.2327 -0.0622 -1.191921 -0.035395 0.9263 1 4.1800 0  511 588 677 697 776 908 1069 834  1 1 0 0 0 0 0 20 0 
4.000 2 1 2 0 7.202148 5.493164 86.425781 0.2273 0.0255 0.2229 -0.0100 0.2330 -0.0631 -1.210059 -0.035934 0.8602 1 4.1800 0  493 584 678 718 779 915 1062 843  1 1 0 0 0 0 0 20 0 
4.010 2 1 2 0 5.767822 5.126953 84.503174 0.2237 0.0239 0.2374 -0.0100 0.2335 -0.0642 -1.225605 -0.036198 0.7930 1 4.1800 0  493 588 677 701 791 929 1063 845  1 1 0 0 0 0 0 20 0 
4.020 2 1 2 0 6.378174 6.958008 84.075928 0.2080 0.0185 0.2113 -0.0100 0.2338 -0.0652 -1.238561 -0.037080 0.7495 1 4.1800 0  505 580 678 673 799 943 1049 838  1 1 0 0 0 0 0 20 0 
4.030 2 1 2 0 5.004883 4.730225 80.993652 0.2040 0.0225 0.2362 -0.0100 0.2341 -0.0661 -1.251517 -0.037464 0.7415 1 4.1800 0  512 585 683 699 801 952 1070 837  1 1 0 0 0 0 0 20 0 
4.040 2 1 2 0 4.974365 1.983643 77.789307 0.1959 0.0254 0.1940 -0.0096 0.2344 -0.0671 -1.264472 -0.037359 0.6843 1 4.1800 0  505 601 683 731 809 968 1066 844  1 1 0 0 0 0 0 20 0 
4.050 2 1 2 0 4.608154 0.030518 74.249268 0.1903 0.0152 0.1900 0.0080 0.2348 -0.0682 -1.274837 -0.036977 0.6279 1 4.1800 0  503 603 686 723 832 972 1081 854  1 1 0 0 0 0 0 20 0 
4.060 2 1 2 0 4.028320 1.037598 72.448730 0.1764 0.0213 0.1759 0.0080 0.2350 -0.0690 -1.285201 -0.036744 0.5121 1 4.1800 0  505 593 690 725 849 989 1087 846  1 1 0 0 0 0 0 20 0 
4.070 2 1 2 0 4.302979 -1.037598 69.641113 0.1687 0.0128 0.1707 0.0080 0.2353 -0.0700 -1.298157 -0.036271 0.5034 1 4.1800 0  507 601 694 737 853 1002 1091 850  1 1 0 0 0 0 0 20 0 
4.080 2 1 2 0 3.936768 -3.784180 67.047119 0.1615 0.0137 0.1707 0.0080 0.2354 -0.0705 -1.305930 -0.035413 0.4308 1 4.1800 0  513 602 700 747 869 1016 1098 847  1 1 0 0 0 0 0 20 0 
4.090 2 1 2 0 3.692627 -4.821777 64.453125 0.1490 0.0212 0.1418 0.0080 0.2356 -0.0713 -1.316295 -0.034329 0.4558 1 4.1800 0  522 648 704 766 878 1023 1105 859  1 1 0 0 0 0 0 20 0 
4.100 2 1 2 0 3.448486 -6.195068 61.065674 0.1390 0.0178 0.1269 0.0072 0.2358 -0.0719 -1.324068 -0.032974 0.2864 1 4.1800 0  523 614 711 777 916 1035 1108 895  1 1 0 0 0 0 0 20 0 
4.110 2 1 2 0 2.380371 -10.131836 55.999756 0.1354 0.0214 0.1305 0.0060 0.2360 -0.0727 -1.334433 -0.030926 0.2581 1 4.1800 0  527 612 719 790 913 1041 1114 860  1 1 0 0 0 0 0 20 0 
4.120 2 1 2 0 3.723145 -10.894775 51.940918 0.1280 0.0174 0.1028 0.0052 0.2361 -0.0733 -1.342206 -0.028498 0.0419 1 4.1800 0  528 566 734 803 923 1058 1120 855  1 1 0 0 0 0 0 20 0 
4.130 2 1 2 0 2.593994 -15.838623 45.562744 0.1343 0.0276 0.1317 0.0048 0.2363 -0.0739 -1.349980 -0.025390 0.1552 1 4.1800 0  538 617 749 818 936 1073 1129 861  1 1 0 0 0 0 0 20 0 
4.140 2 1 2 0 2.563477 -18.066406 41.839600 0.1365 0.0296 0.1261 0.0040 0.2364 -0.0744 -1.357753 -0.022049 0.0323 1 4.1800 0  545 637 767 834 973 1087 1143 857  1 1 0 0 0 0 0 20 0 
4.150 2 1 2 0 1.922607 -20.294189 39.031982 0.1412 0.0400 0.1233 0.0036 0.2365 -0.0750 -1.365527 -0.018423 0.1416 1 4.1800 0  553 651 757 844 966 1093 1148 911  1 1 0 0 0 0 0 20 0 
4.160 2 1 2 0 2.532959 -23.834229 36.499023 0.1586 0.0374 0.1631 0.0032 0.2366 -0.0756 -1.373300 -0.014355 0.0024 1 4.1800 0  560 645 799 859 989 1108 1156 879  1 1 0 0 0 0 0 20 0 
4.170 2 1 2 0 2.258301 -22.125244 36.499023 0.1633 0.0501 0.1289 0.0032 0.2368 -0.0762 -1.381073 -0.010194 -0.0411 1 4.1800 0  563 655 785 873 1003 1100 1168 868  1 1 0 0 0 0 0 20 0 
4.180 2 1 2 0 3.479004 -18.890381 37.994385 0.1658 0.0635 0.1366 0.0028 0.2369 -0.0772 -1.388847 -0.006827 -0.1125 1 4.1800 0  565 666 799 884 1021 1140 1172 878  1 1 0 0 0 0 0 20 0 
4.190 2 1 2 0 3.204346 -9.460449 37.872314 0.1579 0.0436 0.1261 0.0570 0.2371 -0.0780 -1.394029 -0.004189 -0.1232 1 4.1800 0  578 673 836 900 1033 1139 1182 896  1 1 0 0 0 0 0 20 0 
4.200 2 1 2 0 2.685547 -6.835938 37.567139 0.1543 0.0450 0.1297 0.0233 0.2372 -0.0786 -1.401802 -0.002999 -0.2030 1 4.1800 0  579 677 835 915 1054 1148 1184 912  1 1 0 0 0 0 0 20 0 
4.210 2 1 2 0 4.302979 -7.598877 40.252686 0.1579 0.0446 0.1261 0.0149 0.2373 -0.0792 -1.409576 -0.001608 -0.2840 1 4.1800 0  583 685 855 930 1062 1151 1189 888  1 1 0 0 0 0 0 20 0 
4.220 2 1 2 0 2.441406 -9.948730 42.633057 0.1621 0.0548 0.1229 0.0108 0.2374 -0.0798 -1.417349 -0.000356 -0.3517 1 4.1800 0  587 687 855 944 1078 1147 1193 889  1 1 0 0 0 0 0 20 0 
4.230 2 1 2 0 4.486084 -12.542725 44.952393 0.1750 0.0596 0.1486 0.0092 0.2375 -0.0808 -1.425123 0.001581 -0.4598 1 4.1800 0  584 705 881 958 1091 1155 1198 898  1 1 0 0 0 0 0 20 0 
4.240 2 1 2 0 4.669189 -4.547119 47.271729 0.1645 0.0501 0.1309 0.0847 0.2377 -0.0818 -1.427714 0.002744 -0.5267 1 4.1800 0  596 707 882 975 1105 1178 1195 893  1 1 0 0 0 0 0 20 0 
4.250 2 1 2 0 3.295898 -2.075195 40.008545 0.1644 0.0381 0.1438 0.0269 0.2378 -0.0826 -1.438078 0.003081 -0.6434 1 4.1800 0  607 717 915 996 1113 1157 1199 885  1 1 0 0 0 0 0 20 0 
4.260 2 1 2 0 4.730225 -7.202148 37.963867 0.1804 0.0416 0.1619 0.0177 0.2379 -0.0836 -1.445852 0.004156 -0.6617 1 4.1800 0  621 734 921 1010 1126 1180 1199 887  1 1 0 0 0 0 0 20 0 
4.270 2 1 2 0 3.295898 -6.378174 43.151855 0.1817 0.0569 0.1357 0.0177 0.2380 -0.0841 -1.453625 0.004998 -0.8936 1 4.1800 0  604 748 943 1031 1136 1163 1203 877  1 1 0 0 0 0 0 20 0 
4.280 2 1 2 0 4.791260 -5.676270 48.767090 0.1883 0.0571 0.1506 0.0691 0.2381 -0.0853 -1.458807 0.005807 -0.8461 1 4.1800 0  617 760 937 1045 1143 1192 1202 883  1 1 0 0 0 0 0 20 0 
4.290 2 1 2 0 3.753662 -2.502441 47.180176 0.1875 0.0621 0.1574 0.0309 0.2382 -0.0861 -1.469172 0.006033 -0.8581 1 4.1747 1  667 768 988 1048 1144 1191 1196 875  1 1 0 0 0 0 0 20 1 
4.300 2 1 2 0 5.462646 -4.821777 49.560547 0.2035 0.0581 0.1823 0.0173 0.2383 -0.0869 -1.479536 0.006659 -1.1030 1 4.1622 1  651 791 997 1079 1151 1183 1184 865  1 1 0 0 0 0 0 20 1 
4.310 2 1 2 0 4.669189 -3.387451 54.260254 0.2075 0.0659 0.1550 0.0157 0.2384 -0.0881 -1.489901 0.007261 -1.3173 1 3.9124 1  656 821 1030 1125 1157 1175 1196 867  1 1 0 0 0 0 0 20 8 
4.320 2 1 2 0 6.866455 2.258301 57.830811 0.2078 0.0615 0.1639 0.0522 0.2385 -0.0893 -1.495083 0.007497 -1.4753 1 3.3665 1  654 832 1059 1130 1160 1184 1210 851  1 1 0 0 0 0 0 20 18 
4.330 2 1 2 0 5.523682 3.784180 57.952881 0.2094 0.0637 0.1839 0.0345 0.2385 -0.0901 -1.505448 0.006560 -1.3589 1 2.9357 1  711 856 1074 1139 1156 1189 1210 843  1 1 0 0 0 0 0 20 20 
4.340 2 1 2 0 7.019043 1.312256 59.173584 0.2229 0.0572 0.2008 0.0185 0.2386 -0.0911 -1.518403 0.006222 -1.4682 1 2.7793 1  724 879 1093 1124 1163 1190 1170 831  1 1 0 0 0 0 0 20 20 
4.350 2 1 2 0 5.096436 -1.251221 61.828613 0.2368 0.0671 0.1807 0.0863 0.2387 -0.0926 -1.526177 0.006610 -1.4879 1 2.5001 1  753 899 1106 1142 1162 1183 1152 819  1 1 0 0 0 0 0 20 20 
4.360 2 1 2 0 4.943848 13.031006 55.053711 0.2179 0.0466 0.1920 0.0470 0.2387 -0.0938 -1.536541 0.004794 -1.6878 1 2.3802 1  744 920 1121 1171 1161 1179 1151 802  1 1 0 0 0 0 0 20 20 
4.370 2 1 2 0 5.401611 9.735107 60.363770 0.2233 0.0497 0.2036 0.0217 0.2387 -0.0948 -1.549497 0.002603 -1.8598 1 2.1789 1  761 935 1139 1140 1154 1167 1121 783  1 1 0 0 0 0 0 20 20 
4.380 2 1 2 0 6.347656 5.462646 61.096191 0.2367 0.0511 0.2265 0.0169 0.2388 -0.0960 -1.559862 0.001354 -2.1942 1 1.8286 1  800 956 1151 1135 1158 1159 1071 757  1 1 0 0 0 0 0 20 20 
4.390 2 1 2 0 6.286621 4.150391 64.636230 0.2454 0.0557 0.2100 0.0578 0.2388 -0.0976 -1.570226 0.000762 -2.4790 1 2.0494 1  809 974 1158 1137 1146 1142 1097 737  1 1 0 0 0 0 0 20 20 
4.400 2 1 2 0 7.293701 7.751465 71.350098 0.2430 0.0577 0.1996 0.0374 0.2388 -0.0986 -1.583182 -0.000630 -2.6796 1 1.9469 1  811 981 1160 1137 1141 1129 1062 710  1 1 0 0 0 0 0 20 20 
4.410 2 1 2 0 5.828857 5.249023 73.394775 0.2539 0.0674 0.2345 0.0193 0.2387 -0.0996 -1.596137 -0.001870 -3.1899 1 1.9118 1  844 1027 1162 1148 1148 1111 1039 680  1 1 0 0 0 0 0 20 20 
4.420 2 1 2 0 6.500244 4.180908 76.873779 0.2648 0.0623 0.2390 0.0153 0.2387 -0.1010 -1.609093 -0.002694 -4.1800 0 1.6414 1  863 963 1158 1121 1136 1089 977 657  1 1 0 0 0 0 0 10 20 
4.430 2 1 2 0 9.002686 5.187988 82.397461 0.2719 0.0652 0.2253 0.0896 0.2386 -0.1026 -1.619458 -0.003227 -4.1800 0 1.5319 1  877 1010 1155 1115 1112 1062 928 627  1 1 0 0 0 0 0 0 20 
4.440 2 1 2 0 9.155273 12.329102 73.547363 0.2645 0.0579 0.2402 0.0422 0.2386 -0.1040 -1.632413 -0.004898 -4.1800 0 1.4229 1  874 1014 1146 1112 1094 1028 869 595  1 1 0 0 0 0 0 0 20 
4.450 2 1 2 0 5.706787 7.812500 76.263428 0.2772 0.0625 0.2522 0.0221 0.2385 -0.1054 -1.645369 -0.006638 -4.1800 0 1.2991 1  893 989 1133 1097 1071 986 845 585  1 1 0 0 0 0 0 0 20 
4.460 2 1 2 0 9.796143 10.437012 77.758789 0.2775 0.0604 0.2374 0.0594 0.2384 -0.1068 -1.658325 -0.007970 -4.1800 0 1.1986 1  890 986 1120 1088 1048 946 812 557  1 1 0 0 0 0 0 0 20 
4.470 2 1 2 0 7.904053 17.395020 79.132080 0.2643 0.0513 0.2390 0.0273 0.2382 -0.1080 -1.673871 -0.010997 -4.1800 0 1.0171 1  889 963 1106 1060 1023 907 777 544  1 1 0 0 0 0 0 0 20 
4.480 2 1 2 0 8.544922 14.221191 76.385498 0.2706 0.0588 0.2623 0.0165 0.2381 -0.1094 -1.686827 -0.013345 -4.1800 0 0.7044 1  880 978 1088 1042 962 867 750 548  1 1 0 0 0 0 0 0 20 
4.490 2 1 2 0 5.615234 11.627197 77.819824 0.2758 0.0541 0.2538 0.0165 0.2379 -0.1106 -1.702374 -0.015053 -4.1800 0 0.6327 1  870 986 1077 1017 965 829 716 575  1 1 0 0 0 0 0 0 20 
4.500 2 1 2 0 8.361816 12.695312 81.970215 0.2690 0.0640 0.2305 0.0454 0.2377 -0.1122 -1.712738 -0.017242 -4.1800 0 0.2929 1  856 987 1061 981 877 796 701 507  1 1 0 0 0 0 0 0 20 
4.510 2 1 2 0 7.049561 10.681152 85.510254 0.2719 0.0577 0.2554 0.0378 0.2375 -0.1134 -1.728285 -0.019235 -4.1800 0 0.4771 1  847 940 1032 946 875 762 684 488  1 1 0 0 0 0 0 0 20 
4.520 2 1 2 0 7.446289 7.934570 84.014893 0.2777 0.0594 0.2510 0.0193 0.2373 -0.1148 -1.746423 -0.020393 -4.1800 0 0.1193 1  835 911 1000 906 818 744 674 492  1 1 0 0 0 0 0 0 20 
4.530 2 1 2 0 6.713867 10.284424 89.782715 0.2704 0.0572 0.2281 0.0137 0.2370 -0.1161 -1.759379 -0.022225 -4.1800 0 0.0031 1  819 888 960 868 789 710 659 481  1 1 0 0 0 0 0 0 20 
4.540 2 1 2 0 7.354736 8.300781 90.545654 0.2772 0.0607 0.2928 0.0811 0.2367 -0.1177 -1.769743 -0.023848 -4.1800 0 -0.1568 1  796 859 904 826 761 696 651 476  1 1 0 0 0 0 0 0 20 
4.550 2 1 2 0 6.683350 12.573242 82.733154 0.2720 0.0443 0.2695 0.0703 0.2364 -0.1193 -1.785290 -0.024739 -4.1800 0 -0.3899 1  773 828 874 783 725 684 639 470  1 1 0 0 0 0 0 0 20 
4.560 2 1 2 0 6.317139 16.387939 86.700439 0.2584 0.0362 0.2434 0.0265 0.2361 -0.1205 -1.800837 -0.027300 -4.1800 0 -0.7387 1  745 784 820 750 697 654 634 497  1 1 0 0 0 0 0 0 20 
4.570 2 1 2 0 6.652832 12.664795 84.960938 0.2575 0.0353 0.2639 0.0157 0.2359 -0.1216 -1.816384 -0.029585 -4.1800 0 -0.8334 0  705 745 771 708 679 673 614 472  1 1 0 0 0 0 0 0 4 
4.580 2 1 2 0 6.042480 7.019043 84.075928 0.2623 0.0313 0.2462 0.0129 0.2354 -0.1232 -1.831931 -0.030754 -4.1800 0 -0.8334 0  673 713 746 690 664 638 612 469  1 1 0 0 0 0 0 0 0 
4.590 2 1 2 0 7.537842 8.911133 86.273193 0.2570 0.0334 0.2639 0.0129 0.2351 -0.1244 -1.847477 -0.031979 -4.1800 0 -0.8334 0  647 671 719 673 653 622 607 465  1 1 0 0 0 0 0 0 0 
4.600 2 1 2 0 6.713867 8.148193 87.860107 0.2523 0.0367 0.2695 0.0129 0.2348 -0.1255 -1.863024 -0.033259 -4.1800 0 -0.8334 0  609 638 668 662 642 625 596 455  1 1 0 0 0 0 0 0 0 
4.610 2 1 2 0 6.500244 2.868652 85.296631 0.2567 0.0395 0.2590 0.0112 0.2344 -0.1267 -1.878571 -0.033715 -4.1800 0 -0.8334 0  590 619 669 650 632 616 595 457  1 1 0 0 0 0 0 0 0 
4.620 2 1 2 0 7.080078 3.753662 87.829590 0.2496 0.0365 0.2193 0.0088 0.2341 -0.1278 -1.894118 -0.034022 -4.1800 0 -0.8334 0  571 603 657 643 631 579 593 462  1 1 0 0 0 0 0 0 0 
4.630 2 1 2 0 6.591797 3.753662 89.782715 0.2448 0.0477 0.2229 0.0072 0.2337 -0.1289 -1.909665 -0.034442 -4.1800 0 -0.8334 0  528 592 655 643 621 593 600 464  1 1 0 0 0 0 0 0 0 
4.640 2 1 2 0 6.927490 2.227783 88.043213 0.2481 0.0350 0.2446 0.0072 0.2332 -0.1303 -1.922620 -0.034537 -4.1800 0 -0.8334 0  548 582 651 634 617 613 589 458  1 1 0 0 0 0 0 0 0 
4.650 2 1 2 0 6.011963 4.302979 83.465576 0.2430 0.0286 0.2362 0.0313 0.2327 -0.1316 -1.935576 -0.034427 -4.1800 0 -0.8334 0  544 571 649 632 611 614 591 458  1 1 0 0 0 0 0 0 0 
4.660 2 1 2 0 5.645752 7.171631 85.388184 0.2282 0.0310 0.2088 -0.0365 0.2323 -0.1325 -1.953714 -0.035393 -4.1800 0 -0.8334 0  477 572 640 627 611 585 594 460  1 1 0 0 0 0 0 0 0 
4.670 2 1 2 0 5.523682 3.509521 85.540771 0.2277 0.0309 0.2253 0.0410 0.2319 -0.1336 -1.964078 -0.036066 -4.1800 0 -0.8334 0  485 564 639 623 603 580 591 462  1 1 0 0 0 0 0 0 0 
4.680 2 1 2 0 5.523682 3.784180 80.505371 0.2218 0.0260 0.2281 0.0253 0.2314 -0.1347 -1.979625 -0.036364 -4.1800 0 -0.8334 0  501 566 640 589 593 579 569 456  1 1 0 0 0 0 0 0 0 
4.690 2 1 2 0 4.791260 2.319336 79.895020 0.2158 0.0304 0.2068 -0.0161 0.2311 -0.1355 -1.995172 -0.036503 -4.1800 0 -0.8334 0  487 565 636 605 585 581 575 460  1 1 0 0 0 0 0 0 0 
4.700 2 1 2 0 5.126953 1.037598 80.902100 0.2140 0.0303 0.2362 -0.0161 0.2306 -0.1366 -2.010719 -0.036504 -4.1800 0 -0.8334 0  485 561 633 647 584 578 620 459  1 1 0 0 0 0 0 0 0 
4.710 2 1 2 0 8.453369 -3.234863 76.110840 0.2160 0.0266 0.2169 0.0241 0.2301 -0.1377 -2.021083 -0.035578 -4.1800 0 -0.8334 0  503 559 631 622 579 575 603 467  1 1 0 0 0 0 0 0 0 
4.720 2 1 2 0 7.843018 -6.652832 68.206787 0.2250 0.0375 0.2345 0.0241 0.2296 -0.1386 -2.034039 -0.033562 -4.1800 0 -0.8334 0  487 564 635 612 578 578 603 466  1 1 0 0 0 0 0 0 0 
4.730 2 1 2 0 7.080078 -0.122070 70.220947 0.2009 0.0333 0.1687 0.0165 0.2292 -0.1395 -2.046994 -0.033227 -4.1800 0 -0.8334 0  497 555 626 602 580 574 589 466  1 1 0 0 0 0 0 0 0 
4.740 2 1 2 0 4.089355 -4.333496 69.641113 0.2045 0.0330 0.2028 -0.0153 0.2289 -0.1400 -2.059950 -0.032473 -4.1800 0 -0.8334 0  499 596 625 603 587 575 606 467  1 1 0 0 0 0 0 0 0 
4.750 2 1 2 0 5.340576 -4.364014 70.892334 0.1976 0.0343 0.1920 0.0297 0.2283 -0.1411 -2.070315 -0.031838 -4.1800 0 -0.8334 0  492 563 627 583 570 577 615 468  1 1 0 0 0 0 0 0 0 
4.760 2 1 2 0 5.310059 -3.356934 69.610596 0.1924 0.0236 0.1799 0.0265 0.2278 -0.1419 -2.083270 -0.030703 -4.1800 0 -0.8334 0  496 560 621 591 566 579 612 471  1 1 0 0 0 0 0 0 0 
4.770 2 1 2 0 4.394531 -2.258301 68.359375 0.1819 0.0211 0.1799 0.0157 0.2274 -0.1426 -2.093635 -0.030334 -4.1800 0 -0.8334 0  501 566 616 594 573 578 603 478  1 1 0 0 0 0 0 0 0 
4.780 2 1 2 0 4.394531 -5.126953 67.016602 0.1791 0.0269 0.1743 -0.0141 0.2271 -0.1431 -2.106591 -0.029366 -4.1800 0 -0.8334 0  504 549 614 587 561 582 611 477  1 1 0 0 0 0 0 0 0 
4.790 2 1 2 0 4.943848 -5.676270 65.032959 0.1732 0.0290 0.1590 -0.0141 0.2267 -0.1438 -2.116955 -0.028254 -4.1800 0 -0.8334 0  496 592 612 578 591 586 607 465  1 1 0 0 0 0 0 0 0 
4.800 2 1 2 0 4.577637 -7.720947 61.889648 0.1748 0.0233 0.1735 0.0157 0.2262 -0.1447 -2.124728 -0.026700 -4.1800 0 -0.8334 0  496 478 607 580 535 591 612 454  1 1 0 0 0 0 0 0 0 
4.810 2 1 2 0 4.455566 -8.911133 57.830811 0.1734 0.0250 0.1526 0.0157 0.2257 -0.1455 -2.137684 -0.024819 -4.1800 0 -0.8334 0  499 568 608 581 563 593 616 472  1 1 0 0 0 0 0 0 0 
4.820 2 1 2 0 4.302979 -7.446289 57.189941 0.1684 0.0341 0.1514 0.0157 0.2253 -0.1460 -2.145458 -0.023189 -4.1800 0 -0.8334 0  498 539 611 577 558 601 618 499  1 1 0 0 0 0 0 0 0 
4.830 2 1 2 0 4.211426 -11.230469 56.030273 0.1725 0.0391 0.1651 -0.0157 0.2250 -0.1466 -2.158413 -0.021377 -4.1800 0 -0.8334 0  503 550 608 578 580 597 627 489  1 1 0 0 0 0 0 0 0 
4.840 2 1 2 0 4.364014 -10.742188 56.976318 0.1692 0.0426 0.1450 0.0325 0.2244 -0.1474 -2.166187 -0.019646 -4.1800 0 -0.8334 0  503 554 608 578 575 605 631 488  1 1 0 0 0 0 0 0 0 
4.850 2 1 2 0 4.180908 -14.068604 52.673340 0.1791 0.0474 0.1663 0.0285 0.2240 -0.1480 -2.176551 -0.017020 -4.1800 0 -0.8334 0  503 554 602 573 582 608 631 498  1 1 0 0 0 0 0 0 0 
4.860 2 1 2 0 4.333496 -6.072998 57.739258 0.1621 0.0343 0.1285 0.0165 0.2236 -0.1485 -2.184325 -0.015768 -4.1800 0 -0.8334 0  508 572 603 574 574 609 639 473  1 1 0 0 0 0 0 0 0 
4.870 2 1 2 0 4.547119 -11.291504 55.694580 0.1725 0.0473 0.1554 -0.0133 0.2233 -0.1490 -2.197280 -0.013834 -4.1800 0 -0.8334 0  497 555 593 574 600 611 641 503  1 1 0 0 0 0 0 0 0 
4.880 2 1 2 0 5.004883 -7.751465 59.265137 0.1649 0.0429 0.1398 0.0394 0.2228 -0.1497 -2.202462 -0.012541 -4.1800 0 -0.8334 0  503 546 585 570 602 623 645 542  1 1 0 0 0 0 0 0 0 
4.890 2 1 2 0 4.180908 -11.077881 56.121826 0.1744 0.0470 0.1578 0.0281 0.2223 -0.1503 -2.212827 -0.010463 -4.1800 0 -0.8334 0  497 549 597 569 590 622 649 515  1 1 0 0 0 0 0 0 0 
4.900 2 1 2 0 4.760742 -9.063721 55.755615 0.1782 0.0439 0.1538 0.0165 0.2218 -0.1510 -2.223191 -0.008344 -4.1800 0 -0.8334 0  498 552 591 573 602 652 652 496  1 1 0 0 0 0 0 0 0 
4.910 2 1 2 0 5.462646 -9.246826 56.030273 0.1826 0.0479 0.1542 0.0116 0.2214 -0.1516 -2.233556 -0.006739 -4.1800 0 -0.8334 0  500 543 586 577 605 634 654 525  1 1 0 0 0 0 0 0 0 
4.920 2 1 2 0 5.462646 -6.958008 59.722900 0.1829 0.0520 0.1462 0.0088 0.2209 -0.1522 -2.243921 -0.005221 -4.1800 0 -0.8334 0  504 543 561 582 609 607 661 520  1 1 0 0 0 0 0 0 0 
4.930 2 1 2 0 4.913330 -3.417969 53.833008 0.1785 0.0544 0.1422 0.0084 0.2204 -0.1529 -2.249103 -0.004191 -4.1800 0 -0.8334 0  499 541 580 587 612 630 669 516  1 1 0 0 0 0 0 0 0 
4.940 2 1 2 0 4.974365 -2.777100 51.300049 0.1857 0.0415 0.1707 0.0084 0.2197 -0.1536 -2.262058 -0.003331 -4.1800 0 -0.8334 0  498 537 573 591 612 662 667 513  1 1 0 0 0 0 0 0 0 
4.950 2 1 2 0 2.929688 -2.685547 48.553467 0.1897 0.0407 0.1707 0.0189 0.2191 -0.1544 -2.269832 -0.002726 -4.1800 0 -0.8334 0  493 540 596 590 612 645 668 521  1 1 0 0 0 0 0 0 0 
4.960 2 1 2 0 1.892090 -1.190186 56.793213 0.1902 0.0406 0.1611 0.0189 0.2186 -0.1550 -2.280196 -0.002696 -4.1800 0 -0.8334 0  493 536 589 593 622 633 668 519  1 1 0 0 0 0 0 0 0 
4.970 2 1 2 0 4.211426 -2.502441 61.920166 0.1915 0.0512 0.1606 0.0149 0.2180 -0.1556 -2.290561 -0.002944 -4.1800 0 -0.8334 0  490 535 593 607 619 662 674 520  1 1 0 0 0 0 0 0 0 
4.980 2 1 2 0 5.950928 -4.302979 66.436768 0.2011 0.0500 0.1731 0.0112 0.2172 -0.1565 -2.300925 -0.002387 -4.1800 0 -0.8334 0  502 532 591 612 626 650 687 522  1 1 0 0 0 0 0 0 0 
4.990 2 1 2 0 7.263184 3.173828 56.793213 0.1991 0.0380 0.2008 0.0643 0.2164 -0.1574 -2.311290 -0.001699 -4.1800 0 -0.8334 0  511 527 593 621 631 666 679 522  1 1 0 0 0 0 0 0 0 
5.000 2 1 2 0 5.126953 5.096436 57.067871 0.1967 0.0313 0.1868 0.0245 0.2159 -0.1580 -2.321655 -0.002504 -4.1800 0 -0.8334 0  448 528 595 614 629 654 675 522  1 1 0 0 0 0 0 0 0 
5.010 2 1 2 0 6.927490 2.288818 57.281494 0.1985 0.0419 0.1691 0.0157 0.2152 -0.1587 -2.329428 -0.003110 -4.1800 0 -0.8334 0  493 518 597 614 634 668 674 519  1 1 0 0 0 0 0 0 0 
5.020 2 1 2 0 4.669189 -1.220703 61.614990 0.2091 0.0485 0.2016 0.0157 0.2145 -0.1595 -2.342384 -0.003334 -4.1800 0 -0.8334 0  477 525 613 618 630 667 677 517  1 1 0 0 0 0 0 0 0 
5.030 2 1 2 0 6.286621 -3.997803 62.408447 0.2201 0.0544 0.2016 0.0590 0.2135 -0.1605 -2.350157 -0.002662 -4.1800 0 -0.8334 0  484 529 604 625 639 666 682 517  1 1 0 0 0 0 0 0 0 
5.040 2 1 2 0 7.232666 0.549316 63.598633 0.2207 0.0510 0.2125 0.0329 0.2128 -0.1612 -2.363113 -0.002592 -4.1800 0 -0.8334 0  449 527 612 648 641 662 689 524  1 1 0 0 0 0 0 0 0 
5.050 2 1 2 0 7.507324 2.868652 69.946289 0.2168 0.0555 0.1847 0.0181 0.2122 -0.1617 -2.373477 -0.003112 -4.1800 0 -0.8334 0  430 523 616 579 643 664 658 526  1 1 0 0 0 0 0 0 0 
5.060 2 1 2 0 6.774902 -0.549316 72.265625 0.2294 0.0641 0.2100 0.0125 0.2115 -0.1624 -2.386433 -0.002902 -4.1800 0 -0.8334 0  471 510 619 616 644 666 664 521  1 1 0 0 0 0 0 0 0 
5.070 2 1 2 0 6.896973 5.676270 69.458008 0.2280 0.0440 0.2125 0.0116 0.2106 -0.1633 -2.396797 -0.002912 -4.1800 0 -0.8334 0  451 532 621 642 650 671 677 518  1 1 0 0 0 0 0 0 0 
5.080 2 1 2 0 6.103516 5.004883 68.786621 0.2337 0.0435 0.2080 0.0116 0.2097 -0.1641 -2.412344 -0.003675 -4.1800 0 -0.8334 0  442 533 628 627 646 669 712 525  1 1 0 0 0 0 0 0 0 
5.090 2 1 2 0 6.988525 5.828857 74.584961 0.2328 0.0555 0.2088 0.0165 0.2088 -0.1649 -2.422709 -0.005045 -4.1800 0 -0.8334 0  448 551 628 635 652 671 685 524  1 1 0 0 0 0 0 0 0 
5.100 2 1 2 0 7.415771 6.683350 76.599121 0.2320 0.0466 0.1928 0.0293 0.2079 -0.1657 -2.433073 -0.006070 -4.1800 0 -0.8334 0  463 531 631 641 672 668 683 527  1 1 0 0 0 0 0 0 0 
5.110 2 1 2 0 6.652832 4.791260 70.648193 0.2438 0.0504 0.2345 0.0293 0.2070 -0.1664 -2.448620 -0.006850 -4.1800 0 -0.8334 0  465 540 631 632 650 667 668 523  1 1 0 0 0 0 0 0 0 
5.120 2 1 2 0 6.561279 5.462646 76.965332 0.2458 0.0553 0.2181 0.0197 0.2062 -0.1671 -2.461576 -0.007904 -4.1800 0 -0.8334 0  462 563 630 646 639 668 656 521  1 1 0 0 0 0 0 0 0 
5.130 2 1 2 0 6.988525 5.767822 82.214355 0.2429 0.0607 0.1928 0.0133 0.2054 -0.1677 -2.474531 -0.009133 -4.1800 0 -0.8334 0  479 555 636 654 648 669 695 529  1 1 0 0 0 0 0 0 0 
5.140 2 1 2 0 6.958008 11.352539 77.026367 0.2452 0.0477 0.2554 0.0679 0.2042 -0.1687 -2.484896 -0.010070 -4.1800 0 -0.8334 0  473 560 638 641 665 668 674 523  1 1 0 0 0 0 0 0 0 
5.150 2 1 2 0 6.286621 14.892578 71.807861 0.2390 0.0272 0.2538 0.0305 0.2032 -0.1694 -2.500443 -0.012363 -4.1800 0 -0.8334 0  479 549 634 636 657 664 666 510  1 1 0 0 0 0 0 0 0 
5.160 2 1 2 0 6.652832 12.756348 73.974609 0.2319 0.0388 0.2008 0.0173 0.2022 -0.1701 -2.515990 -0.014729 -4.1800 0 -0.8334 0  477 523 633 636 665 661 663 513  1 1 0 0 0 0 0 0 0 
5.170 2 1 2 0 5.401611 10.589600 76.416016 0.2334 0.0363 0.2193 0.0149 0.2011 -0.1709 -2.528945 -0.016594 -4.1800 0 -0.8334 0  483 563 635 636 647 656 663 523  1 1 0 0 0 0 0 0 0 
5.180 2 1 2 0 6.530762 4.913330 76.599121 0.2450 0.0398 0.2446 0.0273 0.2001 -0.1716 -2.539310 -0.017574 -4.1800 0 -0.8334 0  474 487 638 634 664 661 659 491  1 1 0 0 0 0 0 0 0 
5.190 2 1 2 0 5.401611 4.455566 82.183838 0.2467 0.0416 0.2293 0.0273 0.1991 -0.1723 -2.554857 -0.018197 -4.1800 0 -0.8334 0  494 549 639 638 672 658 663 515  1 1 0 0 0 0 0 0 0 
5.200 2 1 2 0 7.812500 5.096436 85.571289 0.2420 0.0463 0.2241 0.0185 0.1981 -0.1730 -2.570403 -0.019344 -4.1800 0 -0.8334 0  486 549 633 636 628 652 665 481  1 1 0 0 0 0 0 0 0 
5.210 2 1 2 0 5.859375 0.885010 87.921143 0.2530 0.0448 0.2434 0.0137 0.1971 -0.1736 -2.580768 -0.019602 -4.1800 0 -0.8334 0  488 555 644 641 645 659 667 517  1 1 0 0 0 0 0 0 0 
5.220 2 1 2 0 8.361816 6.256104 87.799072 0.2450 0.0378 0.2145 0.0137 0.1961 -0.1742 -2.596315 -0.020029 -4.1800 0 -0.8334 0  495 554 645 635 648 657 660 512  1 1 0 0 0 0 0 0 0 
5.230 2 1 2 0 6.072998 6.225586 89.416504 0.2422 0.0475 0.2229 0.0137 0.1950 -0.1749 -2.611861 -0.021290 -4.1800 0 -0.8334 0  494 564 652 638 645 661 666 513  1 1 0 0 0 0 0 0 0 
5.240 2 1 2 0 6.622314 6.744385 89.660645 0.2439 0.0342 0.2402 0.0120 0.1940 -0.1755 -2.627408 -0.022150 -4.1800 0 -0.8334 0  489 566 652 635 634 654 664 515  1 1 0 0 0 0 0 0 0 
5.250 2 1 2 0 5.493164 5.065918 88.562012 0.2479 0.0352 0.2402 0.0092 0.1929 -0.1760 -2.642955 -0.022734 -4.1800 0 -0.8334 0  493 567 636 636 644 664 669 519  1 1 0 0 0 0 0 0 0 
5.260 2 1 2 0 6.317139 7.995605 91.247559 0.2379 0.0350 0.2181 0.0076 0.1919 -0.1766 -2.658502 -0.024036 -4.1800 0 -0.8334 0  493 565 650 641 642 650 673 519  1 1 0 0 0 0 0 0 0 
5.270 2 1 2 0 7.263184 7.141113 90.332031 0.2399 0.0342 0.2639 0.0064 0.1908 -0.1772 -2.674049 -0.025169 -4.1800 0 -0.8334 0  499 565 633 641 643 642 675 521  1 1 0 0 0 0 0 0 0 
5.280 2 1 2 0 7.751465 2.868652 87.097168 0.2482 0.0385 0.2767 0.0052 0.1897 -0.1777 -2.689595 -0.025539 -4.1800 0 -0.8334 0  488 563 632 638 639 670 675 516  1 1 0 0 0 0 0 0 0 
5.290 2 1 2 0 5.645752 2.593994 83.465576 0.2470 0.0393 0.2374 0.0048 0.1886 -0.1782 -2.705142 -0.025605 -4.1800 0 -0.8334 0  493 564 641 633 645 661 675 520  1 1 0 0 0 0 0 0 0 
5.300 2 1 2 0 5.615234 8.514404 87.005615 0.2320 0.0328 0.2281 0.0040 0.1877 -0.1786 -2.718098 -0.026819 -4.1800 0 -0.8334 0  497 559 645 638 642 666 684 525  1 1 0 0 0 0 0 0 0 
5.310 2 1 2 0 6.958008 3.631592 83.831787 0.2385 0.0353 0.2390 0.0036 0.1866 -0.1791 -2.733645 -0.027275 -4.1800 0 -0.8334 0  493 561 639 637 645 683 685 530  1 1 0 0 0 0 0 0 0 
5.320 2 1 2 0 5.249023 1.892090 82.763672 0.2427 0.0369 0.2293 0.0032 0.1855 -0.1796 -2.749192 -0.027093 -4.1800 0 -0.8334 0  502 563 634 623 648 687 687 528  1 1 0 0 0 0 0 0 0 
5.330 2 1 2 0 6.744385 5.523682 84.533691 0.2278 0.0384 0.2169 0.0032 0.1846 -0.1800 -2.762147 -0.028152 -4.1800 0 -0.8334 0  497 559 631 636 648 661 687 535  1 1 0 0 0 0 0 0 0 
5.340 2 1 2 0 5.706787 1.739502 81.939697 0.2322 0.0389 0.2281 0.0028 0.1834 -0.1804 -2.777694 -0.028202 -4.1800 0 -0.8334 0  485 561 631 649 650 655 707 531  1 1 0 0 0 0 0 0 0 
5.350 2 1 2 0 6.317139 1.617432 79.010010 0.2322 0.0344 0.2265 0.0028 0.1825 -0.1808 -2.790650 -0.028009 -4.1800 0 -0.8334 0  507 564 633 631 661 673 691 539  1 1 0 0 0 0 0 0 0 
5.360 2 1 2 0 6.835938 3.631592 79.620361 0.2181 0.0323 0.1759 0.0024 0.1816 -0.1811 -2.803605 -0.028409 -4.1800 0 -0.8334 0  470 562 626 631 660 680 689 539  1 1 0 0 0 0 0 0 0 
5.370 2 1 2 0 4.852295 0.122070 78.491211 0.2216 0.0420 0.2056 0.0024 0.1806 -0.1814 -2.816561 -0.028440 -4.1800 0 -0.8334 0  499 560 639 630 658 680 680 541  1 1 0 0 0 0 0 0 0 
5.380 2 1 2 0 4.882812 -0.030518 75.439453 0.2215 0.0339 0.2217 0.0020 0.1795 -0.1818 -2.832108 -0.028048 -4.1800 0 -0.8334 0  485 559 639 646 666 692 687 536  1 1 0 0 0 0 0 0 0 
5.390 2 1 2 0 5.706787 0.274658 73.913574 0.2173 0.0330 0.1892 0.0020 0.1785 -0.1821 -2.845063 -0.027572 -4.1800 0 -0.8334 0  480 562 639 623 671 685 683 541  1 1 0 0 0 0 0 0 0 
5.400 2 1 2 0 4.180908 1.525879 75.653076 0.2066 0.0424 0.1731 0.0020 0.1777 -0.1823 -2.855428 -0.027762 -4.1800 0 -0.8334 0  483 562 640 621 673 692 716 543  1 1 0 0 0 0 0 0 0 
5.410 2 1 2 0 5.126953 2.227783 75.439453 0.2044 0.0308 0.1988 0.0016 0.1768 -0.1826 -2.868384 -0.027583 -4.1800 0 -0.8334 0  510 563 650 637 677 695 701 544  1 1 0 0 0 0 0 0 0 
5.420 2 1 2 0 5.035400 -1.129150 73.577881 0.2036 0.0375 0.1839 0.0016 0.1758 -0.1829 -2.881339 -0.027207 -4.1800 0 -0.8334 0  477 563 657 669 677 704 726 545  1 1 0 0 0 0 0 0 0 
5.430 2 1 2 0 4.791260 -3.601074 69.335938 0.2101 0.0287 0.1940 0.0016 0.1748 -0.1831 -2.894295 -0.026047 -4.1800 0 -0.8334 0  489 565 654 684 683 702 746 545  1 1 0 0 0 0 0 0 0 
5.440 2 1 2 0 4.608154 -0.671387 71.502686 0.1978 0.0363 0.1691 0.0016 0.1739 -0.1834 -2.907251 -0.025865 -4.1800 0 -0.8334 0  488 562 657 667 696 705 724 543  1 1 0 0 0 0 0 0 0 
5.450 2 1 2 0 4.852295 -3.051758 72.021484 0.1945 0.0419 0.1611 0.0016 0.1731 -0.1835 -2.917615 -0.025516 -4.1800 0 -0.8334 0  498 562 660 638 671 703 687 540  1 1 0 0 0 0 0 0 0 
5.460 2 1 2 0 4.669189 -4.302979 67.169189 0.1996 0.0351 0.1976 0.0012 0.1721 -0.1838 -2.930571 -0.024472 -4.1800 0 -0.8334 0  500 588 666 664 675 707 715 552  1 1 0 0 0 0 0 0 0 
5.470 2 1 2 0 4.699707 -3.265381 66.680908 0.1951 0.0292 0.1691 0.0012 0.1711 -0.1840 -2.943527 -0.023484 -4.1800 0 -0.8334 0  507 587 674 676 693 714 708 549  1 1 0 0 0 0 0 0 0 
5.480 2 1 2 0 5.493164 -3.601074 67.962646 0.1935 0.0413 0.1743 0.0012 0.1703 -0.1841 -2.953891 -0.022557 -4.1800 0 -0.8334 0  513 514 679 675 687 712 713 557  1 1 0 0 0 0 0 0 0 
5.490 2 1 2 0 4.425049 -0.091553 65.277100 0.1853 0.0386 0.1876 0.0012 0.1695 -0.1843 -2.964256 -0.021942 -4.1800 0 -0.8334 0  517 600 679 675 701 711 716 572  1 1 0 0 0 0 0 0 0 
5.500 2 1 2 0 4.455566 -4.821777 62.469482 0.1912 0.0325 0.1847 0.0012 0.1685 -0.1844 -2.977211 -0.020959 -4.1800 0 -0.8334 0  530 582 682 687 717 714 729 545  1 1 0 0 0 0 0 0 0 
5.510 2 1 2 0 4.394531 -9.948730 60.638428 0.2034 0.0451 0.2036 0.0012 0.1675 -0.1846 -2.990167 -0.019212 -4.1800 0 -0.8334 0  530 605 686 686 685 720 725 524  1 1 0 0 0 0 0 0 0 
5.520 2 1 2 0 4.699707 -6.134033 63.140869 0.1931 0.0468 0.1538 0.0012 0.1668 -0.1847 -3.000531 -0.018096 -4.1800 0 -0.8334 0  530 635 695 683 729 723 723 560  1 1 0 0 0 0 0 0 0 
5.530 2 1 2 0 4.882812 -6.164551 63.049316 0.1936 0.0553 0.1799 0.0012 0.1660 -0.1848 -3.010896 -0.017058 -4.1800 0 -0.8334 0  538 647 689 693 695 719 727 528  1 1 0 0 0 0 0 0 0 
5.540 2 1 2 0 5.706787 -2.197266 63.293457 0.1824 0.0441 0.1538 0.0012 0.1652 -0.1849 -3.021260 -0.016557 -4.1800 0 -0.8334 0  539 617 693 694 697 722 731 583  1 1 0 0 0 0 0 0 0 
5.550 2 1 2 0 4.913330 -6.286621 61.859131 0.1907 0.0416 0.1707 0.0008 0.1644 -0.1850 -3.031625 -0.015418 -4.1800 0 -0.8334 0  533 613 677 693 725 718 727 556  1 1 0 0 0 0 0 0 0 
5.560 2 1 2 0 5.676270 -5.157471 61.920166 0.1882 0.0406 0.1486 0.0008 0.1636 -0.1851 -3.041990 -0.014304 -4.1800 0 -0.8334 0  547 609 693 697 706 719 734 570  1 1 0 0 0 0 0 0 0 
5.570 2 1 2 0 5.371094 -5.096436 64.086914 0.1879 0.0463 0.1442 0.0008 0.1628 -0.1852 -3.052354 -0.013342 -4.1800 0 -0.8334 0  538 598 718 693 723 737 738 596  1 1 0 0 0 0 0 0 0 
5.580 2 1 2 0 5.554199 -4.119873 64.270020 0.1905 0.0432 0.1807 0.0008 0.1620 -0.1852 -3.062719 -0.012483 -4.1800 0 -0.8334 0  546 609 700 700 706 732 736 588  1 1 0 0 0 0 0 0 0 
5.590 2 1 2 0 6.042480 -5.187988 63.049316 0.1935 0.0439 0.1815 0.0008 0.1610 -0.1853 -3.075674 -0.011498 -4.1800 0 -0.8334 0  548 613 684 701 720 734 735 581  1 1 0 0 0 0 0 0 0 
5.600 2 1 2 0 5.218506 -7.171631 61.828613 0.2017 0.0446 0.1799 0.0008 0.1602 -0.1854 -3.086039 -0.010094 -4.1800 0 -0.8334 0  545 607 704 702 715 707 739 558  1 1 0 0 0 0 0 0 0 
5.610 2 1 2 0 6.378174 -5.554199 62.744141 0.2063 0.0465 0.1868 0.0008 0.1592 -0.1854 -3.098994 -0.008879 -4.1800 0 -0.8334 0  546 615 706 705 715 730 742 550  1 1 0 0 0 0 0 0 0 
5.620 2 1 2 0 5.767822 -2.502441 65.490723 0.2017 0.0565 0.1663 0.0008 0.1584 -0.1854 -3.109359 -0.008259 -4.1800 0 -0.8334 0  545 618 719 698 716 724 747 583  1 1 0 0 0 0 0 0 0 
5.630 2 1 2 0 6.561279 1.892090 68.389893 0.1966 0.0490 0.1663 0.0008 0.1573 -0.1855 -3.117132 -0.008131 -4.1800 0 -0.8334 0  547 623 681 704 719 721 751 571  1 1 0 0 0 0 0 0 0 
5.640 2 1 2 0 6.011963 -1.098633 63.903809 0.2084 0.0488 0.2056 0.0008 0.1563 -0.1855 -3.130088 -0.007624 -4.1800 0 -0.8334 0  548 617 705 703 716 736 748 567  1 1 0 0 0 0 0 0 0 
5.650 2 1 2 0 5.310059 1.281738 66.009521 0.2073 0.0448 0.1707 0.0008 0.1553 -0.1855 3.140141 -0.007149 -4.1800 0 -0.8334 0  542 618 709 698 722 731 748 567  1 1 0 0 0 0 0 0 0 
5.660 2 1 2 0 5.065918 0.579834 65.612793 0.2089 0.0511 0.1807 0.0008 0.1545 -0.1855 3.129777 -0.007477 -4.1800 0 -0.8334 0  556 617 713 700 715 727 751 565  1 1 0 0 0 0 0 0 0 
5.670 2 1 2 0 5.584717 3.448486 70.068359 0.2021 0.0483 0.1751 0.0008 0.1535 -0.1855 3.116821 -0.008237 -4.1800 0 -0.8334 0  527 616 690 698 719 764 740 570  1 1 0 0 0 0 0 0 0 
5.680 2 1 2 0 5.859375 -0.122070 68.206787 0.2138 0.0506 0.2048 0.0076 0.1523 -0.1854 3.106457 -0.008192 -4.1800 0 -0.8334 0  511 621 689 677 715 717 743 566  1 1 0 0 0 0 0 0 0 
5.690 2 1 2 0 6.774902 3.112793 68.115234 0.2122 0.0411 0.1928 0.0076 0.1513 -0.1854 3.093501 -0.008280 -4.1800 0 -0.8334 0  536 620 687 678 713 739 744 566  1 1 0 0 0 0 0 0 0 
5.700 2 1 2 0 6.835938 3.509521 70.953369 0.2113 0.0482 0.1868 0.0076 0.1505 -0.1853 3.083137 -0.008709 -4.1800 0 -0.8334 0  549 613 688 695 712 718 746 568  1 1 0 0 0 0 0 0 0 
5.710 2 1 2 0 5.798340 4.394531 68.908691 0.2085 0.0488 0.1815 0.0076 0.1495 -0.1853 3.070181 -0.009210 -4.1800 0 -0.8334 0  564 608 682 697 708 734 753 558  1 1 0 0 0 0 0 0 0 
5.720 2 1 2 0 5.249023 2.502441 67.016602 0.2155 0.0438 0.2036 0.0096 0.1483 -0.1852 3.059816 -0.009550 -4.1800 0 -0.8334 0  536 606 688 697 702 725 743 562  1 1 0 0 0 0 0 0 0 
5.730 2 1 2 0 7.263184 4.241943 69.580078 0.2150 0.0356 0.1940 0.0096 0.1473 -0.1851 3.046861 -0.010005 -4.1800 0 -0.8334 0  533 604 680 673 705 724 747 566  1 1 0 0 0 0 0 0 0 
5.740 2 1 2 0 7.507324 2.197266 73.211670 0.2165 0.0531 0.1940 0.0096 0.1463 -0.1850 3.033905 -0.010563 -4.1800 0 -0.8334 0  540 597 680 678 702 731 732 553  1 1 0 0 0 0 0 0 0 
5.750 2 1 2 0 7.507324 8.392334 72.113037 0.2043 0.0425 0.1839 0.0137 0.1451 -0.1849 3.023540 -0.011293 -4.1800 0 -0.8334 0  534 591 670 684 698 726 755 553  1 1 0 0 0 0 0 0 0 
5.760 2 1 2 0 7.141113 5.920410 67.230225 0.2098 0.0335 0.2145 0.0137 0.1441 -0.1847 3.010585 -0.012137 -4.1800 0 -0.8334 0  518 584 668 697 700 728 761 555  1 1 0 0 0 0 0 0 0 
5.770 2 1 2 0 5.126953 0.000000 67.108154 0.2240 0.0394 0.2305 0.0137 0.1431 -0.1846 2.997629 -0.012124 -4.1800 0 -0.8334 0  521 588 671 685 700 727 729 549  1 1 0 0 0 0 0 0 0 
5.780 2 1 2 0 7.568359 2.349854 74.981689 0.2138 0.0481 0.1839 0.0116 0.1421 -0.1844 2.984674 -0.012716 -4.1800 0 -0.8334 0  564 578 677 680 713 717 724 551  1 1 0 0 0 0 0 0 0 
5.790 2 1 2 0 6.591797 -1.129150 77.362061 0.2227 0.0491 0.1988 0.0092 0.1410 -0.1842 2.974309 -0.012588 -4.1800 0 -0.8334 0  507 580 673 673 708 728 738 541  1 1 0 0 0 0 0 0 0 
5.800 2 1 2 0 4.760742 11.199951 64.239502 0.2047 0.0212 0.2100 0.0092 0.1400 -0.1841 2.961353 -0.013288 -4.1800 0 -0.8334 0  516 593 673 690 699 722 742 546  1 1 0 0 0 0 0 0 0 
5.810 2 1 2 0 4.913330 5.187988 65.399170 0.2122 0.0306 0.2145 0.0092 0.1390 -0.1839 2.948398 -0.014490 -4.1800 0 -0.8334 0  516 594 674 693 708 719 732 542  1 1 0 0 0 0 0 0 0 
5.820 2 1 2 0 5.920410 3.448486 70.159912 0.2105 0.0436 0.2016 0.0145 0.1378 -0.1836 2.938033 -0.015219 -4.1800 0 -0.8334 0  516 601 677 686 700 716 725 540  1 1 0 0 0 0 0 0 0 
5.830 2 1 2 0 5.645752 5.737305 71.594238 0.2040 0.0347 0.1940 0.0145 0.1368 -0.1834 2.925077 -0.015899 -4.1800 0 -0.8334 0  512 580 674 678 693 704 718 545  1 1 0 0 0 0 0 0 0 
5.840 2 1 2 0 5.249023 1.464844 69.519043 0.2122 0.0361 0.2169 0.0145 0.1358 -0.1832 2.912122 -0.016124 -4.1800 0 -0.8334 0  518 590 681 673 699 711 706 545  1 1 0 0 0 0 0 0 0 
5.850 2 1 2 0 5.157471 -3.570557 70.251465 0.2224 0.0453 0.2028 0.0116 0.1349 -0.1830 2.899166 -0.015533 -4.1800 0 -0.8334 0  528 606 678 675 696 705 711 528  1 1 0 0 0 0 0 0 0 
5.860 2 1 2 0 6.195068 3.143311 75.622559 0.2088 0.0470 0.1823 0.0100 0.1337 -0.1827 2.888802 -0.015822 -4.1800 0 -0.8334 0  527 620 680 671 672 704 708 533  1 1 0 0 0 0 0 0 0 
5.870 2 1 2 0 6.866455 3.295898 71.777344 0.2083 0.0411 0.2088 0.0100 0.1329 -0.1825 2.878437 -0.016249 -4.1800 0 -0.8334 0  523 595 677 671 696 705 702 561  1 1 0 0 0 0 0 0 0 
5.880 2 1 2 0 5.828857 0.366211 69.915771 0.2149 0.0357 0.2088 0.0100 0.1318 -0.1822 2.862890 -0.016151 -4.1800 0 -0.8334 0  530 599 673 663 664 691 706 513  1 1 0 0 0 0 0 0 0 
5.890 2 1 2 0 6.103516 0.457764 71.472168 0.2132 0.0424 0.1956 0.0100 0.1310 -0.1819 2.852526 -0.016117 -4.1800 0 -0.8334 0  527 582 663 658 676 696 709 535  1 1 0 0 0 0 0 0 0 
5.900 2 1 2 0 6.774902 3.082275 74.401855 0.2079 0.0435 0.2056 0.0088 0.1300 -0.1816 2.839570 -0.016415 -4.1800 0 -0.8334 0  519 593 671 651 677 693 703 530  1 1 0 0 0 0 0 0 0 
5.910 2 1 2 0 6.988525 3.143311 72.174072 0.2048 0.0331 0.2028 0.0072 0.1291 -0.1813 2.826614 -0.016815 -4.1800 0 -0.8334 0  522 597 653 642 652 687 701 521  1 1 0 0 0 0 0 0 0 
5.920 2 1 2 0 5.218506 -3.295898 71.044922 0.2206 0.0428 0.2362 0.0060 0.1281 -0.1810 2.813659 -0.016284 -4.1800 0 -0.8334 0  516 576 657 641 653 687 703 540  1 1 0 0 0 0 0 0 0 
5.930 2 1 2 0 5.950928 0.549316 72.784424 0.2098 0.0440 0.1783 0.0052 0.1272 -0.1807 2.800703 -0.016067 -4.1800 0 -0.8334 0  511 574 630 638 637 672 710 524  1 1 0 0 0 0 0 0 0 
5.940 2 1 2 0 5.523682 1.525879 74.340820 0.2075 0.0392 0.1928 0.0044 0.1264 -0.1804 2.790339 -0.016190 -4.1800 0 -0.8334 0  507 578 656 631 649 673 701 526  1 1 0 0 0 0 0 0 0 
5.950 2 1 2 0 5.889893 1.342773 74.188232 0.2044 0.0397 0.1968 0.0040 0.1255 -0.1801 2.777383 -0.016608 -4.1800 0 -0.8334 0  504 569 657 629 648 672 703 540  1 1 0 0 0 0 0 0 0 
5.960 2 1 2 0 6.744385 -0.335693 73.059082 0.2091 0.0302 0.2048 0.0036 0.1245 -0.1797 2.764427 -0.016424 -4.1800 0 -0.8334 0  507 561 649 628 649 690 705 544  1 1 0 0 0 0 0 0 0 
5.970 2 1 2 0 6.103516 0.396729 72.998047 0.2039 0.0325 0.1651 0.0032 0.1236 -0.1793 2.751472 -0.016234 -4.1800 0 -0.8334 0  493 565 624 620 650 672 699 547  1 1 0 0 0 0 0 0 0 
5.980 2 1 2 0 5.615234 0.183105 74.127197 0.2042 0.0376 0.1976 0.0032 0.1229 -0.1790 2.741107 -0.016478 -4.1800 0 -0.8334 0  470 546 634 619 647 687 700 523  1 1 0 0 0 0 0 0 0 
5.990 2 1 2 0 5.859375 0.244141 73.089600 0.2035 0.0364 0.1976 0.0028 0.1219 -0.1786 2.728151 -0.016310 -4.1800 0 -0.8334 0  487 541 607 617 652 667 693 523  1 1 0 0 0 0 0 0 0 
6.000 2 1 2 0 5.523682 -1.129150 71.807861 0.2096 0.0348 0.2241 0.0024 0.1210 -0.1782 2.715196 -0.016020 -4.1800 0 -0.8334 0  480 543 628 611 649 708 692 523  1 1 0 0 0 0 0 0 0 
6.010 2 1 2 0 5.401611 0.091553 71.655273 0.2066 0.0340 0.1920 0.0024 0.1201 -0.1778 2.702240 -0.015614 -4.1800 0 -0.8334 0  479 529 590 617 653 677 694 523  1 1 0 0 0 0 0 0 0 
6.020 2 1 2 0 4.486084 1.098633 72.113037 0.2056 0.0410 0.2157 0.0024 0.1192 -0.1774 2.689284 -0.015687 -4.1800 0 -0.8334 0  436 534 581 615 652 661 691 526  1 1 0 0 0 0 0 0 0 
6.030 2 1 2 0 4.943848 1.647949 73.150635 0.1985 0.0386 0.1831 0.0020 0.1185 -0.1770 2.678920 -0.016052 -4.1800 0 -0.8334 0  484 521 606 627 648 661 692 524  1 1 0 0 0 0 0 0 0 
6.040 2 1 2 0 4.699707 -2.716064 72.265625 0.2095 0.0395 0.2113 0.0020 0.1174 -0.1765 2.668555 -0.015603 -4.1800 0 -0.8334 0  450 519 590 612 657 687 690 526  1 1 0 0 0 0 0 0 0 
6.050 2 1 2 0 5.004883 -2.868652 71.044922 0.2121 0.0395 0.1976 0.0020 0.1165 -0.1760 2.655600 -0.014940 -4.1800 0 -0.8334 0  459 520 594 636 658 683 687 528  1 1 0 0 0 0 0 0 0 
6.060 2 1 2 0 5.676270 3.234863 75.134277 0.1980 0.0380 0.1823 0.0020 0.1156 -0.1755 2.642644 -0.015480 -4.1800 0 -0.8334 0  428 515 604 630 654 677 686 525  1 1 0 0 0 0 0 0 0 
6.070 2 1 2 0 4.608154 1.251221 74.890137 0.2003 0.0351 0.1996 0.0020 0.1149 -0.1751 2.632279 -0.015678 -4.1800 0 -0.8334 0  434 523 607 618 657 681 700 527  1 1 0 0 0 0 0 0 0 
6.080 2 1 2 0 4.882812 -1.464844 73.028564 0.2075 0.0312 0.2125 0.0020 0.1141 -0.1746 2.619324 -0.015300 -4.1800 0 -0.8334 0  458 519 610 623 657 681 677 524  1 1 0 0 0 0 0 0 0 
6.090 2 1 2 0 5.554199 -1.434326 71.777344 0.2088 0.0363 0.1976 0.0020 0.1132 -0.1741 2.606368 -0.014727 -4.1800 0 -0.8334 0  480 526 618 651 655 689 693 518  1 1 0 0 0 0 0 0 0 
6.100 2 1 2 0 6.103516 0.427246 72.845459 0.2073 0.0412 0.2080 0.0020 0.1123 -0.1736 2.593412 -0.014636 -4.1800 0 -0.8334 0  467 534 619 644 658 691 686 518  1 1 0 0 0 0 0 0 0 
6.110 2 1 2 0 6.164551 0.823975 73.059082 0.2044 0.0364 0.1940 0.0020 0.1115 -0.1731 2.580457 -0.014687 -4.1800 0 -0.8334 0  448 538 625 662 658 680 719 522  1 1 0 0 0 0 0 0 0 
6.120 2 1 2 0 5.157471 -3.082275 70.495605 0.2190 0.0412 0.2402 0.0020 0.1106 -0.1725 2.567501 -0.013966 -4.1800 0 -0.8334 0  464 515 627 637 663 677 704 522  1 1 0 0 0 0 0 0 0 
