%% logfile from robot Silke (54)
% log is empty
% Silke (54)
%  1    time 2.003 sec
%  2  3  4  5   (mission 0), state 2, entered (thread 1, line 1), events 0x0 (bit-flags)
%  6  7  8 Gyro x,y,z [deg/s]: 0.0305176 -2.2583 2.2583
%  9 10 Motor velocity ref left, right: 0.0338 0.0342
% 11 12 Wheel velocity [m/s] left, right: 0.0181 0.0125
% 13 14 15 16 Pose x,y,h,tilt [m,m,rad,rad]: 0.0355435 -3.92846e-05 0.00259112 -0.0107826
% 17 .. 37 Edge sensor: left 0.000000 0, right 0.000000 0, values 553 609 699 694 703 717 729 564, white 1, used 1, LEDhigh=0, xb=0 xw=0 xbc=0 xwc=0 lvl=0 lvr=0       whitelevel=[923 1039 1179 1162 1189 1192 1201 920]       blacklevel=[132 155 174 173 174 176 174 137]
2.008 2 1 1 0 0.244141 -4.028320 2.014160 0.0274 0.0154 0.0149 0.0125 0.0355 -0.0000 0.002591 -0.010475 0.0000 0 0.0000 0  546 613 697 691 708 717 731 562  1 1 0 0 0 0 0 0 0 
2.013 2 1 1 0 0.183105 -1.892090 -4.241943 0.0129 -0.0091 0.0125 0.0125 0.0355 -0.0000 0.002591 -0.010094 0.0000 0 0.0000 0  545 609 702 694 701 714 731 567  1 1 0 0 0 0 0 0 0 
2.018 2 1 1 0 0.946045 -3.173828 -1.647949 0.0037 -0.0180 0.0108 0.0125 0.0355 -0.0000 0.002591 -0.009756 0.0000 0 0.0000 0  547 625 699 692 713 715 727 563  1 1 0 0 0 0 0 0 0 
2.023 2 1 1 0 -1.739502 -7.598877 -2.746582 0.0005 -0.0188 0.0092 0.0125 0.0355 -0.0000 0.002591 -0.009141 0.0000 0 0.0000 0  544 621 705 693 721 717 730 561  1 1 0 0 0 0 0 0 0 
2.028 2 1 1 0 0.396729 -8.392334 -1.251221 -0.0101 -0.0240 0.0084 -0.0157 0.0353 -0.0000 0.000000 -0.008487 0.0000 0 0.0000 0  552 612 702 698 709 718 734 571  1 1 0 0 0 0 0 0 0 
2.033 2 1 1 0 0.091553 -7.598877 -0.915527 -0.0307 -0.0246 0.0076 -0.0157 0.0353 -0.0000 0.000000 -0.007764 0.0000 0 0.0000 0  549 613 705 697 704 721 738 565  1 1 0 0 0 0 0 0 0 
2.038 2 1 1 0 -0.518799 -8.514404 -0.457764 -0.0375 -0.0266 0.0068 -0.0157 0.0353 -0.0000 0.000000 -0.007032 0.0000 0 0.0000 0  548 618 701 701 724 715 735 579  1 1 0 0 0 0 0 0 0 
2.043 2 1 1 0 0.000000 -7.293701 -0.061035 -0.0458 -0.0381 0.0064 -0.0157 0.0353 -0.0000 0.000000 -0.006440 0.0000 0 0.0000 0  555 627 719 700 700 720 736 560  1 1 0 0 0 0 0 0 0 
2.048 2 1 1 0 0.091553 -6.652832 -0.518799 -0.0522 -0.0541 -0.0060 -0.0157 0.0351 -0.0000 0.002591 -0.005803 0.0000 0 0.0000 0  551 609 709 703 683 724 734 553  1 1 0 0 0 0 0 0 0 
2.053 2 1 1 0 0.335693 -4.974365 0.244141 -0.0648 -0.0788 -0.0627 -0.0157 0.0349 -0.0000 0.005182 -0.005403 0.0000 0 0.0000 0  557 609 704 705 727 720 737 577  1 1 0 0 0 0 0 0 0 
2.058 2 1 1 0 -1.129150 -4.241943 -0.549316 -0.0771 -0.1011 -0.0627 -0.0133 0.0349 -0.0000 0.005182 -0.004929 0.0000 0 0.0000 0  553 628 706 701 717 726 740 578  1 1 0 0 0 0 0 0 0 
2.063 2 1 1 0 0.579834 -5.859375 -0.885010 -0.0860 -0.1200 -0.0679 -0.0120 0.0345 -0.0000 0.005182 -0.004526 0.0000 0 0.0000 0  548 600 706 718 704 722 735 538  1 1 0 0 0 0 0 0 0 
2.068 2 1 1 0 0.091553 -6.958008 -2.746582 -0.0987 -0.1307 -0.0430 -0.0876 0.0343 -0.0000 0.002591 -0.003657 0.0000 0 0.0000 0  555 624 686 707 722 721 739 571  1 1 0 0 0 0 0 0 0 
2.073 2 1 1 0 -0.610352 -15.472412 -2.441406 -0.1046 -0.1166 -0.0277 -0.1297 0.0339 -0.0000 -0.002591 -0.002631 0.0000 0 0.0000 0  564 619 696 705 719 743 743 567  1 1 0 0 0 0 0 0 0 
2.078 2 1 1 0 2.288818 -24.932861 7.415771 -0.1025 -0.0984 -0.0261 -0.0619 0.0337 -0.0000 0.000000 -0.000954 0.0000 0 0.0000 0  559 625 725 709 694 730 743 558  1 1 0 0 0 0 0 0 0 
2.083 2 1 1 0 1.525879 -32.897949 9.185791 -0.0861 -0.0960 -0.0683 -0.0349 0.0335 -0.0000 0.002591 0.001694 0.0000 0 0.0000 0  563 624 701 720 738 744 753 601  1 1 0 0 0 0 0 0 0 
2.088 2 1 1 0 2.014160 -34.729004 2.960205 -0.0741 -0.0949 -0.0920 -0.0297 0.0331 -0.0000 0.002591 0.004976 0.0000 0 0.0000 0  567 636 736 719 739 746 753 589  1 1 0 0 0 0 0 0 0 
2.093 2 1 1 0 -0.396729 -37.414551 0.427246 -0.0754 -0.0946 -0.0751 -0.0803 0.0327 -0.0000 0.002591 0.008270 0.0000 0 0.0000 0  566 640 734 728 731 751 763 596  1 1 0 0 0 0 0 0 0 
2.098 2 1 1 0 -3.173828 -47.271729 5.676270 -0.0651 -0.0643 -0.0478 -0.0984 0.0325 -0.0000 0.000000 0.012235 0.0000 0 0.0000 0  567 645 753 728 739 762 770 597  1 1 0 0 0 0 0 0 0 
2.103 2 1 1 0 -0.518799 -46.752930 8.331299 -0.0672 -0.0489 -0.0297 -0.0635 0.0323 -0.0000 -0.002591 0.015913 0.0000 0 0.0000 0  581 644 744 739 748 760 782 625  1 1 0 0 0 0 0 0 0 
2.108 2 1 1 0 1.525879 -49.377441 4.486084 -0.0550 -0.0360 -0.0233 -0.0514 0.0321 -0.0000 0.000000 0.020434 0.0000 0 0.0000 0  587 658 731 747 757 753 789 611  1 1 0 0 0 0 0 0 0 
2.113 2 1 1 0 0.488281 -45.532227 6.988525 -0.0429 -0.0349 -0.0233 -0.0313 0.0321 -0.0000 0.000000 0.024137 0.0000 0 0.0000 0  597 661 755 753 765 778 792 613  1 1 0 0 0 0 0 0 0 
2.118 2 1 1 0 -2.868652 -45.989990 5.737305 -0.0217 -0.0245 -0.0233 -0.0225 0.0321 -0.0000 0.000000 0.028371 0.0000 0 0.0000 0  595 669 766 758 770 786 804 622  1 1 0 0 0 0 0 0 0 
2.123 2 1 1 0 -0.335693 -44.555664 5.950928 -0.0137 -0.0174 -0.0233 -0.0173 0.0321 -0.0000 0.000000 0.031956 0.0000 0 0.0000 0  603 670 767 770 775 812 814 632  1 1 0 0 0 0 0 0 0 
2.128 2 1 1 0 0.335693 -35.186768 1.678467 -0.0261 -0.0181 -0.0189 -0.0165 0.0319 -0.0000 -0.002591 0.035423 0.0000 0 0.0000 0  607 678 780 768 778 799 818 638  1 1 0 0 0 0 0 0 0 
2.133 2 1 1 0 -1.983643 -25.512695 -3.082275 -0.0451 -0.0271 -0.0153 -0.0165 0.0319 -0.0000 -0.002591 0.037766 0.0000 0 0.0000 0  607 679 779 776 789 804 823 635  1 1 0 0 0 0 0 0 0 
2.138 2 1 1 0 -2.319336 -16.296387 -6.469727 -0.0505 -0.0465 -0.0141 -0.0165 0.0317 -0.0000 0.000000 0.039182 0.0000 0 0.0000 0  614 681 788 784 786 833 827 644  1 1 0 0 0 0 0 0 0 
2.143 2 1 1 0 -0.274658 -13.702393 -3.204346 -0.0439 -0.0548 -0.0141 -0.0165 0.0317 -0.0000 0.000000 0.040107 0.0000 0 0.0000 0  614 681 789 776 796 812 823 637  1 1 0 0 0 0 0 0 0 
2.148 2 1 1 0 0.152588 -16.510010 -5.096436 -0.0359 -0.0517 -0.0337 -0.0165 0.0315 -0.0000 0.002591 0.041432 0.0000 0 0.0000 0  593 690 789 784 794 806 833 640  1 1 0 0 0 0 0 0 0 
2.153 2 1 1 0 -0.305176 -15.197754 -3.997803 -0.0363 -0.0621 -0.0337 -0.0137 0.0315 -0.0000 0.002591 0.042456 0.0000 0 0.0000 0  614 694 794 783 796 806 837 641  1 1 0 0 0 0 0 0 0 
2.158 2 1 1 0 -1.434326 -16.113281 -3.936768 -0.0334 -0.0560 -0.0337 -0.0125 0.0313 -0.0000 0.000000 0.043740 0.0000 0 0.0000 0  629 686 806 789 800 818 842 645  1 1 0 0 0 0 0 0 0 
2.163 2 1 1 0 -0.946045 -16.479492 -3.417969 -0.0304 -0.0429 -0.0241 -0.0125 0.0313 -0.0000 0.000000 0.044909 0.0000 0 0.0000 0  616 689 789 790 805 810 846 649  1 1 0 0 0 0 0 0 0 
2.168 2 1 1 0 0.152588 -17.944336 -2.716064 -0.0231 -0.0270 -0.0185 -0.0125 0.0313 -0.0000 0.000000 0.046300 0.0000 0 0.0000 0  614 699 798 788 802 829 844 652  1 1 0 0 0 0 0 0 0 
2.173 2 1 1 0 -0.610352 -19.195557 -2.227783 -0.0175 -0.0203 -0.0149 -0.0125 0.0313 -0.0000 0.000000 0.047609 0.0000 0 0.0000 0  629 700 802 802 809 824 846 651  1 1 0 0 0 0 0 0 0 
2.178 2 1 1 0 -0.579834 -19.012451 -1.434326 -0.0126 -0.0161 -0.0125 -0.0125 0.0313 -0.0000 0.000000 0.049205 0.0000 0 0.0000 0  629 693 799 803 810 825 851 662  1 1 0 0 0 0 0 0 0 
2.183 2 1 1 0 -0.549316 -20.935059 -1.495361 -0.0041 -0.0081 -0.0108 -0.0125 0.0313 -0.0000 0.000000 0.050783 0.0000 0 0.0000 0  622 701 809 806 812 831 858 657  1 1 0 0 0 0 0 0 0 
2.188 2 1 1 0 -0.701904 -20.904541 -1.098633 0.0023 -0.0021 -0.0096 -0.0125 0.0313 -0.0000 0.000000 0.052448 0.0000 0 0.0000 0  631 706 808 812 820 835 855 657  1 1 0 0 0 0 0 0 0 
2.193 2 1 1 0 -0.793457 -21.667480 -1.007080 0.0103 0.0056 -0.0084 -0.0104 0.0313 -0.0000 0.000000 0.054092 0.0000 0 0.0000 0  635 715 814 803 821 822 862 664  1 1 0 0 0 0 0 0 0 
2.198 2 1 1 0 -0.427246 -20.904541 0.305176 0.0163 0.0113 -0.0076 -0.0092 0.0313 -0.0000 0.000000 0.055709 0.0000 0 0.0000 0  656 709 815 811 822 842 868 668  1 1 0 0 0 0 0 0 0 
2.203 2 1 1 0 -0.152588 -21.789551 0.915527 0.0270 0.0199 -0.0068 0.0084 0.0315 -0.0000 0.002591 0.057352 0.0000 0 0.0000 0  632 708 822 806 826 843 872 670  1 1 0 0 0 0 0 0 0 
2.208 2 1 1 0 -0.427246 -22.613525 1.464844 0.0378 0.0206 -0.0064 0.0084 0.0315 -0.0000 0.002591 0.059094 0.0000 0 0.0000 0  643 710 829 831 830 850 882 671  1 1 0 0 0 0 0 0 0 
2.213 2 1 1 0 -0.976562 -20.477295 -3.143311 0.0442 0.0171 -0.0060 0.0084 0.0315 -0.0000 0.002591 0.060828 0.0000 0 0.0000 0  642 713 828 818 832 853 887 680  1 1 0 0 0 0 0 0 0 
2.218 2 1 1 0 -0.823975 -21.514893 -1.495361 0.0566 0.0286 -0.0052 0.0084 0.0315 -0.0000 0.002591 0.062739 0.0000 0 0.0000 0  687 715 829 829 830 855 880 677  1 1 0 0 0 0 0 0 0 
2.223 2 1 1 0 -0.152588 -23.864746 2.319336 0.0640 0.0493 0.0052 0.0084 0.0317 -0.0000 0.000000 0.064249 0.0000 0 0.0000 0  660 722 834 792 838 864 862 685  1 1 0 0 0 0 0 0 0 
2.228 2 1 1 0 0.335693 -21.301270 4.852295 0.0701 0.0720 0.0052 0.0084 0.0317 -0.0000 0.000000 0.065745 0.0000 0 0.0000 0  635 727 837 835 845 866 896 688  1 1 0 0 0 0 0 0 0 
2.233 2 1 1 0 0.274658 -18.341064 4.699707 0.0787 0.0821 0.0052 0.0084 0.0317 -0.0000 0.000000 0.067211 0.0000 0 0.0000 0  616 734 845 811 847 868 874 687  1 1 0 0 0 0 0 0 0 
2.238 2 1 1 0 -0.946045 -13.610840 0.488281 0.0840 0.0840 0.0233 0.0116 0.0321 -0.0000 0.000000 0.068423 0.0000 0 0.0000 0  634 729 839 806 851 866 895 691  1 1 0 0 0 0 0 0 0 
2.243 2 1 1 0 -0.366211 -10.009766 -0.946045 0.0875 0.0893 0.0233 0.0116 0.0321 -0.0000 0.000000 0.069190 0.0000 0 0.0000 0  676 732 848 832 846 872 895 694  1 1 0 0 0 0 0 0 0 
2.248 2 1 1 0 -0.122070 -9.399414 0.152588 0.0979 0.0939 0.0233 0.0369 0.0323 -0.0000 0.002591 0.069646 0.0000 0 0.0000 0  639 746 853 842 855 872 891 692  1 1 0 0 0 0 0 0 0 
2.253 2 1 1 0 -0.335693 -10.253906 -0.854492 0.1082 0.1090 0.0365 0.0369 0.0325 -0.0000 0.000000 0.070389 0.0000 0 0.0000 0  653 724 855 853 856 875 923 690  1 1 0 0 0 0 0 0 0 
2.258 2 1 1 0 -0.793457 -9.094238 -2.655029 0.1179 0.1139 0.0462 0.0550 0.0329 -0.0000 0.000000 0.071069 0.0000 0 0.0000 0  648 736 851 826 855 877 889 694  1 1 0 0 0 0 0 0 0 
2.263 2 1 1 0 -0.762939 -6.866455 -2.349854 0.1266 0.1226 0.0462 0.0542 0.0331 -0.0000 0.002591 0.071460 0.0000 0 0.0000 0  676 722 852 859 853 873 919 698  1 1 0 0 0 0 0 0 0 
2.268 2 1 1 0 -1.037598 -7.476807 -1.495361 0.1367 0.1327 0.0518 0.0651 0.0335 -0.0000 0.002591 0.071813 0.0000 0 0.0000 0  673 730 853 855 866 879 906 701  1 1 0 0 0 0 0 0 0 
2.273 2 1 1 0 -0.854492 -5.065918 -2.227783 0.1481 0.1361 0.0610 0.0868 0.0339 -0.0000 0.002591 0.072100 0.0000 0 0.0000 0  652 744 856 827 864 883 876 697  1 1 0 0 0 0 0 0 0 
2.278 2 1 1 0 -0.640869 0.274658 -6.042480 0.1503 0.1283 0.0751 0.0807 0.0343 -0.0000 0.002591 0.072107 0.0000 0 0.0000 0  654 749 860 842 857 877 898 700  1 1 0 0 0 0 0 0 0 
2.283 2 1 1 0 -0.488281 3.448486 -6.378174 0.1552 0.1299 0.0904 0.0723 0.0347 -0.0000 0.002591 0.071612 0.0000 0 0.0000 0  680 746 858 857 842 880 930 700  1 1 0 0 0 0 0 0 0 
2.288 2 1 1 0 -0.762939 4.364014 -3.509521 0.1620 0.1449 0.1149 0.0799 0.0351 -0.0000 0.002591 0.070940 0.0000 0 0.0000 0  672 726 862 866 859 877 899 699  1 1 0 0 0 0 0 0 0 
2.293 2 1 1 0 0.000000 8.209229 -0.610352 0.1584 0.1524 0.0956 0.1032 0.0357 -0.0000 0.000000 0.069909 0.0000 0 0.0000 0  681 757 852 863 865 875 900 694  1 1 0 0 0 0 0 0 0 
2.298 2 1 1 0 0.213623 10.162354 1.159668 0.1642 0.1606 0.0823 0.0936 0.0361 -0.0000 0.000000 0.068648 0.0000 0 0.0000 0  655 745 856 854 853 874 891 689  1 1 0 0 0 0 0 0 0 
2.303 2 1 1 0 -1.037598 6.927490 -1.434326 0.1767 0.1771 0.1004 0.1072 0.0365 -0.0000 0.000000 0.067979 0.0000 0 0.0000 0  650 784 862 853 856 880 906 678  1 1 0 0 0 0 0 0 0 
2.308 2 1 1 0 -0.061035 9.704590 -2.624512 0.1885 0.1768 0.1157 0.1237 0.0372 -0.0000 0.002591 0.067087 0.0000 0 0.0000 0  662 720 864 839 830 879 887 700  1 1 0 0 0 0 0 0 0 
2.313 2 1 1 0 0.854492 15.258789 -0.061035 0.1900 0.1749 0.1297 0.1406 0.0380 -0.0000 0.002591 0.065535 0.0000 0 0.0000 0  667 768 856 850 862 871 897 696  1 1 0 0 0 0 0 0 0 
2.318 2 1 1 0 -0.732422 22.186279 -1.983643 0.1807 0.1655 0.1161 0.1285 0.0386 -0.0000 0.000000 0.063475 0.0000 0 0.0000 0  656 765 853 833 838 869 896 671  1 1 0 0 0 0 0 0 0 
2.323 2 1 1 0 0.335693 26.458740 -0.457764 0.1761 0.1529 0.1193 0.1173 0.0392 -0.0000 0.002591 0.060761 0.0000 0 0.0000 0  662 724 853 851 838 862 889 680  1 1 0 0 0 0 0 0 0 
2.328 2 1 1 0 1.403809 20.477295 1.770020 0.1870 0.1649 0.1317 0.1349 0.0398 -0.0000 0.000000 0.058593 0.0000 0 0.0000 0  665 759 851 847 843 859 866 678  1 1 0 0 0 0 0 0 0 
2.333 2 1 1 0 1.007080 16.326904 3.021240 0.2038 0.1794 0.1221 0.1651 0.0404 -0.0000 0.002591 0.056958 0.0000 0 0.0000 0  664 730 852 833 819 862 880 653  1 1 0 0 0 0 0 0 0 
2.338 2 1 1 0 1.281738 19.866943 7.080078 0.2038 0.1815 0.1643 0.1623 0.0412 -0.0000 0.002591 0.054992 0.0000 0 0.0000 0  663 737 841 827 842 853 853 637  1 1 0 0 0 0 0 0 0 
2.343 2 1 1 0 -0.701904 25.299072 1.525879 0.1957 0.1749 0.1370 0.1374 0.0420 -0.0000 0.002591 0.052868 0.0000 0 0.0000 0  657 743 835 823 851 848 861 677  1 1 0 0 0 0 0 0 0 
2.348 2 1 1 0 1.678467 26.916504 2.746582 0.1890 0.1802 0.1542 0.1036 0.0426 -0.0000 0.000000 0.050198 0.0000 0 0.0000 0  651 701 843 826 794 843 855 644  1 1 0 0 0 0 0 0 0 
2.353 2 1 1 0 1.617432 20.233154 4.699707 0.2038 0.2083 0.1892 0.1301 0.0434 -0.0000 0.000000 0.048396 0.0000 0 0.0000 0  658 726 833 816 813 837 852 635  1 1 0 0 0 0 0 0 0 
2.358 2 1 1 0 1.922607 18.188477 5.920410 0.2183 0.2205 0.1639 0.1976 0.0444 -0.0000 0.002591 0.046556 0.0000 0 0.0000 0  643 705 834 820 812 832 844 649  1 1 0 0 0 0 0 0 0 
2.363 2 1 1 0 1.678467 29.357910 -0.854492 0.2018 0.2022 0.1643 0.1639 0.0452 -0.0000 0.002591 0.044194 0.0000 0 0.0000 0  648 685 824 809 826 829 844 646  1 1 0 0 0 0 0 0 0 
2.368 2 1 1 0 -1.007080 35.034180 -4.272461 0.1895 0.1944 0.1663 0.1374 0.0460 -0.0000 -0.002591 0.041365 0.0000 0 0.0000 0  644 730 823 804 808 821 831 644  1 1 0 0 0 0 0 0 0 
2.373 2 1 1 0 -0.091553 30.273438 0.946045 0.1972 0.1961 0.1462 0.1562 0.0466 -0.0000 0.000000 0.038291 0.0000 0 0.0000 0  646 731 813 794 762 819 830 607  1 1 0 0 0 0 0 0 0 
2.378 2 1 1 0 1.892090 27.343750 0.396729 0.2088 0.2068 0.1723 0.2217 0.0478 -0.0000 0.000000 0.035611 0.0000 0 0.0000 0  633 733 809 791 792 812 821 654  1 1 0 0 0 0 0 0 0 
2.383 2 1 1 0 3.021240 27.801514 2.471924 0.2088 0.1968 0.1715 0.1996 0.0488 -0.0000 0.002591 0.033401 0.0000 0 0.0000 0  633 677 807 789 768 803 823 630  1 1 0 0 0 0 0 0 0 
2.388 2 1 1 0 -0.457764 32.318115 -2.410889 0.1946 0.1786 0.1751 0.1333 0.0494 -0.0000 0.000000 0.030443 0.0000 0 0.0000 0  633 691 800 786 771 802 812 586  1 1 0 0 0 0 0 0 0 
2.393 2 1 1 0 -1.678467 29.266357 -0.366211 0.1984 0.1785 0.1783 0.1775 0.0504 -0.0000 0.002591 0.027906 0.0000 0 0.0000 0  618 698 809 779 776 795 811 630  1 1 0 0 0 0 0 0 0 
2.398 2 1 1 0 1.312256 24.627686 0.488281 0.2009 0.1869 0.1940 0.1590 0.0514 -0.0000 0.000000 0.025397 0.0000 0 0.0000 0  613 682 767 775 762 786 799 619  1 1 0 0 0 0 0 0 0 
2.403 2 1 1 0 0.549316 27.069092 -1.037598 0.1934 0.1835 0.1783 0.1759 0.0522 -0.0000 0.000000 0.023291 0.0000 0 0.0000 0  611 714 813 766 779 786 796 594  1 1 0 0 0 0 0 0 0 
2.408 2 1 1 0 0.244141 27.130127 -0.549316 0.1899 0.1946 0.1707 0.1442 0.0530 -0.0000 0.000000 0.020777 0.0000 0 0.0000 0  615 703 770 761 758 779 791 641  1 1 0 0 0 0 0 0 0 
2.413 2 1 1 0 -0.213623 25.634766 1.007080 0.1943 0.1956 0.1514 0.1948 0.0538 -0.0000 0.000000 0.018386 0.0000 0 0.0000 0  612 675 775 749 745 781 785 587  1 1 0 0 0 0 0 0 0 
2.418 2 1 1 0 0.213623 23.406982 1.556396 0.1987 0.1967 0.1743 0.2113 0.0548 -0.0000 0.002591 0.016215 0.0000 0 0.0000 0  606 670 757 748 757 772 780 598  1 1 0 0 0 0 0 0 0 
2.423 2 1 1 0 2.563477 29.388428 1.831055 0.1816 0.1736 0.1554 0.1759 0.0556 -0.0000 0.002591 0.013707 0.0000 0 0.0000 0  601 662 744 741 745 755 775 595  1 1 0 0 0 0 0 0 0 
2.428 2 1 1 0 -0.274658 24.993896 -0.183105 0.1816 0.1676 0.1574 0.1623 0.0564 -0.0000 0.002591 0.011650 0.0000 0 0.0000 0  588 668 761 731 735 753 770 580  1 1 0 0 0 0 0 0 0 
2.433 2 1 1 0 -0.640869 22.979736 1.586914 0.1799 0.1599 0.1735 0.1731 0.0572 -0.0000 0.002591 0.009402 0.0000 0 0.0000 0  598 666 758 726 731 749 762 577  1 1 0 0 0 0 0 0 0 
2.438 2 1 1 0 1.373291 19.775391 1.129150 0.1828 0.1568 0.1631 0.1839 0.0580 -0.0000 0.002591 0.007786 0.0000 0 0.0000 0  593 654 713 722 717 754 761 584  1 1 0 0 0 0 0 0 0 
2.443 2 1 1 0 1.892090 19.012451 -0.671387 0.1736 0.1596 0.1751 0.1382 0.0590 -0.0000 0.000000 0.006152 0.0000 0 0.0000 0  583 656 748 716 721 762 751 574  1 1 0 0 0 0 0 0 0 
2.448 2 1 1 0 -0.915527 15.289307 0.854492 0.1740 0.1770 0.1490 0.1217 0.0594 -0.0000 0.000000 0.004902 0.0000 0 0.0000 0  582 656 716 711 716 708 748 590  1 1 0 0 0 0 0 0 0 
2.453 2 1 1 0 0.030518 10.894775 0.762939 0.1848 0.1870 0.1687 0.1884 0.0606 -0.0000 0.000000 0.003669 0.0000 0 0.0000 0  581 652 739 707 720 758 746 583  1 1 0 0 0 0 0 0 0 
2.458 2 1 1 0 0.793457 15.350342 0.854492 0.1795 0.1775 0.1406 0.1912 0.0612 -0.0000 0.002591 0.002664 0.0000 0 0.0000 0  583 644 711 709 713 721 742 576  1 1 0 0 0 0 0 0 0 
2.463 2 1 1 0 -0.549316 16.754150 -1.922607 0.1688 0.1648 0.1442 0.1498 0.0621 -0.0000 0.002591 0.001225 0.0000 0 0.0000 0  583 643 686 700 706 717 739 581  1 1 0 0 0 0 0 0 0 
2.468 2 1 1 0 0.061035 15.777588 1.312256 0.1637 0.1660 0.1687 0.1257 0.0627 -0.0000 0.000000 -0.000398 0.0000 0 0.0000 0  569 643 737 700 710 747 725 560  1 1 0 0 0 0 0 0 0 
2.473 2 1 1 0 -0.946045 11.993408 -0.366211 0.1696 0.1676 0.1402 0.1831 0.0637 -0.0000 0.002591 -0.001398 0.0000 0 0.0000 0  573 638 703 696 703 698 725 562  1 1 0 0 0 0 0 0 0 
2.478 2 1 1 0 0.946045 10.009766 0.793457 0.1704 0.1624 0.1474 0.1807 0.0645 -0.0000 0.002591 -0.002217 0.0000 0 0.0000 0  577 628 710 695 701 727 719 550  1 1 0 0 0 0 0 0 0 
2.483 2 1 1 0 -0.091553 10.009766 -2.746582 0.1638 0.1558 0.1619 0.1349 0.0651 -0.0000 0.000000 -0.002929 0.0000 0 0.0000 0  583 624 698 691 695 721 720 552  1 1 0 0 0 0 0 0 0 
2.488 2 1 1 0 -1.586914 7.354736 -1.983643 0.1602 0.1562 0.1394 0.1193 0.0659 -0.0000 0.000000 -0.003611 0.0000 0 0.0000 0  558 629 701 681 692 721 721 549  1 1 0 0 0 0 0 0 0 
2.493 2 1 1 0 -1.403809 3.906250 -1.831055 0.1640 0.1636 0.1663 0.1486 0.0667 -0.0000 0.000000 -0.003948 0.0000 0 0.0000 0  566 626 731 693 696 747 710 548  1 1 0 0 0 0 0 0 0 
2.498 2 1 1 0 -1.525879 3.387451 -3.723145 0.1671 0.1603 0.1434 0.1502 0.0673 -0.0000 0.002591 -0.004037 0.0000 0 0.0000 0  543 622 690 674 696 690 710 541  1 1 0 0 0 0 0 0 0 
2.503 2 1 1 0 -2.044678 3.997803 -8.392334 0.1629 0.1601 0.1506 0.1394 0.0681 -0.0000 0.002591 -0.004122 0.0000 0 0.0000 0  559 619 728 691 688 717 714 545  1 1 0 0 0 0 0 0 0 
2.508 2 1 1 0 -0.976562 5.035400 -5.249023 0.1553 0.1597 0.1398 0.1341 0.0687 -0.0000 0.000000 -0.004788 0.0000 0 0.0000 0  533 618 692 680 683 702 712 541  1 1 0 0 0 0 0 0 0 
2.513 2 1 1 0 -1.495361 3.417969 -4.486084 0.1570 0.1608 0.1257 0.1566 0.0695 -0.0000 0.000000 -0.005073 0.0000 0 0.0000 0  557 612 708 681 688 690 699 539  1 1 0 0 0 0 0 0 0 
2.518 2 1 1 0 -0.213623 -1.037598 -3.967285 0.1704 0.1604 0.1329 0.1743 0.0701 0.0000 0.002591 -0.004991 0.0000 0 0.0000 0  559 606 676 680 687 679 705 538  1 1 0 0 0 0 0 0 0 
2.523 2 1 1 0 -0.579834 4.058838 -4.272461 0.1600 0.1440 0.1619 0.1530 0.0709 0.0000 0.002591 -0.005200 0.0000 0 0.0000 0  543 610 696 680 685 715 700 535  1 1 0 0 0 0 0 0 0 
2.528 2 1 1 0 -2.929688 6.317139 -0.610352 0.1482 0.1262 0.1161 0.1261 0.0717 0.0000 0.002591 -0.005934 0.0000 0 0.0000 0  547 608 704 682 686 746 696 534  1 1 0 0 0 0 0 0 0 
2.533 2 1 1 0 -1.983643 2.166748 -0.457764 0.1491 0.1221 0.1197 0.0992 0.0721 0.0000 0.002591 -0.006229 0.0000 0 0.0000 0  532 608 699 666 687 714 704 535  1 1 0 0 0 0 0 0 0 
2.538 2 1 1 0 -1.983643 -0.366211 -0.305176 0.1452 0.1302 0.1309 0.1008 0.0727 0.0000 0.000000 -0.006165 0.0000 0 0.0000 0  518 600 679 684 683 703 716 542  1 1 0 0 0 0 0 0 0 
2.543 2 1 1 0 -0.244141 -5.340576 0.427246 0.1552 0.1362 0.1470 0.1349 0.0735 0.0000 0.000000 -0.005799 0.0000 0 0.0000 0  545 595 681 685 681 703 710 541  1 1 0 0 0 0 0 0 0 
2.548 2 1 1 0 -0.946045 -7.995605 0.671387 0.1585 0.1585 0.1538 0.1502 0.0743 0.0000 0.000000 -0.005147 0.0000 0 0.0000 0  525 594 677 658 684 707 710 542  1 1 0 0 0 0 0 0 0 
2.553 2 1 1 0 -1.617432 -10.253906 2.716064 0.1666 0.1695 0.1353 0.1329 0.0747 0.0000 0.000000 -0.004225 0.0000 0 0.0000 0  491 594 674 670 689 697 722 542  1 1 0 0 0 0 0 0 0 
2.558 2 1 1 0 -0.762939 -10.650635 5.126953 0.1715 0.1715 0.1217 0.1474 0.0755 0.0000 0.000000 -0.003490 0.0000 0 0.0000 0  522 582 677 681 682 701 726 547  1 1 0 0 0 0 0 0 0 
2.563 2 1 1 0 0.183105 -4.577637 1.647949 0.1646 0.1566 0.1269 0.1313 0.0761 0.0000 0.002591 -0.002813 0.0000 0 0.0000 0  532 583 674 668 689 714 719 547  1 1 0 0 0 0 0 0 0 
2.568 2 1 1 0 -0.488281 -1.892090 -1.281738 0.1620 0.1520 0.1442 0.1249 0.0769 0.0000 0.002591 -0.002426 0.0000 0 0.0000 0  520 575 672 698 686 711 734 551  1 1 0 0 0 0 0 0 0 
2.573 2 1 1 0 -1.373291 2.563477 0.091553 0.1502 0.1402 0.1269 0.1366 0.0775 0.0000 0.000000 -0.002669 0.0000 0 0.0000 0  496 572 670 664 688 707 732 556  1 1 0 0 0 0 0 0 0 
2.578 2 1 1 0 -0.366211 0.244141 2.563477 0.1517 0.1337 0.1245 0.1297 0.0781 0.0000 0.002591 -0.002944 0.0000 0 0.0000 0  503 578 667 702 690 710 750 558  1 1 0 0 0 0 0 0 0 
2.583 2 1 1 0 0.152588 -3.662109 1.525879 0.1527 0.1387 0.1088 0.1153 0.0787 0.0000 0.000000 -0.002618 0.0000 0 0.0000 0  524 573 663 681 692 710 745 555  1 1 0 0 0 0 0 0 0 
2.588 2 1 1 0 -0.030518 -5.950928 2.655029 0.1603 0.1383 0.1265 0.1337 0.0793 0.0000 0.002591 -0.002097 0.0000 0 0.0000 0  513 568 663 654 691 717 705 557  1 1 0 0 0 0 0 0 0 
2.593 2 1 1 0 -1.068115 -9.063721 4.150391 0.1685 0.1420 0.1426 0.1422 0.0801 0.0000 0.002591 -0.001349 0.0000 0 0.0000 0  499 571 671 668 693 718 727 564  1 1 0 0 0 0 0 0 0 
2.598 2 1 1 0 -0.427246 -4.516602 5.462646 0.1597 0.1390 0.1313 0.1141 0.0807 0.0000 0.000000 -0.000935 0.0000 0 0.0000 0  496 569 664 646 692 719 746 560  1 1 0 0 0 0 0 0 0 
2.603 2 1 1 0 -0.335693 -8.117676 2.197266 0.1620 0.1489 0.1293 0.0876 0.0811 0.0000 0.000000 -0.000250 0.0000 0 0.0000 0  497 585 660 674 698 718 713 561  1 1 0 0 0 0 0 0 0 
2.608 2 1 1 0 0.762939 -8.087158 4.730225 0.1645 0.1685 0.1578 0.0932 0.0819 0.0000 0.000000 0.000421 0.0000 0 0.0000 0  497 563 662 686 695 724 760 566  1 1 0 0 0 0 0 0 0 
2.613 2 1 1 0 -0.610352 -14.923096 5.126953 0.1882 0.1912 0.1305 0.1735 0.0827 0.0000 0.000000 0.001804 0.0000 0 0.0000 0  501 570 665 642 708 728 730 572  1 1 0 0 0 0 0 0 0 
2.618 2 1 1 0 0.915527 -7.690430 6.011963 0.1843 0.1821 0.1345 0.1578 0.0833 0.0000 0.002591 0.002490 0.0000 0 0.0000 0  494 567 672 681 706 728 757 572  1 1 0 0 0 0 0 0 0 
2.623 2 1 1 0 -1.129150 1.770020 -4.913330 0.1709 0.1707 0.1414 0.1265 0.0839 0.0000 0.000000 0.003030 0.0000 0 0.0000 0  502 576 667 688 702 725 741 575  1 1 0 0 0 0 0 0 0 
2.628 2 1 1 0 -1.281738 3.479004 -4.547119 0.1657 0.1634 0.1370 0.1161 0.0847 0.0000 0.000000 0.002528 0.0000 0 0.0000 0  494 591 668 663 703 730 748 562  1 1 0 0 0 0 0 0 0 
2.633 2 1 1 0 0.183105 1.525879 -0.762939 0.1704 0.1661 0.1161 0.1663 0.0853 0.0000 0.002591 0.002321 0.0000 0 0.0000 0  503 571 666 682 703 725 730 564  1 1 0 0 0 0 0 0 0 
2.638 2 1 1 0 1.037598 -5.004883 -2.380371 0.1861 0.1797 0.1530 0.1884 0.0861 0.0000 0.002591 0.002645 0.0000 0 0.0000 0  505 571 660 692 715 727 746 563  1 1 0 0 0 0 0 0 0 
2.643 2 1 1 0 1.556396 3.143311 -2.502441 0.1745 0.1622 0.1305 0.1699 0.0870 0.0000 0.002591 0.002650 0.0000 0 0.0000 0  493 612 661 680 720 729 760 556  1 1 0 0 0 0 0 0 0 
2.648 2 1 1 0 -2.319336 4.608154 -4.577637 0.1684 0.1460 0.1378 0.1209 0.0878 0.0000 0.002591 0.002404 0.0000 0 0.0000 0  489 562 662 659 702 722 730 562  1 1 0 0 0 0 0 0 0 
2.653 2 1 1 0 -2.014160 2.288818 -3.295898 0.1695 0.1412 0.1366 0.1068 0.0882 0.0000 0.002591 0.001975 0.0000 0 0.0000 0  502 567 666 677 717 722 712 558  1 1 0 0 0 0 0 0 0 
2.658 2 1 1 0 2.044678 -3.814697 -4.486084 0.1814 0.1518 0.1470 0.1554 0.0890 0.0000 0.002591 0.002292 0.0000 0 0.0000 0  499 574 662 663 693 711 711 548  1 1 0 0 0 0 0 0 0 
2.663 2 1 1 0 1.831055 -3.692627 -3.509521 0.1835 0.1552 0.1554 0.1370 0.0898 0.0000 0.002591 0.002534 0.0000 0 0.0000 0  498 564 659 688 706 715 725 557  1 1 0 0 0 0 0 0 0 
2.668 2 1 1 0 0.610352 -0.701904 0.274658 0.1804 0.1539 0.1426 0.1506 0.0906 0.0000 0.002591 0.002598 0.0000 0 0.0000 0  497 584 659 687 710 712 732 547  1 1 0 0 0 0 0 0 0 
2.673 2 1 1 0 -1.525879 -3.143311 -1.220703 0.1817 0.1594 0.1418 0.1349 0.0912 0.0000 0.000000 0.002729 0.0000 0 0.0000 0  505 543 659 688 702 703 714 557  1 1 0 0 0 0 0 0 0 
2.678 2 1 1 0 0.579834 -3.784180 0.183105 0.1860 0.1593 0.1438 0.1442 0.0918 0.0000 0.002591 0.002948 0.0000 0 0.0000 0  500 574 658 667 687 706 682 519  1 1 0 0 0 0 0 0 0 
2.683 2 1 1 0 1.495361 -3.601074 2.075195 0.1910 0.1661 0.1289 0.1659 0.0926 0.0000 0.002591 0.003305 0.0000 0 0.0000 0  502 585 652 680 706 699 712 560  1 1 0 0 0 0 0 0 0 
2.688 2 1 1 0 0.274658 -0.183105 0.335693 0.1866 0.1626 0.1462 0.1611 0.0934 0.0000 0.002591 0.003311 0.0000 0 0.0000 0  505 570 650 666 692 695 691 537  1 1 0 0 0 0 0 0 0 
2.693 2 1 1 0 0.457764 3.479004 3.417969 0.1782 0.1548 0.1337 0.1422 0.0940 0.0000 0.005182 0.002966 0.0000 0 0.0000 0  505 597 648 664 685 690 714 555  1 1 0 0 0 0 0 0 0 
2.698 2 1 1 0 0.915527 -1.525879 3.784180 0.1867 0.1650 0.1390 0.1542 0.0948 0.0000 0.005182 0.002899 0.0000 0 0.0000 0  499 534 648 654 692 690 700 564  1 1 0 0 0 0 0 0 0 
2.703 2 1 1 0 0.152588 -0.518799 3.204346 0.1868 0.1711 0.1550 0.1382 0.0954 0.0000 0.002591 0.003092 0.0000 0 0.0000 0  508 568 641 654 689 681 693 521  1 1 0 0 0 0 0 0 0 
2.708 2 1 1 0 0.549316 1.800537 2.105713 0.1847 0.1682 0.1590 0.1418 0.0962 0.0000 0.002591 0.003007 0.0000 0 0.0000 0  507 540 637 652 661 677 690 540  1 1 0 0 0 0 0 0 0 
2.713 2 1 1 0 -0.457764 6.103516 0.091553 0.1769 0.1614 0.1550 0.1305 0.0970 0.0000 0.002591 0.002566 0.0000 0 0.0000 0  498 533 637 646 640 676 694 517  1 1 0 0 0 0 0 0 0 
2.718 2 1 1 0 -0.549316 2.899170 1.129150 0.1816 0.1641 0.1586 0.1349 0.0978 0.0000 0.002591 0.002183 0.0000 0 0.0000 0  497 556 629 645 676 675 691 520  1 1 0 0 0 0 0 0 0 
2.723 2 1 1 0 0.183105 -1.953125 1.037598 0.1910 0.1706 0.1623 0.1623 0.0986 0.0000 0.002591 0.002368 0.0000 0 0.0000 0  505 574 625 636 649 673 689 540  1 1 0 0 0 0 0 0 0 
2.728 2 1 1 0 -0.122070 2.319336 0.183105 0.1878 0.1674 0.1707 0.1454 0.0994 0.0000 0.002591 0.002350 0.0000 0 0.0000 0  502 537 619 639 640 667 693 527  1 1 0 0 0 0 0 0 0 
2.733 2 1 1 0 -1.831055 5.889893 -0.640869 0.1783 0.1587 0.1502 0.1554 0.1000 0.0000 0.000000 0.001967 0.0000 0 0.0000 0  497 562 620 629 672 666 690 566  1 1 0 0 0 0 0 0 0 
2.738 2 1 1 0 -0.732422 3.997803 2.410889 0.1780 0.1582 0.1506 0.1470 0.1008 0.0001 0.000000 0.001268 0.0000 0 0.0000 0  500 532 613 628 653 661 694 540  1 1 0 0 0 0 0 0 0 
2.743 2 1 1 0 -0.274658 2.716064 1.647949 0.1787 0.1628 0.1550 0.1542 0.1016 0.0001 0.000000 0.001123 0.0000 0 0.0000 0  496 535 611 625 635 662 695 574  1 1 0 0 0 0 0 0 0 
2.748 2 1 1 0 0.640869 -1.220703 3.417969 0.1865 0.1746 0.1574 0.1791 0.1024 0.0001 0.000000 0.001124 0.0000 0 0.0000 0  500 532 605 621 618 667 696 560  1 1 0 0 0 0 0 0 0 
2.753 2 1 1 0 -0.305176 -0.213623 6.134033 0.1944 0.1705 0.1498 0.1900 0.1030 0.0001 0.002591 0.001117 0.0000 0 0.0000 0  496 525 604 616 628 663 691 543  1 1 0 0 0 0 0 0 0 
2.758 2 1 1 0 -1.495361 3.967285 0.152588 0.1845 0.1559 0.1554 0.1349 0.1038 0.0001 0.002591 0.000899 0.0000 0 0.0000 0  496 528 615 611 629 678 696 547  1 1 0 0 0 0 0 0 0 
2.763 2 1 1 0 -1.129150 0.213623 2.258301 0.1836 0.1716 0.1506 0.1100 0.1044 0.0001 0.000000 0.000923 0.0000 0 0.0000 0  499 526 593 615 638 664 693 546  1 1 0 0 0 0 0 0 0 
2.768 2 1 1 0 -0.091553 -5.157471 0.823975 0.2040 0.2059 0.1839 0.1892 0.1056 0.0001 0.000000 0.001211 0.0000 0 0.0000 0  495 537 623 610 650 670 696 562  1 1 0 0 0 0 0 0 0 
2.773 2 1 1 0 0.061035 1.617432 2.777100 0.1996 0.1972 0.1707 0.1884 0.1064 0.0001 0.000000 0.001459 0.0000 0 0.0000 0  495 571 587 614 662 651 694 602  1 1 0 0 0 0 0 0 0 
2.778 2 1 1 0 -1.525879 4.455566 -5.004883 0.1938 0.1901 0.1623 0.1438 0.1072 0.0001 0.000000 0.001301 0.0000 0 0.0000 0  503 545 606 610 643 656 698 566  1 1 0 0 0 0 0 0 0 
2.783 2 1 1 0 -0.976562 8.636475 -1.953125 0.1857 0.1772 0.1578 0.1707 0.1080 0.0001 0.000000 0.000527 0.0000 0 0.0000 0  498 546 606 614 635 650 694 588  1 1 0 0 0 0 0 0 0 
2.788 2 1 1 0 -0.274658 3.173828 -1.953125 0.1979 0.1889 0.1723 0.1976 0.1088 0.0001 0.000000 0.000118 0.0000 0 0.0000 0  494 540 604 614 620 634 694 578  1 1 0 0 0 0 0 0 0 
2.793 2 1 1 0 -0.061035 6.530762 1.464844 0.1942 0.1855 0.1663 0.1996 0.1096 0.0001 0.000000 -0.000415 0.0000 0 0.0000 0  492 557 629 609 637 678 691 575  1 1 0 0 0 0 0 0 0 
2.798 2 1 1 0 -0.061035 9.216309 -2.807617 0.1844 0.1763 0.1530 0.1611 0.1104 0.0001 0.000000 -0.001152 0.0000 0 0.0000 0  499 558 610 607 614 647 685 545  1 1 0 0 0 0 0 0 0 
2.803 2 1 1 0 -0.915527 9.002686 -0.366211 0.1823 0.1751 0.1566 0.1659 0.1113 0.0001 0.000000 -0.001921 0.0000 0 0.0000 0  502 546 607 610 617 650 686 555  1 1 0 0 0 0 0 0 0 
2.808 2 1 1 0 0.732422 1.922607 -2.441406 0.1954 0.1861 0.1807 0.1731 0.1123 0.0001 0.002591 -0.002166 0.0000 0 0.0000 0  500 563 646 608 625 658 686 543  1 1 0 0 0 0 0 0 0 
2.813 2 1 1 0 0.427246 4.516602 -3.509521 0.1942 0.1829 0.1900 0.1498 0.1131 0.0001 0.002591 -0.002294 0.0000 0 0.0000 0  503 561 612 604 613 626 689 547  1 1 0 0 0 0 0 0 0 
2.818 2 1 1 0 -0.610352 3.326416 -6.439209 0.1948 0.1914 0.1735 0.1514 0.1137 0.0001 0.000000 -0.002462 0.0000 0 0.0000 0  513 565 612 603 615 645 681 548  1 1 0 0 0 0 0 0 0 
2.823 2 1 1 0 -0.152588 6.134033 -2.349854 0.1876 0.1806 0.1611 0.1663 0.1147 0.0001 0.002591 -0.003205 0.0000 0 0.0000 0  490 560 625 605 617 657 682 530  1 1 0 0 0 0 0 0 0 
2.828 2 1 1 0 -0.640869 2.044678 -3.479004 0.1980 0.1890 0.1619 0.1920 0.1155 0.0001 0.002591 -0.003295 0.0000 0 0.0000 0  514 563 626 608 615 630 679 532  1 1 0 0 0 0 0 0 0 
2.833 2 1 1 0 2.075195 5.676270 -3.356934 0.1914 0.1808 0.1687 0.1767 0.1165 0.0001 0.000000 -0.003727 0.0000 0 0.0000 0  504 566 636 607 610 635 677 540  1 1 0 0 0 0 0 0 0 
2.838 2 1 1 0 -0.152588 6.988525 -4.730225 0.1848 0.1678 0.1490 0.1434 0.1171 0.0001 0.002591 -0.004256 0.0000 0 0.0000 0  518 559 652 611 614 656 680 537  1 1 0 0 0 0 0 0 0 
2.843 2 1 1 0 -0.213623 7.415771 -0.579834 0.1828 0.1598 0.1474 0.1659 0.1179 0.0001 0.002591 -0.005108 0.0000 0 0.0000 0  526 569 632 609 612 668 675 533  1 1 0 0 0 0 0 0 0 
2.848 2 1 1 0 0.030518 1.892090 -1.281738 0.1930 0.1600 0.1671 0.1868 0.1189 0.0001 0.005182 -0.005296 0.0000 0 0.0000 0  513 560 641 614 610 635 673 533  1 1 0 0 0 0 0 0 0 
2.853 2 1 1 0 1.312256 3.814697 -0.061035 0.1872 0.1595 0.1679 0.1550 0.1195 0.0001 0.002591 -0.005783 0.0000 0 0.0000 0  513 567 612 622 617 589 673 532  1 1 0 0 0 0 0 0 0 
2.858 2 1 1 0 0.762939 -0.823975 0.305176 0.1958 0.1728 0.1948 0.1241 0.1205 0.0001 0.000000 -0.005618 0.0000 0 0.0000 0  502 575 659 605 617 655 673 524  1 1 0 0 0 0 0 0 0 
2.863 2 1 1 0 -0.854492 -1.831055 0.091553 0.1942 0.1752 0.1687 0.1631 0.1213 0.0001 0.000000 -0.005473 0.0000 0 0.0000 0  488 573 646 612 614 656 674 527  1 1 0 0 0 0 0 0 0 
2.868 2 1 1 0 2.105713 -2.868652 2.075195 0.2043 0.1753 0.1679 0.1928 0.1223 0.0001 0.002591 -0.005259 0.0000 0 0.0000 0  522 566 646 615 612 675 675 531  1 1 0 0 0 0 0 0 0 
2.873 2 1 1 0 0.762939 1.678467 -1.831055 0.1929 0.1710 0.1735 0.1514 0.1229 0.0001 0.000000 -0.005207 0.0000 0 0.0000 0  525 575 639 623 625 648 682 520  1 1 0 0 0 0 0 0 0 
2.878 2 1 1 0 0.183105 1.403809 -0.061035 0.1881 0.1881 0.1490 0.1301 0.1237 0.0001 0.000000 -0.005364 0.0000 0 0.0000 0  513 568 646 622 617 639 682 532  1 1 0 0 0 0 0 0 0 
2.883 2 1 1 0 0.183105 2.197266 2.136230 0.1936 0.1939 0.1743 0.1659 0.1245 0.0001 0.000000 -0.005709 0.0000 0 0.0000 0  502 570 632 615 619 648 690 530  1 1 0 0 0 0 0 0 0 
2.888 2 1 1 0 -0.244141 0.274658 4.577637 0.2035 0.2015 0.1486 0.2157 0.1255 0.0001 0.002591 -0.005678 0.0000 0 0.0000 0  498 577 647 619 617 665 682 532  1 1 0 0 0 0 0 0 0 
2.893 2 1 1 0 0.457764 5.950928 0.671387 0.1910 0.1790 0.1707 0.1759 0.1263 0.0001 0.002591 -0.006138 0.0000 0 0.0000 0  484 574 634 605 628 637 676 529  1 1 0 0 0 0 0 0 0 
2.898 2 1 1 0 0.244141 7.141113 -2.105713 0.1856 0.1716 0.1574 0.1462 0.1271 0.0001 0.002591 -0.006421 0.0000 0 0.0000 0  540 572 634 632 632 627 696 532  1 1 0 0 0 0 0 0 0 
2.903 2 1 1 0 -0.030518 2.990723 0.030518 0.1923 0.1723 0.1735 0.1775 0.1279 0.0001 0.002591 -0.006899 0.0000 0 0.0000 0  481 570 646 615 628 651 704 533  1 1 0 0 0 0 0 0 0 
2.908 2 1 1 0 -1.098633 4.302979 -2.807617 0.1906 0.1746 0.1892 0.1823 0.1289 0.0001 0.000000 -0.007020 0.0000 0 0.0000 0  527 573 648 627 630 657 698 531  1 1 0 0 0 0 0 0 0 
2.913 2 1 1 0 -0.366211 4.486084 -4.730225 0.1887 0.1901 0.1743 0.1598 0.1297 0.0001 0.000000 -0.007296 0.0000 0 0.0000 0  472 574 653 598 630 656 708 542  1 1 0 0 0 0 0 0 0 
2.918 2 1 1 0 0.122070 2.655029 -3.112793 0.1926 0.1908 0.1663 0.1807 0.1305 0.0001 0.000000 -0.007558 0.0000 0 0.0000 0  514 575 647 643 638 674 719 539  1 1 0 0 0 0 0 0 0 
2.923 2 1 1 0 0.244141 2.258301 -5.157471 0.1937 0.1899 0.1759 0.1715 0.1315 0.0001 0.002591 -0.007646 0.0000 0 0.0000 0  531 590 654 652 641 667 701 539  1 1 0 0 0 0 0 0 0 
2.928 2 1 1 0 0.915527 8.117676 -5.493164 0.1826 0.1768 0.1663 0.1643 0.1323 0.0001 0.002591 -0.008142 0.0000 0 0.0000 0  488 581 651 603 643 674 712 544  1 1 0 0 0 0 0 0 0 
2.933 2 1 1 0 0.091553 8.789062 -1.312256 0.1777 0.1699 0.1486 0.1687 0.1331 0.0001 0.002591 -0.009145 0.0000 0 0.0000 0  477 582 654 639 649 677 710 548  1 1 0 0 0 0 0 0 0 
2.938 2 1 1 0 -1.342773 3.662109 -3.509521 0.1829 0.1651 0.1639 0.1578 0.1339 0.0001 0.002591 -0.009465 0.0000 0 0.0000 0  537 570 651 629 652 682 722 551  1 1 0 0 0 0 0 0 0 
2.943 2 1 1 0 0.701904 2.624512 -2.410889 0.1849 0.1571 0.1791 0.1651 0.1347 0.0001 0.002591 -0.009625 0.0000 0 0.0000 0  492 582 652 649 662 686 711 555  1 1 0 0 0 0 0 0 0 
2.948 2 1 1 0 0.335693 3.295898 -1.831055 0.1819 0.1528 0.1687 0.1482 0.1355 0.0001 0.002591 -0.009774 0.0000 0 0.0000 0  533 574 660 670 665 698 726 557  1 1 0 0 0 0 0 0 0 
2.953 2 1 1 0 -0.091553 0.640869 -2.044678 0.1822 0.1571 0.1691 0.1225 0.1364 0.0001 0.002591 -0.010061 0.0000 0 0.0000 0  497 569 660 645 683 703 726 552  1 1 0 0 0 0 0 0 0 
2.958 2 1 1 0 -0.366211 -2.197266 -1.739502 0.1837 0.1744 0.1968 0.1474 0.1372 0.0001 -0.002591 -0.009723 0.0000 0 0.0000 0  502 579 661 706 681 700 745 560  1 1 0 0 0 0 0 0 0 
2.963 2 1 1 0 -0.885010 -6.256104 -2.471924 0.1986 0.1914 0.1486 0.1767 0.1382 0.0001 0.000000 -0.009161 0.0000 0 0.0000 0  533 595 667 657 688 705 704 555  1 1 0 0 0 0 0 0 0 
2.968 2 1 1 0 0.030518 -2.471924 2.105713 0.1961 0.1870 0.1526 0.1831 0.1388 0.0001 0.002591 -0.008834 0.0000 0 0.0000 0  501 581 672 669 697 712 720 558  1 1 0 0 0 0 0 0 0 
2.973 2 1 1 0 -1.098633 0.671387 -1.831055 0.1892 0.1787 0.1735 0.1414 0.1398 0.0001 0.000000 -0.008952 0.0000 0 0.0000 0  519 593 678 691 695 714 722 558  1 1 0 0 0 0 0 0 0 
2.978 2 1 1 0 0.549316 3.417969 1.190186 0.1835 0.1789 0.1566 0.1679 0.1404 0.0001 0.002591 -0.009254 0.0000 0 0.0000 0  522 583 681 680 700 721 710 557  1 1 0 0 0 0 0 0 0 
2.983 2 1 1 0 0.335693 0.122070 0.610352 0.1871 0.1825 0.1651 0.1715 0.1414 0.0001 0.000000 -0.009211 0.0000 0 0.0000 0  506 589 689 688 699 724 737 557  1 1 0 0 0 0 0 0 0 
2.988 2 1 1 0 -1.220703 6.744385 -1.708984 0.1752 0.1646 0.1671 0.1611 0.1422 0.0001 0.000000 -0.009548 0.0000 0 0.0000 0  519 598 691 694 712 720 713 550  1 1 0 0 0 0 0 0 0 
2.993 2 1 1 0 0.183105 2.960205 -0.915527 0.1752 0.1674 0.1498 0.1382 0.1430 0.0001 0.000000 -0.010032 0.0000 0 0.0000 0  536 590 701 709 715 724 717 553  1 1 0 0 0 0 0 0 0 
2.998 2 1 1 0 0.549316 3.051758 -2.532959 0.1776 0.1670 0.1884 0.1566 0.1438 0.0001 0.000000 -0.010259 0.0000 0 0.0000 0  530 632 705 704 704 731 736 552  1 1 0 0 0 0 0 0 0 
3.003 2 1 1 0 0.244141 -1.312256 -1.892090 0.1835 0.1750 0.1619 0.1691 0.1446 0.0001 0.000000 -0.009836 0.0000 0 0.0000 0  536 613 702 713 708 729 726 553  1 1 0 0 0 0 0 0 0 
3.008 2 1 1 0 0.488281 -3.509521 -5.310059 0.1911 0.1834 0.1884 0.1659 0.1454 0.0001 0.000000 -0.009588 0.0000 0 0.0000 0  539 619 706 716 737 726 691 554  1 1 0 0 0 0 0 0 0 
3.013 2 1 1 0 -0.488281 -2.868652 -6.530762 0.1901 0.1876 0.1623 0.1378 0.1462 0.0001 0.000000 -0.009085 0.0000 0 0.0000 0  552 601 714 705 713 733 722 559  1 1 0 0 0 0 0 0 0 
3.018 2 1 1 0 -0.610352 -1.617432 -1.647949 0.1939 0.1883 0.1550 0.2028 0.1472 0.0001 0.002591 -0.008934 0.0000 0 0.0000 0  550 595 718 705 733 732 717 551  1 1 0 0 0 0 0 0 0 
3.023 2 1 1 0 -0.305176 1.892090 -0.244141 0.1881 0.1805 0.1731 0.1948 0.1480 0.0001 0.002591 -0.009122 0.0000 0 0.0000 0  552 635 720 716 740 739 713 562  1 1 0 0 0 0 0 0 0 
3.028 2 1 1 0 0.305176 7.598877 -2.685547 0.1719 0.1583 0.1438 0.1530 0.1488 0.0001 0.002591 -0.009809 0.0000 0 0.0000 0  556 630 721 704 702 728 734 536  1 1 0 0 0 0 0 0 0 
3.033 2 1 1 0 -0.396729 4.486084 -2.075195 0.1735 0.1579 0.1566 0.1542 0.1496 0.0001 0.002591 -0.010150 0.0000 0 0.0000 0  562 639 723 715 744 723 757 546  1 1 0 0 0 0 0 0 0 
3.038 2 1 1 0 0.610352 1.800537 -3.356934 0.1772 0.1556 0.1514 0.1691 0.1504 0.0001 0.002591 -0.010292 0.0000 0 0.0000 0  563 640 724 718 727 721 730 554  1 1 0 0 0 0 0 0 0 
3.043 2 1 1 0 0.610352 -0.732422 -3.570557 0.1824 0.1589 0.1823 0.1687 0.1512 0.0001 0.002591 -0.010174 0.0000 0 0.0000 0  561 622 733 715 704 720 719 558  1 1 0 0 0 0 0 0 0 
3.048 2 1 1 0 -0.610352 -1.983643 -1.129150 0.1826 0.1615 0.1659 0.1526 0.1520 0.0001 0.002591 -0.009949 0.0000 0 0.0000 0  564 647 728 714 755 723 708 578  1 1 0 0 0 0 0 0 0 
3.053 2 1 1 0 -1.312256 -4.608154 -2.319336 0.1856 0.1703 0.1586 0.1586 0.1528 0.0001 0.002591 -0.009774 0.0000 0 0.0000 0  566 637 727 709 700 723 715 526  1 1 0 0 0 0 0 0 0 
3.058 2 1 1 0 0.152588 -2.563477 1.434326 0.1853 0.1757 0.1611 0.1783 0.1536 0.0001 0.002591 -0.009435 0.0000 0 0.0000 0  571 643 731 705 682 718 712 534  1 1 0 0 0 0 0 0 0 
3.063 2 1 1 0 0.366211 -6.683350 1.678467 0.1972 0.1856 0.1526 0.2068 0.1544 0.0001 0.002591 -0.008978 0.0000 0 0.0000 0  572 628 725 707 699 709 709 553  1 1 0 0 0 0 0 0 0 
3.068 2 1 1 0 1.556396 -0.793457 6.408691 0.1876 0.1740 0.1590 0.1876 0.1552 0.0001 0.002591 -0.009005 0.0000 0 0.0000 0  577 677 727 708 696 710 708 537  1 1 0 0 0 0 0 0 0 
3.073 2 1 1 0 0.671387 -1.647949 5.218506 0.1869 0.1633 0.1337 0.1687 0.1560 0.0001 0.002591 -0.008812 0.0000 0 0.0000 0  589 646 732 705 714 708 703 561  1 1 0 0 0 0 0 0 0 
3.078 2 1 1 0 0.244141 -0.610352 6.317139 0.1858 0.1544 0.1815 0.1663 0.1568 0.0001 0.002591 -0.008855 0.0000 0 0.0000 0  580 658 725 702 726 705 702 554  1 1 0 0 0 0 0 0 0 
3.083 2 1 1 0 1.647949 -0.305176 6.317139 0.1840 0.1544 0.1470 0.1639 0.1576 0.0001 0.002591 -0.008628 0.0000 0 0.0000 0  579 688 724 701 695 704 708 529  1 1 0 0 0 0 0 0 0 
3.088 2 1 1 0 1.037598 0.885010 7.507324 0.1799 0.1504 0.1619 0.1374 0.1584 0.0001 0.002591 -0.008979 0.0000 0 0.0000 0  588 662 718 701 730 701 704 589  1 1 0 0 0 0 0 0 0 
3.093 2 1 1 0 0.549316 -3.753662 6.256104 0.1828 0.1712 0.1743 0.1153 0.1592 0.0001 -0.002591 -0.008372 0.0000 0 0.0000 0  577 644 722 699 687 698 706 552  1 1 0 0 0 0 0 0 0 
3.098 2 1 1 0 1.617432 -5.371094 5.798340 0.1950 0.1931 0.1731 0.1839 0.1602 0.0001 0.000000 -0.008178 0.0000 0 0.0000 0  589 638 718 692 703 701 702 537  1 1 0 0 0 0 0 0 0 
3.103 2 1 1 0 1.953125 -3.784180 3.051758 0.1972 0.1921 0.1815 0.1940 0.1611 0.0001 0.000000 -0.007429 0.0000 0 0.0000 0  581 648 730 690 692 698 704 546  1 1 0 0 0 0 0 0 0 
3.108 2 1 1 0 0.366211 0.274658 -1.281738 0.1914 0.1848 0.1783 0.1623 0.1619 0.0001 0.000000 -0.007163 0.0000 0 0.0000 0  590 636 708 692 709 676 702 535  1 1 0 0 0 0 0 0 0 
3.113 2 1 1 0 -0.213623 4.150391 1.068115 0.1822 0.1722 0.1566 0.1643 0.1627 0.0001 0.000000 -0.007471 0.0000 0 0.0000 0  578 643 690 681 707 684 698 566  1 1 0 0 0 0 0 0 0 
3.118 2 1 1 0 1.770020 1.373291 0.213623 0.1874 0.1744 0.1663 0.1856 0.1635 0.0001 0.000000 -0.007837 0.0000 0 0.0000 0  582 624 710 687 660 689 709 534  1 1 0 0 0 0 0 0 0 
3.123 2 1 1 0 2.105713 4.089355 0.762939 0.1840 0.1702 0.1643 0.1900 0.1643 0.0001 0.000000 -0.007960 0.0000 0 0.0000 0  576 635 718 676 684 696 704 531  1 1 0 0 0 0 0 0 0 
3.128 2 1 1 0 -0.671387 1.129150 0.366211 0.1856 0.1727 0.1663 0.1623 0.1651 0.0001 0.000000 -0.008054 0.0000 0 0.0000 0  577 632 687 678 684 683 708 560  1 1 0 0 0 0 0 0 0 
3.133 2 1 1 0 0.335693 -0.793457 1.647949 0.1874 0.1750 0.1691 0.1611 0.1659 0.0001 0.000000 -0.008137 0.0000 0 0.0000 0  576 632 705 675 669 705 710 530  1 1 0 0 0 0 0 0 0 
3.138 2 1 1 0 0.030518 -2.807617 0.457764 0.1935 0.1844 0.1996 0.1823 0.1669 0.0001 -0.002591 -0.007818 0.0000 0 0.0000 0  567 628 716 677 672 702 712 573  1 1 0 0 0 0 0 0 0 
3.143 2 1 1 0 0.640869 3.723145 -0.457764 0.1824 0.1713 0.1639 0.1799 0.1677 0.0001 -0.002591 -0.007943 0.0000 0 0.0000 0  572 631 675 672 675 669 712 538  1 1 0 0 0 0 0 0 0 
3.148 2 1 1 0 1.861572 0.335693 -2.563477 0.1858 0.1732 0.1671 0.1562 0.1685 0.0001 -0.002591 -0.007877 0.0000 0 0.0000 0  558 634 739 674 675 694 717 542  1 1 0 0 0 0 0 0 0 
3.153 2 1 1 0 -0.671387 0.000000 -1.495361 0.1832 0.1747 0.1586 0.1651 0.1693 0.0001 -0.002591 -0.008013 0.0000 0 0.0000 0  574 623 685 677 685 671 713 563  1 1 0 0 0 0 0 0 0 
3.158 2 1 1 0 0.518799 -1.953125 -0.823975 0.1931 0.1745 0.1707 0.1751 0.1703 0.0001 0.000000 -0.007731 0.0000 0 0.0000 0  564 626 687 677 686 698 715 564  1 1 0 0 0 0 0 0 0 
3.163 2 1 1 0 2.990723 2.319336 3.753662 0.1857 0.1643 0.1470 0.1735 0.1711 0.0001 0.000000 -0.008222 0.0000 0 0.0000 0  569 619 704 673 685 703 715 551  1 1 0 0 0 0 0 0 0 
3.168 2 1 1 0 -1.068115 -0.122070 2.471924 0.1875 0.1685 0.1562 0.1554 0.1719 0.0001 0.000000 -0.008153 0.0000 0 0.0000 0  558 621 697 680 688 679 714 545  1 1 0 0 0 0 0 0 0 
3.173 2 1 1 0 1.525879 -2.655029 3.875732 0.1937 0.1764 0.1767 0.1470 0.1727 0.0001 0.000000 -0.008003 0.0000 0 0.0000 0  567 617 722 684 688 716 723 548  1 1 0 0 0 0 0 0 0 
3.178 2 1 1 0 0.885010 -1.892090 6.256104 0.1934 0.1776 0.1631 0.1767 0.1735 0.0001 0.000000 -0.007913 0.0000 0 0.0000 0  570 621 706 684 697 693 720 547  1 1 0 0 0 0 0 0 0 
3.183 2 1 1 0 0.579834 2.319336 6.317139 0.1872 0.1733 0.1759 0.1671 0.1743 0.0001 0.000000 -0.008109 0.0000 0 0.0000 0  563 623 741 689 694 731 724 560  1 1 0 0 0 0 0 0 0 
3.188 2 1 1 0 1.068115 -0.335693 1.708984 0.1893 0.1752 0.1586 0.1301 0.1751 0.0001 0.000000 -0.007994 0.0000 0 0.0000 0  559 625 701 680 694 707 724 564  1 1 0 0 0 0 0 0 0 
3.193 2 1 1 0 -1.037598 -0.030518 4.028320 0.1919 0.1819 0.1968 0.1643 0.1761 0.0001 -0.002591 -0.008060 0.0000 0 0.0000 0  570 634 700 692 696 707 722 561  1 1 0 0 0 0 0 0 0 
3.198 2 1 1 0 -0.671387 -4.211426 3.387451 0.2040 0.1860 0.1799 0.1988 0.1771 0.0001 0.000000 -0.007432 0.0000 0 0.0000 0  559 629 728 690 695 761 722 560  1 1 0 0 0 0 0 0 0 
3.203 2 1 1 0 2.807617 2.380371 1.007080 0.1917 0.1723 0.1759 0.1566 0.1779 0.0001 0.000000 -0.007745 0.0000 0 0.0000 0  570 629 716 702 698 717 725 556  1 1 0 0 0 0 0 0 0 
3.208 2 1 1 0 -0.305176 2.166748 3.479004 0.1820 0.1826 0.1659 0.1281 0.1785 0.0001 -0.002591 -0.007606 0.0000 0 0.0000 0  570 630 707 697 699 715 720 561  1 1 0 0 0 0 0 0 0 
3.213 2 1 1 0 -0.488281 -2.593994 3.417969 0.1959 0.1986 0.1715 0.2016 0.1795 0.0001 0.000000 -0.007870 0.0000 0 0.0000 0  542 639 724 697 703 729 717 551  1 1 0 0 0 0 0 0 0 
3.218 2 1 1 0 1.892090 -1.251221 6.591797 0.2021 0.2004 0.1723 0.2157 0.1803 0.0001 0.000000 -0.007302 0.0000 0 0.0000 0  563 635 704 690 703 702 713 548  1 1 0 0 0 0 0 0 0 
3.223 2 1 1 0 -1.007080 1.586914 0.366211 0.1965 0.1912 0.1586 0.1791 0.1813 0.0001 -0.002591 -0.007409 0.0000 0 0.0000 0  587 632 707 712 702 722 714 557  1 1 0 0 0 0 0 0 0 
3.228 2 1 1 0 0.396729 4.272461 -0.183105 0.1952 0.1878 0.2088 0.1619 0.1821 0.0001 -0.002591 -0.007496 0.0000 0 0.0000 0  536 641 726 688 705 721 715 552  1 1 0 0 0 0 0 0 0 
3.233 2 1 1 0 -1.159668 -1.525879 -1.281738 0.2019 0.1985 0.1799 0.1876 0.1829 0.0001 -0.002591 -0.007395 0.0000 0 0.0000 0  573 634 719 705 702 714 695 551  1 1 0 0 0 0 0 0 0 
3.238 2 1 1 0 -0.579834 4.516602 -2.410889 0.1928 0.1974 0.1847 0.1799 0.1841 0.0001 -0.002591 -0.007556 0.0000 0 0.0000 0  576 638 717 706 705 678 711 555  1 1 0 0 0 0 0 0 0 
3.243 2 1 1 0 1.037598 2.197266 -3.845215 0.1961 0.1991 0.1687 0.1538 0.1849 0.0001 -0.002591 -0.007565 0.0000 0 0.0000 0  564 638 729 695 703 708 712 552  1 1 0 0 0 0 0 0 0 
3.248 2 1 1 0 -1.617432 4.516602 -1.922607 0.1961 0.1981 0.1856 0.2080 0.1858 0.0001 -0.002591 -0.008295 0.0000 0 0.0000 0  565 638 716 703 709 694 707 548  1 1 0 0 0 0 0 0 0 
3.253 2 1 1 0 -1.373291 3.234863 0.152588 0.2042 0.2022 0.1783 0.2229 0.1868 0.0001 0.000000 -0.008172 0.0000 0 0.0000 0  576 636 723 681 708 713 701 546  1 1 0 0 0 0 0 0 0 
3.258 2 1 1 0 2.746582 6.622314 1.281738 0.1953 0.1873 0.1651 0.1948 0.1876 0.0001 0.000000 -0.009063 0.0000 0 0.0000 0  570 634 725 716 705 720 718 548  1 1 0 0 0 0 0 0 0 
3.263 2 1 1 0 0.030518 6.591797 -2.014160 0.1910 0.1730 0.1663 0.1715 0.1884 0.0001 0.000000 -0.009338 0.0000 0 0.0000 0  565 640 722 709 705 698 711 545  1 1 0 0 0 0 0 0 0 
3.268 2 1 1 0 -0.701904 3.723145 0.488281 0.1962 0.1700 0.1920 0.1671 0.1896 0.0001 0.000000 -0.009728 0.0000 0 0.0000 0  557 634 726 712 700 694 712 549  1 1 0 0 0 0 0 0 0 
3.273 2 1 1 0 1.525879 1.831055 1.556396 0.1985 0.1732 0.1807 0.1611 0.1904 0.0001 0.000000 -0.009761 0.0000 0 0.0000 0  585 632 722 721 703 708 717 550  1 1 0 0 0 0 0 0 0 
3.278 2 1 1 0 0.823975 -1.159668 0.946045 0.2024 0.1784 0.1759 0.1554 0.1912 0.0001 0.000000 -0.009833 0.0000 0 0.0000 0  579 626 715 713 704 704 708 550  1 1 0 0 0 0 0 0 0 
3.283 2 1 1 0 0.671387 0.854492 3.723145 0.2005 0.1756 0.1815 0.1566 0.1920 0.0001 0.000000 -0.009763 0.0000 0 0.0000 0  555 638 716 722 704 707 719 548  1 1 0 0 0 0 0 0 0 
3.288 2 1 1 0 0.885010 -0.823975 4.272461 0.2009 0.1800 0.1759 0.1791 0.1930 0.0001 -0.002591 -0.009826 0.0000 0 0.0000 0  561 628 725 702 700 709 709 546  1 1 0 0 0 0 0 0 0 
3.293 2 1 1 0 1.190186 3.631592 5.920410 0.1931 0.1708 0.1731 0.1715 0.1938 0.0001 -0.002591 -0.010140 0.0000 0 0.0000 0  558 628 715 664 704 705 691 547  1 1 0 0 0 0 0 0 0 
3.298 2 1 1 0 1.251221 1.770020 5.615234 0.1937 0.1712 0.1659 0.1422 0.1946 0.0001 -0.002591 -0.010174 0.0000 0 0.0000 0  575 633 716 724 705 707 752 543  1 1 0 0 0 0 0 0 0 
3.303 2 1 1 0 1.312256 1.129150 8.148193 0.1893 0.1788 0.1815 0.1611 0.1954 0.0001 -0.002591 -0.010475 0.0000 0 0.0000 0  577 628 721 697 702 710 711 543  1 1 0 0 0 0 0 0 0 
3.308 2 1 1 0 -1.037598 1.922607 10.467529 0.1922 0.1777 0.1663 0.2028 0.1964 0.0001 0.000000 -0.010537 0.0000 0 0.0000 0  559 621 717 673 697 711 712 545  1 1 0 0 0 0 0 0 0 
3.313 2 1 1 0 2.380371 -0.305176 10.131836 0.1944 0.1759 0.1767 0.1699 0.1972 0.0001 0.000000 -0.010753 0.0000 0 0.0000 0  583 627 713 728 705 705 721 544  1 1 0 0 0 0 0 0 0 
3.318 2 1 1 0 0.000000 -0.366211 6.774902 0.1927 0.1973 0.1823 0.1285 0.1980 0.0001 -0.005182 -0.010372 0.0000 0 0.0000 0  537 614 722 673 705 706 685 547  1 1 0 0 0 0 0 0 0 
3.323 2 1 1 0 0.244141 -2.319336 6.195068 0.2039 0.2055 0.1856 0.1831 0.1990 0.0001 -0.002591 -0.010226 0.0000 0 0.0000 0  550 615 723 702 698 713 721 554  1 1 0 0 0 0 0 0 0 
3.328 2 1 1 0 1.892090 1.647949 2.044678 0.2015 0.2006 0.1956 0.1912 0.1998 0.0001 -0.002591 -0.009934 0.0000 0 0.0000 0  565 628 731 710 698 714 690 550  1 1 0 0 0 0 0 0 0 
3.333 2 1 1 0 -1.190186 3.997803 -1.373291 0.1928 0.1939 0.1699 0.1699 0.2006 0.0001 -0.002591 -0.010069 0.0000 0 0.0000 0  567 632 736 696 704 715 709 550  1 1 0 0 0 0 0 0 0 
3.338 2 1 1 0 1.495361 5.615234 1.495361 0.1878 0.1929 0.1775 0.1884 0.2016 0.0001 -0.005182 -0.010788 0.0000 0 0.0000 0  554 646 734 699 716 712 715 557  1 1 0 0 0 0 0 0 0 
3.343 2 1 1 0 -0.061035 6.835938 1.251221 0.1906 0.1846 0.1631 0.1912 0.2026 0.0001 -0.002591 -0.011114 0.0000 0 0.0000 0  560 628 742 702 714 722 706 564  1 1 0 0 0 0 0 0 0 
3.348 2 1 1 0 -0.457764 4.760742 -0.671387 0.1931 0.1810 0.1751 0.1940 0.2034 0.0001 -0.002591 -0.011617 0.0000 0 0.0000 0  554 649 745 703 736 728 741 563  1 1 0 0 0 0 0 0 0 
3.353 2 1 1 0 0.762939 4.241943 -1.129150 0.1917 0.1805 0.1815 0.1458 0.2042 0.0001 -0.002591 -0.011755 0.0000 0 0.0000 0  584 654 754 736 757 736 751 577  1 1 0 0 0 0 0 0 0 
3.358 2 1 1 0 -0.762939 1.647949 -0.793457 0.1958 0.1886 0.2080 0.1856 0.2052 0.0001 -0.005182 -0.011976 0.0000 0 0.0000 0  587 654 763 764 742 746 767 583  1 1 0 0 0 0 0 0 0 
3.363 2 1 1 0 -1.495361 3.265381 3.601074 0.1912 0.1768 0.1723 0.1643 0.2062 0.0001 -0.002591 -0.012242 0.0000 0 0.0000 0  584 659 777 763 775 758 784 590  1 1 0 0 0 0 0 0 0 
3.368 2 1 1 0 -0.732422 1.312256 -3.173828 0.1951 0.1811 0.1815 0.1631 0.2070 0.0001 -0.002591 -0.012215 0.0000 0 0.0000 0  581 683 785 755 754 768 771 581  1 1 0 0 0 0 0 0 0 
3.373 2 1 1 0 0.610352 2.929688 -3.448486 0.1888 0.1788 0.1715 0.1639 0.2078 0.0001 -0.002591 -0.012251 0.0000 0 0.0000 0  593 694 802 787 804 788 812 618  1 1 0 0 0 0 0 0 0 
3.378 2 1 1 0 -2.319336 0.213623 -2.838135 0.1854 0.1954 0.1775 0.1912 0.2088 0.0001 -0.005182 -0.012192 0.0000 0 0.0000 0  603 714 827 813 791 824 853 621  1 1 0 0 0 0 0 0 0 
3.383 2 1 1 0 -0.885010 2.990723 3.387451 0.1803 0.1943 0.1538 0.2100 0.2096 0.0001 -0.005182 -0.012618 0.0000 0 0.0000 0  605 702 835 820 826 831 841 626  1 1 0 0 0 0 0 0 0 
3.388 2 1 1 0 1.251221 2.349854 -1.312256 0.1863 0.1803 0.1474 0.1735 0.2102 0.0000 -0.002591 -0.012864 0.0000 0 0.0000 0  621 733 855 842 865 843 868 643  1 1 0 0 0 0 0 0 0 
3.393 2 1 1 0 -0.518799 0.488281 0.000000 0.1940 0.1765 0.1876 0.1619 0.2115 0.0000 -0.002591 -0.012767 0.0000 0 0.0000 0  643 747 880 865 875 866 895 662  1 1 0 0 0 0 0 0 0 
3.398 2 1 1 0 -2.288818 -1.983643 0.640869 0.1976 0.1823 0.1815 0.1759 0.2123 0.0000 -0.002591 -0.012608 0.0000 0 0.0000 0  647 734 899 878 903 897 901 666  1 1 0 0 0 0 0 0 0 
3.403 2 1 1 0 1.403809 3.845215 0.915527 0.1866 0.1731 0.1751 0.1643 0.2131 0.0000 -0.002591 -0.012970 0.0000 0 0.0000 0  662 777 915 909 930 918 936 720  1 1 0 0 0 0 0 0 0 
3.408 2 1 1 0 0.671387 0.579834 -0.183105 0.1902 0.1781 0.1735 0.1458 0.2139 0.0000 -0.002591 -0.012846 0.0000 0 0.0000 0  684 775 938 930 935 949 962 716  1 1 0 0 0 0 0 0 0 
3.413 2 1 1 0 -0.427246 -1.831055 0.366211 0.1923 0.1842 0.1663 0.1723 0.2149 0.0000 -0.005182 -0.012784 0.0000 0 0.0000 0  694 820 964 953 965 978 984 709  1 1 0 0 0 0 0 0 0 
3.418 2 1 1 0 0.305176 -0.518799 -0.579834 0.1924 0.1823 0.1791 0.1699 0.2157 0.0000 -0.005182 -0.012397 -1.4229 1 4.1800 0  716 780 975 984 987 1000 1003 766  1 1 0 0 0 0 0 1 0 
3.423 2 1 1 0 -1.678467 3.143311 -4.180908 0.1855 0.1794 0.1920 0.1554 0.2165 0.0000 -0.005182 -0.012528 -1.4229 0 4.1800 0  725 839 999 1006 1013 1018 1032 726  1 1 0 0 0 0 0 0 0 
3.428 2 1 1 0 1.617432 5.767822 2.746582 0.1661 0.1720 0.1470 0.1414 0.2173 0.0000 -0.005182 -0.013276 -2.1356 0 4.1800 0  740 897 1026 1031 1039 1041 1051 792  1 1 0 0 0 0 0 0 0 
3.433 2 1 1 0 -0.335693 0.396729 -2.288818 0.1837 0.1776 0.1586 0.1928 0.2183 0.0000 -0.002591 -0.013265 -1.4728 0 2.3516 0  755 864 1046 1039 1030 1070 1080 778  1 1 0 0 0 0 0 0 0 
3.438 2 1 1 0 0.244141 0.671387 0.213623 0.1863 0.1762 0.1759 0.2028 0.2191 0.0000 -0.002591 -0.013258 -4.1800 0 4.1800 0  767 898 1056 1062 1063 1089 1097 815  1 1 0 0 0 0 1 0 0 
3.443 2 1 1 0 0.213623 -2.685547 -0.610352 0.1927 0.1746 0.1562 0.1823 0.2199 0.0000 -0.002591 -0.012905 -1.4317 1 2.4948 1  778 891 1070 1075 1093 1110 1120 806  1 1 0 0 0 0 2 3 1 
3.448 2 1 1 0 0.915527 -2.166748 0.885010 0.1927 0.1756 0.1948 0.1735 0.2207 0.0000 -0.002591 -0.013005 -1.5664 1 3.1567 1  790 923 1096 1092 1112 1125 1148 852  1 1 0 0 0 0 2 8 3 
3.453 2 1 1 0 -1.037598 -6.317139 0.183105 0.1988 0.1876 0.1839 0.1847 0.2217 0.0000 -0.005182 -0.012201 -1.5822 1 3.0950 1  809 944 1104 1102 1145 1139 1153 860  1 1 0 0 0 0 3 10 1 
3.458 2 1 1 0 -1.007080 -4.089355 -0.549316 0.1997 0.1845 0.1847 0.1687 0.2227 0.0000 -0.002591 -0.011769 -1.1767 1 2.5054 1  819 956 1101 1114 1128 1156 1175 848  1 1 0 0 0 0 3 15 4 
3.463 2 1 1 0 0.518799 0.579834 -3.479004 0.1865 0.1782 0.1671 0.1474 0.2233 0.0000 -0.005182 -0.011612 -1.5705 0 2.7015 0  831 957 1125 1120 1147 1167 1177 898  1 1 0 0 0 0 7 8 0 
3.468 2 1 2 0 1.068115 0.427246 1.281738 0.2245 0.2122 0.1751 0.1876 0.2243 0.0000 -0.002591 -0.011927 -1.5705 0 2.7015 0  842 977 1120 1132 1170 1168 1191 908  1 1 0 0 0 0 12 0 0 
3.473 2 1 2 0 0.061035 -2.105713 1.831055 0.2458 0.2375 0.1791 0.1807 0.2251 -0.0000 -0.002591 -0.011742 -1.5705 0 2.7015 0  858 975 1158 1140 1135 1176 1197 888  1 1 0 0 0 0 17 0 0 
3.478 2 1 2 0 0.885010 5.432129 4.425049 0.2616 0.2443 0.1912 0.2113 0.2263 -0.0000 -0.002591 -0.012225 -1.5705 0 2.7015 0  856 999 1159 1142 1180 1198 1199 940  1 1 0 0 1 0 20 0 0 
3.483 2 1 2 0 0.640869 12.054443 -1.403809 0.2678 0.2529 0.1900 0.2016 0.2271 -0.0000 -0.002591 -0.012845 -1.5705 0 2.7015 0  866 971 1154 1140 1154 1202 1205 879  1 1 0 0 1 0 20 0 0 
3.488 2 1 2 0 -0.366211 20.324707 1.617432 0.2714 0.2585 0.2205 0.2048 0.2283 -0.0000 -0.002591 -0.014549 -1.5705 0 2.7015 0  872 983 1170 1145 1175 1190 1206 892  1 1 0 0 1 0 20 0 0 
3.493 2 1 2 0 1.220703 26.947021 1.617432 0.2723 0.2596 0.2181 0.2157 0.2295 -0.0000 -0.002591 -0.016886 -1.5705 0 2.7015 0  864 1014 1141 1144 1172 1185 1198 922  1 1 0 0 1 0 20 0 0 
3.498 2 1 2 0 0.732422 30.090332 -3.417969 0.2810 0.2730 0.2574 0.2169 0.2305 -0.0000 -0.005182 -0.019255 -1.5705 0 2.7015 0  868 989 1154 1143 1169 1203 1194 922  1 1 0 0 1 0 20 0 0 
3.503 2 1 2 0 0.305176 34.545898 -0.061035 0.2763 0.2803 0.2434 0.2402 0.2317 -0.0000 -0.005182 -0.022125 -1.5705 0 2.7015 0  868 981 1147 1145 1148 1182 1187 926  1 1 0 0 1 0 20 0 0 
3.508 2 1 2 0 0.274658 44.494629 3.997803 0.2715 0.2715 0.2253 0.2659 0.2329 -0.0000 -0.005182 -0.026117 -1.5705 0 2.7015 0  860 977 1104 1127 1142 1146 1178 912  1 1 0 0 1 0 20 0 0 
3.513 2 1 2 0 1.617432 46.081543 1.464844 0.2751 0.2651 0.2181 0.2462 0.2341 -0.0000 -0.005182 -0.029943 -1.5705 0 2.7015 0  864 972 1133 1119 1140 1158 1166 890  1 1 0 0 1 0 20 0 0 
3.518 2 1 2 0 1.770020 47.454834 4.119873 0.2794 0.2648 0.2639 0.2639 0.2356 -0.0000 -0.002591 -0.034140 -1.5705 0 2.7015 0  854 964 1113 1111 1112 1133 1156 866  1 1 0 0 1 0 20 0 0 
3.523 2 1 2 0 0.732422 49.255371 2.777100 0.2797 0.2684 0.2695 0.2675 0.2368 -0.0000 -0.002591 -0.038394 -1.5705 0 2.7015 0  838 962 1125 1091 1113 1147 1134 863  1 1 0 0 1 0 20 0 0 
3.528 2 1 2 0 0.518799 52.947998 -1.892090 0.2741 0.2710 0.2888 0.2281 0.2382 -0.0000 -0.005182 -0.042487 -1.5705 0 2.7015 0  818 950 1100 1071 1097 1121 1121 849  1 1 0 0 1 0 20 0 0 
3.533 2 1 2 0 1.190186 51.605225 -3.387451 0.2728 0.2738 0.2767 0.2639 0.2394 -0.0000 -0.005182 -0.046816 -1.5705 0 2.7015 0  810 932 1039 1053 1077 1062 1100 839  1 1 0 0 1 0 20 0 0 
3.538 2 1 2 0 0.793457 57.800293 0.671387 0.2562 0.2662 0.2362 0.2908 0.2408 -0.0001 -0.002591 -0.051803 -1.5705 0 2.7015 0  816 915 1054 1035 1055 1072 1072 830  1 1 0 0 1 0 20 0 0 
3.543 2 1 2 0 0.091553 59.509277 3.234863 0.2528 0.2568 0.2494 0.3016 0.2420 -0.0001 -0.002591 -0.056979 -1.5705 0 2.7015 0  792 891 1033 1008 1021 1061 1053 817  1 1 0 0 1 0 20 0 0 
3.548 2 1 2 0 -0.823975 57.342529 1.434326 0.2574 0.2414 0.2418 0.2731 0.2434 -0.0001 0.000000 -0.061781 -1.5705 0 2.7015 0  776 866 1013 981 990 1049 1028 799  1 1 0 0 1 0 20 0 0 
3.553 2 1 3 0 1.190186 59.722900 1.892090 0.1897 0.1915 0.2522 0.2590 0.2448 -0.0001 -0.002591 -0.066816 -1.5705 0 2.7015 0  762 846 965 938 961 981 994 773  1 1 0 0 1 0 15 0 0 
3.558 2 1 3 0 0.366211 58.959961 1.586914 0.1444 0.1624 0.2193 0.2113 0.2458 -0.0001 -0.005182 -0.071670 -1.5705 0 2.7015 0  739 831 922 914 923 939 952 751  1 1 0 0 1 0 10 0 0 
3.563 2 1 3 0 -0.396729 60.974121 1.098633 0.0911 0.1191 0.1900 0.1847 0.2468 -0.0001 -0.002591 -0.076695 -1.5705 0 2.7015 0  725 794 887 881 879 909 917 723  1 1 0 0 1 0 5 0 0 
3.568 2 1 3 0 0.823975 60.485840 1.800537 0.0369 0.0749 0.1486 0.1341 0.2476 -0.0001 -0.002591 -0.081718 -1.5705 0 2.7015 0  671 761 845 849 843 868 871 695  1 1 0 0 1 0 0 0 0 
3.573 2 1 3 0 -3.112793 56.304932 -1.129150 -0.0092 0.0388 0.1088 0.1518 0.2480 -0.0001 -0.002591 -0.086470 -1.5705 0 2.7015 0  699 736 813 794 796 851 839 668  1 1 0 0 0 0 0 0 0 
3.578 2 1 3 0 -1.800537 43.762207 11.230469 -0.0417 0.0163 0.0538 0.1454 0.2484 -0.0001 0.002591 -0.090507 -1.5705 0 2.7015 0  642 705 773 776 764 812 811 646  1 1 0 0 0 0 0 0 0 
3.583 2 1 3 0 4.974365 10.864258 14.617920 -0.0355 0.0325 0.0321 0.1345 0.2488 -0.0001 0.007773 -0.092153 -1.5705 0 2.7015 0  586 694 737 722 746 748 792 624  1 1 0 0 0 0 0 0 0 
3.588 2 1 3 0 3.082275 -33.935547 7.507324 0.0097 0.0877 0.0321 0.1008 0.2492 -0.0001 0.007773 -0.087184 -1.5705 0 2.7015 0  630 682 761 730 740 766 776 618  1 1 0 0 0 0 0 0 0 
3.593 2 1 3 0 0.762939 -60.302734 -2.838135 0.0407 0.1287 0.0546 0.1076 0.2496 -0.0001 0.007773 -0.080530 -1.5705 0 2.7015 0  627 685 749 712 743 770 760 624  1 1 0 0 0 0 0 0 0 
3.598 2 1 3 0 -5.004883 -73.760986 -13.641357 0.0628 0.1608 0.1108 0.1329 0.2504 -0.0001 0.007773 -0.072530 -1.5705 0 2.7015 0  646 699 757 761 755 778 790 629  1 1 0 0 0 0 0 0 0 
3.603 2 1 3 0 -5.371094 -63.476562 -11.383057 0.0433 0.1513 0.0976 0.1470 0.2510 -0.0001 0.010364 -0.066761 -1.5705 0 2.7015 0  686 701 773 745 757 786 785 640  1 1 0 0 0 0 0 0 0 
3.608 2 1 3 0 -0.793457 -65.307617 -9.155273 0.0431 0.1611 0.0659 0.1550 0.2516 -0.0000 0.012956 -0.061071 -1.5705 0 2.7015 0  654 705 769 762 764 794 804 642  1 1 0 0 0 0 0 0 0 
3.613 2 1 3 0 3.021240 -59.448242 -9.582520 0.0401 0.1561 0.0659 0.1309 0.2518 -0.0000 0.015547 -0.055592 -1.5705 0 2.7015 0  659 714 780 763 770 798 797 650  1 1 0 0 0 0 0 0 0 
3.618 2 1 3 0 -3.723145 -45.135498 -23.162842 0.0267 0.1327 0.0398 0.0976 0.2520 -0.0000 0.018138 -0.050749 -1.5705 0 2.7015 0  645 708 779 762 766 800 795 647  1 1 0 0 0 0 0 0 0 
3.623 2 1 3 0 -4.394531 -37.902832 -30.487061 0.0174 0.1134 0.0390 0.0534 0.2524 -0.0000 0.018138 -0.046840 -1.5705 0 2.7015 0  659 713 782 759 767 794 804 650  1 1 0 0 0 0 0 0 0 
3.628 2 1 3 0 -1.586914 -39.489746 -27.587891 0.0277 0.1137 0.0390 0.0880 0.2526 -0.0000 0.020729 -0.043477 -1.5705 0 2.7015 0  687 714 785 761 762 790 803 642  1 1 0 0 0 0 0 0 0 
3.633 2 1 3 0 0.091553 -40.405273 -28.442383 0.0278 0.1148 0.0269 0.0996 0.2528 -0.0000 0.023320 -0.039846 -1.5705 0 2.7015 0  664 721 781 731 766 787 779 643  1 1 0 0 0 0 0 0 0 
3.638 2 1 3 0 -2.166748 -41.961670 -27.923584 0.0262 0.1184 0.0201 0.1056 0.2530 -0.0000 0.025911 -0.036009 -1.5705 0 2.7015 0  661 723 782 769 758 787 786 637  1 1 0 0 0 0 0 0 0 
3.643 2 1 3 0 -4.913330 -40.832520 -31.372070 0.0317 0.1139 0.0161 0.0819 0.2532 -0.0000 0.028502 -0.032298 -1.5705 0 2.7015 0  684 719 782 783 761 783 800 638  1 1 0 0 0 0 0 0 0 
3.648 2 1 3 0 -2.471924 -42.480469 -29.022217 0.0297 0.1219 0.0133 0.1137 0.2536 -0.0000 0.033685 -0.028505 -1.5705 0 2.7015 0  661 716 780 751 757 787 784 635  1 1 0 0 0 0 0 0 0 
3.653 2 1 3 0 -1.983643 -43.487549 -33.233643 0.0270 0.1292 0.0112 0.1233 0.2538 0.0000 0.036276 -0.024543 -1.5705 0 2.7015 0  682 729 788 770 763 783 797 634  1 1 0 0 0 0 0 0 0 
3.658 2 1 3 0 -3.509521 -38.757324 -37.109375 0.0311 0.1233 0.0100 0.1012 0.2540 0.0000 0.038867 -0.020824 -1.5705 0 2.7015 0  686 726 784 749 759 787 752 632  1 1 0 0 0 0 0 0 0 
3.663 2 1 3 0 -5.584717 -41.412354 -38.360596 0.0472 0.1301 0.0088 0.0912 0.2544 0.0000 0.044049 -0.017067 -1.5705 0 2.7015 0  660 730 788 764 754 786 776 625  1 1 0 0 0 0 0 0 0 
3.668 2 1 3 0 -4.486084 -42.266846 -37.994385 0.0534 0.1370 0.0080 0.1044 0.2546 0.0000 0.046640 -0.013446 -1.5705 0 2.7015 0  669 724 792 755 760 779 779 628  1 1 0 0 0 0 0 0 0 
3.673 2 1 3 0 -2.258301 -45.074463 -38.024902 0.0554 0.1490 0.0072 0.1088 0.2548 0.0000 0.049231 -0.009470 -1.5705 0 2.7015 0  708 752 789 717 753 775 778 617  1 1 0 0 0 0 0 0 0 
3.678 2 1 3 0 -4.241943 -40.588379 -41.320801 0.0492 0.1516 0.0064 0.1173 0.2552 0.0001 0.054414 -0.005725 -1.5705 0 2.7015 0  682 740 793 765 771 783 777 614  1 1 0 0 0 0 0 0 0 
3.683 2 1 3 0 -6.347656 -35.278320 -45.013428 0.0495 0.1508 0.0064 0.1161 0.2556 0.0001 0.054414 -0.002276 -1.5705 0 2.7015 0  680 728 797 768 743 770 779 622  1 1 0 0 0 0 0 0 0 
3.688 2 1 3 0 -5.737305 -34.240723 -46.783447 0.0596 0.1549 0.0064 0.1189 0.2560 0.0001 0.059596 0.000695 -1.5705 0 2.7015 0  686 728 792 739 753 772 769 612  1 1 0 0 0 0 0 0 0 
3.693 2 1 3 0 -4.486084 -30.883789 -44.372559 0.0506 0.1560 0.0402 0.1217 0.2564 0.0001 0.059596 0.003303 -1.5705 0 2.7015 0  690 730 788 761 751 773 782 604  1 1 0 0 0 0 0 0 0 
3.698 2 1 3 0 -5.371094 -30.853271 -43.029785 0.0539 0.1620 0.0402 0.1177 0.2568 0.0002 0.064778 0.005898 -1.5705 0 2.7015 0  689 715 791 759 753 767 755 607  1 1 0 0 0 0 0 0 0 
3.703 2 1 3 0 -5.493164 -32.958984 -44.281006 0.0676 0.1777 0.0277 0.1574 0.2572 0.0002 0.069960 0.008721 -1.5705 0 2.7015 0  690 753 793 745 738 771 765 598  1 1 0 0 0 0 0 0 0 
3.708 2 1 3 0 -6.744385 -30.761719 -47.546387 0.0650 0.1851 0.0205 0.1538 0.2574 0.0002 0.072551 0.011621 -1.5705 0 2.7015 0  689 691 786 747 744 767 745 612  1 1 0 0 0 0 0 0 0 
3.713 2 1 3 0 -9.216309 -30.303955 -51.635742 0.0763 0.1944 0.0165 0.1530 0.2578 0.0002 0.077734 0.014537 -1.5705 0 2.7015 0  689 754 790 752 751 768 790 570  1 1 0 0 0 0 0 0 0 
3.718 2 1 3 0 -9.094238 -28.442383 -48.767090 0.0732 0.2013 0.0137 0.1506 0.2582 0.0003 0.082916 0.016941 -1.5705 0 2.7015 0  688 705 790 743 748 766 761 595  1 1 0 0 0 0 0 0 0 
3.723 2 1 3 0 -9.094238 -27.404785 -47.912598 0.0809 0.2110 0.0125 0.1631 0.2588 0.0003 0.085507 0.019195 -1.5705 0 2.7015 0  688 703 789 751 748 764 744 586  1 1 0 0 0 0 0 0 0 
3.728 2 1 3 0 -8.422852 -23.254395 -47.546387 0.0770 0.2172 0.0125 0.1735 0.2592 0.0003 0.090689 0.021297 -1.5705 0 2.7015 0  691 742 786 757 763 763 774 591  1 1 0 0 0 0 0 0 0 
3.733 2 1 3 0 -9.613037 -19.805908 -48.522949 0.0799 0.2217 0.0458 0.1735 0.2598 0.0004 0.093280 0.023087 -1.5705 0 2.7015 0  685 709 778 747 718 761 755 589  1 1 0 0 0 0 0 0 0 
3.738 2 1 3 0 -11.016846 -15.136719 -49.224854 0.0875 0.2194 0.0735 0.1506 0.2604 0.0005 0.095872 0.024438 -1.5705 0 2.7015 0  670 712 778 743 752 761 758 579  1 1 0 0 0 0 0 0 0 
3.743 2 1 3 0 -8.666992 -12.725830 -48.431396 0.0937 0.2230 0.0526 0.1611 0.2610 0.0005 0.098463 0.025485 -1.5705 0 2.7015 0  669 683 770 744 726 758 754 593  1 1 0 0 0 0 0 0 0 
3.748 2 1 3 0 -5.554199 -10.986328 -49.102783 0.0908 0.2301 0.0526 0.1892 0.2614 0.0006 0.103645 0.026307 -1.5705 0 2.7015 0  663 682 762 737 717 756 771 542  1 1 0 0 0 0 0 0 0 
3.753 2 1 3 0 -6.622314 -8.422852 -51.147461 0.0856 0.2349 0.0374 0.1868 0.2620 0.0006 0.111418 0.027079 -1.5705 0 2.7015 0  660 718 751 729 784 752 745 607  1 1 0 0 0 0 0 0 0 
3.758 2 1 3 0 -8.087158 -4.333496 -53.222656 0.0795 0.2348 0.0369 0.1767 0.2626 0.0007 0.114009 0.027532 -1.5705 0 2.7015 0  653 689 748 733 711 749 750 560  1 1 0 0 0 0 0 0 0 
3.763 2 1 3 0 -7.659912 -3.082275 -52.246094 0.0813 0.2436 0.0522 0.2157 0.2634 0.0008 0.119192 0.027677 -1.5705 0 2.7015 0  641 663 747 719 711 746 750 568  1 1 0 0 0 0 0 0 0 
3.768 2 1 3 0 -6.500244 -0.213623 -56.976318 0.0747 0.2470 0.0522 0.2205 0.2638 0.0008 0.124374 0.027774 -1.5705 0 2.7015 0  629 683 745 715 729 749 747 576  1 1 0 0 0 0 0 0 0 
3.773 2 1 3 0 -6.011963 -0.701904 -60.485840 0.0784 0.2505 0.0398 0.1868 0.2644 0.0009 0.126965 0.027857 -1.5705 0 2.7015 0  632 637 734 715 714 742 742 566  1 1 0 0 0 0 0 0 0 
3.778 2 1 3 0 -7.232666 -2.685547 -60.607910 0.0865 0.2646 0.0398 0.2193 0.2650 0.0010 0.134738 0.028053 -1.5705 0 2.7015 0  634 674 730 717 748 734 745 570  1 1 0 0 0 0 0 0 0 
3.783 2 1 3 0 -7.659912 0.854492 -68.542480 0.0872 0.2673 0.0374 0.2217 0.2658 0.0011 0.139921 0.028281 -1.5705 0 2.7015 0  623 657 710 714 727 729 739 612  1 1 0 0 0 0 0 0 0 
3.788 2 1 3 0 -8.850098 0.061035 -72.540283 0.0893 0.2760 0.0759 0.2205 0.2666 0.0012 0.145103 0.028333 -1.5705 0 2.7015 0  619 652 719 702 725 730 736 570  1 1 0 0 0 0 0 0 0 
3.793 2 1 3 0 -9.185791 -0.152588 -69.274902 0.0944 0.2910 0.0655 0.2731 0.2672 0.0013 0.152876 0.028238 -1.5705 0 2.7015 0  609 651 715 703 710 724 735 563  1 1 0 0 0 0 0 0 0 
3.798 2 1 3 0 -7.781982 7.019043 -72.753906 0.0808 0.2874 0.0619 0.2590 0.2680 0.0014 0.158059 0.027686 -1.5705 0 2.7015 0  601 651 717 694 699 722 739 561  1 1 0 0 0 0 0 0 0 
3.803 2 1 3 0 -8.361816 5.401611 -78.308105 0.0853 0.2979 0.0414 0.2607 0.2686 0.0015 0.165832 0.027370 -1.5705 0 2.7015 0  603 649 696 691 718 716 729 579  1 1 0 0 0 0 0 0 0 
3.808 2 1 3 0 -10.040283 5.523682 -76.599121 0.0874 0.3020 0.0305 0.2265 0.2694 0.0017 0.171014 0.026785 -1.5705 0 2.7015 0  597 638 693 689 710 718 733 573  1 1 0 0 0 0 0 0 0 
3.813 2 1 3 0 -11.138916 7.843018 -85.968018 0.0877 0.3083 0.0647 0.2402 0.2704 0.0018 0.178788 0.026459 -1.5705 0 2.7015 0  589 640 706 689 677 714 735 570  1 1 0 0 0 0 0 0 0 
3.818 2 1 3 0 -10.345459 10.650635 -87.097168 0.0903 0.3169 0.0647 0.2888 0.2710 0.0019 0.186561 0.025664 -1.5705 0 2.7015 0  588 610 699 680 666 709 729 552  1 1 0 0 0 0 0 0 0 
3.823 2 1 3 0 -10.101318 16.906738 -84.808350 0.0805 0.3131 0.0719 0.2908 0.2720 0.0021 0.194334 0.024103 -1.5705 0 2.7015 0  573 619 679 677 685 704 730 578  1 1 0 0 0 0 0 0 0 
3.828 2 1 3 0 -10.711670 14.678955 -84.747314 0.0792 0.3209 0.0410 0.2767 0.2725 0.0023 0.202108 0.022735 -1.5705 0 2.7015 0  567 626 703 669 682 698 725 543  1 1 0 0 0 0 0 0 0 
3.833 2 1 3 0 -9.521484 12.664795 -86.059570 0.0818 0.3334 0.0390 0.2908 0.2735 0.0025 0.209881 0.021556 -1.5705 0 2.7015 0  570 611 658 670 689 692 728 620  1 1 0 0 0 0 0 0 0 
3.838 2 1 3 0 -8.636475 15.533447 -93.292236 0.0850 0.3347 0.0390 0.2767 0.2743 0.0026 0.220246 0.020688 -1.5705 0 2.7015 0  553 615 682 664 657 682 731 556  1 1 0 0 0 0 0 0 0 
3.843 2 1 3 0 -10.406494 16.754150 -97.259521 0.0914 0.3431 0.0402 0.3185 0.2751 0.0028 0.225428 0.019451 -1.5705 0 2.7015 0  552 604 662 666 665 691 725 570  1 1 0 0 0 0 0 0 0 
3.848 2 1 3 0 -11.566162 16.906738 -100.036621 0.0926 0.3483 0.0627 0.3213 0.2761 0.0030 0.233201 0.018118 -1.5705 0 2.7015 0  545 604 648 657 670 664 723 581  1 1 0 0 0 0 0 0 0 
3.853 2 1 3 0 -8.880615 17.059326 -99.731445 0.0949 0.3606 0.0546 0.3715 0.2771 0.0033 0.240975 0.016605 -1.5705 0 2.7015 0  552 605 674 649 663 707 724 584  1 1 0 0 0 0 0 0 0 
3.858 2 1 3 0 -8.270264 22.186279 -98.266602 0.0811 0.3568 0.0546 0.3490 0.2778 0.0035 0.251339 0.014640 -1.5705 0 2.7015 0  546 592 699 655 667 683 727 570  1 1 0 0 0 0 0 0 0 
3.863 2 1 3 0 -10.650635 23.925781 -106.323242 0.0798 0.3577 0.0386 0.3374 0.2788 0.0037 0.259113 0.012935 -1.5705 0 2.7015 0  537 599 684 652 665 678 724 570  1 1 0 0 0 0 0 0 0 
3.868 2 1 3 0 -11.413574 27.984619 -110.137939 0.0772 0.3513 0.0386 0.3265 0.2796 0.0039 0.269477 0.010735 -1.5705 0 2.7015 0  527 589 656 649 661 691 730 587  1 1 0 0 0 0 0 0 0 
3.873 2 1 3 0 -9.735107 23.223877 -110.748291 0.0870 0.3671 0.0602 0.3683 0.2807 0.0043 0.279842 0.008808 -1.5705 0 2.7015 0  519 584 652 643 658 693 729 573  1 1 0 0 0 0 0 0 0 
3.878 2 1 3 0 -8.514404 25.482178 -109.313965 0.0807 0.3708 0.0631 0.3896 0.2817 0.0045 0.287615 0.006537 -1.5705 0 2.7015 0  524 575 668 642 654 699 731 578  1 1 0 0 0 0 0 0 0 
3.883 2 1 3 0 -4.669189 30.151367 -113.189697 0.0706 0.3587 0.0538 0.3237 0.2825 0.0048 0.297980 0.004059 -1.5705 0 2.7015 0  496 573 637 635 654 686 731 568  1 1 0 0 0 0 0 0 0 
3.888 2 1 3 0 -0.915527 30.609131 -118.316650 0.0669 0.3610 0.0321 0.3462 0.2836 0.0051 0.308344 0.001698 -1.5705 0 2.7015 0  518 573 636 635 653 683 723 568  1 1 0 0 0 0 0 0 0 
3.893 2 1 3 0 -4.180908 32.012939 -123.657227 0.0623 0.3614 0.0321 0.3683 0.2844 0.0054 0.318709 -0.000825 -1.5705 0 2.7015 0  515 571 646 632 651 680 720 556  1 1 0 0 0 0 0 0 0 
3.898 2 1 3 0 -10.955811 30.761719 -121.551514 0.0581 0.3632 0.0321 0.3582 0.2853 0.0057 0.331664 -0.003448 -1.5705 0 2.7015 0  499 560 624 626 650 688 718 555  1 1 0 0 0 0 0 0 0 
3.903 2 1 3 0 -14.190674 28.564453 -122.436523 0.0548 0.3659 0.0321 0.3346 0.2863 0.0060 0.339438 -0.005807 -1.5705 0 2.7015 0  506 559 631 629 641 684 714 549  1 1 0 0 0 0 0 0 0 
3.908 2 1 3 0 -5.584717 28.350830 -125.305176 0.0532 0.3703 0.0321 0.3683 0.2872 0.0064 0.352394 -0.008158 -1.5705 0 2.7015 0  483 556 634 629 643 671 705 543  1 1 0 0 0 0 0 0 0 
3.913 2 1 3 0 0.030518 29.022217 -133.605957 0.0587 0.3697 0.0313 0.3751 0.2880 0.0066 0.362758 -0.010337 -1.5705 0 2.7015 0  484 546 627 617 640 648 697 542  1 1 0 0 0 0 0 0 0 
3.918 2 1 3 0 -8.666992 28.076172 -130.676270 0.0580 0.3748 0.0225 0.3976 0.2889 0.0070 0.375714 -0.012397 -1.5705 0 2.7015 0  482 538 592 615 632 661 698 534  1 1 0 0 0 0 0 0 0 
3.923 2 1 3 0 -11.505127 29.571533 -132.019043 0.0493 0.3721 0.0177 0.3976 0.2898 0.0074 0.388669 -0.015068 -1.5705 0 2.7015 0  460 535 615 606 626 665 692 535  1 1 0 0 0 0 0 0 0 
3.928 2 1 3 0 -10.650635 30.059814 -133.575439 0.0440 0.3688 0.0145 0.3751 0.2906 0.0077 0.399034 -0.017138 -1.5705 0 2.7015 0  506 537 602 592 630 671 683 533  1 1 0 0 0 0 0 0 0 
3.933 2 1 3 0 -8.270264 29.968262 -141.845703 0.0385 0.3641 0.0120 0.3430 0.2915 0.0081 0.411990 -0.019483 -1.5705 0 2.7015 0  452 524 603 596 625 654 681 529  1 1 0 0 0 0 0 0 0 
3.938 2 1 3 0 -5.310059 29.327393 -140.289307 0.0412 0.3688 0.0104 0.3976 0.2924 0.0085 0.424945 -0.021893 -1.5705 0 2.7015 0  455 521 596 584 617 651 681 523  1 1 0 0 0 0 0 0 0 
3.943 2 1 3 0 -7.446289 21.392822 -144.439697 0.0549 0.3813 0.0092 0.3936 0.2932 0.0088 0.435310 -0.023358 -1.5705 0 2.7015 0  453 519 582 579 616 644 677 513  1 1 0 0 0 0 0 0 0 
3.948 2 1 3 0 -7.598877 20.782471 -143.005371 0.0511 0.3827 0.0080 0.3860 0.2941 0.0093 0.448265 -0.025037 -1.5705 0 2.7015 0  458 515 577 574 610 651 668 512  1 1 0 0 0 0 0 0 0 
3.953 2 1 3 0 -7.476807 23.529053 -147.064209 0.0464 0.3800 0.0072 0.3896 0.2950 0.0097 0.461221 -0.026631 -1.5705 0 2.7015 0  452 515 579 606 603 635 673 510  1 1 0 0 0 0 0 0 0 
3.958 2 1 3 0 -8.636475 28.137207 -150.146484 0.0357 0.3672 0.0068 0.3550 0.2959 0.0102 0.474177 -0.028678 -1.5705 0 2.7015 0  453 507 573 571 606 642 667 505  1 1 0 0 0 0 0 0 0 
3.963 2 1 3 0 -6.713867 26.855469 -146.270752 0.0337 0.3713 0.0060 0.3976 0.2968 0.0106 0.487132 -0.030980 -1.5705 0 2.7015 0  437 511 567 571 593 639 663 506  1 1 0 0 0 0 0 0 0 
3.968 2 1 3 0 -4.272461 28.381348 -147.644043 0.0264 0.3674 0.0056 0.4097 0.2976 0.0111 0.500088 -0.033429 -1.5705 0 2.7015 0  439 503 563 560 583 630 651 499  1 1 0 0 0 0 0 0 0 
3.973 2 1 3 0 -1.892090 32.989502 -147.766113 0.0115 0.3546 0.0052 0.3936 0.2983 0.0115 0.510453 -0.035848 -1.5705 0 2.7015 0  433 509 558 553 579 626 628 493  1 1 0 0 0 0 0 0 0 
3.978 2 1 3 0 -6.103516 31.677246 -149.963379 0.0128 0.3498 0.0048 0.3860 0.2992 0.0120 0.523408 -0.038304 -1.5705 0 2.7015 0  449 496 555 567 580 619 652 489  1 1 0 0 0 0 0 0 0 
3.983 2 1 3 0 -6.317139 33.508301 -148.101807 0.0011 0.3361 0.0048 0.3490 0.3001 0.0125 0.536364 -0.041175 -1.5705 0 2.7015 0  441 493 547 541 572 616 593 485  1 1 0 0 0 0 0 0 0 
3.988 2 1 3 0 -3.265381 31.311035 -148.071289 0.0033 0.3324 0.0044 0.3550 0.3008 0.0129 0.546728 -0.043630 -1.5705 0 2.7015 0  414 492 543 547 565 611 619 483  1 1 0 0 0 0 0 0 0 
3.993 2 1 3 0 -1.617432 32.196045 -148.681641 -0.0021 0.3249 0.0040 0.3860 0.3016 0.0134 0.559684 -0.046401 -1.5705 0 2.7015 0  426 476 537 553 565 604 634 476  1 1 0 0 0 0 0 0 0 
3.998 2 1 3 0 -0.946045 34.027100 -147.003174 -0.0104 0.3106 0.0040 0.3683 0.3023 0.0139 0.570049 -0.048950 -1.5705 0 2.7015 0  424 468 538 523 572 599 615 473  1 1 0 0 0 0 0 0 0 
4.003 2 1 3 0 -2.532959 32.897949 -147.460938 -0.0126 0.2984 0.0036 0.3550 0.3030 0.0143 0.580413 -0.051711 -1.5705 0 2.7015 0  417 483 534 541 560 591 617 473  1 1 0 0 0 0 0 0 0 
4.008 2 1 3 0 -0.946045 35.980225 -145.874023 -0.0250 0.2761 0.0036 0.3317 0.3036 0.0147 0.590778 -0.054655 -1.5705 0 2.7015 0  450 460 527 535 546 587 616 463  1 1 0 0 0 0 0 0 0 
4.013 2 1 3 0 0.640869 35.156250 -146.484375 -0.0308 0.2602 0.0032 0.3237 0.3043 0.0152 0.601142 -0.057450 -1.5705 0 2.7015 0  400 462 525 499 546 586 560 455  1 1 0 0 0 0 0 0 0 
4.018 2 1 3 0 0.732422 34.301758 -145.812988 -0.0379 0.2432 0.0032 0.3161 0.3050 0.0156 0.611507 -0.060468 -1.5705 0 2.7015 0  417 472 517 527 549 581 590 452  1 1 0 0 0 0 0 0 0 
4.023 2 1 3 0 0.244141 24.963379 -136.291504 -0.0321 0.2429 0.0032 0.3346 0.3056 0.0161 0.621871 -0.062931 -1.5705 0 2.7015 0  412 477 519 509 542 582 577 456  1 1 0 0 0 0 0 0 0 
4.028 2 1 3 0 -0.854492 13.946533 -125.610352 -0.0338 0.2472 0.0028 0.3265 0.3063 0.0166 0.632236 -0.064582 -1.5705 0 2.7015 0  413 471 520 517 545 578 595 450  1 1 0 0 0 0 0 0 0 
4.033 2 1 3 0 0.335693 8.850098 -116.302490 -0.0430 0.2361 -0.0028 0.2494 0.3066 0.0168 0.642600 -0.065616 -1.5705 0 2.7015 0  410 485 515 527 541 576 603 452  1 1 0 0 0 0 0 0 0 
4.038 2 1 3 0 1.129150 9.063721 -111.633301 -0.0415 0.2275 -0.0028 0.2731 0.3072 0.0173 0.652965 -0.066535 -1.5705 0 2.7015 0  409 459 511 506 525 576 580 451  1 1 0 0 0 0 0 0 0 
4.043 2 1 3 0 -1.098633 7.781982 -108.001709 -0.0423 0.2167 -0.0028 0.2623 0.3077 0.0177 0.660738 -0.067285 -1.5705 0 2.7015 0  396 466 515 510 535 572 597 449  1 1 0 0 0 0 0 0 0 
4.048 2 1 3 0 -1.892090 6.896973 -102.508545 -0.0482 0.2009 -0.0028 0.2321 0.3082 0.0180 0.668512 -0.068049 -1.5705 0 2.7015 0  405 470 511 514 538 575 576 450  1 1 0 0 0 0 0 0 0 
4.053 2 1 3 0 -2.014160 3.936768 -95.916748 -0.0452 0.1938 -0.0185 0.2494 0.3085 0.0183 0.678876 -0.068512 -1.5705 0 2.7015 0  402 472 518 514 529 573 585 449  1 1 0 0 0 0 0 0 0 
