%% logfile from robot Silke (54)
% Silke (54)
%  1    time 2.017 sec
%  2  3  4  5   (mission 0), state 2, entered (thread 1, line 1), events 0x0 (bit-flags)
%  6  7  8 Gyro x,y,z [deg/s]: 0.671387 -0.305176 12.146
%  9 10 Motor velocity ref left, right: 0.0242 0.0174
% 11 12 Wheel velocity [m/s] left, right: 0.0257 -0.0177
% 13 14 15 16 Pose x,y,h,tilt [m,m,rad,rad]: -0.0180718 -0.000191476 -0.00518225 -0.00867923
% 17 .. 37 Edge sensor: left 0.976893 0, right 4.180000 0, values 614 678 779 760 740 730 725 550, white 1, used 1, LEDhigh=0, xb=0 xw=0 xbc=0 xwc=0 lvl=0 lvr=0       whitelevel=[923 1039 1179 1162 1189 1192 1201 920]       blacklevel=[132 155 174 173 174 176 174 137]
2.037 2 1 1 0 0.579834 -5.615234 6.011963 -0.0001 0.0009 0.0112 -0.0149 -0.0181 -0.0002 -0.005182 -0.006824 0.9769 0 4.1800 0  608 683 781 761 745 730 723 553  1 1 0 0 0 0 0 0 0 
2.057 2 1 1 0 -0.396729 -7.995605 -2.532959 -0.0298 -0.0355 0.0068 -0.0084 -0.0181 -0.0002 -0.005182 -0.003583 0.9769 0 4.1800 0  611 692 778 766 748 723 729 558  1 1 0 0 0 0 0 0 0 
2.077 2 1 1 0 -0.335693 -5.889893 -2.899170 -0.0778 -0.0855 -0.0687 -0.0751 -0.0189 -0.0002 -0.005182 -0.001027 0.9769 0 4.1800 0  617 696 794 772 751 750 732 560  1 1 0 0 0 0 0 0 0 
2.097 2 1 1 0 -1.678467 -23.956299 -2.349854 -0.0851 -0.0955 -0.0337 -0.0289 -0.0199 -0.0002 -0.002591 0.004853 0.9769 0 4.1800 0  628 703 804 786 762 748 750 564  1 1 0 0 0 0 0 0 0 
2.117 2 1 1 0 1.312256 -45.715332 7.690430 -0.0581 -0.0645 -0.0598 -0.0803 -0.0209 -0.0002 -0.005182 0.015265 0.9769 0 4.1800 0  641 720 803 807 784 773 767 584  1 1 0 0 0 0 0 0 0 
2.137 2 1 1 0 0.335693 -43.212891 7.019043 -0.0261 -0.0312 -0.0169 -0.0165 -0.0209 -0.0002 -0.005182 0.030809 0.9769 0 4.1800 0  661 747 853 829 809 804 798 607  1 1 0 0 0 0 0 0 0 
2.157 2 1 1 0 -0.793457 -26.702881 2.044678 -0.0357 -0.0167 -0.0092 -0.0337 -0.0213 -0.0002 -0.010364 0.042451 0.9769 0 4.1800 0  673 759 874 851 831 825 820 629  1 1 0 0 0 0 0 0 0 
2.177 2 1 1 0 0.518799 -19.348145 6.378174 -0.0394 -0.0124 -0.0313 -0.0402 -0.0221 -0.0002 -0.010364 0.048800 0.9769 0 4.1800 0  685 780 885 869 845 837 840 646  1 1 0 0 0 0 0 0 0 
2.197 2 1 1 0 1.007080 -24.047852 5.096436 0.0177 0.0162 -0.0229 -0.0133 -0.0223 -0.0002 -0.007773 0.056114 0.9769 0 4.1800 0  687 793 896 875 863 854 851 652  1 1 0 0 0 0 0 0 0 
2.217 2 1 1 0 -0.823975 -20.782471 -4.333496 0.0498 0.0552 0.0120 -0.0080 -0.0221 -0.0002 -0.010364 0.063338 0.9769 0 4.1800 0  698 801 915 901 877 864 886 665  1 1 0 0 0 0 0 0 0 
2.237 2 1 1 0 -2.197266 -15.930176 -6.591797 0.0806 0.0968 0.0237 0.0064 -0.0217 -0.0002 -0.010364 0.068980 0.9769 0 4.1800 0  728 794 925 897 894 878 865 678  1 1 0 0 0 0 0 0 0 
2.257 2 1 1 0 -1.525879 -3.723145 -5.767822 0.1047 0.1214 0.0321 0.0470 -0.0209 -0.0002 -0.010364 0.071952 0.9769 0 4.1800 0  716 836 941 906 897 887 893 679  1 1 0 0 0 0 0 0 0 
2.277 2 1 1 0 -2.136230 6.164551 -9.216309 0.1434 0.1358 0.0675 0.0735 -0.0193 -0.0002 -0.005182 0.070551 0.9769 0 4.1800 0  717 811 942 913 890 884 899 682  1 1 0 0 0 0 0 0 0 
2.297 2 1 1 0 -1.556396 6.866455 -3.326416 0.1803 0.1677 0.1229 0.1374 -0.0173 -0.0002 -0.005182 0.066970 0.9769 0 4.1800 0  730 851 937 913 903 874 871 681  1 1 0 0 0 0 0 0 0 
2.317 2 1 1 0 1.617432 15.838623 0.061035 0.1806 0.1594 0.1217 0.1233 -0.0151 -0.0002 -0.002591 0.059356 0.9769 0 4.1800 0  733 817 933 907 886 861 873 684  1 1 0 0 0 0 0 0 0 
2.337 2 1 1 0 0.396729 24.597168 1.739502 0.1757 0.1660 0.1378 0.1229 -0.0122 -0.0002 -0.002591 0.050773 0.9769 0 4.1800 0  726 811 917 888 843 845 853 650  1 1 0 0 0 0 0 0 0 
2.357 2 1 1 0 -0.946045 26.245117 0.122070 0.1828 0.1766 0.1486 0.1639 -0.0094 -0.0002 -0.002591 0.042616 0.9769 0 4.1800 0  719 818 911 875 863 839 838 643  1 1 0 0 0 0 0 0 0 
2.377 2 1 1 0 0.457764 29.266357 -1.220703 0.1742 0.1690 0.1490 0.1414 -0.0066 -0.0002 -0.002591 0.033465 0.9769 0 4.1800 0  694 793 901 855 803 824 824 629  1 1 0 0 0 0 0 0 0 
2.397 2 1 1 0 2.044678 23.132324 -1.098633 0.1742 0.1728 0.1530 0.1619 -0.0034 -0.0002 -0.002591 0.024557 0.9769 0 4.1800 0  677 773 874 838 805 809 812 617  1 1 0 0 0 0 0 0 0 
2.417 2 1 1 0 0.305176 22.857666 -2.227783 0.1643 0.1664 0.1458 0.1341 -0.0002 -0.0002 -0.002591 0.017603 0.9769 0 4.1800 0  668 754 839 826 797 800 797 612  1 1 0 0 0 0 0 0 0 
2.437 2 1 1 0 1.007080 16.937256 -2.471924 0.1606 0.1431 0.1490 0.1285 0.0028 -0.0002 -0.000000 0.010930 0.9769 0 4.1800 0  650 736 827 810 786 748 781 601  1 1 0 0 0 0 0 0 0 
2.457 2 1 1 0 0.396729 3.143311 0.305176 0.1676 0.1541 0.1598 0.1301 0.0054 -0.0002 -0.002591 0.006795 0.9769 0 4.1800 0  638 729 835 800 778 750 771 585  1 1 0 0 0 0 0 0 0 
2.477 2 1 1 0 0.030518 3.143311 4.791260 0.1711 0.1585 0.1659 0.1225 0.0084 -0.0002 -0.000000 0.005670 0.9769 0 4.1800 0  647 722 828 800 774 761 765 580  1 1 0 0 0 0 0 0 0 
2.497 2 1 1 0 0.793457 5.981445 5.493164 0.1522 0.1406 0.1526 0.1064 0.0108 -0.0002 -0.000000 0.002778 0.9769 0 4.1800 0  646 721 821 780 768 771 751 572  1 1 0 0 0 0 0 0 0 
2.517 2 1 1 0 -2.014160 -2.624512 -4.882812 0.1621 0.1664 0.1317 0.1149 0.0137 -0.0003 -0.005182 0.003914 0.9769 0 4.1800 0  641 720 816 790 774 753 747 575  1 1 0 0 0 0 0 0 0 
2.537 2 1 1 0 -0.396729 11.169434 -5.096436 0.1430 0.1483 0.1353 0.1289 0.0163 -0.0003 -0.002591 0.002791 0.9769 0 4.1800 0  617 714 838 788 767 738 726 565  1 1 0 0 0 0 0 0 0 
2.557 2 1 1 0 -0.915527 0.030518 -0.061035 0.1636 0.1587 0.1353 0.1639 0.0193 -0.0003 -0.000000 0.001804 0.9769 0 4.1800 0  587 710 813 783 765 744 750 568  1 1 0 0 0 0 0 0 0 
2.577 2 1 1 0 -0.274658 -5.889893 0.183105 0.1761 0.1571 0.1538 0.1554 0.0221 -0.0003 -0.000000 0.002668 0.9769 0 4.1800 0  629 719 812 816 764 742 758 567  1 1 0 0 0 0 0 0 0 
2.597 2 1 1 0 0.183105 -4.455566 5.310059 0.1702 0.1557 0.1422 0.1366 0.0247 -0.0003 -0.002591 0.002617 0.9769 0 4.1800 0  606 700 808 796 759 740 744 575  1 1 0 0 0 0 0 0 0 
2.617 2 1 1 0 -0.091553 -3.814697 4.638672 0.1662 0.1589 0.1398 0.1530 0.0273 -0.0003 -0.000000 0.002555 0.9769 0 4.1800 0  611 686 797 778 765 734 745 577  1 1 0 0 0 0 0 0 0 
2.637 2 1 1 0 0.885010 1.342773 0.579834 0.1563 0.1649 0.1329 0.1297 0.0301 -0.0003 -0.005182 0.003213 0.9769 0 4.1800 0  605 695 800 780 766 733 725 572  1 1 0 0 0 0 0 0 0 
2.657 2 1 1 0 -0.976562 5.096436 -7.965088 0.1568 0.1598 0.1337 0.1454 0.0329 -0.0003 -0.000000 0.002650 0.9769 0 4.1800 0  596 696 786 773 772 731 745 569  1 1 0 0 0 0 0 0 0 
2.677 2 1 1 0 0.274658 2.746582 -5.981445 0.1657 0.1487 0.1462 0.1458 0.0357 -0.0003 -0.000000 0.001976 0.9769 0 4.1800 0  597 684 781 772 748 729 731 566  1 1 0 0 0 0 0 0 0 
2.697 2 1 1 0 0.610352 2.075195 1.220703 0.1746 0.1579 0.1317 0.1707 0.0388 -0.0003 0.002591 0.002167 0.9769 0 4.1800 0  596 714 777 765 760 724 727 560  1 1 0 0 0 0 0 0 0 
2.717 2 1 1 0 1.464844 5.401611 2.929688 0.1699 0.1572 0.1458 0.1767 0.0416 -0.0003 0.002591 0.001445 0.9769 0 4.1800 0  601 717 774 756 738 727 723 555  1 1 0 0 0 0 0 0 0 
2.737 2 1 1 0 1.312256 -4.302979 2.258301 0.1797 0.1660 0.1574 0.1611 0.0446 -0.0003 -0.000000 0.001229 0.9769 0 4.1800 0  592 669 769 751 753 721 722 571  1 1 0 0 0 0 0 0 0 
2.757 2 1 1 0 0.854492 1.159668 0.946045 0.1775 0.1758 0.1422 0.1450 0.0476 -0.0003 0.002591 0.001433 0.9769 0 4.1800 0  582 675 748 752 734 714 720 556  1 1 0 0 0 0 0 0 0 
2.777 2 1 1 0 0.793457 2.441406 0.518799 0.1723 0.1644 0.1530 0.1856 0.0506 -0.0003 -0.000000 -0.000683 0.9769 0 4.1800 0  578 662 755 750 730 724 726 560  1 1 0 0 0 0 0 0 0 
2.797 2 1 1 0 -0.213623 -0.671387 1.586914 0.1875 0.1783 0.1631 0.1807 0.0538 -0.0003 -0.000000 0.000194 0.9769 0 4.1800 0  584 661 762 750 738 750 729 550  1 1 0 0 0 0 0 0 0 
2.817 2 1 1 0 -1.007080 -0.335693 -1.922607 0.1830 0.1704 0.1639 0.1831 0.0570 -0.0003 -0.000000 -0.001296 0.9769 0 4.1800 0  585 660 760 745 727 720 728 556  1 1 0 0 0 0 0 0 0 
2.837 2 1 1 0 0.793457 -2.380371 3.784180 0.1900 0.1775 0.1775 0.1775 0.0602 -0.0003 -0.000000 -0.001444 0.9769 0 4.1800 0  601 669 757 745 736 693 724 558  1 1 0 0 0 0 0 0 0 
2.857 2 1 1 0 -1.129150 4.028320 3.601074 0.1762 0.1664 0.1639 0.1414 0.0633 -0.0003 -0.002591 -0.002344 0.9769 0 4.1800 0  582 668 762 743 738 712 729 558  1 1 0 0 0 0 0 0 0 
2.877 2 1 1 0 -0.152588 -0.457764 3.601074 0.1785 0.1707 0.1751 0.1562 0.0665 -0.0003 -0.002591 -0.003665 0.9769 0 4.1800 0  615 671 771 753 739 736 720 552  1 1 0 0 0 0 0 0 0 
2.897 2 1 1 0 0.335693 -1.190186 4.547119 0.1808 0.1852 0.1586 0.1691 0.0697 -0.0003 -0.002591 -0.003245 0.9769 0 4.1800 0  584 671 774 760 743 728 742 541  1 1 0 0 0 0 0 0 0 
2.917 2 1 1 0 -0.976562 -0.244141 -3.051758 0.1829 0.1854 0.1679 0.1775 0.0729 -0.0003 -0.002591 -0.004225 0.9769 0 4.1800 0  619 679 775 761 740 724 720 539  1 1 0 0 0 0 0 0 0 
2.937 2 1 1 0 -0.823975 -2.380371 -6.591797 0.1924 0.1886 0.1791 0.1940 0.0763 -0.0003 -0.000000 -0.004613 0.9769 0 4.1800 0  621 703 780 774 743 735 724 535  1 1 0 0 0 0 0 0 0 
2.957 2 1 1 0 0.396729 0.640869 -6.011963 0.1873 0.1733 0.1759 0.1707 0.0799 -0.0003 -0.000000 -0.005390 0.9769 0 4.1800 0  613 686 779 749 747 733 716 536  1 1 0 0 0 0 0 0 0 
2.977 2 1 1 0 -0.671387 -2.868652 -2.532959 0.1892 0.1731 0.1715 0.1731 0.0829 -0.0003 -0.002591 -0.005948 0.9769 0 4.1800 0  614 689 778 739 760 735 709 542  1 1 0 0 0 0 0 0 0 
2.997 2 1 1 0 -1.098633 -1.800537 5.523682 0.1993 0.1793 0.1526 0.1868 0.0866 -0.0003 0.002591 -0.005048 0.9769 0 4.1800 0  621 664 780 762 758 743 732 534  1 1 0 0 0 0 0 0 0 
3.017 2 1 1 0 -0.579834 -0.396729 3.906250 0.1993 0.1863 0.1876 0.2145 0.0900 -0.0003 -0.000000 -0.005734 0.9769 0 4.1800 0  623 703 785 759 729 744 728 548  1 1 0 0 0 0 0 0 0 
3.037 2 1 1 0 0.915527 3.997803 3.448486 0.1926 0.1964 0.1856 0.1892 0.0936 -0.0003 -0.000000 -0.005682 0.9769 0 4.1800 0  620 692 786 765 784 749 743 570  1 1 0 0 0 0 0 0 0 
3.057 2 1 1 0 0.396729 6.530762 0.183105 0.1893 0.1913 0.1731 0.1968 0.0972 -0.0003 -0.000000 -0.008041 0.9769 0 4.1800 0  620 700 782 760 745 746 750 551  1 1 0 0 0 0 0 0 0 
3.077 2 1 1 0 0.061035 4.333496 -4.150391 0.1976 0.1886 0.1731 0.1831 0.1008 -0.0003 -0.000000 -0.008531 0.9769 0 4.1800 0  614 689 808 769 764 782 763 577  1 1 0 0 0 0 0 0 0 
3.097 2 1 1 0 0.671387 3.814697 -2.960205 0.1864 0.1707 0.1707 0.1590 0.1044 -0.0003 -0.000000 -0.011003 0.9769 0 4.1800 0  634 725 819 794 802 797 796 593  1 1 0 0 0 0 0 0 0 
3.117 2 1 1 0 0.396729 -4.699707 -4.028320 0.2010 0.1891 0.1735 0.1815 0.1078 -0.0003 -0.002591 -0.010766 0.9769 0 4.1800 0  653 751 870 834 847 825 849 638  1 1 0 0 0 0 0 0 0 
3.137 2 1 1 0 1.251221 0.823975 -1.037598 0.2021 0.1849 0.1968 0.1856 0.1115 -0.0003 0.002591 -0.010144 0.9769 0 4.1800 0  699 803 936 891 894 891 927 703  1 1 0 0 0 0 0 0 0 
3.157 2 1 1 0 -1.037598 -6.011963 -4.089355 0.2207 0.2055 0.2217 0.1707 0.1153 -0.0003 -0.000000 -0.009533 -1.8700 0 -0.5393 0  776 884 988 977 992 997 1022 745  1 1 0 0 0 0 0 0 0 
3.177 2 1 2 0 -0.030518 2.288818 -5.676270 0.2095 0.1864 0.1912 0.1968 0.1187 -0.0003 0.002591 -0.009821 -1.8700 0 -0.5393 0  842 959 1091 1063 1076 1106 1133 845  1 1 0 0 0 0 20 0 0 
3.197 2 1 2 0 -0.701904 -4.455566 -3.051758 0.2187 0.1755 0.2016 0.1735 0.1223 -0.0003 0.002591 -0.010482 -1.8700 0 -0.5393 0  879 1000 1155 1121 1141 1155 1199 905  1 1 0 0 1 0 20 0 0 
3.217 2 1 2 0 2.441406 0.091553 8.758545 0.2118 0.1486 0.1659 0.1639 0.1257 -0.0003 -0.000000 -0.010045 -1.8700 0 -0.5393 0  888 1015 1167 1151 1170 1214 1232 936  1 1 0 0 1 0 20 0 0 
3.237 2 1 2 0 0.122070 -6.713867 12.573242 0.2331 0.1499 0.1847 0.1598 0.1293 -0.0003 -0.005182 -0.008617 -1.8700 0 -0.5393 0  926 1031 1172 1160 1182 1226 1243 946  1 1 0 0 1 0 20 0 0 
3.257 2 1 2 0 1.312256 -5.920410 24.841309 0.2507 0.1475 0.1876 0.1815 0.1327 -0.0004 -0.012956 -0.006575 -1.8700 0 -0.5393 0  927 1039 1192 1175 1197 1241 1250 957  1 1 0 0 1 0 20 0 0 
3.277 2 1 2 0 2.899170 -5.828857 35.217285 0.2759 0.1527 0.2462 0.1313 0.1362 -0.0004 -0.020729 -0.005419 -1.8700 0 -0.5393 0  911 1034 1194 1194 1206 1222 1258 969  1 1 0 0 1 0 20 0 0 
3.297 2 1 2 0 3.601074 3.723145 44.036865 0.2752 0.1320 0.2036 0.1518 0.1400 -0.0005 -0.033685 -0.005932 -1.8700 0 -0.5393 0  939 1014 1177 1184 1187 1217 1254 957  1 1 0 0 1 0 20 0 0 
3.317 2 1 2 0 4.699707 1.586914 49.194336 0.3078 0.1446 0.2695 0.1366 0.1438 -0.0007 -0.051822 -0.006925 -1.8700 0 -0.5393 0  879 994 1136 1120 1147 1181 1220 934  1 1 0 0 1 0 20 0 0 
3.337 2 1 2 0 6.469727 10.284424 51.513672 0.3083 0.1252 0.2747 0.1088 0.1476 -0.0009 -0.069960 -0.010430 0.7733 1 4.1800 0  779 896 1039 1036 1051 1112 1141 896  1 1 0 0 1 0 20 8 0 
3.357 2 1 2 0 11.016846 11.077881 60.668945 0.3224 0.1192 0.2494 0.1217 0.1518 -0.0012 -0.088098 -0.013535 0.9546 1 4.1800 0  690 792 897 940 959 998 1035 838  1 1 0 0 0 0 0 20 0 
3.377 2 1 2 0 8.209229 14.160156 68.969727 0.3388 0.1157 0.2848 0.1598 0.1558 -0.0016 -0.114009 -0.016738 0.9298 1 4.1800 0  572 670 778 800 823 868 905 750  1 1 0 0 0 0 0 20 0 
3.397 2 1 2 0 8.666992 14.129639 71.533203 0.3500 0.1069 0.3582 0.0639 0.1598 -0.0021 -0.139921 -0.023220 0.9101 0 4.1800 0  516 609 682 699 722 750 793 645  1 1 0 0 0 0 0 0 0 
3.417 2 1 2 0 3.356934 19.683838 81.878662 0.3353 0.0761 0.3265 0.1056 0.1641 -0.0028 -0.165832 -0.030219 0.9101 0 4.1800 0  490 555 651 638 661 686 705 583  1 1 0 0 0 0 0 0 0 
3.437 2 1 2 0 6.713867 13.366699 96.099854 0.3410 0.0671 0.3137 0.0329 0.1677 -0.0035 -0.202108 -0.036694 0.9101 0 4.1800 0  490 546 606 620 611 646 661 514  1 1 0 0 0 0 0 0 0 
3.457 2 1 2 0 8.575439 13.366699 112.274170 0.3557 0.0685 0.3289 0.0731 0.1718 -0.0044 -0.235793 -0.039491 0.9101 0 4.1800 0  480 550 609 610 616 627 652 506  1 1 0 0 0 0 0 0 0 
3.477 2 1 2 0 6.988525 16.143799 119.445801 0.3656 0.0663 0.3317 0.0341 0.1759 -0.0055 -0.274660 -0.042238 0.9101 0 4.1800 0  468 530 591 595 610 604 639 510  1 1 0 0 0 0 0 0 0 
3.497 2 1 2 0 -2.197266 20.965576 127.380371 0.3595 0.0514 0.3582 0.0663 0.1797 -0.0066 -0.316118 -0.048272 0.9101 0 4.1800 0  457 525 592 587 592 623 635 505  1 1 0 0 0 0 0 0 0 
3.517 2 1 2 0 11.291504 19.195557 129.547119 0.3513 0.0372 0.3715 0.0333 0.1835 -0.0080 -0.357576 -0.055274 0.9101 0 4.1800 0  452 524 590 589 596 602 629 489  1 1 0 0 0 0 0 0 0 
3.537 2 1 2 0 5.706787 15.197754 127.136230 0.3502 0.0258 0.3715 0.0285 0.1871 -0.0094 -0.401625 -0.060168 0.9101 0 4.1800 0  450 527 620 592 604 625 624 489  1 1 0 0 0 0 0 0 0 
3.557 2 1 2 0 5.126953 16.174316 128.997803 0.3335 0.0226 0.3522 0.0125 0.1904 -0.0109 -0.448265 -0.064786 0.9101 0 4.1800 0  444 527 617 589 600 634 620 480  1 1 0 0 0 0 0 0 0 
3.577 2 1 2 0 4.272461 15.380859 128.997803 0.3113 0.0115 0.3088 0.0076 0.1934 -0.0124 -0.492315 -0.068986 0.9101 0 4.1800 0  432 526 591 590 597 608 606 465  1 1 0 0 0 0 0 0 0 
3.597 2 1 2 0 2.655029 13.458252 128.479004 0.2922 0.0080 0.3462 0.0052 0.1962 -0.0140 -0.533773 -0.072689 0.9101 0 4.1800 0  430 507 591 576 585 586 588 464  1 1 0 0 0 0 0 0 0 
3.617 2 1 2 0 2.380371 16.601562 125.488281 0.2364 -0.0298 0.2478 0.0040 0.1986 -0.0155 -0.570049 -0.076818 0.9101 0 4.1800 0  452 501 576 575 577 586 593 448  1 1 0 0 0 0 0 0 0 
3.637 2 1 2 0 2.380371 10.864258 113.616943 0.1904 -0.0558 0.2345 0.0032 0.2006 -0.0168 -0.601142 -0.079399 0.9101 0 4.1800 0  448 493 566 559 568 575 557 432  1 1 0 0 0 0 0 0 0 
3.657 2 1 2 0 1.647949 -16.845703 95.458984 0.1978 -0.0284 0.2293 -0.0337 0.2021 -0.0178 -0.634827 -0.075769 0.9101 0 4.1800 0  433 497 572 557 566 584 578 435  1 1 0 0 0 0 0 0 0 
3.677 2 1 2 0 1.159668 -16.296387 72.662354 0.1776 -0.0286 0.1892 -0.0125 0.2037 -0.0191 -0.660738 -0.067684 0.9101 0 4.1800 0  437 505 575 568 577 583 587 437  1 1 0 0 0 0 0 0 0 
3.697 2 1 2 0 2.288818 -17.517090 56.762695 0.1591 -0.0271 0.1562 0.0108 0.2051 -0.0202 -0.678876 -0.060278 0.9101 0 4.1800 0  445 491 582 577 575 585 587 437  1 1 0 0 0 0 0 0 0 
3.717 2 1 2 0 3.265381 -23.559570 50.170898 0.1505 -0.0157 0.1305 0.0149 0.2065 -0.0213 -0.697014 -0.052003 0.9101 0 4.1800 0  458 531 589 590 583 592 602 435  1 1 0 0 0 0 0 0 0 
3.737 2 1 2 0 2.807617 -25.939941 44.738770 0.1535 0.0072 0.1265 0.0137 0.2076 -0.0222 -0.715152 -0.041974 0.9101 0 4.1800 0  461 549 610 599 593 606 595 448  1 1 0 0 0 0 0 0 0 
3.757 2 1 2 0 2.319336 -27.832031 40.802002 0.1705 0.0341 0.1530 0.0080 0.2088 -0.0233 -0.735881 -0.031787 0.9101 0 4.1800 0  480 553 624 620 633 618 609 460  1 1 0 0 0 0 0 0 0 
3.777 2 1 2 0 2.960205 -21.240234 40.954590 0.1770 0.0423 0.1482 0.0056 0.2099 -0.0244 -0.751428 -0.022613 0.9101 0 4.1800 0  476 594 637 631 637 628 615 452  1 1 0 0 0 0 0 0 0 
3.797 2 1 2 0 3.295898 -13.610840 46.142578 0.1699 0.0444 0.1458 0.0056 0.2110 -0.0254 -0.769566 -0.016983 0.9101 0 4.1800 0  501 569 648 643 647 630 616 469  1 1 0 0 0 0 0 0 0 
3.817 2 1 2 0 3.143311 -10.070801 48.461914 0.1698 0.0435 0.1414 0.0149 0.2121 -0.0265 -0.785113 -0.012594 0.9101 0 4.1800 0  499 571 652 646 642 632 610 469  1 1 0 0 0 0 0 0 0 
3.837 2 1 2 0 3.814697 -12.207031 54.992676 0.1792 0.0544 0.1482 0.0120 0.2134 -0.0278 -0.803251 -0.008731 0.9101 0 4.1800 0  508 576 644 654 630 609 612 473  1 1 0 0 0 0 0 0 0 
3.857 2 1 2 0 3.814697 -8.514404 48.828125 0.1894 0.0506 0.1699 0.0241 0.2146 -0.0291 -0.821389 -0.004946 0.9101 0 4.1800 0  518 588 638 652 641 620 615 483  1 1 0 0 0 0 0 0 0 
3.877 2 1 2 0 4.272461 -7.049561 56.427002 0.1985 0.0543 0.1651 0.0185 0.2158 -0.0304 -0.839527 -0.002535 0.9101 0 4.1800 0  514 585 644 655 642 643 615 483  1 1 0 0 0 0 0 0 0 
3.897 2 1 2 0 2.868652 0.122070 51.361084 0.1960 0.0486 0.1751 0.0273 0.2172 -0.0319 -0.860256 -0.001816 0.9101 0 4.1800 0  510 593 681 647 636 623 615 486  1 1 0 0 0 0 0 0 0 
3.917 2 1 2 0 5.249023 -4.455566 56.671143 0.2155 0.0575 0.1723 0.0847 0.2187 -0.0338 -0.875802 -0.000810 0.9101 0 4.1800 0  525 590 653 641 634 610 620 485  1 1 0 0 0 0 0 0 0 
3.937 2 1 2 0 5.889893 -1.770020 57.891846 0.2190 0.0630 0.1823 0.0193 0.2197 -0.0350 -0.896531 -0.000838 0.9101 0 4.1800 0  561 591 676 645 627 614 624 491  1 1 0 0 0 0 0 0 0 
3.957 2 1 2 0 6.713867 -4.425049 64.453125 0.2424 0.0746 0.1815 0.0699 0.2213 -0.0371 -0.914669 0.000652 0.9101 0 4.1800 0  527 589 665 628 613 598 629 493  1 1 0 0 0 0 0 0 0 
3.977 2 1 2 0 6.805420 0.701904 64.910889 0.2492 0.0779 0.2205 0.0213 0.2227 -0.0388 -0.937990 -0.000072 0.9101 0 4.1800 0  486 574 641 599 614 615 617 501  1 1 0 0 0 0 0 0 0 
3.997 2 1 2 0 4.791260 12.329102 59.387207 0.2387 0.0534 0.2028 0.0297 0.2242 -0.0410 -0.961310 -0.002610 0.9101 0 4.1800 0  540 584 638 620 605 614 621 497  1 1 0 0 0 0 0 0 0 
4.017 2 1 2 0 5.645752 7.415771 63.812256 0.2421 0.0567 0.1988 0.0594 0.2257 -0.0431 -0.979448 -0.006660 0.9101 0 4.1800 0  470 545 606 610 600 620 642 497  1 1 0 0 0 0 0 0 0 
4.037 2 1 2 0 4.943848 6.072998 72.235107 0.2529 0.0655 0.2145 0.0197 0.2269 -0.0450 -1.007950 -0.008726 0.9101 0 4.1800 0  468 551 602 586 605 612 620 506  1 1 0 0 0 0 0 0 0 
4.057 2 1 2 0 5.828857 1.281738 77.331543 0.2736 0.0743 0.2538 0.0956 0.2285 -0.0477 -1.028679 -0.010300 0.9101 0 4.1800 0  464 510 600 600 601 623 638 510  1 1 0 0 0 0 0 0 0 
4.077 2 1 2 0 5.859375 12.329102 75.988770 0.2526 0.0533 0.2080 0.0261 0.2298 -0.0498 -1.054591 -0.013958 0.9101 0 4.1800 0  452 506 594 576 603 612 624 508  1 1 0 0 0 0 0 0 0 
4.097 2 1 2 0 6.774902 8.972168 78.948975 0.2715 0.0529 0.2522 0.0631 0.2312 -0.0524 -1.083093 -0.016000 0.9101 0 4.1800 0  453 510 597 588 611 617 619 517  1 1 0 0 0 0 0 0 0 
4.117 2 1 2 0 6.317139 12.115479 79.528809 0.2601 0.0475 0.2522 0.0502 0.2324 -0.0547 -1.111596 -0.020164 0.9101 0 4.1800 0  456 467 574 583 582 611 624 525  1 1 0 0 0 0 0 0 0 
4.137 2 1 2 0 5.737305 6.744385 85.174561 0.2677 0.0501 0.2217 0.0333 0.2335 -0.0571 -1.140098 -0.022359 0.9101 0 4.1800 0  456 492 581 588 588 606 634 560  1 1 0 0 0 0 0 0 0 
4.157 2 1 2 0 7.507324 2.990723 89.874268 0.2826 0.0590 0.2711 0.0125 0.2346 -0.0595 -1.173783 -0.023878 0.9101 0 4.1800 0  446 501 603 580 580 621 643 538  1 1 0 0 0 0 0 0 0 
4.177 2 1 2 0 6.927490 19.775391 84.136963 0.2501 0.0322 0.2623 0.0667 0.2358 -0.0625 -1.199694 -0.027008 0.9101 0 4.1800 0  447 510 592 577 583 613 658 577  1 1 0 0 0 0 0 0 0 
4.197 2 1 2 0 5.706787 11.047363 84.777832 0.2458 0.0294 0.2478 0.0153 0.2366 -0.0647 -1.230788 -0.032042 0.9101 0 4.1800 0  438 509 603 571 586 623 670 620  1 1 0 0 0 0 0 0 0 
4.217 2 1 2 0 4.791260 3.997803 84.930420 0.2460 0.0322 0.2434 0.0120 0.2374 -0.0672 -1.259290 -0.034254 0.9101 0 4.1800 0  437 505 572 568 583 609 694 629  1 1 0 0 0 0 0 0 0 
4.237 2 1 2 0 4.882812 4.486084 86.486816 0.2367 0.0285 0.2390 0.0233 0.2382 -0.0697 -1.287793 -0.035261 0.9101 0 4.1800 0  440 507 573 566 590 624 723 659  1 1 0 0 0 0 0 0 0 
4.257 2 1 2 0 5.737305 5.645752 89.019775 0.2220 0.0163 0.2100 0.0104 0.2389 -0.0720 -1.318886 -0.035960 0.9101 0 4.1800 0  432 509 564 570 596 664 751 689  1 1 0 0 0 0 0 0 0 
4.277 2 1 2 0 5.432129 4.577637 86.395264 0.2061 0.0134 0.2068 0.0068 0.2393 -0.0740 -1.344797 -0.037145 0.9101 0 4.1800 0  444 507 572 578 600 644 793 711  1 1 0 0 0 0 0 0 0 
4.297 2 1 2 0 4.150391 3.021240 82.000732 0.1873 0.0105 0.1928 0.0048 0.2398 -0.0759 -1.370709 -0.037508 1.6341 1 4.1800 0  444 510 584 561 611 682 829 752  1 1 0 0 0 0 0 18 0 
4.317 2 1 2 0 3.051758 -3.570557 74.707031 0.1764 0.0142 0.1767 0.0040 0.2401 -0.0777 -1.394029 -0.036571 1.5595 1 4.1800 0  479 516 583 611 627 716 883 788  1 1 0 0 0 0 0 20 0 
4.337 2 1 2 0 2.563477 -6.439209 66.680908 0.1628 0.0146 0.1598 0.0032 0.2404 -0.0795 -1.417349 -0.034176 1.3870 1 4.1800 0  440 523 597 595 646 752 940 811  1 1 0 0 0 0 0 20 0 
4.357 2 1 2 0 2.960205 -12.207031 59.539795 0.1621 0.0233 0.1562 0.0028 0.2406 -0.0811 -1.438078 -0.030020 1.3679 1 4.1800 0  470 532 615 617 660 792 977 835  1 1 0 0 0 0 0 20 0 
4.377 2 1 2 0 3.234863 -14.923096 54.260254 0.1644 0.0300 0.1514 0.0024 0.2408 -0.0825 -1.456216 -0.024709 1.3151 1 4.1800 0  478 548 619 619 689 822 1000 851  1 1 0 0 0 0 0 20 0 
4.397 2 1 2 0 3.509521 -18.432617 48.217773 0.1835 0.0427 0.1751 0.0020 0.2410 -0.0841 -1.476945 -0.018195 1.1927 1 4.1800 0  474 545 637 641 698 861 1053 874  1 1 0 0 0 0 0 20 0 
4.417 2 1 2 0 4.241943 -10.009766 47.882080 0.1842 0.0434 0.1598 0.0020 0.2411 -0.0859 -1.495083 -0.012829 1.1227 1 4.1800 0  486 578 651 650 742 890 1070 882  1 1 0 0 0 0 0 20 0 
4.437 2 1 2 0 4.821777 -2.410889 52.124023 0.1738 0.0395 0.1378 0.0185 0.2412 -0.0877 -1.513221 -0.010196 1.0474 1 4.1800 0  499 589 660 671 758 927 1115 900  1 1 0 0 0 0 0 20 0 
4.457 2 1 2 0 5.279541 -6.347656 55.206299 0.1826 0.0499 0.1502 0.0177 0.2413 -0.0893 -1.533950 -0.008032 0.9472 1 4.1800 0  506 585 676 692 779 957 1149 902  1 1 0 0 0 0 0 20 0 
4.477 2 1 2 0 4.821777 0.610352 52.062988 0.1847 0.0405 0.1699 0.0137 0.2414 -0.0911 -1.552088 -0.005289 0.7555 1 4.1800 0  509 619 698 705 832 1009 1170 913  1 1 0 0 0 0 0 20 0 
4.497 2 1 2 0 5.523682 -2.258301 60.485840 0.1869 0.0455 0.1554 0.0125 0.2414 -0.0929 -1.570226 -0.005088 0.6978 1 4.1800 0  515 610 716 736 833 1049 1190 920  1 1 0 0 0 0 0 20 0 
4.517 2 1 2 0 5.401611 -2.380371 56.243896 0.1979 0.0416 0.1868 0.0361 0.2413 -0.0949 -1.590955 -0.004045 0.5002 1 4.1800 0  526 618 726 765 903 1078 1205 937  1 1 0 0 0 0 0 20 0 
4.537 2 1 2 0 5.462646 -4.516602 64.331055 0.2079 0.0584 0.1691 0.0129 0.2413 -0.0965 -1.611684 -0.003129 0.3788 1 4.1800 0  538 632 767 813 939 1140 1217 923  1 1 0 0 0 0 0 20 0 
4.557 2 1 2 0 4.547119 5.828857 55.969238 0.1980 0.0345 0.1884 0.0422 0.2412 -0.0987 -1.629822 -0.003926 0.0687 1 4.1800 0  555 654 783 862 996 1134 1220 929  1 1 0 0 0 0 0 20 0 
4.577 2 1 2 0 5.279541 1.464844 60.241699 0.2100 0.0465 0.1783 0.0141 0.2410 -0.1009 -1.653142 -0.004326 -0.2780 1 4.1800 0  547 663 845 906 1054 1173 1221 925  1 1 0 0 0 0 0 20 0 
4.597 2 1 2 0 5.798340 -0.030518 60.516357 0.2209 0.0594 0.2181 0.0281 0.2409 -0.1029 -1.673871 -0.004733 -0.5917 1 4.1800 0  556 692 862 958 1096 1159 1221 926  1 1 0 0 0 0 0 20 0 
4.617 2 1 2 0 5.798340 -0.274658 70.312500 0.2305 0.0635 0.1912 0.0153 0.2406 -0.1051 -1.697192 -0.004632 -0.6273 1 4.1800 0  627 734 924 1002 1120 1208 1217 914  1 1 0 0 0 0 0 20 0 
4.637 2 1 2 0 5.584717 1.800537 69.671631 0.2361 0.0574 0.2241 0.0205 0.2403 -0.1073 -1.720512 -0.006177 -1.2396 1 4.1800 0  632 801 1000 1070 1138 1183 1200 897  1 1 0 0 0 0 0 20 0 
4.657 2 1 2 0 6.774902 2.502441 77.331543 0.2485 0.0597 0.1976 0.0707 0.2399 -0.1099 -1.743832 -0.006200 -1.4740 1 4.1800 0  696 848 1081 1103 1146 1193 1194 882  1 1 0 0 0 0 0 20 0 
4.677 2 1 2 0 5.157471 10.162354 70.526123 0.2355 0.0410 0.2374 0.0193 0.2395 -0.1121 -1.772334 -0.010756 -1.5316 1 3.1446 1  747 901 1091 1139 1141 1167 1153 847  1 1 0 0 0 0 0 20 16 
4.697 2 1 2 0 6.408691 8.941650 78.277588 0.2348 0.0443 0.2446 0.0104 0.2389 -0.1144 -1.798246 -0.014043 -1.7846 1 2.2527 1  787 936 1111 1116 1135 1145 1118 809  1 1 0 0 0 0 1 20 20 
4.717 2 1 2 0 6.072998 11.016846 74.066162 0.2338 0.0353 0.2113 0.0374 0.2383 -0.1171 -1.824157 -0.015371 -2.4167 1 2.0412 1  812 973 1119 1118 1125 1128 1096 768  1 1 0 0 0 0 1 20 20 
4.737 2 1 2 0 6.164551 3.967285 80.688477 0.2391 0.0427 0.2293 0.0129 0.2377 -0.1193 -1.852660 -0.018738 -4.1800 0 1.6712 1  858 974 1112 1119 1108 1092 1024 719  1 1 0 0 0 0 0 16 20 
4.757 2 1 2 0 5.676270 2.990723 87.310791 0.2441 0.0454 0.2217 0.0092 0.2370 -0.1216 -1.878571 -0.019461 -4.1800 0 1.5865 1  860 973 1105 1087 1064 1050 955 667  1 1 0 0 0 0 0 0 20 
4.777 2 1 2 0 5.340576 5.249023 83.557129 0.2431 0.0424 0.2418 0.0241 0.2362 -0.1240 -1.907073 -0.020745 -4.1800 0 1.2040 1  852 995 1089 1063 1041 985 899 628  1 1 0 0 0 0 0 0 20 
4.797 2 1 2 0 6.134033 4.669189 89.752197 0.2460 0.0467 0.2510 0.0329 0.2353 -0.1263 -1.938167 -0.022189 -4.1800 0 1.0237 1  839 942 1065 1029 986 913 834 591  1 1 0 0 0 0 0 0 20 
4.817 2 1 2 0 6.225586 2.502441 82.550049 0.2510 0.0417 0.2333 -0.0169 0.2345 -0.1284 -1.971852 -0.023197 -4.1800 0 0.5094 1  830 925 1030 976 914 849 787 570  1 1 0 0 0 0 0 0 20 
4.837 2 1 2 0 6.866455 3.570557 88.256836 0.2439 0.0493 0.2333 0.0301 0.2335 -0.1306 -1.997763 -0.024608 -4.1800 0 0.1390 1  806 859 975 906 848 787 745 548  1 1 0 0 0 0 0 0 20 
4.857 2 1 2 0 7.568359 6.683350 83.953857 0.2326 0.0354 0.1900 0.0149 0.2326 -0.1326 -2.026265 -0.025537 -4.1800 0 -0.2621 1  764 812 891 827 766 739 718 528  1 1 0 0 0 0 0 0 20 
4.877 2 1 2 0 6.378174 -0.823975 82.702637 0.2461 0.0496 0.2418 0.0257 0.2316 -0.1345 -2.054768 -0.025936 -4.1800 0 -0.4838 0  702 767 810 760 711 707 697 529  1 1 0 0 0 0 0 0 0 
4.897 2 1 2 0 5.493164 4.394531 79.101562 0.2284 0.0419 0.2048 -0.0474 0.2305 -0.1365 -2.083270 -0.026723 -4.1800 0 -0.4838 0  655 697 720 703 669 651 686 490  1 1 0 0 0 0 0 0 0 
4.917 2 1 2 0 5.249023 3.204346 74.249268 0.2273 0.0349 0.2374 0.0217 0.2293 -0.1386 -2.109182 -0.027529 -4.1800 0 -0.4838 0  591 634 672 657 656 666 672 514  1 1 0 0 0 0 0 0 0 
4.937 2 1 2 0 5.096436 2.532959 80.108643 0.2149 0.0345 0.1968 -0.0161 0.2284 -0.1401 -2.137684 -0.027945 -4.1800 0 -0.4838 0  535 593 670 636 646 656 668 507  1 1 0 0 0 0 0 0 0 
4.957 2 1 2 0 4.852295 1.281738 73.272705 0.2138 0.0314 0.1876 0.0201 0.2271 -0.1421 -2.163595 -0.027009 -4.1800 0 -0.4838 0  498 566 635 621 629 666 664 505  1 1 0 0 0 0 0 0 0 
4.977 2 1 2 0 5.035400 1.831055 75.469971 0.2004 0.0321 0.1928 -0.0120 0.2261 -0.1434 -2.189507 -0.027261 -4.1800 0 -0.4838 0  459 547 613 612 622 660 661 502  1 1 0 0 0 0 0 0 0 
4.997 2 1 2 0 4.638672 -2.716064 67.565918 0.2053 0.0325 0.1956 0.0285 0.2248 -0.1452 -2.212827 -0.025561 -4.1800 0 -0.4838 0  492 537 611 613 618 650 655 499  1 1 0 0 0 0 0 0 0 
5.017 2 1 2 0 8.422852 -5.432129 63.232422 0.2001 0.0429 0.1799 0.0120 0.2239 -0.1465 -2.233556 -0.023857 -4.1800 0 -0.4838 0  461 537 610 611 613 633 658 500  1 1 0 0 0 0 0 0 0 
5.037 2 1 2 0 5.645752 -4.882812 58.563232 0.1951 0.0465 0.1743 0.0072 0.2227 -0.1479 -2.256876 -0.021082 -4.1800 0 -0.4838 0  481 536 615 609 643 672 685 514  1 1 0 0 0 0 0 0 0 
5.057 2 1 2 0 4.943848 3.204346 55.267334 0.1631 0.0265 0.1490 0.0068 0.2217 -0.1491 -2.272423 -0.021219 -4.1800 0 -0.4838 0  478 530 608 592 613 635 627 493  1 1 0 0 0 0 0 0 0 
5.077 2 1 2 0 4.119873 -8.697510 55.389404 0.1688 0.0409 0.1562 0.0454 0.2207 -0.1504 -2.293152 -0.019660 -4.1800 0 -0.4838 0  456 523 611 604 609 633 653 504  1 1 0 0 0 0 0 0 0 
5.097 2 1 2 0 4.333496 -7.965088 50.964355 0.1674 0.0346 0.1390 0.0189 0.2197 -0.1514 -2.311290 -0.015882 -4.1800 0 -0.4838 0  464 542 612 608 613 636 652 508  1 1 0 0 0 0 0 0 0 
5.117 2 1 2 0 4.669189 -8.850098 51.971436 0.1646 0.0423 0.1502 0.0096 0.2188 -0.1524 -2.329428 -0.013188 -4.1800 0 -0.4838 0  465 559 610 604 631 635 644 519  1 1 0 0 0 0 0 0 0 
5.137 2 1 2 0 3.540039 -10.559082 48.034668 0.1632 0.0445 0.1345 0.0092 0.2177 -0.1536 -2.344975 -0.010464 -4.1800 0 -0.4838 0  479 537 609 607 633 644 651 535  1 1 0 0 0 0 0 0 0 
5.157 2 1 2 0 4.028320 -4.425049 46.997070 0.1552 0.0390 0.1249 0.0092 0.2167 -0.1546 -2.363113 -0.007671 -4.1800 0 -0.4838 0  474 531 617 615 626 642 659 529  1 1 0 0 0 0 0 0 0 
5.177 2 1 2 0 3.906250 -2.807617 48.339844 0.1490 0.0402 0.1197 0.0068 0.2158 -0.1554 -2.378659 -0.005870 -4.1800 0 -0.4838 0  480 514 625 620 616 647 675 500  1 1 0 0 0 0 0 0 0 
5.197 2 1 2 0 3.570557 -4.211426 40.740967 0.1546 0.0357 0.1422 0.0060 0.2145 -0.1567 -2.396797 -0.003741 -4.1800 0 -0.4838 0  482 548 622 614 627 654 668 520  1 1 0 0 0 0 0 0 0 
5.217 2 1 2 0 4.486084 -3.875732 43.395996 0.1566 0.0402 0.1333 0.0153 0.2134 -0.1576 -2.409753 -0.001463 -4.1800 0 -0.4838 0  488 540 626 625 625 658 675 516  1 1 0 0 0 0 0 0 0 
5.237 2 1 2 0 3.997803 -6.622314 45.776367 0.1580 0.0436 0.1201 0.0161 0.2122 -0.1587 -2.425300 -0.000074 -4.1800 0 -0.4838 0  487 557 607 626 630 656 676 519  1 1 0 0 0 0 0 0 0 
5.257 2 1 2 0 4.302979 -11.291504 43.151855 0.1761 0.0549 0.1498 0.0161 0.2112 -0.1596 -2.443438 0.002655 -4.1800 0 -0.4838 0  483 557 625 632 636 646 680 525  1 1 0 0 0 0 0 0 0 
5.277 2 1 2 0 4.577637 -6.286621 50.048828 0.1751 0.0544 0.1382 0.0157 0.2101 -0.1605 -2.456393 0.004420 -4.1800 0 -0.4838 0  493 570 609 633 648 635 679 524  1 1 0 0 0 0 0 0 0 
5.297 2 1 2 0 1.556396 -2.471924 58.074951 0.1726 0.0501 0.1462 0.0108 0.2090 -0.1614 -2.474531 0.004707 -4.1800 0 -0.4838 0  512 561 654 632 645 658 687 536  1 1 0 0 0 0 0 0 0 
5.317 2 1 2 0 5.004883 -3.448486 59.204102 0.1923 0.0558 0.1623 0.0088 0.2074 -0.1626 -2.495260 0.005954 -4.1800 0 -0.4838 0  504 570 631 631 648 687 693 539  1 1 0 0 0 0 0 0 0 
5.337 2 1 2 0 5.706787 -2.136230 60.791016 0.2045 0.0582 0.1731 0.0088 0.2061 -0.1635 -2.515990 0.006474 -4.1800 0 -0.4838 0  504 571 646 643 648 670 695 548  1 1 0 0 0 0 0 0 0 
5.357 2 1 2 0 6.469727 -1.159668 60.302734 0.2259 0.0654 0.2068 0.0084 0.2043 -0.1648 -2.539310 0.007042 -4.1800 0 -0.4838 0  500 572 648 634 653 692 702 540  1 1 0 0 0 0 0 0 0 
5.377 2 1 2 0 5.920410 6.744385 59.478760 0.2237 0.0609 0.2253 0.0209 0.2026 -0.1659 -2.560039 0.004979 -4.1800 0 -0.4838 0  485 577 638 612 649 666 675 540  1 1 0 0 0 0 0 0 0 
5.397 2 1 2 0 6.805420 1.434326 61.187744 0.2383 0.0637 0.2217 0.0297 0.2008 -0.1671 -2.583359 0.002266 -4.1800 0 -0.4838 0  493 568 639 645 646 665 674 534  1 1 0 0 0 0 0 0 0 
5.417 2 1 2 0 7.385254 18.005371 60.638428 0.2103 0.0397 0.1743 0.0570 0.1987 -0.1684 -2.604088 -0.001019 -4.1800 0 -0.4838 0  489 566 638 640 639 662 710 530  1 1 0 0 0 0 0 0 0 
5.437 2 1 2 0 6.469727 5.065918 64.147949 0.2351 0.0555 0.2036 0.0173 0.1966 -0.1696 -2.629999 -0.004347 -4.1800 0 -0.4838 0  492 563 633 617 634 655 663 530  1 1 0 0 0 0 0 0 0 
5.457 2 1 2 0 7.690430 8.422852 70.861816 0.2271 0.0528 0.2036 0.0414 0.1945 -0.1707 -2.650728 -0.007328 -4.1800 0 -0.4838 0  480 550 629 602 624 652 661 518  1 1 0 0 0 0 0 0 0 
5.477 2 1 2 0 7.965088 6.317139 76.934814 0.2369 0.0545 0.2080 0.0426 0.1927 -0.1717 -2.676640 -0.009004 -4.1800 0 -0.4838 0  474 555 618 622 618 645 663 519  1 1 0 0 0 0 0 0 0 
5.497 2 1 2 0 6.744385 8.453369 81.634521 0.2316 0.0521 0.2205 0.0225 0.1906 -0.1727 -2.702551 -0.011504 -4.1800 0 -0.4838 0  461 536 614 600 627 643 655 512  1 1 0 0 0 0 0 0 0 
5.517 2 1 2 0 7.232666 6.225586 84.381104 0.2397 0.0501 0.2113 0.0104 0.1886 -0.1736 -2.731054 -0.012763 -4.1800 0 -0.4838 0  460 527 610 598 616 636 663 525  1 1 0 0 0 0 0 0 0 
5.537 2 1 2 0 4.333496 9.582520 81.512451 0.2251 0.0348 0.2265 0.0068 0.1867 -0.1744 -2.756965 -0.016954 -4.1800 0 -0.4838 0  465 538 604 587 591 642 650 515  1 1 0 0 0 0 0 0 0 
5.557 2 1 2 0 5.981445 2.166748 82.000732 0.2393 0.0437 0.2402 0.0052 0.1843 -0.1754 -2.785467 -0.018233 -4.1800 0 -0.4838 0  457 537 575 579 588 631 650 492  1 1 0 0 0 0 0 0 0 
5.577 2 1 2 0 5.798340 8.483887 78.796387 0.2187 0.0272 0.2193 0.0052 0.1822 -0.1761 -2.813970 -0.021011 -4.1800 0 -0.4838 0  467 528 593 572 599 626 642 502  1 1 0 0 0 0 0 0 0 
5.597 2 1 2 0 7.019043 3.814697 81.939697 0.2171 0.0285 0.1743 0.0052 0.1803 -0.1767 -2.839881 -0.022098 -4.1800 0 -0.4838 0  469 522 580 571 592 618 646 468  1 1 0 0 0 0 0 0 0 
5.617 2 1 2 0 6.469727 1.800537 77.941895 0.2189 0.0304 0.2169 0.0052 0.1782 -0.1773 -2.868384 -0.022879 -4.1800 0 -0.4838 0  464 522 558 560 595 619 641 482  1 1 0 0 0 0 0 0 0 
5.637 2 1 2 0 6.530762 3.112793 75.744629 0.2077 0.0323 0.1920 0.0044 0.1762 -0.1779 -2.894295 -0.023389 -4.1800 0 -0.4838 0  472 516 562 564 596 620 635 481  1 1 0 0 0 0 0 0 0 
5.657 2 1 2 0 5.584717 -1.068115 71.899414 0.2137 0.0331 0.2080 0.0036 0.1741 -0.1784 -2.917615 -0.022839 -4.1800 0 -0.4838 0  457 512 568 573 596 615 638 490  1 1 0 0 0 0 0 0 0 
5.677 2 1 2 0 4.913330 5.157471 71.411133 0.1869 0.0234 0.1691 0.0036 0.1723 -0.1788 -2.940935 -0.023946 -4.1800 0 -0.4838 0  463 505 580 571 595 638 632 481  1 1 0 0 0 0 0 0 0 
5.697 2 1 2 0 4.394531 -2.990723 69.335938 0.1980 0.0304 0.2133 0.0036 0.1703 -0.1791 -2.966847 -0.023097 -4.1800 0 -0.4838 0  461 505 567 579 598 637 636 483  1 1 0 0 0 0 0 0 0 
5.717 2 1 2 0 4.516602 -0.091553 66.436768 0.1829 0.0215 0.1691 0.0036 0.1686 -0.1794 -2.990167 -0.022263 -4.1800 0 -0.4838 0  486 501 574 589 600 634 642 484  1 1 0 0 0 0 0 0 0 
5.737 2 1 2 0 3.784180 -6.195068 62.103271 0.1914 0.0309 0.1743 0.0036 0.1668 -0.1797 -3.013487 -0.020211 -4.1800 0 -0.4838 0  452 517 578 567 605 620 618 484  1 1 0 0 0 0 0 0 0 
5.757 2 1 2 0 3.784180 -3.845215 62.896729 0.1841 0.0310 0.1892 0.0036 0.1652 -0.1799 -3.034216 -0.018915 -4.1800 0 -0.4838 0  468 505 576 580 601 622 629 479  1 1 0 0 0 0 0 0 0 
5.777 2 1 2 0 4.852295 -6.835938 61.737061 0.1844 0.0412 0.1876 0.0032 0.1634 -0.1800 -3.057536 -0.017173 -4.1800 0 -0.4838 0  442 518 583 610 601 629 646 482  1 1 0 0 0 0 0 0 0 
5.797 2 1 2 0 3.753662 -2.502441 55.389404 0.1709 0.0346 0.1550 0.0028 0.1618 -0.1802 -3.078265 -0.015796 -4.1800 0 -0.4838 0  423 510 588 588 615 645 652 481  1 1 0 0 0 0 0 0 0 
5.817 2 1 2 0 3.509521 -0.427246 52.612305 0.1591 0.0277 0.1378 0.0024 0.1602 -0.1802 -3.093812 -0.014363 -4.1800 0 -0.4838 0  450 522 582 598 602 635 631 479  1 1 0 0 0 0 0 0 0 
5.837 2 1 2 0 3.906250 -9.735107 48.889160 0.1729 0.0425 0.1518 0.0120 0.1584 -0.1803 -3.111950 -0.011959 -4.1800 0 -0.4838 0  448 486 587 594 612 635 658 481  1 1 0 0 0 0 0 0 0 
5.857 2 1 2 0 3.875732 -8.758545 48.004150 0.1711 0.0410 0.1490 0.0120 0.1570 -0.1803 -3.130088 -0.009361 -4.1800 0 -0.4838 0  453 486 588 602 599 636 652 492  1 1 0 0 0 0 0 0 0 
5.877 2 1 2 0 4.272461 -10.650635 46.356201 0.1777 0.0554 0.1566 0.0096 0.1553 -0.1803 3.137550 -0.006244 -4.1800 0 -0.4838 0  444 530 598 607 665 643 651 535  1 1 0 0 0 0 0 0 0 
5.897 2 1 2 0 4.119873 -10.009766 41.839600 0.1802 0.0575 0.1434 0.0193 0.1537 -0.1803 3.122004 -0.003609 -4.1800 0 -0.4838 0  441 506 599 607 640 641 647 508  1 1 0 0 0 0 0 0 0 
5.917 2 1 2 0 3.967285 -8.026123 44.250488 0.1756 0.0590 0.1349 0.0193 0.1525 -0.1803 3.106457 -0.001937 -4.1800 0 -0.4838 0  443 512 599 603 623 657 654 480  1 1 0 0 0 0 0 0 0 
5.937 2 1 2 0 4.119873 -5.157471 45.989990 0.1814 0.0556 0.1490 0.0149 0.1507 -0.1802 3.088319 0.000737 -4.1800 0 -0.4838 0  442 520 611 609 638 653 657 486  1 1 0 0 0 0 0 0 0 
5.957 2 1 2 0 5.584717 0.701904 48.858643 0.1778 0.0541 0.1265 0.0213 0.1491 -0.1801 3.072772 0.002219 -4.1800 0 -0.4838 0  441 515 613 620 652 622 660 527  1 1 0 0 0 0 0 0 0 
5.977 2 1 2 0 4.364014 4.119873 46.936035 0.1790 0.0492 0.1486 0.0333 0.1473 -0.1800 3.059816 0.002680 -4.1800 0 -0.4838 0  447 516 600 618 630 641 663 513  1 1 0 0 0 0 0 0 0 
5.997 2 1 2 0 4.302979 -5.310059 50.903320 0.2069 0.0615 0.1699 0.0181 0.1453 -0.1798 3.039087 0.003622 -4.1800 0 -0.4838 0  446 526 599 622 639 678 660 512  1 1 0 0 0 0 0 0 0 
6.017 2 1 2 0 5.615234 8.850098 50.048828 0.1821 0.0414 0.1458 0.0245 0.1435 -0.1796 3.020949 0.001907 -4.1800 0 -0.4838 0  446 538 631 615 643 669 660 507  1 1 0 0 0 0 0 0 0 
6.037 2 1 2 0 5.584717 -2.166748 53.222656 0.2061 0.0596 0.1731 0.0606 0.1415 -0.1793 3.005403 0.001645 -4.1800 0 -0.4838 0  471 549 636 623 640 682 661 505  1 1 0 0 0 0 0 0 0 
6.057 2 1 2 0 5.401611 -1.037598 58.502197 0.2105 0.0620 0.1671 0.0213 0.1395 -0.1790 2.984674 0.001397 -4.1800 0 -0.4838 0  454 545 638 616 647 636 669 506  1 1 0 0 0 0 0 0 0 
6.077 2 1 2 0 7.171631 -2.655029 65.460205 0.2239 0.0735 0.1892 0.0687 0.1376 -0.1787 2.969127 0.001630 -4.1800 0 -0.4838 0  465 559 632 639 648 671 665 508  1 1 0 0 0 0 0 0 0 
6.097 2 1 2 0 5.279541 2.258301 56.152344 0.2235 0.0611 0.1823 0.0177 0.1356 -0.1783 2.943215 0.000202 -4.1800 0 -0.4838 0  484 553 635 624 648 656 678 508  1 1 0 0 0 0 0 0 0 
6.117 2 1 2 0 5.828857 8.819580 57.159424 0.2188 0.0543 0.1968 0.0522 0.1332 -0.1778 2.927669 -0.001484 -4.1800 0 -0.4838 0  459 548 633 620 644 655 643 500  1 1 0 0 0 0 0 0 0 
6.137 2 1 2 0 5.493164 5.157471 58.837891 0.2292 0.0547 0.2036 0.0241 0.1309 -0.1773 2.901757 -0.003875 -4.1800 0 -0.4838 0  489 555 636 653 643 649 663 502  1 1 0 0 0 0 0 0 0 
6.157 2 1 2 0 6.805420 0.915527 66.680908 0.2406 0.0641 0.2241 0.0398 0.1287 -0.1768 2.883619 -0.005535 -4.1800 0 -0.4838 0  462 549 645 660 641 648 664 506  1 1 0 0 0 0 0 0 0 
6.177 2 1 2 0 7.385254 4.852295 77.514648 0.2426 0.0642 0.1928 0.0193 0.1264 -0.1761 2.857708 -0.006247 -4.1800 0 -0.4838 0  475 534 645 631 666 651 653 520  1 1 0 0 0 0 0 0 0 
6.197 2 1 2 0 6.408691 7.598877 69.335938 0.2395 0.0510 0.2193 0.0229 0.1241 -0.1754 2.831797 -0.009689 -4.1800 0 -0.4838 0  481 522 638 633 628 643 648 529  1 1 0 0 0 0 0 0 0 
6.217 2 1 2 0 6.713867 9.094238 80.902100 0.2365 0.0509 0.2125 0.0803 0.1216 -0.1746 2.808476 -0.012495 -4.1800 0 -0.4838 0  473 541 634 617 624 641 652 513  1 1 0 0 0 0 0 0 0 
6.237 2 1 2 0 4.913330 9.429932 69.610596 0.2296 0.0351 0.2281 0.0221 0.1194 -0.1738 2.782565 -0.016376 -4.1800 0 -0.4838 0  465 543 624 609 612 635 649 540  1 1 0 0 0 0 0 0 0 
6.257 2 1 2 0 6.225586 8.209229 77.117920 0.2154 0.0309 0.1839 0.0197 0.1173 -0.1730 2.759245 -0.019627 -4.1800 0 -0.4838 0  461 555 618 598 591 631 646 494  1 1 0 0 0 0 0 0 0 
6.277 2 1 2 0 5.798340 1.068115 76.721191 0.2312 0.0376 0.2217 0.0169 0.1153 -0.1721 2.730742 -0.020065 -4.1800 0 -0.4838 0  461 530 608 595 606 636 656 527  1 1 0 0 0 0 0 0 0 
6.297 2 1 2 0 5.584717 2.410889 81.359863 0.2194 0.0378 0.2088 0.0088 0.1135 -0.1713 2.704831 -0.021492 -4.1800 0 -0.4838 0  454 532 580 592 612 632 658 517  1 1 0 0 0 0 0 0 0 
6.317 2 1 2 0 5.584717 3.173828 75.225830 0.2211 0.0296 0.2193 0.0060 0.1115 -0.1703 2.676329 -0.021533 -4.1800 0 -0.4838 0  452 522 585 594 616 621 658 522  1 1 0 0 0 0 0 0 0 
6.337 2 1 2 0 5.096436 1.831055 78.582764 0.2123 0.0289 0.2193 0.0044 0.1097 -0.1694 2.650417 -0.022917 -4.1800 0 -0.4838 0  444 514 606 591 614 631 658 509  1 1 0 0 0 0 0 0 0 
6.357 2 1 2 0 4.913330 4.211426 74.768066 0.2034 0.0239 0.2133 0.0036 0.1079 -0.1684 2.624506 -0.023121 -4.1800 0 -0.4838 0  434 512 580 594 616 658 652 502  1 1 0 0 0 0 0 0 0 
6.377 2 1 2 0 4.730225 0.793457 74.615479 0.1964 0.0286 0.2113 0.0032 0.1062 -0.1674 2.598595 -0.023656 -4.1800 0 -0.4838 0  449 510 596 597 619 640 650 493  1 1 0 0 0 0 0 0 0 
6.397 2 1 2 0 5.126953 -1.678467 65.887451 0.1943 0.0284 0.1928 0.0024 0.1047 -0.1665 2.575274 -0.022496 -4.1800 0 -0.4838 0  429 516 595 605 613 642 647 490  1 1 0 0 0 0 0 0 0 
6.417 2 1 2 0 5.493164 -4.394531 65.460205 0.1882 0.0303 0.1868 0.0024 0.1031 -0.1655 2.551954 -0.021706 -4.1800 0 -0.4838 0  444 514 602 607 619 638 625 481  1 1 0 0 0 0 0 0 0 
6.437 2 1 2 0 5.340576 -4.821777 60.760498 0.1821 0.0297 0.1611 0.0020 0.1018 -0.1646 2.531225 -0.019872 -4.1800 0 -0.4838 0  460 533 612 600 622 626 611 468  1 1 0 0 0 0 0 0 0 
6.457 2 1 2 0 5.676270 -3.906250 60.974121 0.1694 0.0290 0.1337 0.0016 0.1005 -0.1636 2.510496 -0.018387 -4.1800 0 -0.4838 0  486 535 617 632 617 621 601 464  1 1 0 0 0 0 0 0 0 
6.477 2 1 2 0 4.730225 -7.659912 55.206299 0.1720 0.0377 0.1538 0.0016 0.0994 -0.1628 2.492358 -0.016044 -4.1800 0 -0.4838 0  461 516 623 589 619 613 596 467  1 1 0 0 0 0 0 0 0 
6.497 2 1 2 0 4.699707 -6.286621 53.894043 0.1687 0.0344 0.1506 0.0016 0.0981 -0.1618 2.471629 -0.013440 -4.1800 0 -0.4838 0  488 563 630 610 622 611 586 468  1 1 0 0 0 0 0 0 0 
6.517 2 1 2 0 4.547119 -7.995605 55.084229 0.1667 0.0444 0.1514 0.0012 0.0970 -0.1609 2.453491 -0.011188 -4.1800 0 -0.4838 0  489 584 638 642 636 597 607 476  1 1 0 0 0 0 0 0 0 
6.537 2 1 2 0 4.791260 -7.385254 51.635742 0.1685 0.0416 0.1454 0.0012 0.0959 -0.1600 2.435353 -0.008400 -4.1800 0 -0.4838 0  497 548 643 629 599 590 589 470  1 1 0 0 0 0 0 0 0 
6.557 2 1 2 0 4.943848 -5.737305 53.924561 0.1628 0.0440 0.1249 0.0012 0.0949 -0.1591 2.417215 -0.006462 -4.1800 0 -0.4838 0  515 565 641 630 616 577 602 485  1 1 0 0 0 0 0 0 0 
6.577 2 1 2 0 4.455566 -6.988525 54.779053 0.1685 0.0394 0.1357 0.0012 0.0937 -0.1580 2.401669 -0.004406 -4.1800 0 -0.4838 0  509 544 650 634 601 586 610 498  1 1 0 0 0 0 0 0 0 
6.597 2 1 2 0 4.882812 -5.615234 55.236816 0.1756 0.0497 0.1442 0.0012 0.0925 -0.1569 2.380939 -0.001986 -4.1800 0 -0.4838 0  508 558 657 625 606 593 618 513  1 1 0 0 0 0 0 0 0 
6.617 2 1 2 0 5.493164 -3.417969 56.671143 0.1779 0.0466 0.1498 0.0012 0.0914 -0.1558 2.360210 -0.000510 -4.1800 0 -0.4838 0  512 577 662 619 569 589 634 493  1 1 0 0 0 0 0 0 0 
6.637 2 1 2 0 5.767822 -5.187988 56.365967 0.1935 0.0510 0.1723 0.0012 0.0902 -0.1547 2.339481 0.001129 -4.1800 0 -0.4838 0  510 581 648 609 575 620 646 504  1 1 0 0 0 0 0 0 0 
6.657 2 1 2 0 5.554199 -0.122070 63.903809 0.1888 0.0515 0.1434 0.0012 0.0893 -0.1536 2.321343 0.001440 -4.1800 0 -0.4838 0  520 578 640 607 608 562 639 545  1 1 0 0 0 0 0 0 0 
6.677 2 1 2 0 5.676270 2.166748 63.720703 0.1967 0.0474 0.1791 0.0012 0.0880 -0.1523 2.298023 0.001494 -4.1800 0 -0.4838 0  523 585 611 601 597 623 684 557  1 1 0 0 0 0 0 0 0 
6.697 2 1 2 0 5.187988 2.807617 64.636230 0.2025 0.0452 0.1550 0.0028 0.0867 -0.1508 2.277294 0.001099 -4.1800 0 -0.4838 0  535 590 635 602 617 650 704 550  1 1 0 0 0 0 0 0 0 
6.717 2 1 2 0 5.828857 3.082275 67.382812 0.2113 0.0488 0.1968 0.0028 0.0856 -0.1494 2.253974 -0.000251 -4.1800 0 -0.4838 0  536 584 642 619 629 656 720 547  1 1 0 0 0 0 0 0 0 
6.737 2 1 2 0 6.042480 6.988525 67.108154 0.2155 0.0447 0.1956 0.0108 0.0842 -0.1477 2.230654 -0.001372 -4.1800 0 -0.4838 0  537 601 650 611 647 704 732 555  1 1 0 0 0 0 0 0 0 
6.757 2 1 2 0 5.889893 1.983643 68.359375 0.2282 0.0554 0.2181 0.0108 0.0830 -0.1461 2.204742 -0.003432 -4.1800 0 -0.4838 0  558 613 660 621 660 719 702 548  1 1 0 0 0 0 0 0 0 
6.777 2 1 2 0 7.324219 10.070801 72.204590 0.2161 0.0373 0.1892 0.0141 0.0817 -0.1443 2.181422 -0.005755 -4.1800 0 -0.4838 0  551 622 683 659 670 710 738 540  1 1 0 0 0 0 0 0 0 
6.797 2 1 2 0 5.859375 3.692627 76.629639 0.2260 0.0482 0.2036 0.0116 0.0805 -0.1425 2.158102 -0.007878 -4.1800 0 -0.4838 0  557 631 692 657 688 722 715 540  1 1 0 0 0 0 0 0 0 
6.817 2 1 2 0 6.164551 14.160156 72.265625 0.2024 0.0225 0.1847 0.0116 0.0793 -0.1406 2.129600 -0.011522 -4.1800 0 -0.4838 0  547 620 687 654 689 725 718 529  1 1 0 0 0 0 0 0 0 
6.837 2 1 2 0 6.561279 1.678467 73.028564 0.2238 0.0412 0.2181 0.0096 0.0781 -0.1387 2.106279 -0.012962 -4.1800 0 -0.4838 0  560 613 679 687 703 726 729 529  1 1 0 0 0 0 0 0 0 
6.857 2 1 2 0 6.408691 13.336182 70.678711 0.2025 0.0279 0.1928 0.0293 0.0770 -0.1368 2.082959 -0.014223 -4.1800 0 -0.4838 0  542 622 682 672 709 720 728 530  1 1 0 0 0 0 0 0 0 
6.877 2 1 2 0 5.126953 2.899170 68.511963 0.2115 0.0344 0.2068 0.0137 0.0759 -0.1349 2.059639 -0.016429 -4.1800 0 -0.4838 0  556 613 689 677 704 712 722 539  1 1 0 0 0 0 0 0 0 
6.897 2 1 2 0 6.744385 0.610352 70.129395 0.2119 0.0411 0.1900 0.0137 0.0751 -0.1333 2.036319 -0.016527 -4.1800 0 -0.4838 0  556 594 698 689 707 708 704 537  1 1 0 0 0 0 0 0 0 
6.917 2 1 2 0 5.706787 -4.058838 67.626953 0.2221 0.0488 0.2125 0.0096 0.0742 -0.1314 2.010407 -0.015735 -4.1800 0 -0.4838 0  562 610 700 694 676 706 719 513  1 1 0 0 0 0 0 0 0 
6.937 2 1 2 0 7.171631 2.319336 70.068359 0.2086 0.0452 0.1868 0.0064 0.0735 -0.1298 1.987087 -0.015655 -4.1800 0 -0.4838 0  553 619 709 689 691 709 721 547  1 1 0 0 0 0 0 0 0 
6.957 2 1 2 0 5.889893 2.014160 64.514160 0.2055 0.0422 0.1868 0.0052 0.0726 -0.1278 1.963767 -0.015652 -4.1800 0 -0.4838 0  548 600 696 683 707 714 729 547  1 1 0 0 0 0 0 0 0 
6.977 2 1 2 0 5.859375 3.631592 64.331055 0.1943 0.0352 0.1542 0.0052 0.0720 -0.1263 1.943038 -0.015896 -4.1800 0 -0.4838 0  546 618 697 683 689 720 738 560  1 1 0 0 0 0 0 0 0 
6.997 2 1 2 0 5.340576 -1.037598 65.368652 0.1977 0.0423 0.1791 0.0052 0.0714 -0.1246 1.919718 -0.015617 -4.1800 0 -0.4838 0  548 607 704 689 693 736 746 558  1 1 0 0 0 0 0 0 0 
7.017 2 1 2 0 5.554199 0.885010 67.047119 0.1925 0.0364 0.1611 0.0052 0.0708 -0.1229 1.896398 -0.015049 -4.1800 0 -0.4838 0  548 612 690 691 708 720 754 553  1 1 0 0 0 0 0 0 0 
7.037 2 1 2 0 4.455566 -2.716064 64.453125 0.1977 0.0461 0.1868 0.0052 0.0702 -0.1210 1.875669 -0.014179 -4.1800 0 -0.4838 0  562 621 696 695 721 742 766 582  1 1 0 0 0 0 0 0 0 
7.057 2 1 2 0 4.547119 -3.753662 62.957764 0.2044 0.0447 0.1940 0.0052 0.0696 -0.1192 1.852348 -0.012570 -4.1800 0 -0.4838 0  545 629 709 710 728 742 780 585  1 1 0 0 0 0 0 0 0 
7.077 2 1 2 0 5.828857 -2.777100 65.734863 0.1979 0.0483 0.1791 0.0052 0.0692 -0.1177 1.831619 -0.011905 -4.1800 0 -0.4838 0  573 643 738 722 743 758 783 590  1 1 0 0 0 0 0 0 0 
7.097 2 1 2 0 5.432129 -4.821777 60.668945 0.2052 0.0475 0.1856 0.0052 0.0688 -0.1159 1.808299 -0.010561 -4.1800 0 -0.4838 0  589 648 743 734 755 747 792 605  1 1 0 0 0 0 0 0 0 
7.117 2 1 2 0 6.439209 0.488281 65.948486 0.1940 0.0432 0.1679 0.0044 0.0684 -0.1144 1.787570 -0.010167 -4.1800 0 -0.4838 0  579 660 752 726 755 763 787 601  1 1 0 0 0 0 0 0 0 
7.137 2 1 2 0 5.889893 -3.631592 62.530518 0.2057 0.0473 0.1940 0.0036 0.0680 -0.1126 1.764250 -0.009263 -4.1800 0 -0.4838 0  620 671 768 757 766 787 800 614  1 1 0 0 0 0 0 0 0 
7.157 2 1 2 0 6.622314 0.030518 65.429688 0.1996 0.0486 0.1643 0.0028 0.0677 -0.1108 1.740930 -0.008786 -4.1800 0 -0.4838 0  596 676 765 772 768 783 808 609  1 1 0 0 0 0 0 0 0 
7.177 2 1 2 0 6.317139 1.007080 62.255859 0.2000 0.0432 0.1807 0.0024 0.0674 -0.1090 1.717609 -0.008660 -4.1800 0 -0.4838 0  617 675 777 781 765 787 818 603  1 1 0 0 0 0 0 0 0 
7.197 2 1 2 0 6.683350 3.814697 62.744141 0.1946 0.0408 0.1578 0.0024 0.0672 -0.1071 1.696880 -0.008683 -4.1800 0 -0.4838 0  589 678 768 748 757 787 804 603  1 1 0 0 0 0 0 0 0 
7.217 2 1 2 0 5.828857 2.777100 59.814453 0.1898 0.0402 0.1743 0.0024 0.0670 -0.1055 1.676151 -0.009792 -4.1800 0 -0.4838 0  586 649 764 750 769 782 801 604  1 1 0 0 0 0 0 0 0 
7.237 2 1 2 0 5.187988 0.061035 62.774658 0.1921 0.0385 0.1566 0.0133 0.0668 -0.1035 1.655422 -0.009727 -4.1800 0 -0.4838 0  605 651 754 745 746 768 781 605  1 1 0 0 0 0 0 0 0 
7.257 2 1 2 0 6.042480 2.746582 63.995361 0.1891 0.0419 0.1920 0.0100 0.0667 -0.1019 1.634693 -0.009511 -4.1800 0 -0.4838 0  592 670 746 741 748 769 786 618  1 1 0 0 0 0 0 0 0 
7.277 2 1 2 0 4.913330 -4.608154 59.814453 0.1994 0.0468 0.1856 0.0064 0.0666 -0.1001 1.611373 -0.009299 -4.1800 0 -0.4838 0  588 658 744 733 762 764 783 601  1 1 0 0 0 0 0 0 0 
7.297 2 1 2 0 5.737305 1.281738 58.929443 0.1841 0.0416 0.1791 0.0060 0.0665 -0.0983 1.593235 -0.009810 -4.1800 0 -0.4838 0  585 664 741 732 743 771 777 582  1 1 0 0 0 0 0 0 0 
7.317 2 1 2 0 5.187988 -0.976562 57.800293 0.1835 0.0379 0.1823 0.0112 0.0665 -0.0964 1.575097 -0.009999 -4.1800 0 -0.4838 0  569 648 741 727 761 768 777 597  1 1 0 0 0 0 0 0 0 
7.337 2 1 2 0 4.638672 -4.760742 58.593750 0.1855 0.0389 0.1550 0.0112 0.0665 -0.0948 1.554368 -0.009292 -4.1800 0 -0.4838 0  571 644 734 729 734 764 776 587  1 1 0 0 0 0 0 0 0 
7.357 2 1 2 0 6.286621 -4.699707 60.882568 0.1858 0.0429 0.1735 0.0096 0.0665 -0.0932 1.533639 -0.008348 -4.1800 0 -0.4838 0  570 640 722 731 757 773 776 587  1 1 0 0 0 0 0 0 0 
7.377 2 1 2 0 5.401611 -3.570557 57.403564 0.1863 0.0382 0.1542 0.0064 0.0666 -0.0914 1.510319 -0.007078 -4.1800 0 -0.4838 0  566 646 756 732 748 774 777 577  1 1 0 0 0 0 0 0 0 
7.397 2 1 2 0 5.767822 2.593994 54.809570 0.1752 0.0372 0.1807 0.0052 0.0667 -0.0896 1.492181 -0.006997 -4.1800 0 -0.4838 0  561 632 734 729 743 757 777 583  1 1 0 0 0 0 0 0 0 
7.417 2 1 2 0 5.310059 -4.333496 52.246094 0.1826 0.0470 0.1831 0.0052 0.0669 -0.0880 1.471452 -0.006783 -4.1800 0 -0.4838 0  568 643 743 722 739 768 768 582  1 1 0 0 0 0 0 0 0 
7.437 2 1 2 0 5.310059 -1.922607 54.534912 0.1734 0.0398 0.1550 0.0137 0.0671 -0.0864 1.455905 -0.006555 -4.1800 0 -0.4838 0  557 639 732 724 734 719 766 582  1 1 0 0 0 0 0 0 0 
7.457 2 1 2 0 5.096436 -8.361816 58.807373 0.1885 0.0544 0.1759 0.0100 0.0673 -0.0848 1.435176 -0.004855 -4.1800 0 -0.4838 0  556 634 731 710 735 769 758 577  1 1 0 0 0 0 0 0 0 
7.477 2 1 2 0 5.218506 -3.540039 57.128906 0.1847 0.0469 0.1578 0.0064 0.0675 -0.0832 1.414447 -0.003632 -4.1800 0 -0.4838 0  555 637 731 719 737 758 751 576  1 1 0 0 0 0 0 0 0 
7.497 2 1 2 0 5.737305 -3.082275 58.197021 0.1884 0.0518 0.1715 0.0064 0.0678 -0.0815 1.396309 -0.002813 -4.1800 0 -0.4838 0  530 637 722 728 736 751 771 579  1 1 0 0 0 0 0 0 0 
7.517 2 1 2 0 5.462646 -7.263184 55.145264 0.2074 0.0608 0.1900 0.0064 0.0681 -0.0799 1.375580 -0.001055 -4.1800 0 -0.4838 0  560 641 728 715 726 750 734 574  1 1 0 0 0 0 0 0 0 
7.537 2 1 2 0 6.927490 -3.143311 60.089111 0.2044 0.0611 0.1831 0.0064 0.0684 -0.0783 1.354851 -0.000814 -4.1800 0 -0.4838 0  565 634 720 697 733 746 780 575  1 1 0 0 0 0 0 0 0 
7.557 2 1 2 0 6.439209 -2.746582 59.753418 0.2096 0.0628 0.1900 0.0048 0.0688 -0.0765 1.331531 -0.000982 -4.1800 0 -0.4838 0  564 628 721 730 729 747 750 573  1 1 0 0 0 0 0 0 0 
7.577 2 1 2 0 6.164551 4.333496 62.927246 0.2001 0.0492 0.1759 0.0044 0.0693 -0.0746 1.310802 -0.002034 -4.1800 0 -0.4838 0  557 648 719 725 733 743 763 571  1 1 0 0 0 0 0 0 0 
7.597 2 1 2 0 5.340576 1.800537 62.957764 0.2047 0.0462 0.1996 0.0044 0.0698 -0.0729 1.287481 -0.003719 -4.1800 0 -0.4838 0  564 582 716 705 716 739 745 550  1 1 0 0 0 0 0 0 0 
7.617 2 1 2 0 6.256104 4.272461 67.230225 0.2020 0.0426 0.1767 0.0088 0.0704 -0.0709 1.266752 -0.004667 -4.1800 0 -0.4838 0  561 635 719 705 716 736 734 543  1 1 0 0 0 0 0 0 0 
7.637 2 1 2 0 5.767822 1.861572 70.159912 0.2057 0.0477 0.1912 0.0088 0.0709 -0.0692 1.243432 -0.005896 -4.1800 0 -0.4838 0  573 594 724 710 721 735 741 583  1 1 0 0 0 0 0 0 0 
7.657 2 1 2 0 6.408691 3.448486 71.746826 0.2059 0.0497 0.1731 0.0080 0.0715 -0.0675 1.220112 -0.006388 -4.1800 0 -0.4838 0  572 654 718 708 730 732 730 565  1 1 0 0 0 0 0 0 0 
7.677 2 1 2 0 6.469727 3.540039 73.150635 0.2071 0.0455 0.2068 0.0056 0.0723 -0.0656 1.194201 -0.007811 -4.1800 0 -0.4838 0  566 637 722 711 705 734 728 551  1 1 0 0 0 0 0 0 0 
7.697 2 1 2 0 6.011963 4.791260 71.289062 0.2052 0.0395 0.1751 0.0044 0.0729 -0.0640 1.170880 -0.008538 -4.1800 0 -0.4838 0  589 631 716 717 745 724 721 544  1 1 0 0 0 0 0 0 0 
7.717 2 1 2 0 7.110596 3.784180 73.455811 0.2079 0.0416 0.1996 0.0036 0.0737 -0.0621 1.144969 -0.009562 -4.1800 0 -0.4838 0  573 652 754 713 715 715 718 517  1 1 0 0 0 0 0 0 0 
7.737 2 1 2 0 7.476807 6.591797 71.960449 0.2046 0.0327 0.1847 0.0028 0.0745 -0.0605 1.121649 -0.010306 -4.1800 0 -0.4838 0  590 657 750 714 719 716 717 552  1 1 0 0 0 0 0 0 0 
7.757 2 1 2 0 6.225586 3.448486 72.875977 0.2055 0.0416 0.1868 0.0024 0.0754 -0.0587 1.095737 -0.011433 -4.1800 0 -0.4838 0  604 655 733 717 721 719 718 542  1 1 0 0 0 0 0 0 0 
7.777 2 1 2 0 5.920410 4.241943 71.685791 0.2078 0.0353 0.1976 0.0020 0.0762 -0.0571 1.072417 -0.011919 -4.1800 0 -0.4838 0  590 658 738 719 718 722 723 547  1 1 0 0 0 0 0 0 0 
7.797 2 1 2 0 5.981445 3.509521 73.486328 0.2001 0.0394 0.1839 0.0020 0.0772 -0.0553 1.046506 -0.013437 -4.1800 0 -0.4838 0  570 662 759 720 717 707 725 548  1 1 0 0 0 0 0 0 0 
7.817 2 1 2 0 5.523682 3.204346 69.274902 0.2034 0.0398 0.1856 0.0016 0.0782 -0.0538 1.023186 -0.013246 -4.1800 0 -0.4838 0  625 669 737 740 727 716 730 553  1 1 0 0 0 0 0 0 0 
7.837 2 1 2 0 6.500244 5.706787 74.371338 0.1885 0.0329 0.1687 0.0016 0.0791 -0.0523 0.999866 -0.014774 -4.1800 0 -0.4838 0  587 671 753 713 730 710 732 552  1 1 0 0 0 0 0 0 0 
7.857 2 1 2 0 4.821777 -0.427246 64.361572 0.2018 0.0370 0.1856 0.0016 0.0802 -0.0506 0.973954 -0.013927 -4.1800 0 -0.4838 0  587 672 757 728 732 726 729 553  1 1 0 0 0 0 0 0 0 
7.877 2 1 2 0 5.126953 -0.732422 69.396973 0.1901 0.0408 0.1554 0.0012 0.0811 -0.0493 0.953225 -0.014664 -4.1800 0 -0.4838 0  608 677 760 751 732 730 746 547  1 1 0 0 0 0 0 0 0 
7.897 2 1 2 0 5.096436 -2.532959 63.049316 0.1988 0.0367 0.1799 0.0012 0.0823 -0.0476 0.927314 -0.013440 -4.1800 0 -0.4838 0  601 683 765 744 738 736 705 556  1 1 0 0 0 0 0 0 0 
7.917 2 1 2 0 5.340576 -0.854492 64.788818 0.1941 0.0455 0.1988 0.0012 0.0833 -0.0464 0.906585 -0.013190 -4.1800 0 -0.4838 0  606 670 775 741 748 741 743 557  1 1 0 0 0 0 0 0 0 
7.937 2 1 2 0 4.669189 -4.638672 61.431885 0.2016 0.0450 0.2028 0.0012 0.0844 -0.0450 0.883265 -0.012108 -4.1800 0 -0.4838 0  597 691 776 752 738 744 758 558  1 1 0 0 0 0 0 0 0 
7.957 2 1 2 0 5.340576 -4.608154 61.676025 0.1997 0.0491 0.1831 0.0008 0.0856 -0.0436 0.859944 -0.011140 -4.1800 0 -0.4838 0  596 687 786 753 744 756 755 570  1 1 0 0 0 0 0 0 0 
7.977 2 1 2 0 6.347656 -6.195068 59.570312 0.2025 0.0514 0.1823 0.0008 0.0867 -0.0424 0.839215 -0.009947 -4.1800 0 -0.4838 0  604 671 790 756 748 755 752 567  1 1 0 0 0 0 0 0 0 
7.997 2 1 2 0 6.042480 -3.967285 59.051514 0.1992 0.0501 0.1518 0.0008 0.0877 -0.0412 0.818486 -0.008473 -4.1800 0 -0.4838 0  619 712 778 768 761 757 768 578  1 1 0 0 0 0 0 0 0 
8.017 2 1 2 0 5.187988 -0.457764 57.800293 0.1921 0.0475 0.1659 0.0008 0.0888 -0.0400 0.797757 -0.008167 -4.1800 0 -0.4838 0  614 723 800 767 783 756 768 603  1 1 0 0 0 0 0 0 0 
8.037 2 1 2 0 5.767822 3.051758 54.901123 0.1883 0.0358 0.1518 0.0008 0.0903 -0.0386 0.777028 -0.007366 -4.1800 0 -0.4838 0  614 692 783 766 751 765 776 595  1 1 0 0 0 0 0 0 0 
8.057 2 1 2 0 5.004883 6.072998 52.185059 0.1750 0.0324 0.1458 0.0197 0.0916 -0.0373 0.758890 -0.008095 -4.1800 0 -0.4838 0  614 693 779 766 768 768 790 603  1 1 0 0 0 0 0 0 0 
8.077 2 1 3 0 4.913330 -8.850098 54.199219 0.1936 0.0781 0.1751 0.0153 0.0929 -0.0361 0.740752 -0.007004 -4.1800 0 -0.4838 0  616 696 808 767 767 784 802 636  1 1 0 0 0 0 0 0 0 
8.097 2 1 3 0 3.509521 8.026123 42.480469 0.1403 0.0548 0.1289 0.0277 0.0941 -0.0350 0.725205 -0.008374 -4.1800 0 -0.4838 0  619 698 796 769 773 798 812 646  1 1 0 0 0 0 0 0 0 
8.117 2 1 3 0 1.251221 -1.281738 31.158447 0.1419 0.0834 0.1434 0.0394 0.0954 -0.0338 0.712250 -0.007141 -4.1800 0 -0.4838 0  610 703 795 777 778 823 838 666  1 1 0 0 0 0 0 0 0 
8.137 2 1 3 0 2.838135 -8.270264 30.639648 0.1483 0.1134 0.1337 0.0707 0.0968 -0.0327 0.704476 -0.004203 -4.1800 0 -0.4838 0  606 706 785 787 790 790 865 681  1 1 0 0 0 0 0 0 0 
8.157 2 1 3 0 2.136230 -0.915527 16.479492 0.1170 0.1095 0.1064 0.1076 0.0980 -0.0316 0.699294 -0.003140 -4.1800 0 -0.4838 0  637 718 810 803 801 813 896 714  1 1 0 0 0 0 0 0 0 
8.177 2 1 3 0 0.762939 -6.561279 7.568359 0.1020 0.1174 0.0687 0.0996 0.0993 -0.0306 0.699294 -0.002587 -4.1800 0 -0.4838 0  593 714 823 780 814 857 918 750  1 1 0 0 0 0 0 0 0 
8.197 2 1 4 0 -0.915527 -10.681152 -3.112793 0.1184 0.1317 0.0767 0.1020 0.1007 -0.0294 0.696703 0.001170 1.7393 1 4.1800 0  665 729 839 815 835 883 944 785  1 1 0 0 0 0 0 15 0 
8.217 2 1 4 0 -0.701904 -7.965088 -9.124756 0.1347 0.1080 0.1064 0.1084 0.1019 -0.0284 0.696703 0.004297 1.4856 1 4.1800 0  642 742 847 816 851 912 995 820  1 1 0 0 0 0 0 20 0 
8.237 2 1 4 0 0.640869 -8.972168 -0.366211 0.1319 0.0793 0.0859 0.0614 0.1030 -0.0275 0.694112 0.006000 1.3706 1 4.1800 0  652 744 856 857 879 944 1067 860  1 1 0 0 0 0 0 20 0 
8.257 2 1 4 0 2.655029 -11.444092 11.657715 0.1375 0.0649 0.0996 0.0502 0.1042 -0.0265 0.694112 0.009110 1.2661 1 4.1800 0  659 754 865 853 904 982 1081 881  1 1 0 0 0 0 0 20 0 
8.277 2 1 4 0 2.990723 -18.310547 19.317627 0.1550 0.0624 0.0988 0.0189 0.1050 -0.0259 0.681156 0.013160 1.1581 1 4.1800 0  685 765 882 898 925 1028 1120 913  1 1 0 0 0 0 0 20 0 
8.297 2 1 4 0 5.554199 -20.202637 35.064697 0.1857 0.0811 0.1153 0.0751 0.1061 -0.0250 0.673383 0.018816 0.8429 1 4.1800 0  678 782 905 925 969 1075 1178 927  1 1 0 0 0 0 0 20 0 
8.317 2 1 4 0 4.425049 -4.608154 38.391113 0.1892 0.1057 0.1233 0.0430 0.1077 -0.0237 0.663018 0.023874 0.3208 1 4.1800 0  692 755 926 945 1031 1107 1208 982  1 1 0 0 0 0 0 20 0 
8.337 2 1 4 0 5.584717 4.913330 33.325195 0.1738 0.1302 0.1502 0.0506 0.1092 -0.0225 0.652654 0.023301 0.0797 1 4.1800 0  692 839 940 977 1068 1151 1248 980  1 1 0 0 0 0 0 20 0 
8.357 2 1 4 0 2.380371 9.643555 16.571045 0.1640 0.1604 0.1679 0.1000 0.1113 -0.0209 0.644880 0.021955 -0.3711 1 4.1800 0  700 809 983 1022 1097 1189 1268 976  1 1 0 0 0 0 0 20 0 
8.377 2 1 4 0 1.129150 6.835938 6.652832 0.1462 0.1826 0.1217 0.1562 0.1133 -0.0195 0.644880 0.018577 -0.9563 1 4.1800 0  716 841 1037 1065 1124 1216 1273 966  1 1 0 0 0 0 0 20 0 
8.397 2 1 4 0 -0.793457 10.742188 -6.805420 0.1157 0.1921 0.0908 0.1518 0.1153 -0.0179 0.647471 0.015000 -1.3255 1 4.1800 0  740 887 1081 1103 1167 1231 1276 974  1 1 0 0 0 0 0 20 0 
8.417 2 1 4 0 -3.662109 9.582520 -22.857666 0.0993 0.2083 0.1088 0.1574 0.1174 -0.0163 0.655245 0.012048 -1.4622 1 4.1800 0  765 918 1106 1136 1191 1255 1278 977  1 1 0 0 0 0 0 20 0 
8.437 2 1 4 0 -7.873535 10.040283 -35.430908 0.0922 0.2212 0.0735 0.1884 0.1195 -0.0147 0.668200 0.009754 -1.7045 1 4.1800 0  790 949 1146 1157 1200 1247 1273 973  1 1 0 0 0 0 1 20 0 
8.457 2 1 4 0 -8.392334 2.319336 -39.794922 0.1007 0.2497 0.0719 0.2241 0.1215 -0.0131 0.686338 0.008301 -1.8859 1 4.1800 0  806 973 1142 1163 1204 1249 1260 960  1 1 0 0 0 0 1 20 0 
8.477 2 1 4 0 -6.805420 7.781982 -55.969238 0.0962 0.2652 0.0707 0.2446 0.1237 -0.0113 0.701885 0.007418 -1.9825 1 4.1800 0  815 986 1167 1168 1197 1210 1241 944  1 1 0 0 0 0 1 20 0 
8.497 2 1 4 0 -8.575439 9.643555 -70.190430 0.0911 0.2801 0.0811 0.2659 0.1261 -0.0092 0.722614 0.004554 -1.9441 0 4.1800 0  844 998 1160 1176 1182 1222 1218 914  1 1 0 0 0 0 4 17 0 
8.517 2 1 4 0 -8.026123 15.991211 -83.770752 0.0795 0.2885 0.0635 0.2623 0.1283 -0.0072 0.745934 0.000942 -2.0371 1 2.5616 1  833 995 1162 1144 1164 1183 1182 867  1 1 0 0 0 0 12 13 3 
8.537 2 1 4 0 -7.934570 13.732910 -89.416504 0.0853 0.3143 0.0715 0.2888 0.1308 -0.0048 0.774437 -0.003384 -2.9787 1 1.8028 1  870 994 1146 1150 1143 1139 1122 814  1 1 0 0 1 0 20 2 6 
8.557 2 1 4 0 -9.124756 22.216797 -101.623535 0.0646 0.3136 0.0418 0.3113 0.1332 -0.0024 0.808122 -0.009347 -3.0907 1 1.9376 1  836 981 1133 1117 1118 1100 1067 744  1 1 0 0 1 0 12 10 20 
8.577 2 1 4 0 -8.148193 24.169922 -108.703613 0.0478 0.3168 0.0305 0.3237 0.1355 0.0001 0.841806 -0.016719 -4.1800 0 1.4928 1  848 981 1114 1095 1084 1055 946 677  1 1 0 0 0 0 0 3 20 
8.597 2 1 4 0 -7.110596 22.888184 -114.929199 0.0305 0.3195 0.0169 0.2868 0.1376 0.0026 0.883265 -0.023785 -4.1800 0 1.4755 1  828 945 1088 1070 1044 988 902 614  1 1 0 0 0 0 0 0 20 
8.617 2 1 4 0 -0.671387 25.695801 -121.520996 0.0052 0.3142 0.0092 0.3088 0.1397 0.0052 0.927314 -0.031264 -4.1800 0 1.2851 1  815 954 1069 1018 1032 935 817 563  1 1 0 0 0 0 0 0 20 
8.637 2 1 4 0 3.051758 24.719238 -124.755859 -0.0273 0.3017 0.0060 0.3402 0.1416 0.0078 0.968772 -0.040240 -4.1800 0 1.1051 1  798 944 1042 1011 966 881 763 531  1 1 0 0 0 0 0 0 20 
8.657 2 1 4 0 -5.859375 21.514893 -128.479004 -0.0643 0.2847 0.0044 0.2827 0.1434 0.0105 1.010230 -0.046951 -4.1800 0 1.1876 1  784 888 1027 990 895 842 722 487  1 1 0 0 0 0 0 0 20 
8.677 2 1 4 0 -4.455566 16.693115 -131.164551 -0.0942 0.2748 -0.0293 0.3088 0.1447 0.0128 1.054279 -0.052150 -4.1800 0 0.9909 1  768 928 1018 970 920 820 698 476  1 1 0 0 0 0 0 0 20 
8.697 2 1 4 0 -1.708984 9.918213 -133.941650 -0.1284 0.2606 -0.0538 0.2623 0.1458 0.0147 1.098329 -0.055689 -4.1800 0 1.1866 1  757 874 1005 963 915 807 682 450  1 1 0 0 0 0 0 0 20 
8.717 2 1 4 0 -4.364014 -3.967285 -129.425049 -0.1299 0.2791 -0.0659 0.2711 0.1467 0.0167 1.147560 -0.055109 -4.1800 0 1.0991 1  742 880 1025 971 897 813 684 463  1 1 0 0 0 0 0 0 20 
8.737 2 1 4 0 -5.554199 -6.744385 -128.051758 -0.1333 0.2957 -0.0908 0.3317 0.1476 0.0187 1.196792 -0.052852 -3.6554 1 1.0590 1  720 873 1003 979 926 829 701 514  1 1 0 0 0 0 0 1 20 
8.757 2 1 4 0 -3.814697 1.464844 -135.864258 -0.1640 0.2850 -0.1141 0.2807 0.1483 0.0206 1.243432 -0.050737 -3.3594 1 1.3532 1  697 861 1016 979 943 871 703 478  1 1 0 0 0 0 0 20 20 
8.777 2 1 4 0 -3.906250 1.831055 -150.024414 -0.1857 0.2833 -0.1100 0.2787 0.1487 0.0222 1.295255 -0.049682 -2.8780 1 1.3012 1  672 841 1047 987 965 874 729 484  1 1 0 0 0 0 0 20 20 
8.797 2 1 4 0 -3.631592 -0.915527 -153.930664 -0.1885 0.2945 -0.1185 0.2639 0.1492 0.0239 1.349669 -0.047820 -2.6137 1 1.6035 1  633 817 1003 985 978 936 761 494  1 1 0 0 0 0 0 20 20 
8.817 2 1 4 0 -3.845215 3.662109 -162.597656 -0.1701 0.2989 -0.1490 0.3265 0.1495 0.0255 1.406673 -0.047159 -2.3396 1 1.6092 1  623 777 982 995 992 905 808 513  1 1 0 0 0 0 0 20 20 
8.837 2 1 4 0 -5.676270 9.643555 -165.374756 -0.1658 0.2782 -0.1189 0.3064 0.1497 0.0271 1.463678 -0.048705 -1.8300 1 1.8577 1  605 742 945 1000 1001 973 859 537  1 1 0 0 0 0 0 20 20 
8.857 2 1 4 0 -4.425049 11.108398 -162.414551 -0.1725 0.2315 -0.1273 0.2623 0.1498 0.0285 1.512910 -0.052155 -1.4291 1 1.9654 1  541 691 890 991 993 971 875 576  1 1 0 0 0 0 0 20 20 
8.877 2 1 4 0 -2.593994 10.101318 -157.104492 -0.1998 0.1642 -0.1506 0.2016 0.1499 0.0291 1.562141 -0.056373 -1.0741 1 2.3542 1  553 639 837 938 993 994 944 619  1 1 0 0 0 0 0 20 20 
8.897 2 1 4 0 -1.739502 -13.854980 -127.960205 -0.1686 0.1564 -0.1578 0.2068 0.1499 0.0297 1.611373 -0.055266 -1.0862 1 2.8729 1  490 613 805 904 984 1008 984 661  1 1 0 0 0 0 0 20 20 
8.917 2 1 4 0 -4.211426 -12.908936 -110.992432 -0.1756 0.1094 -0.1723 0.1345 0.1499 0.0299 1.650240 -0.050082 -0.8285 1 3.2743 1  497 607 782 880 987 1028 1006 702  1 1 0 0 0 0 0 20 20 
8.937 2 1 4 0 -2.746582 -14.343262 -93.658447 -0.1820 0.0640 -0.1731 0.1084 0.1499 0.0293 1.683925 -0.044730 -0.7276 1 3.5779 1  488 606 768 869 984 1044 1046 732  1 1 0 0 0 0 0 20 20 
8.957 2 1 4 0 -2.288818 -28.137207 -73.730469 -0.1601 0.0509 -0.1438 0.0743 0.1500 0.0287 1.712427 -0.035894 -0.5583 1 4.1800 0  491 600 750 853 995 1056 1065 764  1 1 0 0 0 0 0 20 13 
8.977 2 1 4 0 -2.105713 -22.277832 -64.666748 -0.1670 0.0150 -0.1442 0.0602 0.1501 0.0279 1.738338 -0.027465 -0.4437 1 4.1800 0  490 618 742 857 983 1069 1108 798  1 1 0 0 0 0 0 20 0 
8.997 2 1 4 0 -2.807617 -36.682129 -50.354004 -0.1446 0.0134 -0.1225 0.0221 0.1503 0.0269 1.756476 -0.018004 -0.3701 1 4.1800 0  493 587 742 849 1010 1095 1113 829  1 1 0 0 0 0 0 20 0 
9.017 2 1 4 0 -3.204346 -27.465820 -41.625977 -0.1421 -0.0041 -0.1048 0.0141 0.1506 0.0255 1.774614 -0.007185 -0.2537 1 4.1800 0  503 619 746 848 1006 1111 1141 821  1 1 0 0 0 0 0 20 0 
9.037 2 1 4 0 -3.265381 -21.697998 -39.245605 -0.1390 -0.0210 -0.1157 0.0080 0.1508 0.0245 1.787570 0.001305 -0.2342 1 4.1800 0  513 595 741 861 1029 1121 1166 866  1 1 0 0 0 0 0 20 0 
9.057 2 1 4 0 -3.204346 -20.965576 -36.651611 -0.1279 -0.0299 -0.1056 0.0056 0.1510 0.0234 1.803117 0.008503 -0.1304 1 4.1800 0  530 610 750 859 1021 1136 1177 880  1 1 0 0 0 0 0 20 0 
9.077 2 1 4 0 -4.058838 -19.226074 -35.552979 -0.1138 -0.0358 -0.1024 0.0044 0.1512 0.0226 1.813481 0.015399 -0.1025 1 4.1800 0  538 611 753 862 1037 1143 1193 912  1 1 0 0 0 0 0 20 0 
9.097 2 1 4 0 -3.387451 -18.768311 -29.724121 -0.1017 -0.0407 -0.0872 -0.0044 0.1515 0.0214 1.823846 0.020873 -0.1013 1 4.1800 0  551 625 746 867 1061 1150 1216 921  1 1 0 0 0 0 0 20 0 
9.117 2 1 4 0 -2.410889 -10.772705 -23.193359 -0.0958 -0.0538 -0.0723 -0.0044 0.1517 0.0208 1.831619 0.026158 -0.0275 1 4.1800 0  560 642 796 877 1025 1172 1228 914  1 1 0 0 0 0 0 20 0 
9.137 2 1 4 0 -1.861572 -10.650635 -12.969971 -0.1012 -0.0462 -0.0486 -0.0068 0.1519 0.0201 1.836802 0.029070 -0.0702 1 4.1800 0  564 653 751 879 1046 1171 1232 948  1 1 0 0 0 0 0 20 0 
9.157 2 1 4 0 -2.441406 -15.625000 -18.463135 -0.0868 -0.0168 -0.0502 -0.0068 0.1521 0.0195 1.844575 0.034226 -0.0631 1 4.1800 0  580 665 772 889 1053 1164 1244 933  1 1 0 0 0 0 0 20 0 
9.177 2 1 4 0 -2.593994 -10.101318 -20.507812 -0.0897 -0.0047 -0.0458 -0.0068 0.1522 0.0189 1.852348 0.037884 -0.0725 1 4.1800 0  588 674 791 897 1058 1211 1250 944  1 1 0 0 0 0 0 20 0 
9.197 2 1 4 0 -2.655029 -16.235352 -19.622803 -0.0707 0.0273 -0.0454 -0.0060 0.1523 0.0185 1.857531 0.041699 -0.0626 1 4.1800 0  600 683 805 904 1062 1201 1264 958  1 1 0 0 0 0 0 20 0 
9.217 2 1 4 0 -2.532959 -17.700195 -17.700195 -0.0617 0.0473 -0.0490 -0.0044 0.1524 0.0181 1.862713 0.045073 -0.0234 1 4.1800 0  618 698 815 906 1069 1211 1270 962  1 1 0 0 0 0 0 20 0 
9.237 2 1 4 0 -1.983643 -11.352539 -13.153076 -0.0381 0.0789 -0.0205 0.0683 0.1523 0.0185 1.873077 0.048896 -0.0514 1 4.1800 0  625 704 820 915 1077 1219 1284 973  1 1 0 0 0 0 0 20 0 
9.257 2 1 4 0 -1.556396 -1.831055 -7.202148 -0.0391 0.0929 -0.0100 0.0293 0.1523 0.0187 1.875669 0.050062 0.0163 1 4.1800 0  657 709 826 892 1080 1221 1245 973  1 1 0 0 0 0 0 20 0 
9.277 2 1 4 0 -1.525879 2.319336 -19.378662 -0.0352 0.0968 -0.0064 0.0671 0.1521 0.0193 1.883442 0.047546 -0.0539 1 4.1800 0  614 700 814 913 1067 1217 1305 974  1 1 0 0 0 0 0 20 0 
9.297 2 1 4 0 -1.922607 4.150391 -21.667480 -0.0206 0.0964 -0.0048 0.0627 0.1519 0.0199 1.891215 0.044827 0.0644 1 4.1800 0  615 693 804 888 1049 1204 1283 978  1 1 0 0 0 0 0 20 0 
9.317 2 1 4 0 -2.197266 3.448486 -22.033691 0.0015 0.0945 -0.0040 0.0743 0.1517 0.0204 1.898989 0.042626 0.1330 1 4.1800 0  616 698 791 875 1039 1195 1270 980  1 1 0 0 0 0 0 20 0 
9.337 2 1 4 0 -2.929688 3.967285 -26.885986 0.0222 0.0851 -0.0032 0.0739 0.1515 0.0210 1.906762 0.040758 0.2014 1 4.1800 0  613 683 777 857 1018 1187 1263 975  1 1 0 0 0 0 0 20 0 
9.357 2 1 4 0 -1.312256 -2.136230 -20.965576 0.0471 0.0780 -0.0028 0.0321 0.1514 0.0214 1.911944 0.039443 0.3539 1 4.1800 0  603 688 776 844 988 1181 1262 976  1 1 0 0 0 0 0 20 0 
9.377 2 1 4 0 -1.647949 -4.760742 -15.869141 0.0882 0.0881 0.0659 0.0695 0.1510 0.0225 1.917127 0.040466 0.2332 1 4.1800 0  597 672 774 844 1006 1172 1268 998  1 1 0 0 0 0 0 20 0 
9.397 2 1 4 0 -2.410889 3.326416 -19.500732 0.0979 0.0867 0.0378 0.0687 0.1506 0.0235 1.919718 0.040732 0.2238 1 4.1800 0  597 642 768 831 990 1177 1275 974  1 1 0 0 0 0 0 20 0 
9.417 2 1 4 0 -0.366211 1.434326 -5.523682 0.1034 0.0773 0.0390 0.0522 0.1504 0.0242 1.919718 0.038091 0.2671 1 4.1800 0  594 654 749 818 991 1161 1270 982  1 1 0 0 0 0 0 20 0 
9.437 2 1 4 0 0.671387 -1.953125 3.295898 0.1212 0.0800 0.0462 0.0418 0.1500 0.0252 1.922309 0.037105 0.2936 1 4.1800 0  586 678 753 813 991 1165 1271 995  1 1 0 0 0 0 0 20 0 
9.457 2 1 4 0 1.159668 2.716064 5.249023 0.1188 0.0687 0.0566 0.0321 0.1497 0.0261 1.919718 0.035658 0.2372 1 4.1800 0  579 659 753 805 1002 1149 1265 988  1 1 0 0 0 0 0 20 0 
9.477 2 1 4 0 1.129150 3.051758 11.932373 0.1133 0.0767 0.0639 0.0550 0.1493 0.0270 1.917127 0.033712 0.2942 1 4.1800 0  569 645 751 802 980 1164 1259 969  1 1 0 0 0 0 0 20 0 
9.497 2 1 4 0 2.105713 -5.706787 19.927979 0.1286 0.1129 0.0755 0.0783 0.1489 0.0282 1.911944 0.033706 0.2767 1 4.1800 0  565 641 737 810 980 1151 1268 996  1 1 0 0 0 0 0 20 0 
9.517 2 1 4 0 1.281738 -0.427246 4.150391 0.1203 0.1263 0.0723 0.1052 0.1485 0.0293 1.911944 0.032123 0.3032 1 4.1800 0  560 638 728 806 971 1143 1259 974  1 1 0 0 0 0 0 20 0 
9.537 2 1 4 0 -0.335693 6.866455 -7.965088 0.1073 0.1033 0.0538 0.0647 0.1480 0.0306 1.909353 0.028373 0.2729 1 4.1800 0  537 634 738 798 962 1126 1241 969  1 1 0 0 0 0 0 20 0 
9.557 2 1 4 0 -1.739502 8.331299 -8.880615 0.1133 0.0926 0.0795 0.0735 0.1474 0.0323 1.911944 0.026854 0.4102 1 4.1800 0  589 637 753 808 950 1160 1254 965  1 1 0 0 0 0 0 20 0 
9.577 2 1 4 0 0.579834 -0.488281 -0.091553 0.1177 0.0811 0.0747 0.0627 0.1470 0.0335 1.911944 0.024609 0.4102 1 4.1800 0  547 639 760 794 941 1114 1228 957  1 1 0 0 0 0 0 20 0 
9.597 2 1 4 0 1.831055 -9.796143 7.293701 0.1294 0.0787 0.0590 0.0325 0.1467 0.0344 1.909353 0.025373 0.4645 1 4.1800 0  567 639 743 787 940 1117 1224 959  1 1 0 0 0 0 0 20 0 
9.617 2 1 4 0 0.976562 1.586914 12.786865 0.1196 0.0669 0.0659 0.0462 0.1462 0.0357 1.906762 0.026151 0.4530 1 4.1800 0  560 649 761 816 939 1120 1237 965  1 1 0 0 0 0 0 20 0 
9.637 2 1 4 0 0.701904 -2.685547 17.028809 0.1404 0.0778 0.0892 0.0872 0.1457 0.0373 1.901580 0.027728 0.4896 1 4.1800 0  581 654 762 791 942 1125 1251 971  1 1 0 0 0 0 0 20 0 
9.657 2 1 4 0 3.570557 -3.082275 23.193359 0.1486 0.0839 0.0908 0.0221 0.1454 0.0382 1.893806 0.027711 0.4739 1 4.1800 0  577 682 770 847 945 1126 1273 974  1 1 0 0 0 0 0 20 0 
9.677 2 1 4 0 2.441406 3.479004 21.697998 0.1533 0.0907 0.1229 0.0345 0.1448 0.0399 1.886033 0.027619 0.4328 1 4.1800 0  570 639 770 800 947 1128 1257 971  1 1 0 0 0 0 0 20 0 
9.697 2 1 4 0 -0.640869 4.974365 13.854980 0.1574 0.0827 0.1169 0.0422 0.1443 0.0415 1.880851 0.026390 0.5340 1 4.1800 0  575 675 768 810 926 1125 1255 975  1 1 0 0 0 0 0 20 0 
9.717 2 1 4 0 3.204346 -2.441406 29.418945 0.1816 0.1009 0.1181 0.1201 0.1437 0.0436 1.873077 0.025241 0.4566 1 4.1800 0  578 639 777 805 941 1126 1266 978  1 1 0 0 0 0 0 20 0 
9.737 2 1 4 0 3.265381 3.356934 29.205322 0.1796 0.0849 0.1357 0.0261 0.1432 0.0451 1.862713 0.022786 0.4943 1 4.1800 0  578 636 782 807 928 1128 1232 984  1 1 0 0 0 0 0 20 0 
9.757 2 1 4 0 3.356934 6.774902 29.663086 0.1827 0.0911 0.1474 0.0562 0.1426 0.0470 1.852348 0.021092 0.3476 1 4.1800 0  584 670 776 808 978 1122 1234 973  1 1 0 0 0 0 0 20 0 
9.777 2 1 4 0 5.340576 2.563477 40.802002 0.2014 0.1127 0.1414 0.1181 0.1420 0.0493 1.841984 0.019548 0.4509 1 4.1800 0  584 650 781 810 950 1121 1235 966  1 1 0 0 0 0 0 20 0 
9.797 2 1 4 0 4.699707 8.422852 34.698486 0.1900 0.0964 0.1530 0.1133 0.1414 0.0515 1.829028 0.014956 0.5510 1 4.1800 0  588 665 774 814 934 1115 1223 941  1 1 0 0 0 0 0 20 0 
9.817 2 1 4 0 3.936768 4.333496 32.287598 0.1987 0.0933 0.1562 0.0313 0.1409 0.0534 1.813481 0.011729 0.5668 1 4.1800 0  592 658 765 820 927 1106 1221 950  1 1 0 0 0 0 0 20 0 
9.837 2 1 4 0 4.608154 15.197754 35.095215 0.1833 0.0781 0.1743 0.0550 0.1403 0.0558 1.803117 0.008702 0.5203 1 4.1800 0  597 677 807 822 949 1119 1211 941  1 1 0 0 0 0 0 20 0 
9.857 2 1 4 0 5.004883 0.274658 36.865234 0.2040 0.0968 0.1940 0.0586 0.1398 0.0579 1.790161 0.005563 0.5210 1 4.1800 0  601 681 793 833 949 1132 1217 942  1 1 0 0 0 0 0 20 0 
9.877 2 1 4 0 4.455566 8.972168 38.787842 0.1872 0.0939 0.1606 0.0651 0.1393 0.0603 1.779797 0.003040 0.4518 1 4.1800 0  593 680 816 839 963 1117 1216 932  1 1 0 0 0 0 0 20 0 
9.897 2 1 4 0 2.288818 11.291504 36.529541 0.1675 0.0962 0.1506 0.0502 0.1389 0.0624 1.766841 -0.001084 0.4469 1 4.1800 0  607 681 809 838 969 1124 1211 931  1 1 0 0 0 0 0 20 0 
9.917 2 1 4 0 2.288818 6.256104 26.306152 0.1660 0.1232 0.1707 0.0924 0.1384 0.0650 1.753885 -0.002200 0.3456 1 4.1800 0  592 681 812 838 980 1123 1214 935  1 1 0 0 0 0 0 20 0 
9.937 2 1 4 0 2.014160 12.023926 15.045166 0.1195 0.1195 0.1277 0.0779 0.1380 0.0670 1.748703 -0.004957 0.3274 1 4.1800 0  607 666 792 842 978 1149 1196 921  1 1 0 0 0 0 0 20 0 
9.957 2 1 4 0 1.495361 5.798340 14.129639 0.0944 0.1224 0.0647 0.1237 0.1377 0.0688 1.751294 -0.006735 0.1826 1 4.1800 0  556 667 784 831 981 1127 1198 916  1 1 0 0 0 0 0 20 0 
9.977 2 1 4 0 2.532959 2.197266 8.697510 0.0664 0.1058 0.0566 0.0932 0.1374 0.0705 1.753885 -0.007458 0.2235 1 4.1800 0  575 657 782 848 982 1127 1197 918  1 1 0 0 0 0 0 20 0 
9.997 2 1 4 0 -1.525879 -13.671875 -6.317139 0.0897 0.1160 0.0759 0.1052 0.1371 0.0719 1.756476 -0.003498 0.2675 1 4.1800 0  596 653 773 841 982 1125 1186 921  1 1 0 0 0 0 0 20 0 
10.017 2 1 4 0 -1.007080 -23.406982 -12.786865 0.1205 0.1269 0.0614 0.0912 0.1369 0.0733 1.759068 0.002608 0.1635 1 4.1800 0  542 647 775 842 978 1126 1210 927  1 1 0 0 0 0 0 20 0 
10.037 2 1 4 0 -1.983643 -13.000488 -25.207520 0.1503 0.1257 0.1080 0.0932 0.1364 0.0755 1.756476 0.009974 0.4099 1 4.1800 0  584 689 781 818 965 1133 1210 937  1 1 0 0 0 0 0 20 0 
10.057 2 1 4 0 -1.831055 -6.256104 -16.906738 0.1657 0.1267 0.1076 0.1297 0.1360 0.0778 1.756476 0.013942 0.3472 1 4.1800 0  564 664 770 844 963 1128 1237 940  1 1 0 0 0 0 0 20 0 
10.077 2 1 4 0 0.274658 1.190186 -6.835938 0.1470 0.0880 0.1237 0.0924 0.1357 0.0796 1.753885 0.012722 0.3499 1 4.1800 0  552 635 746 811 956 1111 1228 943  1 1 0 0 0 0 0 20 0 
10.097 2 1 4 0 -0.854492 -7.019043 6.439209 0.1506 0.0716 0.1108 0.0269 0.1354 0.0810 1.746112 0.011696 0.4376 1 4.1800 0  534 636 724 793 926 1106 1204 926  1 1 0 0 0 0 0 20 0 
10.117 2 1 4 0 0.488281 -10.772705 20.812988 0.1685 0.0695 0.1169 0.0888 0.1351 0.0830 1.746112 0.014217 0.3978 1 4.1800 0  526 624 724 787 930 1116 1211 931  1 1 0 0 0 0 0 20 0 
10.137 2 1 4 0 3.265381 -13.977051 30.517578 0.1994 0.1094 0.1566 0.0369 0.1348 0.0848 1.733156 0.017938 0.1830 1 4.1800 0  522 610 706 788 976 1121 1221 966  1 1 0 0 0 0 0 20 0 
10.157 2 1 4 0 4.882812 -9.307861 45.288086 0.2216 0.1406 0.1619 0.1193 0.1343 0.0873 1.730565 0.020735 0.2310 1 4.1800 0  515 596 719 792 956 1143 1232 959  1 1 0 0 0 0 0 20 0 
10.177 2 1 4 0 4.730225 4.272461 41.351318 0.1983 0.1503 0.1715 0.0876 0.1340 0.0895 1.717609 0.018393 0.2375 1 4.1800 0  509 599 710 795 949 1130 1234 950  1 1 0 0 0 0 0 20 0 
10.197 2 1 4 0 1.922607 14.038086 20.538330 0.1750 0.1640 0.1586 0.1285 0.1336 0.0927 1.707245 0.014649 0.1984 1 4.1800 0  504 596 691 792 955 1134 1224 953  1 1 0 0 0 0 0 20 0 
10.217 2 1 4 0 1.220703 18.463135 4.516602 0.1618 0.1638 0.1406 0.1161 0.1332 0.0955 1.702063 0.010023 0.1477 1 4.1800 0  481 579 711 787 950 1126 1223 936  1 1 0 0 0 0 0 20 0 
10.238 2 1 4 0 1.068115 12.084961 -3.448486 0.1854 0.1814 0.1687 0.1490 0.1328 0.0987 1.702063 0.005917 0.2210 1 4.1800 0  497 577 676 773 949 1121 1216 930  1 1 0 0 0 0 0 20 0 
