%% logfile from robot Thit (86)
% Thit (86)
%  1    time 0.301 sec
%  2  3  4  5   (mission 0), state 2, entered ), events 0x0 (bit-flags)
% 12 .. 33 Edge sensor: left 0.000000 0, right 0.000000 0, values 1667 1430 1319 1386 1346 1203 1220 846, 
%    white 1, used 1, LEDhigh=0, xingVal=0.00 xlcnt=0 lvcnt=0,LineVal=1.00, lineLow=0, lineHi=0, edgeAngle=0.
% whitelevel=[2447 2346 2088 2520 2452 2316 2458 1831];
% blacklevel=[55 43 40 50 7 44 2 8];
% 34    Battery voltage [V]: 11.43
% 35 37 read sensor time [us]: 0.103 and ctrl time 0.493, cycleEnd 0.485
0.301 2 1 1 0 0.3030 0.2526 0.0933 0.0002 0.002576 -3.001591 0.0000 0 0.0000 0  1667 1430 1319 1386 1346 1203 1220 846  1 1 0 0.00 0 0 1.00 0 0 0 11.43 0.103 0.493 0.485 
0.302 2 1 1 0 0.3030 0.2526 0.0933 0.0002 0.002576 -3.001605 0.0000 0 0.0000 0  1664 1415 1317 1392 1329 1210 1221 854  1 1 0 0.00 0 0 1.00 0 0 0 11.43 0.104 0.466 0.506 
0.303 2 1 1 0 0.3106 0.3119 0.0938 0.0002 0.002576 -3.001624 0.0000 0 0.0000 0  1672 1402 1315 1391 1340 1202 1219 863  1 1 0 0.00 0 0 1.00 0 0 0 11.43 0.103 0.476 0.482 
0.304 2 1 1 0 0.3106 0.3119 0.0938 0.0002 0.002576 -3.001400 0.0000 0 0.0000 0  1665 1419 1314 1388 1311 1198 1206 845  1 1 0 0.00 0 0 1.00 0 0 0 11.42 0.101 0.471 0.492 
0.305 2 1 1 0 0.3067 0.3117 0.0944 0.0002 0.002576 -3.001189 0.0000 0 0.0000 0  1671 1411 1311 1391 1308 1201 1215 860  1 1 0 0.00 0 0 1.00 0 0 0 11.43 0.103 0.476 0.485 
0.306 2 1 1 0 0.2875 0.3059 0.0949 0.0002 0.002576 -3.001511 0.0000 0 0.0000 0  1673 1398 1310 1382 1299 1197 1205 848  1 1 0 0.00 0 0 1.00 0 0 0 11.43 0.101 0.491 0.492 
0.307 2 1 1 0 0.2875 0.3059 0.0949 0.0002 0.002576 -3.001857 0.0000 0 0.0000 0  1659 1412 1309 1386 1314 1201 1210 855  1 1 0 0.00 0 0 1.00 0 0 0 11.43 0.101 0.468 0.505 
0.308 2 1 1 0 0.3148 0.2903 0.0955 0.0002 0.002576 -3.001847 0.0000 0 0.0000 0  1662 1416 1311 1394 1322 1207 1210 831  1 1 0 0.00 0 0 1.00 0 0 0 11.43 0.101 0.470 0.482 
0.309 2 1 1 0 0.3148 0.2903 0.0955 0.0002 0.002576 -3.002055 0.0000 0 0.0000 0  1664 1409 1317 1391 1348 1207 1225 849  1 1 0 0.00 0 0 1.00 0 0 0 11.43 0.101 0.471 0.483 
0.310 2 1 1 0 0.3419 0.3356 0.0960 0.0002 0.002576 -3.002605 0.0000 0 0.0000 0  1674 1399 1313 1389 1307 1193 1215 838  1 1 0 0.00 0 0 1.00 0 0 0 11.43 0.103 0.486 0.485 
0.311 2 1 1 0 0.3241 0.3356 0.0963 0.0002 0.000000 -3.003222 0.0000 0 0.0000 0  1671 1421 1315 1385 1320 1192 1213 836  1 1 0 0.00 0 0 1.00 0 0 0 11.43 0.103 0.478 0.503 
0.312 2 1 1 0 0.3241 0.3026 0.0966 0.0002 0.002576 -3.003424 0.0000 0 0.0000 0  1666 1419 1315 1386 1316 1197 1212 840  1 1 0 0.00 0 0 1.00 0 0 0 11.43 0.101 0.459 0.493 
0.314 2 1 1 0 0.2993 0.2897 0.0971 0.0002 0.002576 -3.002550 0.0000 0 0.0000 0  1668 1435 1305 1390 1342 1204 1211 834  1 1 0 0.00 0 0 1.00 0 0 0 11.43 0.103 0.481 0.486 
0.315 2 1 1 0 0.3000 0.2912 0.0976 0.0002 0.002576 -3.002017 0.0000 0 0.0000 0  1671 1421 1310 1388 1344 1197 1213 845  1 1 0 0.00 0 0 1.00 0 0 0 11.43 0.110 0.475 0.497 
0.316 2 1 1 0 0.3000 0.2912 0.0976 0.0002 0.002576 -3.001808 0.0000 0 0.0000 0  1682 1420 1327 1409 1362 1206 1225 859  1 1 0 0.00 0 0 1.00 0 0 0 11.43 0.103 0.473 0.491 
0.317 2 1 1 0 0.3173 0.3277 0.0982 0.0002 0.002576 -3.001758 0.0000 0 0.0000 0  1670 1403 1312 1384 1319 1189 1212 863  1 1 0 0.00 0 0 1.00 0 0 0 11.43 0.101 0.474 0.487 
0.318 2 1 1 0 0.3067 0.3277 0.0982 0.0002 0.002576 -3.001923 0.0000 0 0.0000 0  1669 1420 1308 1387 1326 1198 1213 847  1 1 0 0.00 0 0 1.00 0 0 0 11.43 0.103 0.480 0.491 
0.319 2 1 1 0 0.2971 0.3140 0.0987 0.0002 0.002576 -3.002314 0.0000 0 0.0000 0  1675 1422 1313 1386 1314 1195 1214 835  1 1 0 0.00 0 0 1.00 0 0 0 11.43 0.101 0.476 0.496 
0.320 2 1 1 0 0.2859 0.3140 0.0990 0.0002 0.000000 -3.002584 0.0000 0 0.0000 0  1668 1400 1299 1384 1309 1193 1207 817  1 1 0 0.00 0 0 1.00 0 0 0 11.43 0.102 0.476 0.493 
0.321 2 1 1 0 0.2859 0.3042 0.0993 0.0002 0.002576 -3.002607 0.0000 0 0.0000 0  1681 1432 1333 1405 1368 1214 1222 872  1 1 0 0.00 0 0 1.00 0 0 0 11.43 0.101 0.469 0.492 
0.322 2 1 1 0 0.3041 0.2902 0.0995 0.0002 0.000000 -3.003136 0.0000 0 0.0000 0  1674 1422 1312 1387 1341 1186 1219 820  1 1 0 0.00 0 0 1.00 0 0 0 11.43 0.103 0.484 0.484 
0.323 2 1 1 0 0.3041 0.2822 0.0998 0.0002 0.002576 -3.003625 0.0000 0 0.0000 0  1682 1421 1321 1384 1335 1186 1217 826  1 1 0 0.00 0 0 1.00 0 0 0 11.43 0.101 0.470 0.888 
0.324 2 1 1 0 0.3154 0.3279 0.1003 0.0002 0.002576 -3.003594 0.0000 0 0.0000 0  1677 1418 1308 1385 1334 1179 1208 845  1 1 0 0.00 0 0 1.00 0 0 0 11.43 0.103 0.476 0.482 
0.325 2 1 1 0 0.3154 0.3279 0.1003 0.0002 0.002576 -3.003632 0.0000 0 0.0000 0  1679 1426 1299 1389 1325 1201 1209 844  1 1 0 0.00 0 0 1.00 0 0 0 11.43 0.103 0.473 0.491 
0.326 2 1 1 0 0.3123 0.2985 0.1009 0.0002 0.002576 -3.003444 0.0000 0 0.0000 0  1689 1440 1324 1405 1343 1214 1220 866  1 1 0 0.00 0 0 1.00 0 0 0 11.43 0.103 0.476 0.486 
0.327 2 1 1 0 0.2964 0.2985 0.1009 0.0002 0.002576 -3.002944 0.0000 0 0.0000 0  1673 1427 1305 1386 1325 1214 1208 843  1 1 0 0.00 0 0 1.00 0 0 0 11.43 0.103 0.480 0.491 
0.328 2 1 1 0 0.2842 0.2855 0.1014 0.0002 0.002576 -3.002339 0.0000 0 0.0000 0  1680 1423 1311 1391 1330 1210 1201 850  1 1 0 0.00 0 0 1.00 0 0 0 11.42 0.103 0.485 0.495 
0.329 2 1 1 0 0.3036 0.2855 0.1017 0.0003 0.000000 -3.002091 0.0000 0 0.0000 0  1670 1414 1319 1385 1338 1199 1207 837  1 1 0 0.00 0 0 1.00 0 0 0 11.43 0.102 0.473 0.502 
0.330 2 1 1 0 0.3036 0.2826 0.1020 0.0003 0.002576 -3.002032 0.0000 0 0.0000 0  1671 1407 1287 1367 1312 1196 1206 848  1 1 0 0.00 0 0 1.00 0 0 0 11.43 0.101 0.471 0.490 
0.331 2 1 1 0 0.3171 0.3233 0.1025 0.0003 0.002576 -3.001859 0.0000 0 0.0000 0  1678 1435 1303 1404 1331 1213 1219 873  1 1 0 0.00 0 0 1.00 0 0 0 11.43 0.103 0.478 0.485 
0.332 2 1 1 0 0.3171 0.3233 0.1025 0.0003 0.002576 -3.001887 0.0000 0 0.0000 0  1668 1437 1312 1380 1341 1198 1206 841  1 1 0 0.00 0 0 1.00 0 0 0 11.43 0.103 0.473 0.494 
0.333 2 1 1 0 0.3045 0.2968 0.1030 0.0003 0.002576 -3.002168 0.0000 0 0.0000 0  1670 1415 1302 1385 1329 1192 1208 853  1 1 0 0.00 0 0 1.00 0 0 0 11.43 0.101 0.474 0.490 
0.334 2 1 1 0 0.3045 0.2968 0.1030 0.0003 0.002576 -3.002779 0.0000 0 0.0000 0  1679 1437 1329 1376 1314 1191 1209 809  1 1 0 0.00 0 0 1.00 0 0 0 11.43 0.103 0.475 0.491 
0.335 2 1 1 0 0.2890 0.3064 0.1036 0.0003 0.002576 -3.003652 0.0000 0 0.0000 0  1665 1426 1283 1366 1298 1187 1192 794  1 1 0 0.00 0 0 1.00 0 0 0 11.43 0.103 0.484 0.491 
0.336 2 1 1 0 0.3043 0.3064 0.1039 0.0003 0.000000 -3.004014 0.0000 0 0.0000 0  1680 1420 1294 1386 1317 1198 1208 824  1 1 0 0.00 0 0 1.00 0 0 0 11.43 0.103 0.475 0.501 
0.337 2 1 1 0 0.3043 0.2963 0.1041 0.0003 0.002576 -3.004713 0.0000 0 0.0000 0  1675 1438 1322 1379 1336 1194 1209 801  1 1 0 0.00 0 0 1.00 0 0 0 11.43 0.103 0.469 0.491 
0.339 2 1 1 0 0.3049 0.3332 0.1047 0.0003 0.002576 -3.005131 0.0000 0 0.0000 0  1686 1421 1306 1379 1335 1196 1210 849  1 1 0 0.00 0 0 1.00 0 0 0 11.43 0.101 0.470 0.488 
0.340 2 1 1 0 0.3101 0.3037 0.1052 0.0003 0.002576 -3.005069 0.0000 0 0.0000 0  1671 1396 1293 1364 1293 1178 1192 833  1 1 0 0.00 0 0 1.00 0 0 0 11.43 0.103 0.476 0.483 
0.341 2 1 1 0 0.3101 0.3037 0.1052 0.0003 0.002576 -3.004646 0.0000 0 0.0000 0  1682 1405 1302 1387 1314 1205 1219 862  1 1 0 0.00 0 0 1.00 0 0 0 11.43 0.101 0.478 0.493 
0.342 2 1 1 0 0.3000 0.2970 0.1057 0.0003 0.002576 -3.004232 0.0000 0 0.0000 0  1668 1414 1305 1383 1296 1195 1200 819  1 1 0 0.00 0 0 1.00 0 0 0 11.43 0.101 0.465 0.494 
0.343 2 1 1 0 0.3000 0.2970 0.1057 0.0003 0.002576 -3.004162 0.0000 0 0.0000 0  1681 1404 1305 1384 1316 1176 1207 846  1 1 0 0.00 0 0 1.00 0 0 0 11.42 0.103 0.474 0.480 
0.344 2 1 1 0 0.3043 0.3071 0.1063 0.0003 0.002576 -3.004439 0.0000 0 0.0000 0  1676 1406 1299 1376 1310 1185 1207 838  1 1 0 0.00 0 0 1.00 0 0 0 11.43 0.101 0.476 0.490 
0.346 2 1 1 0 0.3238 0.3312 0.1068 0.0003 0.002576 -3.004201 0.0000 0 0.0000 0  1678 1422 1317 1386 1325 1187 1213 838  1 1 0 0.00 0 0 1.00 0 0 0 11.42 0.103 0.474 0.486 
0.348 2 1 1 0 0.3026 0.3160 0.1074 0.0003 0.002576 -3.004240 0.0000 0 0.0000 0  1668 1419 1322 1377 1320 1190 1200 820  1 1 0 0.00 0 0 1.00 0 0 0 11.43 0.103 0.469 0.468 
0.349 2 1 1 0 0.2849 0.3135 0.1079 0.0003 0.002576 -3.004207 0.0000 0 0.0000 0  1672 1423 1330 1382 1321 1202 1199 828  1 1 0 0.00 0 0 1.00 0 0 0 11.43 0.101 0.466 0.941 
0.350 2 1 1 0 0.2849 0.3135 0.1079 0.0003 0.002576 -3.004217 0.0000 0 0.0000 0  1662 1410 1318 1375 1315 1180 1195 835  1 1 0 0.00 0 0 1.00 0 0 0 11.43 0.103 0.478 0.480 
0.351 2 1 1 0 0.3000 0.3183 0.1085 0.0003 0.002576 -3.004493 0.0000 0 0.0000 0  1677 1406 1325 1383 1307 1190 1205 849  1 1 0 0.00 0 0 1.00 0 0 0 11.43 0.101 0.483 0.492 
0.352 2 1 1 0 0.3000 0.3310 0.1087 0.0003 0.005152 -3.004963 0.0000 0 0.0000 0  1677 1418 1326 1380 1320 1218 1206 828  1 1 0 0.00 0 0 1.00 0 0 0 11.43 0.101 0.480 0.498 
0.353 2 1 1 0 0.2942 0.3310 0.1090 0.0003 0.002576 -3.005008 0.0000 0 0.0000 0  1679 1430 1302 1387 1325 1206 1212 837  1 1 0 0.00 0 0 1.00 0 0 0 11.43 0.103 0.479 0.495 
0.354 2 1 1 0 0.3089 0.2899 0.1095 0.0003 0.002576 -3.004662 0.0000 0 0.0000 0  1671 1421 1315 1376 1321 1191 1200 820  1 1 0 0.00 0 0 1.00 0 0 0 11.43 0.101 0.485 0.493 
0.355 2 1 1 0 0.3089 0.2899 0.1095 0.0003 0.002576 -3.004063 0.0000 0 0.0000 0  1675 1417 1280 1374 1314 1186 1202 835  1 1 0 0.00 0 0 1.00 0 0 0 11.43 0.101 0.465 0.501 
0.356 2 1 1 0 0.3044 0.2807 0.1101 0.0003 0.002576 -3.003683 0.0000 0 0.0000 0  1673 1422 1288 1382 1315 1186 1207 838  1 1 0 0.00 0 0 1.00 0 0 0 11.43 0.103 0.476 0.480 
0.357 2 1 1 0 0.3044 0.2807 0.1101 0.0003 0.002576 -3.003690 0.0000 0 0.0000 0  1683 1428 1301 1377 1313 1169 1199 820  1 1 0 0.00 0 0 1.00 0 0 0 11.43 0.101 0.468 0.493 
0.358 2 1 1 0 0.3053 0.2864 0.1106 0.0003 0.002576 -3.003748 0.0000 0 0.0000 0  1681 1421 1300 1387 1326 1214 1213 838  1 1 0 0.00 0 0 1.00 0 0 0 11.43 0.102 0.477 0.482 
0.359 2 1 1 0 0.3053 0.2864 0.1106 0.0003 0.002576 -3.003854 0.0000 0 0.0000 0  1676 1423 1297 1381 1317 1206 1200 820  1 1 0 0.00 0 0 1.00 0 0 0 11.43 0.102 0.475 0.493 
0.360 2 1 1 0 0.2801 0.3194 0.1112 0.0003 0.002576 -3.004014 0.0000 0 0.0000 0  1678 1423 1323 1379 1329 1201 1202 814  1 1 0 0.00 0 0 1.00 0 0 0 11.43 0.103 0.476 0.491 
0.361 2 1 1 0 0.2801 0.3107 0.1114 0.0003 0.005152 -3.004451 0.0000 0 0.0000 0  1677 1423 1312 1383 1318 1194 1199 810  1 1 0 0.00 0 0 1.00 0 0 0 11.43 0.103 0.492 0.493 
0.362 2 1 1 0 0.2969 0.3107 0.1117 0.0003 0.002576 -3.005359 0.0000 0 0.0000 0  1679 1432 1327 1403 1344 1209 1218 833  1 1 0 0.00 0 0 1.00 0 0 0 11.43 0.101 0.491 0.505 
0.363 2 1 1 0 0.3121 0.3088 0.1122 0.0003 0.002576 -3.006188 0.0000 0 0.0000 0  1683 1420 1320 1377 1324 1192 1198 823  1 1 0 0.00 0 0 1.00 0 0 0 11.43 0.103 0.475 0.505 
0.364 2 1 1 0 0.3121 0.3088 0.1122 0.0003 0.002576 -3.006817 0.0000 0 0.0000 0  1674 1419 1308 1382 1306 1200 1198 830  1 1 0 0.00 0 0 1.00 0 0 0 11.43 0.103 0.480 0.491 
0.365 2 1 1 0 0.3111 0.3075 0.1128 0.0003 0.002576 -3.007545 0.0000 0 0.0000 0  1676 1426 1305 1381 1301 1190 1199 815  1 1 0 0.00 0 0 1.00 0 0 0 11.43 0.101 0.482 0.495 
0.366 2 1 1 0 0.3111 0.3075 0.1128 0.0003 0.002576 -3.008235 0.0000 0 0.0000 0  1677 1418 1306 1380 1305 1186 1199 822  1 1 0 0.00 0 0 1.00 0 0 0 11.43 0.103 0.484 0.499 
0.367 2 1 1 0 0.3050 0.3310 0.1133 0.0003 0.002576 -3.008309 0.0000 0 0.0000 0  1688 1431 1327 1397 1333 1197 1217 849  1 1 0 0.00 0 0 1.00 0 0 0 11.42 0.103 0.484 0.502 
0.368 2 1 1 0 0.3050 0.3051 0.1136 0.0003 0.005152 -3.007777 0.0000 0 0.0000 0  1680 1424 1312 1376 1298 1202 1204 823  1 1 0 0.00 0 0 1.00 0 0 0 11.43 0.103 0.492 0.500 
0.369 2 1 1 0 0.3008 0.3051 0.1139 0.0003 0.002576 -3.007332 0.0000 0 0.0000 0  1678 1417 1300 1378 1307 1179 1200 818  1 1 0 0.00 0 0 1.00 0 0 0 11.43 0.101 0.476 0.505 
0.370 2 1 1 0 0.2980 0.2837 0.1141 0.0003 0.005152 -3.007184 0.0000 0 0.0000 0  1686 1418 1300 1373 1305 1168 1200 822  1 1 0 0.00 0 0 1.00 0 0 0 11.43 0.103 0.484 0.492 
0.371 2 1 1 0 0.2804 0.2837 0.1144 0.0003 0.002576 -3.007097 0.0000 0 0.0000 0  1681 1413 1304 1381 1301 1174 1204 832  1 1 0 0.00 0 0 1.00 0 0 0 11.43 0.103 0.479 0.500 
0.372 2 1 1 0 0.2927 0.2792 0.1149 0.0003 0.002576 -3.006918 0.0000 0 0.0000 0  1696 1435 1347 1400 1349 1207 1214 854  1 1 0 0.00 0 0 1.00 0 0 0 11.42 0.101 0.474 0.494 
0.373 2 1 1 0 0.2927 0.2792 0.1149 0.0003 0.002576 -3.006684 0.0000 0 0.0000 0  1680 1425 1313 1371 1309 1183 1203 827  1 1 0 0.00 0 0 1.00 0 0 0 11.42 0.103 0.471 0.491 
0.374 2 1 1 0 0.3137 0.3080 0.1155 0.0003 0.002576 -3.006152 0.0000 0 0.0000 0  1689 1425 1319 1381 1313 1182 1203 823  1 1 0 0.00 0 0 1.00 0 0 0 11.43 0.101 0.486 0.484 
0.375 2 1 1 0 0.3137 0.3080 0.1155 0.0003 0.002576 -3.006260 0.0000 0 0.0000 0  1680 1421 1313 1373 1314 1160 1204 824  1 1 0 0.00 0 0 1.00 0 0 0 11.42 0.101 0.481 0.959 
0.376 2 1 1 0 0.3000 0.2998 0.1160 0.0003 0.002576 -3.007496 0.0000 0 0.0000 0  1677 1409 1317 1357 1297 1171 1193 806  1 1 0 0.00 0 0 1.00 0 0 0 11.42 0.103 0.482 0.495 
0.377 2 1 1 0 0.3000 0.2998 0.1160 0.0003 0.002576 -3.009767 0.0000 0 0.0000 0  1681 1424 1327 1374 1313 1217 1210 849  1 1 0 0.00 0 0 1.00 0 0 0 11.42 0.101 0.470 0.498 
0.378 2 1 1 0 0.2826 0.2982 0.1166 0.0003 0.002576 -3.011229 0.0000 0 0.0000 0  1682 1424 1306 1376 1316 1212 1194 831  1 1 0 0.00 0 0 1.00 0 0 0 11.42 0.103 0.479 0.482 
0.379 2 1 1 0 0.2826 0.2832 0.1168 0.0003 0.005152 -3.010855 0.0000 0 0.0000 0  1688 1426 1301 1377 1296 1208 1197 816  1 1 0 0.00 0 0 1.00 0 0 0 11.42 0.101 0.486 0.493 
0.380 2 1 1 0 0.3091 0.2832 0.1171 0.0003 0.002576 -3.010640 0.0000 0 0.0000 0  1682 1431 1299 1379 1298 1186 1203 825  1 1 0 0.00 0 0 1.00 0 0 0 11.43 0.103 0.446 0.502 
0.381 2 1 1 0 0.3254 0.3305 0.1176 0.0003 0.002576 -3.011017 0.0000 0 0.0000 0  1676 1413 1284 1356 1291 1153 1189 798  1 1 0 0.00 0 0 1.00 0 0 0 11.42 0.101 0.479 0.464 
0.382 2 1 1 0 0.3254 0.3305 0.1176 0.0003 0.002576 -3.011403 0.0000 0 0.0000 0  1690 1428 1303 1380 1314 1193 1199 829  1 1 0 0.00 0 0 1.00 0 0 0 11.43 0.103 0.476 0.494 
0.383 2 1 1 0 0.3150 0.3406 0.1182 0.0003 0.002576 -3.011430 0.0000 0 0.0000 0  1690 1426 1311 1376 1316 1199 1212 838  1 1 0 0.00 0 0 1.00 0 0 0 11.43 0.103 0.476 0.493 
0.384 2 1 1 0 0.3150 0.2986 0.1182 0.0003 0.002576 -3.011290 0.0000 0 0.0000 0  1680 1421 1294 1377 1308 1204 1192 833  1 1 0 0.00 0 0 1.00 0 0 0 11.43 0.101 0.470 0.493 
0.385 2 1 1 0 0.2907 0.2889 0.1187 0.0003 0.002576 -3.011385 0.0000 0 0.0000 0  1694 1424 1269 1372 1310 1166 1199 838  1 1 0 0.00 0 0 1.00 0 0 0 11.43 0.101 0.471 0.483 
0.386 2 1 1 0 0.2907 0.2788 0.1187 0.0003 0.002576 -3.011558 0.0000 0 0.0000 0  1681 1411 1274 1352 1292 1175 1181 796  1 1 0 0.00 0 0 1.00 0 0 0 11.43 0.103 0.476 0.486 
0.387 2 1 1 0 0.2966 0.2493 0.1193 0.0003 0.002576 -3.011477 0.0000 0 0.0000 0  1683 1422 1299 1366 1311 1169 1188 816  1 1 0 0.00 0 0 1.00 0 0 0 11.43 0.101 0.475 0.493 
0.388 2 1 1 0 0.3040 0.3096 0.1198 0.0003 0.002576 -3.011316 0.0000 0 0.0000 0  1683 1424 1324 1379 1305 1183 1187 825  1 1 0 0.00 0 0 1.00 0 0 0 11.43 0.112 0.481 0.491 
0.389 2 1 1 0 0.3040 0.3096 0.1198 0.0003 0.002576 -3.011462 0.0000 0 0.0000 0  1672 1421 1301 1368 1316 1195 1194 831  1 1 0 0.00 0 0 1.00 0 0 0 11.43 0.101 0.469 0.498 
0.390 2 1 1 0 0.3007 0.3104 0.1204 0.0003 0.002576 -3.012767 0.0000 0 0.0000 0  1686 1426 1286 1378 1327 1205 1202 846  1 1 0 0.00 0 0 1.00 0 0 0 11.43 0.103 0.486 0.483 
0.391 2 1 1 0 0.3007 0.3104 0.1204 0.0003 0.002576 -3.013006 0.0000 0 0.0000 0  1676 1421 1292 1372 1309 1196 1190 811  1 1 0 0.00 0 0 1.00 0 0 0 11.43 0.103 0.465 0.503 
0.393 2 1 1 0 0.2841 0.3021 0.1209 0.0003 0.002576 -3.011189 0.0000 0 0.0000 0  1673 1423 1314 1379 1308 1190 1198 824  1 1 0 0.00 0 0 1.00 0 0 0 11.42 0.101 0.469 0.488 
0.394 2 1 1 0 0.3131 0.2860 0.1214 0.0003 0.002576 -3.011201 0.0000 0 0.0000 0  1677 1426 1315 1377 1309 1161 1189 809  1 1 0 0.00 0 0 1.00 0 0 0 11.43 0.103 0.478 0.484 
0.395 2 1 1 0 0.3131 0.2860 0.1217 0.0003 0.000000 -3.011834 0.0000 0 0.0000 0  1678 1423 1316 1380 1315 1182 1199 809  1 1 0 0.00 0 0 1.00 0 0 0 11.43 0.101 0.484 0.493 
0.396 2 1 1 0 0.3408 0.3315 0.1220 0.0003 0.002576 -3.012668 0.0000 0 0.0000 0  1699 1427 1310 1373 1316 1175 1202 811  1 1 0 0.00 0 0 1.00 0 0 0 11.42 0.101 0.478 0.501 
0.397 2 1 1 0 0.3233 0.2987 0.1225 0.0003 0.002576 -3.012886 0.0000 0 0.0000 0  1695 1428 1306 1382 1320 1193 1203 846  1 1 0 0.00 0 0 1.00 0 0 0 11.43 0.103 0.473 0.493 
0.398 2 1 1 0 0.3233 0.2987 0.1225 0.0003 0.002576 -3.012311 0.0000 0 0.0000 0  1704 1436 1317 1377 1316 1176 1190 829  1 1 0 0.00 0 0 1.00 0 0 0 11.43 0.101 0.470 0.490 
0.399 2 1 1 0 0.3010 0.2910 0.1231 0.0003 0.002576 -3.011391 0.0000 0 0.0000 0  1689 1419 1311 1372 1307 1187 1191 814  1 1 0 0.00 0 0 1.00 0 0 0 11.43 0.101 0.485 0.484 
0.400 2 1 1 0 0.3010 0.2910 0.1231 0.0003 0.002576 -3.010490 0.0000 0 0.0000 0  1693 1427 1321 1378 1310 1194 1192 826  1 1 0 0.00 0 0 1.00 0 0 0 11.43 0.103 0.482 0.499 
0.401 2 1 1 0 0.2992 0.2954 0.1236 0.0003 0.002576 -3.010076 0.0000 0 0.0000 0  1682 1430 1320 1376 1309 1194 1194 825  1 1 0 0.00 0 0 1.00 0 0 0 11.42 0.103 0.476 0.956 
0.402 2 1 1 0 0.2992 0.2954 0.1239 0.0003 0.000000 -3.009956 0.0000 0 0.0000 0  1692 1421 1315 1374 1323 1200 1199 814  1 1 0 0.00 0 0 1.00 0 0 0 11.42 0.103 0.480 0.492 
0.403 2 1 1 0 0.3139 0.3336 0.1241 0.0003 0.002576 -3.009802 0.0000 0 0.0000 0  1701 1435 1321 1396 1337 1218 1201 822  1 1 0 0.00 0 0 1.00 0 0 0 11.42 0.103 0.473 0.494 
0.404 2 1 1 0 0.2927 0.3191 0.1247 0.0003 0.002576 -3.009642 0.0000 0 0.0000 0  1684 1423 1307 1378 1312 1182 1191 824  1 1 0 0.00 0 0 1.00 0 0 0 11.43 0.101 0.474 0.485 
0.405 2 1 1 0 0.2927 0.3191 0.1247 0.0003 0.002576 -3.009602 0.0000 0 0.0000 0  1692 1426 1294 1377 1317 1214 1198 807  1 1 0 0.00 0 0 1.00 0 0 0 11.43 0.101 0.467 0.490 
0.406 2 1 1 0 0.2818 0.3110 0.1252 0.0003 0.002576 -3.009907 0.0000 0 0.0000 0  1684 1427 1318 1388 1304 1191 1198 824  1 1 0 0.00 0 0 1.00 0 0 0 11.43 0.102 0.482 0.480 
0.407 2 1 1 0 0.2818 0.3110 0.1252 0.0003 0.002576 -3.010327 0.0000 0 0.0000 0  1692 1428 1302 1379 1317 1178 1197 815  1 1 0 0.00 0 0 1.00 0 0 0 11.42 0.103 0.472 0.500 
0.408 2 1 1 0 0.3009 0.2881 0.1258 0.0003 0.002576 -3.010818 0.0000 0 0.0000 0  1700 1434 1323 1395 1341 1192 1211 841  1 1 0 0.00 0 0 1.00 0 0 0 11.43 0.103 0.484 0.486 
0.409 2 1 1 0 0.3009 0.2881 0.1258 0.0003 0.002576 -3.011677 0.0000 0 0.0000 0  1687 1421 1293 1381 1314 1148 1204 822  1 1 0 0.00 0 0 1.00 0 0 0 11.43 0.101 0.481 0.501 
0.410 2 1 1 0 0.3130 0.3332 0.1263 0.0003 0.002576 -3.012576 0.0000 0 0.0000 0  1682 1426 1308 1377 1314 1171 1198 824  1 1 0 0.00 0 0 1.00 0 0 0 11.42 0.101 0.484 0.498 
0.411 2 1 1 0 0.3130 0.3018 0.1266 0.0003 0.005152 -3.013045 0.0000 0 0.0000 0  1687 1425 1302 1377 1307 1181 1197 826  1 1 0 0.00 0 0 1.00 0 0 0 11.42 0.103 0.483 0.501 
0.412 2 1 1 0 0.3110 0.3018 0.1268 0.0003 0.002576 -3.013016 0.0000 0 0.0000 0  1700 1426 1302 1380 1318 1186 1193 831  1 1 0 0.00 0 0 1.00 0 0 0 11.43 0.103 0.479 0.499 
0.413 2 1 1 0 0.2845 0.2931 0.1274 0.0003 0.002576 -3.012678 0.0000 0 0.0000 0  1698 1438 1323 1399 1341 1192 1214 851  1 1 0 0.00 0 0 1.00 0 0 0 11.43 0.102 0.483 0.495 
0.414 2 1 1 0 0.2845 0.2931 0.1274 0.0003 0.002576 -3.012157 0.0000 0 0.0000 0  1683 1420 1291 1370 1311 1187 1191 828  1 1 0 0.00 0 0 1.00 0 0 0 11.42 0.103 0.478 0.500 
0.415 2 1 1 0 0.3034 0.2917 0.1279 0.0003 0.002576 -3.011561 0.0000 0 0.0000 0  1678 1425 1294 1371 1313 1182 1193 819  1 1 0 0.00 0 0 1.00 0 0 0 11.42 0.103 0.483 0.494 
0.416 2 1 1 0 0.3034 0.2917 0.1279 0.0003 0.002576 -3.010874 0.0000 0 0.0000 0  1681 1422 1293 1369 1313 1193 1198 825  1 1 0 0.00 0 0 1.00 0 0 0 11.42 0.103 0.482 0.500 
0.417 2 1 1 0 0.3183 0.3312 0.1285 0.0003 0.002576 -3.010376 0.0000 0 0.0000 0  1668 1419 1267 1351 1291 1180 1188 831  1 1 0 0.00 0 0 1.00 0 0 0 11.43 0.101 0.475 0.499 
0.418 2 1 1 0 0.3183 0.3032 0.1287 0.0003 0.005152 -3.010407 0.0000 0 0.0000 0  1692 1430 1307 1387 1328 1205 1209 848  1 1 0 0.00 0 0 1.00 0 0 0 11.43 0.103 0.486 0.491 
0.419 2 1 1 0 0.3058 0.3021 0.1290 0.0003 0.002576 -3.010738 0.0000 0 0.0000 0  1668 1423 1301 1366 1315 1200 1189 829  1 1 0 0.00 0 0 1.00 0 0 0 11.43 0.103 0.471 0.502 
0.420 2 1 1 0 0.3006 0.3131 0.1293 0.0003 0.005152 -3.010932 0.0000 0 0.0000 0  1683 1431 1311 1383 1319 1200 1211 836  1 1 0 0.00 0 0 1.00 0 0 0 11.43 0.103 0.481 0.485 
0.421 2 1 1 0 0.2896 0.3131 0.1295 0.0003 0.002576 -3.011199 0.0000 0 0.0000 0  1707 1420 1305 1371 1309 1166 1194 822  1 1 0 0.00 0 0 1.00 0 0 0 11.43 0.101 0.486 0.497 
0.422 2 1 1 0 0.3072 0.3009 0.1301 0.0003 0.002576 -3.012060 0.0000 0 0.0000 0  1702 1420 1289 1353 1292 1183 1181 796  1 1 0 0.00 0 0 1.00 0 0 0 11.42 0.103 0.491 0.502 
0.423 2 1 1 0 0.3072 0.3009 0.1301 0.0003 0.002576 -3.012915 0.0000 0 0.0000 0  1708 1425 1317 1369 1314 1183 1200 816  1 1 0 0.00 0 0 1.00 0 0 0 11.43 0.101 0.480 0.505 
0.424 2 1 1 0 0.3088 0.3356 0.1306 0.0003 0.002576 -3.013168 0.0000 0 0.0000 0  1684 1420 1311 1362 1298 1190 1184 831  1 1 0 0.00 0 0 1.00 0 0 0 11.42 0.103 0.476 0.495 
0.425 2 1 1 0 0.3088 0.3050 0.1309 0.0003 0.005152 -3.012982 0.0000 0 0.0000 0  1678 1423 1314 1367 1313 1188 1202 817  1 1 0 0.00 0 0 1.00 0 0 0 11.42 0.101 0.489 0.492 
0.426 2 1 1 0 0.3147 0.3050 0.1312 0.0003 0.002576 -3.012588 0.0000 0 0.0000 0  1695 1428 1325 1393 1322 1206 1203 831  1 1 0 0.00 0 0 1.00 0 0 0 11.42 0.101 0.484 0.503 
0.427 2 1 1 0 0.3147 0.2961 0.1314 0.0003 0.005152 -3.012239 0.0000 0 0.0000 0  1705 1421 1302 1373 1300 1178 1183 801  1 1 0 0.00 0 0 1.00 0 0 0 11.41 0.103 0.479 0.960 
0.428 2 1 1 0 0.3023 0.2961 0.1317 0.0003 0.002576 -3.011957 0.0000 0 0.0000 0  1729 1426 1330 1369 1310 1191 1188 827  1 1 0 0.00 0 0 1.00 0 0 0 11.42 0.101 0.472 0.494 
0.429 2 1 1 0 0.3054 0.3050 0.1323 0.0003 0.002576 -3.011736 0.0000 0 0.0000 0  1683 1429 1300 1378 1311 1200 1187 837  1 1 0 0.00 0 0 1.00 0 0 0 11.42 0.103 0.476 0.488 
0.430 2 1 1 0 0.3054 0.3050 0.1323 0.0003 0.002576 -3.011399 0.0000 0 0.0000 0  1686 1429 1296 1391 1301 1198 1192 821  1 1 0 0.00 0 0 1.00 0 0 0 11.41 0.102 0.481 0.492 
0.431 2 1 1 0 0.3218 0.3292 0.1328 0.0003 0.002576 -3.010956 0.0000 0 0.0000 0  1702 1426 1296 1366 1314 1166 1188 811  1 1 0 0.00 0 0 1.00 0 0 0 11.42 0.103 0.482 0.496 
0.432 2 1 1 0 0.3218 0.3139 0.1331 0.0003 0.005152 -3.010855 0.0000 0 0.0000 0  1705 1433 1310 1368 1297 1171 1189 800  1 1 0 0.00 0 0 1.00 0 0 0 11.42 0.103 0.482 0.496 
0.433 2 1 1 0 0.2994 0.3139 0.1333 0.0003 0.002576 -3.011119 0.0000 0 0.0000 0  1710 1426 1288 1373 1314 1185 1195 839  1 1 0 0.00 0 0 1.00 0 0 0 11.42 0.103 0.480 0.499 
0.434 2 1 1 0 0.2994 0.3009 0.1336 0.0003 0.005152 -3.011445 0.0000 0 0.0000 0  1716 1424 1303 1374 1315 1160 1195 845  1 1 0 0.00 0 0 1.00 0 0 0 11.42 0.101 0.484 0.495 
0.435 2 1 1 0 0.2823 0.3009 0.1339 0.0003 0.002576 -3.011829 0.0000 0 0.0000 0  1699 1427 1315 1364 1307 1180 1193 829  1 1 0 0.00 0 0 1.00 0 0 0 11.42 0.102 0.478 0.499 
0.436 2 1 1 0 0.2823 0.3009 0.1341 0.0003 0.005152 -3.012286 0.0000 0 0.0000 0  1687 1425 1298 1366 1312 1175 1188 812  1 1 0 0.00 0 0 1.00 0 0 0 11.43 0.103 0.482 0.494 
0.437 2 1 1 0 0.2963 0.3009 0.1344 0.0003 0.002576 -3.012290 0.0000 0 0.0000 0  1699 1426 1309 1387 1308 1193 1198 827  1 1 0 0.00 0 0 1.00 0 0 0 11.42 0.101 0.476 0.499 
0.438 2 1 1 0 0.2919 0.3139 0.1350 0.0003 0.002576 -3.012456 0.0000 0 0.0000 0  1730 1431 1319 1388 1310 1176 1192 830  1 1 0 0.00 0 0 1.00 0 0 0 11.42 0.103 0.490 0.493 
0.439 2 1 1 0 0.2919 0.3012 0.1350 0.0003 0.002576 -3.012513 0.0000 0 0.0000 0  1711 1426 1316 1369 1310 1171 1203 832  1 1 0 0.00 0 0 1.00 0 0 0 11.42 0.101 0.477 0.503 
0.440 2 1 1 0 0.3077 0.2795 0.1355 0.0003 0.002576 -3.011983 0.0000 0 0.0000 0  1713 1431 1297 1369 1310 1195 1199 827  1 1 0 0.00 0 0 1.00 0 0 0 11.42 0.102 0.483 0.493 
0.441 2 1 1 0 0.3077 0.2795 0.1355 0.0003 0.002576 -3.011500 0.0000 0 0.0000 0  1691 1430 1297 1373 1309 1205 1200 826  1 1 0 0.00 0 0 1.00 0 0 0 11.43 0.101 0.479 0.499 
0.442 2 1 1 0 0.3052 0.2802 0.1360 0.0003 0.002576 -3.010974 0.0000 0 0.0000 0  1688 1430 1300 1366 1316 1203 1199 823  1 1 0 0.00 0 0 1.00 0 0 0 11.42 0.103 0.484 0.495 
0.443 2 1 1 0 0.3052 0.2907 0.1363 0.0003 0.005152 -3.010739 0.0000 0 0.0000 0  1719 1430 1310 1377 1311 1171 1195 829  1 1 0 0.00 0 0 1.00 0 0 0 11.42 0.104 0.483 0.501 
0.444 2 1 1 0 0.3085 0.2907 0.1366 0.0003 0.002576 -3.010739 0.0000 0 0.0000 0  1712 1430 1332 1386 1315 1178 1201 827  1 1 0 0.00 0 0 1.00 0 0 0 11.43 0.102 0.476 0.500 
0.445 2 1 1 0 0.3049 0.3244 0.1368 0.0003 0.005152 -3.010920 0.0000 0 0.0000 0  1701 1427 1299 1374 1319 1185 1193 819  1 1 0 0.00 0 0 1.00 0 0 0 11.43 0.102 0.480 0.493 
0.446 2 1 1 0 0.2834 0.3244 0.1371 0.0003 0.002576 -3.010736 0.0000 0 0.0000 0  1702 1428 1317 1375 1307 1205 1200 824  1 1 0 0.00 0 0 1.00 0 0 0 11.43 0.102 0.493 0.496 
0.447 2 1 1 0 0.2992 0.3137 0.1377 0.0003 0.002576 -3.010764 0.0000 0 0.0000 0  1724 1426 1308 1368 1313 1188 1193 833  1 1 0 0.00 0 0 1.00 0 0 0 11.42 0.101 0.482 0.508 
0.448 2 1 1 0 0.2992 0.3137 0.1377 0.0003 0.002576 -3.011208 0.0000 0 0.0000 0  1733 1422 1322 1367 1317 1160 1180 824  1 1 0 0.00 0 0 1.00 0 0 0 11.43 0.103 0.474 0.498 
0.449 2 1 1 0 0.3147 0.3054 0.1382 0.0004 0.002576 -3.011217 0.0000 0 0.0000 0  1746 1443 1331 1395 1333 1175 1214 848  1 1 0 0.00 0 0 1.00 0 0 0 11.42 0.101 0.474 0.490 
0.450 2 1 1 0 0.3147 0.3003 0.1385 0.0004 0.005152 -3.011431 0.0000 0 0.0000 0  1711 1429 1304 1360 1306 1171 1183 828  1 1 0 0.00 0 0 1.00 0 0 0 11.42 0.103 0.482 0.491 
0.451 2 1 1 0 0.3118 0.3003 0.1387 0.0004 0.002576 -3.011811 0.0000 0 0.0000 0  1713 1426 1311 1373 1310 1169 1186 828  1 1 0 0.00 0 0 1.00 0 0 0 11.42 0.103 0.480 0.501 
0.452 2 1 1 0 0.3118 0.3229 0.1390 0.0004 0.005152 -3.012427 0.0000 0 0.0000 0  1713 1439 1332 1385 1339 1198 1207 851  1 1 0 0.00 0 0 1.00 0 0 0 11.43 0.102 0.478 0.496 
0.453 2 1 1 0 0.3103 0.3229 0.1393 0.0004 0.002576 -3.012619 0.0000 0 0.0000 0  1713 1426 1309 1364 1316 1164 1198 824  1 1 0 0.00 0 0 1.00 0 0 0 11.42 0.103 0.476 0.946 
0.454 2 1 1 0 0.3117 0.2980 0.1398 0.0004 0.002576 -3.011877 0.0000 0 0.0000 0  1718 1438 1328 1384 1335 1183 1210 854  1 1 0 0.00 0 0 1.00 0 0 0 11.42 0.103 0.486 0.492 
0.455 2 1 1 0 0.3117 0.2980 0.1398 0.0004 0.002576 -3.011122 0.0000 0 0.0000 0  1700 1430 1299 1383 1310 1167 1204 826  1 1 0 0.00 0 0 1.00 0 0 0 11.42 0.103 0.481 0.501 
0.456 2 1 1 0 0.2904 0.2788 0.1404 0.0004 0.002576 -3.010855 0.0000 0 0.0000 0  1694 1433 1306 1391 1310 1178 1193 823  1 1 0 0.00 0 0 1.00 0 0 0 11.42 0.101 0.475 0.496 
0.457 2 1 1 0 0.2904 0.2788 0.1404 0.0004 0.002576 -3.011090 0.0000 0 0.0000 0  1681 1426 1298 1354 1308 1205 1185 824  1 1 0 0.00 0 0 1.00 0 0 0 11.42 0.101 0.471 0.490 
0.458 2 1 1 0 0.2996 0.2846 0.1409 0.0004 0.002576 -3.011349 0.0000 0 0.0000 0  1679 1420 1301 1362 1309 1180 1189 826  1 1 0 0.00 0 0 1.00 0 0 0 11.42 0.103 0.479 0.486 
0.459 2 1 1 0 0.2996 0.3135 0.1412 0.0004 0.005152 -3.011004 0.0000 0 0.0000 0  1714 1430 1326 1406 1335 1182 1229 850  1 1 0 0.00 0 0 1.00 0 0 0 11.42 0.102 0.490 0.496 
0.460 2 1 1 0 0.3184 0.3135 0.1414 0.0004 0.002576 -3.010446 0.0000 0 0.0000 0  1687 1424 1303 1356 1298 1155 1197 811  1 1 0 0.00 0 0 1.00 0 0 0 11.42 0.102 0.484 0.504 
0.461 2 1 1 0 0.3079 0.3037 0.1417 0.0004 0.005152 -3.010288 0.0000 0 0.0000 0  1699 1426 1305 1373 1311 1179 1197 818  1 1 0 0.00 0 0 1.00 0 0 0 11.42 0.101 0.471 0.501 
0.462 2 1 1 0 0.3014 0.3037 0.1420 0.0004 0.002576 -3.011315 0.0000 0 0.0000 0  1723 1436 1302 1374 1299 1182 1203 826  1 1 0 0.00 0 0 1.00 0 0 0 11.42 0.102 0.484 0.484 
0.463 2 1 1 0 0.2823 0.2987 0.1425 0.0004 0.002576 -3.012610 0.0000 0 0.0000 0  1708 1420 1279 1372 1286 1169 1177 806  1 1 0 0.00 0 0 1.00 0 0 0 11.42 0.101 0.464 0.500 
0.464 2 1 1 0 0.2823 0.2987 0.1425 0.0004 0.002576 -3.012695 0.0000 0 0.0000 0  1691 1434 1304 1401 1323 1210 1216 856  1 1 0 0.00 0 0 1.00 0 0 0 11.43 0.101 0.475 0.479 
0.465 2 1 1 0 0.3070 0.2830 0.1431 0.0004 0.002576 -3.012450 0.0000 0 0.0000 0  1684 1428 1309 1356 1308 1190 1199 816  1 1 0 0.00 0 0 1.00 0 0 0 11.42 0.103 0.476 0.492 
0.466 2 1 1 0 0.3070 0.2830 0.1431 0.0004 0.002576 -3.012355 0.0000 0 0.0000 0  1689 1434 1307 1374 1303 1185 1197 821  1 1 0 0.00 0 0 1.00 0 0 0 11.42 0.103 0.476 0.493 
0.467 2 1 1 0 0.3243 0.3295 0.1436 0.0004 0.002576 -3.012316 0.0000 0 0.0000 0  1694 1431 1313 1370 1304 1196 1193 821  1 1 0 0.00 0 0 1.00 0 0 0 11.42 0.101 0.474 0.495 
0.468 2 1 1 0 0.3243 0.3387 0.1439 0.0004 0.005152 -3.012094 0.0000 0 0.0000 0  1691 1416 1283 1352 1284 1164 1174 794  1 1 0 0.00 0 0 1.00 0 0 0 11.43 0.103 0.492 0.491 
0.469 2 1 1 0 0.3127 0.3387 0.1442 0.0004 0.002576 -3.011474 0.0000 0 0.0000 0  1710 1433 1316 1378 1317 1182 1195 832  1 1 0 0.00 0 0 1.00 0 0 0 11.43 0.103 0.490 0.505 
0.470 2 1 1 0 0.2901 0.2908 0.1447 0.0004 0.002576 -3.010964 0.0000 0 0.0000 0  1703 1427 1300 1372 1302 1177 1185 829  1 1 0 0.00 0 0 1.00 0 0 0 11.43 0.102 0.478 0.503 
0.471 2 1 1 0 0.2901 0.2908 0.1447 0.0004 0.002576 -3.010833 0.0000 0 0.0000 0  1696 1427 1306 1371 1309 1186 1182 819  1 1 0 0.00 0 0 1.00 0 0 0 11.42 0.103 0.471 0.493 
0.472 2 1 1 0 0.2952 0.2502 0.1452 0.0004 0.002576 -3.010994 0.0000 0 0.0000 0  1714 1432 1302 1364 1314 1168 1181 816  1 1 0 0.00 0 0 1.00 0 0 0 11.42 0.103 0.476 0.485 
0.473 2 1 1 0 0.2952 0.2502 0.1452 0.0004 0.002576 -3.011326 0.0000 0 0.0000 0  1717 1423 1299 1337 1280 1160 1160 786  1 1 0 0.00 0 0 1.00 0 0 0 11.42 0.103 0.472 0.493 
0.474 2 1 1 0 0.3045 0.3075 0.1458 0.0004 0.002576 -3.011598 0.0000 0 0.0000 0  1737 1431 1316 1373 1304 1154 1192 827  1 1 0 0.00 0 0 1.00 0 0 0 11.42 0.101 0.478 0.485 
0.475 2 1 1 0 0.3045 0.3075 0.1458 0.0004 0.002576 -3.011706 0.0000 0 0.0000 0  1728 1432 1291 1384 1308 1169 1196 822  1 1 0 0.00 0 0 1.00 0 0 0 11.42 0.101 0.461 0.493 
0.476 2 1 1 0 0.3012 0.3082 0.1463 0.0004 0.002576 -3.011778 0.0000 0 0.0000 0  1729 1437 1291 1375 1320 1187 1194 829  1 1 0 0.00 0 0 1.00 0 0 0 11.43 0.103 0.435 0.475 
0.477 2 1 1 0 0.3012 0.3051 0.1463 0.0004 0.002576 -3.012049 0.0000 0 0.0000 0  1722 1433 1287 1365 1307 1181 1182 820  1 1 0 0.00 0 0 1.00 0 0 0 11.43 0.103 0.478 0.450 
0.478 2 1 1 0 0.2848 0.3031 0.1469 0.0004 0.002576 -3.012092 0.0000 0 0.0000 0  1702 1437 1338 1406 1336 1186 1204 827  1 1 0 0.00 0 0 1.00 0 0 0 11.42 0.103 0.467 0.493 
0.479 2 1 1 0 0.2848 0.2877 0.1474 0.0004 0.002576 -3.012053 0.0000 0 0.0000 0  1702 1432 1324 1390 1313 1177 1214 824  1 1 0 0.00 0 0 1.00 0 0 0 11.43 0.108 0.481 0.946 
0.480 2 1 1 0 0.3126 0.2877 0.1474 0.0004 0.002576 -3.012247 0.0000 0 0.0000 0  1705 1423 1319 1361 1307 1172 1183 817  1 1 0 0.00 0 0 1.00 0 0 0 11.42 0.102 0.459 0.496 
0.481 2 1 1 0 0.3393 0.3324 0.1479 0.0004 0.002576 -3.012341 0.0000 0 0.0000 0  1727 1436 1300 1371 1305 1166 1196 824  1 1 0 0.00 0 0 1.00 0 0 0 11.42 0.101 0.464 0.474 
0.482 2 1 1 0 0.3393 0.3324 0.1479 0.0004 0.002576 -3.012453 0.0000 0 0.0000 0  1711 1435 1299 1375 1313 1182 1192 823  1 1 0 0.00 0 0 1.00 0 0 0 11.42 0.103 0.475 0.478 
0.483 2 1 1 0 0.3239 0.2997 0.1485 0.0004 0.002576 -3.012390 0.0000 0 0.0000 0  1710 1432 1306 1372 1307 1180 1200 820  1 1 0 0.00 0 0 1.00 0 0 0 11.43 0.101 0.482 0.489 
0.484 2 1 1 0 0.3139 0.2997 0.1485 0.0004 0.002576 -3.011976 0.0000 0 0.0000 0  1706 1441 1305 1365 1307 1173 1182 824  1 1 0 0.00 0 0 1.00 0 0 0 11.43 0.101 0.486 0.496 
0.485 2 1 1 0 0.2972 0.2869 0.1490 0.0004 0.002576 -3.011218 0.0000 0 0.0000 0  1688 1435 1308 1386 1308 1182 1205 822  1 1 0 0.00 0 0 1.00 0 0 0 11.42 0.103 0.484 0.502 
0.486 2 1 1 0 0.2950 0.2869 0.1493 0.0004 0.000000 -3.010298 0.0000 0 0.0000 0  1733 1432 1303 1372 1305 1180 1177 819  1 1 0 0.00 0 0 1.00 0 0 0 11.42 0.103 0.476 0.501 
0.487 2 1 1 0 0.2950 0.2875 0.1496 0.0004 0.002576 -3.009743 0.0000 0 0.0000 0  1725 1432 1296 1368 1306 1181 1179 821  1 1 0 0.00 0 0 1.00 0 0 0 11.42 0.103 0.473 0.492 
0.488 2 1 1 0 0.3101 0.3252 0.1501 0.0004 0.002576 -3.009707 0.0000 0 0.0000 0  1734 1425 1298 1367 1309 1177 1184 820  1 1 0 0.00 0 0 1.00 0 0 0 11.42 0.101 0.475 0.487 
0.489 2 1 1 0 0.3101 0.3252 0.1501 0.0004 0.002576 -3.009870 0.0000 0 0.0000 0  1700 1434 1303 1389 1297 1180 1199 829  1 1 0 0.00 0 0 1.00 0 0 0 11.42 0.102 0.459 0.491 
0.490 2 1 1 0 0.2899 0.3113 0.1506 0.0004 0.002576 -3.009901 0.0000 0 0.0000 0  1719 1444 1323 1388 1326 1195 1204 825  1 1 0 0.00 0 0 1.00 0 0 0 11.43 0.101 0.476 0.475 
0.491 2 1 1 0 0.2899 0.3113 0.1506 0.0004 0.002576 -3.009845 0.0000 0 0.0000 0  1733 1430 1298 1364 1305 1165 1176 825  1 1 0 0.00 0 0 1.00 0 0 0 11.42 0.103 0.471 0.492 
0.492 2 1 1 0 0.2802 0.3011 0.1512 0.0004 0.002576 -3.009617 0.0000 0 0.0000 0  1726 1429 1304 1343 1312 1168 1184 822  1 1 0 0.00 0 0 1.00 0 0 0 11.42 0.102 0.481 0.485 
0.493 2 1 1 0 0.2802 0.3011 0.1512 0.0004 0.002576 -3.009465 0.0000 0 0.0000 0  1714 1437 1303 1354 1307 1169 1184 821  1 1 0 0.00 0 0 1.00 0 0 0 11.43 0.103 0.474 0.496 
0.494 2 1 1 0 0.2989 0.2792 0.1517 0.0004 0.002576 -3.009932 0.0000 0 0.0000 0  1730 1438 1304 1376 1311 1168 1198 822  1 1 0 0.00 0 0 1.00 0 0 0 11.42 0.101 0.485 0.490 
0.495 2 1 1 0 0.2989 0.3243 0.1520 0.0004 0.005152 -3.010571 0.0000 0 0.0000 0  1724 1442 1322 1378 1325 1191 1210 841  1 1 0 0.00 0 0 1.00 0 0 0 11.42 0.103 0.472 0.500 
0.496 2 1 1 0 0.3093 0.3243 0.1523 0.0004 0.002576 -3.010826 0.0000 0 0.0000 0  1703 1437 1298 1367 1307 1174 1191 817  1 1 0 0.00 0 0 1.00 0 0 0 11.42 0.103 0.479 0.486 
0.497 2 1 1 0 0.3109 0.2929 0.1528 0.0004 0.002576 -3.010742 0.0000 0 0.0000 0  1699 1430 1307 1374 1305 1186 1192 819  1 1 0 0.00 0 0 1.00 0 0 0 11.43 0.101 0.475 0.494 
0.498 2 1 1 0 0.3109 0.2929 0.1528 0.0004 0.002576 -3.010451 0.0000 0 0.0000 0  1708 1430 1307 1359 1311 1175 1193 823  1 1 0 0.00 0 0 1.00 0 0 0 11.43 0.101 0.470 0.491 
0.499 2 1 1 0 0.2840 0.2796 0.1533 0.0004 0.002576 -3.010059 0.0000 0 0.0000 0  1709 1427 1311 1377 1315 1187 1201 832  1 1 0 0.00 0 0 1.00 0 0 0 11.43 0.102 0.481 0.483 
0.500 2 1 1 0 0.2840 0.2796 0.1533 0.0004 0.002576 -3.009649 0.0000 0 0.0000 0  1720 1436 1326 1380 1331 1189 1205 848  1 1 0 0.00 0 0 1.00 0 0 0 11.42 0.103 0.478 0.496 
0.501 2 1 1 0 0.3028 0.2783 0.1539 0.0004 0.002576 -3.009626 0.0000 0 0.0000 0  1725 1431 1309 1374 1319 1182 1204 828  1 1 0 0.00 0 0 1.00 0 0 0 11.42 0.101 0.475 0.493 
0.502 2 1 1 0 0.3028 0.2783 0.1539 0.0004 0.002576 -3.009877 0.0000 0 0.0000 0  1720 1419 1300 1358 1303 1189 1183 817  1 1 0 0.00 0 0 1.00 0 0 0 11.43 0.102 0.476 0.492 
0.503 2 1 1 0 0.3162 0.3206 0.1544 0.0004 0.002576 -3.010109 0.0000 0 0.0000 0  1696 1434 1299 1371 1302 1186 1184 813  1 1 0 0.00 0 0 1.00 0 0 0 11.43 0.103 0.477 0.493 
0.504 2 1 1 0 0.3042 0.3189 0.1547 0.0004 0.000000 -3.010391 0.0000 0 0.0000 0  1711 1429 1299 1366 1300 1179 1172 818  1 1 0 0.00 0 0 1.00 0 0 0 11.43 0.103 0.479 0.493 
0.505 2 1 1 0 0.3042 0.2967 0.1550 0.0004 0.002576 -3.010604 0.0000 0 0.0000 0  1693 1427 1301 1363 1313 1189 1200 833  1 1 0 0.00 0 0 1.00 0 0 0 11.43 0.101 0.462 0.889 
0.506 2 1 1 0 0.2895 0.3091 0.1555 0.0004 0.002576 -3.010888 0.0000 0 0.0000 0  1683 1425 1306 1370 1310 1184 1209 821  1 1 0 0.00 0 0 1.00 0 0 0 11.43 0.101 0.478 0.474 
0.507 2 1 1 0 0.2895 0.3091 0.1555 0.0004 0.002576 -3.011134 0.0000 0 0.0000 0  1690 1429 1307 1387 1304 1184 1204 819  1 1 0 0.00 0 0 1.00 0 0 0 11.43 0.103 0.470 0.493 
0.508 2 1 1 0 0.3089 0.2965 0.1561 0.0004 0.002576 -3.011457 0.0000 0 0.0000 0  1697 1431 1302 1380 1306 1194 1181 827  1 1 0 0.00 0 0 1.00 0 0 0 11.43 0.101 0.485 0.482 
0.509 2 1 1 0 0.3089 0.2965 0.1561 0.0004 0.002576 -3.011691 0.0000 0 0.0000 0  1719 1422 1280 1369 1280 1148 1164 789  1 1 0 0.00 0 0 1.00 0 0 0 11.43 0.103 0.475 0.498 
0.510 2 1 1 0 0.3111 0.3323 0.1566 0.0004 0.002576 -3.011449 0.0000 0 0.0000 0  1711 1436 1298 1387 1297 1176 1193 804  1 1 0 0.00 0 0 1.00 0 0 0 11.42 0.103 0.484 0.491 
0.511 2 1 1 0 0.3111 0.3237 0.1569 0.0004 0.000000 -3.011144 0.0000 0 0.0000 0  1689 1424 1300 1374 1305 1170 1209 815  1 1 0 0.00 0 0 1.00 0 0 0 11.43 0.103 0.479 0.502 
0.512 2 1 1 0 0.3168 0.3017 0.1571 0.0004 0.002576 -3.010793 0.0000 0 0.0000 0  1692 1427 1303 1374 1308 1179 1205 813  1 1 0 0.00 0 0 1.00 0 0 0 11.43 0.101 0.476 0.494 
0.513 2 1 1 0 0.3034 0.2916 0.1577 0.0004 0.002576 -3.010366 0.0000 0 0.0000 0  1723 1440 1307 1388 1305 1179 1214 833  1 1 0 0.00 0 0 1.00 0 0 0 11.43 0.109 0.485 0.493 
0.514 2 1 1 0 0.3034 0.2916 0.1577 0.0004 0.002576 -3.009909 0.0000 0 0.0000 0  1695 1414 1279 1356 1277 1158 1186 791  1 1 0 0.00 0 0 1.00 0 0 0 11.43 0.103 0.481 0.501 
0.515 2 1 1 0 0.3042 0.2973 0.1582 0.0004 0.002576 -3.009501 0.0000 0 0.0000 0  1688 1422 1302 1371 1305 1179 1204 818  1 1 0 0.00 0 0 1.00 0 0 0 11.43 0.103 0.476 0.496 
0.516 2 1 1 0 0.3042 0.2973 0.1582 0.0004 0.002576 -3.009446 0.0000 0 0.0000 0  1689 1418 1303 1358 1300 1176 1197 812  1 1 0 0.00 0 0 1.00 0 0 0 11.43 0.103 0.475 0.493 
0.517 2 1 1 0 0.3211 0.3218 0.1588 0.0004 0.002576 -3.009655 0.0000 0 0.0000 0  1697 1414 1299 1359 1294 1173 1176 807  1 1 0 0.00 0 0 1.00 0 0 0 11.43 0.103 0.477 0.491 
0.518 2 1 1 0 0.3098 0.3218 0.1588 0.0004 0.002576 -3.010141 0.0000 0 0.0000 0  1703 1431 1298 1356 1305 1173 1188 816  1 1 0 0.00 0 0 1.00 0 0 0 11.43 0.103 0.489 0.493 
0.519 2 1 1 0 0.2980 0.3085 0.1593 0.0004 0.002576 -3.010748 0.0000 0 0.0000 0  1708 1424 1297 1363 1294 1163 1178 794  1 1 0 0.00 0 0 1.00 0 0 0 11.43 0.101 0.475 0.503 
0.520 2 1 1 0 0.2828 0.3055 0.1598 0.0004 0.002576 -3.011152 0.0000 0 0.0000 0  1715 1420 1307 1400 1305 1178 1189 817  1 1 0 0.00 0 0 1.00 0 0 0 11.42 0.109 0.482 0.491 
0.521 2 1 1 0 0.2828 0.3042 0.1598 0.0004 0.002576 -3.011466 0.0000 0 0.0000 0  1739 1426 1297 1365 1303 1170 1193 811  1 1 0 0.00 0 0 1.00 0 0 0 11.43 0.101 0.468 0.499 
0.522 2 1 1 0 0.2990 0.3093 0.1604 0.0004 0.002576 -3.012022 0.0000 0 0.0000 0  1727 1427 1296 1361 1306 1175 1188 817  1 1 0 0.00 0 0 1.00 0 0 0 11.43 0.101 0.485 0.482 
0.523 2 1 1 0 0.2990 0.3093 0.1604 0.0004 0.002576 -3.012569 0.0000 0 0.0000 0  1718 1425 1301 1381 1293 1172 1209 821  1 1 0 0.00 0 0 1.00 0 0 0 11.43 0.102 0.469 0.500 
0.524 2 1 1 0 0.2938 0.3192 0.1609 0.0004 0.002576 -3.012708 0.0000 0 0.0000 0  1723 1448 1296 1365 1296 1177 1167 814  1 1 0 0.00 0 0 1.00 0 0 0 11.41 0.101 0.474 0.483 
0.525 2 1 1 0 0.2938 0.3192 0.1609 0.0004 0.002576 -3.012547 0.0000 0 0.0000 0  1721 1436 1298 1380 1305 1179 1177 820  1 1 0 0.00 0 0 1.00 0 0 0 11.42 0.101 0.476 0.491 
0.526 2 1 1 0 0.3059 0.2779 0.1615 0.0004 0.002576 -3.012033 0.0000 0 0.0000 0  1717 1418 1297 1373 1297 1173 1172 815  1 1 0 0.00 0 0 1.00 0 0 0 11.42 0.101 0.485 0.493 
0.527 2 1 1 0 0.3059 0.2779 0.1615 0.0004 0.002576 -3.011661 0.0000 0 0.0000 0  1711 1437 1294 1360 1299 1174 1177 817  1 1 0 0.00 0 0 1.00 0 0 0 11.43 0.102 0.468 0.500 
0.528 2 1 1 0 0.3014 0.2721 0.1620 0.0004 0.002576 -3.011624 0.0000 0 0.0000 0  1713 1444 1302 1359 1297 1185 1170 816  1 1 0 0.00 0 0 1.00 0 0 0 11.43 0.102 0.473 0.482 
0.529 2 1 1 0 0.3031 0.2721 0.1623 0.0004 0.000000 -3.011418 0.0000 0 0.0000 0  1703 1421 1300 1352 1309 1168 1189 817  1 1 0 0.00 0 0 1.00 0 0 0 11.43 0.103 0.473 0.490 
0.530 2 1 1 0 0.3031 0.2794 0.1625 0.0004 0.002576 -3.011279 0.0000 0 0.0000 0  1690 1418 1300 1353 1283 1156 1182 785  1 1 0 0.00 0 0 1.00 0 0 0 11.43 0.103 0.473 0.487 
0.531 2 1 1 0 0.2783 0.2794 0.1628 0.0004 0.000000 -3.010991 0.0000 0 0.0000 0  1715 1433 1326 1364 1316 1176 1204 811  1 1 0 0.00 0 0 1.00 0 0 0 11.43 0.101 0.481 0.948 
0.532 2 1 1 0 0.2783 0.3150 0.1631 0.0004 0.002576 -3.010824 0.0000 0 0.0000 0  1689 1430 1300 1390 1295 1169 1183 823  1 1 0 0.00 0 0 1.00 0 0 0 11.42 0.102 0.472 0.496 
0.533 2 1 1 0 0.2955 0.3086 0.1636 0.0004 0.002576 -3.011338 0.0000 0 0.0000 0  1693 1429 1301 1386 1307 1174 1191 816  1 1 0 0.00 0 0 1.00 0 0 0 11.42 0.103 0.475 0.484 
0.534 2 1 1 0 0.2955 0.3086 0.1636 0.0004 0.002576 -3.011781 0.0000 0 0.0000 0  1692 1453 1301 1375 1302 1172 1177 815  1 1 0 0.00 0 0 1.00 0 0 0 11.43 0.101 0.470 0.490 
0.535 2 1 1 0 0.3117 0.3085 0.1642 0.0004 0.002576 -3.012078 0.0000 0 0.0000 0  1721 1430 1300 1372 1301 1173 1191 819  1 1 0 0.00 0 0 1.00 0 0 0 11.43 0.102 0.475 0.485 
0.536 2 1 1 0 0.3117 0.3085 0.1642 0.0004 0.002576 -3.012465 0.0000 0 0.0000 0  1698 1433 1323 1364 1325 1189 1196 839  1 1 0 0.00 0 0 1.00 0 0 0 11.42 0.102 0.474 0.490 
0.537 2 1 1 0 0.3097 0.3069 0.1647 0.0004 0.002576 -3.012846 0.0000 0 0.0000 0  1680 1434 1300 1374 1304 1176 1177 810  1 1 0 0.00 0 0 1.00 0 0 0 11.42 0.101 0.475 0.491 
0.538 2 1 1 0 0.3073 0.3289 0.1652 0.0004 0.002576 -3.012939 0.0000 0 0.0000 0  1687 1432 1295 1376 1297 1183 1199 824  1 1 0 0.00 0 0 1.00 0 0 0 11.43 0.102 0.479 0.492 
0.539 2 1 1 0 0.3063 0.3289 0.1652 0.0004 0.002576 -3.012614 0.0000 0 0.0000 0  1684 1428 1289 1382 1296 1170 1166 812  1 1 0 0.00 0 0 1.00 0 0 0 11.43 0.101 0.476 0.495 
0.540 2 1 1 0 0.3052 0.2967 0.1658 0.0004 0.002576 -3.012291 0.0000 0 0.0000 0  1688 1433 1306 1387 1304 1174 1195 821  1 1 0 0.00 0 0 1.00 0 0 0 11.43 0.103 0.476 0.493 
0.541 2 1 1 0 0.3052 0.2967 0.1658 0.0004 0.002576 -3.012025 0.0000 0 0.0000 0  1697 1428 1321 1385 1323 1192 1202 853  1 1 0 0.00 0 0 1.00 0 0 0 11.43 0.103 0.477 0.492 
0.542 2 1 1 0 0.2826 0.2727 0.1663 0.0004 0.002576 -3.011997 0.0000 0 0.0000 0  1695 1411 1298 1358 1294 1169 1199 807  1 1 0 0.00 0 0 1.00 0 0 0 11.43 0.101 0.476 0.493 
0.543 2 1 1 0 0.2826 0.2727 0.1663 0.0004 0.002576 -3.012023 0.0000 0 0.0000 0  1721 1412 1303 1338 1304 1175 1156 823  1 1 0 0.00 0 0 1.00 0 0 0 11.43 0.103 0.471 0.493 
0.544 2 1 1 0 0.2928 0.2799 0.1669 0.0004 0.002576 -3.011645 0.0000 0 0.0000 0  1723 1416 1296 1355 1296 1173 1154 812  1 1 0 0.00 0 0 1.00 0 0 0 11.42 0.102 0.482 0.484 
0.545 2 1 1 0 0.2928 0.2799 0.1669 0.0004 0.002576 -3.011357 0.0000 0 0.0000 0  1674 1423 1283 1342 1292 1172 1203 827  1 1 0 0.00 0 0 1.00 0 0 0 11.42 0.101 0.470 0.499 
0.546 2 1 1 0 0.3142 0.3111 0.1674 0.0004 0.002576 -3.011484 0.0000 0 0.0000 0  1693 1416 1314 1393 1306 1189 1210 843  1 1 0 0.00 0 0 1.00 0 0 0 11.43 0.103 0.479 0.486 
0.547 2 1 1 0 0.3112 0.3111 0.1674 0.0004 0.002576 -3.012098 0.0000 0 0.0000 0  1696 1405 1287 1340 1289 1165 1187 799  1 1 0 0.00 0 0 1.00 0 0 0 11.43 0.101 0.482 0.495 
0.548 2 1 1 0 0.2992 0.3035 0.1680 0.0004 0.002576 -3.013108 0.0000 0 0.0000 0  1700 1410 1298 1342 1289 1174 1184 815  1 1 0 0.00 0 0 1.00 0 0 0 11.43 0.103 0.486 0.498 
0.549 2 1 1 0 0.2825 0.3028 0.1682 0.0004 0.000000 -3.014022 0.0000 0 0.0000 0  1701 1439 1299 1380 1293 1175 1161 812  1 1 0 0.00 0 0 1.00 0 0 0 11.43 0.103 0.484 0.503 
0.550 2 1 1 0 0.2825 0.2996 0.1685 0.0004 0.002576 -3.014530 0.0000 0 0.0000 0  1695 1456 1284 1377 1286 1177 1180 804  1 1 0 0.00 0 0 1.00 0 0 0 11.42 0.103 0.475 0.501 
0.551 2 1 1 0 0.3082 0.2854 0.1690 0.0004 0.002576 -3.014891 0.0000 0 0.0000 0  1681 1445 1297 1373 1312 1172 1184 824  1 1 0 0.00 0 0 1.00 0 0 0 11.42 0.103 0.478 0.492 
0.552 2 1 1 0 0.3082 0.2854 0.1690 0.0004 0.002576 -3.015394 0.0000 0 0.0000 0  1683 1423 1295 1344 1315 1174 1185 809  1 1 0 0.00 0 0 1.00 0 0 0 11.42 0.103 0.472 0.493 
0.553 2 1 1 0 0.3244 0.3312 0.1696 0.0004 0.002576 -3.015467 0.0000 0 0.0000 0  1689 1412 1296 1357 1301 1168 1183 810  1 1 0 0.00 0 0 1.00 0 0 0 11.43 0.101 0.469 0.486 
0.554 2 1 1 0 0.3244 0.3312 0.1696 0.0004 0.002576 -3.015000 0.0000 0 0.0000 0  1700 1423 1293 1354 1297 1164 1180 804  1 1 0 0.00 0 0 1.00 0 0 0 11.43 0.101 0.485 0.485 
0.555 2 1 1 0 0.3127 0.3402 0.1701 0.0004 0.002576 -3.014477 0.0000 0 0.0000 0  1692 1419 1278 1345 1281 1154 1165 780  1 1 0 0.00 0 0 1.00 0 0 0 11.43 0.103 0.483 0.499 
0.557 2 1 1 0 0.2892 0.2885 0.1707 0.0004 0.002576 -3.014054 0.0000 0 0.0000 0  1700 1409 1296 1348 1290 1169 1171 816  1 1 0 0.00 0 0 1.00 0 0 0 11.43 0.101 0.471 0.862 
0.558 2 1 1 0 0.2939 0.2723 0.1709 0.0004 0.000000 -3.014203 0.0000 0 0.0000 0  1697 1414 1296 1352 1293 1174 1173 811  1 1 0 0.00 0 0 1.00 0 0 0 11.43 0.101 0.468 0.484 
0.559 2 1 1 0 0.2939 0.2487 0.1712 0.0004 0.002576 -3.014029 0.0000 0 0.0000 0  1692 1415 1299 1364 1295 1172 1174 809  1 1 0 0.00 0 0 1.00 0 0 0 11.43 0.103 0.478 0.481 
0.560 2 1 1 0 0.3028 0.3099 0.1717 0.0004 0.002576 -3.013682 0.0000 0 0.0000 0  1697 1411 1288 1357 1275 1153 1167 785  1 1 0 0.00 0 0 1.00 0 0 0 11.43 0.103 0.476 0.492 
0.561 2 1 1 0 0.3028 0.3099 0.1717 0.0004 0.002576 -3.013918 0.0000 0 0.0000 0  1718 1448 1299 1371 1303 1171 1175 816  1 1 0 0.00 0 0 1.00 0 0 0 11.43 0.103 0.480 0.492 
0.562 2 1 1 0 0.3001 0.3102 0.1723 0.0004 0.002576 -3.014789 0.0000 0 0.0000 0  1731 1447 1300 1352 1302 1173 1152 815  1 1 0 0.00 0 0 1.00 0 0 0 11.43 0.101 0.484 0.494 
0.563 2 1 1 0 0.3001 0.3102 0.1723 0.0004 0.002576 -3.015672 0.0000 0 0.0000 0  1715 1450 1294 1366 1299 1171 1166 809  1 1 0 0.00 0 0 1.00 0 0 0 11.43 0.101 0.479 0.501 
0.564 2 1 1 0 0.2828 0.3013 0.1728 0.0004 0.002576 -3.016246 0.0000 0 0.0000 0  1713 1444 1296 1361 1295 1167 1173 812  1 1 0 0.00 0 0 1.00 0 0 0 11.43 0.102 0.476 0.495 
0.565 2 1 1 0 0.2828 0.3013 0.1728 0.0004 0.002576 -3.016684 0.0000 0 0.0000 0  1697 1421 1296 1354 1297 1166 1179 796  1 1 0 0.00 0 0 1.00 0 0 0 11.43 0.101 0.471 0.493 
0.566 2 1 1 0 0.3108 0.2857 0.1734 0.0004 0.002576 -3.017101 0.0000 0 0.0000 0  1704 1410 1295 1350 1300 1168 1173 812  1 1 0 0.00 0 0 1.00 0 0 0 11.43 0.102 0.479 0.490 
0.567 2 1 1 0 0.3380 0.2857 0.1739 0.0004 0.002576 -3.017574 0.0000 0 0.0000 0  1688 1418 1300 1352 1308 1165 1187 809  1 1 0 0.00 0 0 1.00 0 0 0 11.43 0.101 0.486 0.494 
0.568 2 1 1 0 0.3380 0.3295 0.1739 0.0004 0.002576 -3.017848 0.0000 0 0.0000 0  1702 1411 1294 1353 1296 1172 1159 816  1 1 0 0.00 0 0 1.00 0 0 0 11.43 0.103 0.470 0.503 
0.569 2 1 1 0 0.3221 0.2974 0.1744 0.0004 0.002576 -3.017552 0.0000 0 0.0000 0  1697 1427 1297 1359 1296 1168 1174 811  1 1 0 0.00 0 0 1.00 0 0 0 11.43 0.103 0.483 0.486 
0.570 2 1 1 0 0.3221 0.2974 0.1744 0.0004 0.002576 -3.016953 0.0000 0 0.0000 0  1700 1419 1297 1359 1293 1161 1177 808  1 1 0 0.00 0 0 1.00 0 0 0 11.43 0.103 0.483 0.499 
0.571 2 1 1 0 0.2959 0.2898 0.1750 0.0004 0.002576 -3.016319 0.0000 0 0.0000 0  1703 1412 1294 1367 1306 1170 1180 818  1 1 0 0.00 0 0 1.00 0 0 0 11.43 0.102 0.471 0.500 
0.572 2 1 1 0 0.2959 0.2898 0.1750 0.0004 0.002576 -3.015869 0.0000 0 0.0000 0  1701 1419 1305 1380 1283 1165 1196 799  1 1 0 0.00 0 0 1.00 0 0 0 11.43 0.103 0.473 0.484 
0.573 2 1 1 0 0.2917 0.2939 0.1755 0.0004 0.002576 -3.015945 0.0000 0 0.0000 0  1705 1414 1298 1367 1289 1167 1210 796  1 1 0 0.00 0 0 1.00 0 0 0 11.43 0.103 0.477 0.487 
0.574 2 1 1 0 0.3049 0.2939 0.1758 0.0004 0.000000 -3.016101 0.0000 0 0.0000 0  1688 1424 1296 1370 1286 1173 1196 806  1 1 0 0.00 0 0 1.00 0 0 0 11.42 0.103 0.478 0.493 
0.575 2 1 1 0 0.3049 0.3317 0.1761 0.0004 0.002576 -3.016218 0.0000 0 0.0000 0  1701 1420 1294 1343 1287 1170 1177 801  1 1 0 0.00 0 0 1.00 0 0 0 11.43 0.102 0.472 0.494 
0.576 2 1 1 0 0.2852 0.3150 0.1766 0.0004 0.002576 -3.016261 0.0000 0 0.0000 0  1705 1427 1294 1370 1306 1167 1181 815  1 1 0 0.00 0 0 1.00 0 0 0 11.43 0.102 0.475 0.485 
0.577 2 1 1 0 0.2852 0.3150 0.1766 0.0004 0.002576 -3.016538 0.0000 0 0.0000 0  1696 1474 1318 1396 1333 1183 1210 817  1 1 0 0.00 0 0 1.00 0 0 0 11.43 0.103 0.479 0.491 
0.578 2 1 1 0 0.2760 0.3061 0.1771 0.0004 0.002576 -3.017040 0.0000 0 0.0000 0  1703 1454 1292 1368 1321 1164 1198 797  1 1 0 0.00 0 0 1.00 0 0 0 11.43 0.101 0.476 0.495 
0.579 2 1 1 0 0.2760 0.3061 0.1771 0.0004 0.002576 -3.016834 0.0000 0 0.0000 0  1687 1443 1291 1378 1315 1171 1192 821  1 1 0 0.00 0 0 1.00 0 0 0 11.43 0.101 0.466 0.493 
0.580 2 1 1 0 0.2969 0.2837 0.1777 0.0005 0.002576 -3.016972 0.0000 0 0.0000 0  1689 1439 1299 1383 1318 1173 1202 843  1 1 0 0.00 0 0 1.00 0 0 0 11.43 0.103 0.475 0.480 
0.581 2 1 1 0 0.2969 0.2837 0.1777 0.0005 0.002576 -3.017523 0.0000 0 0.0000 0  1706 1424 1298 1369 1294 1170 1164 834  1 1 0 0.00 0 0 1.00 0 0 0 11.43 0.103 0.478 0.491 
0.582 2 1 1 0 0.3096 0.3279 0.1782 0.0005 0.002576 -3.017665 0.0000 0 0.0000 0  1702 1402 1291 1348 1277 1161 1169 823  1 1 0 0.00 0 0 1.00 0 0 0 11.43 0.101 0.476 0.493 
0.583 2 1 1 0 0.3094 0.3008 0.1785 0.0005 0.000000 -3.017565 0.0000 0 0.0000 0  1700 1414 1293 1356 1296 1170 1173 821  1 1 0 0.00 0 0 1.00 0 0 0 11.43 0.101 0.474 0.953 
0.584 2 1 1 0 0.3094 0.2978 0.1788 0.0005 0.002576 -3.017151 0.0000 0 0.0000 0  1700 1424 1292 1351 1307 1163 1167 801  1 1 0 0.00 0 0 1.00 0 0 0 11.43 0.103 0.478 0.490 
0.585 2 1 1 0 0.2830 0.2902 0.1793 0.0005 0.002576 -3.016661 0.0000 0 0.0000 0  1702 1411 1299 1355 1309 1174 1179 819  1 1 0 0.00 0 0 1.00 0 0 0 11.43 0.103 0.484 0.492 
0.586 2 1 1 0 0.2830 0.2902 0.1793 0.0005 0.002576 -3.016150 0.0000 0 0.0000 0  1696 1396 1291 1355 1299 1166 1179 815  1 1 0 0.00 0 0 1.00 0 0 0 11.43 0.103 0.481 0.499 
0.587 2 1 1 0 0.3023 0.2898 0.1799 0.0005 0.002576 -3.016016 0.0000 0 0.0000 0  1710 1422 1327 1379 1332 1190 1189 843  1 1 0 0.00 0 0 1.00 0 0 0 11.43 0.101 0.475 0.495 
0.588 2 1 1 0 0.3023 0.2898 0.1799 0.0005 0.002576 -3.016124 0.0000 0 0.0000 0  1701 1462 1295 1364 1316 1169 1168 806  1 1 0 0.00 0 0 1.00 0 0 0 11.42 0.103 0.474 0.490 
0.589 2 1 1 0 0.3164 0.3291 0.1804 0.0005 0.002576 -3.016273 0.0000 0 0.0000 0  1704 1451 1295 1367 1317 1165 1179 813  1 1 0 0.00 0 0 1.00 0 0 0 11.42 0.101 0.475 0.491 
0.590 2 1 1 0 0.3164 0.3291 0.1804 0.0005 0.002576 -3.016551 0.0000 0 0.0000 0  1704 1419 1293 1353 1287 1165 1181 811  1 1 0 0.00 0 0 1.00 0 0 0 11.43 0.103 0.480 0.491 
0.591 2 1 1 0 0.3039 0.2959 0.1809 0.0005 0.002576 -3.016787 0.0000 0 0.0000 0  1691 1411 1267 1331 1265 1151 1166 775  1 1 0 0.00 0 0 1.00 0 0 0 11.43 0.103 0.477 0.495 
0.592 2 1 1 0 0.2989 0.2959 0.1809 0.0005 0.002576 -3.017478 0.0000 0 0.0000 0  1707 1423 1302 1382 1301 1174 1185 838  1 1 0 0.00 0 0 1.00 0 0 0 11.43 0.101 0.486 0.493 
0.593 2 1 1 0 0.2871 0.3019 0.1815 0.0005 0.002576 -3.018000 0.0000 0 0.0000 0  1706 1417 1295 1365 1306 1167 1154 820  1 1 0 0.00 0 0 1.00 0 0 0 11.43 0.101 0.474 0.501 
0.594 2 1 1 0 0.3042 0.2879 0.1820 0.0005 0.002576 -3.017698 0.0000 0 0.0000 0  1703 1434 1299 1362 1312 1177 1149 826  1 1 0 0.00 0 0 1.00 0 0 0 11.43 0.103 0.484 0.491 
0.595 2 1 1 0 0.3042 0.2879 0.1820 0.0005 0.002576 -3.017898 0.0000 0 0.0000 0  1697 1441 1298 1346 1284 1164 1173 828  1 1 0 0.00 0 0 1.00 0 0 0 11.43 0.101 0.470 0.501 
0.596 2 1 1 0 0.3063 0.3255 0.1826 0.0005 0.002576 -3.018287 0.0000 0 0.0000 0  1691 1413 1273 1353 1262 1149 1165 777  1 1 0 0.00 0 0 1.00 0 0 0 11.43 0.103 0.475 0.486 
0.597 2 1 1 0 0.3063 0.3255 0.1826 0.0005 0.002576 -3.018119 0.0000 0 0.0000 0  1709 1433 1297 1347 1304 1166 1179 811  1 1 0 0.00 0 0 1.00 0 0 0 11.43 0.103 0.472 0.491 
0.598 2 1 1 0 0.3117 0.2971 0.1831 0.0005 0.002576 -3.017812 0.0000 0 0.0000 0  1704 1428 1300 1350 1305 1170 1167 808  1 1 0 0.00 0 0 1.00 0 0 0 11.43 0.103 0.476 0.491 
0.599 2 1 1 0 0.3117 0.2971 0.1831 0.0005 0.002576 -3.017207 0.0000 0 0.0000 0  1704 1404 1293 1358 1280 1167 1157 810  1 1 0 0.00 0 0 1.00 0 0 0 11.43 0.101 0.481 0.493 
0.600 2 1 1 0 0.3002 0.2870 0.1836 0.0005 0.002576 -3.016896 0.0000 0 0.0000 0  1704 1422 1294 1355 1293 1167 1175 809  1 1 0 0.00 0 0 1.00 0 0 0 11.43 0.102 0.465 0.498 
0.601 2 1 1 0 0.3025 0.2870 0.1839 0.0005 0.000000 -3.017104 0.0000 0 0.0000 0  1703 1420 1279 1337 1270 1148 1152 780  1 1 0 0.00 0 0 1.00 0 0 0 11.43 0.102 0.476 0.480 
0.602 2 1 1 0 0.3025 0.2931 0.1842 0.0005 0.002576 -3.017175 0.0000 0 0.0000 0  1719 1447 1306 1359 1310 1165 1169 803  1 1 0 0.00 0 0 1.00 0 0 0 11.43 0.101 0.471 0.493 
0.603 2 1 1 0 0.3206 0.3203 0.1847 0.0005 0.002576 -3.016769 0.0000 0 0.0000 0  1711 1458 1300 1358 1306 1168 1175 806  1 1 0 0.00 0 0 1.00 0 0 0 11.43 0.101 0.471 0.484 
0.604 2 1 1 0 0.3206 0.3203 0.1847 0.0005 0.002576 -3.016279 0.0000 0 0.0000 0  1705 1444 1294 1360 1301 1172 1173 809  1 1 0 0.00 0 0 1.00 0 0 0 11.43 0.103 0.478 0.484 
0.605 2 1 1 0 0.2975 0.3074 0.1853 0.0005 0.002576 -3.016416 0.0000 0 0.0000 0  1704 1440 1293 1358 1296 1168 1174 809  1 1 0 0.00 0 0 1.00 0 0 0 11.43 0.103 0.482 0.493 
0.606 2 1 1 0 0.2975 0.3074 0.1853 0.0005 0.002576 -3.017045 0.0000 0 0.0000 0  1706 1422 1302 1363 1277 1162 1162 779  1 1 0 0.00 0 0 1.00 0 0 0 11.43 0.102 0.483 0.498 
0.607 2 1 1 0 0.2794 0.3032 0.1858 0.0005 0.002576 -3.017605 0.0000 0 0.0000 0  1716 1406 1296 1368 1289 1167 1178 798  1 1 0 0.00 0 0 1.00 0 0 0 11.43 0.102 0.476 0.502 
0.608 2 1 1 0 0.2794 0.3032 0.1858 0.0005 0.002576 -3.017933 0.0000 0 0.0000 0  1708 1425 1294 1352 1273 1170 1155 827  1 1 0 0.00 0 0 1.00 0 0 0 11.43 0.101 0.474 0.493 
0.609 2 1 1 0 0.2937 0.3102 0.1863 0.0005 0.002576 -3.018499 0.0000 0 0.0000 0  1704 1425 1297 1353 1278 1167 1160 806  1 1 0 0.00 0 0 1.00 0 0 0 11.43 0.101 0.482 0.946 
0.610 2 1 1 0 0.2937 0.3246 0.1866 0.0005 0.005152 -3.019232 0.0000 0 0.0000 0  1705 1434 1288 1356 1262 1166 1175 791  1 1 0 0.00 0 0 1.00 0 0 0 11.43 0.101 0.484 0.497 
0.611 2 1 1 0 0.2890 0.3246 0.1869 0.0005 0.002576 -3.019455 0.0000 0 0.0000 0  1711 1415 1294 1358 1298 1161 1171 821  1 1 0 0.00 0 0 1.00 0 0 0 11.43 0.102 0.476 0.498 
0.612 2 1 1 0 0.3054 0.2854 0.1874 0.0005 0.002576 -3.019261 0.0000 0 0.0000 0  1708 1428 1293 1364 1296 1171 1165 824  1 1 0 0.00 0 0 1.00 0 0 0 11.43 0.102 0.482 0.492 
0.613 2 1 1 0 0.3054 0.2854 0.1874 0.0005 0.002576 -3.018878 0.0000 0 0.0000 0  1713 1449 1290 1356 1307 1166 1174 812  1 1 0 0.00 0 0 1.00 0 0 0 11.43 0.101 0.476 0.496 
0.614 2 1 1 0 0.3016 0.2772 0.1880 0.0005 0.002576 -3.018651 0.0000 0 0.0000 0  1714 1425 1294 1348 1310 1167 1167 813  1 1 0 0.00 0 0 1.00 0 0 0 11.43 0.103 0.470 0.491 
0.615 2 1 1 0 0.3016 0.2772 0.1880 0.0005 0.002576 -3.018885 0.0000 0 0.0000 0  1705 1422 1302 1360 1296 1170 1162 820  1 1 0 0.00 0 0 1.00 0 0 0 11.43 0.103 0.471 0.484 
0.616 2 1 1 0 0.3049 0.2822 0.1885 0.0005 0.002576 -3.019110 0.0000 0 0.0000 0  1703 1418 1289 1359 1309 1163 1191 840  1 1 0 0.00 0 0 1.00 0 0 0 11.43 0.101 0.475 0.485 
0.617 2 1 1 0 0.3049 0.2822 0.1885 0.0005 0.002576 -3.018864 0.0000 0 0.0000 0  1718 1416 1299 1363 1309 1173 1184 842  1 1 0 0.00 0 0 1.00 0 0 0 11.42 0.103 0.484 0.491 
0.618 2 1 1 0 0.2804 0.3168 0.1890 0.0005 0.002576 -3.018988 0.0000 0 0.0000 0  1723 1430 1316 1376 1320 1178 1177 829  1 1 0 0.00 0 0 1.00 0 0 0 11.43 0.101 0.485 0.500 
0.619 2 1 1 0 0.2804 0.3086 0.1893 0.0005 0.005152 -3.019688 0.0000 0 0.0000 0  1714 1424 1287 1359 1283 1157 1173 814  1 1 0 0.00 0 0 1.00 0 0 0 11.43 0.104 0.495 0.500 
0.620 2 1 1 0 0.2971 0.3086 0.1896 0.0005 0.002576 -3.020064 0.0000 0 0.0000 0  1714 1450 1298 1358 1274 1162 1166 792  1 1 0 0.00 0 0 1.00 0 0 0 11.43 0.101 0.480 0.509 
0.621 2 1 1 0 0.3114 0.3069 0.1901 0.0005 0.002576 -3.019968 0.0000 0 0.0000 0  1700 1425 1285 1357 1280 1160 1174 812  1 1 0 0.00 0 0 1.00 0 0 0 11.43 0.103 0.480 0.494 
0.622 2 1 1 0 0.3114 0.3069 0.1901 0.0005 0.002576 -3.019722 0.0000 0 0.0000 0  1704 1445 1292 1361 1285 1162 1162 803  1 1 0 0.00 0 0 1.00 0 0 0 11.43 0.103 0.475 0.494 
0.623 2 1 1 0 0.3106 0.3048 0.1907 0.0005 0.002576 -3.019604 0.0000 0 0.0000 0  1725 1448 1321 1377 1317 1181 1179 838  1 1 0 0.00 0 0 1.00 0 0 0 11.43 0.103 0.478 0.490 
0.624 2 1 1 0 0.3106 0.3048 0.1907 0.0005 0.002576 -3.019537 0.0000 0 0.0000 0  1719 1425 1296 1361 1295 1172 1182 822  1 1 0 0.00 0 0 1.00 0 0 0 11.42 0.103 0.475 0.493 
