%% logfile from robot Thit (86)
% Thit (86)
%  1    time 0.210 sec
%  2  3  4  5   (mission 0), state 2, entered ), events 0x0 (bit-flags)
% 12 .. 33 Edge sensor: left 0.072177 1, right 1.31107AT+CIPSEN3 1, values 908 955 910 1754 2149 1979 1518 624, 
%    white 1, used 1, LEDhigh=0, xingVal=1.06 xlcnt=0 lvcnt=5,LineVal=1.00, lineLow=0, lineHi=0, edgeAngle=0.
% whitelevel=[2447 2346 2088 2520 2452 2316 2458 1831];
% blacklevel=[55 43 40 50 7 44 2 8];
0.210 2 1 1 0 0.5720 0.5240 0.0778 -0.0039 -0.087576 -1.678617 0.0722 1 1.3111 1  908 955 910 1754 2149 1979 1518 624  1 1 0 1.06 0 5 1.00 0 0 0 10.89 0.102 0.579 0.582 
0.220 2 1 1 0 0.6457 0.6325 0.0840 -0.0044 -0.090151 -1.678921 0.0676 1 1.3068 1  951 988 920 1770 2141 1981 1496 642  1 1 0 0.88 0 5 1.00 0 0 0 10.93 0.109 0.586 0.581 
0.230 2 1 1 0 0.6434 0.5487 0.0896 -0.0050 -0.092727 -1.679154 -0.0065 1 1.3122 1  1016 1012 939 1844 2164 1985 1477 630  1 1 0 1.35 0 5 1.00 0 0 0 10.92 0.103 0.574 0.572 
0.240 2 1 1 0 0.5869 0.5461 0.0955 -0.0055 -0.092727 -1.679615 -0.1761 1 1.3358 1  1031 1012 942 1942 2205 2038 1435 638  1 1 0 1.78 0 5 1.00 0 0 0 10.92 0.102 0.575 0.626 
0.250 2 1 1 0 0.6175 0.6681 0.1015 -0.0061 -0.092727 -1.678960 -0.2898 1 1.2636 1  1087 1051 1056 2000 2178 1960 1351 605  1 1 0 1.69 0 5 1.00 0 0 0 10.92 0.103 0.578 0.580 
0.260 2 1 1 0 0.5941 0.5595 0.1074 -0.0066 -0.092727 -1.679326 -0.4034 1 1.1961 1  1091 1031 1039 2052 2180 1917 1264 609  1 1 0 1.47 0 5 1.00 0 0 0 10.91 0.103 0.583 0.579 
0.270 2 1 1 0 0.5391 0.6481 0.1133 -0.0071 -0.087576 -1.678870 -0.4631 1 1.1281 1  1057 1068 1115 2116 2179 1851 1211 618  1 1 0 1.51 0 5 1.00 0 0 0 10.93 0.102 0.580 0.581 
0.280 2 1 1 0 0.5440 0.6210 0.1190 -0.0076 -0.085000 -1.678376 -0.5118 1 0.9644 1  1063 1060 1118 2167 2187 1787 1177 594  1 1 0 1.09 0 5 1.00 0 0 0 10.93 0.103 0.580 0.581 
0.290 2 1 1 0 0.4984 0.6475 0.1252 -0.0081 -0.077273 -1.677553 -0.5485 1 0.9096 1  1058 1049 1184 2210 2198 1762 1094 593  1 1 0 1.36 0 5 1.00 0 0 0 10.94 0.102 0.570 0.565 
0.300 2 1 1 0 0.5491 0.7338 0.1308 -0.0086 -0.069545 -1.677185 -0.5663 1 0.8452 1  1089 1070 1214 2208 2184 1722 1076 621  1 1 0 1.01 0 5 1.00 0 0 0 10.94 0.103 0.581 0.578 
0.310 2 1 1 0 0.5095 0.6497 0.1373 -0.0090 -0.064394 -1.676216 -0.5576 1 0.7662 1  1086 1063 1213 2201 2172 1682 1032 602  1 1 0 0.68 0 5 1.00 0 0 0 10.96 0.102 0.574 0.566 
0.320 2 1 1 0 0.5288 0.6977 0.1433 -0.0093 -0.054091 -1.675427 -0.5702 1 0.7654 1  1114 1087 1248 2198 2166 1673 967 611  1 1 0 0.55 0 5 1.00 0 0 0 10.95 0.144 0.624 1.039 
0.330 2 1 1 0 0.4989 0.6776 0.1492 -0.0097 -0.048939 -1.674425 -0.5564 1 0.7659 1  1084 1068 1225 2197 2169 1669 966 621  1 1 0 0.54 0 5 1.00 0 0 0 10.96 0.102 0.563 0.574 
0.340 2 1 1 0 0.4981 0.6487 0.1551 -0.0099 -0.038636 -1.672971 -0.5509 1 0.7411 1  1067 1106 1236 2178 2177 1642 980 624  1 1 0 0.66 0 5 1.00 0 0 0 10.97 0.102 0.565 0.576 
0.350 2 1 1 0 0.4951 0.8067 0.1614 -0.0101 -0.025758 -1.672210 -0.5551 1 0.6921 1  1109 1109 1248 2182 2128 1638 958 629  1 1 0 0.07 0 5 1.00 0 0 0 10.98 0.103 0.580 0.582 
0.360 2 1 1 0 0.5104 0.7134 0.1673 -0.0102 -0.015455 -1.671207 -0.5673 1 0.7128 1  1082 1096 1255 2198 2135 1651 976 623  1 1 0 0.19 0 5 1.00 0 0 0 10.97 0.108 0.580 0.580 
0.370 2 1 1 0 0.4988 0.6735 0.1733 -0.0103 -0.005152 -1.669923 -0.5081 1 0.6831 1  1089 1122 1231 2131 2113 1646 1001 601  1 1 0 -0.07 0 5 1.00 0 0 0 10.98 0.102 0.573 0.576 
0.380 2 1 1 0 0.4365 0.7898 0.1795 -0.0103 0.007727 -1.669358 -0.5729 1 0.6966 1  1070 1103 1245 2206 2120 1670 1038 607  1 1 0 0.67 0 5 1.00 0 0 0 10.96 0.108 0.579 0.576 
0.390 2 1 1 0 0.4683 0.7170 0.1852 -0.0102 0.020606 -1.668400 -0.5774 1 0.8455 1  1089 1101 1230 2212 2173 1746 1040 608  1 1 0 0.43 0 5 1.00 0 0 0 10.98 0.103 0.580 0.582 
0.401 2 1 1 0 0.4428 0.6788 0.1911 -0.0101 0.030909 -1.667498 -0.5791 1 0.8406 1  1090 1156 1244 2202 2191 1723 1046 609  1 1 0 0.01 0 5 1.00 0 0 0 10.98 0.102 0.575 0.581 
0.410 2 1 1 0 0.4628 0.7187 0.1968 -0.0098 0.043788 -1.666642 -0.5511 1 0.7842 1  1029 1109 1281 2173 2185 1673 965 604  1 1 0 0.10 0 5 1.00 0 0 0 10.99 0.103 0.574 0.574 
0.420 2 1 1 0 0.4175 0.7878 0.2025 -0.0095 0.056667 -1.666343 -0.6107 1 0.7084 1  1053 1107 1304 2230 2150 1608 946 615  1 1 0 -0.17 0 5 1.00 0 0 0 10.99 0.101 0.571 0.582 
0.430 2 1 1 0 0.4356 0.6558 0.2081 -0.0092 0.069545 -1.666082 -0.6191 1 0.6477 1  1018 1084 1315 2225 2128 1550 901 599  1 1 0 -0.04 0 5 1.00 0 0 0 10.98 0.101 0.573 0.580 
0.440 2 1 1 0 0.4571 0.6888 0.2138 -0.0087 0.082424 -1.665408 -0.6171 1 0.6320 1  1011 1028 1336 2211 2136 1520 841 575  1 1 0 -0.12 0 5 1.00 0 0 0 10.99 0.102 0.580 0.582 
0.450 2 1 1 0 0.4427 0.6605 0.2194 -0.0082 0.095303 -1.665535 -0.6372 1 0.6094 1  1040 1053 1364 2217 2139 1471 830 552  1 1 0 0.01 0 5 1.00 0 0 0 10.99 0.102 0.568 0.583 
0.460 2 1 1 0 0.4607 0.7284 0.2251 -0.0077 0.108182 -1.664747 -0.6659 1 0.6160 1  999 1071 1408 2223 2156 1462 812 550  1 1 0 0.20 0 5 1.00 0 0 0 10.98 0.102 0.580 0.576 
0.470 2 1 1 0 0.4166 0.6588 0.2307 -0.0070 0.121060 -1.665045 -0.7102 1 0.6130 1  1004 1047 1451 2238 2167 1433 814 557  1 1 0 0.18 0 5 1.00 0 0 0 11.00 0.103 0.592 0.602 
0.480 2 1 1 0 0.4506 0.7050 0.2361 -0.0063 0.131363 -1.664781 -0.7169 1 0.5819 1  1036 1067 1462 2231 2133 1396 827 537  1 1 0 -0.21 0 5 1.00 0 0 0 10.99 0.103 0.594 0.594 
0.490 2 1 1 0 0.4316 0.6509 0.2417 -0.0056 0.144242 -1.664935 -0.6957 1 0.5660 1  987 1017 1442 2225 2129 1384 835 532  1 1 0 -0.04 0 5 1.00 0 0 0 10.99 0.102 0.578 0.600 
0.500 2 1 1 0 0.4170 0.6293 0.2473 -0.0047 0.157121 -1.664225 -0.6574 1 0.5501 1  989 1011 1414 2205 2119 1358 813 570  1 1 0 -0.27 0 5 1.00 0 0 0 10.99 0.103 0.576 0.580 
0.510 2 1 1 0 0.4216 0.7036 0.2524 -0.0039 0.170000 -1.664546 -0.6664 1 0.5492 1  949 1001 1410 2225 2112 1352 790 519  1 1 0 0.03 0 5 1.00 0 0 0 10.99 0.101 0.579 0.613 
0.520 2 1 1 0 0.3819 0.7026 0.2580 -0.0029 0.182879 -1.663824 -0.6609 1 0.5584 1  900 1052 1419 2210 2125 1358 800 560  1 1 0 0.22 0 5 1.00 0 0 0 10.99 0.103 0.575 0.574 
0.530 2 1 1 0 0.3943 0.7070 0.2633 -0.0018 0.198333 -1.663508 -0.6542 1 0.5541 1  905 1008 1411 2201 2118 1367 805 562  1 1 0 -0.09 0 5 1.00 0 0 0 10.99 0.102 0.571 0.582 
0.540 2 1 1 0 0.4297 0.6670 0.2683 -0.0008 0.211212 -1.662965 -0.6219 1 0.5479 1  898 1040 1386 2185 2118 1364 816 533  1 1 0 -0.09 0 5 1.00 0 0 0 10.99 0.102 0.571 0.579 
0.550 2 1 1 0 0.4510 0.6465 0.2739 0.0004 0.224091 -1.662462 -0.6192 1 0.5719 1  912 1044 1384 2192 2136 1409 835 571  1 1 0 0.46 0 5 1.00 0 0 0 10.97 0.103 0.571 0.584 
0.560 2 1 1 0 0.4186 0.7032 0.2792 0.0017 0.239545 -1.662687 -0.6323 1 0.6012 1  904 1049 1359 2220 2149 1454 842 551  1 1 0 0.18 0 5 1.00 0 0 0 10.94 0.102 0.569 0.580 
0.570 2 1 1 0 0.3777 0.6137 0.2844 0.0030 0.249848 -1.662360 -0.6166 1 0.6420 1  869 1040 1329 2215 2151 1520 845 527  1 1 0 0.08 0 5 1.00 0 0 0 10.99 0.110 0.575 0.582 
0.580 2 1 1 0 0.3800 0.6265 0.2894 0.0043 0.262727 -1.662333 -0.6110 1 0.6072 1  813 984 1291 2233 2127 1521 860 543  1 1 0 0.02 0 5 1.00 0 0 0 10.99 0.101 0.575 0.576 
0.590 2 1 1 0 0.3922 0.6872 0.2943 0.0057 0.275606 -1.662176 -0.5839 1 0.6394 1  779 954 1298 2186 2120 1573 910 545  1 1 0 -0.06 0 5 1.00 0 0 0 10.99 0.135 0.604 1.034 
0.600 2 1 1 0 0.3912 0.6381 0.2995 0.0072 0.285909 -1.661743 -0.5696 1 0.6773 1  804 919 1331 2181 2136 1620 930 545  1 1 0 0.90 0 5 1.00 0 0 0 10.98 0.103 0.579 0.571 
0.610 2 1 1 0 0.4065 0.7214 0.3047 0.0087 0.301363 -1.661955 -0.6152 1 0.7097 1  827 910 1310 2224 2178 1599 926 554  1 1 0 0.29 0 5 1.00 0 0 0 10.99 0.101 0.576 0.584 
0.620 2 1 1 0 0.4039 0.6443 0.3093 0.0102 0.311666 -1.661068 -0.6199 1 0.7269 1  821 902 1329 2225 2170 1634 971 577  1 1 0 0.33 0 5 1.00 0 0 0 10.98 0.101 0.583 0.579 
0.630 2 1 1 0 0.3780 0.6013 0.3142 0.0118 0.324545 -1.661388 -0.5910 1 0.7019 1  838 900 1305 2192 2155 1613 1008 585  1 1 0 0.16 0 5 1.00 0 0 0 10.97 0.102 0.583 0.569 
0.640 2 1 1 0 0.3817 0.6458 0.3193 0.0135 0.334848 -1.660767 -0.5676 1 0.6781 1  823 861 1260 2185 2153 1594 1002 631  1 1 0 -0.00 0 5 1.00 0 0 0 10.99 0.101 0.579 0.576 
0.650 2 1 1 0 0.3684 0.6149 0.3239 0.0152 0.345151 -1.660730 -0.5697 1 0.7241 1  836 821 1262 2202 2170 1632 1034 612  1 1 0 0.20 0 5 1.00 0 0 0 10.98 0.101 0.573 0.580 
0.660 2 1 1 0 0.3896 0.5657 0.3287 0.0169 0.358030 -1.659925 -0.5605 1 0.7487 1  846 796 1168 2218 2168 1666 1051 619  1 1 0 0.28 0 5 1.00 0 0 0 10.98 0.103 0.583 0.579 
0.671 2 1 1 0 0.4186 0.6431 0.3333 0.0187 0.368333 -1.660352 -0.5395 1 0.7437 1  829 833 1128 2202 2145 1683 1084 646  1 1 0 0.27 0 5 1.00 0 0 0 10.99 0.103 0.579 0.582 
0.680 2 1 1 0 0.3425 0.6244 0.3378 0.0205 0.378636 -1.659746 -0.5130 1 0.7458 1  848 825 1118 2174 2130 1693 1123 662  1 1 0 0.24 0 5 1.00 0 0 0 10.97 0.103 0.581 0.584 
0.690 2 1 1 0 0.3994 0.6912 0.3426 0.0224 0.391515 -1.659450 -0.5000 1 0.7475 1  816 817 1094 2164 2122 1703 1123 674  1 1 0 0.38 0 5 1.00 0 0 0 10.99 0.103 0.581 0.581 
0.700 2 1 1 0 0.3998 0.5469 0.3473 0.0243 0.399242 -1.659104 -0.4736 1 0.7788 1  822 787 1040 2136 2130 1724 1153 690  1 1 0 0.34 0 5 1.00 0 0 0 10.99 0.102 0.582 0.583 
0.710 2 1 1 0 0.4043 0.6128 0.3521 0.0264 0.406969 -1.658539 -0.4675 1 0.8717 1  798 786 1024 2128 2153 1775 1209 681  1 1 0 0.83 0 5 1.00 0 0 0 10.99 0.103 0.579 0.581 
0.720 2 1 1 0 0.3911 0.6188 0.3565 0.0283 0.417272 -1.658415 -0.4402 1 1.0538 1  824 810 991 2085 2173 1844 1247 655  1 1 0 1.30 0 5 1.00 0 0 0 11.00 0.102 0.583 0.579 
0.730 2 1 1 0 0.4388 0.6217 0.3615 0.0305 0.427575 -1.657921 -0.2744 1 1.1461 1  809 807 939 1990 2118 1865 1277 631  1 1 0 -0.46 0 5 1.00 0 0 0 10.98 0.103 0.565 0.581 
0.740 2 1 1 0 0.4551 0.5976 0.3659 0.0326 0.432727 -1.658545 -0.3809 1 1.2412 1  821 839 899 2027 2165 1960 1372 640  1 1 0 1.48 0 5 1.00 0 0 0 10.97 0.103 0.581 0.584 
0.750 2 1 1 0 0.4474 0.5735 0.3708 0.0349 0.443030 -1.658143 -0.3889 1 1.2994 1  822 808 895 2040 2198 1999 1408 617  1 1 0 1.00 0 5 1.00 0 0 0 10.99 0.101 0.575 0.582 
0.760 2 1 1 0 0.4421 0.5684 0.3754 0.0371 0.450757 -1.658155 -0.2276 1 1.2384 1  803 781 886 1968 2159 1934 1373 603  1 1 0 0.43 0 5 1.00 0 0 0 11.00 0.101 0.575 0.576 
0.770 2 1 1 0 0.4968 0.5991 0.3798 0.0392 0.455909 -1.658048 -0.2154 1 1.2389 1  802 753 862 1959 2188 1958 1297 621  1 1 0 0.69 0 5 1.00 0 0 0 10.98 0.102 0.581 0.586 
0.780 2 1 1 0 0.4262 0.5395 0.3844 0.0415 0.463636 -1.657920 -0.2450 1 1.2508 1  826 794 840 1980 2170 1955 1362 609  1 1 0 0.65 0 5 1.00 0 0 0 10.99 0.102 0.573 0.612 
0.790 2 1 1 0 0.4603 0.5488 0.3892 0.0439 0.468787 -1.658087 -0.1439 1 1.2567 1  832 805 794 1930 2172 1963 1359 591  1 1 0 0.80 0 5 1.00 0 0 0 11.00 0.102 0.583 0.583 
0.800 2 1 1 0 0.4541 0.6078 0.3936 0.0461 0.473939 -1.657747 -0.1452 1 1.2746 1  807 809 801 1917 2188 1982 1365 589  1 1 0 0.82 0 5 1.00 0 0 0 11.00 0.103 0.585 0.578 
0.810 2 1 1 0 0.4565 0.5470 0.3981 0.0485 0.476515 -1.658215 -0.0919 1 1.2667 1  830 814 787 1893 2183 1968 1386 605  1 1 0 0.86 0 5 1.00 0 0 0 11.00 0.102 0.573 0.585 
0.820 2 1 1 0 0.4987 0.5942 0.4029 0.0510 0.481666 -1.658536 -0.0078 1 1.2785 1  784 786 791 1825 2151 1982 1392 573  1 1 0 0.67 0 5 1.00 0 0 0 10.99 0.106 0.589 0.589 
0.830 2 1 1 0 0.5011 0.5141 0.4075 0.0533 0.479090 -1.658715 0.0144 1 1.2865 1  821 827 783 1805 2156 1979 1415 586  1 1 0 0.86 0 5 1.00 0 0 0 10.97 0.102 0.579 0.581 
0.840 2 1 1 0 0.4902 0.5521 0.4121 0.0557 0.481666 -1.659414 0.0506 1 1.2874 1  818 821 755 1785 2148 1981 1433 590  1 1 0 0.76 0 5 1.00 0 0 0 10.99 0.103 0.580 0.569 
0.850 2 1 1 0 0.5276 0.5075 0.4166 0.0581 0.479090 -1.659459 0.0794 1 1.3089 1  767 839 757 1762 2139 2002 1446 604  1 1 0 0.76 0 5 1.00 0 0 0 10.98 0.108 0.581 0.583 
0.860 2 1 1 0 0.4876 0.4941 0.4209 0.0603 0.484242 -1.659537 0.1092 1 1.2836 1  733 771 745 1715 2125 1973 1453 604  1 1 0 0.62 0 5 1.00 0 0 0 10.99 0.141 0.614 1.038 
0.870 2 1 1 0 0.5023 0.5281 0.4252 0.0626 0.484242 -1.659522 0.1028 1 1.2979 1  721 735 715 1721 2156 1987 1471 586  1 1 0 1.32 0 5 1.00 0 0 0 10.99 0.102 0.576 0.581 
0.880 2 1 1 0 0.4968 0.4920 0.4295 0.0649 0.484242 -1.660454 0.0234 1 1.3603 1  724 747 757 1738 2226 2029 1535 595  1 1 0 1.34 0 5 1.00 0 0 0 10.98 0.102 0.581 0.584 
0.890 2 1 1 0 0.4969 0.5047 0.4339 0.0671 0.484242 -1.660441 -0.0131 1 1.3833 1  740 719 812 1815 2197 2032 1563 585  1 1 0 1.35 0 5 1.00 0 0 0 10.99 0.101 0.581 0.586 
0.900 2 1 1 0 0.5234 0.5599 0.4384 0.0695 0.486818 -1.660979 -0.0462 1 1.2509 1  719 709 861 1915 2109 1928 1480 622  1 1 0 0.74 0 5 1.00 0 0 0 10.97 0.102 0.581 0.581 
0.910 2 1 1 0 0.4747 0.5427 0.4429 0.0719 0.489393 -1.661274 -0.4014 1 1.0444 1  716 665 916 2065 2122 1825 1282 591  1 1 0 0.79 0 5 1.00 0 0 0 10.99 0.101 0.579 0.580 
0.920 2 1 1 0 0.3957 0.6583 0.4475 0.0744 0.497121 -1.661236 -0.4536 1 0.8344 1  693 669 982 2119 2147 1739 1051 589  1 1 0 1.05 0 5 1.00 0 0 0 10.97 0.102 0.579 0.584 
0.930 2 1 1 0 0.4296 0.4821 0.4515 0.0766 0.499696 -1.661384 -0.5113 1 0.7317 1  697 691 1096 2177 2152 1647 922 562  1 1 0 1.07 0 5 1.00 0 0 0 10.96 0.103 0.579 0.571 
0.941 2 1 1 0 0.4613 0.5228 0.4558 0.0789 0.504848 -1.661500 -0.5198 1 0.6466 1  697 696 1133 2178 2123 1576 872 553  1 1 0 0.96 0 5 1.00 0 0 0 10.96 0.101 0.575 0.581 
0.950 2 1 1 0 0.4661 0.5564 0.4600 0.0813 0.509999 -1.660491 -0.5490 1 0.6164 1  696 700 1213 2190 2118 1530 852 562  1 1 0 0.84 0 5 1.00 0 0 0 10.96 0.101 0.583 0.574 
0.960 2 1 1 0 0.4058 0.5778 0.4643 0.0837 0.515151 -1.659985 -0.5658 1 0.5983 1  683 711 1254 2190 2124 1475 840 575  1 1 0 0.60 0 5 1.00 0 0 0 10.97 0.103 0.565 0.584 
0.970 2 1 1 0 0.4393 0.5630 0.4685 0.0861 0.520302 -1.659186 -0.5988 1 0.5711 1  700 770 1362 2183 2114 1434 843 571  1 1 0 0.54 0 5 1.00 0 0 0 10.96 0.102 0.578 0.566 
0.980 2 1 1 0 0.3759 0.5955 0.4725 0.0884 0.528030 -1.658307 -0.6572 1 0.5201 1  729 851 1471 2178 2075 1354 837 570  1 1 0 0.41 0 5 1.00 0 0 0 10.96 0.101 0.579 0.582 
0.990 2 1 1 0 0.4098 0.5946 0.4767 0.0908 0.538333 -1.658141 -0.7302 1 0.4788 1  729 918 1523 2183 2056 1252 828 569  1 1 0 0.46 0 5 1.00 0 0 0 10.98 0.103 0.583 0.603 
1.000 2 1 1 0 0.3658 0.5064 0.4806 0.0932 0.546060 -1.657975 -0.9614 1 0.4342 1  736 1023 1663 2166 2014 1192 846 581  1 1 0 1.97 0 5 1.00 0 0 0 10.95 0.103 0.602 0.604 
1.010 2 1 1 0 0.2562 0.6414 0.4848 0.0958 0.561515 -1.658019 -1.2342 1 0.3803 1  754 1135 1785 2206 1954 1099 819 578  1 1 0 0.54 0 5 1.00 0 0 0 10.92 0.103 0.601 0.596 
1.020 2 1 1 0 0.2299 0.6953 0.4884 0.0981 0.576969 -1.657655 -1.3154 1 0.2693 1  716 1252 1855 2244 1913 1011 845 554  1 1 0 0.24 0 5 1.00 0 0 0 10.85 0.103 0.605 0.601 
1.030 2 1 1 0 0.0872 0.6764 0.4913 0.1001 0.605302 -1.657652 -1.3342 1 0.3021 1  806 1346 1844 2216 1932 1032 838 587  1 1 0 -0.17 0 5 1.00 0 0 0 10.89 0.103 0.603 0.605 
1.040 2 1 1 0 -0.0436 0.7057 0.4940 0.1019 0.641363 -1.656365 -1.4216 1 0.0201 1  914 1556 1864 2209 1782 801 784 575  1 1 0 -1.44 0 5 1.00 0 0 0 10.95 0.103 0.601 0.602 
1.050 2 1 1 0 0.0637 0.6455 0.4970 0.1042 0.672272 -1.657710 -1.6580 1 -0.1533 1  1068 1804 1878 2169 1611 737 808 583  1 1 0 0.28 0 5 1.00 0 0 0 10.91 0.103 0.592 0.670 
1.060 2 1 1 0 -0.0863 0.7163 0.4993 0.1061 0.710908 -1.656477 -1.9627 1 -0.2299 1  1138 1970 1859 2152 1472 706 763 568  1 1 0 -0.37 0 5 1.00 0 0 0 10.89 0.102 0.592 0.594 
1.070 2 1 1 0 -0.1315 0.8016 0.5015 0.1081 0.749545 -1.657458 -2.0281 1 -0.2676 1  1276 2026 1876 2123 1355 671 750 550  1 1 0 -0.89 0 5 1.00 0 0 0 10.92 0.103 0.591 0.591 
1.080 2 1 1 0 -0.2346 0.7210 0.5034 0.1100 0.795908 -1.656509 -2.0789 1 -0.3485 1  1371 2068 1866 2043 1193 667 776 545  1 1 0 -1.09 0 5 1.00 0 0 0 10.92 0.103 0.612 0.610 
1.090 2 1 1 0 -0.2226 0.6232 0.5051 0.1118 0.839696 -1.656387 -2.0948 1 -0.4397 1  1363 2087 1876 1996 1043 677 757 539  1 1 0 -1.14 0 5 1.00 0 0 0 10.92 0.102 0.605 0.608 
1.100 2 1 1 0 -0.3572 0.7543 0.5063 0.1132 0.893787 -1.655449 -2.0682 1 -0.6282 1  1390 2047 1872 1903 954 670 751 532  1 1 0 -3.29 0 5 1.00 0 0 0 10.97 0.102 0.608 0.612 
1.110 2 1 1 0 -0.2780 0.7887 0.5078 0.1152 0.942726 -1.655782 -2.0849 1 -0.7469 1  1335 2073 1845 1820 917 686 767 544  1 1 0 -2.92 0 5 1.00 0 0 0 10.93 0.102 0.605 0.606 
1.120 2 1 1 0 -0.3330 0.7310 0.5090 0.1169 0.994241 -1.654337 -2.0636 1 -0.7397 1  1342 2034 1850 1838 889 693 723 536  1 1 0 -1.52 0 5 1.00 0 0 0 10.97 0.102 0.606 0.606 
1.130 2 1 1 0 -0.3546 0.8810 0.5103 0.1190 1.048332 -1.653918 -2.0642 1 -0.6967 1  1312 2081 1854 1883 867 709 779 552  1 1 0 -1.46 0 5 1.00 0 0 0 10.97 0.155 0.664 1.053 
1.140 2 1 1 0 -0.2095 0.7696 0.5115 0.1212 1.097270 -1.654110 -2.0188 1 -0.7005 1  1264 1999 1862 1874 938 699 725 529  1 1 0 -2.79 0 5 1.00 0 0 0 10.94 0.103 0.610 0.609 
1.150 2 1 1 0 -0.2309 0.8379 0.5126 0.1236 1.143633 -1.653591 -1.9519 1 -0.5188 1  1201 1935 1885 1981 1027 689 783 532  1 1 0 -1.45 0 5 1.00 0 0 0 10.94 0.101 0.605 0.601 
1.160 2 1 1 0 -0.2535 0.6985 0.5136 0.1258 1.192572 -1.653214 -1.6978 1 -0.3388 1  1095 1777 1880 2082 1183 702 808 560  1 1 0 -2.95 0 5 1.00 0 0 0 10.94 0.103 0.611 0.614 
1.170 2 1 1 0 -0.1149 0.7928 0.5147 0.1289 1.233783 -1.654080 -1.5114 1 -0.2615 1  952 1639 1871 2162 1282 711 801 532  1 1 0 -3.11 0 5 1.00 0 0 0 10.97 0.102 0.616 0.623 
1.180 2 1 1 0 -0.1695 0.7998 0.5157 0.1317 1.277571 -1.653968 -1.4074 1 -0.2085 1  855 1518 1858 2194 1415 718 801 550  1 1 0 -2.87 0 5 1.00 0 0 0 10.97 0.102 0.613 0.615 
1.190 2 1 1 0 -0.1347 0.8322 0.5166 0.1351 1.321358 -1.653589 -1.3290 1 -0.1633 1  814 1343 1828 2197 1559 750 802 565  1 1 0 -2.90 0 5 1.00 0 0 0 10.95 0.102 0.613 0.617 
1.200 2 1 1 0 -0.1420 0.6549 0.5173 0.1380 1.365145 -1.652610 -1.2831 1 -0.1095 1  805 1279 1798 2204 1655 800 832 585  1 1 0 -2.93 0 5 1.00 0 0 0 10.97 0.102 0.613 0.613 
1.211 2 1 1 0 0.0979 0.8080 0.5180 0.1420 1.403781 -1.653046 -1.1537 1 0.0394 1  791 1095 1669 2156 1864 943 810 585  1 1 0 -2.34 0 5 1.00 0 0 0 10.96 0.110 0.615 0.616 
1.220 2 1 1 0 0.2013 0.7422 0.5187 0.1465 1.426962 -1.654515 -0.7093 1 0.4403 1  788 926 1489 2180 2047 1181 802 557  1 1 0 -2.83 0 5 1.00 0 0 0 10.96 0.102 0.613 0.613 
1.230 2 1 1 0 -0.0808 0.6859 0.5192 0.1500 1.465597 -1.654664 -0.6184 1 0.5610 1  780 841 1326 2214 2143 1361 836 578  1 1 0 -2.50 0 5 1.00 0 0 0 10.85 0.102 0.591 0.591 
1.240 2 1 1 0 0.0566 0.7021 0.5195 0.1538 1.496506 -1.656471 -0.5485 1 0.6059 1  754 765 1223 2159 2134 1491 872 555  1 1 0 -2.58 0 5 1.00 0 0 0 10.92 0.101 0.589 0.590 
1.250 2 1 1 0 0.0309 0.6824 0.5197 0.1575 1.527414 -1.658141 -0.5178 1 0.7428 1  758 746 1084 2180 2168 1682 1062 547  1 1 0 -1.58 0 5 1.00 0 0 0 10.91 0.102 0.593 0.593 
1.260 2 1 1 0 0.1278 0.5989 0.5198 0.1613 1.553171 -1.660335 -0.4162 1 1.2177 1  763 751 930 2072 2178 1942 1361 606  1 1 0 -0.96 0 5 1.00 0 0 0 10.93 0.101 0.595 0.596 
1.270 2 1 1 0 0.2215 0.5912 0.5199 0.1657 1.573776 -1.661552 -0.0617 1 1.3283 1  803 769 801 1879 2142 2009 1516 583  1 1 0 -1.56 0 5 1.00 0 0 0 10.91 0.101 0.586 0.582 
1.280 2 1 1 0 0.2585 0.5158 0.5198 0.1697 1.586654 -1.662550 0.1408 1 1.4665 1  796 771 698 1662 2120 2058 1721 644  1 1 0 -1.04 0 5 1.00 0 0 0 10.92 0.103 0.593 0.596 
1.290 2 1 1 0 0.3467 0.5925 0.5197 0.1740 1.602108 -1.664108 0.1833 1 1.5983 1  825 794 710 1515 2133 2043 1840 706  1 1 0 -0.29 0 5 1.00 0 0 0 10.91 0.102 0.591 0.594 
1.300 2 1 1 0 0.4008 0.6158 0.5195 0.1792 1.614986 -1.665452 0.2849 1 1.4913 1  879 882 739 1436 2042 1986 1838 749  1 1 0 -0.46 0 5 1.00 0 0 0 10.94 0.111 0.606 0.602 
1.310 2 1 1 0 0.3635 0.5140 0.5193 0.1840 1.620137 -1.665991 0.3033 1 1.8342 1  888 897 779 1324 2033 2000 1961 890  1 1 0 2.37 0 5 1.00 0 0 0 10.94 0.103 0.591 0.589 
1.320 2 1 1 0 0.4484 0.5847 0.5190 0.1889 1.625289 -1.666600 0.3567 1 1.9536 1  901 896 785 1263 1982 2035 2017 978  1 1 0 1.32 0 5 1.00 0 0 0 10.95 0.102 0.589 0.634 
1.330 2 1 1 0 0.5110 0.4713 0.5188 0.1940 1.622713 -1.667834 0.5482 1 2.0320 1  903 879 804 1198 1912 2009 2098 1025  1 1 0 1.33 0 5 1.00 0 0 0 10.93 0.104 0.591 0.593 
1.340 2 1 1 0 0.5263 0.4635 0.5185 0.1989 1.622713 -1.668491 0.6547 1 2.0877 1  906 902 788 1111 1852 2035 2135 1075  1 1 0 1.05 0 5 1.00 0 0 0 10.91 0.102 0.595 0.592 
1.350 2 1 1 0 0.6027 0.4037 0.5183 0.2040 1.609835 -1.669179 0.8411 1 2.0854 1  930 912 771 1064 1772 1972 2121 1103  1 1 0 0.29 0 5 1.00 0 0 0 10.92 0.102 0.614 0.622 
1.360 2 1 1 0 0.6200 0.4646 0.5181 0.2089 1.604683 -1.669976 0.9333 1 2.0530 1  949 917 782 1020 1684 1952 2069 1139  1 1 0 -0.02 0 5 1.00 0 0 0 10.90 0.101 0.613 0.614 
1.370 2 1 1 0 0.5995 0.4101 0.5180 0.2140 1.591805 -1.671016 0.9321 1 2.1650 1  924 907 802 1023 1646 1974 2156 1229  1 1 0 1.21 0 5 1.00 0 0 0 10.91 0.102 0.612 0.617 
1.380 2 1 1 0 0.6794 0.3445 0.5179 0.2192 1.578926 -1.672385 0.9345 1 2.1549 1  905 917 804 1016 1648 1977 2130 1218  1 1 0 -0.48 0 5 1.00 0 0 0 10.93 0.103 0.615 0.622 
1.390 2 1 1 0 0.5703 0.3420 0.5179 0.2238 1.566048 -1.673632 0.9173 1 2.1606 1  884 858 778 968 1614 1993 2129 1239  1 1 0 -0.06 0 5 1.00 0 0 0 10.92 0.103 0.616 0.613 
1.400 2 1 1 0 0.6905 0.3281 0.5179 0.2292 1.550594 -1.675114 0.9535 1 2.1196 1  809 815 780 968 1607 1963 2093 1219  1 1 0 -0.73 0 5 1.00 0 0 0 10.95 0.178 0.690 1.076 
1.410 2 1 1 0 0.7307 0.3386 0.5181 0.2343 1.532564 -1.676765 0.9527 1 2.0945 1  820 775 665 911 1595 1976 2082 1209  1 1 0 -0.27 0 5 1.00 0 0 0 10.94 0.103 0.612 0.615 
1.420 2 1 1 0 0.6397 0.3555 0.5183 0.2394 1.514535 -1.677873 0.9591 1 2.0868 1  898 863 710 820 1567 1976 2082 1191  1 1 0 -0.51 0 5 1.00 0 0 0 10.94 0.103 0.616 0.615 
1.430 2 1 1 0 0.7364 0.3193 0.5187 0.2446 1.496504 -1.678600 0.9294 1 2.0788 1  853 853 714 901 1620 1986 2084 1170  1 1 0 -0.75 0 5 1.00 0 0 0 10.97 0.101 0.614 0.614 
1.440 2 1 1 0 0.7663 0.3456 0.5191 0.2502 1.478474 -1.678795 0.9090 1 2.0766 1  872 839 747 951 1648 1988 2089 1166  1 1 0 -0.74 0 5 1.00 0 0 0 10.95 0.109 0.626 0.614 
1.450 2 1 1 0 0.6921 0.3176 0.5196 0.2553 1.460445 -1.680315 0.9205 1 2.0620 1  828 814 716 970 1682 1963 2083 1150  1 1 0 -0.82 0 5 1.00 0 0 0 10.93 0.102 0.613 0.629 
1.460 2 1 1 0 0.6721 0.2923 0.5203 0.2604 1.442415 -1.681886 0.8783 1 2.0479 1  784 748 681 991 1757 1970 2070 1145  1 1 0 -0.38 0 5 1.00 0 0 0 10.96 0.103 0.615 0.616 
1.470 2 1 1 0 0.7670 0.3025 0.5209 0.2653 1.421810 -1.683432 0.7521 1 2.0220 1  750 719 674 1022 1846 1994 2053 1129  1 1 0 -0.07 0 5 1.00 0 0 0 10.98 0.101 0.613 0.626 
1.481 2 1 1 0 0.6993 0.3504 0.5218 0.2706 1.401205 -1.684481 0.5940 1 2.0118 1  754 697 649 1025 1926 2013 2027 1085  1 1 0 -0.31 0 5 1.00 0 0 0 10.95 0.104 0.602 0.603 
1.490 2 1 1 0 0.6628 0.3730 0.5227 0.2759 1.385751 -1.686080 0.3373 1 1.9721 1  784 717 644 1128 2029 1998 2017 1037  1 1 0 0.15 0 5 1.00 0 0 0 10.95 0.102 0.592 0.610 
1.500 2 1 1 0 0.6177 0.3958 0.5237 0.2810 1.372872 -1.685756 0.2935 1 1.9087 1  771 700 640 1208 2073 1975 1978 962  1 1 0 0.12 0 5 1.00 0 0 0 10.97 0.111 0.603 0.596 
1.510 2 1 1 0 0.6020 0.4041 0.5248 0.2863 1.362569 -1.687614 0.2498 1 1.5674 1  790 745 659 1313 2114 1976 1875 845  1 1 0 -0.44 0 5 1.00 0 0 0 10.98 0.103 0.591 0.596 
1.520 2 1 1 0 0.6195 0.4115 0.5260 0.2916 1.352267 -1.687516 0.2175 1 1.3909 1  794 784 698 1426 2134 1965 1733 713  1 1 0 -0.59 0 5 1.00 0 0 0 10.97 0.103 0.593 0.602 
1.530 2 1 1 0 0.6234 0.3206 0.5270 0.2963 1.341964 -1.688939 0.1921 1 1.3376 1  769 800 719 1538 2116 1957 1660 658  1 1 0 -0.09 0 5 1.00 0 0 0 10.98 0.103 0.594 0.600 
1.540 2 1 1 0 0.6174 0.3715 0.5282 0.3010 1.326510 -1.690385 0.1572 1 1.3124 1  760 760 737 1653 2136 1958 1624 635  1 1 0 0.59 0 5 1.00 0 0 0 10.97 0.102 0.589 0.594 
1.550 2 1 1 0 0.5936 0.4108 0.5295 0.3060 1.318783 -1.689408 0.0456 1 1.2616 1  807 746 810 1812 2131 1932 1531 616  1 1 0 -0.23 0 5 1.00 0 0 0 10.98 0.102 0.594 0.594 
1.560 2 1 1 0 0.5805 0.4014 0.5307 0.3107 1.308481 -1.689744 -0.0031 1 1.1739 1  852 803 919 1893 2085 1879 1422 617  1 1 0 0.02 0 5 1.00 0 0 0 10.98 0.102 0.592 0.592 
1.570 2 1 1 0 0.5708 0.3920 0.5320 0.3157 1.305905 -1.689773 0.0271 1 0.9039 1  873 820 972 1887 2083 1798 1303 590  1 1 0 -0.15 0 5 1.00 0 0 0 10.98 0.103 0.591 0.592 
1.580 2 1 1 0 0.5889 0.4099 0.5334 0.3206 1.298178 -1.689575 -0.4152 1 0.5507 1  861 863 1060 2086 2014 1689 1135 608  1 1 0 1.50 0 5 1.00 0 0 0 10.97 0.102 0.589 0.589 
1.590 2 1 1 0 0.4981 0.5260 0.5349 0.3258 1.298178 -1.688304 -0.5708 1 0.5567 1  840 870 1210 2226 2053 1586 1006 588  1 1 0 1.32 0 5 1.00 0 0 0 10.95 0.103 0.590 0.658 
1.600 2 1 1 0 0.5220 0.4754 0.5362 0.3305 1.298178 -1.687829 -0.6344 1 0.5444 1  838 937 1355 2224 2070 1529 903 581  1 1 0 1.21 0 5 1.00 0 0 0 10.94 0.101 0.591 0.593 
1.610 2 1 1 0 0.5098 0.6266 0.5376 0.3355 1.300754 -1.686755 -0.8060 1 0.5424 1  844 1067 1615 2186 2086 1468 864 585  1 1 0 2.59 0 5 1.00 0 0 0 10.96 0.102 0.612 0.612 
1.620 2 1 1 0 0.3861 0.5393 0.5389 0.3404 1.308481 -1.685263 -1.2165 1 0.4725 1  837 1224 1759 2171 2021 1379 878 532  1 1 0 1.32 0 5 1.00 0 0 0 10.89 0.103 0.609 0.603 
1.630 2 1 1 0 0.2389 0.6126 0.5401 0.3449 1.321359 -1.683567 -1.3014 1 0.3932 1  882 1330 1819 2186 1963 1263 896 603  1 1 0 0.86 0 5 1.00 0 0 0 10.80 0.102 0.616 0.616 
1.640 2 1 1 0 0.0545 0.6338 0.5409 0.3483 1.349691 -1.682274 -1.3257 1 0.0426 1  921 1437 1799 2166 1832 1060 887 646  1 1 0 -0.13 0 5 1.00 0 0 0 10.86 0.103 0.612 0.614 
1.650 2 1 1 0 0.0272 0.6594 0.5416 0.3515 1.380599 -1.680446 -1.3632 1 -0.1613 1  1008 1512 1807 2132 1680 875 829 622  1 1 0 -0.59 0 5 1.00 0 0 0 10.92 0.102 0.612 0.616 
1.660 2 1 1 0 0.0226 0.6664 0.5422 0.3552 1.411507 -1.679109 -1.4265 1 -0.2208 1  1174 1693 1799 2120 1612 869 848 607  1 1 0 0.12 0 5 1.00 0 0 0 10.92 0.102 0.613 0.612 
1.670 2 1 1 0 0.0226 0.7821 0.5427 0.3587 1.444991 -1.677323 -1.7386 1 -0.2451 1  1277 1877 1762 2116 1540 771 841 628  1 1 0 2.55 0 5 1.00 0 0 0 10.86 0.166 0.668 1.068 
1.680 2 1 1 0 -0.0246 0.6532 0.5431 0.3619 1.481051 -1.676100 -1.9895 1 -0.2808 1  1333 1968 1820 2092 1504 846 831 586  1 1 0 -0.13 0 5 1.00 0 0 0 10.82 0.103 0.605 0.606 
1.690 2 1 1 0 -0.1907 0.7445 0.5432 0.3643 1.524839 -1.674719 -1.9933 1 -0.3328 1  1298 1968 1778 2056 1413 795 825 570  1 1 0 -0.98 0 5 1.00 0 0 0 10.86 0.101 0.603 0.608 
1.700 2 1 1 0 -0.1497 0.6285 0.5433 0.3670 1.566050 -1.673193 -1.9058 1 -0.3717 1  1247 1878 1800 2028 1331 755 817 597  1 1 0 -1.79 0 5 1.00 0 0 0 10.90 0.103 0.605 0.610 
1.710 2 1 1 0 -0.1132 0.7010 0.5433 0.3703 1.607262 -1.671349 -1.7932 1 -0.5715 1  1382 1856 1829 1968 1270 819 842 580  1 1 0 -1.63 0 5 1.00 0 0 0 10.90 0.102 0.606 0.610 
1.720 2 1 1 0 -0.0908 0.7353 0.5431 0.3733 1.645897 -1.669917 -1.7691 1 -0.5675 1  1358 1860 1779 1986 1238 730 830 581  1 1 0 -3.61 0 5 1.00 0 0 0 10.91 0.102 0.605 0.613 
1.730 2 1 1 0 -0.1202 0.8168 0.5428 0.3765 1.687109 -1.667565 -1.6541 1 -0.5543 1  1325 1847 1754 1998 1232 757 813 576  1 1 0 -2.19 0 5 1.00 0 0 0 10.93 0.103 0.603 0.616 
1.740 2 1 1 0 -0.0911 0.6640 0.5424 0.3797 1.723168 -1.666516 -1.7277 1 -0.3643 1  1264 1866 1738 2061 1232 783 835 541  1 1 0 -0.58 0 5 1.00 0 0 0 10.91 0.102 0.600 0.610 
1.751 2 1 1 0 -0.1750 0.7081 0.5419 0.3826 1.766956 -1.665499 -1.5924 1 -0.3784 1  1191 1829 1745 2037 1297 778 822 579  1 1 0 -4.27 0 5 1.00 0 0 0 10.93 0.102 0.602 0.616 
1.760 2 1 1 0 -0.0805 0.8052 0.5412 0.3855 1.805591 -1.665218 -1.4643 1 -0.3519 1  1105 1750 1766 2048 1325 767 816 582  1 1 0 -2.62 0 5 1.00 0 0 0 10.92 0.102 0.611 0.621 
1.770 2 1 1 0 -0.0534 0.6870 0.5404 0.3889 1.844227 -1.664816 -1.4687 1 -0.2796 1  995 1646 1841 2120 1384 770 823 588  1 1 0 -2.04 0 5 1.00 0 0 0 10.96 0.103 0.610 0.623 
1.780 2 1 1 0 -0.0850 0.8323 0.5393 0.3923 1.882863 -1.663906 -1.4273 1 -0.2202 1  902 1530 1862 2168 1454 769 852 586  1 1 0 -2.68 0 5 1.00 0 0 0 10.97 0.103 0.618 0.615 
1.790 2 1 1 0 -0.1011 0.7772 0.5383 0.3954 1.924074 -1.662921 -1.3722 1 -0.1712 1  823 1409 1858 2172 1558 755 796 566  1 1 0 -2.73 0 5 1.00 0 0 0 10.97 0.102 0.616 0.623 
1.800 2 1 1 0 -0.0823 0.8004 0.5371 0.3984 1.965285 -1.662521 -1.3358 1 -0.1033 1  842 1345 1844 2216 1645 774 779 572  1 1 0 -2.55 0 5 1.00 0 0 0 10.98 0.102 0.622 0.626 
1.810 2 1 1 0 -0.0739 0.7154 0.5357 0.4016 2.003921 -1.662429 -1.2931 1 -0.0266 1  854 1250 1813 2229 1749 830 800 571  1 1 0 -2.20 0 5 1.00 0 0 0 10.97 0.101 0.613 0.613 
1.820 2 1 1 0 -0.0580 0.8353 0.5341 0.4048 2.042557 -1.663479 -1.2121 1 0.1107 1  839 1172 1738 2178 1900 1013 779 582  1 1 0 -2.03 0 5 1.00 0 0 0 10.91 0.101 0.613 0.616 
1.830 2 1 1 0 0.2667 0.7381 0.5319 0.4091 2.068315 -1.663843 -0.8394 1 0.4435 1  813 1005 1567 2211 2040 1171 803 565  1 1 0 -2.31 0 5 1.00 0 0 0 10.95 0.101 0.613 0.616 
1.840 2 1 1 0 0.0792 0.7432 0.5298 0.4129 2.099224 -1.665424 -0.6767 1 0.5151 1  780 860 1414 2212 2100 1286 812 551  1 1 0 -2.69 0 5 1.00 0 0 0 10.92 0.102 0.595 0.602 
1.850 2 1 1 0 0.0954 0.7086 0.5278 0.4161 2.124982 -1.666722 -0.5931 1 0.5602 1  786 809 1309 2200 2140 1368 815 562  1 1 0 -1.87 0 5 1.00 0 0 0 10.87 0.109 0.596 0.602 
1.860 2 1 1 0 0.1586 0.6844 0.5256 0.4195 2.153316 -1.665408 -0.5800 1 0.6289 1  773 808 1226 2220 2140 1544 879 586  1 1 0 -1.26 0 5 1.00 0 0 0 10.95 0.102 0.601 0.631 
1.870 2 1 1 0 0.2381 0.6528 0.5230 0.4233 2.176498 -1.667177 -0.5425 1 0.7743 1  788 808 1148 2193 2178 1695 1048 578  1 1 0 -0.71 0 5 1.00 0 0 0 10.95 0.101 0.591 0.594 
1.880 2 1 1 0 0.1799 0.6538 0.5205 0.4269 2.197104 -1.681913 -0.5093 1 1.1393 1  797 796 1069 2170 2210 1875 1248 579  1 1 0 0.22 0 5 1.00 0 0 0 10.95 0.102 0.595 0.602 
1.890 2 1 1 0 0.3454 0.6346 0.5178 0.4306 2.220286 -1.682183 -0.4084 1 1.3063 1  798 780 966 2043 2206 2018 1418 601  1 1 0 -0.02 0 5 1.00 0 0 0 10.96 0.102 0.593 0.593 
1.900 2 1 1 0 0.3584 0.6101 0.5150 0.4342 2.233165 -1.682585 -0.1250 1 1.3720 1  816 792 792 1889 2193 2049 1527 635  1 1 0 -0.79 0 5 1.00 0 0 0 10.94 0.103 0.605 0.602 
1.910 2 1 1 0 0.3305 0.5464 0.5120 0.4380 2.243469 -1.681694 0.0343 1 1.4439 1  799 817 734 1739 2202 2064 1658 639  1 1 0 -0.25 0 5 1.00 0 0 0 10.94 0.103 0.589 0.591 
1.920 2 1 1 0 0.3728 0.5088 0.5093 0.4414 2.253772 -1.682899 0.1380 1 1.5534 1  809 804 708 1572 2164 2056 1809 736  1 1 0 0.72 0 5 1.00 0 0 0 10.95 0.102 0.604 0.596 
1.930 2 1 1 0 0.4389 0.5249 0.5058 0.4456 2.258924 -1.683496 0.1979 1 1.9057 1  831 802 693 1444 2140 2061 1985 871  1 1 0 1.30 0 5 1.00 0 0 0 10.97 0.101 0.591 0.594 
1.940 2 1 1 0 0.4687 0.5756 0.5027 0.4493 2.264076 -1.684781 0.2784 1 2.0413 1  806 764 678 1277 2070 2051 2131 994  1 1 0 1.56 0 5 1.00 0 0 0 10.95 0.145 0.642 1.046 
1.950 2 1 1 0 0.5502 0.4801 0.4996 0.4531 2.264076 -1.686757 0.4359 1 2.1045 1  806 784 679 1096 1927 2045 2162 1060  1 1 0 0.85 0 5 1.00 0 0 0 10.96 0.103 0.604 0.605 
1.960 2 1 1 0 0.5190 0.4376 0.4965 0.4568 2.264076 -1.687045 0.7545 1 2.1146 1  804 766 686 968 1790 2010 2136 1121  1 1 0 0.36 0 5 1.00 0 0 0 10.93 0.102 0.625 0.623 
1.970 2 1 1 0 0.5969 0.4254 0.4934 0.4606 2.258924 -1.687835 0.9285 1 2.0174 1  780 806 700 848 1673 1960 2041 1091  1 1 0 0.03 0 5 1.00 0 0 0 10.94 0.102 0.624 0.616 
1.980 2 1 1 0 0.4813 0.3795 0.4902 0.4645 2.251196 -1.689183 0.9567 1 2.1239 1  812 824 661 873 1573 1978 2159 1161  1 1 0 1.25 0 5 1.00 0 0 0 10.94 0.103 0.616 0.622 
1.990 2 1 1 0 0.6779 0.3938 0.4871 0.4683 2.240893 -1.689661 0.9948 1 2.1771 1  799 775 649 851 1495 1965 2142 1266  1 1 0 0.31 0 5 1.00 0 0 0 10.96 0.103 0.623 0.623 
2.000 2 1 1 0 0.6135 0.3784 0.4841 0.4722 2.230590 -1.690779 0.9826 1 2.1726 1  774 799 652 851 1544 1966 2163 1208  1 1 0 0.31 0 5 1.00 0 0 0 10.94 0.102 0.615 0.629 
2.010 2 1 1 0 0.6630 0.3450 0.4810 0.4763 2.212560 -1.691442 0.8971 1 2.1109 1  794 771 674 858 1604 2023 2124 1146  1 1 0 0.19 0 5 1.00 0 0 0 10.97 0.102 0.611 0.630 
2.021 2 1 1 0 0.6949 0.3622 0.4783 0.4800 2.199681 -1.692862 0.8542 1 2.0700 1  812 777 676 879 1679 2025 2112 1086  1 1 0 -0.07 0 5 1.00 0 0 0 10.97 0.103 0.631 0.623 
2.030 2 1 1 0 0.6389 0.3061 0.4753 0.4842 2.181650 -1.693539 0.8337 1 2.0600 1  796 813 667 904 1742 2011 2106 1043  1 1 0 -0.10 0 5 1.00 0 0 0 10.96 0.103 0.622 0.615 
2.040 2 1 1 0 0.6753 0.3679 0.4725 0.4882 2.166196 -1.694441 0.6646 1 2.0366 1  826 799 671 1027 1855 2041 2097 1013  1 1 0 0.07 0 5 1.00 0 0 0 10.97 0.102 0.602 0.596 
2.050 2 1 1 0 0.6223 0.3457 0.4698 0.4922 2.155892 -1.695055 0.3532 1 1.9689 1  836 826 727 1167 2008 2018 2025 989  1 1 0 0.16 0 5 1.00 0 0 0 10.96 0.102 0.591 0.592 
2.060 2 1 1 0 0.6532 0.4205 0.4670 0.4965 2.143013 -1.695855 0.2907 1 1.7382 1  855 861 741 1250 2068 2040 1897 849  1 1 0 -1.22 0 5 1.00 0 0 0 10.95 0.103 0.606 0.606 
2.070 2 1 1 0 0.6611 0.4266 0.4641 0.5011 2.132710 -1.696534 0.2282 1 1.5581 1  862 867 704 1386 2131 2027 1817 784  1 1 0 -0.03 0 5 1.00 0 0 0 10.95 0.108 0.602 0.605 
2.080 2 1 1 0 0.6621 0.3809 0.4614 0.5054 2.124982 -1.695703 0.1988 1 1.4904 1  911 856 723 1470 2142 2007 1771 722  1 1 0 -0.20 0 5 1.00 0 0 0 10.97 0.102 0.602 0.601 
2.090 2 1 1 0 0.5972 0.4164 0.4587 0.5098 2.112103 -1.696070 0.1497 1 1.4679 1  906 900 766 1600 2151 2036 1714 715  1 1 0 0.03 0 5 1.00 0 0 0 10.94 0.103 0.595 0.594 
2.100 2 1 1 0 0.6039 0.3476 0.4564 0.5138 2.099224 -1.695079 0.1048 1 1.3617 1  948 964 849 1713 2138 1986 1633 698  1 1 0 0.25 0 5 1.00 0 0 0 10.96 0.101 0.603 0.602 
2.110 2 1 1 0 0.5893 0.3480 0.4538 0.5182 2.091496 -1.694268 0.0529 1 1.2974 1  951 953 917 1816 2126 1957 1549 671  1 1 0 0.34 0 5 1.00 0 0 0 10.97 0.103 0.602 0.605 
2.120 2 1 1 0 0.5648 0.4173 0.4512 0.5227 2.083768 -1.693573 -0.1953 1 1.2039 1  992 979 1018 1969 2160 1901 1430 660  1 1 0 1.09 0 5 1.00 0 0 0 10.97 0.101 0.591 0.602 
2.130 2 1 1 0 0.4914 0.5439 0.4489 0.5269 2.083768 -1.693410 -0.4661 1 1.0390 1  998 1013 1078 2122 2171 1824 1280 661  1 1 0 0.14 0 5 1.00 0 0 0 10.95 0.103 0.596 0.646 
2.140 2 1 1 0 0.4650 0.4543 0.4465 0.5312 2.083768 -1.692897 -0.5266 1 0.8555 1  973 978 1178 2178 2181 1736 1203 662  1 1 0 0.75 0 5 1.00 0 0 0 10.96 0.102 0.590 0.594 
2.150 2 1 1 0 0.4606 0.5258 0.4441 0.5354 2.083768 -1.692309 -0.6155 1 0.7436 1  952 1004 1311 2235 2141 1671 1069 659  1 1 0 1.60 0 5 1.00 0 0 0 10.97 0.103 0.591 0.593 
2.160 2 1 1 0 0.4923 0.5668 0.4416 0.5399 2.086344 -1.691829 -0.7607 1 0.6811 1  973 1157 1531 2237 2148 1592 1025 663  1 1 0 1.55 0 5 1.00 0 0 0 10.95 0.101 0.613 0.615 
2.170 2 1 1 0 0.3928 0.5994 0.4391 0.5441 2.091496 -1.691134 -1.2204 1 0.6569 1  924 1306 1760 2173 2167 1538 999 646  1 1 0 1.90 0 5 1.00 0 0 0 10.95 0.103 0.613 0.624 
2.180 2 1 1 0 0.2012 0.5566 0.4368 0.5481 2.109527 -1.689317 -1.3474 1 0.5317 1  1006 1466 1828 2217 2081 1358 911 672  1 1 0 1.16 0 5 1.00 0 0 0 10.90 0.102 0.614 0.615 
2.190 2 1 1 0 0.0577 0.6356 0.4350 0.5511 2.137860 -1.688453 -1.5029 1 0.1206 1  1135 1694 1883 2222 1833 1083 1068 676  1 1 0 -1.25 0 5 1.00 0 0 0 10.94 0.102 0.612 0.609 
2.200 2 1 1 0 0.0279 0.6670 0.4332 0.5538 2.168770 -1.687546 -1.9052 1 -0.1359 1  1322 1913 1898 2146 1707 992 965 675  1 1 0 1.08 0 5 1.00 0 0 0 10.89 0.102 0.608 0.613 
2.210 2 1 1 0 -0.0220 0.6535 0.4313 0.5564 2.204831 -1.687076 -2.0495 1 -0.2912 1  1407 2029 1919 2071 1507 894 967 663  1 1 0 -0.17 0 5 1.00 0 0 0 10.86 0.146 0.648 1.050 
2.220 2 1 1 0 -0.1832 0.7016 0.4299 0.5584 2.243467 -1.685949 -2.0713 1 -0.2969 1  1452 2036 1874 2091 1440 849 941 676  1 1 0 -0.58 0 5 1.00 0 0 0 10.90 0.103 0.612 0.610 
2.230 2 1 1 0 -0.1434 0.7068 0.4279 0.5607 2.287254 -1.685117 -2.1022 1 -0.4779 1  1472 2058 1842 1981 1252 836 913 714  1 1 0 -2.08 0 5 1.00 0 0 0 10.89 0.101 0.602 0.605 
2.240 2 1 1 0 -0.1778 0.6519 0.4259 0.5628 2.331041 -1.683208 -2.1223 1 -0.7300 1  1491 2050 1845 1835 1068 854 935 631  1 1 0 -2.44 0 5 1.00 0 0 0 10.89 0.109 0.611 0.594 
2.250 2 1 1 0 -0.1331 0.8044 0.4240 0.5648 2.372253 -1.681368 -2.1246 1 -0.8229 1  1602 2035 1831 1770 964 861 933 624  1 1 0 -0.99 0 5 1.00 0 0 0 10.82 0.103 0.624 0.629 
2.260 2 1 1 0 -0.2813 0.7550 0.4222 0.5664 2.416041 -1.679384 -2.1362 1 -0.8636 1  1620 2043 1807 1728 908 820 929 639  1 1 0 -1.46 0 5 1.00 0 0 0 10.89 0.102 0.614 0.629 
2.270 2 1 1 0 -0.2560 0.6725 0.4206 0.5678 2.467555 -1.677660 -2.0724 1 -0.9137 1  1643 1967 1803 1674 946 842 957 675  1 1 0 -2.78 0 5 1.00 0 0 0 10.90 0.103 0.623 0.628 
2.280 2 1 1 0 -0.2638 0.7507 0.4184 0.5695 2.513917 -1.676391 -2.1246 1 -0.9310 1  1666 2006 1804 1649 963 804 917 665  1 1 0 -1.91 0 5 1.00 0 0 0 10.86 0.101 0.622 0.623 
2.291 2 1 1 0 -0.3743 0.7384 0.4171 0.5704 2.565431 -1.674074 -2.1729 1 -0.9001 1  1669 2051 1834 1636 901 834 882 630  1 1 0 -1.27 0 5 1.00 0 0 0 10.89 0.102 0.623 0.630 
2.300 2 1 1 0 -0.2515 0.7841 0.4150 0.5716 2.614368 -1.674358 -2.1732 1 -0.9174 1  1678 2053 1806 1648 906 852 885 629  1 1 0 -2.16 0 5 1.00 0 0 0 10.87 0.103 0.626 0.623 
2.310 2 1 1 0 -0.3503 0.7303 0.4129 0.5728 2.663307 -1.673369 -2.1985 1 -0.9496 1  1662 2076 1770 1662 853 804 860 639  1 1 0 -2.96 0 5 1.00 0 0 0 10.88 0.103 0.626 0.623 
2.320 2 1 1 0 -0.3221 0.8448 0.4109 0.5738 2.714820 -1.673957 -2.1770 1 -0.8968 1  1630 2070 1813 1688 897 817 857 597  1 1 0 -3.04 0 5 1.00 0 0 0 10.89 0.103 0.630 0.623 
2.330 2 1 1 0 -0.3406 0.7609 0.4092 0.5745 2.768910 -1.673580 -2.1877 1 -0.7998 1  1607 2102 1851 1786 947 792 858 623  1 1 0 -2.43 0 5 1.00 0 0 0 10.91 0.103 0.623 0.628 
2.340 2 1 1 0 -0.2434 0.7458 0.4072 0.5752 2.820425 -1.673779 -2.1853 1 -0.6665 1  1561 2118 1879 1914 1011 788 851 566  1 1 0 -2.15 0 5 1.00 0 0 0 10.82 0.103 0.626 0.625 
2.350 2 1 1 0 -0.3808 0.8044 0.4048 0.5759 2.874514 -1.674156 -2.1312 1 -0.4456 1  1507 2075 1845 2018 1138 793 838 602  1 1 0 -1.70 0 5 1.00 0 0 0 10.93 0.104 0.625 0.623 
2.360 2 1 1 0 -0.3325 0.7941 0.4030 0.5764 2.928604 -1.674848 -2.0912 1 -0.3308 1  1471 2040 1858 2081 1269 814 815 617  1 1 0 -2.86 0 5 1.00 0 0 0 10.92 0.103 0.626 0.626 
2.370 2 1 1 0 -0.2810 0.8168 0.4003 0.5769 2.980117 -1.675455 -2.0277 1 -0.2846 1  1430 1984 1914 2109 1376 771 830 556  1 1 0 -3.05 0 5 1.00 0 0 0 10.89 0.103 0.622 0.616 
2.380 2 1 1 0 -0.2637 0.7617 0.3982 0.5772 3.031632 -1.676432 -1.8405 1 -0.2315 1  1292 1852 1836 2151 1453 751 822 597  1 1 0 -4.28 0 5 1.00 0 0 0 10.90 0.103 0.625 0.628 
2.390 2 1 1 0 -0.2597 0.7709 0.3952 0.5774 3.080569 -1.677861 -1.5280 1 -0.2056 1  1176 1683 1850 2166 1510 801 860 566  1 1 0 -4.91 0 5 1.00 0 0 0 10.95 0.103 0.631 0.631 
2.400 2 1 1 0 -0.1877 0.8032 0.3925 0.5775 3.126932 -1.679350 -1.4416 1 -0.1703 1  1027 1566 1856 2178 1574 848 873 596  1 1 0 -3.29 0 5 1.00 0 0 0 10.94 0.102 0.630 0.715 
2.410 2 1 1 0 -0.1673 0.7492 0.3893 0.5775 -3.109890 -1.679021 -1.3924 1 -0.1055 1  975 1499 1849 2212 1653 883 882 607  1 1 0 -3.02 0 5 1.00 0 0 0 10.95 0.102 0.626 0.632 
2.420 2 1 1 0 -0.1786 0.8025 0.3863 0.5774 -3.066102 -1.680505 -1.3610 1 -0.0180 1  998 1427 1843 2234 1754 869 841 589  1 1 0 -2.13 0 5 1.00 0 0 0 10.96 0.102 0.632 0.632 
2.430 2 1 1 0 -0.0740 0.8292 0.3828 0.5770 -3.022315 -1.681833 -1.2404 1 0.1582 1  952 1310 1745 2215 1896 1017 870 597  1 1 0 -2.29 0 5 1.00 0 0 0 10.98 0.102 0.626 0.636 
2.440 2 1 1 0 0.2818 0.7580 0.3780 0.5763 -2.991406 -1.682813 -0.9169 1 0.4726 1  963 1109 1604 2204 2076 1213 872 614  1 1 0 -2.66 0 5 1.00 0 0 0 10.93 0.103 0.635 0.629 
2.450 2 1 1 0 0.0898 0.7234 0.3740 0.5757 -2.963073 -1.689170 -0.7187 1 0.5666 1  954 1014 1461 2221 2152 1356 907 598  1 1 0 -2.82 0 5 1.00 0 0 0 10.95 0.101 0.628 0.614 
2.460 2 1 1 0 0.0338 0.7127 0.3703 0.5749 -2.927013 -1.690702 -0.6256 1 0.6261 1  925 979 1329 2217 2158 1494 960 605  1 1 0 -2.32 0 5 1.00 0 0 0 10.89 0.101 0.603 0.610 
2.470 2 1 1 0 0.0982 0.6767 0.3663 0.5740 -2.898679 -1.691472 -0.5881 1 0.6991 1  926 943 1269 2194 2164 1634 982 603  1 1 0 -1.78 0 5 1.00 0 0 0 10.87 0.102 0.604 0.608 
2.480 2 1 1 0 0.0855 0.5816 0.3627 0.5731 -2.867770 -1.692294 -0.5228 1 0.9481 1  938 906 1171 2157 2177 1820 1152 625  1 1 0 -0.24 0 5 1.00 0 0 0 10.89 0.166 0.673 1.060 
2.490 2 1 1 0 0.1660 0.6029 0.3585 0.5718 -2.847163 -1.693232 -0.4018 1 1.2369 1  979 933 1011 2021 2158 1950 1378 600  1 1 0 -1.04 0 5 1.00 0 0 0 10.90 0.102 0.608 0.611 
2.500 2 1 1 0 0.2994 0.6375 0.3544 0.5705 -2.831708 -1.694077 -0.0040 1 1.3578 1  974 955 921 1821 2146 2021 1557 651  1 1 0 -1.55 0 5 1.00 0 0 0 10.89 0.101 0.609 0.612 
2.510 2 1 1 0 0.2822 0.5867 0.3500 0.5691 -2.813678 -1.694203 0.0937 1 1.4623 1  962 954 883 1690 2158 2044 1713 678  1 1 0 -1.06 0 5 1.00 0 0 0 10.86 0.103 0.606 0.609 
2.520 2 1 1 0 0.3068 0.6647 0.3459 0.5677 -2.798223 -1.695154 0.1614 1 1.7374 1  932 973 882 1542 2139 2055 1932 770  1 1 0 0.90 0 5 1.00 0 0 0 10.86 0.101 0.612 0.613 
2.530 2 1 1 0 0.4583 0.6258 0.3411 0.5659 -2.790496 -1.696831 0.2520 1 1.9893 1  948 1006 839 1379 2084 2022 2080 923  1 1 0 0.83 0 5 1.00 0 0 0 10.91 0.109 0.610 0.610 
2.540 2 1 1 0 0.4092 0.5169 0.3368 0.5643 -2.782768 -1.697926 0.3647 1 2.0782 1  973 993 843 1185 1965 2032 2160 1034  1 1 0 0.96 0 5 1.00 0 0 0 10.88 0.103 0.614 0.612 
2.550 2 1 1 0 0.4562 0.4913 0.3322 0.5626 -2.782768 -1.698679 0.6805 1 2.1390 1  989 948 869 1049 1824 2031 2200 1094  1 1 0 0.62 0 5 1.00 0 0 0 10.88 0.103 0.606 0.610 
2.561 2 1 1 0 0.5511 0.4222 0.3277 0.5609 -2.787920 -1.700014 0.8379 1 2.1962 1  947 923 841 937 1664 2045 2189 1209  1 1 0 1.33 0 5 1.00 0 0 0 10.89 0.102 0.633 0.636 
2.570 2 1 1 0 0.6101 0.3855 0.3231 0.5592 -2.793072 -1.701261 0.9192 1 2.2366 1  1070 916 823 959 1557 1993 2177 1280  1 1 0 0.53 0 5 1.00 0 0 0 10.88 0.101 0.628 0.636 
2.580 2 1 1 0 0.5840 0.3752 0.3185 0.5576 -2.803375 -1.702669 0.9706 1 2.2930 1  1044 929 812 928 1466 1989 2167 1334  1 1 0 1.46 0 5 1.00 0 0 0 10.91 0.102 0.633 0.644 
2.590 2 1 1 0 0.7245 0.3551 0.3137 0.5559 -2.816254 -1.704001 0.9830 1 2.2250 1  1034 987 837 917 1413 1996 2105 1323  1 1 0 -0.56 0 5 1.00 0 0 0 10.93 0.102 0.633 0.635 
2.600 2 1 1 0 0.6345 0.3253 0.3090 0.5544 -2.831708 -1.705389 1.0696 1 1.9967 1  1000 954 848 941 1358 1912 2003 1286  1 1 0 -1.22 0 5 1.00 0 0 0 10.93 0.102 0.630 0.636 
2.610 2 1 1 0 0.6986 0.3276 0.3041 0.5529 -2.849739 -1.706939 1.0658 1 2.1819 1  1010 958 855 918 1355 1926 2101 1304  1 1 0 -0.05 0 5 1.00 0 0 0 10.93 0.103 0.630 0.633 
2.620 2 1 1 0 0.6859 0.3347 0.2995 0.5515 -2.865194 -1.708347 0.9753 1 2.2402 1  1035 954 839 941 1454 2001 2152 1292  1 1 0 -0.20 0 5 1.00 0 0 0 10.95 0.102 0.635 0.634 
2.630 2 1 1 0 0.6291 0.3151 0.2948 0.5502 -2.880649 -1.708973 0.9501 1 2.2208 1  1025 967 872 941 1457 2017 2171 1253  1 1 0 -0.44 0 5 1.00 0 0 0 10.96 0.102 0.628 0.636 
2.640 2 1 1 0 0.6709 0.3052 0.2898 0.5489 -2.898679 -1.709084 0.9255 1 2.1845 1  1063 937 886 948 1532 2023 2164 1226  1 1 0 -0.45 0 5 1.00 0 0 0 10.94 0.103 0.633 0.642 
2.650 2 1 1 0 0.7709 0.3436 0.2848 0.5477 -2.916711 -1.710709 0.8923 1 2.1562 1  1130 1007 887 957 1599 2031 2155 1192  1 1 0 -0.64 0 5 1.00 0 0 0 10.97 0.102 0.633 0.633 
2.660 2 1 1 0 0.6988 0.3220 0.2800 0.5467 -2.937317 -1.712167 0.8528 1 2.1243 1  1055 953 851 970 1667 2036 2134 1157  1 1 0 -0.51 0 5 1.00 0 0 0 10.97 0.102 0.635 0.634 
2.670 2 1 1 0 0.7541 0.3377 0.2747 0.5457 -2.957923 -1.712982 0.7964 1 2.0933 1  1039 894 843 972 1759 2025 2118 1143  1 1 0 -0.27 0 5 1.00 0 0 0 10.96 0.103 0.631 0.729 
2.680 2 1 1 0 0.7503 0.2897 0.2697 0.5448 -2.975954 -1.713933 0.6597 1 2.0632 1  1015 952 793 1071 1869 2048 2122 1048  1 1 0 0.20 0 5 1.00 0 0 0 10.97 0.102 0.610 0.611 
2.690 2 1 1 0 0.6517 0.4012 0.2643 0.5439 -2.996560 -1.714944 0.3566 1 1.9972 1  1057 995 852 1175 2003 2031 2054 957  1 1 0 0.89 0 5 1.00 0 0 0 10.95 0.101 0.610 0.615 
2.700 2 1 1 0 0.6661 0.4402 0.2590 0.5432 -3.006863 -1.715554 0.2591 1 1.8674 1  1042 1000 880 1327 2113 2032 1947 848  1 1 0 -0.36 0 5 1.00 0 0 0 10.96 0.103 0.608 0.613 
2.710 2 1 1 0 0.6441 0.4237 0.2539 0.5425 -3.019743 -1.715690 0.1731 1 1.5838 1  1000 982 829 1463 2190 2034 1825 703  1 1 0 -0.26 0 5 1.00 0 0 0 10.96 0.103 0.609 0.615 
2.720 2 1 1 0 0.6173 0.3790 0.2485 0.5419 -3.030046 -1.716151 0.1073 1 1.4939 1  948 932 843 1562 2234 2047 1720 685  1 1 0 -0.23 0 5 1.00 0 0 0 10.97 0.102 0.613 0.613 
2.730 2 1 1 0 0.6509 0.3891 0.2437 0.5414 -3.040350 -1.715714 0.0854 1 1.4304 1  958 965 833 1671 2185 2039 1657 668  1 1 0 0.10 0 5 1.00 0 0 0 10.96 0.103 0.610 0.608 
2.740 2 1 1 0 0.5987 0.4272 0.2385 0.5409 -3.048077 -1.714971 0.0617 1 1.3619 1  995 984 870 1773 2143 2011 1550 610  1 1 0 0.04 0 5 1.00 0 0 0 10.96 0.102 0.604 0.610 
2.750 2 1 1 0 0.5637 0.4014 0.2337 0.5404 -3.058380 -1.715103 -0.1275 1 1.2575 1  1026 987 925 1929 2174 1930 1408 603  1 1 0 0.63 0 5 1.00 0 0 0 10.95 0.178 0.676 1.075 
2.760 2 1 1 0 0.5802 0.4727 0.2288 0.5400 -3.063532 -1.713879 -0.4403 1 1.1288 1  1006 985 1093 2097 2138 1854 1249 610  1 1 0 0.84 0 5 1.00 0 0 0 10.93 0.101 0.609 0.604 
2.770 2 1 1 0 0.5028 0.4585 0.2237 0.5396 -3.066108 -1.713146 -0.5365 1 0.8097 1  1021 925 1169 2192 2136 1717 1096 619  1 1 0 0.34 0 5 1.00 0 0 0 10.93 0.102 0.605 0.610 
2.780 2 1 1 0 0.5009 0.5786 0.2186 0.5392 -3.063532 -1.712001 -0.5611 1 0.6736 1  1003 927 1201 2204 2126 1610 975 603  1 1 0 1.01 0 5 1.00 0 0 0 10.95 0.103 0.614 0.614 
2.790 2 1 1 0 0.4580 0.5058 0.2137 0.5389 -3.063532 -1.710442 -0.5800 1 0.6004 1  1026 897 1265 2204 2098 1543 925 620  1 1 0 0.98 0 5 1.00 0 0 0 10.95 0.103 0.610 0.612 
2.800 2 1 1 0 0.4425 0.5623 0.2089 0.5385 -3.058380 -1.708183 -0.5938 1 0.5700 1  996 937 1332 2189 2091 1497 901 591  1 1 0 0.66 0 5 1.00 0 0 0 10.96 0.102 0.610 0.609 
2.810 2 1 1 0 0.4211 0.5140 0.2038 0.5381 -3.055804 -1.706591 -0.6377 1 0.5243 1  967 982 1411 2188 2072 1420 906 606  1 1 0 0.45 0 5 1.00 0 0 0 10.95 0.102 0.604 0.606 
2.820 2 1 1 0 0.4340 0.6595 0.1989 0.5376 -3.045501 -1.705475 -0.7174 1 0.5066 1  1007 1015 1504 2212 2072 1351 863 639  1 1 0 0.81 0 5 1.00 0 0 0 10.98 0.101 0.630 0.616 
2.831 2 1 1 0 0.4471 0.5172 0.1938 0.5371 -3.037773 -1.703828 -0.8940 1 0.4858 1  980 1089 1622 2161 2059 1279 865 628  1 1 0 1.87 0 5 1.00 0 0 0 10.95 0.103 0.623 0.628 
2.840 2 1 1 0 0.3520 0.5771 0.1890 0.5366 -3.027470 -1.702810 -1.1587 1 0.4158 1  975 1147 1710 2201 1993 1192 880 622  1 1 0 1.67 0 5 1.00 0 0 0 10.97 0.102 0.624 0.632 
2.850 2 1 1 0 0.3444 0.6478 0.1841 0.5360 -3.012015 -1.701460 -1.2451 1 0.2865 1  922 1246 1779 2186 1932 1092 890 635  1 1 0 0.01 0 5 1.00 0 0 0 10.93 0.102 0.624 0.624 
2.860 2 1 1 0 0.1515 0.6029 0.1796 0.5354 -2.993985 -1.700308 -1.2757 1 0.1361 1  975 1267 1795 2204 1867 1007 856 611  1 1 0 -0.60 0 5 1.00 0 0 0 10.91 0.103 0.628 0.631 
2.870 2 1 1 0 0.0497 0.6966 0.1764 0.5348 -2.963075 -1.699287 -1.3086 1 0.0139 1  993 1349 1819 2216 1785 932 927 638  1 1 0 -0.53 0 5 1.00 0 0 0 10.95 0.103 0.628 0.629 
2.880 2 1 1 0 0.0259 0.6582 0.1729 0.5341 -2.929590 -1.699396 -1.3359 1 -0.0680 1  1009 1388 1839 2202 1739 908 847 649  1 1 0 -0.27 0 5 1.00 0 0 0 10.94 0.103 0.630 0.630 
2.890 2 1 1 0 0.0175 0.6881 0.1695 0.5334 -2.896106 -1.698769 -1.3424 1 -0.0970 1  1056 1360 1845 2181 1704 844 854 616  1 1 0 -1.40 0 5 1.00 0 0 0 10.96 0.103 0.631 0.632 
2.900 2 1 1 0 0.0132 0.7326 0.1658 0.5324 -2.860045 -1.697441 -1.3432 1 -0.0761 1  1032 1409 1831 2188 1719 843 878 628  1 1 0 -1.06 0 5 1.00 0 0 0 10.97 0.103 0.631 0.630 
2.910 2 1 1 0 0.0106 0.7036 0.1625 0.5313 -2.826560 -1.696639 -1.3374 1 -0.0977 1  1016 1374 1833 2196 1683 836 845 612  1 1 0 -1.16 0 5 1.00 0 0 0 10.97 0.101 0.630 0.632 
2.920 2 1 1 0 0.0089 0.6839 0.1589 0.5301 -2.790500 -1.695684 -1.3512 1 -0.1171 1  1017 1453 1833 2192 1652 829 893 614  1 1 0 -1.44 0 5 1.00 0 0 0 10.96 0.102 0.633 0.632 
2.930 2 1 1 0 0.0076 0.7224 0.1554 0.5287 -2.754440 -1.694358 -1.3391 1 -0.0706 1  1017 1375 1835 2203 1705 861 871 607  1 1 0 -1.52 0 5 1.00 0 0 0 10.96 0.102 0.630 0.632 
2.940 2 1 1 0 0.0067 0.8815 0.1519 0.5272 -2.718379 -1.693761 -1.3315 1 -0.0342 1  1045 1345 1840 2216 1738 883 885 696  1 1 0 -1.56 0 5 1.00 0 0 0 10.96 0.103 0.633 0.716 
2.950 2 1 1 0 0.0060 0.6763 0.1485 0.5256 -2.682319 -1.692438 -1.2998 1 0.0034 1  1051 1281 1810 2223 1767 914 894 654  1 1 0 -1.75 0 5 1.00 0 0 0 10.96 0.103 0.629 0.633 
2.960 2 1 1 0 0.0054 0.7752 0.1451 0.5239 -2.646259 -1.691852 -1.2580 1 0.1234 1  1065 1271 1772 2224 1868 958 894 585  1 1 0 -1.00 0 5 1.00 0 0 0 10.98 0.103 0.633 0.616 
2.970 2 1 1 0 0.3140 0.7906 0.1411 0.5216 -2.617925 -1.690482 -1.1349 1 0.3412 1  1079 1194 1665 2203 1961 1084 918 634  1 1 0 -1.54 0 5 1.00 0 0 0 10.94 0.102 0.624 0.629 
2.980 2 1 1 0 0.2760 0.7972 0.1369 0.5191 -2.597320 -1.689548 -0.8261 1 0.4442 1  1105 1102 1558 2216 2038 1214 935 672  1 1 0 -1.97 0 5 1.00 0 0 0 10.95 0.102 0.632 0.631 
2.990 2 1 1 0 0.1543 0.6860 0.1330 0.5167 -2.568986 -1.687676 -0.6947 1 0.5363 1  1124 1056 1440 2231 2114 1347 981 679  1 1 0 -1.71 0 5 1.00 0 0 0 10.95 0.102 0.606 0.611 
3.000 2 1 1 0 0.1251 0.6961 0.1294 0.5143 -2.543228 -1.687149 -0.6052 1 0.6156 1  1064 1090 1356 2162 2160 1466 1012 719  1 1 0 -1.62 0 5 1.00 0 0 0 10.95 0.101 0.610 0.616 
3.010 2 1 1 0 0.1942 0.6229 0.1261 0.5120 -2.520046 -1.686578 -0.5761 1 0.6253 1  1067 1044 1315 2173 2142 1538 1084 699  1 1 0 -1.06 0 5 1.00 0 0 0 10.95 0.102 0.606 0.616 
3.020 2 1 1 0 0.2126 0.7379 0.1224 0.5093 -2.496864 -1.687512 -0.5150 1 0.6951 1  1051 1065 1223 2136 2149 1632 1110 699  1 1 0 -0.93 0 5 1.00 0 0 0 10.95 0.171 0.675 1.070 
3.030 2 1 1 0 0.2497 0.7127 0.1190 0.5066 -2.476258 -1.687911 -0.4627 1 0.8132 1  1038 1032 1164 2091 2138 1751 1172 676  1 1 0 -0.87 0 5 1.00 0 0 0 10.96 0.103 0.614 0.610 
3.040 2 1 1 0 0.2476 0.6862 0.1154 0.5038 -2.458227 -1.688118 -0.3928 1 1.1694 1  1033 1078 1036 2028 2146 1899 1315 646  1 1 0 0.28 0 5 1.00 0 0 0 10.93 0.103 0.611 0.613 
3.050 2 1 1 0 0.3366 0.6431 0.1118 0.5008 -2.440196 -1.688748 -0.0443 1 1.2643 1  1020 1094 948 1865 2143 1954 1482 688  1 1 0 -0.96 0 5 1.00 0 0 0 10.95 0.102 0.610 0.612 
3.060 2 1 1 0 0.4661 0.5167 0.1083 0.4978 -2.432469 -1.690011 0.0928 1 1.3184 1  1024 1094 897 1754 2130 1972 1596 693  1 1 0 -0.02 0 5 1.00 0 0 0 10.93 0.103 0.609 0.613 
3.070 2 1 1 0 0.3579 0.5790 0.1048 0.4948 -2.424741 -1.689742 0.1925 1 1.3978 1  1042 1082 876 1605 2098 1985 1719 736  1 1 0 -0.13 0 5 1.00 0 0 0 10.94 0.102 0.610 0.616 
3.080 2 1 1 0 0.4336 0.5741 0.1010 0.4914 -2.417014 -1.690243 0.2410 1 1.4921 1  1042 1073 896 1517 2062 2001 1796 766  1 1 0 0.38 0 5 1.00 0 0 0 10.95 0.102 0.612 0.611 
3.090 2 1 1 0 0.5310 0.5307 0.0971 0.4880 -2.414438 -1.690716 0.3049 1 1.7367 1  1108 1045 920 1448 2013 1965 1947 855  1 1 0 1.18 0 5 1.00 0 0 0 10.94 0.103 0.612 0.612 
3.101 2 1 1 0 0.4921 0.4596 0.0933 0.4846 -2.411862 -1.691836 0.3606 1 1.9658 1  1157 1026 946 1317 1982 1998 2051 934  1 1 0 1.49 0 5 1.00 0 0 0 10.93 0.102 0.609 0.614 
3.110 2 1 1 0 0.5887 0.4733 0.0895 0.4812 -2.414438 -1.692558 0.6391 1 2.0423 1  1092 1031 890 1181 1900 1993 2113 1003  1 1 0 1.29 0 5 1.00 0 0 0 10.95 0.101 0.610 0.612 
3.120 2 1 1 0 0.5545 0.4594 0.0856 0.4778 -2.422165 -1.693441 0.8146 1 2.0676 1  1080 1017 852 1088 1779 1984 2116 1098  1 1 0 0.94 0 5 1.00 0 0 0 10.91 0.103 0.630 0.631 
3.130 2 1 1 0 0.5966 0.4322 0.0817 0.4744 -2.429892 -1.693999 0.9022 1 2.1137 1  1044 919 827 1027 1709 1969 2132 1163  1 1 0 0.79 0 5 1.00 0 0 0 10.94 0.102 0.632 0.631 
3.140 2 1 1 0 0.6797 0.3678 0.0780 0.4713 -2.440196 -1.695227 0.9616 1 2.0974 1  972 865 804 999 1642 1948 2112 1155  1 1 0 0.37 0 5 1.00 0 0 0 10.91 0.103 0.638 0.636 
3.150 2 1 1 0 0.6257 0.3349 0.0743 0.4681 -2.450499 -1.696152 1.0185 1 2.0723 1  918 851 796 979 1577 1936 2074 1183  1 1 0 -0.18 0 5 1.00 0 0 0 10.92 0.102 0.630 0.633 
3.160 2 1 1 0 0.7184 0.3911 0.0703 0.4649 -2.468529 -1.697513 1.0634 1 2.1302 1  905 911 777 966 1526 1906 2099 1250  1 1 0 -0.05 0 5 1.00 0 0 0 10.92 0.103 0.643 0.638 
3.170 2 1 1 0 0.6310 0.3350 0.0665 0.4619 -2.483984 -1.699025 1.0540 1 2.1795 1  896 855 743 1019 1451 1932 2116 1280  1 1 0 -0.10 0 5 1.00 0 0 0 10.92 0.102 0.642 0.636 
3.180 2 1 1 0 0.6775 0.3226 0.0620 0.4585 -2.502014 -1.700778 1.1015 1 2.2157 1  878 884 806 1016 1403 1872 2130 1292  1 1 0 -0.68 0 5 1.00 0 0 0 10.94 0.110 0.628 0.638 
3.190 2 1 1 0 0.7753 0.3018 0.0578 0.4554 -2.525196 -1.702825 1.0988 1 2.2037 1  891 906 827 994 1387 1885 2103 1319  1 1 0 -0.75 0 5 1.00 0 0 0 10.95 0.109 0.634 0.633 
3.200 2 1 1 0 0.7580 0.3633 0.0536 0.4525 -2.543227 -1.704381 1.1133 1 2.2103 1  980 968 864 1017 1380 1875 2107 1325  1 1 0 -0.68 0 5 1.00 0 0 0 10.94 0.101 0.642 0.643 
3.210 2 1 1 0 0.7226 0.2965 0.0491 0.4495 -2.563833 -1.706185 1.1284 1 2.1588 1  997 990 849 1002 1346 1870 2093 1277  1 1 0 -1.38 0 5 1.00 0 0 0 10.93 0.102 0.626 0.763 
3.220 2 1 1 0 0.7468 0.3301 0.0445 0.4466 -2.584440 -1.707707 1.0951 1 2.1192 1  1032 999 812 1010 1368 1901 2094 1238  1 1 0 -0.97 0 5 1.00 0 0 0 10.96 0.101 0.636 0.636 
3.230 2 1 1 0 0.7584 0.2922 0.0404 0.4441 -2.605047 -1.707317 1.1062 1 2.1598 1  1012 969 830 1014 1388 1883 2103 1274  1 1 0 -0.92 0 5 1.00 0 0 0 10.95 0.102 0.629 0.875 
3.240 2 1 1 0 0.6607 0.2519 0.0359 0.4415 -2.628229 -1.710260 1.0996 1 2.2045 1  978 947 792 1018 1413 1891 2115 1299  1 1 0 -0.98 0 5 1.00 0 0 0 10.95 0.102 0.634 0.630 
3.250 2 1 1 0 0.7861 0.2583 0.0312 0.4389 -2.653986 -1.709471 1.0912 1 2.2132 1  1011 975 806 1061 1411 1889 2112 1302  1 1 0 -1.18 0 5 1.00 0 0 0 10.98 0.102 0.634 0.633 
3.260 2 1 1 0 0.7985 0.2633 0.0264 0.4364 -2.674592 -1.711602 1.0692 1 2.2301 1  1036 1072 886 1077 1421 1916 2144 1298  1 1 0 -1.22 0 5 1.00 0 0 0 10.97 0.102 0.638 0.638 
3.270 2 1 1 0 0.7762 0.2710 0.0218 0.4341 -2.697775 -1.713822 1.0577 1 2.1628 1  1074 1190 913 1111 1487 1921 2110 1263  1 1 0 -1.07 0 5 1.00 0 0 0 10.97 0.108 0.635 0.636 
3.280 2 1 1 0 0.7701 0.2673 0.0173 0.4321 -2.718381 -1.715545 1.0397 1 2.1362 1  1100 1140 919 1064 1514 1930 2108 1232  1 1 0 -1.33 0 5 1.00 0 0 0 10.94 0.101 0.633 0.636 
3.290 2 1 1 0 0.7878 0.2803 0.0124 0.4300 -2.744139 -1.716898 0.9990 1 2.1563 1  1130 1157 908 1072 1579 1946 2145 1225  1 1 0 -1.13 0 5 1.00 0 0 0 10.96 0.199 0.732 1.094 
3.300 2 1 1 0 0.7660 0.3013 0.0079 0.4281 -2.764745 -1.718504 0.9487 1 2.1829 1  1149 1165 984 1083 1597 1977 2173 1222  1 1 0 -0.74 0 5 1.00 0 0 0 10.98 0.102 0.631 0.642 
