%% logfile from robot Thit (86)
% Thit (86)
%  1    time 0.210 sec
%  2  3  4  5   (mission 0), state 2, entered ), events 0x0 (bit-flags)
% 12 .. 33 Edge sensor: left -1.272989 1, right -0.038324 1, values 727 1188 1808 2215 1731 810 795 543, 
%    white 1, used 1, LEDhigh=0, xingVal=0.53 xlcnt=0 lvcnt=5,LineVal=1.00, lineLow=0, lineHi=0, edgeAngle=0.
% whitelevel=[2447 2346 2088 2520 2452 2316 2458 1831];
% blacklevel=[55 43 40 50 7 44 2 8];
% 35 37 read sensor time [ms]: 0.176 and ctrl time 0.671, cycleEnd 1.074
0.210 2 1 1 0 0.1905 0.3052 0.0273 0.0016 0.095303 -1.669757 -1.2730 1 -0.0383 1  727 1188 1808 2215 1731 810 795 543  1 1 0 0.53 0 5 1.00 0 0 0 11.04 0.176 0.671 1.074 
0.220 2 1 1 0 0.1485 0.2021 0.0294 0.0018 0.100454 -1.669547 -1.2635 1 -0.0755 1  725 1209 1797 2181 1720 799 780 559  1 1 0 0.25 0 5 1.00 0 0 0 11.04 0.101 0.604 0.610 
0.230 2 1 1 0 0.1933 0.3473 0.0318 0.0021 0.108182 -1.669446 -1.2681 1 -0.0639 1  745 1188 1806 2187 1733 814 805 558  1 1 0 0.47 0 5 1.00 0 0 0 11.05 0.102 0.606 0.611 
0.240 2 1 1 0 0.1205 0.2636 0.0337 0.0023 0.115909 -1.669634 -1.2800 1 -0.0428 1  732 1242 1809 2207 1743 825 799 573  1 1 0 1.03 0 5 1.00 0 0 0 11.04 0.102 0.609 0.595 
0.250 2 1 1 0 0.1678 0.2785 0.0361 0.0026 0.123636 -1.669377 -1.2823 1 -0.0268 1  732 1208 1812 2214 1745 823 795 585  1 1 0 0.92 0 5 1.00 0 0 0 11.03 0.103 0.610 0.612 
0.260 2 1 1 0 0.1582 0.3083 0.0383 0.0028 0.128788 -1.669320 -1.2818 1 -0.0477 1  728 1207 1817 2208 1727 819 799 607  1 1 0 0.43 0 5 1.00 0 0 0 11.05 0.102 0.605 0.611 
0.270 2 1 1 0 0.1438 0.2784 0.0404 0.0031 0.133939 -1.669504 -1.2693 1 -0.0475 1  719 1174 1806 2207 1733 812 810 602  1 1 0 0.50 0 5 1.00 0 0 0 11.04 0.102 0.604 0.613 
0.280 2 1 1 0 0.1690 0.3450 0.0428 0.0035 0.141666 -1.669446 -1.2644 1 -0.0485 1  717 1199 1796 2206 1734 828 814 567  1 1 0 0.51 0 5 1.00 0 0 0 11.05 0.102 0.594 0.610 
0.291 2 1 1 0 0.1417 0.2854 0.0452 0.0038 0.149394 -1.669470 -1.2799 1 -0.0629 1  706 1207 1820 2184 1740 842 824 583  1 1 0 0.66 0 5 1.00 0 0 0 11.04 0.102 0.609 0.606 
0.300 2 1 1 0 0.1277 0.3233 0.0471 0.0041 0.157121 -1.669486 -1.2625 1 -0.0961 1  715 1196 1797 2181 1704 833 829 549  1 1 0 0.10 0 5 1.00 0 0 0 11.03 0.102 0.596 0.611 
0.310 2 1 1 0 0.1664 0.3497 0.0495 0.0045 0.164848 -1.669453 -1.2608 1 -0.0917 1  720 1213 1787 2186 1704 823 823 557  1 1 0 0.50 0 5 1.00 0 0 0 11.05 0.102 0.602 0.612 
0.320 2 1 1 0 0.1346 0.2832 0.0519 0.0049 0.172576 -1.669266 -1.2491 1 -0.0699 1  723 1200 1769 2193 1721 830 815 573  1 1 0 0.69 0 5 1.00 0 0 0 11.05 0.103 0.606 0.601 
0.330 2 1 1 0 0.1863 0.3291 0.0543 0.0053 0.180303 -1.669495 -1.2484 1 -0.0791 1  743 1165 1780 2185 1724 807 822 559  1 1 0 0.55 0 5 1.00 0 0 0 11.05 0.103 0.605 0.614 
0.340 2 1 1 0 0.1724 0.3067 0.0564 0.0057 0.185454 -1.669641 -1.2480 1 -0.0810 1  743 1182 1782 2180 1727 798 830 574  1 1 0 0.48 0 5 1.00 0 0 0 11.05 0.102 0.602 0.608 
0.350 2 1 1 0 0.1533 0.3298 0.0588 0.0062 0.193182 -1.669424 -1.2529 1 -0.0949 1  738 1204 1788 2169 1730 811 839 583  1 1 0 0.54 0 5 1.00 0 0 0 11.06 0.103 0.605 0.612 
0.360 2 1 1 0 0.1561 0.3179 0.0612 0.0066 0.200909 -1.669475 -1.2683 1 -0.0693 1  742 1203 1802 2173 1754 848 850 580  1 1 0 0.54 0 5 1.00 0 0 0 11.03 0.102 0.592 0.607 
0.370 2 1 1 0 0.1715 0.3638 0.0636 0.0071 0.208636 -1.669565 -1.2976 1 -0.0536 1  745 1209 1829 2179 1764 846 853 586  1 1 0 0.52 0 5 1.00 0 0 0 11.04 0.102 0.604 0.613 
0.380 2 1 1 0 0.1581 0.2923 0.0660 0.0077 0.216363 -1.669302 -1.3092 1 -0.0073 1  732 1225 1847 2219 1772 854 842 597  1 1 0 0.73 0 5 1.00 0 0 0 11.04 0.102 0.595 0.610 
0.390 2 1 1 0 0.1725 0.3320 0.0684 0.0082 0.224091 -1.669463 -1.3242 1 0.0895 1  758 1232 1866 2241 1841 881 841 595  1 1 0 1.33 0 5 1.00 0 0 0 11.04 0.101 0.605 0.612 
0.400 2 1 1 0 0.1816 0.3404 0.0707 0.0087 0.231818 -1.669879 -1.3130 1 0.1269 1  755 1249 1859 2241 1855 854 828 590  1 1 0 0.78 0 5 1.00 0 0 0 11.04 0.101 0.605 0.672 
0.410 2 1 1 0 0.1798 0.3370 0.0731 0.0093 0.239545 -1.669750 -1.3150 1 0.0630 1  746 1275 1844 2227 1814 857 814 579  1 1 0 0.39 0 5 1.00 0 0 0 11.02 0.108 0.608 0.611 
0.420 2 1 1 0 0.1559 0.3102 0.0752 0.0098 0.244697 -1.669889 -1.3189 1 0.0002 1  761 1295 1841 2213 1779 836 811 586  1 1 0 0.49 0 5 1.00 0 0 0 11.04 0.102 0.600 0.609 
0.430 2 1 1 0 0.1339 0.2896 0.0776 0.0104 0.252424 -1.670227 -1.3371 1 -0.0967 1  757 1325 1853 2180 1698 810 786 579  1 1 0 0.39 0 5 1.00 0 0 0 11.05 0.102 0.609 0.612 
0.440 2 1 1 0 0.1730 0.3206 0.0796 0.0110 0.257575 -1.669994 -1.3410 1 -0.1647 1  792 1351 1848 2156 1632 752 768 573  1 1 0 0.18 0 5 1.00 0 0 0 11.05 0.103 0.602 0.608 
0.450 2 1 1 0 0.1836 0.3070 0.0820 0.0116 0.265303 -1.670124 -1.3554 1 -0.1688 1  783 1391 1857 2161 1597 721 744 565  1 1 0 0.75 0 5 1.00 0 0 0 11.08 0.102 0.592 0.601 
0.460 2 1 1 0 0.1496 0.2973 0.0843 0.0122 0.273030 -1.670403 -1.3722 1 -0.1802 1  793 1426 1858 2172 1571 732 763 570  1 1 0 0.75 0 5 1.00 0 0 0 11.05 0.102 0.606 0.610 
0.470 2 1 1 0 0.1827 0.3202 0.0864 0.0128 0.278181 -1.670189 -1.3866 1 -0.1726 1  807 1459 1860 2166 1576 715 742 550  1 1 0 0.56 0 5 1.00 0 0 0 11.05 0.171 0.666 0.614 
0.480 2 1 1 0 0.1351 0.2889 0.0888 0.0135 0.285909 -1.670752 -1.4184 1 -0.1740 1  852 1523 1866 2185 1549 701 719 549  1 1 0 1.10 0 5 1.00 0 0 0 11.06 0.263 0.764 1.072 
0.490 2 1 1 0 0.1360 0.2686 0.0906 0.0141 0.293636 -1.670665 -1.4453 1 -0.1830 1  906 1554 1879 2188 1502 701 753 552  1 1 0 0.67 0 5 1.00 0 0 0 11.05 0.101 0.596 0.604 
0.500 2 1 1 0 0.1398 0.2974 0.0929 0.0148 0.301363 -1.670823 -1.4587 1 -0.2075 1  942 1598 1863 2176 1470 687 726 550  1 1 0 0.47 0 5 1.00 0 0 0 11.03 0.103 0.611 0.616 
0.510 2 1 1 0 0.1596 0.3763 0.0952 0.0155 0.309091 -1.671169 -1.4870 1 -0.2206 1  982 1624 1878 2162 1444 683 776 534  1 1 0 0.66 0 5 1.00 0 0 0 11.05 0.103 0.610 0.612 
0.520 2 1 1 0 0.1268 0.2512 0.0970 0.0161 0.316818 -1.671158 -1.5365 1 -0.2007 1  1024 1663 1890 2188 1434 692 780 536  1 1 0 1.22 0 5 1.00 0 0 0 11.04 0.102 0.609 0.606 
0.530 2 1 1 0 0.1450 0.2803 0.0993 0.0168 0.324545 -1.671060 -1.5570 1 -0.2161 1  1055 1703 1879 2160 1421 700 750 545  1 1 0 0.81 0 5 1.00 0 0 0 11.05 0.103 0.609 0.613 
0.540 2 1 1 0 0.1462 0.3717 0.1014 0.0175 0.329697 -1.671253 -1.5823 1 -0.2174 1  1081 1731 1881 2180 1401 701 778 556  1 1 0 0.90 0 5 1.00 0 0 0 11.05 0.102 0.609 0.609 
0.550 2 1 1 0 0.1183 0.2459 0.1032 0.0182 0.337424 -1.670890 -1.6066 1 -0.2457 1  1085 1740 1886 2134 1393 695 763 554  1 1 0 0.32 0 5 1.00 0 0 0 11.05 0.103 0.603 0.614 
0.561 2 1 1 0 0.1383 0.3154 0.1055 0.0190 0.345151 -1.670689 -1.5790 1 -0.2511 1  1086 1732 1868 2140 1390 712 783 558  1 1 0 0.19 0 5 1.00 0 0 0 11.05 0.102 0.610 0.613 
0.570 2 1 1 0 0.1417 0.3008 0.1072 0.0196 0.352878 -1.670953 -1.6001 1 -0.2667 1  1069 1747 1877 2131 1349 716 790 550  1 1 0 0.45 0 5 1.00 0 0 0 11.02 0.102 0.601 0.612 
0.580 2 1 1 0 0.1033 0.2755 0.1093 0.0204 0.363181 -1.670612 -1.6189 1 -0.2584 1  1080 1754 1879 2154 1346 710 760 551  1 1 0 0.94 0 5 1.00 0 0 0 11.05 0.101 0.595 0.612 
0.590 2 1 1 0 0.1379 0.3448 0.1115 0.0213 0.370909 -1.670500 -1.5872 1 -0.2527 1  1075 1731 1871 2155 1330 709 785 553  1 1 0 0.41 0 5 1.00 0 0 0 11.05 0.102 0.595 0.596 
0.600 2 1 1 0 0.1388 0.2641 0.1133 0.0220 0.378636 -1.670338 -1.5763 1 -0.2548 1  1053 1734 1868 2156 1315 702 786 545  1 1 0 0.48 0 5 1.00 0 0 0 11.05 0.102 0.601 0.612 
0.610 2 1 1 0 0.1116 0.3343 0.1153 0.0228 0.388939 -1.669954 -1.5948 1 -0.2531 1  1034 1736 1880 2153 1320 696 781 551  1 1 0 0.30 0 5 1.00 0 0 0 11.06 0.101 0.611 0.608 
0.620 2 1 1 0 0.1393 0.2864 0.1176 0.0237 0.396666 -1.669853 -1.5843 1 -0.2575 1  1018 1724 1874 2155 1304 696 781 523  1 1 0 0.38 0 5 1.00 0 0 0 11.05 0.110 0.611 0.613 
0.630 2 1 1 0 0.1359 0.2944 0.1193 0.0244 0.404393 -1.669736 -1.5767 1 -0.2555 1  1007 1711 1888 2154 1327 706 788 528  1 1 0 0.67 0 5 1.00 0 0 0 11.03 0.102 0.602 0.613 
0.640 2 1 1 0 0.1095 0.3610 0.1213 0.0253 0.414697 -1.669875 -1.5640 1 -0.2533 1  997 1710 1882 2159 1317 706 783 530  1 1 0 0.47 0 5 1.00 0 0 0 11.05 0.101 0.611 0.606 
0.650 2 1 1 0 0.0976 0.2842 0.1233 0.0262 0.425000 -1.669792 -1.5297 1 -0.2485 1  997 1673 1874 2166 1311 706 792 573  1 1 0 0.09 0 5 1.00 0 0 0 11.04 0.103 0.611 0.606 
0.660 2 1 1 0 0.1349 0.2951 0.1252 0.0271 0.430151 -1.669752 -1.5406 1 -0.2488 1  991 1685 1876 2161 1310 710 785 573  1 1 0 0.39 0 5 1.00 0 0 0 11.05 0.101 0.603 0.610 
0.670 2 1 1 0 0.1443 0.3166 0.1274 0.0281 0.437878 -1.670017 -1.5041 1 -0.2547 1  984 1664 1854 2151 1342 725 787 574  1 1 0 0.20 0 5 1.00 0 0 0 11.06 0.101 0.594 0.674 
0.680 2 1 1 0 0.1034 0.2810 0.1292 0.0289 0.445606 -1.669932 -1.4967 1 -0.2631 1  967 1678 1850 2144 1331 723 780 548  1 1 0 0.39 0 5 1.00 0 0 0 11.05 0.103 0.609 0.609 
0.690 2 1 1 0 0.1500 0.3205 0.1311 0.0298 0.455909 -1.669589 -1.4638 1 -0.2592 1  940 1635 1840 2142 1344 725 788 556  1 1 0 0.30 0 5 1.00 0 0 0 11.05 0.102 0.609 0.595 
0.700 2 1 1 0 0.1558 0.3148 0.1330 0.0308 0.461060 -1.669879 -1.4369 1 -0.2647 1  922 1619 1832 2136 1349 750 799 571  1 1 0 0.06 0 5 1.00 0 0 0 11.04 0.102 0.605 0.608 
0.710 2 1 1 0 0.1264 0.2506 0.1347 0.0316 0.468787 -1.669681 -1.4352 1 -0.2634 1  895 1604 1837 2138 1351 734 805 591  1 1 0 0.42 0 5 1.00 0 0 0 11.04 0.102 0.603 0.614 
0.720 2 1 1 0 0.1571 0.3232 0.1369 0.0328 0.476515 -1.669166 -1.4416 1 -0.2585 1  879 1583 1863 2142 1362 775 817 565  1 1 0 0.58 0 5 1.00 0 0 0 11.05 0.103 0.602 0.616 
0.730 2 1 1 0 0.1037 0.3084 0.1388 0.0338 0.486818 -1.669481 -1.4473 1 -0.2485 1  867 1562 1868 2149 1377 732 801 573  1 1 0 0.67 0 5 1.00 0 0 0 11.05 0.102 0.609 0.618 
0.740 2 1 1 0 0.1413 0.2129 0.1405 0.0347 0.494545 -1.669358 -1.4232 1 -0.2344 1  861 1545 1859 2158 1402 723 802 565  1 1 0 0.43 0 5 1.00 0 0 0 11.02 0.102 0.604 0.614 
0.750 2 1 1 0 0.0947 0.3074 0.1424 0.0357 0.504848 -1.669499 -1.4028 1 -0.2332 1  869 1533 1836 2167 1406 708 806 572  1 1 0 0.05 0 5 1.00 0 0 0 11.03 0.188 0.696 1.086 
0.760 2 1 1 0 0.1497 0.2902 0.1443 0.0367 0.509999 -1.669576 -1.3999 1 -0.2340 1  839 1521 1843 2162 1401 718 788 571  1 1 0 0.31 0 5 1.00 0 0 0 11.05 0.102 0.601 0.623 
0.770 2 1 1 0 0.1497 0.3020 0.1464 0.0379 0.517727 -1.669678 -1.4072 1 -0.2531 1  874 1515 1856 2141 1410 741 769 576  1 1 0 0.39 0 5 1.00 0 0 0 11.05 0.101 0.606 0.616 
0.780 2 1 1 0 0.0991 0.2895 0.1478 0.0387 0.522878 -1.669629 -1.3790 1 -0.2315 1  856 1492 1843 2158 1428 729 771 562  1 1 0 0.65 0 5 1.00 0 0 0 11.04 0.102 0.604 0.610 
0.790 2 1 1 0 0.1565 0.2662 0.1497 0.0398 0.533181 -1.669639 -1.3786 1 -0.2144 1  869 1482 1840 2170 1449 709 772 558  1 1 0 0.31 0 5 1.00 0 0 0 11.05 0.101 0.611 0.608 
0.800 2 1 1 0 0.1081 0.3133 0.1513 0.0408 0.540909 -1.669581 -1.3629 1 -0.2001 1  845 1451 1837 2190 1469 740 792 550  1 1 0 0.54 0 5 1.00 0 0 0 11.05 0.102 0.608 0.613 
0.810 2 1 1 0 0.1134 0.2540 0.1532 0.0419 0.546060 -1.669810 -1.3517 1 -0.1858 1  852 1433 1831 2186 1500 768 779 561  1 1 0 0.37 0 5 1.00 0 0 0 11.05 0.102 0.609 0.616 
0.820 2 1 1 0 0.1247 0.2909 0.1550 0.0431 0.556363 -1.670025 -1.3441 1 -0.1784 1  910 1450 1822 2186 1531 735 769 555  1 1 0 0.45 0 5 1.00 0 0 0 11.05 0.102 0.609 0.613 
0.831 2 1 1 0 0.1428 0.2576 0.1564 0.0439 0.561515 -1.670247 -1.3497 1 -0.1719 1  913 1466 1826 2181 1542 730 740 552  1 1 0 0.47 0 5 1.00 0 0 0 11.05 0.101 0.602 0.604 
0.840 2 1 1 0 0.1544 0.2761 0.1584 0.0452 0.569242 -1.670453 -1.3637 1 -0.1880 1  964 1481 1829 2177 1542 728 769 537  1 1 0 0.60 0 5 1.00 0 0 0 11.03 0.102 0.601 0.610 
0.850 2 1 1 0 0.0984 0.3208 0.1600 0.0462 0.576969 -1.670574 -1.3841 1 -0.1874 1  964 1494 1848 2163 1550 742 765 541  1 1 0 0.74 0 5 1.00 0 0 0 11.06 0.101 0.596 0.612 
0.860 2 1 1 0 0.1253 0.2736 0.1616 0.0473 0.584696 -1.670611 -1.4054 1 -0.1365 1  1008 1509 1857 2201 1577 750 747 532  1 1 0 1.07 0 5 1.00 0 0 0 11.04 0.103 0.613 0.602 
0.870 2 1 1 0 0.1462 0.2663 0.1634 0.0485 0.589848 -1.670592 -1.4319 1 -0.1025 1  1028 1539 1863 2235 1611 756 805 540  1 1 0 0.91 0 5 1.00 0 0 0 11.06 0.101 0.609 0.615 
0.880 2 1 1 0 0.1107 0.3529 0.1650 0.0495 0.597575 -1.670655 -1.4113 1 -0.1290 1  1015 1550 1845 2206 1624 744 779 556  1 1 0 0.13 0 5 1.00 0 0 0 11.05 0.101 0.602 0.613 
0.890 2 1 1 0 0.1352 0.1969 0.1665 0.0506 0.605302 -1.670706 -1.3746 1 -0.1245 1  1017 1510 1826 2193 1637 743 815 572  1 1 0 0.19 0 5 1.00 0 0 0 11.05 0.103 0.611 0.616 
0.900 2 1 1 0 0.0826 0.3063 0.1681 0.0517 0.618181 -1.670826 -1.3318 1 -0.1324 1  1013 1458 1799 2178 1648 744 793 575  1 1 0 0.20 0 5 1.00 0 0 0 11.06 0.103 0.614 0.605 
0.910 2 1 1 0 0.1568 0.2982 0.1698 0.0530 0.623333 -1.671133 -1.3157 1 -0.1646 1  1003 1477 1785 2160 1605 737 802 563  1 1 0 0.16 0 5 1.00 0 0 0 11.05 0.101 0.609 0.612 
0.920 2 1 1 0 0.1063 0.3073 0.1714 0.0541 0.631060 -1.671229 -1.3545 1 -0.1948 1  1013 1519 1811 2163 1544 729 755 550  1 1 0 0.42 0 5 1.00 0 0 0 11.05 0.102 0.609 0.606 
0.930 2 1 1 0 0.1377 0.2574 0.1727 0.0550 0.636211 -1.670994 -1.3653 1 -0.1844 1  1035 1498 1828 2171 1550 731 724 579  1 1 0 0.64 0 5 1.00 0 0 0 11.05 0.102 0.605 0.821 
0.940 2 1 1 0 0.0911 0.2785 0.1744 0.0563 0.646514 -1.671269 -1.3975 1 -0.1860 1  1036 1523 1851 2168 1543 746 762 558  1 1 0 0.77 0 5 1.00 0 0 0 11.05 0.103 0.609 0.659 
0.950 2 1 1 0 0.1634 0.2977 0.1761 0.0576 0.651666 -1.671099 -1.4057 1 -0.1968 1  1030 1510 1851 2166 1531 765 784 549  1 1 0 0.33 0 5 1.00 0 0 0 11.04 0.103 0.609 0.610 
0.960 2 1 1 0 0.0915 0.2453 0.1774 0.0586 0.661969 -1.671228 -1.4284 1 -0.1949 1  1013 1549 1854 2157 1560 769 793 524  1 1 0 0.42 0 5 1.00 0 0 0 11.05 0.103 0.601 0.613 
0.970 2 1 1 0 0.1296 0.3068 0.1791 0.0600 0.667121 -1.671183 -1.4347 1 -0.1879 1  1002 1571 1858 2160 1568 792 801 552  1 1 0 0.45 0 5 1.00 0 0 0 11.05 0.103 0.609 0.610 
0.980 2 1 1 0 0.0768 0.2455 0.1804 0.0610 0.677424 -1.671400 -1.4160 1 -0.1913 1  1016 1533 1867 2163 1566 816 818 534  1 1 0 0.66 0 5 1.00 0 0 0 11.05 0.103 0.602 0.612 
0.990 2 1 1 0 0.1331 0.2984 0.1821 0.0623 0.687727 -1.671057 -1.3815 1 -0.1966 1  1024 1513 1832 2158 1553 832 836 548  1 1 0 0.30 0 5 1.00 0 0 0 11.06 0.103 0.611 0.605 
1.000 2 1 1 0 0.0785 0.2516 0.1833 0.0634 0.692878 -1.671696 -1.3985 1 -0.1772 1  1031 1506 1839 2170 1577 859 848 587  1 1 0 0.77 0 5 1.00 0 0 0 11.05 0.102 0.600 0.613 
1.010 2 1 1 0 0.1386 0.2507 0.1848 0.0646 0.700605 -1.671663 -1.3755 1 -0.1593 1  1027 1489 1828 2186 1566 855 869 577  1 1 0 0.56 0 5 1.00 0 0 0 11.03 0.103 0.604 0.614 
1.020 2 1 1 0 0.0839 0.2749 0.1862 0.0658 0.708333 -1.671827 -1.3543 1 -0.1346 1  1014 1460 1831 2198 1613 861 869 562  1 1 0 0.54 0 5 1.00 0 0 0 11.05 0.152 0.649 1.051 
1.030 2 1 1 0 0.1461 0.2451 0.1879 0.0672 0.713484 -1.671539 -1.3346 1 -0.1421 1  1008 1437 1808 2200 1583 833 878 585  1 1 0 0.25 0 5 1.00 0 0 0 11.04 0.101 0.611 0.608 
1.040 2 1 1 0 0.0818 0.2795 0.1893 0.0685 0.726363 -1.671671 -1.3067 1 -0.1432 1  1016 1410 1799 2176 1628 860 884 614  1 1 0 -0.05 0 5 1.00 0 0 0 11.05 0.102 0.611 0.603 
1.050 2 1 1 0 0.1333 0.2699 0.1907 0.0697 0.728939 -1.671663 -1.2801 1 -0.1654 1  1005 1394 1765 2163 1621 834 884 648  1 1 0 0.03 0 5 1.00 0 0 0 11.03 0.102 0.610 0.613 
1.060 2 1 1 0 0.0873 0.2956 0.1921 0.0710 0.741817 -1.671708 -1.2590 1 -0.1801 1  1008 1370 1759 2139 1630 845 895 622  1 1 0 0.54 0 5 1.00 0 0 0 11.04 0.103 0.610 0.606 
1.070 2 1 1 0 0.1401 0.3062 0.1937 0.0725 0.746969 -1.671396 -1.2820 1 -0.1722 1  1016 1372 1791 2145 1651 854 898 640  1 1 0 0.89 0 5 1.00 0 0 0 11.04 0.102 0.609 0.616 
1.080 2 1 1 0 0.0778 0.2382 0.1949 0.0736 0.757272 -1.671189 -1.2848 1 -0.1683 1  1015 1385 1786 2142 1663 890 903 643  1 1 0 0.60 0 5 1.00 0 0 0 11.02 0.101 0.595 0.611 
1.090 2 1 1 0 0.1366 0.3162 0.1967 0.0752 0.764999 -1.670910 -1.3129 1 -0.1222 1  992 1386 1811 2164 1709 981 903 628  1 1 0 0.65 0 5 1.00 0 0 0 11.03 0.108 0.610 0.614 
1.101 2 1 1 0 0.0712 0.2848 0.1978 0.0764 0.775302 -1.670883 -1.3171 1 -0.0468 1  991 1378 1804 2181 1775 997 914 634  1 1 0 1.46 0 5 1.00 0 0 0 11.03 0.101 0.609 0.605 
1.110 2 1 1 0 0.1395 0.2730 0.1994 0.0779 0.780454 -1.670523 -1.2998 1 -0.0015 1  961 1358 1802 2191 1800 1040 913 642  1 1 0 0.89 0 5 1.00 0 0 0 11.04 0.101 0.609 0.616 
1.120 2 1 1 0 0.0680 0.2376 0.2005 0.0790 0.790757 -1.670448 -1.2884 1 -0.0129 1  968 1332 1798 2175 1806 1047 921 653  1 1 0 0.46 0 5 1.00 0 0 0 11.03 0.103 0.624 0.616 
1.130 2 1 1 0 0.1465 0.3170 0.2020 0.0806 0.795908 -1.669909 -1.2285 1 0.0309 1  957 1285 1747 2175 1832 1027 941 644  1 1 0 0.20 0 5 1.00 0 0 0 11.06 0.102 0.625 0.635 
1.140 2 1 1 0 0.0901 0.2923 0.2031 0.0817 0.806211 -1.670127 -1.2287 1 0.0746 1  944 1265 1747 2176 1861 1102 942 669  1 1 0 0.71 0 5 1.00 0 0 0 11.02 0.103 0.628 0.626 
1.150 2 1 1 0 0.1472 0.2034 0.2046 0.0833 0.811363 -1.669935 -1.2055 1 0.1145 1  939 1249 1731 2191 1884 1157 950 671  1 1 0 0.78 0 5 1.00 0 0 0 11.03 0.103 0.626 0.630 
1.160 2 1 1 0 0.0931 0.3380 0.2058 0.0845 0.821666 -1.670136 -1.1943 1 0.1513 1  937 1227 1735 2174 1902 1161 947 665  1 1 0 1.18 0 5 1.00 0 0 0 11.06 0.102 0.629 0.626 
1.170 2 1 1 0 0.1297 0.2405 0.2070 0.0859 0.829393 -1.670064 -1.1505 1 0.1984 1  918 1196 1681 2166 1919 1199 942 682  1 1 0 0.64 0 5 1.00 0 0 0 11.04 0.102 0.629 0.625 
1.180 2 1 1 0 0.1109 0.3159 0.2083 0.0873 0.837120 -1.670117 -0.9666 1 0.2651 1  848 1153 1649 2125 1948 1217 943 684  1 1 0 -0.72 0 5 1.00 0 0 0 11.04 0.101 0.595 0.632 
1.190 2 1 1 0 0.1537 0.2099 0.2096 0.0887 0.839696 -1.670126 -0.8770 1 0.3863 1  806 1081 1625 2143 1971 1244 946 687  1 1 0 0.57 0 5 1.00 0 0 0 11.02 0.103 0.609 0.614 
1.200 2 1 1 0 0.1035 0.2447 0.2108 0.0901 0.847423 -1.669809 -0.7902 1 0.4179 1  820 1009 1591 2144 1999 1251 942 679  1 1 0 0.32 0 5 1.00 0 0 0 11.02 0.102 0.600 0.608 
1.210 2 1 1 0 0.1266 0.2448 0.2119 0.0913 0.852575 -1.669922 -0.7457 1 0.4491 1  839 978 1557 2153 2031 1279 933 672  1 1 0 0.59 0 5 1.00 0 0 0 11.03 0.102 0.609 0.636 
1.220 2 1 1 0 0.1533 0.2416 0.2135 0.0932 0.860302 -1.670260 -0.7251 1 0.4677 1  856 948 1534 2175 2043 1297 943 664  1 1 0 0.81 0 5 1.00 0 0 0 11.04 0.103 0.604 0.604 
1.230 2 1 1 0 0.1266 0.3073 0.2146 0.0944 0.865454 -1.670496 -0.6743 1 0.4799 1  839 940 1504 2152 2054 1308 908 658  1 1 0 0.44 0 5 1.00 0 0 0 11.06 0.103 0.601 0.612 
1.240 2 1 1 0 0.1172 0.2008 0.2156 0.0956 0.870605 -1.670668 -0.6753 1 0.4868 1  849 921 1482 2177 2065 1295 871 645  1 1 0 0.37 0 5 1.00 0 0 0 11.04 0.102 0.600 0.611 
1.250 2 1 1 0 0.1309 0.2874 0.2170 0.0973 0.875757 -1.670762 -0.6665 1 0.4779 1  870 932 1459 2184 2055 1296 828 605  1 1 0 0.44 0 5 1.00 0 0 0 11.05 0.102 0.596 0.611 
1.260 2 1 1 0 0.1321 0.2410 0.2182 0.0988 0.883484 -1.671066 -0.6290 1 0.5064 1  871 915 1431 2174 2078 1339 819 582  1 1 0 0.52 0 5 1.00 0 0 0 11.03 0.102 0.606 0.603 
1.270 2 1 1 0 0.0957 0.2344 0.2192 0.1000 0.888635 -1.670812 -0.6273 1 0.5195 1  884 916 1410 2183 2082 1375 869 598  1 1 0 0.64 0 5 1.00 0 0 0 11.05 0.102 0.596 0.612 
1.280 2 1 1 0 0.1583 0.2245 0.2206 0.1017 0.893787 -1.670570 -0.6031 1 0.5390 1  888 916 1387 2169 2113 1394 910 638  1 1 0 0.86 0 5 1.00 0 0 0 11.05 0.109 0.611 0.610 
1.290 2 1 1 0 0.1820 0.2571 0.2218 0.1032 0.896363 -1.670519 -0.5885 1 0.5389 1  879 897 1376 2164 2084 1423 921 642  1 1 0 0.72 0 5 1.00 0 0 0 11.06 0.166 0.688 1.069 
1.300 2 1 1 0 0.1046 0.2463 0.2229 0.1047 0.904090 -1.670296 -0.5814 1 0.5462 1  877 927 1364 2162 2086 1442 928 648  1 1 0 0.69 0 5 1.00 0 0 0 11.04 0.102 0.629 0.624 
1.310 2 1 1 0 0.1724 0.2587 0.2241 0.1061 0.906666 -1.670148 -0.5721 1 0.5384 1  869 921 1331 2171 2071 1466 929 640  1 1 0 0.58 0 5 1.00 0 0 0 11.04 0.101 0.631 0.631 
1.320 2 1 1 0 0.1628 0.2328 0.2255 0.1079 0.906666 -1.670214 -0.5720 1 0.5479 1  860 899 1319 2174 2090 1491 941 648  1 1 0 0.78 0 5 1.00 0 0 0 11.04 0.101 0.615 0.628 
1.330 2 1 1 0 0.1315 0.2701 0.2264 0.1091 0.911817 -1.670136 -0.5671 1 0.5498 1  848 842 1308 2174 2063 1512 965 663  1 1 0 0.38 0 5 1.00 0 0 0 11.04 0.101 0.622 0.633 
1.340 2 1 1 0 0.1275 0.2190 0.2276 0.1106 0.919545 -1.669780 -0.5683 1 0.5881 1  833 842 1281 2180 2099 1530 982 653  1 1 0 0.85 0 5 1.00 0 0 0 11.05 0.103 0.622 0.632 
1.350 2 1 1 0 0.1689 0.2955 0.2289 0.1124 0.924696 -1.669639 -0.5768 1 0.6285 1  817 851 1276 2195 2130 1560 1003 663  1 1 0 0.94 0 5 1.00 0 0 0 11.03 0.103 0.628 0.625 
1.360 2 1 1 0 0.1183 0.1893 0.2299 0.1137 0.929848 -1.669350 -0.5702 1 0.6207 1  797 848 1240 2206 2107 1590 1024 639  1 1 0 0.80 0 5 1.00 0 0 0 11.04 0.103 0.622 0.629 
1.371 2 1 1 0 0.1511 0.2892 0.2312 0.1154 0.934999 -1.669481 -0.5512 1 0.6364 1  781 797 1186 2196 2109 1597 1039 671  1 1 0 0.60 0 5 1.00 0 0 0 11.05 0.103 0.630 0.626 
1.380 2 1 1 0 0.1605 0.2324 0.2323 0.1169 0.937575 -1.669776 -0.5395 1 0.6682 1  773 769 1139 2191 2120 1626 1065 665  1 1 0 1.09 0 5 1.00 0 0 0 11.04 0.102 0.623 0.631 
1.390 2 1 1 0 0.1464 0.3217 0.2336 0.1187 0.942726 -1.669447 -0.5304 1 0.6766 1  757 763 1137 2188 2109 1653 1079 677  1 1 0 0.86 0 5 1.00 0 0 0 11.05 0.101 0.609 0.633 
1.400 2 1 1 0 0.1591 0.2087 0.2348 0.1204 0.947878 -1.669268 -0.5180 1 0.6931 1  749 737 1107 2179 2111 1667 1107 636  1 1 0 0.80 0 5 1.00 0 0 0 11.03 0.110 0.633 0.631 
1.410 2 1 1 0 0.1350 0.2569 0.2358 0.1217 0.953029 -1.668882 -0.4993 1 0.7371 1  741 716 1064 2164 2114 1707 1154 609  1 1 0 0.91 0 5 1.00 0 0 0 11.04 0.102 0.625 0.625 
1.420 2 1 1 0 0.1045 0.2507 0.2369 0.1233 0.960757 -1.668844 -0.4762 1 0.7866 1  747 712 1028 2134 2109 1747 1177 621  1 1 0 0.68 0 5 1.00 0 0 0 11.04 0.103 0.611 0.624 
1.430 2 1 1 0 0.1115 0.2466 0.2380 0.1248 0.963332 -1.668924 -0.4696 1 0.8629 1  754 732 989 2133 2118 1786 1217 616  1 1 0 0.64 0 5 1.00 0 0 0 11.05 0.103 0.633 0.627 
1.440 2 1 1 0 0.1306 0.2625 0.2390 0.1264 0.971060 -1.668992 -0.4541 1 0.9674 1  750 731 966 2117 2128 1821 1250 596  1 1 0 1.85 0 5 1.00 0 0 0 11.02 0.102 0.606 0.614 
1.450 2 1 1 0 0.1336 0.2543 0.2403 0.1282 0.976211 -1.669428 -0.4274 1 1.0646 1  774 729 946 2079 2127 1856 1283 601  1 1 0 1.75 0 5 1.00 0 0 0 11.03 0.103 0.606 0.606 
1.460 2 1 1 0 0.1615 0.2706 0.2415 0.1300 0.981363 -1.669809 -0.3945 1 1.1264 1  769 727 901 2042 2128 1856 1340 606  1 1 0 1.39 0 5 1.00 0 0 0 11.05 0.101 0.610 0.604 
1.470 2 1 1 0 0.1849 0.2696 0.2427 0.1318 0.986514 -1.669684 -0.1968 1 1.1888 1  748 719 840 1962 2108 1905 1377 624  1 1 0 -0.21 0 5 1.00 0 0 0 11.04 0.102 0.608 0.610 
1.480 2 1 1 0 0.1294 0.2440 0.2435 0.1331 0.991666 -1.669439 -0.0951 1 1.2208 1  750 736 796 1935 2122 1926 1430 637  1 1 0 0.38 0 5 1.00 0 0 0 11.02 0.102 0.604 0.738 
1.490 2 1 1 0 0.1578 0.2357 0.2449 0.1352 0.994241 -1.669063 0.0008 1 1.2463 1  763 741 767 1854 2123 1932 1462 644  1 1 0 0.07 0 5 1.00 0 0 0 11.04 0.103 0.608 0.609 
1.500 2 1 1 0 0.1580 0.2204 0.2458 0.1365 0.999393 -1.669334 0.0441 1 1.2595 1  791 757 749 1801 2133 1952 1479 627  1 1 0 0.48 0 5 1.00 0 0 0 11.03 0.102 0.603 0.611 
1.510 2 1 1 0 0.1426 0.2725 0.2469 0.1384 1.004544 -1.669647 0.0658 1 1.2731 1  805 778 763 1771 2134 1952 1518 619  1 1 0 0.47 0 5 1.00 0 0 0 11.05 0.102 0.609 0.621 
1.520 2 1 1 0 0.1581 0.2366 0.2479 0.1400 1.007120 -1.669967 0.1011 1 1.2937 1  792 788 749 1738 2123 1960 1551 628  1 1 0 0.79 0 5 1.00 0 0 0 11.06 0.102 0.596 0.610 
1.530 2 1 1 0 0.1852 0.2432 0.2491 0.1418 1.012271 -1.669967 0.1113 1 1.2883 1  784 785 744 1695 2139 1955 1551 630  1 1 0 0.96 0 5 1.00 0 0 0 11.05 0.103 0.609 0.604 
1.540 2 1 1 0 0.1859 0.2159 0.2501 0.1434 1.009696 -1.670055 0.1090 1 1.3096 1  794 785 732 1711 2145 1962 1594 641  1 1 0 1.05 0 5 1.00 0 0 0 11.05 0.101 0.606 0.614 
1.550 2 1 1 0 0.1777 0.2711 0.2512 0.1452 1.014847 -1.669869 0.1219 1 1.3250 1  802 794 729 1679 2144 1966 1618 652  1 1 0 1.09 0 5 1.00 0 0 0 11.05 0.101 0.596 0.614 
1.561 2 1 1 0 0.1755 0.2283 0.2522 0.1468 1.017422 -1.670032 0.1399 1 1.3344 1  796 794 726 1638 2138 1970 1639 663  1 1 0 0.95 0 5 1.00 0 0 0 11.04 0.102 0.606 0.611 
1.570 2 1 1 0 0.2110 0.1972 0.2535 0.1489 1.019998 -1.669666 0.1816 1 1.3751 1  777 760 710 1566 2116 1988 1673 682  1 1 0 1.04 0 5 1.00 0 0 0 11.06 0.108 0.611 0.613 
1.580 2 1 1 0 0.1893 0.2206 0.2545 0.1505 1.017422 -1.669896 0.2430 1 1.4035 1  777 742 700 1502 2069 1992 1700 714  1 1 0 0.84 0 5 1.00 0 0 0 11.04 0.102 0.611 0.612 
1.590 2 1 1 0 0.1941 0.2245 0.2556 0.1524 1.022574 -1.669596 0.3550 1 1.3734 1  758 744 689 1417 1973 1955 1739 730  1 1 0 0.37 0 5 1.00 0 0 0 11.05 0.103 0.604 0.612 
1.600 2 1 1 0 0.1795 0.1833 0.2568 0.1542 1.022574 -1.669499 0.8095 1 1.3190 1  743 751 677 1372 1871 1921 1748 750  1 1 0 -0.50 0 5 1.00 0 0 0 11.02 0.102 0.629 0.634 
1.610 2 1 1 0 0.2869 0.1696 0.2579 0.1561 1.017422 -1.669309 0.9528 1 1.2221 1  753 776 681 1381 1903 1877 1771 764  1 1 0 -0.58 0 5 1.00 0 0 0 11.04 0.102 0.631 0.638 
1.620 2 1 1 0 0.2057 0.1921 0.2590 0.1579 1.012271 -1.669201 0.3294 1 1.2309 1  782 774 683 1360 2022 1888 1796 800  1 1 0 1.25 0 5 1.00 0 0 0 11.03 0.102 0.609 0.622 
1.630 2 1 1 0 0.0960 0.3297 0.2600 0.1595 1.025149 -1.669540 0.2520 1 1.2685 1  812 800 698 1326 2109 1892 1812 809  1 1 0 1.16 0 5 1.00 0 0 0 11.05 0.101 0.610 0.607 
1.640 2 1 1 0 0.2229 0.1739 0.2610 0.1611 1.027725 -1.669988 0.2510 1 1.2795 1  831 804 702 1299 2115 1898 1819 799  1 1 0 1.17 0 5 1.00 0 0 0 11.00 0.103 0.602 0.612 
1.650 2 1 1 0 0.1460 0.2491 0.2621 0.1630 1.027725 -1.670428 0.2471 1 1.4134 1  854 813 710 1269 2124 1925 1849 851  1 1 0 2.72 0 5 1.00 0 0 0 11.03 0.102 0.612 0.609 
1.660 2 1 1 0 0.1904 0.1890 0.2631 0.1646 1.030301 -1.670818 0.2490 1 1.5691 1  874 847 721 1281 2123 1979 1878 875  1 1 0 2.80 0 5 1.00 0 0 0 11.03 0.103 0.602 0.612 
1.670 2 1 1 0 0.1772 0.1661 0.2641 0.1662 1.032876 -1.670686 0.2380 1 1.7000 1  872 871 744 1307 2126 2014 1910 906  1 1 0 2.49 0 5 1.00 0 0 0 11.04 0.103 0.609 0.651 
1.680 2 1 1 0 0.1841 0.2047 0.2651 0.1678 1.030301 -1.670296 0.2262 1 1.7689 1  875 841 739 1329 2135 2023 1933 923  1 1 0 1.65 0 5 1.00 0 0 0 11.05 0.102 0.609 0.605 
1.690 2 1 1 0 0.2052 0.2006 0.2660 0.1695 1.032876 -1.669716 0.2249 1 1.8181 1  877 853 741 1348 2117 2033 1946 905  1 1 0 1.60 0 5 1.00 0 0 0 11.05 0.103 0.612 0.593 
1.700 2 1 1 0 0.2073 0.1965 0.2670 0.1711 1.030301 -1.669522 0.2381 1 1.8116 1  876 870 746 1361 2112 2022 1942 935  1 1 0 1.63 0 5 1.00 0 0 0 11.04 0.102 0.602 0.609 
1.710 2 1 1 0 0.1678 0.1985 0.2680 0.1727 1.032876 -1.669401 0.2757 1 1.7852 1  859 825 738 1354 2058 2004 1938 907  1 1 0 1.16 0 5 1.00 0 0 0 11.04 0.102 0.596 0.616 
1.720 2 1 1 0 0.1648 0.2352 0.2689 0.1743 1.035452 -1.669416 0.2777 1 1.7600 1  848 833 722 1343 2069 2001 1934 915  1 1 0 0.77 0 5 1.00 0 0 0 11.04 0.111 0.616 0.604 
1.730 2 1 1 0 0.1488 0.1902 0.2698 0.1757 1.035452 -1.669525 0.2764 1 1.7658 1  838 833 739 1338 2070 1998 1937 930  1 1 0 1.45 0 5 1.00 0 0 0 11.05 0.102 0.601 0.614 
1.740 2 1 1 0 0.1548 0.2032 0.2707 0.1774 1.038028 -1.669330 0.2887 1 1.8309 1  837 835 732 1334 2063 2004 1954 908  1 1 0 1.91 0 5 1.00 0 0 0 11.04 0.102 0.609 0.605 
1.750 2 1 1 0 0.1696 0.2269 0.2717 0.1790 1.040603 -1.668988 0.2838 1 1.8709 1  831 825 713 1321 2066 2004 1961 920  1 1 0 1.50 0 5 1.00 0 0 0 11.06 0.165 0.664 1.060 
1.760 2 1 1 0 0.1495 0.1998 0.2727 0.1806 1.043179 -1.668666 0.3017 1 1.9041 1  827 799 695 1297 2041 2010 1973 953  1 1 0 1.42 0 5 1.00 0 0 0 11.04 0.102 0.586 0.609 
1.770 2 1 1 0 0.1387 0.2416 0.2736 0.1823 1.050906 -1.668697 0.3198 1 1.9038 1  832 805 693 1276 2023 2001 1970 947  1 1 0 1.22 0 5 1.00 0 0 0 11.03 0.108 0.612 0.605 
1.780 2 1 1 0 0.1887 0.1604 0.2744 0.1837 1.050906 -1.668951 0.3144 1 1.9078 1  843 793 728 1253 2036 2004 1974 971  1 1 0 1.31 0 5 1.00 0 0 0 11.03 0.103 0.602 0.609 
1.790 2 1 1 0 0.1524 0.2545 0.2754 0.1853 1.053481 -1.669393 0.3176 1 1.9023 1  823 804 707 1248 2031 1978 1966 968  1 1 0 1.28 0 5 1.00 0 0 0 11.05 0.102 0.604 0.614 
1.800 2 1 1 0 0.1226 0.1664 0.2763 0.1870 1.056057 -1.669677 0.3327 1 1.9072 1  835 801 708 1241 2008 1990 1973 971  1 1 0 1.31 0 5 1.00 0 0 0 11.03 0.102 0.606 0.607 
1.810 2 1 1 0 0.1908 0.2188 0.2772 0.1886 1.058633 -1.669696 0.3458 1 1.9144 1  813 775 666 1236 1998 1989 1983 970  1 1 0 1.37 0 5 1.00 0 0 0 11.07 0.103 0.603 0.612 
1.820 2 1 1 0 0.1695 0.1817 0.2781 0.1903 1.061208 -1.669583 0.3458 1 1.9462 1  800 770 666 1232 1999 2009 2014 996  1 1 0 1.76 0 5 1.00 0 0 0 11.04 0.103 0.609 0.612 
1.831 2 1 1 0 0.1654 0.1879 0.2789 0.1917 1.061208 -1.669460 0.3404 1 1.9703 1  842 802 708 1238 2003 2024 2031 1017  1 1 0 1.58 0 5 1.00 0 0 0 11.03 0.102 0.602 0.614 
1.840 2 1 1 0 0.1668 0.1960 0.2799 0.1933 1.063784 -1.669272 0.3768 1 1.9695 1  855 829 742 1238 1960 1998 2023 1028  1 1 0 1.38 0 5 1.00 0 0 0 11.05 0.103 0.602 0.612 
1.850 2 1 1 0 0.1682 0.1960 0.2808 0.1950 1.066360 -1.669125 0.5991 1 1.9615 1  889 845 741 1237 1905 1979 2015 1020  1 1 0 -1.12 0 5 1.00 0 0 0 11.02 0.101 0.614 0.606 
1.860 2 1 1 0 0.2458 0.2025 0.2818 0.1969 1.061208 -1.669029 0.7104 1 1.9753 1  862 833 734 1254 1874 1965 2034 1026  1 1 0 0.35 0 5 1.00 0 0 0 11.02 0.109 0.615 0.603 
1.870 2 1 1 0 0.1971 0.1712 0.2829 0.1988 1.061208 -1.669031 0.7740 1 1.9763 1  846 826 695 1243 1865 1946 2041 1019  1 1 0 0.78 0 5 1.00 0 0 0 11.03 0.103 0.609 0.609 
1.880 2 1 1 0 0.2030 0.2124 0.2838 0.2004 1.058633 -1.668900 0.7292 1 1.9805 1  870 820 699 1225 1896 1937 2033 1029  1 1 0 1.66 0 5 1.00 0 0 0 11.05 0.102 0.612 0.608 
1.890 2 1 1 0 0.1984 0.2088 0.2847 0.2021 1.061208 -1.669037 0.5507 1 1.9890 1  848 815 699 1197 1942 1940 2047 1025  1 1 0 2.77 0 5 1.00 0 0 0 11.05 0.102 0.611 0.615 
1.900 2 1 1 0 0.1242 0.1680 0.2855 0.2035 1.061208 -1.669180 0.3709 1 1.9998 1  835 810 710 1212 1973 1932 2054 1032  1 1 0 2.26 0 5 1.00 0 0 0 11.01 0.103 0.612 0.609 
1.910 2 1 1 0 0.1344 0.1994 0.2863 0.2049 1.066360 -1.669326 0.3452 1 1.9882 1  859 807 723 1212 2003 1931 2033 1024  1 1 0 1.43 0 5 1.00 0 0 0 11.03 0.101 0.602 0.604 
1.920 2 1 1 0 0.1634 0.1884 0.2872 0.2066 1.068935 -1.669342 0.3384 1 1.9664 1  831 819 723 1217 2007 1914 2026 1019  1 1 0 1.26 0 5 1.00 0 0 0 11.04 0.102 0.600 0.614 
1.930 2 1 1 0 0.1607 0.1761 0.2880 0.2080 1.068935 -1.669208 0.3373 1 1.9611 1  841 847 741 1234 2012 1914 2027 1027  1 1 0 1.53 0 5 1.00 0 0 0 11.04 0.102 0.600 0.614 
1.940 2 1 1 0 0.2059 0.1892 0.2890 0.2099 1.068935 -1.668854 0.3474 1 1.9442 1  831 847 747 1228 1994 1926 1998 1025  1 1 0 1.29 0 5 1.00 0 0 0 11.04 0.102 0.609 0.652 
1.950 2 1 1 0 0.1935 0.1896 0.2898 0.2113 1.068935 -1.668436 0.4318 1 1.9748 1  846 829 745 1199 1946 1941 2041 1015  1 1 0 0.98 0 5 1.00 0 0 0 11.05 0.101 0.596 0.604 
1.960 2 1 1 0 0.2171 0.2076 0.2909 0.2132 1.068935 -1.668066 0.6087 1 1.9833 1  845 838 733 1168 1916 1959 2032 1019  1 1 0 1.39 0 5 1.00 0 0 0 11.00 0.103 0.610 0.608 
1.970 2 1 1 0 0.1984 0.1911 0.2919 0.2151 1.068935 -1.667639 0.7899 1 2.0004 1  846 836 731 1168 1834 1957 2054 1010  1 1 0 0.86 0 5 1.00 0 0 0 11.03 0.103 0.611 0.615 
1.980 2 1 1 0 0.2589 0.1952 0.2928 0.2168 1.066360 -1.667698 0.8984 1 1.9904 1  844 875 720 1157 1765 1944 2052 1020  1 1 0 0.59 0 5 1.00 0 0 0 11.03 0.101 0.603 0.613 
1.990 2 1 1 0 0.2127 0.2088 0.2940 0.2189 1.063784 -1.667813 0.9732 1 1.9827 1  839 828 736 1157 1758 1911 2033 1010  1 1 0 0.32 0 5 1.00 0 0 0 11.04 0.102 0.609 0.614 
2.000 2 1 1 0 0.2607 0.1686 0.2949 0.2206 1.061208 -1.668297 1.0055 1 1.9870 1  838 833 726 1167 1792 1896 2038 1043  1 1 0 0.80 0 5 1.00 0 0 0 11.05 0.102 0.600 0.610 
2.010 2 1 1 0 0.2028 0.2087 0.2960 0.2224 1.061208 -1.668523 1.0226 1 1.9627 1  819 814 714 1162 1823 1885 2019 1022  1 1 0 0.68 0 5 1.00 0 0 0 11.04 0.102 0.609 0.614 
2.020 2 1 1 0 0.1818 0.1664 0.2968 0.2239 1.061208 -1.668860 1.0659 1 1.9677 1  813 829 701 1161 1875 1868 2038 985  1 1 0 0.73 0 5 1.00 0 0 0 11.04 0.155 0.651 1.053 
2.030 2 1 1 0 0.2403 0.1863 0.2978 0.2258 1.061208 -1.669091 1.0662 1 1.9339 1  797 848 708 1136 1891 1872 1988 1025  1 1 0 0.30 0 5 1.00 0 0 0 11.04 0.101 0.604 0.609 
2.040 2 1 1 0 0.2190 0.1997 0.2987 0.2274 1.058633 -1.669135 0.8234 1 1.9428 1  788 817 706 1118 1896 1911 2008 974  1 1 0 3.36 0 5 1.00 0 0 0 11.02 0.102 0.609 0.608 
2.050 2 1 1 0 0.1758 0.1758 0.2997 0.2291 1.056057 -1.669335 0.5716 1 1.9567 1  791 801 684 1129 1927 1980 2018 965  1 1 0 2.66 0 5 1.00 0 0 0 11.00 0.102 0.609 0.612 
2.060 2 1 1 0 0.1155 0.2237 0.3005 0.2305 1.061208 -1.669228 0.3670 1 1.9528 1  797 796 681 1165 1980 2006 2010 988  1 1 0 1.67 0 5 1.00 0 0 0 11.01 0.101 0.631 0.629 
2.070 2 1 1 0 0.1812 0.1493 0.3012 0.2319 1.061208 -1.668631 0.3483 1 1.9314 1  809 806 696 1190 2002 2022 1994 939  1 1 0 1.75 0 5 1.00 0 0 0 11.02 0.104 0.591 0.609 
2.080 2 1 1 0 0.1725 0.1988 0.3022 0.2335 1.063784 -1.667940 0.3313 1 1.9166 1  789 810 685 1222 2022 2018 1985 913  1 1 0 1.45 0 5 1.00 0 0 0 11.03 0.102 0.604 0.605 
2.090 2 1 1 0 0.2558 0.1825 0.3031 0.2352 1.061208 -1.667128 0.3394 1 1.9068 1  803 806 678 1236 2004 2020 1972 872  1 1 0 1.43 0 5 1.00 0 0 0 11.03 0.102 0.609 0.614 
2.101 2 1 1 0 0.1834 0.1969 0.3041 0.2371 1.061208 -1.666723 0.2994 1 1.8399 1  788 818 676 1278 2056 2046 1946 854  1 1 0 1.02 0 5 1.00 0 0 0 11.03 0.103 0.610 0.602 
2.110 2 1 1 0 0.2212 0.2128 0.3052 0.2390 1.061208 -1.666374 0.2782 1 1.7366 1  782 798 667 1305 2073 2022 1913 835  1 1 0 0.84 0 5 1.00 0 0 0 11.04 0.103 0.609 0.609 
2.120 2 1 1 0 0.1698 0.2192 0.3061 0.2406 1.063784 -1.666125 0.2592 1 1.6508 1  764 773 681 1307 2107 2005 1889 795  1 1 0 0.90 0 5 1.00 0 0 0 11.03 0.102 0.611 0.600 
2.130 2 1 1 0 0.1828 0.2340 0.3072 0.2425 1.068935 -1.666092 0.2593 1 1.6254 1  749 756 670 1316 2099 2016 1879 800  1 1 0 0.90 0 5 1.00 0 0 0 11.04 0.102 0.612 0.614 
2.140 2 1 1 0 0.1831 0.2433 0.3082 0.2444 1.068935 -1.665834 0.2538 1 1.6000 1  759 757 658 1327 2100 1989 1870 788  1 1 0 0.92 0 5 1.00 0 0 0 11.04 0.101 0.610 0.621 
2.150 2 1 1 0 0.1969 0.2087 0.3091 0.2461 1.071511 -1.666075 0.2488 1 1.6116 1  746 770 668 1329 2106 2033 1855 782  1 1 0 1.09 0 5 1.00 0 0 0 11.04 0.103 0.609 0.616 
2.160 2 1 1 0 0.1992 0.2721 0.3103 0.2482 1.074086 -1.666078 0.2514 1 1.5956 1  769 793 676 1334 2106 2025 1845 773  1 1 0 0.95 0 5 1.00 0 0 0 11.01 0.103 0.610 0.613 
2.170 2 1 1 0 0.1418 0.2728 0.3111 0.2496 1.079238 -1.666384 0.2466 1 1.5808 1  759 799 682 1345 2108 2013 1840 771  1 1 0 1.24 0 5 1.00 0 0 0 11.04 0.102 0.606 0.614 
2.180 2 1 1 0 0.1836 0.2481 0.3122 0.2518 1.081813 -1.666192 0.2388 1 1.5572 1  750 779 684 1366 2111 2027 1818 751  1 1 0 0.92 0 5 1.00 0 0 0 11.03 0.102 0.601 0.610 
2.190 2 1 1 0 0.1596 0.2618 0.3132 0.2537 1.086965 -1.666177 0.2170 1 1.5404 1  789 764 675 1401 2135 2004 1818 732  1 1 0 0.93 0 5 1.00 0 0 0 11.04 0.102 0.611 0.605 
2.200 2 1 1 0 0.2106 0.2111 0.3141 0.2554 1.089540 -1.666299 0.2089 1 1.5409 1  778 781 686 1423 2135 2026 1814 729  1 1 0 1.10 0 5 1.00 0 0 0 11.04 0.102 0.596 0.610 
2.210 2 1 1 0 0.1831 0.2764 0.3152 0.2575 1.092116 -1.666410 0.1914 1 1.5510 1  784 775 698 1443 2162 2042 1801 704  1 1 0 1.21 0 5 1.00 0 0 0 11.04 0.102 0.610 0.684 
2.220 2 1 1 0 0.2031 0.1920 0.3161 0.2592 1.094692 -1.666452 0.1688 1 1.5449 1  815 782 688 1485 2178 2051 1798 699  1 1 0 1.38 0 5 1.00 0 0 0 11.05 0.101 0.608 0.613 
2.230 2 1 1 0 0.1803 0.2558 0.3171 0.2611 1.094692 -1.666264 0.1498 1 1.5458 1  823 774 683 1488 2197 2053 1787 689  1 1 0 1.47 0 5 1.00 0 0 0 11.05 0.101 0.610 0.616 
2.240 2 1 1 0 0.1520 0.1669 0.3179 0.2628 1.097267 -1.666549 0.1399 1 1.5744 1  808 786 689 1518 2197 2080 1794 689  1 1 0 1.71 0 5 1.00 0 0 0 11.04 0.103 0.609 0.605 
2.250 2 1 1 0 0.1829 0.2737 0.3189 0.2648 1.097267 -1.666529 0.1261 1 1.5682 1  803 809 701 1526 2214 2071 1795 680  1 1 0 1.40 0 5 1.00 0 0 0 11.05 0.102 0.612 0.614 
2.260 2 1 1 0 0.1794 0.1820 0.3198 0.2664 1.099843 -1.667078 0.1279 1 1.5604 1  807 810 715 1524 2211 2071 1782 667  1 1 0 1.31 0 5 1.00 0 0 0 11.05 0.102 0.610 0.614 
2.270 2 1 1 0 0.2162 0.2677 0.3209 0.2686 1.102418 -1.666844 0.1348 1 1.5356 1  807 795 714 1540 2193 2068 1762 664  1 1 0 1.10 0 5 1.00 0 0 0 11.04 0.103 0.595 0.606 
2.280 2 1 1 0 0.1832 0.1754 0.3216 0.2701 1.102418 -1.667023 0.1252 1 1.5134 1  819 785 715 1569 2197 2053 1744 652  1 1 0 1.32 0 5 1.00 0 0 0 11.05 0.102 0.603 0.602 
2.290 2 1 1 0 0.1755 0.2910 0.3226 0.2720 1.107570 -1.666696 0.1371 1 1.5001 1  791 784 703 1539 2185 2056 1722 643  1 1 0 0.84 0 5 1.00 0 0 0 11.05 0.176 0.680 1.075 
2.300 2 1 1 0 0.1935 0.1996 0.3236 0.2739 1.107570 -1.666786 0.1392 1 1.4922 1  802 777 704 1554 2180 2066 1714 626  1 1 0 1.20 0 5 1.00 0 0 0 11.05 0.102 0.609 0.612 
2.310 2 1 1 0 0.1404 0.2875 0.3244 0.2756 1.110145 -1.666651 0.1253 1 1.4829 1  805 796 705 1589 2188 2062 1703 638  1 1 0 1.25 0 5 1.00 0 0 0 11.05 0.102 0.601 0.614 
2.320 2 1 1 0 0.1962 0.1997 0.3254 0.2776 1.110145 -1.667090 0.1172 1 1.4572 1  795 803 700 1602 2191 2045 1693 656  1 1 0 1.16 0 5 1.00 0 0 0 11.05 0.103 0.610 0.615 
2.330 2 1 1 0 0.1786 0.2590 0.3262 0.2793 1.112721 -1.667346 0.1212 1 1.4389 1  783 807 699 1610 2178 2035 1665 667  1 1 0 1.05 0 5 1.00 0 0 0 11.05 0.101 0.601 0.614 
2.340 2 1 1 0 0.2228 0.2366 0.3272 0.2812 1.112721 -1.667519 0.1059 1 1.4512 1  794 797 711 1625 2193 2037 1692 659  1 1 0 1.16 0 5 1.00 0 0 0 11.06 0.102 0.611 0.605 
2.350 2 1 1 0 0.1811 0.2506 0.3281 0.2831 1.117872 -1.667524 0.0990 1 1.4438 1  797 816 725 1653 2172 2039 1682 649  1 1 0 1.12 0 5 1.00 0 0 0 11.05 0.101 0.609 0.610 
2.360 2 1 1 0 0.1848 0.2166 0.3289 0.2848 1.120448 -1.667809 0.1078 1 1.4294 1  810 844 740 1660 2159 2031 1665 582  1 1 0 1.03 0 5 1.00 0 0 0 11.05 0.102 0.596 0.608 
2.371 2 1 1 0 0.1858 0.2048 0.3299 0.2868 1.120448 -1.668173 0.1108 1 1.4194 1  834 843 762 1663 2148 2038 1640 604  1 1 0 0.93 0 5 1.00 0 0 0 11.04 0.103 0.609 0.616 
2.380 2 1 1 0 0.1839 0.2536 0.3307 0.2885 1.123024 -1.668406 0.0870 1 1.4202 1  842 867 755 1685 2174 2037 1642 634  1 1 0 1.41 0 5 1.00 0 0 0 11.05 0.102 0.611 0.608 
2.390 2 1 1 0 0.1785 0.2211 0.3316 0.2904 1.123024 -1.668453 0.0883 1 1.4213 1  828 769 719 1679 2178 2034 1646 624  1 1 0 1.16 0 5 1.00 0 0 0 11.04 0.103 0.596 0.616 
2.400 2 1 1 0 0.1837 0.2259 0.3325 0.2922 1.125599 -1.668532 0.0940 1 1.4216 1  799 778 700 1661 2178 2038 1638 632  1 1 0 1.09 0 5 1.00 0 0 0 11.05 0.102 0.608 0.605 
2.410 2 1 1 0 0.1749 0.2044 0.3333 0.2939 1.128175 -1.668440 0.0838 1 1.4186 1  766 818 751 1675 2186 2044 1627 636  1 1 0 1.29 0 5 1.00 0 0 0 11.05 0.103 0.604 0.612 
2.420 2 1 1 0 0.1882 0.2125 0.3341 0.2956 1.125599 -1.668395 0.0961 1 1.4276 1  793 802 772 1675 2175 2050 1642 611  1 1 0 1.44 0 5 1.00 0 0 0 11.05 0.103 0.604 0.612 
2.430 2 1 1 0 0.1752 0.2156 0.3349 0.2973 1.128175 -1.668497 0.1114 1 1.4248 1  806 804 738 1679 2148 2044 1637 638  1 1 0 1.16 0 5 1.00 0 0 0 11.05 0.102 0.603 0.610 
2.440 2 1 1 0 0.1983 0.2314 0.3358 0.2992 1.128175 -1.668638 0.1163 1 1.3948 1  790 793 756 1704 2126 2027 1602 623  1 1 0 0.79 0 5 1.00 0 0 0 11.05 0.102 0.608 0.613 
2.450 2 1 1 0 0.1643 0.2402 0.3366 0.3009 1.130750 -1.668632 0.1252 1 1.3547 1  785 756 745 1728 2107 2005 1578 638  1 1 0 0.68 0 5 1.00 0 0 0 11.05 0.101 0.603 0.613 
2.460 2 1 1 0 0.1659 0.1766 0.3374 0.3027 1.128175 -1.668713 0.1106 1 1.2918 1  786 774 770 1761 2109 1950 1550 650  1 1 0 0.71 0 5 1.00 0 0 0 11.04 0.102 0.611 0.606 
2.470 2 1 1 0 0.1878 0.2263 0.3383 0.3044 1.130750 -1.668582 0.0704 1 1.2144 1  793 790 827 1807 2117 1906 1518 639  1 1 0 0.82 0 5 1.00 0 0 0 11.05 0.101 0.604 0.616 
2.480 2 1 1 0 0.1912 0.1694 0.3391 0.3061 1.133326 -1.668825 0.0075 1 1.1519 1  800 798 893 1873 2121 1859 1458 634  1 1 0 1.13 0 5 1.00 0 0 0 11.01 0.101 0.611 0.665 
2.490 2 1 1 0 0.1711 0.2363 0.3399 0.3078 1.135902 -1.668949 -0.1410 1 1.1110 1  803 794 945 1958 2128 1852 1425 628  1 1 0 1.18 0 5 1.00 0 0 0 11.04 0.102 0.611 0.606 
2.500 2 1 1 0 0.1541 0.1820 0.3407 0.3095 1.138477 -1.669071 -0.2770 1 1.1808 1  778 785 984 2001 2135 1891 1425 641  1 1 0 1.84 0 5 1.00 0 0 0 11.00 0.103 0.635 0.612 
2.510 2 1 1 0 0.1452 0.2121 0.3415 0.3112 1.141053 -1.668913 -0.4078 1 1.1728 1  808 781 1040 2064 2141 1880 1380 623  1 1 0 3.23 0 5 1.00 0 0 0 11.02 0.102 0.633 0.630 
2.520 2 1 1 0 0.1590 0.1722 0.3422 0.3130 1.143629 -1.668784 -0.4392 1 1.0245 1  811 785 1088 2093 2146 1826 1335 640  1 1 0 0.07 0 5 1.00 0 0 0 11.02 0.103 0.630 0.624 
2.530 2 1 1 0 0.1399 0.2299 0.3430 0.3147 1.146204 -1.668653 -0.4694 1 0.9818 1  825 784 1083 2122 2148 1813 1278 645  1 1 0 0.90 0 5 1.00 0 0 0 11.02 0.103 0.630 0.618 
2.540 2 1 1 0 0.1546 0.2073 0.3438 0.3164 1.148780 -1.668405 -0.5154 1 0.8668 1  814 781 1071 2189 2153 1759 1226 663  1 1 0 0.75 0 5 1.00 0 0 0 11.03 0.101 0.630 0.636 
2.550 2 1 1 0 0.1526 0.2841 0.3447 0.3184 1.153931 -1.668427 -0.5292 1 0.7748 1  788 773 1113 2192 2139 1711 1151 651  1 1 0 0.79 0 5 1.00 0 0 0 11.02 0.110 0.632 0.635 
2.560 2 1 1 0 0.1411 0.2353 0.3453 0.3199 1.159082 -1.668130 -0.5312 1 0.7484 1  792 776 1149 2193 2136 1692 1128 667  1 1 0 0.78 0 5 1.00 0 0 0 11.03 0.152 0.654 1.051 
2.570 2 1 1 0 0.1728 0.2516 0.3461 0.3216 1.161658 -1.667929 -0.5220 1 0.6653 1  812 785 1159 2154 2112 1621 1089 685  1 1 0 0.24 0 5 1.00 0 0 0 11.04 0.102 0.602 0.613 
2.580 2 1 1 0 0.1442 0.2679 0.3470 0.3236 1.166809 -1.667686 -0.5426 1 0.6570 1  822 818 1194 2191 2116 1609 1058 669  1 1 0 0.87 0 5 1.00 0 0 0 11.04 0.103 0.596 0.612 
2.590 2 1 1 0 0.1221 0.2413 0.3477 0.3253 1.174536 -1.667331 -0.5432 1 0.6519 1  858 855 1221 2174 2125 1587 980 657  1 1 0 0.69 0 5 1.00 0 0 0 11.04 0.102 0.609 0.603 
2.600 2 1 1 0 0.1408 0.2691 0.3485 0.3273 1.179688 -1.667006 -0.5678 1 0.6491 1  834 872 1266 2188 2127 1594 936 665  1 1 0 1.03 0 5 1.00 0 0 0 11.04 0.103 0.591 0.602 
2.610 2 1 1 0 0.1401 0.2119 0.3493 0.3291 1.182263 -1.667172 -0.5866 1 0.6444 1  850 891 1297 2194 2138 1560 942 679  1 1 0 0.93 0 5 1.00 0 0 0 11.04 0.103 0.608 0.616 
2.620 2 1 1 0 0.1415 0.2803 0.3500 0.3308 1.189990 -1.666925 -0.6174 1 0.6271 1  825 927 1336 2222 2128 1537 925 671  1 1 0 0.87 0 5 1.00 0 0 0 11.05 0.103 0.612 0.610 
2.630 2 1 1 0 0.1795 0.2688 0.3509 0.3331 1.192566 -1.667032 -0.6391 1 0.6150 1  849 934 1376 2222 2128 1514 938 657  1 1 0 1.02 0 5 1.00 0 0 0 11.05 0.109 0.609 0.605 
2.641 2 1 1 0 0.1383 0.2205 0.3516 0.3349 1.200293 -1.666917 -0.6627 1 0.6097 1  821 952 1403 2210 2139 1489 921 671  1 1 0 0.94 0 5 1.00 0 0 0 11.05 0.103 0.610 0.602 
2.650 2 1 1 0 0.1486 0.2805 0.3522 0.3366 1.202868 -1.666797 -0.6801 1 0.6080 1  835 959 1426 2226 2138 1485 888 673  1 1 0 0.98 0 5 1.00 0 0 0 11.06 0.102 0.606 0.621 
2.660 2 1 1 0 0.1654 0.1976 0.3529 0.3384 1.205444 -1.666671 -0.7251 1 0.5890 1  842 987 1475 2236 2121 1477 958 660  1 1 0 1.16 0 5 1.00 0 0 0 11.03 0.102 0.624 0.631 
2.670 2 1 1 0 0.1279 0.3097 0.3538 0.3407 1.213171 -1.666606 -0.7512 1 0.5753 1  868 1032 1532 2203 2111 1445 1018 652  1 1 0 0.78 0 5 1.00 0 0 0 11.05 0.103 0.629 0.626 
2.680 2 1 1 0 0.1592 0.2324 0.3543 0.3422 1.218322 -1.666499 -0.8466 1 0.5302 1  873 1068 1583 2216 2083 1370 968 653  1 1 0 1.13 0 5 1.00 0 0 0 11.03 0.102 0.628 0.625 
2.690 2 1 1 0 0.1713 0.2588 0.3551 0.3442 1.223473 -1.666373 -0.9319 1 0.4998 1  892 1091 1620 2212 2077 1335 960 668  1 1 0 1.42 0 5 1.00 0 0 0 11.05 0.101 0.630 0.629 
2.700 2 1 1 0 0.1214 0.2561 0.3557 0.3460 1.226049 -1.666039 -1.0455 1 0.4707 1  908 1184 1660 2211 2044 1300 950 662  1 1 0 1.58 0 5 1.00 0 0 0 11.02 0.102 0.628 0.626 
2.710 2 1 1 0 0.1596 0.2520 0.3565 0.3480 1.231200 -1.665845 -1.1522 1 0.4731 1  907 1203 1686 2225 2044 1282 978 649  1 1 0 1.02 0 5 1.00 0 0 0 11.03 0.102 0.628 0.634 
2.720 2 1 1 0 0.1240 0.2723 0.3571 0.3498 1.238927 -1.665520 -1.1818 1 0.4519 1  918 1259 1713 2232 2029 1265 966 693  1 1 0 1.21 0 5 1.00 0 0 0 11.04 0.102 0.615 0.630 
2.730 2 1 1 0 0.1121 0.2364 0.3577 0.3516 1.246654 -1.665301 -1.2097 1 0.4200 1  930 1256 1736 2220 1996 1231 968 652  1 1 0 0.97 0 5 1.00 0 0 0 11.02 0.102 0.609 0.637 
2.740 2 1 1 0 0.0947 0.2935 0.3583 0.3534 1.254381 -1.664850 -1.2275 1 0.3869 1  986 1262 1752 2211 1966 1167 984 702  1 1 0 0.70 0 5 1.00 0 0 0 11.04 0.101 0.628 0.624 
2.750 2 1 1 0 0.1389 0.2718 0.3590 0.3555 1.259532 -1.664218 -1.2261 1 0.3341 1  1011 1307 1742 2207 1953 1148 982 673  1 1 0 0.37 0 5 1.00 0 0 0 11.04 0.102 0.626 0.688 
2.760 2 1 1 0 0.1419 0.2571 0.3596 0.3575 1.264683 -1.664142 -1.2423 1 0.2597 1  1010 1316 1765 2196 1930 1113 960 654  1 1 0 0.62 0 5 1.00 0 0 0 11.02 0.103 0.629 0.632 
2.770 2 1 1 0 0.1213 0.2743 0.3602 0.3593 1.272410 -1.663991 -1.2393 1 0.1342 1  986 1296 1759 2188 1878 1094 928 638  1 1 0 -0.72 0 5 1.00 0 0 0 11.04 0.102 0.612 0.628 
2.780 2 1 1 0 0.1347 0.2994 0.3607 0.3611 1.280137 -1.664263 -1.2521 1 0.0860 1  981 1328 1764 2189 1857 1073 910 665  1 1 0 -0.11 0 5 1.00 0 0 0 11.05 0.102 0.615 0.626 
2.790 2 1 1 0 0.1644 0.2681 0.3614 0.3635 1.287864 -1.664444 -1.2899 1 0.0880 1  1000 1346 1787 2188 1856 1074 936 730  1 1 0 1.21 0 5 1.00 0 0 0 11.04 0.101 0.623 0.616 
2.800 2 1 1 0 0.1026 0.3037 0.3619 0.3653 1.295591 -1.664644 -1.2950 1 0.0613 1  1016 1359 1802 2204 1848 1032 957 700  1 1 0 0.98 0 5 1.00 0 0 0 11.04 0.101 0.614 0.628 
2.810 2 1 1 0 0.1127 0.3312 0.3625 0.3674 1.300742 -1.664832 -1.3064 1 0.0469 1  1012 1358 1812 2208 1819 1014 943 680  1 1 0 0.72 0 5 1.00 0 0 0 11.04 0.102 0.626 0.630 
2.820 2 1 1 0 0.1285 0.2491 0.3631 0.3695 1.311045 -1.665022 -1.3054 1 0.0574 1  1016 1340 1821 2224 1821 1010 948 684  1 1 0 0.69 0 5 1.00 0 0 0 11.04 0.102 0.621 0.623 
2.830 2 1 1 0 0.1206 0.3499 0.3636 0.3716 1.321347 -1.664847 -1.3055 1 0.0402 1  1027 1327 1817 2219 1807 974 955 686  1 1 0 0.41 0 5 1.00 0 0 0 11.05 0.182 0.705 1.079 
2.840 2 1 1 0 0.1298 0.2887 0.3641 0.3734 1.329074 -1.665337 -1.3254 1 0.0313 1  992 1356 1824 2232 1793 999 952 674  1 1 0 0.65 0 5 1.00 0 0 0 11.02 0.103 0.627 0.617 
2.850 2 1 1 0 0.1230 0.2343 0.3646 0.3755 1.334226 -1.665875 -1.3279 1 0.0405 1  981 1370 1831 2241 1792 985 948 655  1 1 0 0.59 0 5 1.00 0 0 0 11.03 0.102 0.612 0.625 
2.860 2 1 1 0 0.1352 0.3489 0.3652 0.3779 1.341953 -1.665942 -1.3507 1 0.0239 1  1028 1403 1846 2231 1784 970 933 647  1 1 0 0.68 0 5 1.00 0 0 0 11.05 0.102 0.616 0.615 
2.870 2 1 1 0 0.1386 0.2629 0.3656 0.3797 1.349679 -1.666157 -1.3323 1 0.0085 1  1014 1428 1803 2211 1786 940 935 658  1 1 0 0.40 0 5 1.00 0 0 0 11.03 0.103 0.625 0.632 
2.880 2 1 1 0 0.1218 0.2554 0.3661 0.3818 1.359982 -1.666477 -1.3904 1 -0.0059 1  985 1469 1862 2206 1776 958 958 657  1 1 0 0.72 0 5 1.00 0 0 0 11.04 0.103 0.625 0.617 
2.890 2 1 1 0 0.1548 0.3647 0.3665 0.3840 1.365133 -1.666450 -1.4353 1 -0.0275 1  1029 1510 1892 2198 1763 950 941 634  1 1 0 0.58 0 5 1.00 0 0 0 11.03 0.101 0.613 0.630 
2.900 2 1 1 0 0.0839 0.2537 0.3669 0.3861 1.375436 -1.666674 -1.4358 1 -0.0407 1  1061 1537 1870 2212 1736 937 936 641  1 1 0 0.78 0 5 1.00 0 0 0 11.05 0.102 0.615 0.622 
2.911 2 1 1 0 0.1600 0.2772 0.3673 0.3879 1.383163 -1.666675 -1.3960 1 -0.0377 1  1155 1554 1827 2206 1741 922 901 648  1 1 0 0.39 0 5 1.00 0 0 0 11.02 0.103 0.622 0.628 
2.920 2 1 1 0 0.1258 0.3201 0.3677 0.3903 1.390890 -1.667016 -1.4331 1 -0.0088 1  1145 1629 1824 2245 1736 911 902 672  1 1 0 0.77 0 5 1.00 0 0 0 11.04 0.103 0.623 0.617 
2.930 2 1 1 0 0.1320 0.2885 0.3681 0.3922 1.398617 -1.667029 -1.5319 1 -0.0422 1  1156 1730 1835 2211 1729 909 950 699  1 1 0 0.86 0 5 1.00 0 0 0 11.02 0.102 0.615 0.629 
2.940 2 1 1 0 0.1209 0.3071 0.3684 0.3943 1.408919 -1.667297 -1.6197 1 -0.0741 1  1230 1784 1847 2198 1699 894 907 704  1 1 0 0.72 0 5 1.00 0 0 0 11.04 0.101 0.611 0.624 
2.950 2 1 1 0 0.1242 0.2627 0.3687 0.3962 1.416646 -1.667274 -1.7714 1 -0.0782 1  1276 1860 1849 2228 1660 891 955 690  1 1 0 2.40 0 5 1.00 0 0 0 11.02 0.102 0.615 0.630 
2.960 2 1 1 0 0.0979 0.3241 0.3691 0.3986 1.429524 -1.667438 -1.9226 1 -0.0981 1  1341 1905 1875 2232 1611 877 986 703  1 1 0 1.94 0 5 1.00 0 0 0 11.04 0.101 0.622 0.616 
2.970 2 1 1 0 0.0919 0.3949 0.3694 0.4007 1.439827 -1.667503 -1.9842 1 -0.1341 1  1313 1973 1877 2231 1561 889 953 687  1 1 0 1.01 0 5 1.00 0 0 0 11.03 0.102 0.613 0.631 
2.980 2 1 1 0 0.0589 0.3141 0.3696 0.4026 1.452705 -1.667298 -1.9938 1 -0.1730 1  1347 1953 1874 2175 1539 909 978 670  1 1 0 0.47 0 5 1.00 0 0 0 11.04 0.108 0.622 0.624 
2.990 2 1 1 0 0.1166 0.2726 0.3699 0.4048 1.463007 -1.667098 -2.0480 1 -0.1732 1  1383 2011 1879 2187 1528 916 997 659  1 1 0 1.55 0 5 1.00 0 0 0 11.04 0.102 0.616 0.614 
3.000 2 1 1 0 0.0904 0.4012 0.3701 0.4069 1.473310 -1.666616 -2.0471 1 -0.2213 1  1393 2020 1872 2160 1494 905 947 662  1 1 0 0.78 0 5 1.00 0 0 0 11.05 0.103 0.606 0.623 
3.010 2 1 1 0 0.0893 0.2937 0.3702 0.4085 1.483613 -1.666563 -2.0398 1 -0.2815 1  1407 2003 1880 2111 1423 892 957 644  1 1 0 0.57 0 5 1.00 0 0 0 11.04 0.102 0.615 0.625 
3.020 2 1 1 0 0.0766 0.2718 0.3704 0.4107 1.493915 -1.666188 -2.0799 1 -0.3365 1  1393 2064 1886 2043 1416 867 943 655  1 1 0 0.20 0 5 1.00 0 0 0 11.04 0.102 0.612 0.700 
3.030 2 1 1 0 0.0830 0.3567 0.3706 0.4129 1.509369 -1.665762 -2.0678 1 -0.3500 1  1394 2035 1891 2047 1326 845 924 666  1 1 0 0.33 0 5 1.00 0 0 0 11.05 0.103 0.622 0.608 
3.040 2 1 1 0 0.0829 0.3844 0.3707 0.4150 1.519671 -1.666015 -2.0972 1 -0.3720 1  1392 2065 1899 2030 1259 841 900 659  1 1 0 0.62 0 5 1.00 0 0 0 11.04 0.102 0.616 0.622 
3.050 2 1 1 0 0.0808 0.2448 0.3708 0.4166 1.529974 -1.666167 -2.0772 1 -0.3407 1  1406 2048 1896 2074 1239 840 898 646  1 1 0 0.90 0 5 1.00 0 0 0 11.04 0.102 0.615 0.626 
3.060 2 1 1 0 0.0976 0.3818 0.3708 0.4191 1.542852 -1.666133 -2.0671 1 -0.3225 1  1414 2042 1888 2088 1262 852 928 645  1 1 0 0.57 0 5 1.00 0 0 0 11.05 0.102 0.611 0.623 
3.070 2 1 1 0 0.0603 0.3375 0.3709 0.4212 1.553155 -1.666595 -2.0336 1 -0.3370 1  1407 1988 1873 2067 1240 856 936 656  1 1 0 0.47 0 5 1.00 0 0 0 11.05 0.103 0.616 0.622 
3.080 2 1 1 0 0.0866 0.2818 0.3709 0.4231 1.566033 -1.666562 -2.0429 1 -0.3493 1  1399 2010 1873 2055 1230 873 958 631  1 1 0 0.30 0 5 1.00 0 0 0 11.04 0.102 0.621 0.612 
3.090 2 1 1 0 0.0586 0.3427 0.3709 0.4250 1.578911 -1.666819 -2.0580 1 -0.3680 1  1394 2024 1861 2038 1212 867 917 636  1 1 0 0.43 0 5 1.00 0 0 0 11.05 0.102 0.622 0.622 
3.100 2 1 1 0 0.1053 0.3234 0.3709 0.4272 1.589214 -1.667042 -2.0555 1 -0.3715 1  1392 2024 1863 2034 1198 862 922 648  1 1 0 0.51 0 5 1.00 0 0 0 11.05 0.171 0.686 1.071 
3.110 2 1 1 0 0.0763 0.2775 0.3708 0.4293 1.599516 -1.667558 -2.0443 1 -0.4228 1  1376 2018 1849 2012 1185 858 928 663  1 1 0 0.07 0 5 1.00 0 0 0 11.04 0.102 0.615 0.615 
3.120 2 1 1 0 0.1111 0.3556 0.3708 0.4315 1.609819 -1.667390 -1.9829 1 -0.4441 1  1364 1942 1849 2005 1166 854 917 663  1 1 0 -0.35 0 5 1.00 0 0 0 11.05 0.103 0.611 0.614 
3.130 2 1 1 0 0.0544 0.3072 0.3707 0.4331 1.620121 -1.667658 -2.0040 1 -0.4601 1  1342 1978 1855 2002 1186 847 918 648  1 1 0 0.53 0 5 1.00 0 0 0 11.04 0.103 0.613 0.623 
3.140 2 1 1 0 0.1142 0.2949 0.3706 0.4353 1.630424 -1.667178 -1.9916 1 -0.4097 1  1336 1968 1866 2022 1201 802 940 688  1 1 0 0.97 0 5 1.00 0 0 0 11.04 0.102 0.611 0.622 
3.150 2 1 1 0 0.0609 0.3643 0.3704 0.4372 1.643302 -1.667618 -1.9855 1 -0.3796 1  1331 1962 1851 2027 1166 820 928 664  1 1 0 0.60 0 5 1.00 0 0 0 11.05 0.101 0.611 0.625 
3.160 2 1 1 0 0.1359 0.3698 0.3703 0.4393 1.653605 -1.667860 -1.9694 1 -0.4001 1  1311 1945 1842 2019 1185 838 915 675  1 1 0 0.37 0 5 1.00 0 0 0 11.04 0.103 0.611 0.628 
3.170 2 1 1 0 0.0768 0.2760 0.3701 0.4415 1.663907 -1.667911 -1.9633 1 -0.4902 1  1287 1942 1812 1994 1185 832 896 674  1 1 0 -0.33 0 5 1.00 0 0 0 11.03 0.102 0.609 0.626 
3.181 2 1 1 0 0.1141 0.2820 0.3699 0.4436 1.674210 -1.667704 -1.9445 1 -0.4950 1  1279 1917 1808 1996 1173 827 908 671  1 1 0 0.41 0 5 1.00 0 0 0 11.02 0.103 0.615 0.614 
3.190 2 1 1 0 0.0863 0.3632 0.3697 0.4455 1.687088 -1.667824 -1.9354 1 -0.4531 1  1284 1917 1854 2002 1178 873 907 630  1 1 0 0.64 0 5 1.00 0 0 0 11.04 0.102 0.616 0.625 
3.200 2 1 1 0 0.1130 0.2828 0.3694 0.4474 1.694815 -1.667896 -1.9303 1 -0.4153 1  1305 1912 1866 2016 1192 833 910 622  1 1 0 1.01 0 5 1.00 0 0 0 11.03 0.103 0.611 0.623 
3.210 2 1 1 0 0.0667 0.2830 0.3692 0.4495 1.705117 -1.668023 -1.9488 1 -0.3754 1  1322 1939 1839 2038 1206 843 906 627  1 1 0 0.91 0 5 1.00 0 0 0 11.03 0.102 0.621 0.625 
3.220 2 1 1 0 0.0949 0.3205 0.3689 0.4514 1.717995 -1.668086 -1.9757 1 -0.3871 1  1358 1951 1792 2026 1214 808 897 615  1 1 0 1.03 0 5 1.00 0 0 0 11.00 0.102 0.624 0.614 
3.230 2 1 1 0 0.0563 0.3217 0.3686 0.4536 1.728298 -1.668462 -2.0087 1 -0.3923 1  1383 1978 1836 2021 1218 812 884 601  1 1 0 0.99 0 5 1.00 0 0 0 11.03 0.103 0.615 0.616 
3.240 2 1 1 0 0.1358 0.2857 0.3682 0.4557 1.738600 -1.668393 -2.0343 1 -0.4502 1  1459 1993 1870 2007 1226 843 873 595  1 1 0 0.28 0 5 1.00 0 0 0 11.02 0.108 0.622 0.626 
3.250 2 1 1 0 0.0515 0.3427 0.3679 0.4573 1.748903 -1.668672 -2.0674 1 -0.3447 1  1475 2023 1858 2064 1242 772 879 598  1 1 0 2.18 0 5 1.00 0 0 0 11.02 0.103 0.615 0.616 
3.260 2 1 1 0 0.1467 0.2844 0.3675 0.4594 1.759206 -1.668253 -2.0799 1 -0.3253 1  1480 2039 1886 2080 1273 791 874 601  1 1 0 1.05 0 5 1.00 0 0 0 11.01 0.102 0.609 0.624 
3.270 2 1 1 0 0.0491 0.3950 0.3672 0.4613 1.772084 -1.668272 -2.0967 1 -0.2786 1  1476 2050 1876 2145 1304 832 879 605  1 1 0 1.16 0 5 1.00 0 0 0 11.01 0.102 0.611 0.616 
3.280 2 1 1 0 0.0799 0.2826 0.3668 0.4629 1.782386 -1.667681 -2.1059 1 -0.2874 1  1478 2055 1880 2118 1329 843 885 603  1 1 0 0.52 0 5 1.00 0 0 0 11.03 0.103 0.613 0.623 
3.290 2 1 1 0 0.0651 0.3112 0.3664 0.4650 1.797840 -1.668138 -2.1085 1 -0.2929 1  1504 2045 1890 2106 1330 801 855 592  1 1 0 0.86 0 5 1.00 0 0 0 11.04 0.102 0.621 0.696 
3.300 2 1 1 0 0.0836 0.3603 0.3659 0.4671 1.808143 -1.667495 -2.1113 1 -0.2946 1  1521 2052 1886 2110 1329 797 869 600  1 1 0 0.82 0 5 1.00 0 0 0 11.07 0.102 0.611 0.623 
3.310 2 1 1 0 0.0645 0.3843 0.3654 0.4689 1.821021 -1.667832 -2.1192 1 -0.3096 1  1543 2055 1868 2092 1329 789 876 596  1 1 0 0.76 0 5 1.00 0 0 0 11.04 0.103 0.622 0.624 
3.320 2 1 1 0 0.0623 0.2814 0.3649 0.4708 1.833899 -1.667863 -2.1104 1 -0.3539 1  1507 2051 1858 2042 1326 786 868 605  1 1 0 0.39 0 5 1.00 0 0 0 11.04 0.102 0.624 0.611 
3.330 2 1 1 0 0.0548 0.3518 0.3644 0.4726 1.846777 -1.667929 -2.1385 1 -0.4258 1  1560 2058 1868 2004 1287 794 823 591  1 1 0 0.26 0 5 1.00 0 0 0 11.04 0.102 0.609 0.626 
3.340 2 1 1 0 0.0512 0.3528 0.3639 0.4744 1.859655 -1.667907 -2.1621 1 -0.4887 1  1580 2059 1873 1991 1211 792 838 591  1 1 0 -0.32 0 5 1.00 0 0 0 11.04 0.101 0.616 0.614 
3.350 2 1 1 0 0.0674 0.3719 0.3633 0.4765 1.869958 -1.668086 -2.1598 1 -0.6178 1  1535 2109 1882 1920 1136 793 794 598  1 1 0 -1.16 0 5 1.00 0 0 0 11.04 0.103 0.616 0.624 
3.360 2 1 1 0 0.0614 0.3032 0.3627 0.4783 1.882836 -1.667888 -2.1602 1 -0.6063 1  1553 2094 1883 1919 1098 807 869 605  1 1 0 -0.13 0 5 1.00 0 0 0 11.03 0.102 0.611 0.626 
3.370 2 1 1 0 0.0525 0.3559 0.3621 0.4801 1.895714 -1.667495 -2.1761 1 -0.5808 1  1548 2088 1884 1932 1072 795 905 600  1 1 0 0.43 0 5 1.00 0 0 0 11.04 0.178 0.690 1.076 
3.380 2 1 1 0 0.0531 0.3235 0.3615 0.4819 1.908592 -1.667454 -2.1765 1 -0.6198 1  1536 2120 1871 1915 1060 798 879 595  1 1 0 0.58 0 5 1.00 0 0 0 11.04 0.102 0.625 0.630 
