%% logfile from robot Thit (86)
% Thit (86)
%  1    time 0.203 sec
%  2  3  4  5   (mission 0), state 2, entered (thread 1, line 1), events 0x0 (bit-flags)
%  6  7 Wheel velocity [m/s] left, right: 0.0575 0.1847
%  8  9 10 11 Pose x,y,h,tilt [m,m,rad,rad]: 0.00170016 0.00277949 0.46106 -1.66814
% 12 .. 33 Edge sensor: left -0.512387 1, right 0.467698 1, values 1088 1102 1414 2092 2036 1357 1139 731, 
%    white 1, used 1, LEDhigh=0, xingVal=-0.46 xlcnt=0 lvcnt=5,LineVal=1.00, lineLow=0, lineHi=0, edgeAngle=0.
% whitelevel=[2447 2346 2088 2520 2452 2316 2458 1831];
% blacklevel=[55 43 40 50 7 44 2 8];
% 34    Battery voltage [V]: 10.62
% 35 37 read sensor time [ms]: 0.103 and ctrl time 0.586, cycleEnd 0.596
0.203 2 1 1 0 0.0575 0.1847 0.0017 0.0028 0.461060 -1.668141 -0.5124 1 0.4677 1  1088 1102 1414 2092 2036 1357 1139 731  1 1 0 -0.46 0 5 1.00 0 0 0 10.62 0.103 0.586 0.596 
0.213 2 1 1 0 0.1111 0.5631 0.0041 0.0040 0.476515 -1.669850 -0.4927 1 0.4866 1  1094 1075 1407 2083 2036 1431 1099 729  1 1 0 -0.30 0 5 1.00 0 0 0 10.74 0.103 0.603 0.601 
0.223 2 1 1 0 0.2550 0.3110 0.0070 0.0055 0.481666 -1.670920 -0.5132 1 0.4880 1  1058 1065 1378 2102 2038 1449 1097 719  1 1 0 0.76 0 5 1.00 0 0 0 10.77 0.102 0.586 0.590 
0.233 2 1 1 0 0.2579 0.3505 0.0096 0.0069 0.489393 -1.674599 -0.5133 1 0.4986 1  1078 1109 1359 2111 2035 1499 1094 682  1 1 0 1.13 0 5 1.00 0 0 0 10.72 0.102 0.583 0.582 
0.243 2 1 1 0 0.2676 0.2604 0.0125 0.0084 0.484242 -1.672107 -0.5136 1 0.5686 1  1078 1091 1350 2102 2061 1565 1084 689  1 1 0 1.62 0 5 1.00 0 0 0 10.70 0.103 0.580 0.584 
0.253 2 1 1 0 0.3849 0.3640 0.0156 0.0100 0.486818 -1.671949 -0.5164 1 0.5532 1  1108 1122 1288 2130 2058 1556 1108 713  1 1 0 0.89 0 5 1.00 0 0 0 10.79 0.102 0.581 0.591 
0.263 2 1 1 0 0.3697 0.4088 0.0189 0.0118 0.491969 -1.678120 -0.4835 1 0.6095 1  1095 1113 1284 2096 2057 1651 1168 753  1 1 0 0.82 0 5 1.00 0 0 0 10.81 0.109 0.590 0.632 
0.273 2 1 1 0 0.4502 0.3981 0.0225 0.0137 0.489393 -1.677401 -0.4392 1 0.6573 1  1121 1042 1185 2066 2055 1705 1254 775  1 1 0 0.76 0 5 1.00 0 0 0 10.80 0.103 0.591 0.582 
0.283 2 1 1 0 0.3721 0.4900 0.0261 0.0156 0.486818 -1.677046 -0.3890 1 0.7954 1  1062 1006 1132 2030 2080 1783 1314 785  1 1 0 1.61 0 5 1.00 0 0 0 10.82 0.101 0.581 0.590 
0.293 2 1 1 0 0.5616 0.2576 0.0295 0.0174 0.481666 -1.675258 -0.1958 1 1.0514 1  1117 1016 1079 1990 2073 1855 1350 790  1 1 0 1.84 0 5 1.00 0 0 0 10.83 0.103 0.603 0.610 
0.303 2 1 1 0 0.5730 0.3826 0.0333 0.0194 0.471363 -1.675322 -0.0556 1 1.1897 1  1109 1050 1005 1920 2089 1912 1455 806  1 1 0 0.92 0 5 1.00 0 0 0 10.69 0.102 0.602 0.609 
0.313 2 1 1 0 0.6137 0.0524 0.0360 0.0207 0.443030 -1.675897 0.0532 1 1.2261 1  1054 959 919 1841 2088 1917 1554 819  1 1 0 0.11 0 5 1.00 0 0 0 10.81 0.103 0.592 0.609 
0.323 2 1 1 0 0.5372 0.0266 0.0387 0.0219 0.414696 -1.677619 0.1011 1 1.3004 1  1067 930 918 1781 2105 1957 1618 805  1 1 0 0.66 0 5 1.00 0 0 0 10.73 0.101 0.602 0.609 
0.333 2 1 1 0 0.6244 0.0178 0.0414 0.0231 0.386363 -1.677976 0.1666 1 1.2626 1  1050 901 904 1745 2074 1920 1653 765  1 1 0 -0.64 0 5 1.00 0 0 0 10.79 0.103 0.606 0.606 
0.343 2 1 1 0 0.7320 0.0134 0.0444 0.0243 0.355454 -1.678469 0.1912 1 1.3170 1  954 920 972 1694 2084 1940 1713 849  1 1 0 -0.41 0 5 1.00 0 0 0 10.81 0.173 0.680 1.072 
0.353 2 1 1 0 0.6248 0.0118 0.0478 0.0254 0.327121 -1.680132 0.2128 1 1.3464 1  943 942 935 1652 2066 1949 1708 808  1 1 0 -0.53 0 5 1.00 0 0 0 10.83 0.103 0.611 0.614 
0.363 2 1 1 0 0.7722 0.3031 0.0521 0.0268 0.303939 -1.681927 0.2063 1 1.3674 1  972 992 985 1638 2073 1951 1711 808  1 1 0 -1.18 0 5 1.00 0 0 0 10.87 0.102 0.606 0.611 
0.373 2 1 1 0 0.7469 0.4152 0.0576 0.0285 0.285909 -1.684034 0.2156 1 1.3453 1  954 1058 1003 1623 2077 1955 1703 812  1 1 0 -1.45 0 5 1.00 0 0 0 10.92 0.103 0.609 0.603 
0.383 2 1 1 0 0.6596 0.2345 0.0625 0.0299 0.267878 -1.686180 0.2218 1 1.3847 1  1028 1127 1006 1596 2072 1955 1732 806  1 1 0 -1.07 0 5 1.00 0 0 0 10.87 0.102 0.606 0.609 
0.393 2 1 1 0 0.7073 0.2801 0.0670 0.0311 0.244697 -1.690412 0.1890 1 1.3538 1  1075 1119 937 1669 2081 1937 1739 801  1 1 0 -0.98 0 5 1.00 0 0 0 10.89 0.103 0.583 0.592 
0.403 2 1 1 0 0.6383 0.2784 0.0717 0.0322 0.229242 -1.691465 0.1696 1 1.3435 1  1088 1142 990 1710 2082 1952 1668 784  1 1 0 -0.92 0 5 1.00 0 0 0 10.86 0.101 0.578 0.584 
0.413 2 1 1 0 0.6931 0.3124 0.0764 0.0333 0.208636 -1.692573 0.2087 1 1.3292 1  1148 1119 923 1578 2093 1962 1629 785  1 1 0 -1.25 0 5 1.00 0 0 0 10.92 0.102 0.583 0.589 
0.424 2 1 1 0 0.7244 0.2628 0.0810 0.0342 0.190606 -1.693867 0.1759 1 1.2710 1  1172 1153 980 1727 2076 1927 1575 792  1 1 0 -0.64 0 5 1.00 0 0 0 10.88 0.103 0.586 0.588 
0.433 2 1 1 0 0.6822 0.3540 0.0860 0.0351 0.172576 -1.693990 0.1913 1 1.1561 1  1125 1166 867 1799 2033 1871 1579 794  1 1 0 -0.88 0 5 1.00 0 0 0 10.93 0.103 0.589 0.584 
0.443 2 1 1 0 0.6870 0.4980 0.0913 0.0360 0.157121 -1.694053 0.0958 1 1.2002 1  1171 1158 1042 1818 2097 1895 1555 767  1 1 0 -0.33 0 5 1.00 0 0 0 10.89 0.101 0.583 0.586 
0.453 2 1 1 0 0.5198 0.4334 0.0964 0.0368 0.149394 -1.693683 -0.0599 1 1.1923 1  1185 1048 1060 1900 2130 1892 1519 767  1 1 0 -0.16 0 5 1.00 0 0 0 10.73 0.103 0.589 0.591 
0.463 2 1 1 0 0.5388 0.4983 0.1007 0.0374 0.149394 -1.693840 -0.1069 1 1.1157 1  1131 1249 1092 1947 2102 1852 1520 715  1 1 0 0.08 0 5 1.00 0 0 0 10.73 0.102 0.595 0.601 
0.473 2 1 1 0 0.5306 0.5338 0.1060 0.0382 0.144242 -1.692475 -0.1193 1 1.0092 1  1069 1104 1129 1951 2136 1831 1449 711  1 1 0 1.39 0 5 1.00 0 0 0 10.78 0.102 0.595 0.602 
0.483 2 1 1 0 0.5256 0.5653 0.1114 0.0390 0.149394 -1.690948 -0.0922 1 0.8587 1  1131 1247 1184 1937 2125 1783 1451 754  1 1 0 0.94 0 5 1.00 0 0 0 10.90 0.101 0.581 0.588 
0.493 2 1 1 0 0.5190 0.5385 0.1168 0.0398 0.149394 -1.690460 -0.1382 1 0.7915 1  1166 1197 1212 1974 2091 1770 1421 717  1 1 0 1.25 0 5 1.00 0 0 0 10.87 0.103 0.601 0.600 
0.503 2 1 1 0 0.3985 0.6309 0.1221 0.0406 0.159697 -1.688558 -0.0919 1 0.7324 1  1161 1247 1186 1972 2059 1759 1404 693  1 1 0 0.01 0 5 1.00 0 0 0 10.91 0.102 0.579 0.586 
0.513 2 1 1 0 0.5623 0.6530 0.1280 0.0416 0.159697 -1.687214 -0.0520 1 0.7023 1  1173 1289 1158 1958 2057 1746 1392 722  1 1 0 -0.28 0 5 1.00 0 0 0 10.94 0.102 0.581 0.591 
0.523 2 1 1 0 0.5012 0.7632 0.1338 0.0425 0.164848 -1.685522 -0.0426 1 0.7272 1  1173 1227 1162 1939 2065 1749 1373 711  1 1 0 0.13 0 5 1.00 0 0 0 10.92 0.101 0.576 0.586 
0.533 2 1 1 0 0.5962 0.6018 0.1394 0.0435 0.167424 -1.683856 -0.0845 1 0.8170 1  1224 1302 1189 1954 2081 1787 1407 725  1 1 0 1.53 0 5 1.00 0 0 0 10.91 0.102 0.581 0.626 
0.543 2 1 1 0 0.4667 0.7192 0.1453 0.0445 0.177727 -1.683349 -0.0752 1 0.8829 1  1234 1294 1205 1943 2074 1807 1403 694  1 1 0 -0.28 0 5 1.00 0 0 0 10.96 0.101 0.584 0.583 
0.553 2 1 1 0 0.5604 0.7204 0.1512 0.0456 0.182879 -1.684005 -0.0311 1 0.9876 1  1162 1289 1119 1913 2091 1828 1443 731  1 1 0 0.13 0 5 1.00 0 0 0 10.96 0.103 0.583 0.584 
0.563 2 1 1 0 0.4795 0.6419 0.1570 0.0467 0.188030 -1.683583 0.0668 1 1.0759 1  1164 1231 1057 1851 2082 1851 1474 689  1 1 0 -0.35 0 5 1.00 0 0 0 10.93 0.102 0.576 0.582 
0.573 2 1 1 0 0.5254 0.4683 0.1618 0.0476 0.188030 -1.684174 0.1452 1 1.1416 1  1099 1189 1034 1816 2053 1859 1432 731  1 1 0 0.68 0 5 1.00 0 0 0 10.92 0.102 0.602 0.595 
0.583 2 1 1 0 0.5764 0.4857 0.1671 0.0486 0.182879 -1.684779 0.1643 1 1.1548 1  1144 1170 986 1779 2068 1868 1471 698  1 1 0 0.89 0 5 1.00 0 0 0 10.93 0.103 0.596 0.605 
0.593 2 1 1 0 0.6698 0.5979 0.1724 0.0496 0.182879 -1.685821 0.1880 1 1.1854 1  1160 1139 958 1780 2048 1894 1482 701  1 1 0 1.10 0 5 1.00 0 0 0 10.93 0.102 0.604 0.610 
0.603 2 1 1 0 0.5758 0.5239 0.1783 0.0506 0.177727 -1.686745 0.1867 1 1.1892 1  1101 1192 969 1761 2046 1892 1474 726  1 1 0 0.05 0 5 1.00 0 0 0 10.95 0.102 0.596 0.584 
0.613 2 1 1 0 0.6992 0.4738 0.1839 0.0516 0.170000 -1.688660 0.1907 1 1.1529 1  1065 1121 974 1753 2053 1872 1466 673  1 1 0 0.35 0 5 1.00 0 0 0 10.97 0.145 0.631 1.048 
0.623 2 1 1 0 0.6855 0.5201 0.1895 0.0525 0.162272 -1.690498 0.1359 1 1.1874 1  1110 1113 1028 1809 2073 1891 1502 651  1 1 0 0.52 0 5 1.00 0 0 0 10.96 0.103 0.581 0.585 
0.633 2 1 1 0 0.6080 0.5569 0.1953 0.0535 0.157121 -1.691231 0.1380 1 1.0043 1  1108 1108 1028 1837 2043 1835 1426 675  1 1 0 -1.06 0 5 1.00 0 0 0 10.94 0.102 0.582 0.582 
0.643 2 1 1 0 0.6313 0.5755 0.2010 0.0544 0.154545 -1.691964 0.1462 1 1.0299 1  1111 1165 1073 1834 2047 1847 1443 683  1 1 0 -0.24 0 5 1.00 0 0 0 10.95 0.103 0.583 0.589 
0.653 2 1 1 0 0.6005 0.4337 0.2066 0.0552 0.146818 -1.691082 0.0704 1 0.7884 1  1083 1202 1071 1907 2049 1788 1365 673  1 1 0 -0.55 0 5 1.00 0 0 0 10.98 0.103 0.584 0.581 
0.663 2 1 1 0 0.4027 0.4989 0.2114 0.0559 0.146818 -1.691108 -0.1997 1 0.7814 1  1106 1151 1100 2002 2097 1740 1332 660  1 1 0 0.34 0 5 1.00 0 0 0 10.86 0.102 0.592 0.606 
0.673 2 1 1 0 0.1152 0.5167 0.2151 0.0565 0.167424 -1.690470 -0.3793 1 0.7415 1  1106 1213 1168 2027 2102 1714 1240 610  1 1 0 0.14 0 5 1.00 0 0 0 10.72 0.102 0.583 0.588 
0.683 2 1 1 0 -0.1268 0.5647 0.2173 0.0569 0.198333 -1.689939 -0.4001 1 0.6752 1  1140 1152 1169 2047 2082 1679 1100 594  1 1 0 0.96 0 5 1.00 0 0 0 10.83 0.103 0.591 0.600 
0.694 2 1 1 0 -0.0517 0.6891 0.2204 0.0576 0.229242 -1.689223 -0.4464 1 0.6820 1  1108 1105 1161 2095 2109 1699 1077 594  1 1 0 1.55 0 5 1.00 0 0 0 10.90 0.103 0.595 0.604 
0.703 2 1 1 0 -0.0264 0.6372 0.2233 0.0583 0.257575 -1.687654 -0.4957 1 0.7084 1  1041 1138 1175 2142 2119 1670 969 592  1 1 0 0.80 0 5 1.00 0 0 0 10.89 0.103 0.595 0.603 
0.713 2 1 1 0 -0.0178 0.6050 0.2264 0.0592 0.288484 -1.686597 -0.5196 1 0.7118 1  1081 1088 1227 2140 2134 1652 1007 609  1 1 0 0.16 0 5 1.00 0 0 0 10.89 0.102 0.593 0.602 
0.723 2 1 1 0 -0.0134 0.7487 0.2301 0.0603 0.324545 -1.685245 -0.5098 1 0.6645 1  1043 1133 1205 2138 2110 1626 1004 605  1 1 0 -0.33 0 5 1.00 0 0 0 10.94 0.103 0.604 0.605 
0.733 2 1 1 0 0.4258 0.7334 0.2344 0.0619 0.347727 -1.683565 -0.4947 1 0.6757 1  1088 1117 1196 2137 2115 1635 991 585  1 1 0 -0.20 0 5 1.00 0 0 0 10.93 0.103 0.604 0.604 
0.743 2 1 1 0 0.3080 0.6688 0.2392 0.0636 0.365757 -1.682153 -0.4788 1 0.6619 1  1051 1056 1146 2129 2086 1665 1050 583  1 1 0 -0.39 0 5 1.00 0 0 0 10.96 0.102 0.604 0.610 
0.753 2 1 1 0 0.3647 0.6407 0.2440 0.0655 0.383787 -1.678642 -0.4649 1 0.7768 1  1048 1065 1150 2093 2145 1711 1125 601  1 1 0 -0.43 0 5 1.00 0 0 0 10.92 0.109 0.612 0.603 
0.763 2 1 1 0 0.3698 0.7052 0.2487 0.0675 0.396666 -1.676038 -0.4325 1 0.8934 1  985 1047 1136 2065 2150 1785 1175 622  1 1 0 -0.19 0 5 1.00 0 0 0 10.95 0.102 0.581 0.590 
0.773 2 1 1 0 0.4905 0.6491 0.2540 0.0697 0.409545 -1.672330 -0.2916 1 1.1478 1  1061 1029 1082 1995 2136 1878 1288 595  1 1 0 -0.44 0 5 1.00 0 0 0 10.94 0.102 0.583 0.584 
0.783 2 1 1 0 0.5297 0.3880 0.2587 0.0717 0.406969 -1.671699 -0.0647 1 1.2664 1  1027 978 989 1870 2178 1980 1395 609  1 1 0 -0.27 0 5 1.00 0 0 0 10.80 0.102 0.608 0.623 
0.793 2 1 1 0 0.3798 0.1053 0.2614 0.0729 0.388939 -1.678484 0.0644 1 1.3267 1  1024 1053 906 1764 2126 2014 1490 578  1 1 0 -0.22 0 5 1.00 0 0 0 10.75 0.102 0.601 0.609 
0.803 2 1 1 0 0.4434 0.0637 0.2637 0.0738 0.370909 -1.682217 0.1237 1 1.3607 1  1006 1103 798 1640 2146 2023 1573 641  1 1 0 -0.05 0 5 1.00 0 0 0 10.78 0.102 0.610 0.670 
0.813 2 1 1 0 0.4608 0.0293 0.2660 0.0747 0.347727 -1.683985 0.2304 1 1.2566 1  1070 1151 824 1555 2052 1908 1591 642  1 1 0 -0.23 0 5 1.00 0 0 0 10.74 0.101 0.602 0.604 
0.823 2 1 1 0 0.5862 0.0190 0.2685 0.0756 0.321969 -1.684400 0.2030 1 1.4228 1  1032 1101 860 1516 2120 2015 1745 719  1 1 0 2.14 0 5 1.00 0 0 0 10.89 0.103 0.609 0.614 
0.833 2 1 1 0 0.5301 0.0147 0.2713 0.0765 0.298788 -1.687756 0.1873 1 1.5781 1  1031 1127 805 1440 2153 2069 1809 693  1 1 0 2.01 0 5 1.00 0 0 0 10.79 0.101 0.604 0.611 
0.843 2 1 1 0 0.5998 0.4227 0.2763 0.0780 0.291060 -1.688959 0.2237 1 1.4674 1  1056 1147 789 1411 2115 2007 1750 684  1 1 0 -0.30 0 5 1.00 0 0 0 10.92 0.101 0.595 0.612 
0.853 2 1 1 0 0.6251 0.3913 0.2809 0.0793 0.280757 -1.691902 0.2359 1 1.4100 1  1140 1016 774 1449 2101 1984 1709 679  1 1 0 0.16 0 5 1.00 0 0 0 10.91 0.103 0.606 0.612 
0.863 2 1 1 0 0.5761 0.3853 0.2859 0.0807 0.267878 -1.693709 0.2054 1 1.3810 1  1158 1059 732 1489 2126 1990 1679 650  1 1 0 0.49 0 5 1.00 0 0 0 10.95 0.102 0.589 0.592 
0.873 2 1 1 0 0.6567 0.3937 0.2908 0.0821 0.260151 -1.695588 0.2209 1 1.3180 1  1123 922 773 1500 2106 1951 1619 652  1 1 0 -0.13 0 5 1.00 0 0 0 10.91 0.102 0.581 0.589 
0.883 2 1 1 0 0.6044 0.3693 0.2958 0.0834 0.247272 -1.697550 0.2409 1 1.2552 1  1099 866 766 1592 2054 1933 1540 662  1 1 0 -0.49 0 5 1.00 0 0 0 10.96 0.158 0.631 1.055 
0.893 2 1 1 0 0.7046 0.4058 0.3008 0.0846 0.234394 -1.698883 0.1522 1 1.2447 1  1013 881 815 1732 2104 1929 1482 663  1 1 0 -0.28 0 5 1.00 0 0 0 10.96 0.103 0.589 0.596 
0.903 2 1 1 0 0.4646 0.5931 0.3061 0.0858 0.234394 -1.700131 0.0039 1 1.1956 1  957 861 883 1886 2111 1894 1398 698  1 1 0 -0.10 0 5 1.00 0 0 0 10.93 0.103 0.603 0.583 
0.913 2 1 1 0 0.2197 0.4231 0.3103 0.0869 0.244697 -1.701126 -0.3909 1 1.1176 1  942 866 988 2045 2142 1865 1289 703  1 1 0 0.71 0 5 1.00 0 0 0 10.62 0.101 0.584 0.590 
0.923 2 1 1 0 -0.0632 0.5137 0.3121 0.0874 0.267878 -1.700437 -0.4367 1 0.8486 1  891 883 1092 2087 2110 1749 1173 701  1 1 0 -0.89 0 5 1.00 0 0 0 10.60 0.103 0.602 0.606 
0.933 2 1 1 0 -0.2017 0.4936 0.3137 0.0878 0.298788 -1.698989 -0.4940 1 0.6327 1  855 840 1112 2158 2088 1602 1060 655  1 1 0 -0.82 0 5 1.00 0 0 0 10.72 0.103 0.593 0.600 
0.943 2 1 1 0 -0.1785 0.5196 0.3155 0.0884 0.337424 -1.698221 -0.5170 1 0.6461 1  890 813 1160 2161 2123 1576 986 631  1 1 0 1.12 0 5 1.00 0 0 0 10.79 0.111 0.604 0.608 
0.953 2 1 1 0 -0.0712 0.5092 0.3177 0.0892 0.365757 -1.697080 -0.4852 1 0.6015 1  881 852 1116 2129 2114 1498 935 622  1 1 0 -0.21 0 5 1.00 0 0 0 10.83 0.103 0.607 0.593 
0.964 2 1 1 0 0.0795 0.6236 0.3208 0.0904 0.386363 -1.695248 -0.4937 1 0.5278 1  846 806 1184 2129 2063 1461 910 615  1 1 0 0.05 0 5 1.00 0 0 0 10.86 0.102 0.606 0.609 
0.973 2 1 1 0 0.0438 0.6068 0.3237 0.0917 0.417272 -1.694258 -0.5052 1 0.5238 1  880 812 1232 2137 2071 1430 891 593  1 1 0 0.08 0 5 1.00 0 0 0 10.86 0.102 0.603 0.603 
0.983 2 1 1 0 0.3788 0.6592 0.3279 0.0936 0.430151 -1.693187 -0.4554 1 0.4828 1  845 794 1225 2081 2037 1379 886 666  1 1 0 -0.87 0 5 1.00 0 0 0 10.92 0.102 0.606 0.612 
0.993 2 1 1 0 0.3655 0.5556 0.3323 0.0957 0.440454 -1.691234 -0.4776 1 0.2450 1  791 765 1285 2101 1942 1289 874 644  1 1 0 -1.90 0 5 1.00 0 0 0 10.93 0.103 0.603 0.602 
1.003 2 1 1 0 0.2877 0.6966 0.3370 0.0979 0.458484 -1.688393 -0.5624 1 0.4597 1  768 772 1303 2183 2040 1337 878 674  1 1 0 0.75 0 5 1.00 0 0 0 10.87 0.102 0.605 0.608 
1.013 2 1 1 0 0.3583 0.7082 0.3411 0.1000 0.476515 -1.686251 -0.5060 1 0.4689 1  752 782 1322 2106 2035 1317 916 675  1 1 0 -1.03 0 5 1.00 0 0 0 10.95 0.103 0.604 0.605 
1.023 2 1 1 0 0.3458 0.5398 0.3454 0.1022 0.486818 -1.683835 -0.5308 1 0.4681 1  760 762 1346 2129 2035 1331 887 672  1 1 0 -0.52 0 5 1.00 0 0 0 10.91 0.101 0.601 0.609 
1.033 2 1 1 0 0.3791 0.7183 0.3501 0.1048 0.502272 -1.682808 -0.5135 1 0.4610 1  707 774 1372 2104 2036 1308 873 650  1 1 0 -0.64 0 5 1.00 0 0 0 10.97 0.101 0.568 0.610 
1.043 2 1 1 0 0.3446 0.7639 0.3546 0.1073 0.515151 -1.682702 -0.5193 1 0.4351 1  709 757 1366 2108 2012 1285 926 660  1 1 0 -0.88 0 5 1.00 0 0 0 10.96 0.103 0.585 0.603 
1.053 2 1 1 0 0.3738 0.6422 0.3591 0.1099 0.533181 -1.682245 -0.4829 1 0.4507 1  708 762 1373 2070 2028 1281 970 665  1 1 0 -1.19 0 5 1.00 0 0 0 10.96 0.103 0.588 0.589 
1.063 2 1 1 0 0.3547 0.7244 0.3637 0.1126 0.543484 -1.681939 -0.4982 1 0.4287 1  673 772 1377 2090 2003 1275 965 670  1 1 0 -0.95 0 5 1.00 0 0 0 10.94 0.103 0.570 0.584 
1.073 2 1 1 0 0.3606 0.6591 0.3681 0.1153 0.561514 -1.681899 -0.5661 1 0.4268 1  705 804 1401 2142 2008 1262 993 650  1 1 0 -0.50 0 5 1.00 0 0 0 10.96 0.102 0.606 0.668 
1.083 2 1 1 0 0.3405 0.6528 0.3724 0.1181 0.579545 -1.682131 -0.5135 1 0.4219 1  702 773 1379 2100 2001 1250 949 645  1 1 0 -0.76 0 5 1.00 0 0 0 10.92 0.102 0.581 0.586 
1.093 2 1 1 0 0.3663 0.7601 0.3769 0.1211 0.594999 -1.683005 -0.5342 1 0.4211 1  709 758 1362 2127 1993 1281 936 646  1 1 0 -0.19 0 5 1.00 0 0 0 10.94 0.102 0.586 0.586 
1.103 2 1 1 0 0.3773 0.7539 0.3809 0.1239 0.610454 -1.682957 -0.5650 1 0.4444 1  726 774 1375 2141 2025 1304 951 638  1 1 0 0.10 0 5 1.00 0 0 0 10.97 0.103 0.610 0.608 
1.113 2 1 1 0 0.3887 0.5806 0.3853 0.1270 0.625908 -1.682950 -0.5456 1 0.4531 1  734 734 1345 2140 2029 1300 892 621  1 1 0 -0.03 0 5 1.00 0 0 0 10.97 0.102 0.579 0.586 
1.123 2 1 1 0 0.3855 0.6788 0.3895 0.1300 0.638787 -1.682747 -0.5628 1 0.4579 1  751 791 1351 2159 2035 1306 914 629  1 1 0 0.16 0 5 1.00 0 0 0 10.97 0.103 0.604 0.578 
1.133 2 1 1 0 0.3650 0.6553 0.3936 0.1331 0.651666 -1.682139 -0.5516 1 0.4903 1  772 812 1350 2144 2053 1322 897 619  1 1 0 0.07 0 5 1.00 0 0 0 10.98 0.102 0.581 0.582 
1.143 2 1 1 0 0.3823 0.6518 0.3979 0.1364 0.667120 -1.681385 -0.5737 1 0.5031 1  769 820 1356 2164 2066 1354 959 611  1 1 0 0.04 0 5 1.00 0 0 0 10.96 0.102 0.606 0.596 
1.153 2 1 1 0 0.4165 0.6357 0.4021 0.1398 0.677423 -1.681110 -0.5034 1 0.4729 1  776 816 1304 2101 2040 1349 956 612  1 1 0 -0.56 0 5 1.00 0 0 0 10.98 0.140 0.622 1.035 
1.163 2 1 1 0 0.5399 0.5273 0.4061 0.1430 0.685151 -1.680367 -0.4057 1 0.3802 1  775 852 1320 2043 1950 1331 986 609  1 1 0 -1.11 0 5 1.00 0 0 0 10.95 0.102 0.584 0.589 
1.173 2 1 1 0 0.4372 0.6054 0.4103 0.1465 0.685151 -1.679351 -0.5455 1 0.4642 1  798 902 1332 2153 2043 1409 933 627  1 1 0 0.78 0 5 1.00 0 0 0 10.95 0.102 0.602 0.579 
1.183 2 1 1 0 0.2802 0.7798 0.4144 0.1499 0.705757 -1.679011 -0.6041 1 0.5453 1  810 909 1368 2182 2107 1410 944 638  1 1 0 0.26 0 5 1.00 0 0 0 10.98 0.102 0.604 0.606 
1.193 2 1 1 0 0.3567 0.5448 0.4181 0.1531 0.721211 -1.679084 -0.5562 1 0.4837 1  842 937 1340 2151 2031 1348 909 575  1 1 0 -0.06 0 5 1.00 0 0 0 10.92 0.102 0.584 0.574 
1.203 2 1 1 0 0.4182 0.6581 0.4220 0.1565 0.734090 -1.679147 -0.5512 1 0.4782 1  846 939 1358 2136 2039 1350 934 586  1 1 0 -0.26 0 5 1.00 0 0 0 10.98 0.102 0.581 0.594 
1.213 2 1 1 0 0.3890 0.6422 0.4260 0.1602 0.744393 -1.679107 -0.5689 1 0.4743 1  895 995 1387 2147 2058 1319 932 567  1 1 0 0.39 0 5 1.00 0 0 0 10.97 0.102 0.608 0.585 
1.223 2 1 1 0 0.4194 0.6212 0.4297 0.1637 0.757272 -1.678693 -0.6143 1 0.4794 1  886 986 1416 2168 2055 1332 922 550  1 1 0 0.50 0 5 1.00 0 0 0 10.96 0.101 0.609 0.591 
1.234 2 1 1 0 0.4336 0.6424 0.4336 0.1674 0.767575 -1.678876 -0.6028 1 0.4967 1  865 956 1413 2162 2078 1311 932 557  1 1 0 0.05 0 5 1.00 0 0 0 10.95 0.102 0.595 0.612 
1.243 2 1 1 0 0.3798 0.5801 0.4373 0.1710 0.780454 -1.678007 -0.6169 1 0.5270 1  874 981 1395 2170 2089 1364 908 558  1 1 0 0.03 0 5 1.00 0 0 0 10.95 0.102 0.593 0.609 
1.253 2 1 1 0 0.4268 0.6609 0.4411 0.1748 0.790757 -1.677711 -0.6083 1 0.5025 1  886 981 1415 2165 2078 1339 904 543  1 1 0 0.15 0 5 1.00 0 0 0 10.98 0.103 0.623 0.626 
1.263 2 1 1 0 0.3800 0.6499 0.4447 0.1785 0.803635 -1.677496 -0.5844 1 0.5219 1  933 952 1386 2155 2093 1332 909 584  1 1 0 -0.17 0 5 1.00 0 0 0 10.98 0.102 0.601 0.605 
1.273 2 1 1 0 0.4405 0.6270 0.4485 0.1824 0.813938 -1.676565 -0.5761 1 0.5046 1  901 947 1367 2159 2074 1342 902 565  1 1 0 0.11 0 5 1.00 0 0 0 10.97 0.102 0.596 0.602 
1.283 2 1 1 0 0.3683 0.6492 0.4520 0.1862 0.826817 -1.676014 -0.6121 1 0.5483 1  897 931 1379 2181 2105 1396 892 554  1 1 0 -0.14 0 5 1.00 0 0 0 10.96 0.103 0.629 0.614 
1.293 2 1 1 0 0.3370 0.6308 0.4554 0.1900 0.839696 -1.675580 -0.5871 1 0.5735 1  889 933 1344 2168 2135 1425 876 557  1 1 0 -0.36 0 5 1.00 0 0 0 10.96 0.103 0.595 0.603 
1.303 2 1 1 0 0.4310 0.6425 0.4592 0.1942 0.852575 -1.675291 -0.5135 1 0.5498 1  898 923 1288 2110 2098 1409 905 542  1 1 0 -0.31 0 5 1.00 0 0 0 10.95 0.111 0.606 0.611 
1.313 2 1 1 0 0.5201 0.5682 0.4626 0.1981 0.855151 -1.675143 -0.4391 1 0.4528 1  888 875 1258 2075 2013 1390 889 557  1 1 0 -0.50 0 5 1.00 0 0 0 10.95 0.102 0.596 0.604 
1.323 2 1 1 0 0.4589 0.5903 0.4659 0.2020 0.857726 -1.674472 -0.5496 1 0.5906 1  875 867 1259 2179 2121 1519 867 558  1 1 0 0.17 0 5 1.00 0 0 0 10.95 0.102 0.604 0.604 
1.333 2 1 1 0 0.3241 0.7443 0.4694 0.2061 0.873181 -1.674807 -0.5898 1 0.6280 1  885 861 1218 2234 2127 1513 866 547  1 1 0 -0.00 0 5 1.00 0 0 0 10.99 0.102 0.623 0.629 
1.343 2 1 1 0 0.3948 0.6493 0.4729 0.2103 0.893787 -1.674886 -0.5387 1 0.5967 1  880 904 1224 2171 2106 1525 848 568  1 1 0 0.07 0 5 1.00 0 0 0 10.95 0.102 0.602 0.670 
1.353 2 1 1 0 0.4236 0.6365 0.4761 0.2143 0.901514 -1.675681 -0.5335 1 0.5868 1  850 884 1243 2164 2111 1487 888 581  1 1 0 0.25 0 5 1.00 0 0 0 10.98 0.102 0.593 0.602 
1.363 2 1 1 0 0.3787 0.6369 0.4791 0.2181 0.911817 -1.675771 -0.5452 1 0.5933 1  886 883 1235 2165 2129 1478 829 569  1 1 0 0.60 0 5 1.00 0 0 0 10.98 0.103 0.604 0.606 
1.373 2 1 1 0 0.3892 0.5497 0.4820 0.2220 0.922120 -1.676060 -0.5420 1 0.5743 1  883 902 1206 2182 2105 1463 820 571  1 1 0 0.68 0 5 1.00 0 0 0 10.98 0.103 0.606 0.603 
1.383 2 1 1 0 0.4603 0.6276 0.4853 0.2263 0.927272 -1.675393 -0.5477 1 0.5771 1  843 899 1216 2188 2118 1447 823 546  1 1 0 0.43 0 5 1.00 0 0 0 10.98 0.102 0.602 0.607 
1.393 2 1 1 0 0.4145 0.6028 0.4884 0.2304 0.934999 -1.674623 -0.5416 1 0.5593 1  832 898 1222 2170 2105 1436 823 562  1 1 0 0.34 0 5 1.00 0 0 0 10.98 0.103 0.596 0.591 
1.403 2 1 1 0 0.4524 0.6434 0.4914 0.2346 0.942726 -1.674343 -0.5154 1 0.5301 1  807 883 1210 2145 2078 1437 828 567  1 1 0 0.08 0 5 1.00 0 0 0 10.99 0.103 0.603 0.594 
1.413 2 1 1 0 0.4368 0.5605 0.4944 0.2388 0.950454 -1.673016 -0.5235 1 0.5322 1  833 886 1201 2170 2078 1445 845 592  1 1 0 0.44 0 5 1.00 0 0 0 10.97 0.103 0.602 0.601 
1.423 2 1 1 0 0.4165 0.6273 0.4975 0.2432 0.960757 -1.672977 -0.5158 1 0.5600 1  815 849 1189 2149 2093 1473 838 572  1 1 0 0.33 0 5 1.00 0 0 0 10.99 0.158 0.652 1.055 
1.433 2 1 1 0 0.3952 0.6111 0.5003 0.2472 0.971060 -1.671905 -0.4906 1 0.5795 1  826 900 1184 2110 2099 1520 813 548  1 1 0 0.08 0 5 1.00 0 0 0 10.99 0.103 0.603 0.608 
1.443 2 1 1 0 0.4257 0.6272 0.5032 0.2514 0.978787 -1.671455 -0.5093 1 0.5243 1  901 898 1178 2165 2055 1504 823 545  1 1 0 -0.11 0 5 1.00 0 0 0 10.97 0.102 0.602 0.609 
1.453 2 1 1 0 0.3693 0.6870 0.5060 0.2557 0.991666 -1.670957 -0.5273 1 0.6275 1  927 918 1141 2174 2113 1582 869 541  1 1 0 0.88 0 5 1.00 0 0 0 10.97 0.111 0.609 0.588 
1.463 2 1 1 0 0.3946 0.5303 0.5087 0.2598 1.001969 -1.671193 -0.5456 1 0.7136 1  895 946 1184 2203 2176 1629 876 570  1 1 0 0.65 0 5 1.00 0 0 0 10.98 0.103 0.604 0.602 
1.473 2 1 1 0 0.3585 0.6102 0.5113 0.2639 1.012271 -1.670843 -0.5414 1 0.6949 1  904 937 1184 2176 2144 1597 880 559  1 1 0 -0.11 0 5 1.00 0 0 0 10.96 0.103 0.602 0.594 
1.483 2 1 1 0 0.4537 0.5484 0.5140 0.2683 1.019998 -1.671013 -0.4881 1 0.6096 1  892 943 1185 2118 2118 1534 862 576  1 1 0 0.07 0 5 1.00 0 0 0 10.99 0.103 0.596 0.605 
1.493 2 1 1 0 0.4194 0.6320 0.5166 0.2727 1.027725 -1.669969 -0.5015 1 0.5518 1  882 888 1190 2139 2072 1518 874 587  1 1 0 0.14 0 5 1.00 0 0 0 10.99 0.102 0.592 0.596 
1.504 2 1 1 0 0.3964 0.5757 0.5190 0.2766 1.035452 -1.670042 -0.4887 1 0.5780 1  917 904 1204 2147 2105 1517 886 571  1 1 0 0.18 0 5 1.00 0 0 0 10.99 0.102 0.606 0.605 
1.513 2 1 1 0 0.3852 0.5593 0.5216 0.2810 1.043179 -1.669129 -0.5031 1 0.5752 1  880 879 1221 2133 2089 1523 892 579  1 1 0 0.50 0 5 1.00 0 0 0 10.98 0.103 0.601 0.610 
1.523 2 1 1 0 0.3740 0.6648 0.5240 0.2853 1.053481 -1.669386 -0.5247 1 0.6014 1  877 884 1233 2153 2114 1533 865 603  1 1 0 0.37 0 5 1.00 0 0 0 10.96 0.103 0.603 0.610 
1.533 2 1 1 0 0.3920 0.5721 0.5265 0.2897 1.061208 -1.668888 -0.5382 1 0.5856 1  869 848 1239 2165 2104 1501 852 595  1 1 0 0.05 0 5 1.00 0 0 0 10.97 0.102 0.601 0.601 
1.543 2 1 1 0 0.4180 0.6078 0.5289 0.2940 1.071511 -1.668741 -0.5534 1 0.5955 1  903 890 1293 2174 2113 1506 872 566  1 1 0 0.47 0 5 1.00 0 0 0 10.99 0.102 0.622 0.609 
1.553 2 1 1 0 0.3857 0.6670 0.5312 0.2983 1.081814 -1.668546 -0.5372 1 0.5867 1  955 913 1254 2157 2111 1497 877 585  1 1 0 -0.07 0 5 1.00 0 0 0 10.98 0.101 0.586 0.611 
1.563 2 1 1 0 0.3720 0.5906 0.5336 0.3028 1.094692 -1.667498 -0.5330 1 0.5561 1  999 874 1268 2148 2081 1491 884 569  1 1 0 -0.00 0 5 1.00 0 0 0 10.99 0.108 0.604 0.608 
1.573 2 1 1 0 0.3837 0.5931 0.5357 0.3069 1.102419 -1.667420 -0.5274 1 0.5406 1  1041 877 1261 2150 2067 1476 905 578  1 1 0 0.10 0 5 1.00 0 0 0 10.97 0.102 0.606 0.608 
1.583 2 1 1 0 0.3651 0.5547 0.5380 0.3115 1.115297 -1.666112 -0.5349 1 0.5803 1  1040 957 1297 2149 2105 1520 938 592  1 1 0 0.47 0 5 1.00 0 0 0 10.98 0.102 0.601 0.604 
1.593 2 1 1 0 0.3976 0.6165 0.5402 0.3162 1.123024 -1.666129 -0.5111 1 0.5631 1  1089 1044 1271 2121 2078 1518 953 555  1 1 0 -0.01 0 5 1.00 0 0 0 10.99 0.102 0.595 0.605 
1.603 2 1 1 0 0.4217 0.5373 0.5423 0.3206 1.133327 -1.665546 -0.4754 1 0.4771 1  1068 1086 1283 2095 2020 1450 972 584  1 1 0 -0.15 0 5 1.00 0 0 0 10.95 0.102 0.601 0.610 
1.613 2 1 1 0 0.3634 0.7461 0.5445 0.3252 1.141054 -1.665545 -0.6007 1 0.6330 1  1028 1019 1285 2226 2144 1551 940 568  1 1 0 1.26 0 5 1.00 0 0 0 10.97 0.101 0.616 0.713 
1.623 2 1 1 0 0.3625 0.6267 0.5465 0.3297 1.156508 -1.665498 -0.5190 1 0.6027 1  972 1045 1251 2130 2097 1544 940 586  1 1 0 -0.74 0 5 1.00 0 0 0 10.94 0.103 0.606 0.604 
1.633 2 1 1 0 0.3999 0.5883 0.5486 0.3346 1.161660 -1.665159 -0.5165 1 0.5044 1  960 1037 1264 2136 2038 1482 946 583  1 1 0 -0.02 0 5 1.00 0 0 0 10.99 0.102 0.603 0.584 
1.643 2 1 1 0 0.4103 0.6344 0.5505 0.3391 1.171962 -1.665644 -0.5482 1 0.5027 1  954 1005 1324 2151 2051 1450 950 585  1 1 0 0.28 0 5 1.00 0 0 0 10.98 0.103 0.604 0.611 
1.653 2 1 1 0 0.3447 0.5717 0.5525 0.3438 1.184841 -1.664925 -0.5429 1 0.5222 1  968 952 1324 2145 2069 1445 921 572  1 1 0 0.34 0 5 1.00 0 0 0 10.95 0.103 0.596 0.605 
1.663 2 1 1 0 0.4363 0.6308 0.5544 0.3486 1.192568 -1.664741 -0.5427 1 0.4993 1  906 954 1344 2138 2065 1354 882 576  1 1 0 0.15 0 5 1.00 0 0 0 10.99 0.101 0.596 0.605 
1.673 2 1 1 0 0.3948 0.6223 0.5562 0.3531 1.202870 -1.664287 -0.5775 1 0.5130 1  944 945 1358 2158 2077 1393 882 591  1 1 0 0.50 0 5 1.00 0 0 0 10.95 0.102 0.616 0.628 
1.683 2 1 1 0 0.3620 0.6640 0.5579 0.3577 1.218324 -1.664054 -0.5822 1 0.5179 1  960 955 1371 2154 2076 1374 885 584  1 1 0 0.18 0 5 1.00 0 0 0 10.97 0.101 0.625 0.628 
1.693 2 1 1 0 0.3948 0.5839 0.5596 0.3623 1.228627 -1.664038 -0.5786 1 0.5018 1  970 955 1406 2144 2074 1334 834 562  1 1 0 0.03 0 5 1.00 0 0 0 10.98 0.139 0.642 1.035 
1.703 2 1 1 0 0.3499 0.6115 0.5613 0.3671 1.241505 -1.663657 -0.6011 1 0.5073 1  992 966 1401 2164 2073 1342 863 567  1 1 0 0.11 0 5 1.00 0 0 0 10.97 0.102 0.622 0.629 
1.713 2 1 1 0 0.3361 0.6467 0.5628 0.3717 1.251808 -1.664301 -0.5928 1 0.4858 1  982 984 1388 2160 2059 1329 864 572  1 1 0 0.08 0 5 1.00 0 0 0 10.99 0.103 0.623 0.626 
1.723 2 1 1 0 0.3330 0.5924 0.5643 0.3764 1.267262 -1.663712 -0.6068 1 0.4897 1  952 984 1388 2172 2057 1332 903 587  1 1 0 -0.08 0 5 1.00 0 0 0 10.98 0.101 0.614 0.612 
1.733 2 1 1 0 0.3666 0.6050 0.5657 0.3810 1.277564 -1.663347 -0.5227 1 0.4459 1  971 989 1335 2109 2009 1309 873 585  1 1 0 -0.93 0 5 1.00 0 0 0 10.99 0.102 0.594 0.605 
1.743 2 1 1 0 0.4139 0.6522 0.5671 0.3857 1.287867 -1.662993 -0.5464 1 0.4483 1  969 932 1351 2134 2023 1348 863 597  1 1 0 -0.12 0 5 1.00 0 0 0 10.95 0.103 0.603 0.596 
1.753 2 1 1 0 0.3761 0.6616 0.5686 0.3909 1.298170 -1.662232 -0.5553 1 0.4665 1  934 986 1419 2115 2028 1377 877 608  1 1 0 -0.10 0 5 1.00 0 0 0 10.99 0.103 0.591 0.601 
1.763 2 1 1 0 0.3062 0.6136 0.5698 0.3953 1.311048 -1.662487 -0.9427 1 0.4447 1  911 1233 1655 2221 2017 1354 893 618  1 1 0 3.69 0 5 1.00 0 0 0 10.84 0.102 0.603 0.624 
1.774 2 1 1 0 -0.1559 0.5965 0.5706 0.3985 1.341956 -1.661503 -1.3114 1 0.5261 1  988 1347 1836 2325 2104 1350 905 620  1 1 0 1.83 0 5 1.00 0 0 0 10.73 0.103 0.611 0.613 
1.783 2 1 1 0 -0.1084 0.7022 0.5712 0.4014 1.380592 -1.662869 -1.4022 1 0.5467 1  950 1468 1873 2280 2133 1310 863 595  1 1 0 0.67 0 5 1.00 0 0 0 10.71 0.103 0.611 0.621 
1.793 2 1 1 0 -0.3313 0.7589 0.5715 0.4030 1.426955 -1.664281 -1.5147 1 0.5084 1  1053 1642 1904 2291 2105 1213 844 591  1 1 0 0.78 0 5 1.00 0 0 0 10.71 0.109 0.613 0.615 
1.803 2 1 1 0 -0.4611 0.7315 0.5717 0.4046 1.478470 -1.665536 -1.9365 1 0.4651 1  1230 1963 1917 2296 2057 1159 847 580  1 1 0 3.66 0 5 1.00 0 0 0 10.73 0.103 0.610 0.622 
1.813 2 1 1 0 -0.4509 0.6909 0.5717 0.4057 1.535136 -1.666218 -2.0706 1 0.4668 1  1302 2106 1918 2230 2038 1142 760 591  1 1 0 5.10 0 5 1.00 0 0 0 10.71 0.105 0.613 0.603 
1.823 2 1 1 0 -0.6329 0.7434 0.5718 0.4065 1.594378 -1.668353 -2.1281 1 0.4467 1  1418 2115 1933 2279 2029 1148 847 583  1 1 0 1.19 0 5 1.00 0 0 0 10.76 0.103 0.609 0.622 
1.833 2 1 1 0 -0.5668 0.6920 0.5717 0.4068 1.658771 -1.668062 -2.1687 1 0.4130 1  1517 2105 1939 2262 2015 1117 879 578  1 1 0 0.88 0 5 1.00 0 0 0 10.71 0.103 0.611 0.611 
1.843 2 1 1 0 -0.8965 0.6758 0.5717 0.4070 1.723165 -1.678865 -2.2285 1 0.3698 1  1606 2161 1922 2217 1953 1097 834 554  1 1 0 1.19 0 5 1.00 0 0 0 10.67 0.103 0.612 0.623 
1.853 2 1 1 0 -0.7701 0.8170 0.5718 0.4065 1.795285 -1.683564 -2.3385 1 0.3137 1  1727 2228 1934 2256 1944 1086 834 567  1 1 0 1.95 0 5 1.00 0 0 0 10.71 0.102 0.604 0.608 
1.863 2 1 1 0 -1.0103 0.5500 0.5721 0.4055 1.867406 -1.690460 -2.5117 1 0.2549 1  1930 2126 1949 2240 1918 1056 805 564  1 1 0 0.62 0 5 1.00 0 0 0 10.61 0.102 0.612 0.606 
1.873 2 1 1 0 -0.8819 0.8289 0.5723 0.4049 1.944677 -1.695264 -2.9367 1 0.1631 1  2069 2177 1921 2216 1880 1026 878 588  1 1 0 0.72 0 5 1.00 0 0 0 10.70 0.103 0.613 0.615 
1.883 2 1 1 0 -1.2009 0.7019 0.5730 0.4032 2.034828 -1.703153 -3.0000 1 0.0241 1  2210 2162 1875 2163 1822 1020 925 628  1 1 0 0.89 0 5 1.00 0 0 0 10.78 0.108 0.629 0.678 
1.893 2 1 1 0 -1.1315 0.6405 0.5743 0.4009 2.122403 -1.708147 -3.0000 1 -0.1626 1  2287 2166 1853 2102 1762 969 898 585  1 1 0 0.67 0 5 1.00 0 0 0 10.72 0.103 0.615 0.625 
1.903 2 1 1 0 -1.2617 0.5462 0.5757 0.3988 2.207402 -1.719318 -3.0000 1 -0.3364 1  2318 2199 1883 2043 1698 944 922 613  1 1 0 0.39 0 5 1.00 0 0 0 10.68 0.102 0.616 0.616 
1.913 2 1 1 0 -1.2904 0.8099 0.5776 0.3965 2.297553 -1.734683 -3.0000 1 -0.4525 1  2316 2123 1824 2004 1581 904 886 525  1 1 0 0.04 0 5 1.00 0 0 0 10.79 0.102 0.624 0.614 
1.923 2 1 1 0 -1.3167 0.6554 0.5789 0.3952 2.398007 -1.738413 -3.0000 1 -0.3075 1  2319 2175 1836 2068 1616 886 879 543  1 1 0 0.24 0 5 1.00 0 0 0 10.89 0.102 0.628 0.651 
1.933 2 1 1 0 -0.9699 0.6876 0.5812 0.3933 2.477855 -1.741951 -3.0000 1 -0.2173 1  2330 2162 1908 2116 1637 849 871 581  1 1 0 0.37 0 5 1.00 0 0 0 10.79 0.102 0.643 0.638 
1.943 2 1 1 0 -1.1193 0.7673 0.5823 0.3925 2.562854 -1.742125 -3.0000 1 -0.2080 1  2314 2152 1871 2129 1609 806 874 591  1 1 0 -0.12 0 5 1.00 0 0 0 10.91 0.108 0.631 0.644 
1.953 2 1 1 0 -0.9816 0.4668 0.5846 0.3911 2.634974 -1.780611 -3.0000 1 -0.2101 1  2336 2171 1857 2158 1512 803 876 605  1 1 0 -0.02 0 5 1.00 0 0 0 10.71 0.102 0.633 0.631 
1.963 2 1 1 0 -0.7641 0.8428 0.5846 0.3911 2.707093 -1.782281 -3.0000 1 -0.2055 1  2327 2155 1913 2144 1554 855 870 625  1 1 0 -0.24 0 5 1.00 0 0 0 10.83 0.198 0.733 1.093 
1.973 2 1 1 0 -0.9452 0.4228 0.5861 0.3905 2.774061 -1.797525 -3.0000 1 -0.1995 1  2328 2159 1861 2162 1518 851 896 651  1 1 0 -0.04 0 5 1.00 0 0 0 10.76 0.103 0.625 0.624 
1.983 2 1 1 0 -0.6036 0.8663 0.5861 0.3905 2.841029 -1.802849 -3.0000 1 -0.2117 1  2343 2175 1930 2160 1487 800 907 622  1 1 0 -0.52 0 5 1.00 0 0 0 10.77 0.103 0.644 0.642 
1.993 2 1 1 0 -0.8049 0.3887 0.5866 0.3903 2.907998 -1.802929 -3.0000 1 -0.2071 1  2332 2166 1868 2152 1510 757 903 615  1 1 0 -0.56 0 5 1.00 0 0 0 10.77 0.103 0.624 0.629 
2.003 2 1 1 0 -0.5526 0.7090 0.5869 0.3903 2.967238 -1.828077 -3.0000 1 -0.2130 1  2401 2158 1876 2151 1508 735 886 600  1 1 0 -1.03 0 5 1.00 0 0 0 10.78 0.101 0.632 0.628 
2.013 2 1 1 0 -0.7084 0.6669 0.5864 0.3903 3.039358 -1.825153 -3.0000 1 -0.1944 1  2345 2150 1892 2165 1552 755 871 637  1 1 0 -0.89 0 5 1.00 0 0 0 10.89 0.101 0.630 0.646 
2.023 2 1 1 0 -0.5229 0.6033 0.5880 0.3902 3.096024 -1.834108 -3.0000 1 -0.1680 1  2326 2161 1838 2178 1574 803 865 617  1 1 0 -0.97 0 5 1.00 0 0 0 10.76 0.102 0.624 0.626 
2.033 2 1 1 0 -0.7354 0.7966 0.5872 0.3902 -3.117618 -1.834448 -3.0000 1 -0.1568 1  2367 2166 1852 2165 1640 821 856 608  1 1 0 -1.42 0 5 1.00 0 0 0 10.82 0.108 0.625 0.631 
2.044 2 1 1 0 -0.5470 0.5818 0.5885 0.3903 -3.063529 -1.846050 -3.0000 1 -0.1150 1  2357 2216 1865 2163 1708 897 844 613  1 1 0 -1.51 0 5 1.00 0 0 0 10.76 0.108 0.614 0.621 
2.053 2 1 1 0 -0.7622 0.9444 0.5874 0.3902 -2.996560 -1.847641 -3.0000 1 -0.0511 1  2367 2181 1848 2120 1845 956 845 606  1 1 0 -1.01 0 5 1.00 0 0 0 10.87 0.102 0.624 0.630 
2.063 2 1 1 0 -0.7907 0.5342 0.5877 0.3902 -2.927016 -1.865667 -3.0000 1 0.3909 1  2271 2173 1846 2193 1981 1111 924 595  1 1 0 3.84 0 5 1.00 0 0 0 10.83 0.109 0.644 0.646 
2.073 2 1 1 0 -0.5434 0.8679 0.5877 0.3902 -2.870352 -1.869014 -3.0000 1 0.4514 1  2273 2189 1856 2146 2043 1185 920 589  1 1 0 4.03 0 5 1.00 0 0 0 10.83 0.103 0.630 0.629 
2.083 2 1 1 0 -0.7662 0.5427 0.5882 0.3904 -2.803384 -1.869844 -3.0000 1 0.5023 1  2268 2196 1880 2126 2078 1334 900 621  1 1 0 4.86 0 5 1.00 0 0 0 10.81 0.104 0.638 0.634 
2.093 2 1 1 0 -0.5763 0.8267 0.5877 0.3902 -2.741568 -1.875520 -3.0000 1 0.5631 1  2250 2183 1882 2089 2084 1519 995 619  1 1 0 -1.60 0 5 1.00 0 0 0 10.86 0.103 0.633 0.630 
2.103 2 1 1 0 -0.7492 0.4499 0.5882 0.3904 -2.674600 -1.874983 -3.0000 1 0.6975 1  2251 2176 1933 2110 2101 1695 1186 615  1 1 0 0.06 0 5 1.00 0 0 0 10.81 0.109 0.630 0.629 
2.113 2 1 1 0 -0.6609 0.8706 0.5880 0.3903 -2.615360 -1.885296 -3.0000 1 0.9985 1  2208 2177 1933 2109 2063 1853 1299 623  1 1 0 3.60 0 5 1.00 0 0 0 10.88 0.102 0.631 0.644 
2.123 2 1 1 0 -0.8333 0.7841 0.5875 0.3900 -2.538088 -1.884905 -3.0000 1 1.2401 1  2226 2147 1938 2122 2052 1937 1498 697  1 1 0 6.50 0 5 1.00 0 0 0 10.93 0.102 0.635 0.643 
2.133 2 1 1 0 -0.4989 0.5964 0.5882 0.3905 -2.478848 -1.907885 -3.0000 1 1.3946 1  2280 2181 1958 2140 2060 1954 1804 843  1 1 0 7.70 3 5 1.00 0 0 0 10.82 0.102 0.549 0.553 
2.143 2 1 1 0 0.1533 0.5363 0.5858 0.3886 -2.455666 -1.905024 -3.0000 1 1.7896 1  2264 2182 1908 2140 2010 1949 1957 998  1 1 0 0.95 7 5 1.00 0 0 0 10.87 0.101 0.559 0.563 
2.153 2 1 1 0 0.1915 0.5113 0.5831 0.3864 -2.437635 -1.920616 -3.0000 1 2.0924 1  2270 2199 1966 2259 2048 1989 2089 1258  1 1 0 2.05 0 5 1.00 0 0 0 10.75 0.101 0.644 0.715 
2.163 2 1 1 0 -0.8890 0.4880 0.5829 0.3862 -2.388697 -1.933007 -3.0000 1 2.8262 1  2263 2274 1944 2213 2058 1975 2138 1511  1 1 0 8.56 1 5 1.00 0 0 0 10.91 0.101 0.556 0.643 
2.173 2 1 1 0 -0.4873 0.5353 0.5829 0.3862 -2.337183 -1.931659 -3.0000 1 3.0000 1  2282 2193 1963 2279 2080 1968 2136 1584  1 1 0 1.48 0 5 1.00 0 0 0 10.75 0.102 0.605 0.603 
2.183 2 1 1 0 -0.7056 0.5119 0.5833 0.3866 -2.280519 -1.932061 -3.0000 1 3.0000 1  2253 2174 1956 2278 2046 1945 2144 1552  1 1 0 1.69 0 5 1.00 0 0 0 10.92 0.102 0.626 0.630 
2.193 2 1 1 0 -0.5690 0.5174 0.5836 0.3870 -2.229006 -1.932303 -3.0000 1 3.0000 1  2244 2202 1966 2291 2116 1937 2108 1570  1 1 0 1.32 0 5 1.00 0 0 0 10.83 0.102 0.608 0.616 
2.203 2 1 1 0 -0.5755 0.5488 0.5836 0.3870 -2.177492 -1.933209 -3.0000 1 3.0000 1  2245 2208 1964 2305 2166 1955 2132 1627  1 1 0 1.57 0 5 1.00 0 0 0 10.79 0.103 0.628 0.631 
2.213 2 1 1 0 -0.5868 0.5156 0.5838 0.3872 -2.123404 -1.933027 -3.0000 1 3.0000 1  2249 2166 1956 2295 2207 1970 2126 1612  1 1 0 1.65 0 5 1.00 0 0 0 10.84 0.103 0.607 0.614 
2.223 2 1 1 0 -0.5775 0.5473 0.5839 0.3875 -2.069315 -1.933690 -3.0000 1 3.0000 1  2212 2186 1956 2295 2291 1991 2103 1650  1 1 0 1.49 0 5 1.00 0 0 0 10.81 0.103 0.615 0.624 
2.233 2 1 1 0 -0.5526 0.5453 0.5840 0.3877 -2.020378 -1.933654 -3.0000 1 3.0000 1  2162 2201 1953 2289 2250 2041 2117 1601  1 1 0 1.55 0 5 1.00 0 0 0 10.85 0.166 0.669 1.068 
2.243 2 1 1 0 -0.5627 0.5018 0.5843 0.3882 -1.963712 -1.934069 -3.0000 1 3.0000 1  2182 2166 1957 2309 2193 2080 2159 1577  1 1 0 1.39 0 5 1.00 0 0 0 10.83 0.101 0.618 0.624 
2.253 2 1 1 0 -0.6424 0.5796 0.5845 0.3887 -1.912197 -1.933993 -3.0000 1 3.0000 1  2169 2148 1944 2296 2234 2109 2181 1669  1 1 0 1.42 0 5 1.00 0 0 0 10.80 0.103 0.616 0.616 
2.263 2 1 1 0 -0.6752 0.4764 0.5846 0.3892 -1.855531 -1.934244 -3.0000 1 3.0000 1  2142 2029 1946 2272 2233 2113 2194 1676  1 1 0 1.48 0 5 1.00 0 0 0 10.86 0.103 0.611 0.612 
2.273 2 1 1 0 -0.6222 0.5225 0.5848 0.3900 -1.801440 -1.934596 -3.0000 1 3.0000 1  2084 2038 1962 2288 2231 2114 2212 1645  1 1 0 1.23 0 5 1.00 0 0 0 10.86 0.102 0.610 0.615 
2.283 2 1 1 0 -0.6018 0.5348 0.5849 0.3905 -1.749925 -1.935356 -3.0000 1 3.0000 1  2042 2033 1998 2289 2231 2105 2236 1694  1 1 0 1.25 0 5 1.00 0 0 0 10.79 0.101 0.609 0.615 
2.293 2 1 1 0 -0.6620 0.5737 0.5850 0.3911 -1.693259 -1.937079 -2.6043 1 3.0000 1  1946 1940 1915 2264 2191 2067 2223 1655  1 1 0 1.28 0 5 1.00 0 0 0 10.90 0.108 0.583 0.611 
2.303 2 1 1 0 0.3103 0.1316 0.5849 0.3900 -1.672653 -1.940927 -1.9862 1 3.0000 1  1649 1914 1837 2280 2247 2143 2273 1728  1 1 0 -9.45 0 5 1.00 0 0 0 10.59 0.108 0.610 0.588 
2.314 2 1 1 0 0.0996 -0.1834 0.5850 0.3908 -1.685531 -1.946035 -1.7594 1 3.0000 1  1431 1842 1807 2303 2240 2102 2264 1752  1 1 0 -10.65 0 5 1.00 0 0 0 10.75 0.108 0.613 0.610 
2.323 2 1 1 0 0.0351 0.1079 0.5850 0.3908 -1.685531 -1.960215 -1.5401 1 3.0000 1  1272 1758 1792 2295 2226 2053 2268 1749  1 1 0 -12.99 0 5 1.00 0 0 0 10.55 0.103 0.589 0.602 
2.333 2 1 1 0 0.0213 -0.1623 0.5851 0.3916 -1.693258 -1.960658 -1.3690 1 3.0000 1  1142 1579 1776 2292 2241 2113 2271 1743  1 1 0 2.23 0 5 1.00 0 0 0 10.52 0.102 0.590 0.608 
2.343 2 1 1 0 0.1063 -0.2813 0.5852 0.3924 -1.711288 -1.960646 -1.2249 1 3.0000 1  1033 1412 1715 2313 2249 2093 2266 1746  1 1 0 2.67 0 5 1.00 0 0 0 10.61 0.108 0.604 0.592 
2.353 2 1 1 0 0.0524 -0.1494 0.5853 0.3932 -1.719015 -1.960016 -1.2030 1 3.0000 1  992 1340 1721 2282 2238 2103 2261 1724  1 1 0 3.32 0 5 1.00 0 0 0 10.69 0.102 0.589 0.593 
2.363 2 1 1 0 0.0266 -0.0397 0.5853 0.3932 -1.719015 -1.960123 -1.1274 1 3.0000 1  961 1298 1649 2276 2241 2123 2244 1721  1 1 0 2.76 0 5 1.00 0 0 0 10.62 0.101 0.592 0.606 
2.373 2 1 1 0 0.0178 0.0233 0.5853 0.3930 -1.716439 -1.960228 -1.0550 1 3.0000 1  934 1271 1646 2261 2239 2060 2237 1714  1 1 0 2.47 0 5 1.00 0 0 0 10.65 0.101 0.610 0.602 
2.383 2 1 1 0 0.0134 0.0547 0.5852 0.3927 -1.713864 -1.961521 -1.1549 1 3.0000 1  958 1301 1697 2275 2254 2126 2263 1718  1 1 0 3.67 0 5 1.00 0 0 0 10.59 0.102 0.588 0.588 
2.393 2 1 1 0 0.0118 0.3242 0.5849 0.3905 -1.698410 -1.961806 -1.1195 1 3.0000 1  960 1302 1670 2265 2234 2101 2253 1714  1 1 0 4.19 0 5 1.00 0 0 0 10.68 0.102 0.586 0.588 
2.403 2 1 1 0 0.0513 0.1736 0.5848 0.3892 -1.690683 -1.960936 -1.1976 1 3.0000 1  980 1339 1726 2269 2268 2119 2267 1726  1 1 0 4.94 0 5 1.00 0 0 0 10.64 0.102 0.583 0.590 
2.413 2 1 1 0 0.0823 0.1003 0.5846 0.3881 -1.690683 -1.956952 -1.2540 1 3.0000 1  1014 1438 1761 2300 2249 2106 2267 1731  1 1 0 4.59 0 5 1.00 0 0 0 10.66 0.102 0.590 0.609 
2.423 2 1 1 0 0.1309 0.1577 0.5845 0.3868 -1.688107 -1.952209 -1.2864 1 3.0000 1  1077 1522 1764 2304 2235 2102 2285 1708  1 1 0 5.02 0 5 1.00 0 0 0 10.71 0.101 0.591 0.666 
2.433 2 1 1 0 -0.0865 0.2142 0.5844 0.3857 -1.677805 -1.946721 -1.3168 1 3.0000 1  1214 1625 1753 2272 2233 2121 2256 1709  1 1 0 4.26 0 5 1.00 0 0 0 10.73 0.103 0.606 0.611 
2.443 2 1 1 0 -0.0957 0.1628 0.5843 0.3854 -1.664926 -1.942498 -1.3439 1 3.0000 1  1221 1715 1733 2283 2242 2097 2271 1705  1 1 0 3.98 0 5 1.00 0 0 0 10.73 0.103 0.601 0.606 
2.453 2 1 1 0 0.0542 0.4818 0.5842 0.3836 -1.652048 -1.939067 -1.4321 1 3.0000 1  1256 1801 1732 2271 2254 2097 2273 1689  1 1 0 4.28 0 5 1.00 0 0 0 10.72 0.102 0.605 0.613 
2.463 2 1 1 0 -0.1438 0.5725 0.5840 0.3814 -1.621140 -1.938462 -1.7471 1 3.0000 1  1257 1873 1762 2215 2245 2107 2279 1682  1 1 0 5.26 0 5 1.00 0 0 0 10.65 0.103 0.613 0.625 
2.473 2 1 1 0 -0.2711 0.5134 0.5840 0.3798 -1.579928 -1.936708 -1.9294 1 3.0000 1  1254 1914 1787 2228 2237 2107 2228 1660  1 1 0 4.20 0 5 1.00 0 0 0 10.68 0.101 0.603 0.612 
2.483 2 1 1 0 -0.3069 0.3352 0.5840 0.3795 -1.546444 -1.934557 -2.0575 1 3.0000 1  1434 2050 1816 2265 2236 2113 2198 1593  1 1 0 5.30 0 5 1.00 0 0 0 10.46 0.103 0.596 0.596 
2.493 2 1 1 0 -0.4123 0.3414 0.5840 0.3792 -1.518111 -1.931825 -1.9993 1 3.0000 1  1363 1979 1826 2180 2222 2094 2066 1489  1 1 0 3.93 0 5 1.00 0 0 0 10.45 0.102 0.590 0.593 
2.503 2 1 1 0 -0.5489 0.5553 0.5840 0.3795 -1.469172 -1.930296 -1.9928 1 2.1772 1  1414 1951 1837 2210 2206 2077 2036 1328  1 1 0 -5.17 0 5 1.00 0 0 0 10.66 0.186 0.715 1.082 
2.513 2 1 1 0 -0.5991 0.7663 0.5841 0.3787 -1.409930 -1.930381 -2.0409 1 1.7085 1  1409 2001 1839 2230 2200 1986 1900 1083  1 1 0 -9.46 0 5 1.00 0 0 0 10.67 0.103 0.632 0.630 
2.523 2 1 1 0 -0.5447 0.3773 0.5840 0.3792 -1.358416 -1.928717 -2.0405 1 1.2318 1  1451 1985 1840 2191 2166 1894 1633 856  1 1 0 -14.98 0 5 1.00 0 0 0 10.65 0.103 0.605 0.614 
2.533 2 1 1 0 -0.5657 0.4988 0.5839 0.3795 -1.319780 -1.926144 -2.0574 1 0.8048 1  1462 2030 1834 2187 2099 1744 1386 714  1 1 0 -20.14 0 5 1.00 0 0 0 10.57 0.101 0.611 0.615 
2.543 2 1 1 0 -0.5553 0.6246 0.5838 0.3798 -1.265689 -1.929705 -2.0025 1 0.6276 1  1431 1972 1834 2168 2093 1579 1145 625  1 1 0 -22.56 0 5 1.00 0 0 0 10.77 0.102 0.621 0.616 
2.553 2 1 1 0 -0.2814 0.5606 0.5842 0.3787 -1.214175 -1.931847 -2.0231 1 0.4510 1  1452 1978 1847 2171 2001 1430 954 630  1 1 0 -24.38 0 5 1.00 0 0 0 10.76 0.103 0.613 0.616 
2.563 2 1 1 0 -0.2816 0.4094 0.5846 0.3777 -1.183266 -1.928004 -2.0768 1 0.0900 1  1457 1994 1869 2167 1860 1235 885 571  1 1 0 -3.08 0 5 1.00 0 0 0 10.46 0.103 0.592 0.602 
2.573 2 1 1 0 -0.3516 0.7274 0.5850 0.3767 -1.136903 -1.925625 -2.0192 1 -0.1193 1  1422 1982 1838 2123 1763 1080 879 533  1 1 0 -6.29 0 5 1.00 0 0 0 10.77 0.103 0.623 0.626 
2.584 2 1 1 0 -0.2757 0.6051 0.5857 0.3753 -1.090540 -1.925026 -2.0531 1 -0.2169 1  1430 2026 1853 2098 1632 936 858 578  1 1 0 -0.40 0 5 1.00 0 0 0 10.70 0.103 0.613 0.624 
2.593 2 1 1 0 -0.2092 0.4884 0.5865 0.3738 -1.059632 -1.922291 -1.9928 1 -0.2639 1  1397 1979 1858 2111 1506 851 869 532  1 1 0 -1.09 0 5 1.00 0 0 0 10.71 0.102 0.605 0.600 
2.603 2 1 1 0 -0.3233 0.6504 0.5872 0.3727 -1.020996 -1.914013 -2.0146 1 -0.2806 1  1362 1989 1861 2106 1420 811 844 562  1 1 0 -1.37 0 5 1.00 0 0 0 10.68 0.102 0.613 0.616 
2.613 2 1 1 0 -0.2777 0.6173 0.5884 0.3709 -0.974633 -1.912667 -2.0177 1 -0.2692 1  1332 1995 1883 2121 1428 799 795 576  1 1 0 -1.15 0 5 1.00 0 0 0 10.80 0.102 0.612 0.623 
2.623 2 1 1 0 -0.0752 0.5720 0.5896 0.3691 -0.943724 -1.912271 -1.9854 1 -0.2775 1  1319 1969 1876 2124 1373 833 854 509  1 1 0 -0.84 0 5 1.00 0 0 0 10.62 0.102 0.612 0.609 
2.633 2 1 1 0 -0.3030 0.6125 0.5906 0.3678 -0.902512 -1.906157 -1.9189 1 -0.2725 1  1260 1904 1821 2128 1404 822 890 546  1 1 0 -2.28 0 5 1.00 0 0 0 10.75 0.102 0.621 0.629 
2.643 2 1 1 0 -0.0931 0.6094 0.5921 0.3659 -0.869027 -1.903037 -1.7567 1 -0.2328 1  1198 1843 1818 2162 1426 814 903 591  1 1 0 -2.46 0 5 1.00 0 0 0 10.70 0.103 0.604 0.629 
2.653 2 1 1 0 0.2207 0.5206 0.5951 0.3624 -0.850997 -1.901133 -1.5137 1 -0.2451 1  1118 1730 1799 2146 1467 835 903 575  1 1 0 -1.93 0 5 1.00 0 0 0 10.85 0.103 0.604 0.605 
2.663 2 1 1 0 0.1385 0.5584 0.5975 0.3598 -0.832966 -1.918258 -1.4480 1 -0.2409 1  1030 1625 1832 2132 1485 790 899 615  1 1 0 -1.83 0 5 1.00 0 0 0 10.76 0.102 0.596 0.604 
2.673 2 1 1 0 0.3175 0.5284 0.6004 0.3566 -0.817512 -1.916493 -1.3811 1 -0.2341 1  944 1511 1834 2136 1519 790 892 601  1 1 0 -1.80 0 5 1.00 0 0 0 10.85 0.108 0.596 0.602 
2.683 2 1 1 0 0.1387 0.6434 0.6028 0.3541 -0.799482 -1.915751 -1.3457 1 -0.2053 1  909 1439 1823 2143 1582 821 942 644  1 1 0 -1.25 0 5 1.00 0 0 0 10.81 0.103 0.601 0.595 
2.693 2 1 1 0 0.1734 0.5536 0.6053 0.3516 -0.781451 -1.914748 -1.3015 1 -0.1945 1  889 1399 1780 2143 1609 828 954 679  1 1 0 -0.74 0 5 1.00 0 0 0 10.80 0.103 0.576 0.630 
2.703 2 1 1 0 0.1691 0.5833 0.6082 0.3488 -0.763421 -1.914639 -1.3010 1 -0.1720 1  937 1422 1790 2157 1626 830 923 667  1 1 0 -0.34 0 5 1.00 0 0 0 10.82 0.103 0.583 0.596 
2.713 2 1 1 0 0.2782 0.6031 0.6112 0.3460 -0.745391 -1.913489 -1.3197 1 -0.1623 1  964 1362 1815 2156 1638 824 924 641  1 1 0 -0.68 0 5 1.00 0 0 0 10.80 0.102 0.581 0.586 
2.723 2 1 1 0 0.2221 0.5928 0.6142 0.3433 -0.727360 -1.911804 -1.2643 1 -0.1328 1  924 1313 1768 2163 1687 819 884 665  1 1 0 -0.42 0 5 1.00 0 0 0 10.82 0.103 0.583 0.590 
2.733 2 1 1 0 0.3222 0.5707 0.6175 0.3404 -0.711906 -1.909693 -1.2506 1 -0.1390 1  906 1312 1765 2145 1715 855 908 664  1 1 0 -0.26 0 5 1.00 0 0 0 10.85 0.101 0.583 0.586 
2.743 2 1 1 0 0.2555 0.5889 0.6210 0.3375 -0.693876 -1.905990 -1.2545 1 -0.1152 1  932 1307 1773 2169 1705 913 936 621  1 1 0 -0.30 0 5 1.00 0 0 0 10.84 0.102 0.596 0.574 
2.753 2 1 1 0 0.3551 0.6351 0.6245 0.3345 -0.680997 -1.903686 -1.1982 1 -0.1216 1  934 1312 1707 2145 1728 943 915 646  1 1 0 -0.27 0 5 1.00 0 0 0 10.88 0.101 0.586 0.572 
2.763 2 1 1 0 0.3879 0.5992 0.6285 0.3313 -0.668118 -1.901426 -1.2085 1 -0.1356 1  995 1298 1736 2122 1766 994 956 640  1 1 0 0.32 0 5 1.00 0 0 0 10.84 0.102 0.604 0.591 
2.773 2 1 1 0 0.3550 0.6270 0.6324 0.3283 -0.652663 -1.897632 -1.2031 1 -0.0636 1  941 1290 1728 2154 1791 1012 1010 684  1 1 0 -0.21 0 5 1.00 0 0 0 10.88 0.102 0.591 0.608 
2.783 2 1 1 0 0.3435 0.7109 0.6363 0.3254 -0.642360 -1.895347 -1.1618 1 0.0405 1  895 1276 1685 2153 1871 1116 1052 717  1 1 0 0.04 0 5 1.00 0 0 0 10.88 0.103 0.589 0.608 
2.793 2 1 1 0 0.3733 0.6151 0.6406 0.3222 -0.626906 -1.892007 -0.9446 1 -0.0435 1  942 1242 1633 2128 1840 1129 1003 699  1 1 0 -2.43 0 5 1.00 0 0 0 10.90 0.110 0.591 0.588 
2.803 2 1 1 0 0.5963 0.2171 0.6443 0.3195 -0.634633 -1.895152 -0.5107 1 0.1486 1  881 1178 1503 2045 1955 1258 902 692  1 1 0 -1.38 0 5 1.00 0 0 0 10.61 0.111 0.593 0.602 
2.813 2 1 1 0 0.4298 -0.0746 0.6458 0.3184 -0.657815 -1.893350 -0.5188 1 0.4779 1  926 1052 1440 2087 2069 1318 865 663  1 1 0 1.16 0 5 1.00 0 0 0 10.72 0.102 0.592 0.606 
2.823 2 1 1 0 0.6435 0.4933 0.6486 0.3162 -0.675845 -1.889749 -0.6252 1 0.5410 1  856 981 1382 2173 2087 1413 898 597  1 1 0 1.60 0 5 1.00 0 0 0 10.77 0.103 0.609 0.583 
2.833 2 1 1 0 0.5448 0.5006 0.6532 0.3125 -0.675845 -1.888074 -0.5574 1 0.5630 1  846 929 1322 2139 2094 1484 907 567  1 1 0 0.60 0 5 1.00 0 0 0 10.82 0.102 0.608 0.679 
2.843 2 1 1 0 0.6115 0.5024 0.6575 0.3091 -0.680997 -1.888243 -0.5270 1 0.6143 1  892 872 1247 2148 2106 1583 951 586  1 1 0 1.19 0 5 1.00 0 0 0 10.83 0.103 0.610 0.613 
2.853 2 1 1 0 0.5658 0.4774 0.6614 0.3058 -0.683573 -1.886448 -0.5138 1 0.6693 1  826 811 1167 2149 2116 1631 992 600  1 1 0 1.05 0 5 1.00 0 0 0 10.86 0.103 0.588 0.579 
2.863 2 1 1 0 0.6796 0.5023 0.6661 0.3021 -0.688724 -1.885263 -0.4709 1 0.7763 1  807 780 1109 2119 2131 1745 1088 592  1 1 0 1.24 0 5 1.00 0 0 0 10.92 0.101 0.586 0.590 
2.873 2 1 1 0 0.5721 0.5103 0.6704 0.2984 -0.691300 -1.883370 -0.4267 1 1.0116 1  828 806 1005 2071 2118 1837 1242 612  1 1 0 1.15 0 5 1.00 0 0 0 10.89 0.102 0.583 0.584 
2.883 2 1 1 0 0.6218 0.5290 0.6748 0.2948 -0.699027 -1.882586 -0.3364 1 1.1895 1  822 795 938 2011 2131 1916 1321 642  1 1 0 1.10 0 5 1.00 0 0 0 10.91 0.102 0.605 0.615 
2.893 2 1 1 0 0.7667 0.2100 0.6789 0.2913 -0.714482 -1.880379 -0.0994 1 1.2538 1  842 799 885 1916 2133 1959 1456 633  1 1 0 0.00 0 5 1.00 0 0 0 10.68 0.111 0.609 0.612 
2.903 2 1 1 0 0.6691 -0.1782 0.6809 0.2895 -0.750542 -1.879419 0.0876 1 1.2558 1  827 828 767 1803 2108 1952 1469 643  1 1 0 -0.63 0 5 1.00 0 0 0 10.64 0.103 0.606 0.612 
2.913 2 1 1 0 0.7065 -0.1828 0.6829 0.2876 -0.796906 -1.878272 0.1567 1 1.2810 1  831 840 739 1704 2088 1973 1493 615  1 1 0 -0.20 0 5 1.00 0 0 0 10.80 0.186 0.710 1.081 
2.923 2 1 1 0 0.8322 -0.0716 0.6853 0.2850 -0.835542 -1.877358 0.1233 1 1.3019 1  797 782 733 1689 2137 1971 1528 614  1 1 0 -0.29 0 5 1.00 0 0 0 10.90 0.102 0.623 0.629 
2.933 2 1 1 0 0.7556 0.0391 0.6879 0.2820 -0.869027 -1.877142 0.1719 1 1.2774 1  789 786 709 1636 2100 1937 1592 618  1 1 0 -1.54 0 5 1.00 0 0 0 10.90 0.103 0.630 0.628 
2.943 2 1 1 0 0.8345 0.0586 0.6907 0.2786 -0.905087 -1.877505 0.2272 1 1.3108 1  832 782 685 1573 2074 1951 1634 639  1 1 0 -1.34 0 5 1.00 0 0 0 10.90 0.101 0.629 0.629 
2.953 2 1 1 0 0.7904 0.0281 0.6931 0.2754 -0.943724 -1.877978 0.2755 1 1.2632 1  800 766 672 1549 2026 1918 1625 630  1 1 0 -1.61 0 5 1.00 0 0 0 10.92 0.103 0.630 0.633 
2.963 2 1 1 0 0.8175 0.0185 0.6953 0.2723 -0.979784 -1.879030 0.2828 1 1.3312 1  802 777 646 1547 2037 1950 1678 659  1 1 0 -1.63 0 5 1.00 0 0 0 10.92 0.101 0.626 0.642 
2.973 2 1 1 0 0.7690 0.2706 0.6978 0.2684 -1.008118 -1.879657 0.2565 1 1.3803 1  803 748 666 1489 2068 1979 1703 620  1 1 0 -1.92 0 5 1.00 0 0 0 10.91 0.102 0.629 0.636 
2.983 2 1 1 0 0.8185 0.4009 0.7009 0.2634 -1.028723 -1.879846 0.2492 1 1.3878 1  777 814 695 1475 2071 1981 1703 643  1 1 0 -2.10 0 5 1.00 0 0 0 10.92 0.103 0.631 0.633 
2.994 2 1 1 0 0.7986 0.1978 0.7034 0.2592 -1.054480 -1.881859 0.2380 1 1.3649 1  776 842 660 1486 2073 1978 1653 633  1 1 0 -2.02 0 5 1.00 0 0 0 10.88 0.101 0.604 0.594 
3.003 2 1 1 0 0.6948 0.1744 0.7057 0.2549 -1.080237 -1.883212 0.2074 1 1.3435 1  839 819 689 1511 2119 1980 1584 615  1 1 0 -1.78 0 5 1.00 0 0 0 10.87 0.102 0.606 0.604 
3.013 2 1 1 0 0.6857 0.3333 0.7078 0.2508 -1.103418 -1.884797 0.1907 1 1.2987 1  809 800 691 1553 2117 1968 1526 627  1 1 0 -1.48 0 5 1.00 0 0 0 10.89 0.102 0.610 0.603 
3.023 2 1 1 0 0.6581 0.1816 0.7098 0.2469 -1.124023 -1.882704 0.1899 1 1.2688 1  833 769 697 1632 2089 1943 1509 630  1 1 0 -1.43 0 5 1.00 0 0 0 10.83 0.101 0.606 0.611 
3.033 2 1 1 0 0.6024 0.2958 0.7118 0.2425 -1.139477 -1.881390 0.1334 1 1.2795 1  840 825 742 1706 2124 1954 1487 620  1 1 0 -0.83 0 5 1.00 0 0 0 10.84 0.102 0.601 0.608 
3.043 2 1 1 0 0.5758 0.3449 0.7136 0.2386 -1.154931 -1.879206 0.0837 1 1.2560 1  839 839 789 1782 2116 1950 1430 628  1 1 0 -0.77 0 5 1.00 0 0 0 10.82 0.102 0.604 0.604 
3.053 2 1 1 0 0.5946 0.3531 0.7155 0.2341 -1.165234 -1.876733 -0.0140 1 1.2243 1  845 866 868 1889 2125 1940 1385 625  1 1 0 -0.07 0 5 1.00 0 0 0 10.78 0.102 0.625 0.631 
3.063 2 1 1 0 0.3959 0.4688 0.7173 0.2299 -1.167809 -1.874418 -0.1611 1 1.2185 1  884 799 945 1956 2147 1930 1289 635  1 1 0 0.09 0 5 1.00 0 0 0 10.62 0.102 0.628 0.632 
3.073 2 1 1 0 0.0840 0.5211 0.7185 0.2272 -1.149780 -1.871351 -0.3832 1 0.9719 1  820 813 940 2035 2168 1794 1243 615  1 1 0 0.41 0 5 1.00 0 0 0 10.59 0.103 0.611 0.614 
3.083 2 1 1 0 -0.0535 0.5234 0.7196 0.2250 -1.121447 -1.868030 -0.3023 1 0.8689 1  821 798 958 2003 2079 1768 1166 629  1 1 0 -2.23 0 5 1.00 0 0 0 10.70 0.110 0.629 0.625 
3.093 2 1 1 0 0.6527 0.5110 0.7214 0.2213 -1.108569 -1.864039 -0.0597 1 0.9762 1  849 866 959 1958 2059 1836 1251 627  1 1 0 0.52 0 5 1.00 0 0 0 10.88 0.102 0.601 0.605 
3.103 2 1 1 0 0.5185 0.5751 0.7239 0.2162 -1.111145 -1.861135 0.0800 1 0.8510 1  817 880 947 1901 2052 1827 1327 647  1 1 0 -0.17 0 5 1.00 0 0 0 10.89 0.101 0.615 0.708 
3.113 2 1 1 0 0.6597 0.4712 0.7262 0.2114 -1.121447 -1.857160 0.0237 1 1.2197 1  815 819 916 1855 2108 1932 1408 641  1 1 0 0.58 0 5 1.00 0 0 0 10.93 0.102 0.602 0.608 
3.123 2 1 1 0 0.5247 0.5053 0.7285 0.2068 -1.118871 -1.853277 0.0686 1 1.3055 1  811 820 863 1792 2123 1988 1494 629  1 1 0 1.00 0 5 1.00 0 0 0 10.84 0.103 0.596 0.593 
3.133 2 1 1 0 0.5484 0.5195 0.7306 0.2024 -1.118871 -1.850640 0.1257 1 1.3166 1  830 783 845 1718 2108 1979 1541 645  1 1 0 0.64 0 5 1.00 0 0 0 10.87 0.103 0.626 0.623 
3.143 2 1 1 0 0.4872 0.4566 0.7327 0.1980 -1.118871 -1.849449 0.1646 1 1.3587 1  840 836 805 1642 2117 1995 1630 656  1 1 0 0.77 0 5 1.00 0 0 0 10.86 0.103 0.625 0.631 
3.153 2 1 1 0 0.5794 0.4716 0.7347 0.1939 -1.121447 -1.847852 0.1983 1 1.3755 1  856 801 798 1601 2091 1972 1706 689  1 1 0 0.58 0 5 1.00 0 0 0 10.85 0.102 0.626 0.629 
3.163 2 1 1 0 0.5119 0.4914 0.7370 0.1892 -1.124023 -1.845843 0.2135 1 1.4409 1  867 821 756 1496 2104 1982 1780 721  1 1 0 1.14 0 5 1.00 0 0 0 10.88 0.102 0.629 0.633 
3.173 2 1 1 0 0.5692 0.5752 0.7393 0.1843 -1.124023 -1.844176 0.2536 1 1.6019 1  840 791 753 1379 2088 1985 1892 817  1 1 0 1.71 0 5 1.00 0 0 0 10.87 0.102 0.626 0.630 
3.183 2 1 1 0 0.5892 0.4505 0.7416 0.1795 -1.129174 -1.843251 0.2909 1 1.8076 1  844 790 785 1328 2046 2007 1960 869  1 1 0 2.73 0 5 1.00 0 0 0 10.87 0.172 0.690 1.071 
3.193 2 1 1 0 0.6752 0.4511 0.7437 0.1751 -1.134325 -1.842785 0.3342 1 1.9534 1  837 786 759 1243 2004 1992 2027 917  1 1 0 1.73 0 5 1.00 0 0 0 10.86 0.102 0.628 0.632 
3.203 2 1 1 0 0.6195 0.3897 0.7460 0.1701 -1.144628 -1.842058 0.4601 1 1.9802 1  809 733 764 1165 1936 1989 2050 934  1 1 0 0.74 0 5 1.00 0 0 0 10.69 0.103 0.615 0.644 
3.213 2 1 1 0 0.6891 0.0608 0.7473 0.1672 -1.170384 -1.840880 0.6751 1 2.0344 1  890 770 772 1105 1872 1987 2101 1002  1 1 0 -0.08 0 5 1.00 0 0 0 10.65 0.102 0.615 0.616 
3.223 2 1 1 0 0.6736 -0.2811 0.7481 0.1652 -1.216748 -1.840808 0.7410 1 2.0385 1  855 795 767 1046 1840 2005 2102 997  1 1 0 -0.46 0 5 1.00 0 0 0 10.74 0.110 0.633 0.634 
3.233 2 1 1 0 0.6096 -0.2655 0.7487 0.1634 -1.265686 -1.841360 0.8229 1 2.0368 1  810 795 780 1062 1797 1966 2110 1019  1 1 0 -1.15 0 5 1.00 0 0 0 10.76 0.102 0.623 0.616 
3.243 2 1 1 0 0.7317 -0.2564 0.7493 0.1610 -1.309473 -1.841613 0.9280 1 2.0552 1  840 813 753 1066 1784 1919 2125 1063  1 1 0 -1.55 0 5 1.00 0 0 0 10.73 0.103 0.623 0.626 
3.253 2 1 1 0 0.8417 -0.3876 0.7498 0.1592 -1.363564 -1.842044 1.0115 1 2.0064 1  847 868 804 1053 1764 1898 2065 1012  1 1 0 -2.51 0 5 1.00 0 0 0 10.78 0.103 0.618 0.623 
3.264 2 1 1 0 0.6702 -0.6860 0.7500 0.1581 -1.425381 -1.842716 1.0555 1 2.0112 1  812 891 824 1040 1726 1894 2073 1006  1 1 0 -1.17 0 5 1.00 0 0 0 10.85 0.102 0.614 0.632 
3.273 2 1 1 0 0.8166 -0.2439 0.7501 0.1568 -1.484623 -1.843150 0.8097 1 2.0180 1  831 915 795 1088 1828 1990 2085 986  1 1 0 -1.18 0 5 1.00 0 0 0 10.84 0.103 0.623 0.623 
3.283 2 1 1 0 0.6889 0.4995 0.7505 0.1517 -1.502653 -1.843904 0.7510 1 2.0010 1  774 944 758 1089 1841 1971 2072 952  1 1 0 -2.04 0 5 1.00 0 0 0 10.90 0.103 0.604 0.606 
3.293 2 1 1 0 0.6437 0.1851 0.7507 0.1473 -1.523259 -1.844924 0.6181 1 1.9659 1  847 935 833 1160 1914 1979 2020 907  1 1 0 -1.55 0 5 1.00 0 0 0 10.83 0.102 0.604 0.609 
3.303 2 1 1 0 0.4572 0.3217 0.7509 0.1433 -1.536137 -1.845477 0.3616 1 1.9117 1  918 1011 843 1288 1965 1995 1985 786  1 1 0 -0.03 0 5 1.00 0 0 0 10.59 0.101 0.611 0.623 
3.313 2 1 1 0 0.1602 0.2773 0.7510 0.1408 -1.528410 -1.847572 0.3231 1 1.5578 1  941 982 839 1327 2018 1982 1850 781  1 1 0 -1.57 0 5 1.00 0 0 0 10.67 0.102 0.616 0.612 
3.323 2 1 1 0 0.2805 0.3888 0.7511 0.1379 -1.525834 -1.845881 0.2846 1 1.4665 1  928 902 826 1414 2045 1990 1762 650  1 1 0 -1.18 0 5 1.00 0 0 0 10.72 0.101 0.615 0.629 
3.333 2 1 1 0 0.4400 0.4868 0.7513 0.1341 -1.525834 -1.844886 0.2386 1 1.4131 1  937 1002 850 1476 2097 1999 1693 629  1 1 0 -0.38 0 5 1.00 0 0 0 10.75 0.102 0.628 0.632 
3.343 2 1 1 0 0.4939 0.5409 0.7515 0.1292 -1.525834 -1.844039 0.2141 1 1.3367 1  989 1017 880 1522 2112 1973 1599 588  1 1 0 -0.13 0 5 1.00 0 0 0 10.83 0.101 0.625 0.631 
3.353 2 1 1 0 0.5573 0.3239 0.7517 0.1252 -1.533561 -1.841951 0.2350 1 1.3044 1  1027 1014 876 1596 2062 1961 1546 514  1 1 0 0.08 0 5 1.00 0 0 0 10.73 0.103 0.602 0.604 
3.363 2 1 1 0 0.4274 0.3744 0.7518 0.1209 -1.538713 -1.838747 0.1924 1 1.2913 1  1021 1043 876 1620 2096 1964 1501 551  1 1 0 0.47 0 5 1.00 0 0 0 10.82 0.102 0.593 0.612 
3.373 2 1 1 0 0.4614 0.3597 0.7520 0.1165 -1.543864 -1.837024 0.1727 1 1.2622 1  1008 1031 850 1672 2100 1952 1450 549  1 1 0 0.54 0 5 1.00 0 0 0 10.80 0.103 0.596 0.649 
