%% logfile from robot Thit (86)
% Thit (86)
%  1    time 0.026 sec
%  2  3  4  5   (mission 0), state 2, entered ), events 0x0 (bit-flags)
% 12 .. 33 Edge sensor: left 0.139553 1, right 1.454126 1, values 895 966 853 1588 2159 2034 1699 714, 
%    white 1, used 1, LEDhigh=0, xingVal=0.99 xlcnt=0 lvcnt=5,LineVal=1.00, lineLow=0, lineHi=0, edgeAngle=0.
% whitelevel=[2447 2346 2088 2520 2452 2316 2458 1831];
% blacklevel=[55 43 40 50 7 44 2 8];
% 34    Battery voltage [V]: 10.61
% 35 37 read sensor time [ms]: 0.102 and ctrl time 0.574, cycleEnd 0.578
0.026 2 1 1 0 0.1237 0.1620 0.0051 -0.0000 -0.002576 -1.670631 0.1396 1 1.4541 1  895 966 853 1588 2159 2034 1699 714  1 1 0 0.99 0 5 1.00 0 0 0 10.61 0.102 0.574 0.578 
0.036 2 1 1 0 0.2402 0.1109 0.0070 -0.0000 -0.005152 -1.671147 0.1194 1 1.4826 1  897 971 845 1592 2201 2052 1718 729  1 1 0 1.33 0 5 1.00 0 0 0 10.60 0.103 0.580 0.576 
0.046 2 1 1 0 0.2278 0.2060 0.0089 -0.0000 -0.007727 -1.670874 0.1435 1 1.4629 1  880 954 854 1586 2147 2048 1701 703  1 1 0 0.82 0 5 1.00 0 0 0 10.63 0.158 0.632 1.056 
0.056 2 1 1 0 0.2690 0.2676 0.0114 -0.0000 -0.010303 -1.671160 0.1433 1 1.4937 1  876 1003 852 1578 2152 2051 1754 723  1 1 0 1.25 0 5 1.00 0 0 0 10.68 0.103 0.585 0.581 
0.066 2 1 1 0 0.2924 0.2586 0.0141 -0.0001 -0.010303 -1.671166 0.1536 1 1.4495 1  891 948 863 1569 2144 2017 1734 710  1 1 0 0.62 0 5 1.00 0 0 0 10.65 0.102 0.585 0.583 
0.076 2 1 1 0 0.3013 0.2626 0.0173 -0.0001 -0.010303 -1.671288 0.1594 1 1.3956 1  877 982 864 1565 2152 1992 1718 766  1 1 0 0.35 0 5 1.00 0 0 0 10.71 0.102 0.585 0.583 
0.086 2 1 1 0 0.3307 0.4057 0.0206 -0.0002 -0.015455 -1.671554 0.1699 1 1.4508 1  926 956 904 1568 2136 2024 1741 789  1 1 0 1.14 0 5 1.00 0 0 0 10.70 0.103 0.582 0.586 
0.096 2 1 1 0 0.4218 0.3168 0.0241 -0.0002 -0.018030 -1.671937 0.1404 1 1.4707 1  920 947 895 1602 2149 2030 1750 750  1 1 0 1.07 0 5 1.00 0 0 0 10.75 0.101 0.583 0.590 
0.106 2 1 1 0 0.3913 0.3325 0.0279 -0.0003 -0.018030 -1.672097 0.1405 1 1.4724 1  898 966 902 1600 2160 1994 1770 756  1 1 0 1.19 0 5 1.00 0 0 0 10.80 0.102 0.585 0.589 
0.116 2 1 1 0 0.5305 0.3282 0.0316 -0.0004 -0.023182 -1.672158 0.1667 1 1.4650 1  895 961 903 1619 2122 2014 1742 732  1 1 0 1.22 0 5 1.00 0 0 0 10.80 0.102 0.588 0.584 
0.127 2 1 1 0 0.4665 0.3893 0.0362 -0.0005 -0.025758 -1.672583 0.1491 1 1.4312 1  922 987 866 1620 2144 2005 1708 711  1 1 0 1.21 0 5 1.00 0 0 0 10.81 0.102 0.578 0.573 
0.136 2 1 1 0 0.5348 0.3894 0.0403 -0.0006 -0.028333 -1.671743 0.1399 1 1.4003 1  880 960 866 1601 2146 1991 1678 727  1 1 0 0.81 0 5 1.00 0 0 0 10.82 0.102 0.580 0.587 
0.146 2 1 1 0 0.4703 0.3640 0.0449 -0.0007 -0.030909 -1.671381 0.1895 1 1.3886 1  881 935 861 1581 2118 1993 1683 676  1 1 0 0.90 0 5 1.00 0 0 0 10.79 0.102 0.578 0.581 
0.156 2 1 1 0 0.4853 0.4506 0.0495 -0.0009 -0.033485 -1.671458 0.1439 1 1.4240 1  878 939 835 1609 2159 1990 1720 667  1 1 0 0.99 0 5 1.00 0 0 0 10.84 0.102 0.585 0.585 
0.166 2 1 1 0 0.4823 0.4259 0.0541 -0.0010 -0.036061 -1.670750 0.1322 1 1.4221 1  886 956 867 1608 2160 2002 1685 663  1 1 0 0.69 0 5 1.00 0 0 0 10.85 0.102 0.586 0.586 
0.176 2 1 1 0 0.5984 0.6278 0.0598 -0.0012 -0.038636 -1.670680 0.1517 1 1.3971 1  847 939 865 1610 2139 2023 1635 676  1 1 0 0.69 0 5 1.00 0 0 0 10.92 0.102 0.581 0.588 
0.186 2 1 1 0 0.5569 0.4730 0.0654 -0.0015 -0.041212 -1.670851 0.1466 1 1.4133 1  874 975 874 1613 2150 2007 1670 675  1 1 0 1.01 0 5 1.00 0 0 0 10.90 0.111 0.583 0.575 
0.196 2 1 1 0 0.5628 0.5983 0.0708 -0.0017 -0.041212 -1.670868 0.1670 1 1.4228 1  864 957 858 1591 2125 2032 1679 672  1 1 0 1.00 0 5 1.00 0 0 0 10.90 0.102 0.582 0.588 
0.206 2 1 1 0 0.5263 0.5004 0.0762 -0.0019 -0.041212 -1.671020 0.1218 1 1.4928 1  908 967 875 1628 2177 2097 1701 676  1 1 0 2.16 0 5 1.00 0 0 0 10.89 0.102 0.581 0.585 
0.216 2 1 1 0 0.6394 0.6172 0.0819 -0.0021 -0.043788 -1.671231 0.1032 1 1.4782 1  872 996 852 1646 2181 2066 1696 667  1 1 0 1.11 0 5 1.00 0 0 0 10.92 0.102 0.586 0.586 
0.226 2 1 1 0 0.5205 0.5124 0.0876 -0.0024 -0.046364 -1.670872 0.1129 1 1.4549 1  865 1024 911 1635 2180 2035 1698 653  1 1 0 1.21 0 5 1.00 0 0 0 10.89 0.102 0.578 0.583 
0.236 2 1 1 0 0.6700 0.6083 0.0935 -0.0027 -0.046364 -1.670617 0.1376 1 1.4274 1  905 1061 902 1616 2145 2023 1653 675  1 1 0 0.57 0 5 1.00 0 0 0 10.93 0.101 0.582 0.656 
0.246 2 1 1 0 0.5877 0.5475 0.0997 -0.0030 -0.048939 -1.670433 0.1041 1 1.4006 1  923 1069 929 1688 2165 2003 1669 681  1 1 0 1.31 0 5 1.00 0 0 0 10.94 0.103 0.588 0.593 
0.256 2 1 1 0 0.6076 0.5320 0.1057 -0.0033 -0.054091 -1.670310 0.0932 1 1.4185 1  950 1050 895 1669 2178 2024 1661 663  1 1 0 1.30 0 5 1.00 0 0 0 10.96 0.103 0.586 0.595 
0.266 2 1 1 0 0.6259 0.5923 0.1114 -0.0036 -0.051515 -1.670512 0.0599 1 1.4324 1  931 1052 938 1704 2200 2028 1660 648  1 1 0 1.28 0 5 1.00 0 0 0 10.94 0.102 0.584 0.583 
0.276 2 1 1 0 0.5294 0.6298 0.1173 -0.0039 -0.051515 -1.670262 0.0638 1 1.4235 1  931 1031 904 1706 2190 2028 1684 650  1 1 0 1.25 0 5 1.00 0 0 0 10.95 0.102 0.582 0.592 
0.286 2 1 1 0 0.6320 0.5715 0.1232 -0.0042 -0.056667 -1.670878 0.0856 1 1.3901 1  973 1061 899 1728 2155 2025 1603 628  1 1 0 1.30 0 5 1.00 0 0 0 10.96 0.102 0.583 0.594 
0.296 2 1 1 0 0.5617 0.5624 0.1292 -0.0046 -0.056667 -1.670410 0.0727 1 1.3912 1  949 1048 915 1738 2154 2025 1586 640  1 1 0 1.04 0 5 1.00 0 0 0 10.96 0.103 0.582 0.588 
0.306 2 1 1 0 0.6452 0.6719 0.1354 -0.0049 -0.059242 -1.670718 0.0798 1 1.4006 1  986 1060 912 1732 2151 2033 1602 648  1 1 0 1.03 0 5 1.00 0 0 0 10.97 0.109 0.592 0.589 
0.316 2 1 1 0 0.6369 0.5459 0.1416 -0.0053 -0.061818 -1.670602 0.0655 1 1.3906 1  970 1088 915 1768 2151 2050 1551 644  1 1 0 1.37 0 5 1.00 0 0 0 10.97 0.159 0.643 1.051 
0.326 2 1 1 0 0.6815 0.5949 0.1475 -0.0056 -0.061818 -1.670603 0.0789 1 1.3350 1  999 1092 922 1756 2139 2004 1539 625  1 1 0 1.22 0 5 1.00 0 0 0 10.97 0.103 0.583 0.586 
0.336 2 1 1 0 0.6228 0.5585 0.1537 -0.0060 -0.064394 -1.670763 0.0640 1 1.3235 1  1057 1080 928 1775 2131 1990 1519 622  1 1 0 0.97 0 5 1.00 0 0 0 10.97 0.110 0.591 0.593 
0.346 2 1 1 0 0.6117 0.6660 0.1597 -0.0064 -0.064394 -1.670951 0.0861 1 1.3087 1  1054 1104 942 1792 2110 1981 1510 615  1 1 0 0.82 0 5 1.00 0 0 0 10.98 0.102 0.582 0.586 
0.356 2 1 1 0 0.5957 0.5574 0.1654 -0.0068 -0.066970 -1.671237 -0.0052 1 1.2662 1  1083 1080 970 1851 2146 1950 1499 627  1 1 0 1.70 0 5 1.00 0 0 0 10.98 0.103 0.586 0.589 
0.366 2 1 1 0 0.5685 0.5609 0.1713 -0.0072 -0.066970 -1.671195 -0.0850 1 1.3673 1  1070 1099 1000 1882 2179 2033 1551 619  1 1 0 1.51 0 5 1.00 0 0 0 10.97 0.103 0.585 0.589 
0.376 2 1 1 0 0.5398 0.6530 0.1772 -0.0076 -0.066970 -1.671636 -0.3303 1 1.3317 1  1044 1104 1094 2012 2184 2016 1452 628  1 1 0 1.45 0 5 1.00 0 0 0 10.97 0.103 0.580 0.588 
0.386 2 1 1 0 0.5098 0.5374 0.1829 -0.0080 -0.064394 -1.671734 -0.4837 1 1.1445 1  1036 1058 1177 2138 2162 1847 1238 620  1 1 0 1.30 0 5 1.00 0 0 0 10.97 0.103 0.582 0.586 
0.397 2 1 1 0 0.5632 0.6052 0.1886 -0.0083 -0.061818 -1.672033 -0.5660 1 0.8352 1  1041 1046 1233 2208 2154 1711 1063 620  1 1 0 1.03 0 5 1.00 0 0 0 10.98 0.103 0.581 0.586 
0.406 2 1 1 0 0.5462 0.5633 0.1942 -0.0087 -0.059242 -1.672253 -0.6182 1 0.7018 1  1017 1040 1300 2242 2149 1613 942 612  1 1 0 1.12 0 5 1.00 0 0 0 10.97 0.102 0.583 0.585 
0.416 2 1 1 0 0.5471 0.6124 0.2004 -0.0090 -0.056667 -1.671260 -0.6398 1 0.6530 1  1042 1070 1373 2224 2170 1540 852 579  1 1 0 1.23 0 5 1.00 0 0 0 10.98 0.103 0.582 0.583 
0.426 2 1 1 0 0.5683 0.6628 0.2061 -0.0093 -0.054091 -1.670007 -0.7175 1 0.5898 1  1027 1118 1480 2229 2134 1427 806 564  1 1 0 1.07 0 5 1.00 0 0 0 10.96 0.101 0.580 0.583 
0.436 2 1 1 0 0.5205 0.6857 0.2118 -0.0096 -0.046364 -1.668918 -0.9558 1 0.5507 1  1035 1207 1639 2242 2123 1327 815 573  1 1 0 2.01 0 5 1.00 0 0 0 10.98 0.103 0.582 0.584 
0.446 2 1 1 0 0.5028 0.7317 0.2177 -0.0099 -0.041212 -1.668638 -1.2318 1 0.4605 1  1073 1341 1750 2240 2037 1152 782 544  1 1 0 1.52 0 5 1.00 0 0 0 10.95 0.103 0.583 0.585 
0.456 2 1 1 0 0.4515 0.6626 0.2234 -0.0101 -0.033485 -1.667318 -1.3028 1 0.3125 1  1037 1350 1815 2237 1929 1000 784 568  1 1 0 0.48 0 5 1.00 0 0 0 10.96 0.103 0.578 0.582 
0.466 2 1 1 0 0.4933 0.7334 0.2288 -0.0102 -0.023182 -1.667705 -1.3269 1 0.0480 1  1012 1348 1831 2217 1803 886 802 559  1 1 0 0.14 0 5 1.00 0 0 0 10.97 0.102 0.582 0.589 
0.476 2 1 1 0 0.4005 0.7325 0.2345 -0.0103 -0.015455 -1.666129 -1.3483 1 -0.0410 1  1055 1422 1833 2216 1729 804 790 539  1 1 0 0.55 0 5 1.00 0 0 0 10.95 0.103 0.601 0.603 
0.486 2 1 1 0 0.4779 0.5982 0.2402 -0.0104 -0.002576 -1.666053 -1.4195 1 -0.0803 1  1068 1524 1888 2203 1700 783 769 588  1 1 0 0.84 0 5 1.00 0 0 0 10.96 0.108 0.605 0.605 
0.496 2 1 1 0 0.4302 0.6557 0.2456 -0.0104 0.007727 -1.665097 -1.4070 1 -0.1390 1  1079 1510 1856 2186 1610 734 775 546  1 1 0 -0.01 0 5 1.00 0 0 0 10.96 0.101 0.601 0.611 
0.506 2 1 1 0 0.4438 0.6589 0.2510 -0.0103 0.018030 -1.664891 -1.4108 1 -0.1860 1  1104 1558 1837 2175 1536 730 785 536  1 1 0 0.08 0 5 1.00 0 0 0 10.96 0.103 0.596 0.636 
0.516 2 1 1 0 0.4079 0.6062 0.2564 -0.0102 0.033485 -1.664059 -1.4116 1 -0.2024 1  1103 1574 1837 2175 1493 747 795 560  1 1 0 -0.31 0 5 1.00 0 0 0 10.97 0.109 0.609 0.611 
0.526 2 1 1 0 0.3685 0.7118 0.2615 -0.0100 0.046364 -1.661980 -1.4837 1 -0.1906 1  1128 1631 1870 2188 1489 746 802 568  1 1 0 0.06 0 5 1.00 0 0 0 10.96 0.103 0.595 0.605 
0.536 2 1 1 0 0.3782 0.6402 0.2667 -0.0097 0.059242 -1.662517 -1.5151 1 -0.1748 1  1154 1625 1910 2216 1469 739 782 553  1 1 0 0.08 0 5 1.00 0 0 0 10.95 0.102 0.602 0.604 
0.546 2 1 1 0 0.3562 0.6052 0.2721 -0.0093 0.074697 -1.660528 -1.5190 1 -0.2042 1  1148 1683 1872 2175 1450 695 769 556  1 1 0 -0.32 0 5 1.00 0 0 0 10.96 0.101 0.600 0.600 
0.556 2 1 1 0 0.3074 0.7893 0.2772 -0.0089 0.092727 -1.661202 -1.5788 1 -0.2311 1  1213 1709 1890 2164 1419 729 754 536  1 1 0 -0.18 0 5 1.00 0 0 0 10.96 0.102 0.601 0.605 
0.566 2 1 1 0 0.3622 0.6912 0.2820 -0.0084 0.108182 -1.660016 -1.5989 1 -0.2366 1  1278 1786 1834 2147 1419 730 763 539  1 1 0 0.02 0 5 1.00 0 0 0 10.92 0.103 0.609 0.601 
0.576 2 1 1 0 0.3397 0.6911 0.2874 -0.0078 0.123636 -1.659867 -1.8805 1 -0.2281 1  1261 1880 1907 2171 1408 753 748 536  1 1 0 0.76 0 5 1.00 0 0 0 10.97 0.102 0.601 0.611 
0.586 2 1 1 0 0.3385 0.7291 0.2925 -0.0071 0.141666 -1.659474 -1.9508 1 -0.2550 1  1281 1940 1931 2140 1353 769 745 527  1 1 0 0.09 0 5 1.00 0 0 0 10.94 0.156 0.649 1.055 
0.596 2 1 1 0 0.3387 0.6250 0.2976 -0.0063 0.159697 -1.658830 -1.9702 1 -0.2712 1  1254 1958 1884 2133 1302 750 759 524  1 1 0 -0.13 0 5 1.00 0 0 0 10.96 0.102 0.582 0.611 
0.606 2 1 1 0 0.3039 0.7384 0.3026 -0.0054 0.177727 -1.658256 -1.9608 1 -0.3094 1  1233 1943 1876 2098 1260 754 739 520  1 1 0 -0.11 0 5 1.00 0 0 0 10.97 0.102 0.593 0.596 
0.616 2 1 1 0 0.3209 0.7518 0.3079 -0.0044 0.198333 -1.657823 -1.9718 1 -0.3148 1  1231 1963 1879 2105 1224 801 764 522  1 1 0 0.21 0 5 1.00 0 0 0 10.96 0.101 0.594 0.605 
0.626 2 1 1 0 0.3341 0.6640 0.3130 -0.0034 0.216363 -1.657254 -1.9890 1 -0.3237 1  1212 1982 1881 2085 1220 787 775 527  1 1 0 -0.14 0 5 1.00 0 0 0 10.97 0.103 0.593 0.595 
0.636 2 1 1 0 0.2599 0.6858 0.3180 -0.0022 0.239545 -1.656517 -1.9682 1 -0.3198 1  1239 1950 1885 2089 1231 818 778 527  1 1 0 -0.38 0 5 1.00 0 0 0 10.97 0.103 0.596 0.605 
0.646 2 1 1 0 0.2987 0.7431 0.3230 -0.0009 0.257575 -1.656156 -1.9278 1 -0.3165 1  1155 1911 1878 2085 1262 821 799 529  1 1 0 -0.23 0 5 1.00 0 0 0 10.97 0.102 0.592 0.602 
0.656 2 1 1 0 0.3017 0.8055 0.3279 0.0004 0.280757 -1.655503 -1.7631 1 -0.3086 1  1080 1835 1855 2097 1303 867 874 547  1 1 0 -0.56 0 5 1.00 0 0 0 10.98 0.102 0.602 0.611 
0.667 2 1 1 0 0.2725 0.6625 0.3326 0.0018 0.301363 -1.654445 -1.6051 1 -0.2980 1  1020 1746 1866 2099 1325 876 858 530  1 1 0 -0.63 0 5 1.00 0 0 0 10.96 0.102 0.606 0.602 
0.676 2 1 1 0 0.3243 0.7739 0.3377 0.0035 0.321969 -1.654482 -1.5479 1 -0.2688 1  980 1694 1868 2129 1346 879 863 547  1 1 0 -0.85 0 5 1.00 0 0 0 10.98 0.103 0.606 0.614 
0.686 2 1 1 0 0.2759 0.7884 0.3423 0.0051 0.342575 -1.653853 -1.5193 1 -0.2314 1  955 1672 1872 2168 1408 863 936 577  1 1 0 -0.46 0 5 1.00 0 0 0 10.96 0.102 0.601 0.606 
0.696 2 1 1 0 0.2705 0.6992 0.3469 0.0067 0.363181 -1.653171 -1.4675 1 -0.2190 1  881 1575 1878 2164 1471 870 873 582  1 1 0 -1.13 0 5 1.00 0 0 0 10.98 0.103 0.608 0.610 
0.706 2 1 1 0 0.2774 0.6923 0.3517 0.0086 0.381212 -1.653306 -1.3793 1 -0.1672 1  881 1467 1846 2196 1528 831 887 594  1 1 0 -0.91 0 5 1.00 0 0 0 10.98 0.102 0.603 0.610 
0.716 2 1 1 0 0.3083 0.7567 0.3562 0.0105 0.401818 -1.653844 -1.3847 1 -0.1733 1  873 1454 1867 2189 1562 816 912 600  1 1 0 -0.13 0 5 1.00 0 0 0 10.98 0.102 0.611 0.612 
0.726 2 1 1 0 0.2993 0.6741 0.3611 0.0126 0.422424 -1.653168 -1.3880 1 -0.0758 1  852 1418 1875 2254 1647 828 862 594  1 1 0 -0.28 0 5 1.00 0 0 0 10.98 0.110 0.611 0.595 
0.736 2 1 1 0 0.3090 0.7192 0.3656 0.0147 0.443030 -1.653087 -1.3560 1 -0.0896 1  855 1395 1847 2212 1650 810 854 602  1 1 0 -0.85 0 5 1.00 0 0 0 10.98 0.103 0.606 0.610 
0.746 2 1 1 0 0.3093 0.6931 0.3702 0.0169 0.461060 -1.652729 -1.3330 1 -0.0951 1  866 1356 1843 2215 1652 807 851 609  1 1 0 -0.40 0 5 1.00 0 0 0 10.99 0.103 0.592 0.613 
0.756 2 1 1 0 0.3033 0.7369 0.3748 0.0193 0.479090 -1.652351 -1.3120 1 -0.0704 1  802 1257 1835 2221 1699 818 893 626  1 1 0 -0.48 0 5 1.00 0 0 0 10.98 0.103 0.605 0.605 
0.766 2 1 1 0 0.3128 0.7774 0.3791 0.0215 0.499696 -1.652049 -1.2853 1 -0.0447 1  803 1207 1813 2210 1732 834 848 609  1 1 0 -0.65 0 5 1.00 0 0 0 10.98 0.102 0.603 0.606 
0.776 2 1 1 0 0.3207 0.7036 0.3835 0.0240 0.517727 -1.652367 -1.2419 1 0.0626 1  797 1130 1776 2225 1834 869 846 589  1 1 0 -0.21 0 5 1.00 0 0 0 10.97 0.102 0.601 0.684 
0.786 2 1 1 0 0.3336 0.6252 0.3878 0.0265 0.533181 -1.651762 -1.1845 1 0.2260 1  797 1088 1712 2233 1926 965 812 586  1 1 0 0.03 0 5 1.00 0 0 0 10.98 0.103 0.604 0.612 
0.796 2 1 1 0 0.3438 0.7574 0.3924 0.0293 0.553787 -1.651916 -0.9095 1 0.4130 1  814 990 1603 2208 2013 1086 803 574  1 1 0 -1.02 0 5 1.00 0 0 0 10.98 0.102 0.605 0.608 
0.806 2 1 1 0 0.3288 0.7310 0.3965 0.0319 0.569242 -1.651819 -0.7400 1 0.4981 1  822 897 1499 2212 2097 1199 807 552  1 1 0 -0.31 0 5 1.00 0 0 0 10.96 0.102 0.588 0.586 
0.816 2 1 1 0 0.3782 0.7241 0.4008 0.0347 0.582121 -1.651099 -0.6386 1 0.5411 1  833 860 1396 2194 2137 1290 835 604  1 1 0 -0.39 0 5 1.00 0 0 0 10.98 0.103 0.589 0.594 
0.826 2 1 1 0 0.3400 0.6826 0.4049 0.0374 0.597575 -1.651016 -0.5749 1 0.5654 1  854 814 1322 2171 2144 1371 853 587  1 1 0 -0.41 0 5 1.00 0 0 0 10.97 0.102 0.570 0.589 
0.836 2 1 1 0 0.3712 0.6709 0.4091 0.0403 0.610454 -1.650633 -0.5405 1 0.5750 1  830 810 1249 2163 2127 1425 838 568  1 1 0 -0.64 0 5 1.00 0 0 0 10.98 0.103 0.582 0.590 
0.846 2 1 1 0 0.3736 0.6682 0.4133 0.0433 0.623333 -1.651000 -0.5156 1 0.6032 1  816 823 1181 2152 2099 1555 877 568  1 1 0 -0.31 0 5 1.00 0 0 0 10.97 0.102 0.580 0.591 
0.856 2 1 1 0 0.3695 0.7099 0.4174 0.0463 0.636211 -1.651262 -0.5123 1 0.7117 1  769 831 1123 2165 2141 1661 968 564  1 1 0 0.70 0 5 1.00 0 0 0 10.98 0.135 0.615 1.033 
0.866 2 1 1 0 0.3915 0.6170 0.4213 0.0492 0.646514 -1.651498 -0.5201 1 0.9491 1  735 773 1063 2188 2205 1798 1142 573  1 1 0 1.32 0 5 1.00 0 0 0 10.98 0.103 0.572 0.580 
0.876 2 1 1 0 0.3694 0.6428 0.4254 0.0523 0.659393 -1.651909 -0.4808 1 0.8916 1  708 749 1025 2137 2157 1747 1163 547  1 1 0 -0.24 0 5 1.00 0 0 0 10.99 0.103 0.585 0.588 
0.886 2 1 1 0 0.3961 0.6002 0.4292 0.0553 0.669696 -1.650818 -0.4226 1 0.7510 1  713 721 1007 2067 2088 1730 1065 564  1 1 0 -0.05 0 5 1.00 0 0 0 10.98 0.102 0.582 0.584 
0.896 2 1 1 0 0.4050 0.6031 0.4332 0.0586 0.682575 -1.651589 -0.4333 1 0.7660 1  736 688 969 2093 2131 1700 1014 554  1 1 0 0.03 0 5 1.00 0 0 0 10.98 0.101 0.585 0.591 
0.906 2 1 1 0 0.3607 0.6149 0.4370 0.0617 0.692878 -1.650945 -0.4378 1 0.8615 1  702 667 932 2100 2151 1770 1018 571  1 1 0 0.58 0 5 1.00 0 0 0 10.99 0.103 0.590 0.589 
0.916 2 1 1 0 0.4354 0.5988 0.4412 0.0651 0.703181 -1.651253 -0.4482 1 0.8622 1  711 669 943 2116 2158 1759 1078 556  1 1 0 0.56 0 5 1.00 0 0 0 10.98 0.103 0.585 0.582 
0.926 2 1 1 0 0.4230 0.7090 0.4453 0.0686 0.713484 -1.651257 -0.4229 1 0.8261 1  700 682 930 2072 2140 1749 1130 564  1 1 0 0.28 0 5 1.00 0 0 0 10.99 0.110 0.590 0.589 
0.937 2 1 1 0 0.4152 0.6611 0.4489 0.0718 0.723787 -1.651538 -0.4047 1 0.9544 1  697 677 923 2052 2162 1815 1139 586  1 1 0 0.59 0 5 1.00 0 0 0 10.99 0.102 0.584 0.580 
0.946 2 1 1 0 0.4219 0.5719 0.4528 0.0753 0.731514 -1.651789 -0.4000 1 0.9913 1  702 675 852 2042 2164 1809 1204 601  1 1 0 0.03 0 5 1.00 0 0 0 10.97 0.102 0.585 0.589 
0.956 2 1 1 0 0.4130 0.5993 0.4564 0.0785 0.741817 -1.652175 -0.2857 1 1.0357 1  709 656 819 1999 2134 1835 1240 585  1 1 0 0.34 0 5 1.00 0 0 0 10.98 0.102 0.581 0.586 
0.966 2 1 1 0 0.4268 0.5717 0.4602 0.0820 0.749545 -1.652232 -0.1745 1 1.1649 1  693 659 814 1959 2135 1877 1272 600  1 1 0 0.67 0 5 1.00 0 0 0 10.97 0.103 0.575 0.588 
0.976 2 1 1 0 0.4159 0.6669 0.4639 0.0855 0.757272 -1.652520 -0.0697 1 1.1665 1  669 686 772 1904 2125 1899 1306 597  1 1 0 -0.80 0 5 1.00 0 0 0 11.00 0.101 0.584 0.589 
0.986 2 1 1 0 0.4282 0.5277 0.4676 0.0891 0.764999 -1.652613 0.0574 1 1.2187 1  704 702 761 1847 2100 1941 1363 594  1 1 0 0.75 0 5 1.00 0 0 0 10.97 0.103 0.583 0.585 
0.996 2 1 1 0 0.4496 0.5910 0.4711 0.0925 0.770151 -1.653064 -0.0150 1 1.2627 1  699 690 748 1844 2168 1966 1422 605  1 1 0 0.80 0 5 1.00 0 0 0 10.96 0.103 0.586 0.594 
1.006 2 1 1 0 0.4498 0.5982 0.4748 0.0961 0.777878 -1.653438 -0.1376 1 1.3171 1  683 677 816 1939 2172 2012 1445 590  1 1 0 1.27 0 5 1.00 0 0 0 10.98 0.102 0.581 0.589 
1.016 2 1 1 0 0.4468 0.5638 0.4782 0.0995 0.783029 -1.653634 -0.3037 1 1.1990 1  733 677 897 2016 2150 1893 1317 566  1 1 0 0.69 0 5 1.00 0 0 0 10.97 0.103 0.588 0.592 
1.026 2 1 1 0 0.4000 0.5836 0.4817 0.1029 0.793332 -1.654585 -0.4397 1 0.9180 1  802 694 959 2115 2149 1780 1131 541  1 1 0 0.03 0 5 1.00 0 0 0 10.98 0.102 0.606 0.604 
1.036 2 1 1 0 0.4151 0.5159 0.4851 0.1064 0.798484 -1.654636 -0.4764 1 0.7754 1  775 709 1015 2145 2141 1699 1007 546  1 1 0 0.51 0 5 1.00 0 0 0 10.98 0.103 0.602 0.606 
1.046 2 1 1 0 0.4133 0.5863 0.4887 0.1101 0.806211 -1.655431 -0.5056 1 0.7000 1  780 752 1077 2170 2132 1638 899 549  1 1 0 0.25 0 5 1.00 0 0 0 10.99 0.102 0.595 0.655 
1.056 2 1 1 0 0.4172 0.5597 0.4920 0.1136 0.816514 -1.653916 -0.5376 1 0.6869 1  785 793 1149 2195 2167 1580 833 551  1 1 0 0.54 0 5 1.00 0 0 0 10.99 0.102 0.593 0.603 
1.066 2 1 1 0 0.3752 0.6655 0.4955 0.1174 0.824242 -1.654128 -0.5774 1 0.6640 1  780 889 1222 2220 2156 1555 830 546  1 1 0 0.41 0 5 1.00 0 0 0 10.97 0.102 0.603 0.605 
1.076 2 1 1 0 0.3927 0.5256 0.4986 0.1208 0.831969 -1.652834 -0.5777 1 0.6263 1  782 830 1270 2204 2144 1506 817 543  1 1 0 0.29 0 5 1.00 0 0 0 10.98 0.102 0.609 0.592 
1.086 2 1 1 0 0.4129 0.6150 0.5019 0.1244 0.842272 -1.651952 -0.6062 1 0.6154 1  791 839 1312 2217 2152 1454 802 549  1 1 0 0.55 0 5 1.00 0 0 0 10.97 0.102 0.609 0.606 
1.096 2 1 1 0 0.3869 0.6422 0.5051 0.1280 0.852575 -1.650819 -0.6281 1 0.5972 1  799 830 1342 2233 2168 1400 811 563  1 1 0 0.48 0 5 1.00 0 0 0 10.98 0.102 0.608 0.603 
1.106 2 1 1 0 0.3630 0.5063 0.5085 0.1319 0.860302 -1.649999 -0.6515 1 0.5699 1  807 874 1382 2229 2149 1349 802 555  1 1 0 0.41 0 5 1.00 0 0 0 10.99 0.102 0.601 0.602 
1.116 2 1 1 0 0.3937 0.5997 0.5116 0.1356 0.870605 -1.650583 -0.6971 1 0.5389 1  782 916 1451 2229 2118 1290 787 548  1 1 0 0.38 0 5 1.00 0 0 0 10.99 0.102 0.591 0.608 
1.126 2 1 1 0 0.4203 0.5723 0.5147 0.1394 0.880908 -1.649623 -0.7154 1 0.4995 1  765 940 1502 2201 2082 1251 810 562  1 1 0 0.31 0 5 1.00 0 0 0 10.98 0.165 0.651 1.060 
1.136 2 1 1 0 0.4035 0.6615 0.5178 0.1432 0.891211 -1.650057 -0.7642 1 0.4612 1  783 959 1549 2187 2043 1206 821 571  1 1 0 0.33 0 5 1.00 0 0 0 10.96 0.102 0.601 0.613 
1.146 2 1 1 0 0.3896 0.6192 0.5210 0.1472 0.904090 -1.649503 -0.8838 1 0.4157 1  779 969 1611 2202 1997 1154 832 577  1 1 0 0.62 0 5 1.00 0 0 0 10.96 0.103 0.625 0.628 
1.156 2 1 1 0 0.3902 0.6211 0.5242 0.1512 0.911817 -1.649642 -0.9706 1 0.3984 1  828 1100 1637 2206 1983 1087 796 580  1 1 0 0.53 0 5 1.00 0 0 0 10.96 0.101 0.623 0.625 
1.166 2 1 1 0 0.3448 0.6241 0.5270 0.1549 0.924696 -1.649606 -1.1015 1 0.3330 1  837 1118 1681 2199 1951 1063 796 607  1 1 0 1.78 0 5 1.00 0 0 0 10.97 0.103 0.628 0.628 
1.176 2 1 1 0 0.3933 0.5647 0.5300 0.1590 0.937575 -1.648548 -1.1654 1 0.2707 1  904 1175 1707 2191 1938 1028 802 547  1 1 0 0.86 0 5 1.00 0 0 0 10.96 0.103 0.615 0.628 
1.186 2 1 1 0 0.3556 0.6435 0.5329 0.1629 0.947878 -1.648783 -1.2096 1 0.2813 1  951 1257 1743 2180 1937 1010 793 565  1 1 0 0.65 0 5 1.00 0 0 0 10.98 0.102 0.615 0.623 
1.196 2 1 1 0 0.3222 0.6120 0.5357 0.1669 0.963332 -1.648568 -1.3048 1 0.2055 1  959 1348 1826 2215 1901 1024 783 547  1 1 0 0.26 0 5 1.00 0 0 0 10.94 0.110 0.630 0.628 
1.207 2 1 1 0 0.3496 0.6188 0.5384 0.1709 0.978787 -1.648707 -1.2857 1 0.2226 1  972 1375 1776 2211 1919 1030 807 534  1 1 0 0.03 0 5 1.00 0 0 0 10.96 0.102 0.615 0.623 
1.216 2 1 1 0 0.3376 0.6166 0.5411 0.1750 0.994241 -1.648606 -1.2790 1 0.0603 1  1028 1420 1776 2163 1851 940 799 568  1 1 0 -0.37 0 5 1.00 0 0 0 10.96 0.101 0.621 0.634 
1.226 2 1 1 0 0.3001 0.6115 0.5439 0.1793 1.012271 -1.648230 -1.3809 1 -0.1284 1  1016 1518 1836 2168 1670 779 768 556  1 1 0 0.11 0 5 1.00 0 0 0 10.96 0.101 0.627 0.633 
1.236 2 1 1 0 0.3315 0.6622 0.5463 0.1832 1.025149 -1.648168 -1.4161 1 -0.1612 1  1060 1556 1852 2167 1609 778 777 551  1 1 0 -0.40 0 5 1.00 0 0 0 10.96 0.102 0.623 0.632 
1.246 2 1 1 0 0.3240 0.6194 0.5488 0.1874 1.040603 -1.647502 -1.4288 1 -0.1892 1  1083 1591 1831 2149 1573 787 799 554  1 1 0 -0.36 0 5 1.00 0 0 0 10.94 0.102 0.616 0.624 
1.256 2 1 1 0 0.3000 0.6491 0.5512 0.1917 1.061209 -1.647352 -1.4053 1 -0.2045 1  1079 1579 1818 2161 1526 819 816 554  1 1 0 -0.42 0 5 1.00 0 0 0 10.97 0.103 0.628 0.624 
1.266 2 1 1 0 0.3121 0.6582 0.5537 0.1962 1.079238 -1.647123 -1.3751 1 -0.2125 1  1137 1592 1790 2155 1497 844 848 585  1 1 0 -0.46 0 5 1.00 0 0 0 10.97 0.102 0.622 0.628 
1.276 2 1 1 0 0.3379 0.6649 0.5559 0.2005 1.094692 -1.646853 -1.4220 1 -0.2557 1  1136 1654 1807 2121 1458 815 880 610  1 1 0 -0.39 0 5 1.00 0 0 0 10.96 0.103 0.624 0.632 
1.286 2 1 1 0 0.2696 0.7095 0.5584 0.2053 1.115298 -1.646077 -1.4965 1 -0.2674 1  1088 1688 1843 2119 1445 839 890 633  1 1 0 -0.05 0 5 1.00 0 0 0 10.97 0.103 0.628 0.614 
1.296 2 1 1 0 0.3085 0.7241 0.5605 0.2097 1.135903 -1.645091 -1.5112 1 -0.2073 1  1110 1693 1839 2166 1505 856 890 646  1 1 0 -0.28 0 5 1.00 0 0 0 10.96 0.102 0.622 0.628 
1.306 2 1 1 0 0.3194 0.6073 0.5625 0.2141 1.151357 -1.644851 -1.4863 1 -0.2291 1  1074 1685 1825 2131 1498 861 893 626  1 1 0 -0.30 0 5 1.00 0 0 0 10.97 0.103 0.628 0.625 
1.316 2 1 1 0 0.2676 0.7621 0.5645 0.2188 1.174538 -1.643933 -1.4611 1 -0.2540 1  1049 1671 1813 2115 1496 876 940 647  1 1 0 -0.94 0 5 1.00 0 0 0 10.97 0.102 0.628 0.712 
1.326 2 1 1 0 0.2923 0.7363 0.5665 0.2236 1.192567 -1.643298 -1.4384 1 -0.2671 1  1000 1656 1813 2098 1477 838 931 676  1 1 0 -0.76 0 5 1.00 0 0 0 10.98 0.102 0.625 0.615 
1.336 2 1 1 0 0.2881 0.6713 0.5681 0.2279 1.210597 -1.642416 -1.4527 1 -0.2550 1  994 1661 1816 2123 1480 852 942 681  1 1 0 -0.64 0 5 1.00 0 0 0 10.97 0.101 0.615 0.632 
1.346 2 1 1 0 0.2597 0.6562 0.5698 0.2325 1.231203 -1.641276 -1.4428 1 -0.2563 1  1010 1634 1826 2120 1468 833 929 666  1 1 0 -1.03 0 5 1.00 0 0 0 10.98 0.102 0.621 0.630 
1.356 2 1 1 0 0.2980 0.7459 0.5714 0.2371 1.251808 -1.641377 -1.4232 1 -0.2323 1  985 1594 1829 2150 1467 741 871 660  1 1 0 -0.82 0 5 1.00 0 0 0 10.98 0.103 0.630 0.628 
1.366 2 1 1 0 0.2525 0.7021 0.5729 0.2417 1.272414 -1.640623 -1.3942 1 -0.2178 1  965 1550 1827 2146 1532 805 870 588  1 1 0 -0.76 0 5 1.00 0 0 0 10.98 0.103 0.624 0.623 
1.376 2 1 1 0 0.2766 0.6738 0.5743 0.2466 1.295595 -1.640385 -1.3659 1 -0.2207 1  901 1511 1817 2121 1582 827 870 645  1 1 0 -1.00 0 5 1.00 0 0 0 10.98 0.101 0.621 0.629 
1.386 2 1 1 0 0.3002 0.7395 0.5757 0.2516 1.313625 -1.640586 -1.3519 1 -0.1862 1  854 1416 1837 2144 1621 850 906 633  1 1 0 -0.62 0 5 1.00 0 0 0 10.99 0.100 0.604 0.624 
1.396 2 1 1 0 0.3074 0.7441 0.5769 0.2563 1.334230 -1.640648 -1.3347 1 -0.1406 1  809 1381 1832 2166 1665 874 915 665  1 1 0 -0.76 0 5 1.00 0 0 0 10.98 0.183 0.696 1.079 
1.406 2 1 1 0 0.2758 0.6779 0.5780 0.2611 1.354835 -1.640159 -1.3097 1 -0.1195 1  770 1290 1825 2178 1687 885 869 658  1 1 0 -0.72 0 5 1.00 0 0 0 10.98 0.101 0.613 0.624 
1.416 2 1 1 0 0.2771 0.7365 0.5790 0.2658 1.375441 -1.640473 -1.2776 1 -0.1153 1  774 1217 1805 2167 1718 900 876 622  1 1 0 -0.46 0 5 1.00 0 0 0 10.99 0.102 0.624 0.611 
1.426 2 1 1 0 0.3160 0.7604 0.5799 0.2711 1.396046 -1.641413 -1.2551 1 -0.0689 1  778 1199 1781 2148 1776 934 830 607  1 1 0 -0.68 0 5 1.00 0 0 0 10.98 0.101 0.596 0.630 
1.436 2 1 1 0 0.2773 0.7065 0.5808 0.2762 1.414076 -1.641110 -1.1942 1 0.0755 1  780 1089 1724 2167 1881 1052 828 578  1 1 0 -0.13 0 5 1.00 0 0 0 10.99 0.101 0.613 0.624 
1.446 2 1 1 0 0.2975 0.7154 0.5815 0.2810 1.434681 -1.640840 -0.9984 1 0.3131 1  804 1002 1646 2172 1960 1161 864 608  1 1 0 -0.75 0 5 1.00 0 0 0 10.99 0.102 0.614 0.618 
1.456 2 1 1 0 0.3396 0.6336 0.5821 0.2861 1.452711 -1.639939 -0.7092 1 0.4597 1  823 942 1514 2156 2047 1237 827 580  1 1 0 -1.33 0 5 1.00 0 0 0 10.96 0.103 0.616 0.628 
1.466 2 1 1 0 0.3383 0.7460 0.5827 0.2912 1.470741 -1.638462 -0.6359 1 0.5073 1  820 878 1425 2176 2095 1301 834 578  1 1 0 -0.62 0 5 1.00 0 0 0 10.98 0.102 0.613 0.626 
1.477 2 1 1 0 0.3138 0.6716 0.5832 0.2963 1.488771 -1.639057 -0.5843 1 0.5217 1  792 781 1313 2176 2104 1381 855 593  1 1 0 -0.50 0 5 1.00 0 0 0 10.98 0.103 0.595 0.604 
1.486 2 1 1 0 0.3365 0.6608 0.5836 0.3015 1.506801 -1.637705 -0.4258 1 0.5463 1  772 801 1162 2041 2076 1438 892 602  1 1 0 -1.14 0 5 1.00 0 0 0 10.99 0.101 0.601 0.601 
1.496 2 1 1 0 0.3690 0.6269 0.5839 0.3066 1.519679 -1.636927 -0.1869 1 0.5012 1  796 786 1189 2012 2024 1533 926 604  1 1 0 -0.03 0 5 1.00 0 0 0 10.96 0.103 0.602 0.601 
1.506 2 1 1 0 0.3451 0.6795 0.5841 0.3117 1.532557 -1.636940 -0.5308 1 0.5063 1  823 800 1092 2205 2029 1599 1018 592  1 1 0 1.00 0 5 1.00 0 0 0 10.99 0.103 0.585 0.606 
1.516 2 1 1 0 0.3423 0.6386 0.5842 0.3169 1.550587 -1.636399 -0.5088 1 0.6950 1  865 880 1061 2181 2091 1717 1177 644  1 1 0 0.54 0 5 1.00 0 0 0 10.99 0.101 0.595 0.595 
1.526 2 1 1 0 0.3534 0.6117 0.5843 0.3220 1.563465 -1.637026 -0.4911 1 0.9060 1  869 844 1065 2145 2123 1785 1251 629  1 1 0 0.25 0 5 1.00 0 0 0 10.98 0.102 0.595 0.603 
1.536 2 1 1 0 0.3909 0.6465 0.5843 0.3271 1.576344 -1.637299 -0.4140 1 1.0391 1  845 847 1026 2054 2117 1844 1302 606  1 1 0 0.70 0 5 1.00 0 0 0 10.99 0.102 0.593 0.600 
1.546 2 1 1 0 0.3983 0.5587 0.5843 0.3323 1.589222 -1.637476 -0.3438 1 1.1629 1  839 824 994 2016 2149 1878 1358 637  1 1 0 0.22 0 5 1.00 0 0 0 10.96 0.102 0.594 0.609 
1.556 2 1 1 0 0.3686 0.6246 0.5841 0.3371 1.599525 -1.637550 -0.1372 1 1.1902 1  819 790 897 1950 2115 1900 1420 614  1 1 0 -0.48 0 5 1.00 0 0 0 10.99 0.102 0.601 0.609 
1.566 2 1 1 0 0.3825 0.5924 0.5840 0.3423 1.612403 -1.637715 0.0007 1 1.1933 1  815 818 857 1862 2113 1899 1438 618  1 1 0 -0.11 0 5 1.00 0 0 0 10.97 0.102 0.603 0.602 
1.576 2 1 1 0 0.4258 0.6022 0.5837 0.3474 1.620130 -1.637597 0.0569 1 1.2766 1  798 778 780 1779 2139 1950 1544 672  1 1 0 0.42 0 5 1.00 0 0 0 10.98 0.102 0.602 0.605 
1.586 2 1 1 0 0.4202 0.6361 0.5835 0.3525 1.627857 -1.637802 0.1919 1 1.3045 1  858 837 779 1661 2078 1966 1565 657  1 1 0 -0.19 0 5 1.00 0 0 0 10.98 0.101 0.596 0.652 
1.596 2 1 1 0 0.4252 0.6041 0.5831 0.3577 1.635584 -1.638104 0.2566 1 1.3167 1  863 812 778 1715 2024 1957 1617 646  1 1 0 -0.20 0 5 1.00 0 0 0 10.97 0.103 0.601 0.609 
1.606 2 1 1 0 0.4301 0.5630 0.5828 0.3628 1.643311 -1.638361 0.2622 1 1.2322 1  846 823 737 1671 2032 1896 1670 685  1 1 0 0.17 0 5 1.00 0 0 0 10.99 0.101 0.595 0.606 
1.616 2 1 1 0 0.4348 0.5759 0.5824 0.3679 1.651038 -1.638249 0.1628 1 1.2789 1  849 827 752 1608 2132 1923 1700 726  1 1 0 0.46 0 5 1.00 0 0 0 10.99 0.103 0.603 0.608 
1.626 2 1 1 0 0.4043 0.5319 0.5820 0.3728 1.656189 -1.639162 0.2701 1 1.3957 1  841 847 720 1448 2044 1954 1759 759  1 1 0 0.38 0 5 1.00 0 0 0 11.00 0.102 0.603 0.602 
1.636 2 1 1 0 0.4747 0.5151 0.5816 0.3779 1.658764 -1.639705 0.6210 1 1.4347 1  823 849 735 1401 1905 1952 1809 811  1 1 0 -0.24 0 5 1.00 0 0 0 10.98 0.102 0.601 0.606 
1.646 2 1 1 0 0.4751 0.5116 0.5811 0.3830 1.661340 -1.639768 0.6080 1 1.3064 1  863 824 745 1389 1952 1896 1840 842  1 1 0 0.42 0 5 1.00 0 0 0 10.97 0.102 0.604 0.594 
1.656 2 1 1 0 0.4460 0.5201 0.5806 0.3881 1.663916 -1.640090 0.3064 1 1.6478 1  824 831 692 1308 2043 1977 1926 872  1 1 0 3.57 0 5 1.00 0 0 0 10.98 0.102 0.593 0.604 
1.666 2 1 1 0 0.4512 0.5213 0.5802 0.3930 1.669067 -1.640631 0.2996 1 1.9015 1  805 796 708 1233 2052 2021 1975 881  1 1 0 2.07 0 5 1.00 0 0 0 10.99 0.145 0.644 1.045 
1.676 2 1 1 0 0.4467 0.5120 0.5797 0.3981 1.671643 -1.640771 0.3376 1 1.9278 1  797 804 689 1224 2010 2035 1999 878  1 1 0 1.17 0 5 1.00 0 0 0 10.98 0.103 0.596 0.602 
1.686 2 1 1 0 0.4475 0.5127 0.5792 0.4027 1.674219 -1.641074 0.3269 1 1.9037 1  792 810 672 1214 2024 2017 1973 888  1 1 0 1.23 0 5 1.00 0 0 0 10.99 0.102 0.606 0.604 
1.696 2 1 1 0 0.4711 0.5525 0.5787 0.4078 1.676794 -1.640808 0.3257 1 1.9223 1  835 786 667 1175 2028 2038 1997 903  1 1 0 1.58 0 5 1.00 0 0 0 10.98 0.103 0.601 0.603 
1.706 2 1 1 0 0.4766 0.5205 0.5781 0.4129 1.679370 -1.641705 0.3196 1 1.9212 1  760 769 653 1205 2038 2025 1987 904  1 1 0 1.45 0 5 1.00 0 0 0 10.99 0.102 0.593 0.596 
1.716 2 1 1 0 0.4770 0.4554 0.5776 0.4177 1.679370 -1.641428 0.3137 1 1.9204 1  779 778 662 1213 2039 2026 1987 922  1 1 0 1.35 0 5 1.00 0 0 0 10.99 0.101 0.601 0.605 
1.726 2 1 1 0 0.4835 0.5246 0.5770 0.4226 1.684521 -1.642236 0.2957 1 1.9644 1  746 761 661 1234 2060 2052 2044 914  1 1 0 1.81 0 5 1.00 0 0 0 10.99 0.103 0.604 0.608 
1.736 2 1 1 0 0.4346 0.4982 0.5765 0.4274 1.684521 -1.642615 0.2696 1 1.9740 1  774 785 678 1260 2093 2082 2048 933  1 1 0 1.90 0 5 1.00 0 0 0 10.99 0.102 0.601 0.610 
1.747 2 1 1 0 0.4840 0.5338 0.5759 0.4328 1.689672 -1.642983 0.2810 1 1.9962 1  817 802 674 1242 2068 2079 2067 949  1 1 0 1.59 0 5 1.00 0 0 0 10.99 0.103 0.583 0.596 
1.756 2 1 1 0 0.4784 0.4925 0.5753 0.4373 1.692248 -1.643681 0.2997 1 1.9588 1  809 796 694 1236 2054 2063 2036 935  1 1 0 1.33 0 5 1.00 0 0 0 10.99 0.101 0.601 0.602 
1.766 2 1 1 0 0.5124 0.5889 0.5747 0.4424 1.694824 -1.643820 0.3237 1 1.9724 1  818 775 694 1193 2023 2067 2038 947  1 1 0 1.53 0 5 1.00 0 0 0 10.99 0.102 0.603 0.606 
1.776 2 1 1 0 0.4803 0.4986 0.5741 0.4473 1.694824 -1.644183 0.3014 1 1.9665 1  789 766 677 1194 2060 2055 2037 947  1 1 0 1.72 0 5 1.00 0 0 0 10.99 0.103 0.596 0.611 
1.786 2 1 1 0 0.4593 0.5298 0.5734 0.4524 1.697399 -1.644788 0.3007 1 1.9903 1  782 769 692 1207 2062 2062 2077 937  1 1 0 1.90 0 5 1.00 0 0 0 10.99 0.103 0.602 0.603 
1.796 2 1 1 0 0.4935 0.5407 0.5728 0.4572 1.697399 -1.645052 0.3253 1 1.9888 1  798 836 723 1233 2021 2065 2067 954  1 1 0 1.65 0 5 1.00 0 0 0 10.98 0.102 0.596 0.606 
1.806 2 1 1 0 0.4579 0.5140 0.5722 0.4623 1.699975 -1.645203 0.3191 1 1.9803 1  829 851 700 1168 2035 2065 2035 938  1 1 0 1.32 0 5 1.00 0 0 0 11.00 0.103 0.586 0.601 
1.816 2 1 1 0 0.4945 0.4522 0.5715 0.4671 1.699975 -1.645975 0.3659 1 2.0137 1  788 753 713 1198 1963 2043 2074 975  1 1 0 1.30 0 5 1.00 0 0 0 10.99 0.102 0.601 0.606 
1.826 2 1 1 0 0.4755 0.5306 0.5709 0.4722 1.702551 -1.646390 0.3689 1 1.9145 1  792 789 681 1162 1971 1977 1962 975  1 1 0 1.02 0 5 1.00 0 0 0 10.99 0.101 0.600 0.601 
1.836 2 1 1 0 0.4971 0.4429 0.5702 0.4770 1.702551 -1.646908 0.3353 1 1.5834 1  797 753 683 1204 2022 1985 1875 898  1 1 0 0.22 0 5 1.00 0 0 0 10.99 0.102 0.596 0.609 
1.846 2 1 1 0 0.4417 0.4788 0.5696 0.4816 1.705126 -1.647408 0.2787 1 1.6505 1  817 802 687 1296 2078 2017 1877 874  1 1 0 1.01 0 5 1.00 0 0 0 10.99 0.102 0.604 0.606 
1.856 2 1 1 0 0.5249 0.5329 0.5690 0.4864 1.705126 -1.648079 0.2395 1 1.5603 1  819 749 684 1415 2111 2007 1833 776  1 1 0 0.82 0 5 1.00 0 0 0 10.99 0.102 0.604 0.663 
1.866 2 1 1 0 0.4721 0.5103 0.5683 0.4915 1.707702 -1.648296 0.1695 1 1.4705 1  811 792 674 1518 2175 2020 1744 745  1 1 0 1.24 0 5 1.00 0 0 0 10.99 0.102 0.594 0.601 
1.876 2 1 1 0 0.4434 0.4330 0.5676 0.4963 1.707702 -1.648195 0.1294 1 1.3713 1  816 757 720 1617 2164 1982 1651 686  1 1 0 0.87 0 5 1.00 0 0 0 10.98 0.102 0.593 0.601 
1.886 2 1 1 0 0.4343 0.5777 0.5670 0.5009 1.710277 -1.648032 0.0422 1 1.3219 1  828 840 830 1800 2159 1984 1552 624  1 1 0 1.67 0 5 1.00 0 0 0 10.99 0.102 0.591 0.606 
1.896 2 1 1 0 0.4487 0.4738 0.5663 0.5060 1.712853 -1.648169 -0.2126 1 1.2847 1  862 855 943 1983 2175 1956 1485 644  1 1 0 2.32 0 5 1.00 0 0 0 10.96 0.101 0.592 0.605 
1.906 2 1 1 0 0.4131 0.5583 0.5656 0.5105 1.715429 -1.647729 -0.4322 1 1.1559 1  860 851 1023 2091 2181 1854 1353 650  1 1 0 0.71 0 5 1.00 0 0 0 10.95 0.102 0.596 0.603 
1.916 2 1 1 0 0.3925 0.5117 0.5649 0.5151 1.723156 -1.647532 -0.4877 1 0.9098 1  866 854 1073 2152 2164 1753 1234 651  1 1 0 0.31 0 5 1.00 0 0 0 10.95 0.102 0.601 0.601 
1.926 2 1 1 0 0.4212 0.5055 0.5642 0.5199 1.728307 -1.647373 -0.5405 1 0.7746 1  886 887 1161 2199 2160 1690 1120 650  1 1 0 1.18 0 5 1.00 0 0 0 10.95 0.103 0.593 0.602 
1.936 2 1 1 0 0.3970 0.4841 0.5635 0.5244 1.736034 -1.647001 -0.5659 1 0.7294 1  899 967 1253 2197 2140 1673 1049 674  1 1 0 0.85 0 5 1.00 0 0 0 10.95 0.152 0.646 1.048 
1.946 2 1 1 0 0.4070 0.5568 0.5626 0.5292 1.741185 -1.646536 -0.5973 1 0.6770 1  990 1050 1330 2202 2140 1596 1038 672  1 1 0 0.70 0 5 1.00 0 0 0 10.96 0.103 0.593 0.589 
1.956 2 1 1 0 0.4276 0.5397 0.5618 0.5340 1.746336 -1.646183 -0.6034 1 0.6083 1  927 1029 1341 2204 2121 1501 965 646  1 1 0 0.44 0 5 1.00 0 0 0 10.96 0.101 0.590 0.601 
1.966 2 1 1 0 0.4180 0.6456 0.5609 0.5391 1.754063 -1.645869 -0.6649 1 0.5837 1  971 1064 1437 2210 2116 1485 983 667  1 1 0 0.77 0 5 1.00 0 0 0 10.97 0.103 0.593 0.596 
1.976 2 1 1 0 0.4448 0.5718 0.5600 0.5436 1.761790 -1.645150 -0.7654 1 0.5500 1  1024 1109 1521 2225 2104 1386 959 684  1 1 0 0.53 0 5 1.00 0 0 0 10.94 0.103 0.601 0.608 
1.986 2 1 1 0 0.3723 0.5815 0.5590 0.5486 1.769517 -1.645376 -1.0371 1 0.5182 1  975 1235 1669 2232 2092 1299 1008 671  1 1 0 1.13 0 5 1.00 0 0 0 10.97 0.103 0.615 0.622 
1.996 2 1 1 0 0.3608 0.6488 0.5580 0.5534 1.779820 -1.644992 -1.3013 1 0.4660 1  1028 1346 1822 2202 2044 1242 961 651  1 1 0 0.81 0 5 1.00 0 0 0 10.94 0.102 0.614 0.625 
2.006 2 1 1 0 0.3695 0.6779 0.5570 0.5582 1.795274 -1.644907 -1.3438 1 0.3460 1  1030 1457 1816 2217 1940 1112 938 644  1 1 0 0.06 0 5 1.00 0 0 0 10.96 0.102 0.613 0.616 
2.017 2 1 1 0 0.4101 0.6071 0.5559 0.5629 1.805576 -1.644915 -1.4370 1 0.1083 1  1128 1677 1825 2223 1841 1028 912 637  1 1 0 0.41 0 5 1.00 0 0 0 10.96 0.103 0.626 0.624 
2.026 2 1 1 0 0.3235 0.6185 0.5547 0.5679 1.818455 -1.644583 -1.8859 1 -0.0086 1  1317 1908 1850 2200 1768 943 916 695  1 1 0 2.93 0 5 1.00 0 0 0 10.94 0.103 0.615 0.612 
2.036 2 1 1 0 0.3147 0.7164 0.5534 0.5726 1.839060 -1.644425 -2.0677 1 -0.0923 1  1404 2046 1878 2257 1599 874 1016 692  1 1 0 0.75 0 5 1.00 0 0 0 10.89 0.103 0.615 0.623 
2.046 2 1 1 0 0.0582 0.5869 0.5525 0.5757 1.864817 -1.643504 -2.1439 1 -0.2393 1  1535 2097 1858 2122 1453 909 953 680  1 1 0 0.13 0 5 1.00 0 0 0 10.92 0.103 0.610 0.624 
2.056 2 1 1 0 0.0280 0.7188 0.5514 0.5791 1.898301 -1.644294 -2.1749 1 -0.5560 1  1562 2119 1865 1944 1231 896 967 659  1 1 0 -1.91 0 5 1.00 0 0 0 10.93 0.103 0.624 0.629 
2.066 2 1 1 0 0.0185 0.7125 0.5502 0.5826 1.934361 -1.644847 -2.2203 1 -0.7683 1  1649 2109 1878 1766 1032 840 933 649  1 1 0 -0.56 0 5 1.00 0 0 0 10.95 0.101 0.616 0.626 
2.076 2 1 1 0 0.0138 0.7594 0.5489 0.5859 1.967845 -1.643793 -2.2674 1 -0.8181 1  1711 2113 1862 1717 932 819 958 653  1 1 0 -0.76 0 5 1.00 0 0 0 10.95 0.103 0.622 0.626 
2.086 2 1 1 0 0.0110 0.7182 0.5474 0.5891 2.001329 -1.642797 -2.3484 1 -0.8782 1  1834 2082 1846 1629 949 840 920 665  1 1 0 -0.41 0 5 1.00 0 0 0 10.93 0.102 0.623 0.623 
2.096 2 1 1 0 0.0091 0.7506 0.5458 0.5925 2.037389 -1.642213 -2.5201 1 -0.9460 1  1940 2064 1813 1544 912 842 920 619  1 1 0 -0.13 0 5 1.00 0 0 0 10.95 0.102 0.622 0.613 
2.106 2 1 1 0 0.0078 0.8428 0.5440 0.5959 2.073450 -1.641162 -2.5248 1 -1.0231 1  1929 2128 1766 1396 909 828 929 634  1 1 0 -0.91 0 5 1.00 0 0 0 10.92 0.101 0.621 0.625 
2.116 2 1 1 0 -0.0075 0.7357 0.5423 0.5989 2.112086 -1.639503 -2.6833 1 -1.0393 1  1977 2026 1760 1353 878 821 944 646  1 1 0 -0.89 0 5 1.00 0 0 0 10.92 0.103 0.613 0.616 
2.126 2 1 1 0 -0.1168 0.8109 0.5407 0.6014 2.155872 -1.637771 -2.6753 1 -1.0853 1  1972 2079 1713 1347 906 831 985 629  1 1 0 -1.55 0 5 1.00 0 0 0 10.95 0.102 0.605 0.674 
2.136 2 1 1 0 -0.0515 0.7758 0.5384 0.6048 2.194508 -1.636941 -2.5952 1 -1.0934 1  1956 2031 1717 1281 925 803 912 609  1 1 0 -1.79 0 5 1.00 0 0 0 10.94 0.101 0.625 0.630 
2.146 2 1 1 0 -0.1037 0.8134 0.5364 0.6074 2.235719 -1.635749 -2.6661 1 -1.0913 1  1970 2071 1720 1295 876 820 878 618  1 1 0 -1.65 0 5 1.00 0 0 0 10.94 0.103 0.615 0.609 
2.156 2 1 1 0 -0.0522 0.7038 0.5342 0.6101 2.274355 -1.634914 -2.6906 1 -1.0810 1  1966 2045 1729 1325 915 820 855 635  1 1 0 -2.19 0 5 1.00 0 0 0 10.90 0.103 0.614 0.616 
2.166 2 1 1 0 -0.1644 0.7072 0.5322 0.6123 2.318142 -1.635025 -2.6820 1 -1.0474 1  1968 2044 1758 1376 863 801 863 632  1 1 0 -2.22 0 5 1.00 0 0 0 10.95 0.103 0.604 0.616 
2.176 2 1 1 0 -0.1314 0.8262 0.5302 0.6144 2.361929 -1.634296 -2.6144 1 -0.9898 1  1955 2090 1802 1452 821 767 841 550  1 1 0 -2.17 0 5 1.00 0 0 0 10.94 0.102 0.627 0.623 
2.186 2 1 1 0 -0.1379 0.7877 0.5278 0.6167 2.403141 -1.635099 -2.5213 1 -0.9384 1  1913 2107 1827 1549 850 761 861 596  1 1 0 -2.54 0 5 1.00 0 0 0 10.95 0.102 0.630 0.632 
2.196 2 1 1 0 -0.2135 0.8283 0.5256 0.6186 2.452080 -1.635009 -2.4446 1 -0.9232 1  1853 2164 1821 1596 857 755 840 581  1 1 0 -2.57 0 5 1.00 0 0 0 10.96 0.102 0.634 0.649 
2.206 2 1 1 0 -0.1464 0.7529 0.5232 0.6205 2.495867 -1.635971 -2.3263 1 -0.8941 1  1772 2126 1837 1651 903 751 814 643  1 1 0 -3.00 0 5 1.00 0 0 0 10.96 0.186 0.718 1.082 
2.216 2 1 1 0 -0.1234 0.9020 0.5204 0.6225 2.539654 -1.636751 -2.2558 1 -0.8485 1  1695 2109 1832 1726 885 771 840 570  1 1 0 -2.69 0 5 1.00 0 0 0 10.94 0.102 0.633 0.644 
2.226 2 1 1 0 -0.1628 0.7167 0.5179 0.6242 2.583441 -1.636955 -2.2214 1 -0.8050 1  1641 2109 1867 1740 924 760 829 628  1 1 0 -2.61 0 5 1.00 0 0 0 10.95 0.103 0.638 0.635 
2.236 2 1 1 0 -0.0982 0.7144 0.5151 0.6258 2.624652 -1.637355 -2.1893 1 -0.8190 1  1617 2100 1868 1724 895 790 839 557  1 1 0 -2.65 0 5 1.00 0 0 0 10.94 0.103 0.634 0.643 
2.246 2 1 1 0 -0.0967 0.8101 0.5118 0.6276 2.671015 -1.638790 -2.1843 1 -0.7876 1  1589 2101 1884 1769 927 766 850 572  1 1 0 -2.39 0 5 1.00 0 0 0 10.95 0.101 0.636 0.638 
2.256 2 1 1 0 -0.1202 0.8058 0.5089 0.6291 2.712227 -1.638955 -2.1730 1 -0.7322 1  1532 2119 1885 1817 925 794 860 588  1 1 0 -2.68 0 5 1.00 0 0 0 10.95 0.102 0.636 0.642 
2.266 2 1 1 0 -0.1025 0.7768 0.5054 0.6306 2.753438 -1.639905 -2.1260 1 -0.6555 1  1431 2093 1859 1909 984 791 829 599  1 1 0 -2.33 0 5 1.00 0 0 0 10.94 0.103 0.628 0.636 
2.276 2 1 1 0 -0.1163 0.7534 0.5024 0.6317 2.799800 -1.640387 -2.0309 1 -0.3866 1  1299 2004 1867 2040 1122 779 845 605  1 1 0 -1.53 0 5 1.00 0 0 0 10.95 0.101 0.636 0.648 
2.287 2 1 1 0 -0.0812 0.7496 0.4990 0.6328 2.838436 -1.641449 -1.8000 1 -0.2734 1  1153 1826 1894 2153 1272 757 866 553  1 1 0 -2.68 0 5 1.00 0 0 0 10.93 0.102 0.636 0.642 
2.296 2 1 1 0 -0.0586 0.8033 0.4954 0.6339 2.879648 -1.642562 -1.5586 1 -0.2102 1  1068 1681 1885 2198 1401 798 857 565  1 1 0 -2.81 0 5 1.00 0 0 0 10.96 0.103 0.632 0.644 
2.306 2 1 1 0 -0.0365 0.8332 0.4917 0.6348 2.915708 -1.643203 -1.4620 1 -0.1650 1  1055 1570 1870 2214 1511 808 830 604  1 1 0 -2.77 0 5 1.00 0 0 0 10.96 0.103 0.633 0.635 
2.316 2 1 1 0 0.2628 0.6901 0.4869 0.6358 2.946617 -1.643684 -1.3883 1 -0.1296 1  1015 1486 1843 2204 1609 819 844 607  1 1 0 -2.15 0 5 1.00 0 0 0 10.94 0.103 0.631 0.635 
2.326 2 1 1 0 0.1490 0.7432 0.4824 0.6366 2.974951 -1.644287 -1.3287 1 -0.0044 1  1008 1356 1824 2222 1788 893 870 584  1 1 0 -1.95 0 5 1.00 0 0 0 10.95 0.102 0.630 0.634 
2.336 2 1 1 0 0.0440 0.7763 0.4784 0.6372 3.008435 -1.644926 -1.1449 1 0.4024 1  992 1171 1656 2223 2006 1075 881 605  1 1 0 -1.74 0 5 1.00 0 0 0 10.96 0.103 0.633 0.636 
2.346 2 1 1 0 0.1185 0.7358 0.4741 0.6377 3.039344 -1.645664 -0.7397 1 0.5472 1  988 1036 1498 2199 2144 1322 878 608  1 1 0 -1.91 0 5 1.00 0 0 0 10.94 0.103 0.634 0.650 
2.356 2 1 1 0 0.1169 0.7104 0.4698 0.6381 3.070253 -1.646503 -0.6460 1 0.6253 1  995 1035 1375 2211 2170 1466 902 582  1 1 0 -1.92 0 5 1.00 0 0 0 10.94 0.109 0.636 0.645 
2.366 2 1 1 0 0.1327 0.7736 0.4658 0.6383 3.098587 -1.647527 -0.6044 1 0.7163 1  999 1052 1292 2219 2159 1662 985 598  1 1 0 -1.08 0 5 1.00 0 0 0 10.94 0.102 0.631 0.635 
2.376 2 1 1 0 0.2115 0.7078 0.4612 0.6385 3.121769 -1.648439 -0.5222 1 1.0914 1  1018 1019 1196 2148 2182 1872 1213 630  1 1 0 0.95 0 5 1.00 0 0 0 10.96 0.102 0.632 0.643 
2.386 2 1 1 0 0.1821 0.6759 0.4568 0.6385 -3.135659 -1.649458 -0.4135 1 1.2912 1  1035 1024 1025 2055 2169 2002 1409 633  1 1 0 -0.75 0 5 1.00 0 0 0 10.94 0.101 0.634 0.638 
2.396 2 1 1 0 0.2492 0.6142 0.4520 0.6384 -3.115052 -1.649426 -0.0290 1 1.3902 1  1001 1009 889 1838 2158 2034 1617 671  1 1 0 -2.12 0 5 1.00 0 0 0 10.93 0.102 0.614 0.684 
2.406 2 1 1 0 0.3138 0.6269 0.4474 0.6383 -3.102173 -1.650790 0.1223 1 1.6263 1  941 978 831 1644 2143 2047 1878 779  1 1 0 0.84 0 5 1.00 0 0 0 10.97 0.102 0.614 0.614 
2.416 2 1 1 0 0.3056 0.5958 0.4428 0.6380 -3.084142 -1.651062 0.2311 1 1.9973 1  949 971 858 1423 2101 2039 2075 949  1 1 0 -0.11 0 5 1.00 0 0 0 10.94 0.101 0.616 0.614 
2.426 2 1 1 0 0.3222 0.6577 0.4382 0.6377 -3.071263 -1.651565 0.4033 1 2.0672 1  962 927 816 1184 1933 2015 2117 1075  1 1 0 -0.31 0 5 1.00 0 0 0 10.93 0.103 0.616 0.623 
2.436 2 1 1 0 0.3934 0.5393 0.4333 0.6374 -3.060960 -1.652379 0.8192 1 2.0230 1  952 951 811 980 1743 1989 2052 1081  1 1 0 -0.52 0 5 1.00 0 0 0 10.94 0.102 0.621 0.622 
2.446 2 1 1 0 0.4435 0.5659 0.4288 0.6370 -3.053232 -1.652922 0.9973 1 2.0034 1  999 947 835 909 1579 1941 2025 1217  1 1 0 -0.14 0 5 1.00 0 0 0 10.95 0.103 0.615 0.613 
2.456 2 1 1 0 0.4699 0.5756 0.4239 0.6365 -3.048081 -1.652868 1.0393 1 2.2369 1  1018 957 842 944 1433 1921 2145 1311  1 1 0 0.22 0 5 1.00 0 0 0 10.95 0.102 0.613 0.615 
2.466 2 1 1 0 0.4328 0.5293 0.4191 0.6361 -3.042929 -1.654335 1.0173 1 2.3943 1  1031 924 843 941 1383 1966 2184 1393  1 1 0 1.45 0 5 1.00 0 0 0 10.95 0.101 0.615 0.612 
2.476 2 1 1 0 0.4745 0.5718 0.4139 0.6356 -3.040353 -1.654132 1.0804 1 2.7444 1  1053 928 827 942 1265 1905 2200 1494  1 1 0 2.08 0 5 1.00 0 0 0 10.95 0.176 0.673 1.072 
2.486 2 1 1 0 0.5305 0.4736 0.4086 0.6350 -3.040353 -1.655011 1.2602 1 3.0000 1  1009 903 812 927 1158 1813 2182 1564  1 1 0 0.18 0 5 1.00 0 0 0 10.98 0.103 0.613 0.614 
2.496 2 1 1 0 0.5191 0.4766 0.4037 0.6345 -3.040353 -1.655753 1.4517 1 3.0000 1  1109 904 819 977 1048 1721 2164 1598  1 1 0 1.28 0 5 1.00 0 0 0 10.96 0.103 0.611 0.616 
2.506 2 1 1 0 0.5830 0.5136 0.3986 0.6340 -3.042929 -1.656493 1.5240 1 3.0000 1  1108 957 810 967 959 1665 2165 1622  1 1 0 1.15 0 5 1.00 0 0 0 10.97 0.103 0.613 0.613 
2.516 2 1 1 0 0.4863 0.4845 0.3938 0.6336 -3.048081 -1.657016 1.5906 1 3.0000 1  1069 1026 809 934 933 1570 2161 1640  1 1 0 0.86 0 5 1.00 0 0 0 10.96 0.103 0.612 0.618 
2.526 2 1 1 0 0.5504 0.5165 0.3886 0.6331 -3.050657 -1.657889 1.6207 1 3.0000 1  1091 1105 793 968 894 1525 2172 1641  1 1 0 0.98 0 5 1.00 0 0 0 10.97 0.102 0.608 0.611 
2.536 2 1 1 0 0.5194 0.4223 0.3838 0.6327 -3.055808 -1.658944 1.6478 1 3.0000 1  1098 1091 801 918 891 1477 2163 1628  1 1 0 0.54 0 5 1.00 0 0 0 10.94 0.102 0.605 0.613 
2.546 2 1 1 0 0.5384 0.4283 0.3787 0.6322 -3.063536 -1.659727 1.6439 1 3.0000 1  1150 1068 814 933 912 1442 2204 1641  1 1 0 0.88 0 5 1.00 0 0 0 10.97 0.109 0.613 0.611 
2.557 2 1 1 0 0.6370 0.4543 0.3741 0.6319 -3.071264 -1.660818 1.6577 1 3.0000 1  1142 1121 835 999 945 1397 2210 1651  1 1 0 0.55 0 5 1.00 0 0 0 10.98 0.102 0.611 0.613 
2.566 2 1 1 0 0.5268 0.4362 0.3690 0.6316 -3.078991 -1.661819 1.6877 1 3.0000 1  1093 1176 853 970 921 1347 2171 1645  1 1 0 0.37 0 5 1.00 0 0 0 10.98 0.103 0.594 0.612 
2.576 2 1 1 0 0.6572 0.4350 0.3641 0.6313 -3.084143 -1.662941 1.7209 1 3.0000 1  1069 1192 836 933 919 1301 2151 1630  1 1 0 0.42 0 5 1.00 0 0 0 10.98 0.103 0.611 0.614 
2.586 2 1 1 0 0.5461 0.3655 0.3592 0.6310 -3.099598 -1.663556 1.7519 1 3.0000 1  1112 1137 828 925 879 1274 2128 1645  1 1 0 0.17 0 5 1.00 0 0 0 10.96 0.103 0.611 0.610 
2.596 2 1 1 0 0.6572 0.3947 0.3541 0.6308 -3.107325 -1.664240 1.7856 1 3.0000 1  1055 1037 818 928 886 1205 2076 1618  1 1 0 0.05 0 5 1.00 0 0 0 10.98 0.103 0.610 0.602 
2.606 2 1 1 0 0.5341 0.3764 0.3492 0.6307 -3.117629 -1.665439 1.8051 1 3.0000 1  1092 1125 838 916 887 1181 2067 1631  1 1 0 0.00 0 5 1.00 0 0 0 10.95 0.102 0.608 0.621 
2.616 2 1 1 0 0.5764 0.3844 0.3441 0.6306 -3.130508 -1.666045 1.8097 1 3.0000 1  1108 1137 838 964 916 1195 2077 1637  1 1 0 0.09 0 5 1.00 0 0 0 10.98 0.103 0.611 0.615 
2.626 2 1 1 0 0.6576 0.3633 0.3395 0.6306 3.139798 -1.667333 1.8107 1 3.0000 1  1104 1149 838 911 873 1175 2068 1621  1 1 0 0.01 0 5 1.00 0 0 0 10.97 0.102 0.628 0.625 
2.636 2 1 1 0 0.5851 0.3350 0.3344 0.6306 3.126919 -1.668394 1.8374 1 3.0000 1  1093 1133 848 919 910 1150 2032 1621  1 1 0 -0.07 0 5 1.00 0 0 0 10.98 0.102 0.629 0.633 
2.646 2 1 1 0 0.6673 0.3751 0.3292 0.6307 3.114040 -1.669104 1.8219 1 3.0000 1  1195 1145 820 922 842 1174 2055 1607  1 1 0 -0.10 0 5 1.00 0 0 0 10.98 0.102 0.626 0.635 
2.656 2 1 1 0 0.6169 0.3584 0.3244 0.6309 3.098585 -1.670004 1.8147 1 3.0000 1  1136 1184 839 923 860 1175 2060 1620  1 1 0 -0.01 0 5 1.00 0 0 0 10.97 0.103 0.632 0.643 
2.666 2 1 1 0 0.6503 0.3387 0.3192 0.6312 3.085706 -1.670474 1.7944 1 3.0000 1  1101 1133 840 939 871 1191 2091 1618  1 1 0 0.12 0 5 1.00 0 0 0 10.98 0.102 0.629 0.716 
2.676 2 1 1 0 0.6933 0.3224 0.3144 0.6315 3.070251 -1.669611 1.7702 1 3.0000 1  1064 1107 864 952 876 1267 2101 1627  1 1 0 0.07 0 5 1.00 0 0 0 10.95 0.103 0.630 0.633 
2.686 2 1 1 0 0.6036 0.3420 0.3095 0.6319 3.054796 -1.671108 1.7440 1 3.0000 1  1068 1129 832 921 879 1293 2130 1645  1 1 0 0.04 0 5 1.00 0 0 0 10.98 0.102 0.626 0.638 
2.696 2 1 1 0 0.6369 0.3096 0.3047 0.6323 3.039341 -1.670612 1.7182 1 3.0000 1  1052 1077 830 960 887 1325 2149 1637  1 1 0 -0.01 0 5 1.00 0 0 0 10.97 0.101 0.633 0.632 
2.706 2 1 1 0 0.6954 0.3293 0.3001 0.6328 3.026462 -1.672049 1.6932 1 3.0000 1  1028 1055 819 929 858 1350 2181 1631  1 1 0 -0.01 0 5 1.00 0 0 0 10.96 0.102 0.638 0.633 
2.716 2 1 1 0 0.6405 0.3201 0.2953 0.6334 3.011007 -1.673841 1.6711 1 3.0000 1  1031 1017 802 914 902 1389 2190 1636  1 1 0 0.03 0 5 1.00 0 0 0 10.97 0.103 0.631 0.646 
2.726 2 1 1 0 0.7002 0.3030 0.2902 0.6341 2.992977 -1.673860 1.6656 1 3.0000 1  1087 1034 786 904 890 1418 2182 1621  1 1 0 -0.08 0 5 1.00 0 0 0 10.98 0.110 0.642 0.623 
2.736 2 1 1 0 0.6443 0.3684 0.2851 0.6349 2.980097 -1.675402 1.6362 1 3.0000 1  1077 1022 794 902 895 1480 2192 1626  1 1 0 -0.06 0 5 1.00 0 0 0 10.97 0.101 0.633 0.636 
2.746 2 1 1 0 0.6688 0.3700 0.2800 0.6358 2.962066 -1.676647 1.5965 1 3.0000 1  1034 940 786 921 951 1566 2187 1603  1 1 0 0.33 0 5 1.00 0 0 0 10.97 0.186 0.720 1.080 
2.756 2 1 1 0 0.6476 0.3582 0.2753 0.6367 2.946611 -1.677338 1.5082 1 3.0000 1  968 925 825 956 1009 1666 2193 1569  1 1 0 0.49 0 5 1.00 0 0 0 10.97 0.103 0.638 0.643 
2.766 2 1 1 0 0.5694 0.3126 0.2705 0.6377 2.931157 -1.678638 1.3103 1 3.0000 1  1055 924 831 904 1129 1808 2182 1518  1 1 0 1.49 0 5 1.00 0 0 0 10.97 0.101 0.626 0.616 
2.776 2 1 1 0 0.6080 0.3697 0.2655 0.6388 2.918277 -1.679399 1.0732 1 2.5628 1  1115 966 881 941 1283 1927 2185 1436  1 1 0 -0.25 0 5 1.00 0 0 0 10.95 0.102 0.622 0.612 
2.786 2 1 1 0 0.6123 0.4068 0.2605 0.6399 2.905398 -1.680090 0.9625 1 2.3789 1  1138 987 898 955 1392 2045 2201 1358  1 1 0 -0.12 0 5 1.00 0 0 0 10.97 0.102 0.615 0.622 
2.796 2 1 1 0 0.6403 0.3821 0.2555 0.6412 2.892519 -1.680483 0.9022 1 2.3070 1  1072 972 912 941 1504 2064 2210 1312  1 1 0 0.17 0 5 1.00 0 0 0 10.98 0.102 0.615 0.615 
2.806 2 1 1 0 0.6086 0.3621 0.2502 0.6425 2.882215 -1.680796 0.8580 1 2.2586 1  1071 992 907 1006 1603 2065 2204 1257  1 1 0 -0.03 0 5 1.00 0 0 0 10.96 0.102 0.613 0.622 
2.816 2 1 1 0 0.5933 0.3904 0.2453 0.6439 2.869336 -1.680901 0.7760 1 2.1592 1  1053 987 902 1034 1741 2064 2167 1175  1 1 0 0.29 0 5 1.00 0 0 0 10.98 0.103 0.615 0.628 
2.827 2 1 1 0 0.6078 0.4249 0.2403 0.6453 2.856457 -1.680382 0.4873 1 2.0679 1  1068 960 897 1194 1956 2063 2105 1056  1 1 0 1.40 0 5 1.00 0 0 0 10.99 0.102 0.621 0.616 
2.836 2 1 1 0 0.5971 0.4573 0.2352 0.6468 2.851306 -1.680302 0.2616 1 1.9378 1  1032 1035 847 1318 2110 2039 1982 929  1 1 0 0.54 0 5 1.00 0 0 0 10.96 0.103 0.614 0.623 
2.846 2 1 1 0 0.5838 0.4615 0.2302 0.6483 2.843578 -1.680227 0.2020 1 1.6987 1  1051 1044 874 1438 2152 2044 1892 794  1 1 0 0.35 0 5 1.00 0 0 0 10.98 0.102 0.611 0.622 
2.856 2 1 1 0 0.5369 0.4381 0.2253 0.6498 2.841002 -1.679584 0.1603 1 1.5168 1  1074 1119 878 1595 2143 1996 1812 747  1 1 0 0.21 0 5 1.00 0 0 0 10.99 0.102 0.616 0.623 
2.866 2 1 1 0 0.5496 0.4237 0.2207 0.6513 2.835851 -1.679539 0.0474 1 1.3854 1  1046 1050 952 1781 2172 2000 1636 728  1 1 0 0.62 0 5 1.00 0 0 0 10.98 0.103 0.615 0.622 
2.876 2 1 1 0 0.5271 0.4252 0.2160 0.6528 2.830699 -1.678904 -0.2123 1 1.2896 1  1089 1072 1039 1980 2193 1937 1551 733  1 1 0 1.37 0 5 1.00 0 0 0 10.96 0.103 0.615 0.621 
2.886 2 1 1 0 0.5130 0.5312 0.2112 0.6543 2.828123 -1.678719 -0.4578 1 1.0799 1  1046 1037 1131 2105 2183 1832 1333 734  1 1 0 0.21 0 5 1.00 0 0 0 10.97 0.103 0.611 0.615 
2.896 2 1 1 0 0.5310 0.5074 0.2068 0.6558 2.825547 -1.678128 -0.5122 1 0.7391 1  1078 1057 1205 2150 2114 1682 1116 654  1 1 0 0.71 0 5 1.00 0 0 0 10.96 0.102 0.613 0.622 
2.906 2 1 1 0 0.4684 0.4997 0.2019 0.6574 2.828123 -1.677818 -0.5607 1 0.6818 1  1056 1034 1304 2170 2117 1644 1014 677  1 1 0 1.11 0 5 1.00 0 0 0 10.98 0.101 0.613 0.622 
2.916 2 1 1 0 0.5014 0.5019 0.1970 0.6589 2.825547 -1.676944 -0.6331 1 0.6428 1  1061 1074 1436 2182 2128 1565 960 660  1 1 0 1.44 0 5 1.00 0 0 0 10.98 0.103 0.614 0.609 
2.926 2 1 1 0 0.4307 0.5707 0.1924 0.6605 2.830699 -1.676826 -0.7859 1 0.5787 1  1055 1182 1562 2205 2110 1453 945 675  1 1 0 1.79 0 5 1.00 0 0 0 10.96 0.102 0.615 0.615 
2.936 2 1 1 0 0.4555 0.4632 0.1875 0.6620 2.833275 -1.676359 -1.1605 1 0.4978 1  1061 1245 1705 2187 2047 1320 945 655  1 1 0 2.11 0 5 1.00 0 0 0 10.97 0.102 0.611 0.674 
2.946 2 1 1 0 0.4042 0.5488 0.1828 0.6635 2.838427 -1.676172 -1.2553 1 0.2404 1  1075 1379 1758 2207 1910 1077 902 629  1 1 0 -0.25 0 5 1.00 0 0 0 10.96 0.103 0.609 0.603 
2.956 2 1 1 0 0.4563 0.5252 0.1785 0.6648 2.846154 -1.676572 -1.3548 1 0.0368 1  1094 1439 1855 2192 1822 942 905 650  1 1 0 0.90 0 5 1.00 0 0 0 10.94 0.102 0.632 0.633 
2.966 2 1 1 0 0.4101 0.5588 0.1735 0.6663 2.853882 -1.675820 -1.3772 1 -0.1106 1  1062 1491 1835 2176 1682 876 895 584  1 1 0 0.27 0 5 1.00 0 0 0 10.95 0.103 0.630 0.634 
2.976 2 1 1 0 0.3834 0.6203 0.1691 0.6676 2.861609 -1.675461 -1.3958 1 -0.1788 1  1150 1558 1830 2155 1590 848 905 627  1 1 0 0.26 0 5 1.00 0 0 0 10.95 0.102 0.630 0.645 
2.986 2 1 1 0 0.3729 0.5681 0.1644 0.6689 2.871913 -1.674726 -1.4222 1 -0.2446 1  1234 1663 1789 2115 1511 852 909 632  1 1 0 -0.42 0 5 1.00 0 0 0 10.96 0.103 0.636 0.632 
2.996 2 1 1 0 0.3548 0.6074 0.1597 0.6702 2.882216 -1.674390 -1.5328 1 -0.3351 1  1292 1763 1801 2062 1354 825 926 632  1 1 0 0.23 0 5 1.00 0 0 0 10.92 0.103 0.623 0.624 
3.006 2 1 1 0 0.3819 0.6034 0.1550 0.6714 2.892520 -1.673697 -1.7604 1 -0.3483 1  1359 1859 1827 2057 1251 851 929 649  1 1 0 1.03 0 5 1.00 0 0 0 10.94 0.103 0.631 0.644 
3.016 2 1 1 0 0.3628 0.7021 0.1500 0.6727 2.905399 -1.673054 -1.9372 1 -0.4584 1  1391 1919 1800 1994 1170 817 881 614  1 1 0 -0.43 0 5 1.00 0 0 0 10.94 0.192 0.713 1.088 
3.026 2 1 1 0 0.3353 0.5960 0.1453 0.6738 2.920854 -1.672466 -1.9534 1 -0.5918 1  1389 1929 1823 1951 1060 855 905 616  1 1 0 -0.05 0 5 1.00 0 0 0 10.93 0.103 0.628 0.630 
3.036 2 1 1 0 0.3329 0.6747 0.1405 0.6748 2.936309 -1.671248 -1.9766 1 -0.7842 1  1434 1945 1788 1854 970 804 891 610  1 1 0 -0.87 0 5 1.00 0 0 0 10.95 0.102 0.628 0.642 
3.046 2 1 1 0 0.3038 0.6898 0.1358 0.6757 2.951764 -1.670768 -1.9902 1 -0.8149 1  1444 1953 1808 1813 910 771 885 598  1 1 0 -0.28 0 5 1.00 0 0 0 10.96 0.103 0.629 0.635 
3.056 2 1 1 0 0.3097 0.6195 0.1310 0.6766 2.972370 -1.670429 -2.0357 1 -0.8771 1  1541 1982 1824 1682 912 857 886 628  1 1 0 -0.44 0 5 1.00 0 0 0 10.94 0.102 0.629 0.631 
3.066 2 1 1 0 0.2802 0.6901 0.1259 0.6774 2.990400 -1.669620 -2.0426 1 -0.9639 1  1503 1986 1791 1606 889 822 870 593  1 1 0 -0.42 0 5 1.00 0 0 0 10.95 0.101 0.626 0.633 
3.076 2 1 1 0 0.2937 0.7054 0.1213 0.6781 3.008431 -1.669109 -2.0507 1 -0.8659 1  1482 2006 1819 1734 906 816 893 602  1 1 0 -0.38 0 5 1.00 0 0 0 10.95 0.102 0.632 0.634 
3.086 2 1 1 0 0.2891 0.6910 0.1163 0.6787 3.026462 -1.668205 -2.0336 1 -0.8409 1  1454 1990 1826 1768 909 838 891 629  1 1 0 -0.40 0 5 1.00 0 0 0 10.94 0.103 0.612 0.633 
3.096 2 1 1 0 0.2939 0.7011 0.1111 0.6793 3.049643 -1.667681 -2.0456 1 -0.8052 1  1525 1985 1845 1775 942 834 943 639  1 1 0 -0.53 0 5 1.00 0 0 0 10.98 0.102 0.611 0.631 
3.106 2 1 1 0 0.2771 0.7259 0.1066 0.6796 3.067674 -1.666960 -2.0309 1 -0.8486 1  1534 1973 1806 1774 979 824 989 665  1 1 0 -0.64 0 5 1.00 0 0 0 10.97 0.103 0.613 0.632 
3.116 2 1 1 0 0.2597 0.6898 0.1014 0.6800 3.090856 -1.666381 -1.9994 1 -0.8357 1  1483 1954 1813 1776 970 827 925 640  1 1 0 -0.60 0 5 1.00 0 0 0 10.97 0.103 0.611 0.616 
3.127 2 1 1 0 0.3112 0.7397 0.0960 0.6802 3.111462 -1.666059 -1.9555 1 -0.7287 1  1447 1917 1840 1881 1047 835 987 677  1 1 0 -0.21 0 5 1.00 0 0 0 10.97 0.108 0.630 0.628 
3.136 2 1 1 0 0.2565 0.6869 0.0914 0.6803 3.134644 -1.665844 -1.8669 1 -0.5084 1  1387 1871 1859 1994 1132 825 932 694  1 1 0 -0.36 0 5 1.00 0 0 0 10.97 0.101 0.616 0.632 
3.146 2 1 1 0 0.2698 0.7581 0.0863 0.6803 -3.130511 -1.665303 -1.6622 1 -0.3248 1  1274 1786 1863 2099 1183 885 965 672  1 1 0 -0.64 0 5 1.00 0 0 0 10.98 0.101 0.622 0.637 
3.156 2 1 1 0 0.2538 0.7116 0.0814 0.6801 -3.104754 -1.664437 -1.5654 1 -0.2447 1  1225 1711 1860 2172 1344 882 1004 659  1 1 0 -0.55 0 5 1.00 0 0 0 10.97 0.105 0.633 0.635 
3.166 2 1 1 0 0.2568 0.7115 0.0763 0.6799 -3.086723 -1.664732 -1.4653 1 -0.1995 1  1146 1637 1836 2200 1441 891 979 644  1 1 0 -0.66 0 5 1.00 0 0 0 10.98 0.102 0.632 0.636 
3.176 2 1 1 0 0.2938 0.7362 0.0714 0.6796 -3.066117 -1.663674 -1.3827 1 -0.1565 1  1077 1535 1818 2196 1568 919 972 666  1 1 0 -0.65 0 5 1.00 0 0 0 10.97 0.103 0.632 0.636 
3.186 2 1 1 0 0.2687 0.6874 0.0663 0.6791 -3.042934 -1.663167 -1.3292 1 -0.1477 1  1058 1501 1786 2187 1605 891 966 681  1 1 0 -0.75 0 5 1.00 0 0 0 10.98 0.103 0.630 0.634 
3.196 2 1 1 0 0.3162 0.6794 0.0612 0.6786 -3.024904 -1.662698 -1.2580 1 -0.0780 1  1063 1418 1748 2186 1743 933 979 686  1 1 0 -0.66 0 5 1.00 0 0 0 10.99 0.103 0.631 0.642 
