%% logfile from robot Thit (86)
% Thit (86)
%  1    time 0.001 sec
%  2  3  4  5   (mission 0), state 2, entered (thread 1, line 0), events 0x0 (bit-flags)
%  6  7 Wheel velocity [m/s] left, right: -0.0000 0.0000
% 8 9 Turnrate [r/s]: 0.0000, steer angle [rad]: 0.0000
% 10 11 12 13 Pose x,y,h,tilt [m,m,rad,rad]: 0 0 0 -1.67278
% 14 .. 35 Edge sensor: left 0.000000 0, right 0.000000 0, values 702 664 604 760 724 565 630 570,
%    white 1, used 1, LEDhigh=0, xingVal=0.00 xlcnt=0 lvcnt=0,LineVal=1.00, lineLow=0, lineHi=0, edgeAngle=0.
% whitelevel=[1790 1722 1635 1899 1753 1650 1740 1288];
% blacklevel=[21 15 18 17 11 8 10 12];
% 36    Battery voltage [V]: 11.26
% 37 39 read sensor time [ms]: 0.102 and ctrl time 0.439, cycleEnd 0.516
0.001 2 1 0 0 -0.0000 0.0000 0.0000 0.0000 0.0000 0.0000 0.000000 -1.672777 0.0000 0 0.0000 0  702 664 604 760 724 565 630 570  1 1 0 0.00 0 0 1.00 0 0 0 11.26 0.102 0.439 0.516
0.004 2 1 0 0 -0.0000 0.0000 0.0000 0.0000 0.0000 0.0000 0.000000 -1.672789 0.0000 0 0.0000 0  708 678 636 742 740 643 611 563  1 1 0 0.00 0 0 1.00 0 0 0 11.13 0.103 0.441 0.441
0.007 2 1 0 0 0.0001 0.0000 -0.0007 0.0000 0.0005 0.0000 0.000000 -1.672746 0.0000 0 0.0000 0  748 655 631 750 730 615 627 557  1 1 0 0.00 0 0 1.00 0 0 0 11.11 0.106 0.446 0.751
0.010 2 1 0 0 0.1393 0.2712 0.6282 0.0000 0.0014 0.0000 0.002576 -1.672778 0.0000 0 0.0000 0  716 664 622 778 720 593 635 556  1 1 0 0.00 0 0 1.00 0 0 0 11.09 0.106 0.494 0.484
0.013 2 1 0 0 0.1393 0.2233 0.3998 0.0000 0.0016 0.0000 0.005152 -1.673038 0.0000 0 0.0000 0  709 647 597 771 711 529 637 547  1 1 0 0.00 0 0 1.00 0 0 0 11.20 0.103 0.490 0.499
0.016 2 1 0 0 0.1246 0.1337 0.0434 0.0000 0.0019 0.0000 0.002576 -1.673306 0.0000 0 0.0000 0  712 663 609 788 738 573 649 589  1 1 0 0.00 0 0 1.00 0 0 0 11.19 0.101 0.485 0.500
0.019 2 1 0 0 0.1094 0.0767 -0.1553 0.0000 0.0019 0.0000 0.002576 -1.673273 0.0000 0 0.0000 0  709 647 638 778 741 585 637 543  1 1 0 0.00 0 0 1.00 0 0 0 11.18 0.102 0.488 0.493
0.022 2 1 0 0 0.0680 0.0544 -0.0651 0.0000 0.0022 0.0000 0.005152 -1.673405 0.0000 0 0.0000 0  691 638 621 780 737 620 646 558  1 1 0 0.00 0 0 1.00 0 0 0 11.16 0.103 0.498 0.492
0.025 2 1 0 0 0.0616 0.0544 -0.0343 0.0000 0.0024 0.0000 0.002576 -1.673304 0.0000 0 0.0000 0  689 649 616 778 736 622 644 568  1 1 0 0.00 0 0 1.00 0 0 0 11.13 0.101 0.490 0.492
0.028 2 1 0 0 0.1345 0.1295 -0.0238 0.0000 0.0030 0.0000 0.002576 -1.673240 0.0000 0 0.0000 0  703 654 631 780 734 595 652 565  1 1 0 0.00 0 0 1.00 0 0 0 11.15 0.106 0.490 0.496
0.031 2 1 0 0 0.1306 0.1099 -0.0985 0.0000 0.0030 0.0000 0.002576 -1.673391 0.0000 0 0.0000 0  730 647 645 810 745 624 649 594  1 1 0 0.00 0 0 1.00 0 0 0 11.16 0.106 0.490 0.493
0.034 2 1 0 0 0.1278 0.0683 -0.2835 0.0000 0.0032 0.0000 0.000000 -1.673242 0.0000 0 0.0000 0  677 635 634 781 693 614 658 559  1 1 0 0.00 0 0 1.00 0 0 0 11.14 0.102 0.458 0.459
0.037 2 1 0 0 0.1006 0.0605 -0.1908 0.0000 0.0038 0.0000 0.000000 -1.673436 0.0000 0 0.0000 0  700 639 606 790 720 570 661 584  1 1 0 0.00 0 0 1.00 0 0 0 11.12 0.106 0.491 0.490
0.040 2 1 0 0 0.1006 0.1208 0.0965 0.0000 0.0041 0.0000 0.002576 -1.673536 0.0000 0 0.0000 0  730 659 613 786 759 582 662 595  1 1 0 0.00 0 0 1.00 0 0 0 11.13 0.102 0.490 0.460
0.043 2 1 0 0 0.1173 0.1208 0.0166 0.0000 0.0043 0.0000 0.000000 -1.673566 0.0000 0 0.0000 0  698 619 644 799 710 593 682 543  1 1 0 0.00 0 0 1.00 0 0 0 11.14 0.103 0.456 0.493
0.046 2 1 0 0 0.1419 0.1265 -0.0733 0.0000 0.0049 0.0000 0.000000 -1.673676 0.0000 0 0.0000 0  680 647 630 795 712 612 684 557  1 1 0 0.00 0 0 1.00 0 0 0 11.16 0.106 0.459 0.495
0.049 2 1 0 0 0.1317 0.1034 -0.1347 0.0000 0.0049 0.0000 0.000000 -1.673583 0.0000 0 0.0000 0  679 640 655 795 720 588 672 588  1 1 0 0.00 0 0 1.00 0 0 0 11.15 0.102 0.463 0.459
0.052 2 1 0 0 0.1233 0.0980 -0.1206 0.0000 0.0054 0.0000 0.000000 -1.673748 0.0000 0 0.0000 0  664 653 663 777 743 610 684 569  1 1 0 0.00 0 0 1.00 0 0 0 11.13 0.103 0.456 0.460
0.055 2 1 0 0 0.1375 0.1375 -0.0000 0.0000 0.0059 0.0000 0.000000 -1.673851 0.0000 0 0.0000 0  697 660 657 794 735 626 693 562  1 1 0 0.00 0 0 1.00 0 0 0 11.14 0.101 0.454 0.465
0.058 2 1 0 0 0.1724 0.1880 0.0743 0.0000 0.0065 0.0000 0.000000 -1.673828 0.0000 0 0.0000 0  663 655 682 793 735 639 685 573  1 1 0 0.00 0 0 1.00 0 0 0 11.17 0.102 0.458 0.463
0.061 2 1 0 0 0.1983 0.2022 0.0189 0.0000 0.0070 0.0000 0.000000 -1.673776 0.0000 0 0.0000 0  654 654 692 804 742 656 697 587  1 1 0 0.00 0 0 1.00 0 0 0 11.18 0.106 0.458 0.493
0.064 2 1 0 0 0.2076 0.1907 -0.0803 0.0000 0.0076 0.0000 0.000000 -1.673851 0.0000 0 0.0000 0  662 660 689 813 718 580 690 565  1 1 0 0.00 0 0 1.00 0 0 0 11.18 0.102 0.460 0.462
0.067 2 1 0 0 0.1661 0.1228 -0.2066 0.0000 0.0081 0.0000 0.000000 -1.673888 0.0000 0 0.0000 0  676 663 665 781 763 620 694 589  1 1 0 0.00 0 0 1.00 0 0 0 11.16 0.102 0.491 0.495
0.070 2 1 0 0 0.1488 0.1228 -0.1241 0.0000 0.0084 0.0000 -0.002576 -1.673852 0.0000 0 0.0000 0  677 675 688 807 719 639 723 577  1 1 0 0.00 0 0 1.00 0 0 0 11.14 0.106 0.492 0.493
0.073 2 1 0 0 0.1714 0.1308 -0.1931 0.0000 0.0089 0.0000 -0.002576 -1.673744 0.0000 0 0.0000 0  655 681 677 792 718 635 720 595  1 1 0 0.00 0 0 1.00 0 0 0 11.14 0.106 0.492 0.493
0.076 2 1 0 0 0.1845 0.2286 0.2100 0.0000 0.0097 0.0000 0.000000 -1.673607 0.0000 0 0.0000 0  671 682 672 797 751 618 762 574  1 1 0 0.00 0 0 1.00 0 0 0 11.17 0.102 0.491 0.493
0.079 2 1 0 0 0.1811 0.2169 0.1703 0.0000 0.0103 0.0000 0.000000 -1.673615 0.0000 0 0.0000 0  682 676 693 791 748 671 743 593  1 1 0 0.00 0 0 1.00 0 0 0 11.18 0.106 0.453 0.463
0.082 2 1 0 0 0.1941 0.1934 -0.0033 0.0000 0.0108 0.0000 0.000000 -1.673567 0.0000 0 0.0000 0  670 686 694 824 713 658 750 554  1 1 0 0.00 0 0 1.00 0 0 0 11.18 0.102 0.459 0.466
0.085 2 1 0 0 0.2249 0.1856 -0.1873 0.0000 0.0114 0.0000 0.000000 -1.673465 0.0000 0 0.0000 0  648 684 670 769 751 667 752 585  1 1 0 0.00 0 0 1.00 0 0 0 11.19 0.102 0.461 0.882
0.088 2 1 0 0 0.2088 0.2052 -0.0168 0.0000 0.0122 0.0000 -0.002576 -1.673499 0.0000 0 0.0000 0  641 692 666 750 752 666 761 569  1 1 0 0.00 0 0 1.00 0 0 0 11.19 0.102 0.491 0.485
0.091 2 1 0 0 0.1751 0.1965 0.1020 0.0000 0.0127 0.0000 -0.002576 -1.673450 0.0000 0 0.0000 0  663 699 655 783 743 666 741 569  1 1 0 0.00 0 0 1.00 0 0 0 11.17 0.101 0.489 0.462
0.094 2 1 0 0 0.1833 0.1825 -0.0037 0.0000 0.0133 0.0000 -0.002576 -1.673420 0.0000 0 0.0000 0  718 688 684 804 717 674 748 554  1 1 0 0.00 0 0 1.00 0 0 0 11.14 0.102 0.491 0.460
0.097 2 1 0 0 0.2102 0.1565 -0.2558 0.0000 0.0138 0.0000 -0.002576 -1.673400 0.0000 0 0.0000 0  701 695 679 798 747 656 734 566  1 1 0 0.00 0 0 1.00 0 0 0 11.14 0.102 0.490 0.496
0.100 2 1 0 0 0.2086 0.1963 -0.0584 0.0000 0.0143 0.0000 -0.002576 -1.673304 0.0000 0 0.0000 0  680 721 674 772 739 685 756 552  1 1 0 0.00 0 0 1.00 0 0 0 11.17 0.103 0.491 0.498
0.103 2 1 0 0 0.1891 0.2395 0.2398 0.0000 0.0151 0.0000 0.000000 -1.673415 0.0000 0 0.0000 0  696 708 656 769 748 658 766 568  1 1 0 0.00 0 0 1.00 0 0 0 11.18 0.103 0.491 0.495
0.106 2 1 0 0 0.2045 0.2185 0.0664 0.0000 0.0157 0.0000 0.000000 -1.673464 0.0000 0 0.0000 0  709 717 670 784 744 694 782 551  1 1 0 0.00 0 0 1.00 0 0 0 11.18 0.103 0.492 0.498
0.109 2 1 0 0 0.2513 0.2414 -0.0472 0.0000 0.0165 -0.0000 -0.002576 -1.673493 0.0000 0 0.0000 0  724 723 673 787 732 694 771 557  1 1 0 0.00 0 0 1.00 0 0 0 11.19 0.103 0.491 0.494
0.112 2 1 0 0 0.2487 0.2129 -0.1704 0.0000 0.0170 -0.0000 -0.002576 -1.673304 0.0000 0 0.0000 0  689 737 670 782 734 681 732 562  1 1 0 0.00 0 0 1.00 0 0 0 11.20 0.106 0.490 0.493
0.115 2 1 0 0 0.2479 0.2376 -0.0490 0.0000 0.0178 -0.0000 0.000000 -1.673154 0.0000 0 0.0000 0  705 746 671 779 739 698 717 555  1 1 0 0.00 0 0 1.00 0 0 0 11.19 0.101 0.494 0.492
0.118 2 1 0 0 0.2762 0.3150 0.1846 0.0000 0.0187 -0.0000 -0.002576 -1.673000 0.0000 0 0.0000 0  762 752 675 815 744 679 773 557  1 1 0 0.00 0 0 1.00 0 0 0 11.21 0.106 0.494 0.498
0.121 2 1 0 0 0.3292 0.3288 -0.0016 0.0000 0.0197 -0.0000 -0.002576 -1.673111 0.0000 0 0.0000 0  780 768 684 794 739 695 774 560  1 1 0 0.00 0 0 1.00 0 0 0 11.22 0.106 0.492 0.464
0.124 2 1 0 0 0.3224 0.3673 0.2137 0.0000 0.0208 -0.0000 -0.002576 -1.673188 0.0000 0 0.0000 0  796 766 678 796 749 673 774 567  1 1 0 0.00 0 0 1.00 0 0 0 11.24 0.103 0.493 0.464
0.127 2 1 0 0 0.2845 0.2912 0.0317 0.0000 0.0216 -0.0000 0.000000 -1.673419 0.0000 0 0.0000 0  787 777 687 782 748 682 759 563  1 1 0 0.00 0 0 1.00 0 0 0 11.24 0.103 0.492 0.494
0.130 2 1 0 0 0.2588 0.2450 -0.0661 0.0000 0.0222 -0.0000 0.000000 -1.673385 0.0000 0 0.0000 0  869 794 715 806 750 707 792 574  1 1 0 0.00 0 0 1.00 0 0 0 11.21 0.101 0.460 0.494
0.133 2 1 0 0 0.2514 0.2551 0.0175 0.0000 0.0233 -0.0000 0.000000 -1.673399 0.0000 0 0.0000 0  878 825 708 815 743 707 798 564  1 1 0 0.00 0 0 1.00 0 0 0 11.21 0.106 0.462 0.464
0.136 2 1 0 0 0.3130 0.2747 -0.1823 0.0000 0.0241 -0.0000 -0.002576 -1.673323 0.0000 0 0.0000 0  866 803 695 782 738 693 767 568  1 1 0 0.00 0 0 1.00 0 0 0 11.22 0.110 0.492 0.466
0.139 2 1 0 0 0.3428 0.3413 -0.0068 0.0000 0.0249 -0.0000 0.000000 -1.673138 0.0000 0 0.0000 0  820 797 697 781 728 683 735 557  1 1 0 0.00 0 0 1.00 0 0 0 11.23 0.102 0.493 0.496
0.142 2 1 0 0 0.2721 0.2812 0.0430 0.0000 0.0260 -0.0000 0.000000 -1.673165 0.0000 0 0.0000 0  830 817 698 798 735 707 782 569  1 1 0 0.00 0 0 1.00 0 0 0 11.23 0.101 0.461 0.499
0.145 2 1 0 0 0.2413 0.2417 0.0018 0.0000 0.0265 -0.0000 0.000000 -1.673250 0.0000 0 0.0000 0  883 805 688 803 738 689 789 562  1 1 0 0.00 0 0 1.00 0 0 0 11.21 0.102 0.488 0.496
0.148 2 1 0 0 0.2670 0.2523 -0.0700 0.0000 0.0273 -0.0000 -0.002576 -1.673308 0.0000 0 0.0000 0  877 805 668 775 747 686 813 563  1 1 0 0.00 0 0 1.00 0 0 0 11.20 0.103 0.491 0.495
0.151 2 1 0 0 0.3083 0.2928 -0.0736 0.0000 0.0281 -0.0000 0.000000 -1.673407 0.0000 0 0.0000 0  851 797 689 756 743 709 762 569  1 1 0 0.00 0 0 1.00 0 0 0 11.23 0.102 0.494 0.496
0.154 2 1 0 0 0.3316 0.3778 0.2196 0.0000 0.0292 -0.0000 0.000000 -1.673248 0.0000 0 0.0000 0  909 807 694 753 741 713 767 572  1 1 0 0.00 0 0 1.00 0 0 0 11.25 0.102 0.494 0.498
0.157 2 1 0 0 0.3588 0.3307 -0.1337 0.0000 0.0303 -0.0000 0.000000 -1.673209 0.0000 0 0.0000 0  868 813 693 788 737 709 843 561  1 1 0 0.00 0 0 1.00 0 0 0 11.26 0.102 0.491 0.494
0.160 2 1 0 0 0.2998 0.3237 0.1135 0.0000 0.0314 -0.0000 0.000000 -1.673132 0.0000 0 0.0000 0  868 804 695 753 734 720 811 561  1 1 0 0.00 0 0 1.00 0 0 0 11.25 0.110 0.453 0.497
0.163 2 1 0 0 0.2898 0.2909 0.0053 0.0000 0.0319 -0.0000 0.000000 -1.673164 0.0000 0 0.0000 0  897 764 695 764 697 727 789 568  1 1 0 0.00 0 0 1.00 0 0 0 11.24 0.103 0.461 0.860
0.166 2 1 0 0 0.3261 0.3287 0.0127 0.0000 0.0330 -0.0000 0.000000 -1.673295 0.0000 0 0.0000 0  846 779 691 701 720 704 783 572  1 1 0 0.00 0 0 1.00 0 0 0 11.25 0.102 0.494 0.493
0.169 2 1 0 0 0.3671 0.3550 -0.0577 0.0000 0.0341 -0.0000 0.000000 -1.673084 0.0000 0 0.0000 0  876 757 679 769 708 707 813 572  1 1 0 0.00 0 0 1.00 0 0 0 11.25 0.101 0.494 0.495
0.172 2 1 0 0 0.3502 0.3294 -0.0991 0.0000 0.0352 -0.0000 0.000000 -1.672969 0.0000 0 0.0000 0  874 745 680 812 717 706 816 585  1 1 0 0.00 0 0 1.00 0 0 0 11.25 0.101 0.491 0.494
0.175 2 1 0 0 0.2803 0.3056 0.1203 0.0000 0.0362 -0.0000 0.000000 -1.672945 0.0000 0 0.0000 0  853 778 676 784 746 709 793 583  1 1 0 0.00 0 0 1.00 0 0 0 11.25 0.108 0.462 0.465
0.178 2 1 0 0 0.2589 0.2887 0.1420 0.0000 0.0368 -0.0000 0.000000 -1.673148 0.0000 0 0.0000 0  881 787 674 790 757 727 767 585  1 1 0 0.00 0 0 1.00 0 0 0 11.24 0.103 0.462 0.465
0.181 2 1 0 0 0.3427 0.3280 -0.0700 0.0000 0.0379 -0.0000 0.000000 -1.673107 0.0000 0 0.0000 0  850 785 670 782 763 712 776 575  1 1 0 0.00 0 0 1.00 0 0 0 11.25 0.103 0.494 0.494
0.184 2 1 0 0 0.3582 0.3281 -0.1431 0.0000 0.0389 -0.0000 0.000000 -1.672981 0.0000 0 0.0000 0  843 796 662 796 795 714 787 582  1 1 0 0.00 0 0 1.00 0 0 0 11.25 0.102 0.482 0.494
0.187 2 1 0 0 0.3854 0.3912 0.0275 0.0000 0.0400 -0.0000 0.000000 -1.672842 0.0000 0 0.0000 0  842 728 655 801 761 724 782 566  1 1 0 0.00 0 0 1.00 0 0 0 11.26 0.108 0.494 0.500
0.190 2 1 0 0 0.3178 0.3650 0.2249 0.0000 0.0411 -0.0000 0.000000 -1.673061 0.0000 0 0.0000 0  852 749 655 812 784 731 725 573  1 1 0 0.00 0 0 1.00 0 0 0 11.26 0.101 0.492 0.495
0.193 2 1 0 0 0.3318 0.3816 0.2372 0.0000 0.0422 -0.0000 0.000000 -1.673092 0.0000 0 0.0000 0  828 764 654 813 794 714 713 569  1 1 0 0.00 0 0 1.00 0 0 0 11.25 0.101 0.463 0.463
0.196 2 1 0 0 0.3437 0.3238 -0.0949 0.0000 0.0433 -0.0000 0.000000 -1.673212 0.0000 0 0.0000 0  861 767 653 824 821 716 716 567  1 1 0 0.00 0 0 1.00 0 0 0 11.25 0.108 0.462 0.462
0.199 2 1 0 0 0.3750 0.3544 -0.0982 0.0000 0.0444 -0.0000 0.000000 -1.673083 0.0000 0 0.0000 0  857 727 655 840 798 720 713 573  1 1 0 0.00 0 0 1.00 0 0 0 11.26 0.103 0.462 0.496
0.202 2 1 0 0 0.3266 0.3309 0.0202 0.0000 0.0452 -0.0000 -0.002576 -1.672936 0.0000 0 0.0000 0  850 735 655 837 802 707 695 586  1 1 0 0.00 0 0 1.00 0 0 0 11.27 0.109 0.494 0.495
0.205 2 1 0 0 0.3123 0.3949 0.3934 0.0000 0.0465 -0.0000 0.000000 -1.673046 0.0000 0 0.0000 0  818 742 662 812 805 703 691 596  1 1 0 0.00 0 0 1.00 0 0 0 11.26 0.110 0.465 0.464
0.208 2 1 0 0 0.3090 0.3503 0.1970 0.0000 0.0471 -0.0000 0.000000 -1.672878 0.0000 0 0.0000 0  801 753 663 786 808 702 691 606  1 1 0 0.00 0 0 1.00 0 0 0 11.27 0.103 0.464 0.465
0.211 2 1 0 0 0.3469 0.2692 -0.3700 0.0000 0.0481 -0.0000 0.000000 -1.673045 0.0000 0 0.0000 0  824 713 650 816 799 695 730 609  1 1 0 0.00 0 0 1.00 0 0 0 11.26 0.101 0.491 0.496
0.214 2 1 0 0 0.3632 0.3202 -0.2047 0.0000 0.0492 -0.0000 0.000000 -1.672845 0.0000 0 0.0000 0  828 675 655 817 757 695 763 602  1 1 0 0.00 0 0 1.00 0 0 0 11.27 0.108 0.493 0.492
0.217 2 1 0 0 0.3784 0.3829 0.0213 0.0000 0.0503 -0.0000 0.000000 -1.672909 0.0000 0 0.0000 0  830 703 658 814 766 695 789 621  1 1 0 0.00 0 0 1.00 0 0 0 11.27 0.109 0.496 0.496
0.220 2 1 0 0 0.3605 0.3950 0.1640 0.0000 0.0514 -0.0000 0.000000 -1.672897 0.0000 0 0.0000 0  813 707 663 799 752 687 814 633  1 1 0 0.00 0 0 1.00 0 0 0 11.28 0.109 0.495 0.499
0.223 2 1 0 0 0.3389 0.3532 0.0685 0.0000 0.0525 -0.0000 0.000000 -1.672703 0.0000 0 0.0000 0  809 712 665 838 730 672 870 628  1 1 0 0.00 0 0 1.00 0 0 0 11.27 0.102 0.491 0.498
0.226 2 1 0 0 0.3262 0.3262 -0.0000 0.0000 0.0535 -0.0000 0.000000 -1.672758 0.0000 0 0.0000 0  797 643 665 813 718 675 847 618  1 1 0 0.00 0 0 1.00 0 0 0 11.27 0.109 0.462 0.468
0.229 2 1 0 0 0.3589 0.3502 -0.0416 0.0000 0.0546 -0.0000 0.000000 -1.672735 0.0000 0 0.0000 0  799 742 669 824 727 678 898 643  1 1 0 0.00 0 0 1.00 0 0 0 11.27 0.101 0.462 0.461
0.232 2 1 0 0 0.3796 0.3809 0.0059 0.0000 0.0557 -0.0000 0.000000 -1.672561 0.0000 0 0.0000 0  796 723 672 840 697 678 894 617  1 1 0 0.00 0 0 1.00 0 0 0 11.27 0.102 0.463 0.448
0.235 2 1 0 0 0.3309 0.3558 0.1185 0.0000 0.0568 -0.0000 0.000000 -1.672676 0.0000 0 0.0000 0  787 757 682 829 702 690 902 632  1 1 0 0.00 0 0 1.00 0 0 0 11.28 0.109 0.462 0.465
0.238 2 1 0 0 0.2976 0.2991 0.0070 0.0000 0.0576 -0.0000 0.002576 -1.672483 0.0000 0 0.0000 0  797 687 696 815 675 688 877 579  1 1 0 0.00 0 0 1.00 0 0 0 11.27 0.102 0.491 0.494
0.241 2 1 0 0 0.2922 0.3308 0.1839 0.0000 0.0587 -0.0000 0.002576 -1.672853 0.0000 0 0.0000 0  798 713 700 804 661 694 860 551  1 1 0 0.00 0 0 1.00 0 0 0 11.26 0.110 0.493 0.845
0.244 2 1 0 0 0.4047 0.3864 -0.0875 0.0000 0.0598 -0.0000 0.002576 -1.672851 0.0000 0 0.0000 0  803 750 695 802 703 703 854 594  1 1 0 0.00 0 0 1.00 0 0 0 11.27 0.102 0.492 0.464
0.247 2 1 0 0 0.3959 0.3810 -0.0711 0.0000 0.0611 -0.0000 0.000000 -1.672812 0.0000 0 0.0000 0  802 751 700 798 704 709 853 625  1 1 0 0.00 0 0 1.00 0 0 0 11.28 0.109 0.462 0.465
0.250 2 1 0 0 0.3421 0.3620 0.0945 0.0000 0.0622 -0.0000 0.000000 -1.672639 0.0000 0 0.0000 0  810 760 698 789 712 712 843 631  1 1 0 0.00 0 0 1.00 0 0 0 11.28 0.109 0.456 0.495
0.253 2 1 0 0 0.3192 0.3502 0.1477 0.0000 0.0630 -0.0000 0.002576 -1.672509 0.0000 0 0.0000 0  814 764 697 788 697 719 836 560  1 1 0 0.00 0 0 1.00 0 0 0 11.27 0.108 0.494 0.465
0.256 2 1 0 0 0.3447 0.3724 0.1323 0.0000 0.0641 -0.0000 0.002576 -1.672518 0.0000 0 0.0000 0  828 768 695 783 726 728 819 582  1 1 0 0.00 0 0 1.00 0 0 0 11.28 0.109 0.494 0.495
0.259 2 1 0 0 0.3575 0.3394 -0.0865 0.0000 0.0652 -0.0000 0.002576 -1.672506 0.0000 0 0.0000 0  851 797 679 785 750 733 838 627  1 1 0 0.00 0 0 1.00 0 0 0 11.28 0.103 0.493 0.495
0.262 2 1 0 0 0.3703 0.3720 0.0081 0.0000 0.0663 -0.0000 0.002576 -1.672298 0.0000 0 0.0000 0  882 799 667 781 746 742 831 625  1 1 0 0.00 0 0 1.00 0 0 0 11.28 0.103 0.495 0.499
0.265 2 1 0 0 0.2904 0.2863 -0.0194 0.0000 0.0671 -0.0000 0.000000 -1.672238 0.0000 0 0.0000 0  942 748 661 775 708 759 856 610  1 1 0 0.00 0 0 1.00 0 0 0 11.27 0.102 0.494 0.498
0.268 2 1 0 0 0.3347 0.3492 0.0689 0.0000 0.0682 -0.0000 0.000000 -1.672088 0.0000 0 0.0000 0  1004 766 680 760 707 765 814 577  1 1 0 0.00 0 0 1.00 0 0 0 11.26 0.103 0.494 0.496
0.271 2 1 0 0 0.3614 0.3684 0.0335 0.0000 0.0692 -0.0000 0.000000 -1.672017 0.0000 0 0.0000 0  1054 731 657 792 694 766 834 577  1 1 0 0.00 0 0 1.00 0 0 0 11.28 0.102 0.498 0.498
0.274 2 1 0 0 0.3939 0.3610 -0.1567 0.0000 0.0706 -0.0000 0.002576 -1.671709 0.0000 0 0.0000 0  1111 741 669 796 714 762 836 594  1 1 0 0.00 0 0 1.00 0 0 0 11.27 0.102 0.495 0.499
0.277 2 1 0 0 0.3547 0.3446 -0.0477 0.0000 0.0714 -0.0000 0.000000 -1.671566 0.0000 0 0.0000 0  1166 722 670 793 703 759 835 558  1 1 0 0.00 0 0 1.00 0 0 0 11.27 0.101 0.494 0.493
0.280 2 1 0 0 0.3609 0.3769 0.0761 0.0000 0.0728 -0.0000 0.002576 -1.671414 0.0000 0 0.0000 0  1198 732 648 780 690 745 832 578  1 1 0 0.00 0 0 1.00 0 0 0 11.27 0.108 0.493 0.493
0.283 2 1 0 0 0.3482 0.3561 0.0373 0.0000 0.0738 -0.0000 0.002576 -1.671336 0.0000 0 0.0000 0  1243 722 631 766 708 723 839 583  1 1 0 0.00 0 0 1.00 0 0 0 11.27 0.101 0.494 0.485
0.286 2 1 0 0 0.3742 0.3783 0.0194 0.0000 0.0749 -0.0000 0.002576 -1.671621 0.0000 0 0.0000 0  1291 792 645 758 739 716 818 599  1 1 0 0.00 0 0 1.00 0 0 0 11.27 0.102 0.495 0.494
0.289 2 1 0 0 0.3746 0.3554 -0.0911 0.0000 0.0760 0.0000 0.002576 -1.671423 0.0000 0 0.0000 0  1343 799 644 746 689 711 814 587  1 1 0 0.00 0 0 1.00 0 0 0 11.27 0.102 0.495 0.496
0.292 2 1 0 0 0.3773 0.3429 -0.1638 0.0000 0.0771 0.0000 0.002576 -1.671263 0.0000 0 0.0000 0  1409 859 676 735 714 716 802 540  1 1 0 0.00 0 0 1.00 0 0 0 11.28 0.102 0.493 0.496
0.295 2 1 0 0 0.3377 0.3365 -0.0056 0.0000 0.0782 0.0000 0.002576 -1.670950 -3.0000 1 -2.6434 1  1470 925 672 743 740 707 796 559  1 1 0 0.35 0 1 1.00 0 0 0 11.27 0.108 0.533 0.495
0.298 2 1 0 0 0.3365 0.3422 0.0274 0.0000 0.0792 0.0000 0.002576 -1.670737 -3.0000 1 -2.5353 1  1543 992 675 742 772 721 794 593  1 1 0 0.44 0 4 1.00 0 0 0 11.27 0.104 0.523 0.533
0.301 2 1 0 0 0.3666 0.3610 -0.0265 0.0000 0.0803 0.0000 0.002576 -1.670469 -3.0000 1 -2.4506 1  1605 1005 673 753 750 741 803 554  1 1 0 0.52 0 5 1.00 0 0 0 11.27 0.108 0.535 0.538
0.304 2 1 0 0 0.3603 0.3688 0.0405 0.0000 0.0814 0.0000 0.002576 -1.670372 -3.0000 1 -2.3698 1  1664 1073 665 764 734 740 795 551  1 1 0 0.60 0 5 1.00 0 0 0 11.27 0.101 0.521 0.532
0.307 2 1 0 0 0.4082 0.3835 -0.1178 0.0000 0.0825 0.0000 0.002576 -1.670078 -3.0000 1 -2.3050 1  1701 1114 703 775 742 711 788 541  1 1 0 2.09 0 5 1.00 0 0 0 11.27 0.108 0.538 0.536
0.310 2 1 0 0 0.3905 0.3609 -0.1412 0.0000 0.0836 0.0000 0.002576 -1.670042 -3.0000 1 -2.2407 1  1726 1178 692 786 722 701 773 548  1 1 0 1.33 0 5 1.00 0 0 0 11.27 0.101 0.533 0.541
0.313 2 1 0 0 0.3573 0.3632 0.0279 0.0000 0.0847 0.0000 0.002576 -1.670043 -3.0000 1 -2.1865 1  1756 1218 726 790 723 707 750 534  1 1 0 1.95 0 5 1.00 0 0 0 11.28 0.108 0.535 0.540
0.316 2 1 0 0 0.3783 0.3794 0.0048 0.0000 0.0857 0.0000 0.002576 -1.670001 -3.0000 1 -2.1000 1  1770 1281 736 800 722 697 744 551  1 1 0 1.74 0 5 1.00 0 0 0 11.27 0.104 0.535 0.538
0.319 2 1 0 0 0.3420 0.3704 0.1353 0.0000 0.0868 0.0000 0.002576 -1.669903 -3.0000 1 -2.0148 1  1788 1342 800 792 723 690 745 497  1 1 0 2.65 0 5 1.00 0 0 0 11.28 0.109 0.539 0.931
0.322 2 1 0 0 0.3927 0.3627 -0.1428 0.0000 0.0879 0.0000 0.002576 -1.669744 -3.0000 1 -1.8662 1  1801 1430 850 786 737 703 756 515  1 1 0 2.52 0 5 1.00 0 0 0 11.28 0.101 0.535 0.537
0.325 2 1 0 0 0.3484 0.3436 -0.0233 0.0000 0.0890 0.0000 0.002576 -1.669683 -3.0000 1 -1.7774 1  1816 1491 874 776 728 707 756 574  1 1 0 3.53 0 5 1.00 0 0 0 11.27 0.109 0.538 0.543
0.328 2 1 0 0 0.3389 0.3502 0.0536 0.0000 0.0901 0.0000 0.002576 -1.669737 -3.0000 1 -1.7100 1  1816 1546 920 760 717 683 757 518  1 1 0 1.94 0 5 1.00 0 0 0 11.28 0.104 0.535 0.539
0.331 2 1 0 0 0.3257 0.3324 0.0321 0.0000 0.0911 0.0000 0.002576 -1.669750 -3.0000 1 -1.6524 1  1823 1582 960 759 711 681 743 503  1 1 0 2.56 0 5 1.00 0 0 0 11.28 0.101 0.536 0.541
0.334 2 1 0 0 0.4065 0.4034 -0.0146 0.0000 0.0922 0.0000 0.002576 -1.669755 -3.0000 1 -1.5926 1  1815 1619 1008 763 715 675 748 523  1 1 0 1.96 0 5 1.00 0 0 0 11.28 0.104 0.535 0.539
0.337 2 1 0 0 0.3715 0.3014 -0.3340 0.0000 0.0933 0.0000 0.002576 -1.669665 -3.0000 1 -1.5499 1  1817 1636 1053 779 716 665 758 513  1 1 0 2.42 0 5 1.00 0 0 0 11.28 0.101 0.533 0.541
0.340 2 1 0 0 0.3701 0.3573 -0.0610 0.0000 0.0947 0.0000 0.000000 -1.669667 -3.0000 1 -1.5221 1  1814 1648 1082 794 715 644 763 518  1 1 0 1.71 0 5 1.00 0 0 0 11.28 0.101 0.501 0.541
0.343 2 1 0 0 0.3669 0.3390 -0.1330 0.0000 0.0957 0.0000 0.000000 -1.669602 -3.0000 1 -1.4781 1  1812 1656 1112 801 722 655 765 522  1 1 0 2.19 0 5 1.00 0 0 0 11.28 0.104 0.502 0.542
0.346 2 1 0 0 0.3657 0.3609 -0.0228 0.0000 0.0968 0.0000 0.000000 -1.669593 -3.0000 1 -1.4078 1  1816 1675 1173 822 707 669 771 534  1 1 0 2.25 0 5 1.00 0 0 0 11.28 0.108 0.502 0.540
0.349 2 1 0 0 0.3338 0.3586 0.1178 0.0000 0.0979 0.0000 0.000000 -1.669553 -3.0000 1 -1.3743 1  1827 1686 1187 841 712 640 760 520  1 1 0 2.62 0 5 1.00 0 0 0 11.28 0.110 0.516 0.540
0.352 2 1 0 0 0.3611 0.3774 0.0777 0.0000 0.0990 0.0000 0.000000 -1.669462 -3.0000 1 -1.2560 1  1828 1699 1283 870 703 673 751 500  1 1 0 2.88 0 5 1.00 0 0 0 11.28 0.103 0.501 0.541
0.355 2 1 0 0 0.3409 0.3401 -0.0038 0.0000 0.0998 0.0000 0.002576 -1.669410 -3.0000 1 -1.1245 1  1822 1712 1351 915 704 661 756 513  1 1 0 4.31 0 5 1.00 0 0 0 11.28 0.108 0.536 0.541
0.358 2 1 0 0 0.3443 0.3552 0.0519 0.0000 0.1009 0.0000 0.002576 -1.669354 -3.0000 1 -1.0555 1  1851 1720 1391 963 702 663 760 536  1 1 0 2.38 0 5 1.00 0 0 0 11.28 0.109 0.538 0.543
0.361 2 1 0 0 0.3472 0.3410 -0.0296 0.0000 0.1020 0.0000 0.002576 -1.669354 -3.0000 1 -0.9725 1  1827 1718 1463 1015 709 671 753 515  1 1 0 3.28 0 5 1.00 0 0 0 11.28 0.104 0.536 0.542
0.364 2 1 0 0 0.3916 0.3442 -0.2257 0.0000 0.1030 0.0001 0.002576 -1.669235 -3.0000 1 -0.9286 1  1827 1714 1477 1071 700 655 758 536  1 1 0 2.25 0 5 1.00 0 0 0 11.29 0.104 0.535 0.542
0.367 2 1 0 0 0.3533 0.3419 -0.0544 0.0000 0.1041 0.0001 0.002576 -1.669200 -3.0000 1 -0.8980 1  1836 1718 1481 1130 706 635 756 535  1 1 0 2.59 0 5 1.00 0 0 0 11.27 0.104 0.536 0.543
0.370 2 1 0 0 0.3485 0.3472 -0.0063 0.0000 0.1052 0.0001 0.002576 -1.669174 -3.0000 1 -0.8639 1  1803 1718 1495 1187 713 649 754 517  1 1 0 2.29 0 5 1.00 0 0 0 11.28 0.106 0.535 0.541
0.373 2 1 0 0 0.3526 0.3471 -0.0259 0.0000 0.1063 0.0001 0.002576 -1.669173 -3.0000 1 -0.8046 1  1785 1715 1523 1232 728 640 750 535  1 1 0 2.98 0 5 1.00 0 0 0 11.28 0.109 0.538 0.538
0.376 2 1 0 0 0.3307 0.3530 0.1065 0.0000 0.1074 0.0001 0.002576 -1.669296 -3.0000 1 -0.7795 1  1754 1723 1503 1277 748 666 733 543  1 1 0 2.34 0 5 1.00 0 0 0 11.28 0.109 0.539 0.536
0.379 2 1 0 0 0.3721 0.3567 -0.0732 0.0000 0.1085 0.0001 0.002576 -1.669309 -3.0000 1 -0.7242 1  1718 1706 1529 1335 772 644 732 541  1 1 0 2.95 0 5 1.00 0 0 0 11.28 0.104 0.538 0.540
0.382 2 1 0 0 0.3203 0.3311 0.0512 0.0000 0.1095 0.0001 0.002576 -1.669331 -3.0000 1 -0.6624 1  1664 1699 1535 1391 802 681 743 541  1 1 0 2.83 0 5 1.00 0 0 0 11.28 0.109 0.541 0.540
0.385 2 1 0 0 0.3043 0.3256 0.1017 0.0000 0.1106 0.0001 0.002576 -1.669402 -3.0000 1 -0.5492 1  1631 1697 1526 1478 830 672 760 560  1 1 0 4.04 0 5 1.00 0 0 0 11.27 0.110 0.542 0.538
0.388 2 1 0 0 0.3675 0.3474 -0.0958 0.0000 0.1117 0.0001 0.002576 -1.669437 -3.0000 1 -0.4234 1  1549 1692 1546 1521 876 680 769 546  1 1 0 2.84 0 5 1.00 0 0 0 11.27 0.108 0.542 0.544
0.391 2 1 0 0 0.3481 0.3434 -0.0222 0.0000 0.1125 0.0001 0.000000 -1.669381 -2.9157 1 -0.3210 1  1502 1691 1539 1591 917 675 767 549  1 1 0 3.07 0 5 1.00 0 0 0 11.27 0.109 0.542 0.546
0.394 2 1 0 0 0.3931 0.3701 -0.1096 0.0000 0.1136 0.0001 0.000000 -1.669502 -2.7996 1 -0.2532 1  1474 1695 1563 1637 975 688 757 540  1 1 0 2.25 0 5 1.00 0 0 0 11.28 0.109 0.531 0.545
0.397 2 1 0 0 0.3539 0.3253 -0.1363 0.0000 0.1147 0.0001 0.000000 -1.669524 -2.6561 1 -0.1794 1  1419 1702 1569 1689 1035 657 749 540  1 1 0 1.47 0 5 1.00 0 0 0 11.27 0.109 0.544 0.993
0.400 2 1 0 0 0.3565 0.3665 0.0476 0.0000 0.1158 0.0001 0.000000 -1.669651 -2.5707 1 -0.1230 1  1381 1693 1583 1711 1092 683 733 538  1 1 0 2.24 0 5 1.00 0 0 0 11.28 0.109 0.541 0.532
0.403 2 1 0 0 0.3179 0.3413 0.1116 0.0000 0.1168 0.0001 0.000000 -1.669943 -2.4783 1 -0.0671 1  1315 1677 1551 1742 1144 684 713 548  1 1 0 1.83 0 5 1.00 0 0 0 11.27 0.106 0.511 0.550
0.406 2 1 0 0 0.3764 0.3764 -0.0001 0.0000 0.1179 0.0001 0.000000 -1.670117 -2.3783 1 -0.0211 1  1251 1639 1554 1737 1203 676 708 550  1 1 0 1.23 0 5 1.00 0 0 0 11.28 0.106 0.511 0.545
0.409 2 1 0 0 0.3372 0.3375 0.0014 0.0000 0.1190 0.0001 0.000000 -1.670124 -2.3046 1 0.0393 1  1202 1604 1549 1758 1245 739 723 537  1 1 0 2.09 0 5 1.00 0 0 0 11.28 0.109 0.512 0.545
0.412 2 1 0 0 0.3618 0.3609 -0.0043 0.0000 0.1201 0.0001 0.000000 -1.670011 -2.2259 1 0.1304 1  1146 1550 1557 1770 1315 778 730 538  1 1 0 2.22 0 5 1.00 0 0 0 11.28 0.109 0.512 0.543
0.415 2 1 0 0 0.3363 0.3458 0.0451 0.0000 0.1209 0.0001 0.002576 -1.669856 -2.1343 1 0.2534 1  1091 1504 1557 1797 1374 838 725 532  1 1 0 2.61 0 5 1.00 0 0 0 11.28 0.109 0.542 0.515
0.418 2 1 0 0 0.3337 0.3797 0.2190 0.0000 0.1220 0.0001 0.002576 -1.669960 -2.0428 1 0.3950 1  1035 1447 1561 1805 1438 888 729 522  1 1 0 3.21 0 5 1.00 0 0 0 11.26 0.106 0.538 0.516
0.421 2 1 0 0 0.3412 0.3265 -0.0701 0.0000 0.1231 0.0001 0.002576 -1.670197 -1.9602 1 0.4768 1  976 1404 1564 1813 1488 912 752 515  1 1 0 2.45 0 5 1.00 0 0 0 11.28 0.109 0.543 0.544
0.424 2 1 0 0 0.3427 0.3229 -0.0939 0.0000 0.1239 0.0001 0.000000 -1.670428 -1.8743 1 0.5560 1  928 1353 1601 1812 1539 966 741 495  1 1 0 2.39 0 5 1.00 0 0 0 11.27 0.108 0.545 0.544
0.427 2 1 0 0 0.3511 0.3407 -0.0496 0.0000 0.1249 0.0001 0.000000 -1.670673 -1.7582 1 0.6138 1  863 1305 1561 1820 1577 996 716 492  1 1 0 1.99 0 5 1.00 0 0 0 11.28 0.110 0.548 0.546
0.430 2 1 0 0 0.3483 0.3158 -0.1551 0.0000 0.1260 0.0001 0.000000 -1.670854 -1.6572 1 0.6601 1  842 1245 1549 1820 1606 1020 746 488  1 1 0 1.39 0 5 1.00 0 0 0 11.28 0.108 0.543 0.550
0.433 2 1 0 0 0.3564 0.3319 -0.1167 0.0000 0.1271 0.0001 0.000000 -1.670996 -1.5708 1 0.7153 1  816 1186 1520 1829 1634 1072 756 485  1 1 0 2.17 0 5 1.00 0 0 0 11.28 0.108 0.513 0.546
0.436 2 1 0 0 0.3459 0.3223 -0.1124 0.0000 0.1282 0.0001 0.000000 -1.671026 -1.4902 1 0.7651 1  809 1131 1491 1845 1649 1116 773 485  1 1 0 1.82 0 5 1.00 0 0 0 11.28 0.108 0.514 0.545
0.439 2 1 0 0 0.3363 0.3296 -0.0323 0.0000 0.1293 0.0001 0.000000 -1.670975 -1.4227 1 0.8369 1  824 1083 1464 1833 1668 1187 810 474  1 1 0 2.40 0 5 1.00 0 0 0 11.29 0.108 0.513 0.545
0.442 2 1 0 0 0.3207 0.3281 0.0355 0.0000 0.1301 0.0001 0.002576 -1.670962 -1.3607 1 0.9305 1  825 1034 1431 1848 1686 1249 868 481  1 1 0 2.76 0 5 1.00 0 0 0 11.28 0.108 0.543 0.516
0.445 2 1 0 0 0.3276 0.3351 0.0357 0.0000 0.1312 0.0001 0.002576 -1.670999 -1.2899 1 1.0419 1  823 984 1386 1853 1704 1295 886 471  1 1 0 2.38 0 5 1.00 0 0 0 11.28 0.104 0.543 0.519
0.448 2 1 0 0 0.3414 0.3281 -0.0634 0.0000 0.1320 0.0001 0.000000 -1.671035 -1.2170 1 1.1879 1  796 914 1338 1854 1725 1366 911 473  1 1 0 3.17 0 5 1.00 0 0 0 11.28 0.104 0.513 0.518
0.451 2 1 0 0 0.3183 0.3606 0.2014 0.0000 0.1331 0.0001 0.000000 -1.671001 -1.1399 1 1.2380 1  817 868 1296 1836 1732 1403 959 472  1 1 0 2.88 0 5 1.00 0 0 0 11.28 0.108 0.545 0.546
0.454 2 1 0 0 0.3528 0.3374 -0.0733 0.0000 0.1341 0.0001 0.000000 -1.670910 -1.0289 1 1.2990 1  816 814 1248 1840 1727 1444 990 481  1 1 0 1.81 0 5 1.00 0 0 0 11.28 0.108 0.546 0.551
0.457 2 1 0 0 0.3455 0.3559 0.0497 0.0000 0.1352 0.0001 0.000000 -1.670830 -0.9646 1 1.3659 1  815 779 1218 1857 1732 1485 1050 484  1 1 0 1.85 0 5 1.00 0 0 0 11.28 0.108 0.541 0.545
0.460 2 1 0 0 0.3242 0.3067 -0.0830 0.0000 0.1363 0.0001 0.000000 -1.670687 -0.9219 1 1.3949 1  825 752 1187 1855 1737 1490 1069 493  1 1 0 2.18 0 5 1.00 0 0 0 11.29 0.107 0.515 0.549
0.463 2 1 0 0 0.3568 0.3501 -0.0315 0.0000 0.1374 0.0001 0.000000 -1.670629 -0.8890 1 1.4143 1  805 732 1158 1855 1735 1499 1053 504  1 1 0 2.02 0 5 1.00 0 0 0 11.28 0.104 0.514 0.519
0.466 2 1 0 0 0.3328 0.3389 0.0292 0.0000 0.1382 0.0001 0.002576 -1.670622 -0.8348 1 1.4459 1  758 717 1126 1813 1734 1509 1109 516  1 1 0 2.04 0 5 1.00 0 0 0 11.29 0.109 0.546 0.519
0.469 2 1 0 0 0.3237 0.3608 0.1768 0.0000 0.1393 0.0001 0.002576 -1.670657 -0.7743 1 1.5111 1  756 726 1086 1773 1728 1525 1222 535  1 1 0 2.09 0 5 1.00 0 0 0 11.28 0.111 0.544 0.519
0.472 2 1 0 0 0.3353 0.3290 -0.0301 0.0000 0.1401 0.0001 0.000000 -1.670700 -0.7452 1 1.5714 1  761 739 1048 1791 1726 1532 1247 561  1 1 0 2.57 0 5 1.00 0 0 0 11.28 0.104 0.546 0.549
0.475 2 1 0 0 0.3339 0.3072 -0.1275 0.0000 0.1412 0.0001 0.000000 -1.670678 -0.6870 1 1.6631 1  762 765 997 1749 1726 1548 1298 589  1 1 0 2.94 0 5 1.00 0 0 0 11.28 0.106 0.513 0.899
0.478 2 1 0 0 0.3335 0.3238 -0.0465 0.0000 0.1423 0.0001 0.000000 -1.670698 -0.6364 1 1.7516 1  794 766 964 1716 1721 1564 1345 607  1 1 0 2.77 0 5 1.00 0 0 0 11.27 0.108 0.514 0.511
0.481 2 1 0 0 0.3354 0.3083 -0.1291 0.0000 0.1433 0.0001 0.000000 -1.670645 -0.5890 1 1.9156 1  810 778 925 1684 1732 1582 1421 627  1 1 0 4.02 0 5 1.00 0 0 0 11.29 0.111 0.520 0.522
0.484 2 1 0 0 0.3542 0.3732 0.0903 0.0000 0.1442 0.0001 0.002576 -1.670588 -0.5282 1 1.9625 1  810 786 896 1613 1724 1594 1454 652  1 1 0 2.33 0 5 1.00 0 0 0 11.28 0.103 0.542 0.516
0.487 2 1 0 0 0.3192 0.3209 0.0084 0.0000 0.1450 0.0001 0.000000 -1.670608 -0.4616 1 2.0211 1  844 790 860 1563 1720 1589 1499 678  1 1 0 2.24 0 5 1.00 0 0 0 11.28 0.104 0.513 0.516
0.490 2 1 0 0 0.3462 0.3360 -0.0484 0.0000 0.1460 0.0001 0.000000 -1.670705 -0.4007 1 2.0664 1  844 806 835 1520 1720 1605 1524 705  1 1 0 2.09 0 5 1.00 0 0 0 11.27 0.108 0.543 0.546
0.493 2 1 0 0 0.3024 0.3304 0.1334 0.0000 0.1471 0.0001 0.000000 -1.670841 -0.2546 1 2.0858 1  816 811 818 1431 1701 1604 1532 731  1 1 0 1.06 0 5 1.00 0 0 0 11.28 0.108 0.515 0.516
0.496 2 1 0 0 0.3298 0.3670 0.1771 0.0000 0.1482 0.0001 0.000000 -1.670935 -0.1682 1 2.1245 1  822 827 800 1393 1688 1607 1572 754  1 1 0 0.52 0 5 1.00 0 0 0 11.28 0.104 0.514 0.519
0.499 2 1 0 0 0.3281 0.3157 -0.0591 0.0000 0.1490 0.0001 0.002576 -1.670978 -0.1353 1 2.1858 1  855 808 789 1384 1675 1605 1608 790  1 1 0 2.54 0 5 1.00 0 0 0 11.28 0.108 0.545 0.519
0.502 2 1 0 0 0.3239 0.3120 -0.0568 0.0000 0.1498 0.0001 0.000000 -1.670992 -0.0636 1 2.2127 1  834 816 776 1311 1653 1595 1611 826  1 1 0 2.03 0 5 1.00 0 0 0 11.28 0.103 0.513 0.520
0.505 2 1 0 0 0.3300 0.3280 -0.0092 0.0000 0.1509 0.0001 0.000000 -1.671006 -0.0049 1 2.2504 1  836 833 769 1258 1632 1590 1604 864  1 1 0 2.10 0 5 1.00 0 0 0 11.29 0.109 0.547 0.545
0.508 2 1 0 0 0.3363 0.2974 -0.1852 0.0000 0.1520 0.0001 0.000000 -1.670995 0.0582 1 2.3058 1  799 833 767 1202 1608 1592 1609 900  1 1 0 2.04 0 5 1.00 0 0 0 11.28 0.103 0.513 0.516
0.511 2 1 0 0 0.3436 0.3133 -0.1442 0.0000 0.1531 0.0001 0.000000 -1.670990 0.1030 1 2.3574 1  806 855 769 1146 1595 1585 1610 938  1 1 0 2.31 0 5 1.00 0 0 0 11.29 0.104 0.514 0.544
0.514 2 1 0 0 0.3326 0.3008 -0.1512 0.0000 0.1539 0.0001 -0.002576 -1.670999 0.1503 1 2.4203 1  791 846 757 1096 1555 1565 1579 974  1 1 0 2.50 0 5 1.00 0 0 0 11.29 0.104 0.543 0.518
0.517 2 1 0 0 0.3448 0.3438 -0.0051 0.0000 0.1547 0.0001 0.000000 -1.671048 0.2166 1 2.5274 1  796 836 743 1016 1516 1555 1601 1014  1 1 0 2.50 0 5 1.00 0 0 0 11.29 0.104 0.513 0.518
0.520 2 1 0 0 0.2913 0.3285 0.1774 0.0000 0.1558 0.0001 0.000000 -1.671064 0.2720 1 2.7226 1  764 840 719 926 1475 1541 1565 1059  1 1 0 4.03 0 5 1.00 0 0 0 11.29 0.108 0.515 0.519
0.523 2 1 0 0 0.3047 0.3567 0.2479 0.0000 0.1569 0.0001 0.000000 -1.671060 0.3267 1 2.9937 1  780 831 706 890 1432 1526 1623 1092  1 1 0 6.40 3 5 1.00 0 0 0 11.28 0.109 0.516 0.519
0.526 2 1 0 0 0.3233 0.3157 -0.0361 0.0000 0.1579 0.0001 0.000000 -1.670993 0.3746 1 3.0000 1  798 811 687 849 1379 1511 1628 1129  1 1 0 2.17 0 5 1.00 0 0 0 11.29 0.109 0.518 0.519
0.529 2 1 0 0 0.3303 0.3482 0.0852 0.0000 0.1588 0.0001 0.002576 -1.670931 0.5291 1 3.0000 1  773 782 680 795 1341 1492 1616 1144  1 1 0 0.49 0 5 1.00 0 0 0 11.29 0.111 0.546 0.518
0.532 2 1 0 0 0.3268 0.3283 0.0072 0.0000 0.1596 0.0001 0.000000 -1.670933 0.6518 1 3.0000 1  788 758 665 778 1291 1481 1591 1168  1 1 0 1.54 0 5 1.00 0 0 0 11.28 0.103 0.512 0.520
0.535 2 1 0 0 0.3388 0.3273 -0.0550 0.0000 0.1606 0.0001 0.000000 -1.670935 0.7541 1 3.0000 1  781 735 668 779 1244 1455 1615 1177  1 1 0 0.40 0 5 1.00 0 0 0 11.29 0.103 0.543 0.547
0.538 2 1 0 0 0.3318 0.2959 -0.1711 0.0000 0.1617 0.0001 0.000000 -1.670960 0.8348 1 3.0000 1  763 699 671 772 1207 1433 1604 1193  1 1 0 1.70 0 5 1.00 0 0 0 11.29 0.103 0.512 0.520
0.541 2 1 0 0 0.3113 0.2884 -0.1091 0.0000 0.1625 0.0001 -0.002576 -1.670963 0.9166 1 3.0000 1  716 667 660 763 1147 1408 1594 1226  1 1 0 0.80 0 5 1.00 0 0 0 11.29 0.103 0.540 0.516
0.544 2 1 0 0 0.3276 0.3318 0.0198 0.0000 0.1634 0.0001 0.000000 -1.670946 0.9834 1 3.0000 1  702 666 657 773 1123 1381 1573 1199  1 1 0 1.80 0 5 1.00 0 0 0 11.28 0.103 0.511 0.514
0.547 2 1 0 0 0.2909 0.3275 0.1744 0.0000 0.1644 0.0001 0.000000 -1.670971 1.0629 1 3.0000 1  678 695 658 765 1068 1342 1567 1221  1 1 0 0.96 0 5 1.00 0 0 0 11.29 0.104 0.511 0.515
0.550 2 1 0 0 0.3392 0.3527 0.0645 0.0000 0.1655 0.0001 0.000000 -1.671005 1.1329 1 3.0000 1  658 651 654 767 1037 1314 1600 1214  1 1 0 0.17 0 5 1.00 0 0 0 11.29 0.103 0.511 0.512
0.553 2 1 0 0 0.3122 0.3015 -0.0510 0.0000 0.1666 0.0001 0.000000 -1.671023 1.2691 1 3.0000 1  644 669 650 759 978 1274 1568 1257  1 1 0 0.32 0 5 1.00 0 0 0 11.29 0.109 0.513 0.920
0.556 2 1 0 0 0.3217 0.3020 -0.0939 0.0000 0.1671 0.0001 0.000000 -1.671080 1.3684 1 3.0000 1  641 687 641 766 917 1240 1553 1260  1 1 0 -0.77 0 5 1.00 0 0 0 11.29 0.104 0.513 0.514
0.559 2 1 0 0 0.3178 0.3153 -0.0117 0.0000 0.1682 0.0001 0.000000 -1.671125 1.4359 1 3.0000 1  637 695 643 772 901 1211 1554 1270  1 1 0 1.19 0 5 1.00 0 0 0 11.28 0.103 0.505 0.514
0.562 2 1 0 0 0.3257 0.2998 -0.1233 0.0000 0.1693 0.0001 0.000000 -1.671177 1.4564 1 3.0000 1  651 657 639 812 867 1184 1590 1242  1 1 0 0.97 0 5 1.00 0 0 0 11.29 0.103 0.511 0.514
0.565 2 1 0 0 0.3329 0.3566 0.1128 0.0000 0.1704 0.0001 0.000000 -1.671189 1.4943 1 3.0000 1  662 661 635 790 833 1158 1581 1259  1 1 0 1.28 0 5 1.00 0 0 0 11.29 0.107 0.506 0.506
0.568 2 1 0 0 0.3037 0.3011 -0.0123 0.0000 0.1709 0.0001 0.000000 -1.671177 1.5338 1 3.0000 1  671 648 640 787 806 1127 1568 1268  1 1 0 0.84 0 5 1.00 0 0 0 11.28 0.104 0.506 0.515
0.571 2 1 0 0 0.3200 0.3107 -0.0445 0.0000 0.1720 0.0001 0.000000 -1.671162 1.5699 1 3.0000 1  681 663 642 780 778 1093 1567 1269  1 1 0 0.44 0 5 1.00 0 0 0 11.29 0.104 0.539 0.546
0.574 2 1 0 0 0.2872 0.3139 0.1270 0.0000 0.1731 0.0001 0.000000 -1.671201 1.6061 1 3.0000 1  698 667 639 783 758 1063 1558 1241  1 1 0 1.03 0 5 1.00 0 0 0 11.29 0.107 0.511 0.505
0.577 2 1 0 0 0.3219 0.3524 0.1454 0.0000 0.1742 0.0001 0.000000 -1.671218 1.6454 1 3.0000 1  716 669 638 780 745 1019 1541 1274  1 1 0 0.59 0 5 1.00 0 0 0 11.28 0.103 0.512 0.512
0.580 2 1 0 0 0.3213 0.3144 -0.0328 0.0000 0.1747 0.0001 0.000000 -1.671254 1.7029 1 3.0000 1  727 672 640 778 701 972 1505 1244  1 1 0 0.71 0 5 1.00 0 0 0 11.28 0.104 0.506 0.514
0.583 2 1 0 0 0.3158 0.2998 -0.0763 0.0000 0.1758 0.0001 0.000000 -1.671227 1.7591 1 3.0000 1  729 731 650 777 754 919 1479 1237  1 1 0 0.09 0 5 1.00 0 0 0 11.28 0.109 0.513 0.515
0.586 2 1 0 0 0.3210 0.3208 -0.0006 0.0000 0.1769 0.0001 0.000000 -1.671253 1.8139 1 3.0000 1  730 685 659 782 728 871 1437 1206  1 1 0 0.89 0 5 1.00 0 0 0 11.29 0.104 0.512 0.506
0.589 2 1 0 0 0.3250 0.3066 -0.0875 0.0000 0.1777 0.0001 -0.002576 -1.671301 1.8820 1 3.0000 1  732 714 664 785 725 820 1387 1210  1 1 0 0.14 0 5 1.00 0 0 0 11.28 0.104 0.539 0.516
0.592 2 1 0 0 0.3251 0.3374 0.0589 0.0000 0.1785 0.0001 0.000000 -1.671360 1.9626 1 3.0000 1  742 685 672 790 714 776 1359 1231  1 1 0 0.73 0 5 1.00 0 0 0 11.28 0.104 0.511 0.514
0.595 2 1 0 0 0.3117 0.2960 -0.0748 0.0000 0.1796 0.0001 0.000000 -1.671409 2.0524 1 3.0000 1  744 659 670 792 681 731 1322 1187  1 1 0 -0.25 0 5 1.00 0 0 0 11.29 0.104 0.541 0.546
0.598 2 1 0 0 0.3316 0.3372 0.0266 0.0000 0.1807 0.0001 0.000000 -1.671473 2.1257 1 3.0000 1  746 652 686 792 721 692 1276 1207  1 1 0 -1.06 0 5 1.00 0 0 0 11.28 0.103 0.511 0.546
0.601 2 1 0 0 0.2923 0.3086 0.0776 0.0000 0.1815 0.0001 -0.002576 -1.671527 2.1763 1 3.0000 1  733 690 681 791 715 668 1251 1208  1 1 0 0.30 0 5 1.00 0 0 0 11.29 0.110 0.541 0.513
0.604 2 1 0 0 0.3122 0.3055 -0.0317 0.0000 0.1823 0.0001 0.000000 -1.671566 2.2213 1 3.0000 1  720 712 675 801 703 654 1198 1220  1 1 0 -0.23 0 5 1.00 0 0 0 11.28 0.103 0.503 0.522
0.607 2 1 0 0 0.3189 0.3125 -0.0308 0.0000 0.1834 0.0001 0.000000 -1.671596 2.2971 1 3.0000 1  703 693 670 799 717 639 1165 1169  1 1 0 0.14 0 5 1.00 0 0 0 11.28 0.108 0.505 0.514
0.610 2 1 0 0 0.3105 0.3045 -0.0287 0.0000 0.1844 0.0001 0.000000 -1.671641 2.3174 1 3.0000 1  688 688 670 796 736 638 1120 1195  1 1 0 -0.09 0 5 1.00 0 0 0 11.28 0.109 0.508 0.543
0.613 2 1 0 0 0.2808 0.3300 0.2345 0.0000 0.1850 0.0001 0.000000 -1.671683 2.3743 1 3.0000 1  683 681 671 790 726 639 1075 1157  1 1 0 0.33 0 5 1.00 0 0 0 11.29 0.110 0.519 0.513
0.616 2 1 0 0 0.3215 0.3096 -0.0565 0.0000 0.1861 0.0001 0.000000 -1.671777 2.4329 1 3.0000 1  679 699 650 786 729 632 1022 1132  1 1 0 -0.32 0 5 1.00 0 0 0 11.28 0.104 0.504 0.519
0.619 2 1 0 0 0.3282 0.3305 0.0107 0.0000 0.1872 0.0001 0.000000 -1.671853 2.5061 1 3.0000 1  687 687 653 775 721 629 977 1094  1 1 0 -1.13 0 5 1.00 0 0 0 11.28 0.108 0.508 0.515
0.622 2 1 0 0 0.3029 0.2919 -0.0527 0.0000 0.1880 0.0001 -0.002576 -1.671935 2.5872 1 3.0000 1  687 683 652 767 689 619 930 1062  1 1 0 -0.46 0 5 1.00 0 0 0 11.28 0.106 0.539 0.542
0.625 2 1 0 0 0.3034 0.2986 -0.0229 0.0000 0.1888 0.0001 0.000000 -1.671963 2.6516 1 3.0000 1  684 734 644 765 710 613 893 1027  1 1 0 -1.15 0 5 1.00 0 0 0 11.28 0.104 0.499 0.514
0.628 2 1 0 0 0.2966 0.3244 0.1326 0.0000 0.1899 0.0001 0.000000 -1.671960 0.0000 0 0.0000 0  695 713 648 756 701 615 855 1000  1 1 0 0.00 0 2 1.00 0 0 0 11.28 0.103 0.462 0.465
0.631 2 1 0 0 0.3164 0.3096 -0.0323 0.0000 0.1909 0.0001 0.000000 -1.671973 0.0000 0 0.0000 0  702 703 644 755 671 619 823 937  1 1 0 0.00 0 0 1.00 0 0 0 11.28 0.104 0.461 0.461
0.634 2 1 0 0 0.3183 0.3023 -0.0763 0.0000 0.1920 0.0001 0.000000 -1.671969 0.0000 0 0.0000 0  709 721 640 754 682 620 804 923  1 1 0 0.00 0 0 1.00 0 0 0 11.29 0.106 0.463 0.465
0.637 2 1 0 0 0.2873 0.2854 -0.0091 0.0000 0.1926 0.0001 0.000000 -1.671998 0.0000 0 0.0000 0  705 740 633 753 692 630 794 943  1 1 0 0.00 0 0 1.00 0 0 0 11.28 0.104 0.460 0.466
0.640 2 1 0 0 0.2762 0.3279 0.2459 0.0000 0.1936 0.0001 0.000000 -1.672063 0.0000 0 0.0000 0  705 738 661 749 698 640 781 927  1 1 0 0.00 0 0 1.00 0 0 0 11.28 0.108 0.462 0.463
0.643 2 1 0 0 0.2789 0.3061 0.1296 0.0000 0.1945 0.0001 0.002576 -1.672140 0.0000 0 0.0000 0  693 742 649 747 645 665 779 902  1 1 0 0.00 0 0 1.00 0 0 0 11.28 0.109 0.493 0.465
0.646 2 1 0 0 0.3099 0.2853 -0.1174 0.0000 0.1953 0.0001 0.000000 -1.672187 0.0000 0 0.0000 0  690 723 645 755 657 636 766 880  1 1 0 0.00 0 0 1.00 0 0 0 11.28 0.103 0.492 0.492
0.649 2 1 0 0 0.3271 0.3313 0.0201 0.0000 0.1964 0.0001 0.000000 -1.672281 0.0000 0 0.0000 0  674 767 649 752 695 648 762 860  1 1 0 0.00 0 0 1.00 0 0 0 11.28 0.104 0.462 0.463
0.652 2 1 0 0 0.3074 0.2636 -0.2086 0.0000 0.1969 0.0001 0.000000 -1.672419 0.0000 0 0.0000 0  667 736 646 751 694 671 750 878  1 1 0 0.00 0 0 1.00 0 0 0 11.28 0.103 0.463 0.494
0.655 2 1 0 0 0.3249 0.3112 -0.0649 0.0000 0.1980 0.0001 0.000000 -1.672524 0.0000 0 0.0000 0  667 714 646 746 682 662 749 794  1 1 0 0.00 0 0 1.00 0 0 0 11.28 0.103 0.458 0.465
0.658 2 1 0 0 0.2822 0.3092 0.1286 0.0000 0.1991 0.0001 0.000000 -1.672707 0.0000 0 0.0000 0  665 717 651 742 684 653 739 784  1 1 0 0.00 0 0 1.00 0 0 0 11.28 0.109 0.463 0.464
0.661 2 1 0 0 0.2853 0.3426 0.2728 0.0000 0.1999 0.0001 0.002576 -1.672781 0.0000 0 0.0000 0  664 721 622 725 700 641 744 748  1 1 0 0.00 0 0 1.00 0 0 0 11.28 0.109 0.494 0.854
0.664 2 1 0 0 0.2841 0.3050 0.0996 0.0000 0.2007 0.0001 0.000000 -1.672882 0.0000 0 0.0000 0  675 704 639 722 697 654 745 731  1 1 0 0.00 0 0 1.00 0 0 0 11.28 0.108 0.492 0.495
0.667 2 1 0 0 0.2688 0.2848 0.0763 0.0000 0.2015 0.0001 0.002576 -1.672926 0.0000 0 0.0000 0  673 717 620 722 700 659 747 697  1 1 0 0.00 0 0 1.00 0 0 0 11.28 0.103 0.493 0.503
0.670 2 1 0 0 0.3326 0.3021 -0.1451 0.0000 0.2026 0.0001 0.002576 -1.673018 0.0000 0 0.0000 0  683 713 580 725 699 670 739 670  1 1 0 0.00 0 0 1.00 0 0 0 11.28 0.109 0.495 0.495
0.673 2 1 0 0 0.2769 0.2937 0.0799 0.0000 0.2034 0.0001 0.000000 -1.673054 0.0000 0 0.0000 0  701 710 650 712 705 656 737 608  1 1 0 0.00 0 0 1.00 0 0 0 11.28 0.108 0.492 0.498
0.676 2 1 0 0 0.2552 0.3218 0.3174 0.0000 0.2042 0.0001 0.002576 -1.673217 0.0000 0 0.0000 0  710 732 627 717 746 664 739 613  1 1 0 0.00 0 0 1.00 0 0 0 11.28 0.108 0.492 0.497
0.679 2 1 0 0 0.2536 0.2895 0.1710 0.0000 0.2053 0.0001 0.002576 -1.673293 0.0000 0 0.0000 0  718 708 626 715 709 646 742 575  1 1 0 0.00 0 0 1.00 0 0 0 11.28 0.111 0.501 0.495
0.682 2 1 0 0 0.2712 0.2885 0.0822 0.0000 0.2058 0.0001 0.002576 -1.673436 0.0000 0 0.0000 0  723 735 611 720 738 652 740 613  1 1 0 0.00 0 0 1.00 0 0 0 11.27 0.104 0.490 0.497
0.685 2 1 0 0 0.3550 0.2946 -0.2878 0.0000 0.2069 0.0001 0.002576 -1.673550 0.0000 0 0.0000 0  741 716 619 722 721 647 742 574  1 1 0 0.00 0 0 1.00 0 0 0 11.28 0.109 0.494 0.498
0.688 2 1 0 0 0.3379 0.2909 -0.2239 0.0000 0.2077 0.0001 0.000000 -1.673705 0.0000 0 0.0000 0  734 722 637 730 725 665 751 571  1 1 0 0.00 0 0 1.00 0 0 0 11.28 0.109 0.493 0.494
0.691 2 1 0 0 0.2767 0.3257 0.2332 0.0000 0.2088 0.0001 0.000000 -1.673669 0.0000 0 0.0000 0  746 707 611 730 726 648 750 570  1 1 0 0.00 0 0 1.00 0 0 0 11.29 0.110 0.496 0.492
0.694 2 1 0 0 0.2700 0.2913 0.1013 0.0000 0.2096 0.0001 0.002576 -1.673496 0.0000 0 0.0000 0  750 710 602 746 751 669 757 592  1 1 0 0.00 0 0 1.00 0 0 0 11.27 0.104 0.491 0.498
0.697 2 1 0 0 0.2750 0.3288 0.2561 0.0000 0.2107 0.0001 0.002576 -1.673397 0.0000 0 0.0000 0  752 705 643 749 735 664 756 557  1 1 0 0.00 0 0 1.00 0 0 0 11.27 0.103 0.494 0.494
0.700 2 1 0 0 0.2778 0.3119 0.1622 0.0000 0.2112 0.0001 0.002576 -1.672963 0.0000 0 0.0000 0  744 706 634 754 737 676 761 565  1 1 0 0.00 0 0 1.00 0 0 0 11.28 0.108 0.493 0.498
0.703 2 1 0 0 0.3504 0.3047 -0.2173 0.0000 0.2123 0.0001 0.002576 -1.672922 0.0000 0 0.0000 0  736 705 622 758 729 673 765 561  1 1 0 0.00 0 0 1.00 0 0 0 11.29 0.108 0.494 0.499
0.706 2 1 0 0 0.2959 0.2717 -0.1152 0.0000 0.2134 0.0001 0.002576 -1.672830 0.0000 0 0.0000 0  741 710 654 775 734 671 762 549  1 1 0 0.00 0 0 1.00 0 0 0 11.29 0.104 0.494 0.494
0.709 2 1 0 0 0.2720 0.2633 -0.0411 0.0000 0.2139 0.0001 0.002576 -1.672780 0.0000 0 0.0000 0  731 712 653 774 722 704 764 561  1 1 0 0.00 0 0 1.00 0 0 0 11.28 0.108 0.491 0.491
0.712 2 1 0 0 0.2491 0.3129 0.3036 0.0000 0.2150 0.0001 0.002576 -1.673119 0.0000 0 0.0000 0  756 720 657 777 750 677 755 564  1 1 0 0.00 0 0 1.00 0 0 0 11.27 0.110 0.499 0.495
0.715 2 1 0 0 0.2997 0.3069 0.0342 0.0000 0.2156 0.0001 0.002576 -1.672976 0.0000 0 0.0000 0  731 722 703 780 733 692 760 563  1 1 0 0.00 0 0 1.00 0 0 0 11.27 0.108 0.480 0.498
0.718 2 1 0 0 0.3144 0.3000 -0.0684 0.0000 0.2166 0.0001 0.002576 -1.673025 0.0000 0 0.0000 0  743 725 688 776 732 653 760 559  1 1 0 0.00 0 0 1.00 0 0 0 11.28 0.108 0.499 0.508
0.721 2 1 0 0 0.3686 0.2867 -0.3900 0.0000 0.2177 0.0001 0.002576 -1.672899 0.0000 0 0.0000 0  732 726 677 793 719 670 753 562  1 1 0 0.00 0 0 1.00 0 0 0 11.28 0.109 0.485 0.495
0.724 2 1 0 0 0.2879 0.2649 -0.1092 0.0000 0.2185 0.0001 0.000000 -1.672749 0.0000 0 0.0000 0  735 716 699 793 722 673 747 564  1 1 0 0.00 0 0 1.00 0 0 0 11.28 0.109 0.493 0.491
0.727 2 1 0 0 0.2724 0.3109 0.1831 0.0000 0.2193 0.0001 0.002576 -1.672935 0.0000 0 0.0000 0  718 718 692 785 720 667 746 545  1 1 0 0.00 0 0 1.00 0 0 0 11.27 0.108 0.493 0.499
0.730 2 1 0 0 0.2822 0.3075 0.1206 0.0000 0.2204 0.0001 0.002576 -1.672730 0.0000 0 0.0000 0  715 720 697 782 725 652 730 574  1 1 0 0.00 0 0 1.00 0 0 0 11.28 0.108 0.494 0.493
0.733 2 1 0 0 0.2860 0.2899 0.0186 0.0000 0.2210 0.0001 0.002576 -1.672761 0.0000 0 0.0000 0  735 740 709 796 724 651 724 542  1 1 0 0.00 0 0 1.00 0 0 0 11.28 0.104 0.493 0.498
0.736 2 1 0 0 0.3704 0.3381 -0.1536 0.0000 0.2220 0.0001 0.002576 -1.672663 0.0000 0 0.0000 0  737 759 688 800 715 664 718 565  1 1 0 0.00 0 0 1.00 0 0 0 11.28 0.109 0.493 0.498
0.739 2 1 0 0 0.3097 0.2450 -0.3078 0.0000 0.2231 0.0001 0.002576 -1.672544 0.0000 0 0.0000 0  745 785 698 790 724 682 720 565  1 1 0 0.00 0 0 1.00 0 0 0 11.28 0.103 0.489 0.879
0.742 2 1 0 0 0.2888 0.3044 0.0739 0.0000 0.2239 0.0001 0.000000 -1.672585 0.0000 0 0.0000 0  757 812 680 802 717 680 720 571  1 1 0 0.00 0 0 1.00 0 0 0 11.27 0.109 0.493 0.492
0.745 2 1 0 0 0.2652 0.3073 0.2009 0.0000 0.2247 0.0001 0.002576 -1.672433 0.0000 0 0.0000 0  749 819 684 786 724 647 726 557  1 1 0 0.00 0 0 1.00 0 0 0 11.27 0.109 0.493 0.498
0.748 2 1 0 0 0.3031 0.3387 0.1698 0.0000 0.2258 0.0001 0.002576 -1.672467 0.0000 0 0.0000 0  755 832 679 799 721 676 729 561  1 1 0 0.00 0 0 1.00 0 0 0 11.27 0.109 0.494 0.494
0.751 2 1 0 0 0.3194 0.3015 -0.0851 0.0000 0.2266 0.0001 0.000000 -1.672439 0.0000 0 0.0000 0  739 832 734 790 732 669 722 549  1 1 0 0.00 0 0 1.00 0 0 0 11.28 0.103 0.493 0.493
0.754 2 1 0 0 0.2963 0.2856 -0.0509 0.0000 0.2275 0.0001 0.002576 -1.672632 0.0000 0 0.0000 0  737 831 715 781 725 672 727 552  1 1 0 0.00 0 0 1.00 0 0 0 11.28 0.108 0.495 0.498
0.757 2 1 0 0 0.3212 0.3099 -0.0536 0.0000 0.2285 0.0001 0.002576 -1.672776 0.0000 0 0.0000 0  742 829 708 782 722 655 727 553  1 1 0 0.00 0 0 1.00 0 0 0 11.28 0.109 0.494 0.495
0.760 2 1 0 0 0.3065 0.2986 -0.0376 0.0000 0.2293 0.0001 0.000000 -1.672862 0.0000 0 0.0000 0  752 831 731 786 726 663 728 548  1 1 0 0.00 0 0 1.00 0 0 0 11.28 0.104 0.491 0.494
0.763 2 1 0 0 0.3065 0.3229 0.0780 0.0000 0.2304 0.0002 0.000000 -1.672804 0.0000 0 0.0000 0  777 826 718 773 722 672 730 548  1 1 0 0.00 0 0 1.00 0 0 0 11.28 0.111 0.464 0.497
0.766 2 1 0 0 0.2958 0.2953 -0.0023 0.0000 0.2312 0.0002 0.002576 -1.672761 0.0000 0 0.0000 0  784 825 712 768 718 648 721 546  1 1 0 0.00 0 0 1.00 0 0 0 11.27 0.104 0.491 0.494
0.769 2 1 0 0 0.2760 0.2986 0.1079 0.0000 0.2321 0.0002 0.000000 -1.672649 0.0000 0 0.0000 0  753 825 730 753 718 648 709 536  1 1 0 0.00 0 0 1.00 0 0 0 11.27 0.109 0.496 0.494
0.772 2 1 0 0 0.3040 0.3068 0.0133 0.0000 0.2329 0.0002 0.002576 -1.672584 0.0000 0 0.0000 0  785 825 712 781 720 609 707 528  1 1 0 0.00 0 0 1.00 0 0 0 11.27 0.103 0.492 0.500
0.775 2 1 0 0 0.3007 0.3012 0.0026 0.0000 0.2339 0.0002 0.002576 -1.672552 0.0000 0 0.0000 0  801 817 713 789 711 640 710 521  1 1 0 0.00 0 0 1.00 0 0 0 11.27 0.108 0.495 0.495
0.778 2 1 0 0 0.2805 0.2878 0.0346 0.0000 0.2350 0.0002 0.002576 -1.672487 0.0000 0 0.0000 0  787 830 727 795 707 634 707 516  1 1 0 0.00 0 0 1.00 0 0 0 11.28 0.108 0.495 0.494
0.781 2 1 0 0 0.2762 0.2806 0.0209 0.0000 0.2356 0.0002 0.002576 -1.672521 0.0000 0 0.0000 0  764 827 728 771 717 634 681 514  1 1 0 0.00 0 0 1.00 0 0 0 11.28 0.104 0.490 0.498
0.784 2 1 0 0 0.2565 0.3189 0.2973 0.0000 0.2366 0.0002 0.002576 -1.672475 0.0000 0 0.0000 0  757 829 740 797 719 647 694 501  1 1 0 0.00 0 0 1.00 0 0 0 11.27 0.110 0.498 0.493
0.787 2 1 0 0 0.2580 0.2996 0.1979 0.0000 0.2375 0.0002 0.005152 -1.672387 0.0000 0 0.0000 0  793 830 733 798 722 638 697 497  1 1 0 0.00 0 0 1.00 0 0 0 11.27 0.103 0.496 0.504
0.790 2 1 0 0 0.3406 0.2995 -0.1955 0.0000 0.2383 0.0002 0.002576 -1.672380 0.0000 0 0.0000 0  796 818 734 799 718 648 702 489  1 1 0 0.00 0 0 1.00 0 0 0 11.28 0.108 0.499 0.500
0.793 2 1 0 0 0.3358 0.2611 -0.3556 0.0000 0.2394 0.0002 0.002576 -1.672357 0.0000 0 0.0000 0  792 823 727 803 716 652 708 489  1 1 0 0.00 0 0 1.00 0 0 0 11.28 0.109 0.494 0.501
0.796 2 1 0 0 0.3215 0.2560 -0.3121 0.0000 0.2399 0.0002 0.002576 -1.672346 0.0000 0 0.0000 0  769 812 729 750 718 651 745 489  1 1 0 0.00 0 0 1.00 0 0 0 11.28 0.108 0.494 0.505
0.799 2 1 0 0 0.2783 0.3142 0.1712 0.0000 0.2410 0.0002 0.002576 -1.672325 0.0000 0 0.0000 0  794 809 740 795 720 664 721 492  1 1 0 0.00 0 0 1.00 0 0 0 11.27 0.104 0.495 0.498
0.802 2 1 0 0 0.2893 0.3080 0.0891 0.0000 0.2421 0.0002 0.002576 -1.672139 0.0000 0 0.0000 0  803 803 702 804 720 666 724 497  1 1 0 0.00 0 0 1.00 0 0 0 11.27 0.110 0.499 0.486
0.805 2 1 0 0 0.2845 0.3033 0.0895 0.0000 0.2426 0.0002 0.002576 -1.672135 0.0000 0 0.0000 0  789 789 693 798 720 643 736 504  1 1 0 0.00 0 0 1.00 0 0 0 11.27 0.109 0.491 0.496
0.808 2 1 0 0 0.3294 0.2944 -0.1663 0.0000 0.2437 0.0002 0.002576 -1.671955 0.0000 0 0.0000 0  828 796 718 815 720 674 733 510  1 1 0 0.00 0 0 1.00 0 0 0 11.28 0.104 0.494 0.488
0.811 2 1 0 0 0.2889 0.2735 -0.0733 0.0000 0.2445 0.0002 0.000000 -1.671960 0.0000 0 0.0000 0  837 796 716 833 723 675 782 516  1 1 0 0.00 0 0 1.00 0 0 0 11.27 0.104 0.484 0.493
0.814 2 1 0 0 0.2903 0.3102 0.0950 0.0000 0.2453 0.0002 0.002576 -1.671991 0.0000 0 0.0000 0  808 786 714 806 714 675 758 524  1 1 0 0.00 0 0 1.00 0 0 0 11.28 0.108 0.492 0.498
0.817 2 1 0 0 0.2836 0.2954 0.0560 0.0000 0.2464 0.0002 0.002576 -1.671977 0.0000 0 0.0000 0  801 786 713 786 726 672 742 511  1 1 0 0.00 0 0 1.00 0 0 0 11.28 0.108 0.494 0.951
0.820 2 1 0 0 0.2590 0.2772 0.0863 0.0000 0.2469 0.0002 0.002576 -1.672192 0.0000 0 0.0000 0  795 787 687 792 725 669 716 515  1 1 0 0.00 0 0 1.00 0 0 0 11.27 0.109 0.493 0.496
0.823 2 1 0 0 0.2963 0.3130 0.0797 0.0000 0.2480 0.0002 0.002576 -1.672282 0.0000 0 0.0000 0  815 786 673 789 724 655 757 509  1 1 0 0.00 0 0 1.00 0 0 0 11.27 0.104 0.496 0.503
0.826 2 1 0 0 0.2904 0.2633 -0.1290 0.0000 0.2485 0.0002 0.002576 -1.672510 0.0000 0 0.0000 0  810 792 688 818 721 685 731 508  1 1 0 0.00 0 0 1.00 0 0 0 11.27 0.109 0.493 0.498
0.829 2 1 0 0 0.3165 0.2947 -0.1036 0.0000 0.2496 0.0002 0.002576 -1.672703 0.0000 0 0.0000 0  789 767 690 765 724 684 749 508  1 1 0 0.00 0 0 1.00 0 0 0 11.27 0.109 0.493 0.498
0.832 2 1 0 0 0.3319 0.3090 -0.1091 0.0000 0.2507 0.0002 0.002576 -1.672971 0.0000 0 0.0000 0  792 773 688 786 722 686 754 511  1 1 0 0.00 0 0 1.00 0 0 0 11.28 0.109 0.493 0.465
0.835 2 1 0 0 0.2760 0.2987 0.1081 0.0000 0.2515 0.0002 0.000000 -1.673262 0.0000 0 0.0000 0  800 767 683 797 726 682 768 517  1 1 0 0.00 0 0 1.00 0 0 0 11.28 0.103 0.493 0.495
0.838 2 1 0 0 0.2602 0.2792 0.0902 0.0000 0.2523 0.0002 0.002576 -1.673510 0.0000 0 0.0000 0  807 799 676 792 728 669 746 516  1 1 0 0.00 0 0 1.00 0 0 0 11.27 0.108 0.493 0.498
0.841 2 1 0 0 0.2485 0.2582 0.0464 0.0000 0.2529 0.0002 0.002576 -1.673777 0.0000 0 0.0000 0  834 763 672 797 725 682 757 518  1 1 0 0.00 0 0 1.00 0 0 0 11.28 0.108 0.494 0.495
0.844 2 1 0 0 0.2973 0.3037 0.0302 0.0000 0.2540 0.0002 0.002576 -1.673852 0.0000 0 0.0000 0  806 797 666 766 730 676 739 509  1 1 0 0.00 0 0 1.00 0 0 0 11.28 0.104 0.491 0.495
0.847 2 1 0 0 0.3420 0.2943 -0.2272 0.0000 0.2550 0.0002 0.002576 -1.673849 0.0000 0 0.0000 0  770 775 660 732 736 683 720 532  1 1 0 0.00 0 0 1.00 0 0 0 11.28 0.110 0.498 0.494
0.850 2 1 0 0 0.2761 0.2547 -0.1020 0.0000 0.2559 0.0002 0.000000 -1.673836 0.0000 0 0.0000 0  786 764 655 813 741 676 745 530  1 1 0 0.00 0 0 1.00 0 0 0 11.28 0.103 0.491 0.496
0.853 2 1 0 0 0.2424 0.2611 0.0892 0.0000 0.2564 0.0002 0.000000 -1.673687 0.0000 0 0.0000 0  778 768 646 809 741 670 767 548  1 1 0 0.00 0 0 1.00 0 0 0 11.27 0.103 0.494 0.494
0.856 2 1 0 0 0.2195 0.2316 0.0576 0.0000 0.2572 0.0002 0.002576 -1.673923 0.0000 0 0.0000 0  786 751 646 808 756 675 785 552  1 1 0 0.00 0 0 1.00 0 0 0 11.26 0.108 0.490 0.496
0.859 2 1 0 0 0.2839 0.2645 -0.0922 0.0000 0.2580 0.0002 0.000000 -1.673912 0.0000 0 0.0000 0  780 736 638 811 740 684 812 561  1 1 0 0.00 0 0 1.00 0 0 0 11.26 0.109 0.495 0.495
0.862 2 1 0 0 0.3455 0.3145 -0.1479 0.0000 0.2591 0.0002 0.000000 -1.673850 0.0000 0 0.0000 0  794 760 635 809 754 705 811 564  1 1 0 0.00 0 0 1.00 0 0 0 11.28 0.108 0.462 0.498
0.865 2 1 0 0 0.3452 0.3150 -0.1440 0.0000 0.2602 0.0002 0.000000 -1.674012 0.0000 0 0.0000 0  791 742 629 805 745 710 820 567  1 1 0 0.00 0 0 1.00 0 0 0 11.28 0.108 0.462 0.493
0.868 2 1 0 0 0.2846 0.2829 -0.0079 0.0000 0.2607 0.0002 0.000000 -1.673937 0.0000 0 0.0000 0  809 776 631 805 743 712 847 566  1 1 0 0.00 0 0 1.00 0 0 0 11.28 0.103 0.459 0.464
0.871 2 1 0 0 0.2615 0.2597 -0.0087 0.0000 0.2615 0.0002 0.002576 -1.674176 0.0000 0 0.0000 0  782 767 632 769 744 714 807 559  1 1 0 0.00 0 0 1.00 0 0 0 11.27 0.109 0.493 0.463
0.874 2 1 0 0 0.2585 0.3149 0.2685 0.0000 0.2626 0.0002 0.002576 -1.674050 0.0000 0 0.0000 0  783 765 640 772 742 704 820 546  1 1 0 0.00 0 0 1.00 0 0 0 11.28 0.109 0.495 0.491
0.877 2 1 0 0 0.3267 0.3079 -0.0895 0.0000 0.2634 0.0002 0.000000 -1.674133 0.0000 0 0.0000 0  776 764 648 787 742 709 828 545  1 1 0 0.00 0 0 1.00 0 0 0 11.27 0.109 0.495 0.498
