%% logfile from robot Thit (86)
% Thit (86)
%  1    time 0.204 sec
%  2  3  4  5   (mission 0), state 2, entered ), events 0x0 (bit-flags)
%  8  9 10 11 Pose x,y,h,tilt [m,m,rad,rad]: 0.0742935 -0.00302627 -0.0746969 -1.67108
% 12 .. 33 Edge sensor: left 0.232874 1, right 1.346829 1, values 1217 1162 1029 1625 2064 1953 1697 729, 
%    white 1, used 1, LEDhigh=0, xingVal=0.79 xlcnt=0 lvcnt=5,LineVal=1.00, lineLow=0, lineHi=0, edgeAngle=0.
% whitelevel=[2447 2346 2088 2520 2452 2316 2458 1831];
% blacklevel=[55 43 40 50 7 44 2 8];
% 34    Battery voltage [V]: 10.96
% 35 37 read sensor time [ms]: 0.103 and ctrl time 0.579, cycleEnd 0.578
0.204 2 1 1 0 0.6971 0.5602 0.0743 -0.0030 -0.074697 -1.671076 0.2329 1 1.3468 1  1217 1162 1029 1625 2064 1953 1697 729  1 1 0 0.79 0 5 1.00 0 0 0 10.96 0.103 0.579 0.578 
0.214 2 1 1 0 0.5829 0.4383 0.0800 -0.0035 -0.077273 -1.670630 0.2035 1 1.2890 1  1162 1174 1055 1664 2065 1917 1655 715  1 1 0 0.26 0 5 1.00 0 0 0 10.95 0.101 0.576 0.575 
0.224 2 1 1 0 0.6210 0.5853 0.0856 -0.0039 -0.079848 -1.670384 0.2374 1 1.2284 1  1154 1196 1005 1635 2051 1911 1614 707  1 1 0 0.73 0 5 1.00 0 0 0 10.97 0.110 0.589 0.583 
0.234 2 1 1 0 0.5676 0.4981 0.0913 -0.0044 -0.082424 -1.670687 0.1842 1 1.2757 1  1212 1202 964 1652 2098 1934 1623 736  1 1 0 0.97 0 5 1.00 0 0 0 10.95 0.103 0.579 0.580 
0.244 2 1 1 0 0.6536 0.5517 0.0972 -0.0049 -0.087576 -1.670958 0.2031 1 1.2765 1  1141 1211 873 1656 2068 1939 1570 727  1 1 0 0.21 0 5 1.00 0 0 0 10.98 0.103 0.583 0.584 
0.254 2 1 1 0 0.6734 0.5851 0.1034 -0.0055 -0.090151 -1.671465 0.2297 1 1.2343 1  1182 1056 860 1684 2036 1909 1546 761  1 1 0 0.02 0 5 1.00 0 0 0 10.98 0.101 0.582 0.578 
0.264 2 1 1 0 0.6427 0.5691 0.1093 -0.0060 -0.095303 -1.672437 0.2282 1 1.1919 1  1106 1027 885 1686 2045 1889 1532 775  1 1 0 0.51 0 5 1.00 0 0 0 10.99 0.101 0.576 0.623 
0.274 2 1 1 0 0.6783 0.5609 0.1155 -0.0066 -0.103030 -1.672813 0.2123 1 1.1402 1  1086 924 873 1733 2050 1858 1512 755  1 1 0 0.45 0 5 1.00 0 0 0 10.98 0.102 0.581 0.581 
0.284 2 1 1 0 0.5905 0.5534 0.1214 -0.0073 -0.108182 -1.673824 0.1994 1 1.0890 1  949 922 939 1780 2041 1855 1538 765  1 1 0 -0.09 0 5 1.00 0 0 0 10.98 0.102 0.573 0.576 
0.294 2 1 1 0 0.6199 0.5507 0.1273 -0.0079 -0.113333 -1.674502 0.1483 1 1.0285 1  1003 967 940 1815 2052 1843 1454 740  1 1 0 0.08 0 5 1.00 0 0 0 10.98 0.103 0.576 0.581 
0.304 2 1 1 0 0.6249 0.5659 0.1333 -0.0086 -0.118485 -1.674698 0.0648 1 0.9423 1  950 953 1004 1868 2080 1826 1405 792  1 1 0 0.47 0 5 1.00 0 0 0 10.99 0.102 0.580 0.580 
0.314 2 1 1 0 0.5572 0.5238 0.1392 -0.0093 -0.118485 -1.675448 0.0337 1 0.6656 1  1030 974 1067 1948 2026 1743 1335 742  1 1 0 0.34 0 5 1.00 0 0 0 11.00 0.103 0.576 0.580 
0.324 2 1 1 0 0.6272 0.5579 0.1448 -0.0100 -0.121060 -1.675233 -0.1468 1 0.6605 1  998 980 1129 1991 2048 1707 1289 695  1 1 0 0.49 0 5 1.00 0 0 0 10.97 0.102 0.576 0.576 
0.334 2 1 1 0 0.5643 0.5722 0.1504 -0.0107 -0.123636 -1.675642 -0.1767 1 0.6086 1  1006 1005 1069 1995 2045 1672 1249 709  1 1 0 -0.08 0 5 1.00 0 0 0 10.95 0.103 0.579 0.581 
0.344 2 1 1 0 0.5532 0.6261 0.1563 -0.0114 -0.123636 -1.675691 -0.3850 1 0.5448 1  987 978 1114 2038 2037 1614 1180 719  1 1 0 1.28 0 5 1.00 0 0 0 10.97 0.145 0.615 1.039 
0.354 2 1 1 0 0.5126 0.5320 0.1617 -0.0121 -0.118485 -1.675228 -0.4207 1 0.5661 1  1073 986 1165 2068 2056 1621 1145 751  1 1 0 1.09 0 5 1.00 0 0 0 10.93 0.102 0.578 0.580 
0.364 2 1 1 0 0.5306 0.5709 0.1676 -0.0128 -0.118485 -1.674865 -0.3977 1 0.5273 1  1041 1080 1196 2040 2036 1573 1178 748  1 1 0 0.76 0 5 1.00 0 0 0 10.98 0.103 0.566 0.566 
0.374 2 1 1 0 0.6025 0.6405 0.1733 -0.0134 -0.115909 -1.674566 -0.4178 1 0.5226 1  1066 1030 1218 2055 2029 1587 1130 740  1 1 0 0.52 0 5 1.00 0 0 0 10.98 0.103 0.579 0.581 
0.384 2 1 1 0 0.4791 0.6010 0.1792 -0.0141 -0.110757 -1.674281 -0.4263 1 0.4707 1  1096 1054 1224 2060 2011 1518 1122 760  1 1 0 0.41 0 5 1.00 0 0 0 10.98 0.102 0.573 0.573 
0.394 2 1 1 0 0.5611 0.7589 0.1851 -0.0147 -0.105606 -1.673314 -0.4394 1 0.4781 1  1065 1133 1250 2073 2012 1555 1130 762  1 1 0 0.48 0 5 1.00 0 0 0 10.99 0.103 0.576 0.580 
0.404 2 1 1 0 0.4931 0.6784 0.1907 -0.0153 -0.097879 -1.671808 -0.4896 1 0.5090 1  1055 1027 1259 2122 2035 1531 1155 710  1 1 0 0.69 0 5 1.00 0 0 0 10.96 0.102 0.575 0.579 
0.414 2 1 1 0 0.4688 0.6511 0.1967 -0.0159 -0.087576 -1.671252 -0.4464 1 0.5120 1  1082 979 1220 2075 2039 1543 1095 709  1 1 0 -0.03 0 5 1.00 0 0 0 10.99 0.103 0.573 0.584 
0.425 2 1 1 0 0.4613 0.6667 0.2023 -0.0163 -0.079848 -1.670030 -0.4564 1 0.5289 1  1043 958 1252 2082 2050 1536 1064 732  1 1 0 0.23 0 5 1.00 0 0 0 11.00 0.103 0.578 0.576 
0.434 2 1 1 0 0.5171 0.5900 0.2080 -0.0168 -0.072121 -1.669016 -0.4810 1 0.5237 1  976 946 1256 2103 2047 1524 1049 763  1 1 0 0.28 0 5 1.00 0 0 0 11.00 0.103 0.565 0.583 
0.444 2 1 1 0 0.4766 0.6317 0.2139 -0.0172 -0.061818 -1.667603 -0.4971 1 0.5153 1  922 1004 1266 2118 2055 1483 1134 751  1 1 0 0.29 0 5 1.00 0 0 0 11.01 0.102 0.574 0.578 
0.454 2 1 1 0 0.4822 0.6913 0.2196 -0.0175 -0.054091 -1.666912 -0.4966 1 0.5300 1  954 1050 1286 2108 2048 1544 1188 762  1 1 0 0.20 0 5 1.00 0 0 0 11.00 0.103 0.575 0.576 
0.464 2 1 1 0 0.4527 0.6105 0.2253 -0.0178 -0.041212 -1.666036 -0.5004 1 0.5590 1  994 1098 1283 2111 2055 1580 1175 748  1 1 0 0.25 0 5 1.00 0 0 0 11.00 0.101 0.581 0.576 
0.474 2 1 1 0 0.4657 0.7397 0.2309 -0.0180 -0.033485 -1.665568 -0.4812 1 0.5807 1  1036 1148 1274 2104 2067 1584 1166 753  1 1 0 0.14 0 5 1.00 0 0 0 11.01 0.103 0.573 0.573 
0.484 2 1 1 0 0.4620 0.7239 0.2364 -0.0181 -0.023182 -1.665269 -0.4857 1 0.6283 1  1086 1214 1266 2111 2095 1608 1187 745  1 1 0 0.26 0 5 1.00 0 0 0 11.01 0.103 0.582 0.579 
0.494 2 1 1 0 0.4396 0.6436 0.2420 -0.0182 -0.010303 -1.664643 -0.4779 1 0.6189 1  1113 1196 1245 2103 2085 1619 1232 726  1 1 0 0.19 0 5 1.00 0 0 0 11.01 0.111 0.581 0.574 
0.504 2 1 1 0 0.4531 0.6508 0.2474 -0.0183 -0.000000 -1.664577 -0.4572 1 0.6445 1  1109 1125 1223 2087 2090 1649 1247 742  1 1 0 0.30 0 5 1.00 0 0 0 11.01 0.103 0.576 0.583 
0.514 2 1 1 0 0.4305 0.6463 0.2528 -0.0182 0.010303 -1.664013 -0.4131 1 0.6643 1  1128 1129 1241 2050 2081 1685 1305 750  1 1 0 0.35 0 5 1.00 0 0 0 11.01 0.103 0.580 0.582 
0.524 2 1 1 0 0.4502 0.6234 0.2583 -0.0182 0.020606 -1.663403 -0.4026 1 0.7594 1  1137 1145 1211 2041 2094 1740 1335 758  1 1 0 0.66 0 5 1.00 0 0 0 11.01 0.103 0.579 0.580 
0.534 2 1 1 0 0.4678 0.6785 0.2637 -0.0180 0.025757 -1.662925 -0.0886 1 0.7360 1  1173 1211 1061 1945 2071 1750 1392 775  1 1 0 -0.25 0 5 1.00 0 0 0 11.00 0.103 0.576 0.623 
0.544 2 1 1 0 0.5261 0.5526 0.2691 -0.0179 0.030909 -1.662047 0.0511 1 0.7605 1  1095 1076 1081 1896 2058 1785 1453 750  1 1 0 0.54 0 5 1.00 0 0 0 10.98 0.103 0.580 0.581 
0.554 2 1 1 0 0.5315 0.5387 0.2747 -0.0177 0.033485 -1.662159 -0.0106 1 1.1412 1  1183 1174 1134 1915 2096 1868 1497 783  1 1 0 1.94 0 5 1.00 0 0 0 11.01 0.102 0.574 0.583 
0.564 2 1 1 0 0.5088 0.6167 0.2802 -0.0175 0.033485 -1.661671 -0.0283 1 1.1815 1  1214 1115 1051 1907 2112 1886 1537 724  1 1 0 0.72 0 5 1.00 0 0 0 11.01 0.102 0.575 0.576 
0.574 2 1 1 0 0.5024 0.5439 0.2853 -0.0173 0.036061 -1.662058 0.0594 1 1.2138 1  1080 1144 1042 1839 2095 1903 1576 739  1 1 0 0.55 0 5 1.00 0 0 0 11.00 0.102 0.576 0.583 
0.584 2 1 1 0 0.5505 0.5742 0.2907 -0.0171 0.036061 -1.662467 0.1105 1 1.2328 1  1136 1231 1028 1795 2086 1915 1572 797  1 1 0 0.56 0 5 1.00 0 0 0 10.99 0.102 0.581 0.583 
0.594 2 1 1 0 0.4670 0.5303 0.2961 -0.0170 0.036061 -1.663092 0.1587 1 1.2790 1  1099 1208 956 1722 2081 1931 1646 757  1 1 0 0.51 0 5 1.00 0 0 0 11.01 0.103 0.580 0.581 
0.604 2 1 1 0 0.4704 0.5756 0.3010 -0.0168 0.041212 -1.663862 0.1971 1 1.3314 1  1062 1206 1011 1680 2068 1942 1695 773  1 1 0 0.79 0 5 1.00 0 0 0 11.00 0.103 0.582 0.585 
0.614 2 1 1 0 0.5454 0.4952 0.3064 -0.0165 0.041212 -1.664512 0.2306 1 1.3365 1  1179 1191 960 1631 2060 1943 1733 755  1 1 0 1.04 0 5 1.00 0 0 0 11.01 0.145 0.613 1.045 
0.624 2 1 1 0 0.4828 0.4929 0.3115 -0.0163 0.038636 -1.665380 0.2521 1 1.3091 1  1162 1312 979 1603 2058 1937 1684 778  1 1 0 0.99 0 5 1.00 0 0 0 11.01 0.101 0.575 0.576 
0.634 2 1 1 0 0.5970 0.5070 0.3166 -0.0161 0.036061 -1.666252 0.2827 1 1.3426 1  1163 1273 1015 1541 2026 1947 1716 784  1 1 0 0.94 0 5 1.00 0 0 0 11.00 0.103 0.583 0.578 
0.644 2 1 1 0 0.5623 0.4922 0.3220 -0.0160 0.030909 -1.666861 0.2417 1 1.3817 1  1192 1296 1018 1569 2071 1963 1741 797  1 1 0 1.03 0 5 1.00 0 0 0 11.01 0.103 0.580 0.579 
0.654 2 1 1 0 0.5778 0.4633 0.3272 -0.0158 0.028333 -1.667760 0.2228 1 1.3746 1  1130 1285 996 1546 2092 1957 1723 822  1 1 0 0.92 0 5 1.00 0 0 0 11.01 0.103 0.583 0.577 
0.664 2 1 1 0 0.5224 0.4611 0.3326 -0.0157 0.023182 -1.668448 0.2522 1 1.3565 1  1178 1256 990 1544 2058 1936 1752 787  1 1 0 0.19 0 5 1.00 0 0 0 11.01 0.109 0.582 0.581 
0.674 2 1 1 0 0.5325 0.4915 0.3377 -0.0155 0.020606 -1.669156 0.2542 1 1.3745 1  1115 1252 972 1479 2070 1936 1766 810  1 1 0 0.62 0 5 1.00 0 0 0 11.00 0.101 0.573 0.580 
0.684 2 1 1 0 0.5640 0.5023 0.3426 -0.0154 0.015454 -1.668695 0.2806 1 1.3508 1  1159 1177 969 1444 2045 1936 1761 808  1 1 0 0.75 0 5 1.00 0 0 0 11.01 0.103 0.581 0.576 
0.695 2 1 1 0 0.5405 0.4618 0.3477 -0.0154 0.012879 -1.669370 0.3334 1 1.3057 1  1171 1166 941 1410 2011 1927 1759 785  1 1 0 0.53 0 5 1.00 0 0 0 11.02 0.103 0.579 0.580 
0.704 2 1 1 0 0.5510 0.4382 0.3529 -0.0153 0.005151 -1.669291 0.3291 1 1.3870 1  1169 1180 880 1415 2000 1947 1784 816  1 1 0 0.96 0 5 1.00 0 0 0 10.99 0.103 0.578 0.583 
0.714 2 1 1 0 0.6032 0.4548 0.3580 -0.0153 0.002576 -1.669803 0.3286 1 1.3720 1  1115 1173 874 1399 2009 1938 1780 827  1 1 0 0.62 0 5 1.00 0 0 0 11.01 0.101 0.579 0.580 
0.724 2 1 1 0 0.5517 0.4408 0.3631 -0.0153 -0.005152 -1.669630 0.3495 1 1.3820 1  1121 1182 889 1355 1998 1956 1766 835  1 1 0 0.20 0 5 1.00 0 0 0 11.00 0.102 0.573 0.579 
0.734 2 1 1 0 0.5797 0.4457 0.3683 -0.0154 -0.012879 -1.669963 0.3460 1 1.4059 1  1095 1071 957 1376 1997 1952 1790 848  1 1 0 0.63 0 5 1.00 0 0 0 11.01 0.103 0.574 0.581 
0.744 2 1 1 0 0.5837 0.4605 0.3734 -0.0154 -0.015455 -1.670220 0.3080 1 1.3857 1  1099 1120 878 1410 2036 1934 1806 803  1 1 0 0.74 0 5 1.00 0 0 0 11.01 0.103 0.576 0.578 
0.754 2 1 1 0 0.5300 0.4462 0.3783 -0.0155 -0.020606 -1.670208 0.3031 1 1.4053 1  1136 1125 930 1415 2027 1945 1812 835  1 1 0 0.04 0 5 1.00 0 0 0 10.98 0.103 0.583 0.581 
0.764 2 1 1 0 0.6087 0.5004 0.3837 -0.0157 -0.025758 -1.670895 0.3233 1 1.3830 1  1116 1158 936 1432 2010 1942 1796 777  1 1 0 0.54 0 5 1.00 0 0 0 11.01 0.101 0.574 0.583 
0.774 2 1 1 0 0.4928 0.4762 0.3883 -0.0158 -0.028333 -1.670751 0.3239 1 1.3656 1  1115 1138 942 1418 2011 1936 1777 832  1 1 0 0.52 0 5 1.00 0 0 0 11.00 0.102 0.575 0.584 
0.784 2 1 1 0 0.5960 0.4765 0.3934 -0.0159 -0.036061 -1.671238 0.2914 1 1.4249 1  1146 1179 938 1415 2050 1973 1768 799  1 1 0 0.94 0 5 1.00 0 0 0 11.00 0.101 0.575 0.589 
0.794 2 1 1 0 0.5386 0.4928 0.3983 -0.0161 -0.041212 -1.671148 0.2841 1 1.3829 1  1079 1184 929 1422 2051 1948 1763 758  1 1 0 0.39 0 5 1.00 0 0 0 11.00 0.102 0.583 0.580 
0.804 2 1 1 0 0.5817 0.4295 0.4037 -0.0164 -0.046364 -1.671525 0.2869 1 1.3978 1  1130 1145 913 1423 2043 1953 1776 716  1 1 0 0.53 0 5 1.00 0 0 0 11.01 0.102 0.575 0.615 
0.814 2 1 1 0 0.5652 0.4466 0.4086 -0.0166 -0.051515 -1.671873 0.2835 1 1.3799 1  1137 1186 904 1436 2048 1936 1768 686  1 1 0 0.29 0 5 1.00 0 0 0 11.02 0.102 0.576 0.583 
0.824 2 1 1 0 0.5646 0.4980 0.4137 -0.0169 -0.059242 -1.671635 0.2474 1 1.4251 1  1135 1114 887 1451 2090 1978 1767 685  1 1 0 1.30 0 5 1.00 0 0 0 11.01 0.103 0.580 0.582 
0.834 2 1 1 0 0.5622 0.4423 0.4185 -0.0172 -0.064394 -1.672052 0.2203 1 1.4321 1  1062 1110 895 1472 2108 1991 1741 683  1 1 0 0.73 0 5 1.00 0 0 0 11.00 0.102 0.581 0.579 
0.844 2 1 1 0 0.5725 0.4534 0.4239 -0.0175 -0.069545 -1.672022 0.2108 1 1.4017 1  1114 1133 907 1548 2099 1986 1704 679  1 1 0 0.55 0 5 1.00 0 0 0 10.98 0.103 0.578 0.576 
0.854 2 1 1 0 0.5608 0.4551 0.4288 -0.0179 -0.074697 -1.672329 0.1989 1 1.3744 1  1069 1141 908 1561 2110 1985 1671 656  1 1 0 0.55 0 5 1.00 0 0 0 11.01 0.102 0.579 0.580 
0.864 2 1 1 0 0.5430 0.4533 0.4339 -0.0183 -0.077273 -1.671949 0.2187 1 1.3311 1  1041 1140 899 1517 2095 1959 1631 640  1 1 0 0.25 0 5 1.00 0 0 0 11.00 0.103 0.580 0.581 
0.874 2 1 1 0 0.5440 0.4754 0.4390 -0.0187 -0.079848 -1.671480 0.2070 1 1.3499 1  1072 1078 879 1607 2090 1971 1661 645  1 1 0 0.74 0 5 1.00 0 0 0 11.01 0.103 0.575 0.576 
0.884 2 1 1 0 0.5557 0.4981 0.4439 -0.0191 -0.085000 -1.671653 0.1484 1 1.3548 1  993 1095 885 1671 2116 1979 1647 650  1 1 0 0.91 0 5 1.00 0 0 0 10.99 0.152 0.624 1.051 
0.894 2 1 1 0 0.5409 0.4577 0.4488 -0.0195 -0.090151 -1.671436 0.1415 1 1.3523 1  1017 1019 891 1650 2144 1993 1621 669  1 1 0 0.79 0 5 1.00 0 0 0 11.01 0.102 0.579 0.576 
0.904 2 1 1 0 0.5479 0.4505 0.4536 -0.0199 -0.095303 -1.671266 0.1212 1 1.3097 1  1092 1021 907 1726 2117 1971 1544 643  1 1 0 0.73 0 5 1.00 0 0 0 11.00 0.103 0.575 0.576 
0.914 2 1 1 0 0.5300 0.4152 0.4587 -0.0204 -0.097879 -1.671144 0.1018 1 1.3054 1  1007 1035 906 1698 2147 1977 1504 625  1 1 0 0.97 0 5 1.00 0 0 0 11.02 0.108 0.576 0.575 
0.924 2 1 1 0 0.4948 0.4627 0.4633 -0.0209 -0.100454 -1.671087 0.0865 1 1.3018 1  1004 1083 852 1733 2151 1987 1469 595  1 1 0 1.18 0 5 1.00 0 0 0 11.01 0.103 0.581 0.584 
0.934 2 1 1 0 0.5300 0.4323 0.4681 -0.0214 -0.100454 -1.670971 0.0566 1 1.2858 1  1049 1089 898 1769 2154 1972 1460 583  1 1 0 0.96 0 5 1.00 0 0 0 11.01 0.108 0.571 0.581 
0.944 2 1 1 0 0.4631 0.4406 0.4730 -0.0219 -0.105606 -1.671478 0.0780 1 1.2503 1  1181 1086 857 1782 2114 1939 1412 597  1 1 0 0.61 0 5 1.00 0 0 0 11.01 0.102 0.579 0.581 
0.954 2 1 1 0 0.5053 0.4587 0.4775 -0.0224 -0.108182 -1.671476 0.0575 1 1.1449 1  1139 1093 872 1852 2087 1856 1342 612  1 1 0 0.77 0 5 1.00 0 0 0 11.01 0.103 0.581 0.580 
0.965 2 1 1 0 0.4998 0.4372 0.4824 -0.0229 -0.108182 -1.671565 -0.2784 1 1.1971 1  1109 992 962 2018 2187 1919 1365 612  1 1 0 1.87 0 5 1.00 0 0 0 11.00 0.101 0.579 0.582 
0.974 2 1 1 0 0.4041 0.4842 0.4872 -0.0234 -0.103030 -1.671804 -0.4322 1 1.1741 1  1055 915 1023 2093 2172 1885 1297 636  1 1 0 1.38 0 5 1.00 0 0 0 10.97 0.103 0.580 0.579 
0.984 2 1 1 0 0.4150 0.4604 0.4915 -0.0239 -0.103030 -1.672053 -0.4759 1 0.8215 1  1016 897 1114 2129 2133 1733 1107 630  1 1 0 0.82 0 5 1.00 0 0 0 10.98 0.103 0.581 0.574 
0.994 2 1 1 0 0.4101 0.4663 0.4964 -0.0244 -0.097879 -1.672004 -0.5244 1 0.6633 1  951 879 1176 2173 2108 1620 979 621  1 1 0 1.06 0 5 1.00 0 0 0 10.99 0.102 0.580 0.581 
1.004 2 1 1 0 0.4939 0.5120 0.5012 -0.0248 -0.092727 -1.671388 -0.5062 1 0.6133 1  903 870 1195 2143 2109 1548 914 648  1 1 0 0.62 0 5 1.00 0 0 0 10.97 0.101 0.573 0.576 
1.014 2 1 1 0 0.4702 0.5461 0.5063 -0.0253 -0.090151 -1.671059 -0.5043 1 0.5367 1  912 882 1261 2129 2061 1471 900 677  1 1 0 0.13 0 5 1.00 0 0 0 11.00 0.103 0.573 0.564 
1.024 2 1 1 0 0.4677 0.5238 0.5112 -0.0257 -0.085000 -1.670699 -0.5786 1 0.5211 1  880 920 1384 2163 2070 1428 916 708  1 1 0 1.14 0 5 1.00 0 0 0 10.98 0.102 0.579 0.571 
1.034 2 1 1 0 0.4161 0.6364 0.5163 -0.0261 -0.077273 -1.670172 -0.6669 1 0.5211 1  874 956 1472 2173 2079 1360 943 700  1 1 0 0.52 0 5 1.00 0 0 0 10.98 0.102 0.575 0.574 
1.044 2 1 1 0 0.4003 0.5652 0.5209 -0.0265 -0.069545 -1.669557 -0.7979 1 0.4691 1  891 1044 1583 2173 2036 1304 986 691  1 1 0 0.54 0 5 1.00 0 0 0 10.96 0.102 0.593 0.592 
1.054 2 1 1 0 0.3767 0.5786 0.5260 -0.0268 -0.056667 -1.669296 -0.9685 1 0.4240 1  902 1132 1660 2156 2000 1223 993 676  1 1 0 1.21 0 5 1.00 0 0 0 10.97 0.103 0.589 0.603 
1.064 2 1 1 0 0.3070 0.6951 0.5306 -0.0270 -0.043788 -1.668972 -1.1957 1 0.1434 1  875 1169 1730 2158 1895 1080 959 674  1 1 0 0.14 0 5 1.00 0 0 0 10.94 0.102 0.592 0.604 
1.074 2 1 1 0 0.3349 0.5595 0.5355 -0.0272 -0.028333 -1.667621 -1.2206 1 0.0543 1  833 1174 1755 2182 1840 1054 904 645  1 1 0 -0.06 0 5 1.00 0 0 0 10.93 0.101 0.588 0.635 
1.084 2 1 1 0 0.3295 0.6996 0.5403 -0.0273 -0.012879 -1.666959 -1.2376 1 -0.0416 1  856 1223 1759 2169 1782 961 884 630  1 1 0 -0.32 0 5 1.00 0 0 0 10.94 0.102 0.594 0.592 
1.094 2 1 1 0 0.2933 0.6647 0.5452 -0.0273 0.002576 -1.666194 -1.2105 1 -0.1405 1  873 1212 1736 2128 1731 927 890 618  1 1 0 -0.53 0 5 1.00 0 0 0 10.95 0.102 0.591 0.579 
1.104 2 1 1 0 0.3098 0.6181 0.5501 -0.0273 0.023182 -1.665192 -1.2261 1 -0.1666 1  853 1194 1761 2129 1679 890 883 620  1 1 0 -0.71 0 5 1.00 0 0 0 10.96 0.103 0.580 0.592 
1.114 2 1 1 0 0.2591 0.7236 0.5552 -0.0271 0.041212 -1.663874 -1.1693 1 -0.2103 1  804 1192 1697 2098 1663 879 880 631  1 1 0 -1.00 0 5 1.00 0 0 0 10.98 0.102 0.591 0.595 
1.124 2 1 1 0 0.2739 0.6388 0.5598 -0.0269 0.059242 -1.663925 -1.2407 1 -0.3209 1  773 1223 1772 2060 1605 861 918 710  1 1 0 -0.24 0 5 1.00 0 0 0 10.97 0.103 0.595 0.600 
1.134 2 1 1 0 0.1980 0.6588 0.5647 -0.0265 0.085000 -1.663216 -1.2438 1 -0.1959 1  764 1198 1773 2130 1659 899 943 703  1 1 0 -0.43 0 5 1.00 0 0 0 10.98 0.103 0.593 0.600 
1.144 2 1 1 0 0.2968 0.6809 0.5692 -0.0261 0.103030 -1.662516 -1.2216 1 -0.2051 1  756 1205 1749 2109 1646 816 922 675  1 1 0 -1.38 0 5 1.00 0 0 0 10.97 0.102 0.595 0.591 
1.155 2 1 1 0 0.2482 0.6993 0.5741 -0.0255 0.123636 -1.662248 -1.2171 1 -0.2229 1  757 1194 1755 2105 1642 856 949 667  1 1 0 -1.02 0 5 1.00 0 0 0 10.97 0.103 0.591 0.602 
1.164 2 1 1 0 0.2543 0.7421 0.5792 -0.0248 0.146818 -1.661714 -1.2191 1 -0.2405 1  717 1189 1749 2106 1620 871 970 657  1 1 0 -1.21 0 5 1.00 0 0 0 10.97 0.103 0.595 0.596 
1.174 2 1 1 0 0.2521 0.7393 0.5837 -0.0241 0.170000 -1.661480 -1.2248 1 -0.2513 1  718 1199 1755 2096 1609 871 994 645  1 1 0 -1.25 0 5 1.00 0 0 0 11.00 0.103 0.601 0.596 
1.184 2 1 1 0 0.2351 0.6816 0.5885 -0.0232 0.190606 -1.661023 -1.2117 1 -0.2503 1  727 1204 1737 2099 1606 833 978 661  1 1 0 -1.28 0 5 1.00 0 0 0 10.99 0.103 0.595 0.592 
1.194 2 1 1 0 0.2730 0.7722 0.5935 -0.0222 0.213788 -1.660441 -1.2212 1 -0.2580 1  716 1196 1748 2093 1578 826 952 665  1 1 0 -1.23 0 5 1.00 0 0 0 11.00 0.103 0.595 0.603 
1.204 2 1 1 0 0.2732 0.7288 0.5983 -0.0211 0.234394 -1.660744 -1.2341 1 -0.2664 1  726 1193 1768 2093 1597 851 973 657  1 1 0 -1.04 0 5 1.00 0 0 0 11.00 0.102 0.591 0.596 
1.214 2 1 1 0 0.2581 0.7297 0.6027 -0.0200 0.257575 -1.660530 -1.2471 1 -0.2506 1  689 1196 1775 2079 1643 889 926 663  1 1 0 -1.32 0 5 1.00 0 0 0 10.98 0.102 0.600 0.596 
1.224 2 1 1 0 0.2681 0.7146 0.6077 -0.0186 0.280757 -1.660094 -1.2115 1 -0.2262 1  732 1145 1744 2091 1679 883 903 647  1 1 0 -1.41 0 5 1.00 0 0 0 11.00 0.103 0.592 0.596 
1.234 2 1 1 0 0.2481 0.7246 0.6126 -0.0172 0.303939 -1.660354 -1.2084 1 -0.1585 1  721 1107 1742 2142 1704 919 942 640  1 1 0 -0.99 0 5 1.00 0 0 0 11.00 0.102 0.600 0.602 
1.244 2 1 1 0 0.2334 0.7237 0.6170 -0.0157 0.327121 -1.659689 -1.1806 1 -0.1113 1  726 1067 1716 2144 1764 931 895 618  1 1 0 -1.10 0 5 1.00 0 0 0 11.00 0.101 0.601 0.603 
1.254 2 1 1 0 0.2648 0.7235 0.6218 -0.0140 0.350303 -1.659498 -0.9543 1 -0.0330 1  741 981 1643 2148 1835 1003 910 609  1 1 0 -1.78 0 5 1.00 0 0 0 11.00 0.103 0.596 0.603 
1.264 2 1 1 0 0.2697 0.6564 0.6266 -0.0122 0.373484 -1.658711 -0.7778 1 0.2577 1  749 903 1575 2152 1957 1094 917 619  1 1 0 0.23 0 5 1.00 0 0 0 11.01 0.110 0.604 0.652 
1.274 2 1 1 0 0.3142 0.7868 0.6314 -0.0103 0.391515 -1.658941 -0.6355 1 0.4239 1  767 883 1495 2130 2010 1209 896 601  1 1 0 -0.98 0 5 1.00 0 0 0 10.99 0.102 0.581 0.586 
1.284 2 1 1 0 0.3545 0.7007 0.6361 -0.0083 0.409545 -1.656183 -0.5732 1 0.4834 1  785 862 1404 2133 2062 1287 950 610  1 1 0 -1.09 0 5 1.00 0 0 0 10.99 0.102 0.581 0.582 
1.294 2 1 1 0 0.3258 0.6610 0.6408 -0.0062 0.427575 -1.655712 -0.5142 1 0.4668 1  766 803 1312 2122 2025 1333 971 609  1 1 0 -1.34 0 5 1.00 0 0 0 11.01 0.101 0.584 0.582 
1.304 2 1 1 0 0.3760 0.6666 0.6455 -0.0040 0.440454 -1.655170 -0.3953 1 0.3976 1  766 807 1232 2037 1975 1373 917 614  1 1 0 -1.38 0 5 1.00 0 0 0 10.99 0.101 0.583 0.581 
1.314 2 1 1 0 0.3868 0.6584 0.6504 -0.0017 0.455909 -1.656693 -0.5370 1 0.5637 1  776 807 1250 2169 2099 1505 939 632  1 1 0 -0.16 0 5 1.00 0 0 0 11.01 0.103 0.581 0.582 
1.324 2 1 1 0 0.3634 0.7456 0.6552 0.0007 0.471363 -1.656264 -0.5472 1 0.6209 1  788 852 1221 2179 2135 1518 943 599  1 1 0 -0.23 0 5 1.00 0 0 0 11.01 0.102 0.583 0.584 
1.334 2 1 1 0 0.3712 0.6862 0.6600 0.0032 0.486818 -1.657463 -0.5032 1 0.6043 1  793 870 1224 2126 2111 1544 987 606  1 1 0 -0.03 0 5 1.00 0 0 0 11.01 0.110 0.583 0.581 
1.344 2 1 1 0 0.3881 0.6439 0.6645 0.0056 0.499696 -1.656791 -0.4829 1 0.5730 1  821 889 1185 2120 2071 1561 987 571  1 1 0 -0.30 0 5 1.00 0 0 0 11.01 0.150 0.621 1.049 
1.354 2 1 1 0 0.3984 0.6199 0.6690 0.0081 0.512575 -1.656723 -0.4599 1 0.5879 1  817 878 1122 2099 2069 1596 1031 611  1 1 0 -0.01 0 5 1.00 0 0 0 10.99 0.102 0.565 0.573 
1.364 2 1 1 0 0.3917 0.6510 0.6733 0.0105 0.522878 -1.657478 -0.4681 1 0.7064 1  828 919 1121 2115 2112 1687 1077 622  1 1 0 0.41 0 5 1.00 0 0 0 11.01 0.102 0.580 0.586 
1.374 2 1 1 0 0.3671 0.6346 0.6777 0.0131 0.535757 -1.657394 -0.4340 1 0.7559 1  811 862 1079 2069 2105 1733 1172 584  1 1 0 0.39 0 5 1.00 0 0 0 11.00 0.103 0.584 0.581 
1.384 2 1 1 0 0.3878 0.5901 0.6821 0.0158 0.543484 -1.657842 -0.4141 1 0.8835 1  800 856 1054 2069 2114 1800 1248 599  1 1 0 0.84 0 5 1.00 0 0 0 11.00 0.103 0.580 0.579 
1.394 2 1 1 0 0.4182 0.5557 0.6863 0.0183 0.553787 -1.657606 -0.2338 1 1.0903 1  822 881 984 1981 2101 1855 1351 615  1 1 0 0.37 0 5 1.00 0 0 0 11.01 0.103 0.585 0.581 
1.404 2 1 1 0 0.4910 0.5784 0.6908 0.0212 0.558939 -1.657883 -0.0494 1 1.2152 1  808 870 905 1902 2108 1914 1402 593  1 1 0 0.35 0 5 1.00 0 0 0 10.99 0.103 0.581 0.581 
1.414 2 1 1 0 0.5058 0.5797 0.6954 0.0241 0.564090 -1.657675 0.0766 1 1.2398 1  864 897 878 1803 2092 1942 1463 613  1 1 0 0.02 0 5 1.00 0 0 0 10.98 0.103 0.579 0.583 
1.425 2 1 1 0 0.5548 0.5718 0.6995 0.0267 0.564090 -1.657592 0.1007 1 1.3055 1  858 854 816 1765 2117 1996 1522 626  1 1 0 0.44 0 5 1.00 0 0 0 11.00 0.102 0.581 0.585 
1.434 2 1 1 0 0.4788 0.5028 0.7041 0.0296 0.564090 -1.658211 0.1122 1 1.3464 1  853 846 832 1721 2124 2017 1564 622  1 1 0 0.71 0 5 1.00 0 0 0 11.00 0.102 0.575 0.579 
1.444 2 1 1 0 0.5766 0.5467 0.7085 0.0323 0.561514 -1.658294 0.2005 1 1.2985 1  845 861 777 1614 2079 1948 1579 651  1 1 0 -0.26 0 5 1.00 0 0 0 11.00 0.102 0.581 0.586 
1.454 2 1 1 0 0.5060 0.5190 0.7126 0.0349 0.561514 -1.659040 0.3086 1 1.2313 1  853 856 771 1533 2015 1913 1628 645  1 1 0 0.35 0 5 1.00 0 0 0 11.00 0.108 0.581 0.582 
1.464 2 1 1 0 0.4541 0.5032 0.7169 0.0376 0.564090 -1.659867 0.2228 1 1.4301 1  844 841 755 1501 2104 2011 1729 651  1 1 0 2.36 0 5 1.00 0 0 0 10.99 0.103 0.581 0.582 
1.474 2 1 1 0 0.5491 0.5764 0.7212 0.0404 0.566666 -1.660515 0.1812 1 1.4394 1  834 830 746 1462 2159 1984 1721 636  1 1 0 0.92 0 5 1.00 0 0 0 11.00 0.110 0.586 0.582 
1.484 2 1 1 0 0.5226 0.4642 0.7254 0.0430 0.566666 -1.661220 0.2236 1 1.4097 1  874 827 750 1416 2114 1977 1719 642  1 1 0 0.91 0 5 1.00 0 0 0 11.00 0.111 0.589 0.578 
1.494 2 1 1 0 0.5499 0.4529 0.7295 0.0456 0.561514 -1.661575 0.2337 1 1.3921 1  854 813 763 1457 2097 1987 1685 658  1 1 0 0.78 0 5 1.00 0 0 0 10.99 0.103 0.585 0.586 
1.504 2 1 1 0 0.5079 0.4745 0.7338 0.0483 0.558939 -1.661989 0.2183 1 1.3856 1  833 820 785 1481 2110 1989 1696 624  1 1 0 1.04 0 5 1.00 0 0 0 11.01 0.103 0.584 0.586 
1.514 2 1 1 0 0.5135 0.4916 0.7382 0.0511 0.556363 -1.662055 0.2124 1 1.3783 1  832 815 758 1464 2118 2002 1647 607  1 1 0 0.72 0 5 1.00 0 0 0 11.01 0.101 0.579 0.582 
1.524 2 1 1 0 0.5631 0.4703 0.7428 0.0539 0.551211 -1.662477 0.2002 1 1.3708 1  838 817 772 1507 2128 1994 1648 587  1 1 0 1.15 0 5 1.00 0 0 0 11.02 0.104 0.583 0.583 
1.534 2 1 1 0 0.5500 0.4712 0.7469 0.0564 0.546060 -1.662402 0.2091 1 1.3431 1  869 794 795 1480 2115 1986 1595 591  1 1 0 0.46 0 5 1.00 0 0 0 11.01 0.108 0.583 0.624 
1.544 2 1 1 0 0.5260 0.4650 0.7513 0.0591 0.543484 -1.662659 0.2077 1 1.2931 1  812 797 741 1538 2100 1953 1551 584  1 1 0 0.54 0 5 1.00 0 0 0 11.00 0.103 0.580 0.581 
1.554 2 1 1 0 0.5723 0.4575 0.7553 0.0615 0.540908 -1.662327 0.2163 1 1.2557 1  824 808 763 1547 2096 1935 1546 576  1 1 0 0.49 0 5 1.00 0 0 0 11.01 0.102 0.583 0.583 
1.564 2 1 1 0 0.5256 0.4755 0.7599 0.0643 0.535757 -1.662850 0.2001 1 1.2795 1  836 803 735 1573 2103 1951 1547 603  1 1 0 0.66 0 5 1.00 0 0 0 11.01 0.101 0.579 0.580 
1.574 2 1 1 0 0.5385 0.5093 0.7641 0.0667 0.535757 -1.663058 0.1903 1 1.2698 1  824 814 765 1626 2098 1948 1530 569  1 1 0 1.04 0 5 1.00 0 0 0 11.02 0.102 0.579 0.572 
1.584 2 1 1 0 0.5388 0.5209 0.7685 0.0694 0.533181 -1.663286 0.2085 1 1.2443 1  871 856 775 1645 2068 1921 1510 539  1 1 0 0.17 0 5 1.00 0 0 0 11.01 0.103 0.581 0.582 
1.594 2 1 1 0 0.5664 0.4536 0.7730 0.0720 0.525454 -1.663950 0.1312 1 1.2090 1  859 900 800 1681 2142 1918 1438 525  1 1 0 1.65 0 5 1.00 0 0 0 11.02 0.109 0.586 0.591 
1.604 2 1 1 0 0.5365 0.4816 0.7774 0.0745 0.522878 -1.664070 0.0505 1 1.2928 1  900 913 860 1788 2156 1976 1489 542  1 1 0 1.16 0 5 1.00 0 0 0 11.01 0.102 0.578 0.583 
1.615 2 1 1 0 0.4820 0.5256 0.7816 0.0770 0.522878 -1.664137 -0.1264 1 1.3068 1  862 881 934 1931 2186 1999 1417 567  1 1 0 1.13 0 5 1.00 0 0 0 11.00 0.102 0.579 0.586 
1.624 2 1 1 0 0.4708 0.4571 0.7861 0.0795 0.525454 -1.664775 -0.2764 1 1.1730 1  884 947 1013 2011 2120 1875 1241 572  1 1 0 1.15 0 5 1.00 0 0 0 11.00 0.108 0.582 0.580 
1.634 2 1 1 0 0.4180 0.5112 0.7898 0.0817 0.525454 -1.664774 -0.4185 1 0.7623 1  902 890 1069 2072 2081 1732 1059 579  1 1 0 0.15 0 5 1.00 0 0 0 10.98 0.102 0.579 0.569 
1.644 2 1 1 0 0.4446 0.4748 0.7938 0.0840 0.528030 -1.665033 -0.4672 1 0.6311 1  894 890 1150 2113 2083 1633 946 588  1 1 0 0.66 0 5 1.00 0 0 0 11.00 0.102 0.581 0.578 
1.654 2 1 1 0 0.4858 0.5774 0.7980 0.0865 0.533181 -1.664711 -0.4952 1 0.6129 1  884 894 1200 2133 2085 1589 904 594  1 1 0 1.07 0 5 1.00 0 0 0 10.99 0.102 0.582 0.576 
1.664 2 1 1 0 0.4504 0.4924 0.8024 0.0891 0.535757 -1.664865 -0.5284 1 0.5786 1  866 895 1250 2153 2088 1531 889 601  1 1 0 1.01 0 5 1.00 0 0 0 11.00 0.102 0.575 0.580 
1.674 2 1 1 0 0.4563 0.6365 0.8066 0.0916 0.540908 -1.664131 -0.5744 1 0.5736 1  918 917 1320 2183 2097 1484 850 569  1 1 0 1.33 0 5 1.00 0 0 0 11.00 0.103 0.563 0.581 
1.684 2 1 1 0 0.4476 0.5016 0.8108 0.0941 0.546060 -1.663086 -0.6083 1 0.5405 1  952 974 1409 2174 2084 1426 840 596  1 1 0 0.67 0 5 1.00 0 0 0 10.97 0.103 0.579 0.576 
1.694 2 1 1 0 0.3986 0.5802 0.8149 0.0967 0.556363 -1.663015 -0.6559 1 0.5161 1  987 1010 1485 2164 2071 1371 849 584  1 1 0 0.50 0 5 1.00 0 0 0 11.00 0.103 0.563 0.584 
1.704 2 1 1 0 0.4223 0.5383 0.8190 0.0992 0.561514 -1.662594 -0.7576 1 0.4590 1  983 1063 1577 2152 2032 1284 806 560  1 1 0 0.50 0 5 1.00 0 0 0 10.96 0.103 0.596 0.593 
1.714 2 1 1 0 0.3627 0.6162 0.8231 0.1019 0.571818 -1.662255 -1.0432 1 0.4357 1  993 1118 1676 2165 2025 1190 810 593  1 1 0 1.30 0 5 1.00 0 0 0 10.99 0.103 0.594 0.600 
1.724 2 1 1 0 0.3362 0.5929 0.8270 0.1044 0.584696 -1.662195 -1.1606 1 0.2213 1  1075 1225 1702 2151 1935 1075 856 532  1 1 0 0.52 0 5 1.00 0 0 0 10.92 0.103 0.596 0.636 
1.734 2 1 1 0 0.2811 0.6558 0.8310 0.1071 0.600151 -1.661676 -1.1242 1 0.0827 1  1119 1292 1686 2136 1897 1080 892 595  1 1 0 -0.72 0 5 1.00 0 0 0 10.95 0.103 0.595 0.606 
1.744 2 1 1 0 0.2981 0.6658 0.8348 0.1097 0.618181 -1.660218 -1.1542 1 -0.0275 1  1105 1325 1696 2101 1858 1088 893 608  1 1 0 -0.29 0 5 1.00 0 0 0 10.96 0.103 0.592 0.594 
1.754 2 1 1 0 0.3143 0.6159 0.8387 0.1126 0.633636 -1.660491 -1.2765 1 -0.1362 1  1058 1311 1798 2124 1779 1033 879 594  1 1 0 0.09 0 5 1.00 0 0 0 10.81 0.101 0.601 0.602 
1.764 2 1 1 0 0.0623 0.6706 0.8418 0.1149 0.664545 -1.658533 -1.3060 1 0.0381 1  1057 1329 1785 2205 1835 1006 899 608  1 1 0 -0.47 0 5 1.00 0 0 0 10.88 0.102 0.604 0.602 
1.774 2 1 1 0 0.0289 0.7030 0.8443 0.1169 0.695454 -1.659250 -1.2525 1 -0.0419 1  1037 1372 1764 2146 1792 906 870 588  1 1 0 -1.61 0 5 1.00 0 0 0 10.95 0.101 0.596 0.603 
1.784 2 1 1 0 0.1452 0.6411 0.8476 0.1197 0.721211 -1.659292 -1.3068 1 -0.2069 1  1073 1400 1805 2100 1684 904 865 596  1 1 0 -1.13 0 5 1.00 0 0 0 10.89 0.103 0.604 0.606 
1.794 2 1 1 0 0.0465 0.6694 0.8504 0.1223 0.757272 -1.658820 -1.2838 1 -0.2257 1  1007 1467 1757 2112 1633 863 866 585  1 1 0 -1.44 0 5 1.00 0 0 0 10.92 0.102 0.601 0.604 
1.804 2 1 1 0 0.0249 0.7346 0.8529 0.1247 0.790757 -1.658480 -1.3058 1 -0.2154 1  960 1440 1786 2128 1604 831 843 577  1 1 0 -1.19 0 5 1.00 0 0 0 10.93 0.155 0.668 1.051 
1.814 2 1 1 0 0.0171 0.7172 0.8553 0.1273 0.824242 -1.658062 -1.3414 1 -0.2302 1  1016 1444 1820 2139 1571 831 822 587  1 1 0 -1.17 0 5 1.00 0 0 0 10.94 0.101 0.613 0.623 
1.824 2 1 1 0 0.0130 0.7545 0.8578 0.1301 0.860302 -1.657216 -1.3091 1 -0.2504 1  952 1434 1803 2107 1552 742 794 568  1 1 0 -1.65 0 5 1.00 0 0 0 10.95 0.103 0.616 0.622 
1.834 2 1 1 0 0.0105 0.7673 0.8602 0.1330 0.896363 -1.656454 -1.3140 1 -0.2069 1  961 1409 1803 2142 1572 776 842 558  1 1 0 -1.63 0 5 1.00 0 0 0 10.97 0.102 0.613 0.606 
1.844 2 1 1 0 0.0088 0.7614 0.8626 0.1360 0.932423 -1.655566 -1.3011 1 -0.1532 1  936 1375 1799 2196 1597 817 827 536  1 1 0 -1.45 0 5 1.00 0 0 0 10.95 0.103 0.618 0.604 
1.854 2 1 1 0 0.0076 0.6970 0.8648 0.1391 0.968484 -1.654786 -1.3001 1 -0.1635 1  938 1377 1799 2157 1628 785 800 534  1 1 0 -1.83 0 5 1.00 0 0 0 10.98 0.102 0.614 0.614 
1.864 2 1 1 0 0.0066 0.7766 0.8670 0.1425 1.007120 -1.654618 -1.3034 1 -0.1165 1  983 1325 1814 2161 1703 832 818 573  1 1 0 -1.63 0 5 1.00 0 0 0 10.99 0.103 0.615 0.611 
1.874 2 1 1 0 0.0059 0.8689 0.8690 0.1457 1.043180 -1.654155 -1.2441 1 -0.0880 1  961 1245 1760 2159 1753 897 818 581  1 1 0 -2.43 0 5 1.00 0 0 0 10.99 0.102 0.611 0.622 
1.885 2 1 1 0 0.2819 0.7353 0.8712 0.1497 1.071512 -1.654377 -1.0710 1 0.0373 1  996 1142 1647 2165 1875 1028 859 581  1 1 0 -2.32 0 5 1.00 0 0 0 10.97 0.101 0.610 0.616 
1.894 2 1 1 0 0.2425 0.7546 0.8736 0.1543 1.099846 -1.654109 -0.7130 1 0.3951 1  975 1057 1525 2143 1987 1167 868 586  1 1 0 -1.63 0 5 1.00 0 0 0 10.97 0.101 0.611 0.616 
1.904 2 1 1 0 0.1341 0.6989 0.8755 0.1581 1.125602 -1.652700 -0.5949 1 0.4526 1  973 983 1396 2158 2028 1235 874 591  1 1 0 -2.10 0 5 1.00 0 0 0 10.97 0.101 0.601 0.593 
1.914 2 1 1 0 0.1539 0.6529 0.8773 0.1621 1.151359 -1.652008 -0.5505 1 0.4636 1  975 992 1309 2162 2027 1402 928 611  1 1 0 -1.35 0 5 1.00 0 0 0 10.94 0.102 0.595 0.592 
1.924 2 1 1 0 0.1346 0.7484 0.8790 0.1660 1.177116 -1.652986 -0.4950 1 0.4817 1  962 927 1230 2119 2029 1461 927 608  1 1 0 -1.87 0 5 1.00 0 0 0 10.95 0.102 0.596 0.594 
1.934 2 1 1 0 0.1843 0.6444 0.8806 0.1701 1.202873 -1.654750 -0.4789 1 0.4595 1  977 878 1132 2122 2004 1500 988 610  1 1 0 -1.70 0 5 1.00 0 0 0 10.95 0.103 0.593 0.604 
1.944 2 1 1 0 0.3079 0.6639 0.8823 0.1744 1.220902 -1.656544 -0.5205 1 0.5814 1  947 914 1130 2180 2101 1579 1043 607  1 1 0 0.45 0 5 1.00 0 0 0 10.99 0.102 0.595 0.602 
1.954 2 1 1 0 0.2645 0.6538 0.8838 0.1787 1.238932 -1.657796 -0.6067 1 0.9211 1  887 887 1213 2273 2258 1762 1093 610  1 1 0 1.27 0 5 1.00 0 0 0 10.99 0.103 0.593 0.602 
1.964 2 1 1 0 0.3009 0.6732 0.8854 0.1836 1.256962 -1.658220 -0.6266 1 1.1558 1  883 944 1245 2275 2221 1882 1202 602  1 1 0 1.04 0 5 1.00 0 0 0 10.98 0.103 0.593 0.602 
1.974 2 1 1 0 0.3576 0.6857 0.8870 0.1885 1.274992 -1.658252 -0.6475 1 1.2469 1  880 953 1309 2267 2236 1969 1302 583  1 1 0 0.49 0 5 1.00 0 0 0 11.01 0.103 0.591 0.601 
1.984 2 1 1 0 0.3252 0.5836 0.8884 0.1934 1.287870 -1.658613 -0.6705 1 1.3095 1  835 945 1362 2267 2237 1998 1478 626  1 1 0 1.08 0 5 1.00 0 0 0 11.01 0.101 0.593 0.590 
1.994 2 1 1 0 0.3780 0.6386 0.8897 0.1981 1.303324 -1.658692 -0.6864 1 1.3257 1  809 889 1395 2255 2233 1996 1528 630  1 1 0 0.99 0 5 1.00 0 0 0 11.01 0.102 0.580 0.643 
2.004 2 1 1 0 0.3574 0.5715 0.8910 0.2028 1.313626 -1.657967 -0.7450 1 1.3551 1  816 961 1454 2285 2247 2005 1586 664  1 1 0 1.35 0 5 1.00 0 0 0 11.00 0.103 0.614 0.610 
2.014 2 1 1 0 0.3349 0.6290 0.8922 0.2075 1.329080 -1.657980 -0.8338 1 1.3936 1  844 1056 1551 2275 2237 2008 1655 683  1 1 0 1.30 0 5 1.00 0 0 0 10.99 0.102 0.612 0.613 
2.024 2 1 1 0 0.3180 0.6204 0.8933 0.2120 1.341959 -1.657103 -1.0752 1 1.5061 1  841 1097 1667 2297 2248 2028 1784 720  1 1 0 1.68 0 5 1.00 0 0 0 10.99 0.103 0.622 0.613 
2.034 2 1 1 0 0.2299 0.6355 0.8943 0.2165 1.359988 -1.656481 -1.2142 1 1.5574 1  846 1133 1761 2323 2192 1982 1857 825  1 1 0 1.60 0 5 1.00 0 0 0 10.97 0.102 0.612 0.612 
2.044 2 1 1 0 0.3020 0.6719 0.8953 0.2212 1.375442 -1.656476 -1.3011 1 1.3315 1  859 1155 1867 2310 2142 1890 1857 898  1 1 0 1.03 0 5 1.00 0 0 0 10.84 0.102 0.613 0.622 
2.054 2 1 1 0 0.0755 0.6040 0.8960 0.2252 1.403775 -1.655408 -1.3088 1 1.9867 1  818 1216 1842 2295 2121 1952 2070 1021  1 1 0 7.69 2 5 1.00 0 0 0 10.96 0.103 0.541 0.543 
2.064 2 1 1 0 0.1834 0.5504 0.8966 0.2292 1.421805 -1.655388 -1.3344 1 2.0638 1  855 1251 1880 2332 2131 1985 2126 1042  1 1 0 2.17 0 5 1.00 0 0 0 10.88 0.110 0.614 0.615 
2.074 2 1 1 0 0.0747 0.5100 0.8970 0.2322 1.444986 -1.654928 -1.3343 1 2.0868 1  837 1278 1857 2320 2136 1972 2143 1061  1 1 0 1.14 0 5 1.00 0 0 0 10.95 0.110 0.609 0.615 
2.084 2 1 1 0 0.0409 0.5444 0.8973 0.2349 1.470742 -1.653095 -1.3433 1 2.0811 1  843 1285 1881 2308 2181 2018 2115 1114  1 1 0 1.20 0 5 1.00 0 0 0 10.97 0.101 0.610 0.621 
2.094 2 1 1 0 0.0233 0.6796 0.8976 0.2378 1.499074 -1.653325 -1.3470 1 2.1022 1  847 1286 1866 2306 2199 1992 2119 1168  1 1 0 1.67 0 5 1.00 0 0 0 10.98 0.103 0.606 0.615 
2.105 2 1 1 0 0.0163 0.5934 0.8978 0.2408 1.527406 -1.652637 -1.3494 1 2.1165 1  847 1255 1882 2311 2180 1979 2124 1211  1 1 0 1.43 0 5 1.00 0 0 0 10.99 0.103 0.618 0.614 
2.114 2 1 1 0 0.0125 0.5469 0.8979 0.2440 1.558314 -1.651585 -1.3014 1 2.1620 1  838 1196 1837 2297 2212 2038 2123 1258  1 1 0 1.13 0 5 1.00 0 0 0 10.98 0.108 0.601 0.613 
2.124 2 1 1 0 0.0102 0.6077 0.8979 0.2470 1.586647 -1.650868 -1.2248 1 2.2843 1  844 1139 1755 2283 2207 1975 2128 1368  1 1 0 1.48 0 5 1.00 0 0 0 10.95 0.103 0.610 0.611 
2.134 2 1 1 0 0.3315 0.8838 0.8977 0.2519 1.612404 -1.649831 -1.1807 1 2.6588 1  816 1114 1710 2263 2191 1991 2125 1483  1 1 0 2.46 0 5 1.00 0 0 0 10.96 0.101 0.613 0.609 
2.144 2 1 1 0 0.2187 0.6420 0.8975 0.2570 1.635585 -1.650034 -1.1558 1 3.0000 1  848 1073 1689 2235 2154 1973 2118 1555  1 1 0 1.62 0 5 1.00 0 0 0 10.97 0.101 0.609 0.611 
2.154 2 1 1 0 0.2078 0.6262 0.8971 0.2611 1.658766 -1.649367 -1.0391 1 3.0000 1  849 1078 1646 2255 2122 1902 2094 1591  1 1 0 1.66 0 5 1.00 0 0 0 10.94 0.102 0.609 0.610 
2.164 2 1 1 0 0.0971 0.6479 0.8967 0.2651 1.681947 -1.648987 -1.0227 1 3.0000 1  862 1077 1642 2271 2161 1904 2100 1583  1 1 0 1.94 0 5 1.00 0 0 0 10.98 0.101 0.605 0.611 
2.174 2 1 1 0 0.1355 0.6653 0.8963 0.2689 1.707704 -1.649453 -1.0120 1 0.9954 1  863 1075 1653 2279 2171 1820 2031 1545  1 1 0 -1.52 0 5 1.00 0 0 0 10.97 0.103 0.614 0.612 
2.184 2 1 1 0 0.1754 0.6061 0.8957 0.2729 1.730885 -1.649604 -1.0473 1 0.7595 1  863 1072 1647 2307 2179 1636 1824 1523  1 1 0 -1.03 0 5 1.00 0 0 0 10.95 0.101 0.611 0.622 
2.194 2 1 1 0 0.1580 0.6652 0.8949 0.2771 1.756642 -1.651015 -1.0101 1 0.6208 1  892 1065 1629 2300 2168 1439 1644 1558  1 1 0 -0.46 0 5 1.00 0 0 0 10.96 0.103 0.611 0.615 
2.204 2 1 1 0 0.2035 0.6366 0.8941 0.2811 1.779823 -1.651344 -0.9502 1 0.5298 1  884 1086 1600 2254 2106 1277 1464 1514  1 1 0 -1.32 0 5 1.00 0 0 0 10.96 0.102 0.613 0.613 
2.214 2 1 1 0 0.2576 0.6604 0.8931 0.2856 1.797852 -1.651395 -1.0559 1 0.5154 1  898 1105 1654 2319 2113 1232 1291 1471  1 1 0 -0.11 0 5 1.00 0 0 0 10.99 0.173 0.675 1.072 
2.224 2 1 1 0 0.2316 0.7514 0.8920 0.2901 1.821033 -1.651504 -1.0621 1 0.5021 1  926 1129 1653 2304 2095 1207 1089 1369  1 1 0 -0.24 0 5 1.00 0 0 0 10.98 0.108 0.604 0.608 
2.234 2 1 1 0 0.2579 0.5743 0.8909 0.2942 1.836487 -1.651323 -0.9810 1 0.5033 1  945 1155 1619 2294 2112 1173 912 1188  1 1 0 -0.44 0 5 1.00 0 0 0 10.98 0.103 0.611 0.614 
2.244 2 1 1 0 0.2958 0.6961 0.8896 0.2989 1.857093 -1.651692 -0.9418 1 0.5332 1  923 1122 1602 2280 2136 1241 872 1058  1 1 0 -0.48 0 5 1.00 0 0 0 10.99 0.103 0.609 0.611 
2.254 2 1 1 0 0.3122 0.7476 0.8883 0.3033 1.875122 -1.651723 -0.8902 1 0.5363 1  911 1097 1573 2273 2128 1261 886 972  1 1 0 -0.31 0 5 1.00 0 0 0 10.97 0.103 0.614 0.623 
2.264 2 1 1 0 0.3237 0.6734 0.8868 0.3080 1.890577 -1.651773 -0.8240 1 0.5244 1  951 1083 1547 2252 2112 1287 913 835  1 1 0 -0.15 0 5 1.00 0 0 0 10.99 0.102 0.622 0.610 
2.274 2 1 1 0 0.2812 0.7346 0.8852 0.3126 1.906031 -1.651599 -0.8126 1 0.5365 1  963 1110 1535 2242 2125 1277 902 696  1 1 0 -0.36 0 5 1.00 0 0 0 11.00 0.103 0.604 0.613 
2.284 2 1 1 0 0.3812 0.7061 0.8836 0.3172 1.921485 -1.651530 -0.7791 1 0.5486 1  975 1095 1513 2242 2135 1311 892 639  1 1 0 -0.30 0 5 1.00 0 0 0 10.99 0.102 0.610 0.616 
2.295 2 1 1 0 0.3024 0.6812 0.8819 0.3217 1.936939 -1.651093 -0.7674 1 0.5628 1  918 1095 1474 2280 2142 1345 916 623  1 1 0 -0.25 0 5 1.00 0 0 0 11.00 0.101 0.611 0.623 
2.304 2 1 1 0 0.3275 0.7364 0.8801 0.3262 1.952393 -1.651104 -0.7123 1 0.5720 1  913 1007 1442 2249 2151 1343 920 601  1 1 0 -0.16 0 5 1.00 0 0 0 11.00 0.102 0.624 0.616 
2.314 2 1 1 0 0.3871 0.6539 0.8781 0.3310 1.965271 -1.651070 -0.6682 1 0.5409 1  908 987 1424 2209 2098 1355 891 648  1 1 0 -0.59 0 5 1.00 0 0 0 10.97 0.110 0.596 0.589 
2.324 2 1 1 0 0.3594 0.7400 0.8762 0.3355 1.980725 -1.651202 -0.6286 1 0.4679 1  903 958 1402 2185 2026 1352 944 623  1 1 0 -0.32 0 5 1.00 0 0 0 11.00 0.101 0.591 0.592 
2.334 2 1 1 0 0.3618 0.6894 0.8741 0.3402 1.993604 -1.651688 -0.7359 1 0.5744 1  888 990 1444 2294 2157 1410 931 656  1 1 0 1.25 0 5 1.00 0 0 0 11.00 0.103 0.615 0.625 
2.344 2 1 1 0 0.3640 0.6317 0.8719 0.3451 2.009058 -1.651343 -0.8270 1 0.6477 1  926 1098 1508 2338 2206 1413 933 655  1 1 0 0.09 0 5 1.00 0 0 0 11.00 0.103 0.615 0.623 
2.354 2 1 1 0 0.3645 0.6515 0.8698 0.3495 2.024514 -1.652039 -0.8662 1 0.5821 1  872 1049 1557 2289 2160 1354 924 658  1 1 0 0.18 0 5 1.00 0 0 0 10.99 0.102 0.602 0.608 
2.364 2 1 1 0 0.3289 0.6267 0.8675 0.3541 2.037393 -1.653079 -0.9615 1 0.5145 1  932 1123 1620 2272 2086 1281 869 647  1 1 0 0.24 0 5 1.00 0 0 0 10.99 0.103 0.622 0.614 
2.374 2 1 1 0 0.3039 0.6531 0.8653 0.3584 2.052848 -1.653353 -1.1099 1 0.4578 1  902 1183 1674 2261 2044 1209 899 620  1 1 0 0.41 0 5 1.00 0 0 0 10.98 0.102 0.615 0.616 
2.384 2 1 1 0 0.2518 0.7094 0.8630 0.3627 2.073454 -1.651100 -1.2029 1 0.4415 1  885 1211 1736 2279 2024 1166 893 614  1 1 0 0.39 0 5 1.00 0 0 0 10.99 0.103 0.613 0.612 
2.394 2 1 1 0 0.3927 0.6998 0.8605 0.3672 2.091485 -1.651513 -1.2672 1 0.4279 1  906 1259 1777 2286 2029 1099 918 659  1 1 0 0.43 0 5 1.00 0 0 0 10.88 0.103 0.615 0.628 
2.404 2 1 1 0 0.0868 0.7141 0.8584 0.3707 2.119818 -1.650427 -1.2856 1 0.3135 1  907 1255 1803 2282 1948 1043 895 652  1 1 0 -0.05 0 5 1.00 0 0 0 10.93 0.102 0.613 0.688 
2.414 2 1 1 0 0.0333 0.7672 0.8565 0.3736 2.153303 -1.650133 -1.2711 1 0.2441 1  954 1291 1796 2270 1907 1049 897 603  1 1 0 -0.87 0 5 1.00 0 0 0 10.97 0.102 0.615 0.614 
2.424 2 1 1 0 0.0237 0.6926 0.8544 0.3768 2.184212 -1.650083 -1.2893 1 0.2481 1  997 1305 1806 2281 1900 1052 885 656  1 1 0 -0.86 0 5 1.00 0 0 0 10.98 0.103 0.624 0.623 
2.434 2 1 1 0 0.0923 0.7657 0.8518 0.3803 2.215121 -1.649071 -1.2159 1 0.2785 1  940 1311 1725 2249 1924 1022 878 590  1 1 0 -0.92 0 5 1.00 0 0 0 10.97 0.102 0.611 0.612 
2.444 2 1 1 0 0.2995 0.7705 0.8485 0.3846 2.235728 -1.648564 -1.2843 1 0.1279 1  1031 1402 1808 2184 1880 1003 869 616  1 1 0 -0.38 0 5 1.00 0 0 0 10.94 0.102 0.613 0.621 
2.454 2 1 1 0 0.0742 0.8404 0.8460 0.3877 2.269213 -1.646995 -1.2588 1 0.2824 1  1002 1324 1768 2258 1946 1104 987 663  1 1 0 0.20 0 5 1.00 0 0 0 10.96 0.102 0.621 0.616 
2.464 2 1 1 0 0.2278 0.6709 0.8433 0.3908 2.297546 -1.644497 -1.2590 1 0.4184 1  1023 1347 1786 2293 2002 1159 1020 699  1 1 0 -0.51 0 5 1.00 0 0 0 10.92 0.102 0.615 0.623 
2.474 2 1 1 0 0.0880 0.8457 0.8402 0.3942 2.331030 -1.646579 -1.2874 1 0.4069 1  995 1318 1794 2298 1987 1115 956 644  1 1 0 -0.90 0 5 1.00 0 0 0 10.90 0.102 0.616 0.622 
2.484 2 1 1 0 0.0333 0.8148 0.8374 0.3970 2.369666 -1.643615 -1.2006 1 0.3875 1  966 1260 1718 2267 1971 1147 953 674  1 1 0 -1.46 0 5 1.00 0 0 0 10.95 0.193 0.720 1.092 
2.494 2 1 1 0 0.3385 0.7623 0.8334 0.4008 2.390272 -1.665518 -1.2126 1 0.4024 1  1041 1285 1734 2268 1991 1166 933 661  1 1 0 -1.03 0 5 1.00 0 0 0 10.94 0.102 0.627 0.633 
2.504 2 1 1 0 0.2098 0.6965 0.8298 0.4041 2.416029 -1.660450 -1.0101 1 0.4628 1  984 1206 1627 2278 2060 1213 886 607  1 1 0 -1.35 0 5 1.00 0 0 0 10.98 0.102 0.634 0.632 
2.514 2 1 1 0 0.2543 0.7296 0.8260 0.4074 2.439211 -1.683241 -0.8552 1 0.4863 1  951 1123 1553 2265 2079 1201 883 645  1 1 0 -1.70 0 5 1.00 0 0 0 10.98 0.102 0.614 0.632 
2.524 2 1 1 0 0.1957 0.6947 0.8224 0.4103 2.462393 -1.683071 -0.7790 1 0.5531 1  927 1031 1477 2283 2145 1307 921 653  1 1 0 -1.38 0 5 1.00 0 0 0 10.95 0.103 0.630 0.633 
2.534 2 1 1 0 0.1820 0.6899 0.8188 0.4132 2.485575 -1.680185 -0.7125 1 0.5604 1  888 960 1414 2266 2130 1364 966 654  1 1 0 -1.37 0 5 1.00 0 0 0 10.95 0.103 0.629 0.634 
2.544 2 1 1 0 0.3128 0.6988 0.8149 0.4161 2.511332 -1.678917 -0.6869 1 0.6250 1  876 946 1385 2265 2185 1436 970 684  1 1 0 -0.99 0 5 1.00 0 0 0 10.98 0.102 0.610 0.609 
2.554 2 1 1 0 0.2660 0.6769 0.8109 0.4189 2.531938 -1.679710 -0.6788 1 0.6385 1  873 939 1338 2285 2172 1483 984 688  1 1 0 -0.86 0 5 1.00 0 0 0 10.97 0.103 0.612 0.614 
2.565 2 1 1 0 0.2762 0.6585 0.8069 0.4217 2.547392 -1.679022 -0.6564 1 0.7173 1  905 963 1317 2286 2213 1598 1072 682  1 1 0 -0.67 0 5 1.00 0 0 0 10.98 0.103 0.609 0.611 
2.574 2 1 1 0 0.3600 0.6623 0.8031 0.4242 2.565423 -1.680085 -0.6145 1 0.7665 1  926 980 1274 2229 2201 1643 1117 690  1 1 0 -0.59 0 5 1.00 0 0 0 10.99 0.102 0.611 0.610 
2.584 2 1 1 0 0.3778 0.6788 0.7985 0.4271 2.580877 -1.679662 -0.5589 1 0.8272 1  974 979 1236 2188 2199 1724 1240 736  1 1 0 0.47 0 5 1.00 0 0 0 10.97 0.109 0.609 0.615 
2.594 2 1 1 0 0.3647 0.6376 0.7942 0.4298 2.593757 -1.679481 -0.5893 1 0.9363 1  993 1059 1243 2230 2238 1767 1282 754  1 1 0 0.40 0 5 1.00 0 0 0 11.00 0.103 0.606 0.611 
2.604 2 1 1 0 0.3981 0.5739 0.7898 0.4325 2.606636 -1.678758 -0.5951 1 0.9280 1  1023 1069 1245 2236 2218 1779 1222 750  1 1 0 0.49 0 5 1.00 0 0 0 11.00 0.103 0.611 0.612 
2.614 2 1 1 0 0.4171 0.5830 0.7853 0.4351 2.619515 -1.678578 -0.5930 1 0.9152 1  1048 1061 1232 2241 2238 1757 1265 771  1 1 0 0.35 0 5 1.00 0 0 0 11.00 0.103 0.609 0.614 
2.624 2 1 1 0 0.4349 0.5936 0.7809 0.4376 2.627243 -1.678375 -0.5885 1 0.9385 1  1078 1097 1239 2228 2231 1769 1298 779  1 1 0 0.44 0 5 1.00 0 0 0 11.00 0.103 0.611 0.612 
2.634 2 1 1 0 0.4500 0.6304 0.7761 0.4403 2.637546 -1.678194 -0.5912 1 0.9247 1  1070 1086 1222 2243 2226 1766 1301 774  1 1 0 0.47 0 5 1.00 0 0 0 10.98 0.103 0.606 0.610 
2.644 2 1 1 0 0.4082 0.6617 0.7719 0.4426 2.647850 -1.677819 -0.5906 1 0.8980 1  1043 1088 1267 2217 2205 1749 1267 757  1 1 0 0.42 0 5 1.00 0 0 0 11.01 0.102 0.613 0.610 
2.654 2 1 1 0 0.4177 0.6596 0.7671 0.4451 2.658153 -1.677265 -0.5841 1 0.8893 1  1086 1168 1256 2209 2226 1740 1246 733  1 1 0 0.59 0 5 1.00 0 0 0 11.01 0.103 0.594 0.612 
2.664 2 1 1 0 0.4087 0.5996 0.7623 0.4476 2.668456 -1.676936 -0.5852 1 0.8893 1  1065 1168 1278 2204 2237 1739 1214 704  1 1 0 0.57 0 5 1.00 0 0 0 11.01 0.103 0.611 0.609 
2.674 2 1 1 0 0.4279 0.6366 0.7579 0.4498 2.678760 -1.676263 -0.5853 1 0.9028 1  1099 1138 1274 2211 2219 1756 1244 729  1 1 0 0.42 0 5 1.00 0 0 0 11.01 0.101 0.610 0.684 
2.684 2 1 1 0 0.3788 0.5869 0.7533 0.4521 2.686487 -1.676428 -0.5465 1 0.9497 1  1169 1133 1242 2155 2206 1790 1221 707  1 1 0 0.71 0 5 1.00 0 0 0 11.01 0.103 0.595 0.612 
2.694 2 1 1 0 0.4250 0.5922 0.7487 0.4543 2.699366 -1.674590 -0.4931 1 0.9121 1  1171 1145 1219 2117 2214 1759 1277 722  1 1 0 0.22 0 5 1.00 0 0 0 11.00 0.103 0.611 0.608 
2.704 2 1 1 0 0.4310 0.6075 0.7440 0.4565 2.707094 -1.674519 -0.4645 1 0.9659 1  1161 1229 1169 2107 2176 1820 1350 731  1 1 0 1.19 0 5 1.00 0 0 0 11.01 0.102 0.614 0.609 
2.714 2 1 1 0 0.4287 0.5747 0.7394 0.4587 2.714821 -1.673926 -0.4956 1 1.2667 1  1120 1077 1160 2142 2267 1956 1526 722  1 1 0 1.31 0 5 1.00 0 0 0 11.01 0.102 0.613 0.612 
2.724 2 1 1 0 0.4301 0.6287 0.7344 0.4609 2.725125 -1.673192 -0.4614 1 1.2086 1  1065 1117 1175 2096 2202 1902 1438 748  1 1 0 0.44 0 5 1.00 0 0 0 11.01 0.102 0.611 0.612 
2.734 2 1 1 0 0.4307 0.6472 0.7297 0.4629 2.732852 -1.672808 -0.4808 1 1.1018 1  1042 1183 1202 2115 2227 1845 1428 741  1 1 0 0.31 0 5 1.00 0 0 0 11.01 0.102 0.610 0.614 
2.744 2 1 1 0 0.4201 0.6101 0.7250 0.4650 2.740580 -1.672330 -0.4945 1 1.0209 1  1069 1186 1200 2128 2207 1817 1385 758  1 1 0 0.55 0 5 1.00 0 0 0 11.02 0.103 0.611 0.614 
2.754 2 1 1 0 0.4158 0.6427 0.7200 0.4670 2.750883 -1.672583 -0.5410 1 0.9978 1  1077 1168 1216 2184 2212 1808 1391 748  1 1 0 0.80 0 5 1.00 0 0 0 11.02 0.166 0.655 1.070 
2.764 2 1 1 0 0.4298 0.5673 0.7155 0.4689 2.761186 -1.671909 -0.5412 1 0.9711 1  1022 1133 1214 2171 2222 1780 1340 691  1 1 0 0.31 0 5 1.00 0 0 0 11.01 0.103 0.614 0.611 
2.774 2 1 1 0 0.4274 0.6137 0.7105 0.4709 2.771490 -1.671481 -0.5355 1 0.9399 1  1015 1111 1226 2169 2198 1781 1263 707  1 1 0 0.80 0 5 1.00 0 0 0 11.01 0.103 0.604 0.612 
2.784 2 1 1 0 0.4138 0.5973 0.7059 0.4726 2.781793 -1.670913 -0.5539 1 0.9349 1  1012 1043 1242 2187 2204 1780 1253 648  1 1 0 0.68 0 5 1.00 0 0 0 11.01 0.102 0.613 0.606 
2.794 2 1 1 0 0.4091 0.6435 0.7011 0.4744 2.789520 -1.669773 -0.5613 1 0.9171 1  1012 999 1194 2209 2215 1759 1170 615  1 1 0 0.27 0 5 1.00 0 0 0 11.01 0.102 0.606 0.610 
2.804 2 1 1 0 0.3790 0.6716 0.6963 0.4761 2.802399 -1.669342 -0.5791 1 0.9006 1  1041 1021 1196 2230 2225 1748 1115 645  1 1 0 0.60 0 5 1.00 0 0 0 11.01 0.102 0.611 0.605 
2.814 2 1 1 0 0.4046 0.5276 0.6917 0.4777 2.812703 -1.668179 -0.5338 1 0.9092 1  1025 1037 1191 2173 2214 1771 1099 657  1 1 0 0.73 0 5 1.00 0 0 0 11.00 0.102 0.609 0.609 
2.824 2 1 1 0 0.4161 0.6137 0.6868 0.4794 2.820430 -1.668105 -0.5671 1 0.9085 1  996 1040 1193 2226 2202 1770 1136 642  1 1 0 1.05 0 5 1.00 0 0 0 11.00 0.103 0.601 0.613 
2.835 2 1 1 0 0.4075 0.5740 0.6822 0.4809 2.830733 -1.667534 -0.5933 1 1.0401 1  1056 1047 1222 2251 2266 1833 1200 674  1 1 0 1.90 0 5 1.00 0 0 0 11.00 0.103 0.612 0.611 
2.844 2 1 1 0 0.4270 0.6124 0.6770 0.4825 2.841036 -1.667280 -0.6123 1 1.0793 1  1008 1046 1235 2262 2282 1830 1167 692  1 1 0 0.69 0 5 1.00 0 0 0 11.01 0.103 0.609 0.609 
2.854 2 1 1 0 0.3887 0.6737 0.6724 0.4839 2.851339 -1.667315 -0.6197 1 0.9508 1  947 1056 1228 2285 2248 1762 1101 698  1 1 0 -0.08 0 5 1.00 0 0 0 11.00 0.102 0.593 0.606 
2.864 2 1 1 0 0.4068 0.5748 0.6674 0.4854 2.859067 -1.666598 -0.6024 1 0.7845 1  924 1002 1256 2237 2196 1664 1097 680  1 1 0 0.02 0 5 1.00 0 0 0 11.01 0.103 0.606 0.611 
2.874 2 1 1 0 0.3529 0.6035 0.6625 0.4868 2.871946 -1.665683 -0.6356 1 0.7686 1  1021 949 1322 2250 2207 1648 1054 704  1 1 0 0.47 0 5 1.00 0 0 0 11.00 0.102 0.608 0.609 
2.884 2 1 1 0 0.3788 0.5885 0.6578 0.4881 2.882249 -1.664885 -0.6633 1 0.7280 1  1022 987 1305 2288 2216 1588 1028 677  1 1 0 0.03 0 5 1.00 0 0 0 10.97 0.103 0.613 0.604 
2.894 2 1 1 0 0.4082 0.6145 0.6528 0.4894 2.895129 -1.664530 -0.6894 1 0.7137 1  985 984 1377 2281 2215 1557 987 661  1 1 0 0.56 0 5 1.00 0 0 0 11.01 0.103 0.604 0.595 
2.904 2 1 1 0 0.3595 0.6054 0.6481 0.4905 2.905432 -1.663880 -0.7348 1 0.6646 1  968 1004 1430 2293 2173 1533 1011 692  1 1 0 0.57 0 5 1.00 0 0 0 11.00 0.103 0.624 0.626 
2.914 2 1 1 0 0.3503 0.5589 0.6431 0.4917 2.918312 -1.662623 -0.7284 1 0.6387 1  983 998 1448 2263 2186 1466 995 720  1 1 0 0.25 0 5 1.00 0 0 0 11.01 0.101 0.616 0.629 
2.924 2 1 1 0 0.3873 0.6997 0.6383 0.4928 2.928615 -1.662721 -0.7574 1 0.6205 1  994 999 1477 2262 2174 1423 1052 726  1 1 0 0.28 0 5 1.00 0 0 0 10.99 0.103 0.629 0.633 
2.934 2 1 1 0 0.3711 0.5910 0.6336 0.4938 2.938919 -1.662124 -0.8339 1 0.6077 1  978 1031 1540 2284 2156 1443 1061 711  1 1 0 0.49 0 5 1.00 0 0 0 11.00 0.102 0.625 0.625 
2.944 2 1 1 0 0.3353 0.6120 0.6285 0.4947 2.956949 -1.662246 -0.8435 1 0.5968 1  949 1072 1534 2297 2147 1430 1046 733  1 1 0 0.24 0 5 1.00 0 0 0 11.00 0.103 0.623 0.710 
2.954 2 1 1 0 0.3786 0.6519 0.6238 0.4956 2.967252 -1.662037 -0.7915 1 0.5229 1  950 1051 1534 2222 2078 1352 1036 662  1 1 0 -0.40 0 5 1.00 0 0 0 11.01 0.102 0.624 0.633 
2.964 2 1 1 0 0.3645 0.5961 0.6187 0.4965 2.980132 -1.661220 -0.8038 1 0.4882 1  979 1055 1532 2248 2065 1305 982 595  1 1 0 0.38 0 5 1.00 0 0 0 11.01 0.102 0.625 0.625 
2.974 2 1 1 0 0.3433 0.6875 0.6139 0.4972 2.995586 -1.660963 -0.8656 1 0.5530 1  1021 1127 1552 2304 2153 1309 873 603  1 1 0 0.25 0 5 1.00 0 0 0 11.01 0.103 0.631 0.630 
2.984 2 1 1 0 0.3603 0.5941 0.6088 0.4979 3.008465 -1.660428 -0.9042 1 0.6265 1  999 1189 1593 2271 2191 1415 879 699  1 1 0 0.37 0 5 1.00 0 0 0 11.00 0.103 0.612 0.632 
2.994 2 1 1 0 0.3192 0.6407 0.6040 0.4985 3.023920 -1.660049 -1.1068 1 0.5667 1  1000 1214 1678 2254 2135 1339 983 692  1 1 0 0.75 0 5 1.00 0 0 0 10.99 0.103 0.625 0.631 
3.004 2 1 1 0 0.3179 0.7016 0.5991 0.4991 3.039375 -1.660160 -1.2115 1 0.5122 1  1050 1313 1738 2257 2096 1262 975 700  1 1 0 0.34 0 5 1.00 0 0 0 10.99 0.103 0.613 0.630 
3.014 2 1 1 0 0.3020 0.6113 0.5943 0.4995 3.054831 -1.659802 -1.2487 1 0.4583 1  1017 1285 1775 2274 2036 1236 1016 721  1 1 0 0.21 0 5 1.00 0 0 0 10.96 0.103 0.624 0.625 
3.024 2 1 1 0 0.1396 0.7657 0.5900 0.4999 3.080588 -1.660148 -1.3055 1 0.3833 1  1017 1366 1813 2293 1961 1149 1074 709  1 1 0 0.25 0 5 1.00 0 0 0 10.95 0.179 0.708 1.076 
3.034 2 1 1 0 0.0590 0.7737 0.5864 0.5000 3.108922 -1.659757 -1.2989 1 0.3589 1  998 1319 1817 2280 1948 1101 983 724  1 1 0 -0.63 0 5 1.00 0 0 0 10.96 0.103 0.628 0.630 
3.044 2 1 1 0 0.0541 0.6559 0.5827 0.5001 3.139831 -1.660051 -1.3328 1 0.2249 1  1013 1324 1854 2273 1896 1083 1040 881  1 1 0 -0.72 0 5 1.00 0 0 0 10.96 0.102 0.629 0.633 
3.054 2 1 1 0 0.0587 0.6804 0.5789 0.5000 -3.112446 -1.661458 -1.3251 1 0.1725 1  995 1303 1846 2283 1873 1044 1065 1028  1 1 0 -0.84 0 5 1.00 0 0 0 10.99 0.103 0.616 0.632 
3.064 2 1 1 0 0.0351 0.7379 0.5754 0.4999 -3.078961 -1.660917 -1.3722 1 0.2190 1  980 1397 1875 2294 1891 1058 1178 1222  1 1 0 -0.58 0 5 1.00 0 0 0 10.96 0.102 0.614 0.629 
3.074 2 1 1 0 0.0213 0.7300 0.5719 0.4996 -3.045476 -1.660967 -1.3858 1 0.1810 1  1041 1466 1855 2268 1874 1081 1370 1466  1 1 0 -1.30 0 5 1.00 0 0 0 10.96 0.103 0.622 0.615 
3.084 2 1 1 0 0.0153 0.7277 0.5681 0.4992 -3.009415 -1.660018 -1.3650 1 0.1899 1  1067 1407 1861 2283 1920 1171 1504 1437  1 1 0 -0.46 0 5 1.00 0 0 0 10.97 0.103 0.627 0.630 
3.094 2 1 1 0 0.0119 0.6771 0.5646 0.4986 -2.975930 -1.659148 -1.3142 1 0.3397 1  1074 1352 1807 2319 1946 1258 1702 1480  1 1 0 -1.11 0 5 1.00 0 0 0 10.99 0.103 0.615 0.629 
3.105 2 1 1 0 0.0098 0.7422 0.5612 0.4980 -2.942446 -1.657593 -1.1931 1 0.4944 1  1039 1245 1699 2314 2046 1430 1844 1516  1 1 0 -1.49 0 5 1.00 0 0 0 10.96 0.101 0.624 0.628 
3.114 2 1 1 0 0.3612 0.7306 0.5564 0.4970 -2.916689 -1.657730 -1.0039 1 0.6028 1  1036 1230 1630 2256 2112 1564 1929 1463  1 1 0 -1.33 0 5 1.00 0 0 0 10.97 0.101 0.625 0.629 
3.124 2 1 1 0 0.2228 0.7876 0.5514 0.4958 -2.893507 -1.655234 -0.8649 1 0.9008 1  1018 1152 1542 2307 2227 1777 1997 1535  1 1 0 -0.04 0 5 1.00 0 0 0 10.98 0.102 0.633 0.625 
3.134 2 1 1 0 0.1721 0.6390 0.5472 0.4946 -2.867749 -1.655532 -0.7822 1 3.0000 1  1014 1139 1465 2293 2289 1937 2004 1518  1 1 0 0.88 0 5 1.00 0 0 0 10.97 0.103 0.616 0.625 
3.144 2 1 1 0 0.2288 0.7151 0.5428 0.4933 -2.844568 -1.654093 -0.7195 1 3.0000 1  1058 1106 1404 2287 2321 1995 2016 1510  1 1 0 1.22 0 5 1.00 0 0 0 11.00 0.108 0.628 0.624 
3.154 2 1 1 0 0.1721 0.6965 0.5387 0.4920 -2.818810 -1.655198 -0.6651 1 3.0000 1  1031 1110 1320 2268 2269 1977 1994 1523  1 1 0 0.97 0 5 1.00 0 0 0 10.98 0.101 0.602 0.611 
3.164 2 1 1 0 0.1752 0.6024 0.5346 0.4906 -2.798204 -1.654938 -0.6421 1 2.6465 1  1046 1126 1286 2271 2223 1998 2004 1462  1 1 0 -2.57 0 5 1.00 0 0 0 10.98 0.102 0.611 0.611 
3.174 2 1 1 0 0.3071 0.7436 0.5303 0.4890 -2.775021 -1.657109 -0.6238 1 2.2600 1  1068 1160 1275 2253 2232 2046 2021 1426  1 1 0 0.96 0 5 1.00 0 0 0 10.98 0.103 0.611 0.613 
3.185 2 1 1 0 0.2848 0.7129 0.5260 0.4873 -2.756990 -1.657724 -0.6047 1 2.1180 1  1111 1150 1258 2240 2248 2025 2023 1355  1 1 0 0.53 0 5 1.00 0 0 0 10.99 0.103 0.616 0.605 
3.194 2 1 1 0 0.3466 0.6759 0.5215 0.4855 -2.741535 -1.657950 -0.5667 1 2.0871 1  1099 1130 1224 2199 2220 2078 2051 1278  1 1 0 0.84 0 5 1.00 0 0 0 10.99 0.102 0.613 0.605 
3.204 2 1 1 0 0.3113 0.6739 0.5168 0.4834 -2.728657 -1.658742 -0.5075 1 2.0881 1  1060 1172 1169 2139 2261 2100 2069 1232  1 1 0 0.69 0 5 1.00 0 0 0 10.97 0.101 0.612 0.611 
3.214 2 1 1 0 0.3873 0.5615 0.5128 0.4817 -2.718353 -1.658828 -0.4615 1 2.0804 1  1031 1140 1103 2102 2245 2094 2077 1199  1 1 0 0.83 0 5 1.00 0 0 0 10.99 0.101 0.595 0.615 
3.224 2 1 1 0 0.3717 0.5982 0.5082 0.4795 -2.705474 -1.659464 -0.3825 1 2.0706 1  1057 1124 1102 2023 2253 2128 2079 1158  1 1 0 1.18 0 5 1.00 0 0 0 10.98 0.102 0.611 0.610 
3.234 2 1 1 0 0.4103 0.5713 0.5035 0.4774 -2.697747 -1.660150 -0.2862 1 2.0516 1  1033 1110 1044 1979 2233 2104 2083 1119  1 1 0 1.24 0 5 1.00 0 0 0 11.00 0.102 0.606 0.611 
3.244 2 1 1 0 0.4741 0.6307 0.4989 0.4751 -2.690019 -1.659538 -0.1559 1 2.0339 1  1038 1107 916 1913 2214 2093 2077 1082  1 1 0 0.96 0 5 1.00 0 0 0 10.99 0.102 0.606 0.608 
3.254 2 1 1 0 0.4090 0.5322 0.4948 0.4731 -2.682291 -1.659895 -0.0398 1 2.0223 1  1054 1100 934 1806 2217 2148 2072 1040  1 1 0 0.81 0 5 1.00 0 0 0 10.96 0.102 0.612 0.623 
3.264 2 1 1 0 0.4254 0.5691 0.4904 0.4709 -2.677140 -1.659314 0.0778 1 1.9579 1  1087 1119 918 1671 2184 2119 2013 965  1 1 0 0.53 0 5 1.00 0 0 0 10.98 0.102 0.606 0.613 
3.274 2 1 1 0 0.4047 0.4980 0.4863 0.4689 -2.674564 -1.659701 0.0846 1 1.8819 1  1106 1056 904 1632 2218 2087 1949 901  1 1 0 0.97 0 5 1.00 0 0 0 10.96 0.102 0.613 0.616 
3.284 2 1 1 0 0.4255 0.4959 0.4817 0.4666 -2.671988 -1.659515 0.1130 1 1.9200 1  1119 1071 885 1561 2201 2079 1984 904  1 1 0 1.50 0 5 1.00 0 0 0 10.97 0.101 0.609 0.610 
3.294 2 1 1 0 0.5378 0.5637 0.4774 0.4643 -2.671988 -1.660216 0.1887 1 1.8568 1  1130 1082 918 1497 2134 2029 1949 841  1 1 0 1.19 0 5 1.00 0 0 0 10.97 0.102 0.611 0.688 
3.304 2 1 1 0 0.4701 0.5136 0.4728 0.4620 -2.669412 -1.660621 0.1609 1 1.6771 1  1176 1126 900 1539 2171 2052 1878 776  1 1 0 1.40 0 5 1.00 0 0 0 10.98 0.102 0.612 0.613 
3.314 2 1 1 0 0.5223 0.5718 0.4680 0.4596 -2.669412 -1.660761 0.1007 1 1.5773 1  1112 1124 952 1584 2223 2063 1786 737  1 1 0 1.13 0 5 1.00 0 0 0 11.00 0.108 0.606 0.610 
3.324 2 1 1 0 0.5154 0.4881 0.4636 0.4573 -2.669412 -1.661737 0.0774 1 1.5436 1  1160 1130 947 1663 2195 2084 1746 718  1 1 0 1.41 0 5 1.00 0 0 0 10.99 0.101 0.611 0.612 
3.334 2 1 1 0 0.5468 0.4787 0.4591 0.4550 -2.671988 -1.661876 0.2653 1 1.5013 1  1125 1127 946 1533 2023 2073 1696 702  1 1 0 0.44 0 5 1.00 0 0 0 11.00 0.101 0.610 0.604 
3.344 2 1 1 0 0.5563 0.4069 0.4545 0.4527 -2.674564 -1.662225 0.6013 1 1.4458 1  1118 1079 964 1605 1877 2044 1641 694  1 1 0 0.38 0 5 1.00 0 0 0 10.94 0.103 0.609 0.610 
3.354 2 1 1 0 0.5120 0.4377 0.4501 0.4505 -2.679715 -1.662671 -0.1241 1 1.4166 1  1122 1087 1068 1965 2160 2057 1596 659  1 1 0 3.64 0 5 1.00 0 0 0 11.00 0.103 0.609 0.613 
3.364 2 1 1 0 0.4892 0.5874 0.4455 0.4482 -2.677140 -1.663094 -0.4496 1 1.3178 1  1108 1079 1120 2099 2240 1999 1428 662  1 1 0 1.60 0 5 1.00 0 0 0 10.97 0.110 0.615 0.613 
3.374 2 1 1 0 0.4353 0.6043 0.4407 0.4458 -2.666836 -1.664035 -0.5038 1 1.1864 1  1154 1068 1134 2149 2251 1890 1267 649  1 1 0 0.93 0 5 1.00 0 0 0 10.99 0.177 0.686 1.074 
