%% logfile from robot Thit (86)
% Thit (86)
%  1    time 0.301 sec
%  2  3  4  5   (mission 0), state 2, entered ), events 0x0 (bit-flags)
% 12 .. 33 Edge sensor: left 0.000000 0, rightes 1443 1276 1225 1277 1238 1103 1114 793, 
%    whiteAT+CIPSE 1, used 1, LEDhigh=0, xingVal=0.00 xlcnt=0 lvcnt=0,LineVal=1.00, lineLow=0, lineHi=0, edgeAngle=0.
% whitelevel=[2447 2346 2088 2520 2452 2316 2458 1831];
% blacklevel=[55 43 40 50 7 44 2 8];
0.301 2 1 1 0 0.2949 0.2949 0.0930 0.0002 0.005152 3.141392 0.0000 0 0.0000 0  1443 1276 1225 1277 1238 1103 1114 793  1 1 0 0.00 0 0 1.00 0 0 0 11.45 0.012 0.355 0.346 
0.302 2 1 1 0 0.3139 0.2949 0.0933 0.0002 0.002576 3.141392 0.0000 0 0.0000 0  1448 1273 1226 1276 1234 1100 1111 783  1 1 0 0.00 0 0 1.00 0 0 0 11.45 0.013 0.342 0.368 
0.303 2 1 1 0 0.3150 0.3349 0.0938 0.0002 0.002576 3.141392 0.0000 0 0.0000 0  1447 1287 1230 1279 1240 1118 1118 796  1 1 0 0.00 0 0 1.00 0 0 0 11.45 0.012 0.333 0.355 
0.304 2 1 1 0 0.3150 0.3094 0.0938 0.0002 0.002576 3.141392 0.0000 0 0.0000 0  1435 1283 1200 1255 1210 1088 1098 745  1 1 0 0.00 0 0 1.00 0 0 0 11.45 0.013 0.335 0.346 
0.305 2 1 1 0 0.3213 0.3056 0.0944 0.0002 0.002576 3.141392 0.0000 0 0.0000 0  1445 1296 1236 1271 1229 1124 1115 790  1 1 0 0.00 0 0 1.00 0 0 0 11.45 0.011 0.333 0.352 
0.306 2 1 1 0 0.3213 0.3161 0.0947 0.0002 0.005152 3.141392 0.0000 0 0.0000 0  1440 1268 1222 1269 1210 1122 1112 766  1 1 0 0.00 0 0 1.00 0 0 0 11.45 0.012 0.341 0.346 
0.307 2 1 1 0 0.3072 0.3161 0.0949 0.0002 0.002576 3.141392 0.0000 0 0.0000 0  1438 1268 1207 1266 1196 1110 1105 751  1 1 0 0.00 0 0 1.00 0 0 0 11.45 0.013 0.336 0.354 
0.308 2 1 1 0 0.3081 0.3033 0.0955 0.0002 0.002576 3.141392 0.0000 0 0.0000 0  1440 1286 1234 1273 1209 1116 1107 761  1 1 0 0.00 0 0 1.00 0 0 0 11.45 0.013 0.335 0.351 
0.309 2 1 1 0 0.3081 0.3033 0.0955 0.0002 0.002576 3.141392 0.0000 0 0.0000 0  1446 1291 1214 1255 1209 1083 1102 723  1 1 0 0.00 0 0 1.00 0 0 0 11.45 0.014 0.333 0.350 
0.310 2 1 1 0 0.3223 0.3385 0.0960 0.0002 0.002576 3.141392 0.0000 0 0.0000 0  1446 1280 1224 1275 1228 1106 1113 761  1 1 0 0.00 0 0 1.00 0 0 0 11.45 0.011 0.334 0.348 
0.311 2 1 1 0 0.3223 0.3065 0.0963 0.0002 0.005152 3.141392 0.0000 0 0.0000 0  1439 1275 1215 1271 1210 1104 1107 757  1 1 0 0.00 0 0 1.00 0 0 0 11.45 0.013 0.336 0.349 
0.312 2 1 1 0 0.2988 0.3065 0.0966 0.0002 0.002576 3.141392 0.0000 0 0.0000 0  1442 1273 1215 1275 1207 1106 1105 772  1 1 0 0.00 0 0 1.00 0 0 0 11.45 0.014 0.339 0.351 
0.313 2 1 1 0 0.2988 0.2985 0.0968 0.0002 0.005152 3.141392 0.0000 0 0.0000 0  1442 1283 1233 1268 1227 1104 1103 782  1 1 0 0.00 0 0 1.00 0 0 0 11.45 0.013 0.338 0.353 
0.314 2 1 1 0 0.2827 0.2985 0.0971 0.0002 0.002576 3.141392 0.0000 0 0.0000 0  1445 1275 1210 1270 1228 1091 1111 764  1 1 0 0.00 0 0 1.00 0 0 0 11.45 0.013 0.339 0.352 
0.315 2 1 1 0 0.2827 0.3067 0.0974 0.0002 0.005152 3.141392 0.0000 0 0.0000 0  1453 1279 1199 1266 1216 1097 1106 760  1 1 0 0.00 0 0 1.00 0 0 0 11.45 0.013 0.340 0.353 
0.316 2 1 1 0 0.2992 0.3067 0.0976 0.0002 0.002576 3.141392 0.0000 0 0.0000 0  1450 1280 1203 1265 1211 1101 1107 758  1 1 0 0.00 0 0 1.00 0 0 0 11.45 0.014 0.341 0.353 
0.317 2 1 1 0 0.2950 0.3312 0.0982 0.0002 0.002576 3.141392 0.0000 0 0.0000 0  1442 1258 1195 1267 1202 1100 1106 757  1 1 0 0.00 0 0 1.00 0 0 0 11.45 0.013 0.338 0.355 
0.318 2 1 1 0 0.2926 0.3164 0.0984 0.0002 0.005152 3.141392 0.0000 0 0.0000 0  1451 1262 1202 1265 1211 1105 1104 752  1 1 0 0.00 0 0 1.00 0 0 0 11.45 0.011 0.339 0.351 
0.319 2 1 1 0 0.3033 0.3164 0.0987 0.0002 0.002576 3.141392 0.0000 0 0.0000 0  1446 1265 1203 1263 1218 1097 1107 757  1 1 0 0.00 0 0 1.00 0 0 0 11.45 0.013 0.338 0.353 
0.320 2 1 1 0 0.3033 0.3121 0.0990 0.0002 0.005152 3.141392 0.0000 0 0.0000 0  1444 1271 1218 1263 1203 1094 1102 751  1 1 0 0.00 0 0 1.00 0 0 0 11.45 0.012 0.336 0.352 
0.321 2 1 1 0 0.2996 0.3121 0.0993 0.0002 0.002576 3.141392 0.0000 0 0.0000 0  1459 1259 1224 1271 1207 1086 1102 760  1 1 0 0.00 0 0 1.00 0 0 0 11.45 0.011 0.338 0.351 
0.322 2 1 1 0 0.2996 0.3179 0.0995 0.0002 0.005152 3.141392 0.0000 0 0.0000 0  1451 1265 1220 1266 1196 1080 1103 744  1 1 0 0.00 0 0 1.00 0 0 0 11.45 0.013 0.340 0.352 
0.323 2 1 1 0 0.3013 0.3311 0.1001 0.0002 0.005152 3.141392 0.0000 0 0.0000 0  1448 1268 1238 1261 1206 1089 1102 756  1 1 0 0.00 0 0 1.00 0 0 0 11.45 0.012 0.334 0.354 
0.324 2 1 1 0 0.3013 0.3311 0.1001 0.0002 0.005152 3.141392 0.0000 0 0.0000 0  1461 1285 1218 1259 1214 1087 1098 767  1 1 0 0.00 0 0 1.00 0 0 0 11.45 0.013 0.329 0.348 
0.325 2 1 1 0 0.2783 0.2898 0.1006 0.0002 0.005152 3.141392 0.0000 0 0.0000 0  1446 1280 1212 1260 1212 1097 1100 765  1 1 0 0.00 0 0 1.00 0 0 0 11.45 0.012 0.335 0.770 
0.326 2 1 1 0 0.2783 0.2898 0.1006 0.0002 0.005152 3.141392 0.0000 0 0.0000 0  1457 1272 1228 1284 1230 1101 1108 792  1 1 0 0.00 0 0 1.00 0 0 0 11.45 0.013 0.334 0.348 
0.327 2 1 1 0 0.2978 0.2811 0.1011 0.0002 0.005152 3.141392 0.0000 0 0.0000 0  1448 1255 1189 1257 1202 1086 1091 752  1 1 0 0.00 0 0 1.00 0 0 0 11.45 0.011 0.333 0.348 
0.328 2 1 1 0 0.3141 0.2811 0.1014 0.0002 0.002576 3.141392 0.0000 0 0.0000 0  1448 1265 1198 1261 1206 1095 1099 770  1 1 0 0.00 0 0 1.00 0 0 0 11.45 0.013 0.338 0.345 
0.329 2 1 1 0 0.3141 0.2868 0.1017 0.0002 0.005152 3.141392 0.0000 0 0.0000 0  1451 1265 1207 1260 1216 1078 1096 764  1 1 0 0.00 0 0 1.00 0 0 0 11.44 0.012 0.335 0.351 
0.330 2 1 1 0 0.3143 0.2868 0.1020 0.0002 0.002576 3.141392 0.0000 0 0.0000 0  1448 1274 1218 1259 1214 1092 1097 769  1 1 0 0.00 0 0 1.00 0 0 0 11.45 0.014 0.343 0.354 
0.331 2 1 1 0 0.3143 0.3193 0.1022 0.0002 0.005152 3.141392 0.0000 0 0.0000 0  1461 1275 1252 1278 1235 1104 1104 778  1 1 0 0.00 0 0 1.00 0 0 0 11.45 0.014 0.339 0.358 
0.332 2 1 1 0 0.3129 0.3118 0.1028 0.0002 0.005152 3.141392 0.0000 0 0.0000 0  1448 1270 1215 1258 1218 1098 1100 766  1 1 0 0.00 0 0 1.00 0 0 0 11.45 0.011 0.333 0.355 
0.333 2 1 1 0 0.3129 0.3118 0.1028 0.0002 0.005152 3.141392 0.0000 0 0.0000 0  1458 1268 1224 1266 1217 1091 1091 749  1 1 0 0.00 0 0 1.00 0 0 0 11.45 0.013 0.331 0.348 
0.334 2 1 1 0 0.3142 0.3093 0.1033 0.0002 0.005152 3.141392 0.0000 0 0.0000 0  1451 1267 1208 1257 1218 1091 1087 746  1 1 0 0.00 0 0 1.00 0 0 0 11.45 0.014 0.339 0.345 
0.335 2 1 1 0 0.2928 0.3093 0.1036 0.0002 0.002576 3.141392 0.0000 0 0.0000 0  1436 1256 1210 1256 1212 1101 1101 755  1 1 0 0.00 0 0 1.00 0 0 0 11.45 0.012 0.336 0.352 
0.336 2 1 1 0 0.2928 0.3074 0.1039 0.0002 0.005152 3.141392 0.0000 0 0.0000 0  1458 1278 1219 1275 1233 1100 1109 761  1 1 0 0.00 0 0 1.00 0 0 0 11.45 0.014 0.339 0.351 
0.337 2 1 1 0 0.3019 0.3074 0.1041 0.0002 0.002576 3.141392 0.0000 0 0.0000 0  1445 1263 1194 1253 1194 1081 1079 739  1 1 0 0.00 0 0 1.00 0 0 0 11.45 0.013 0.339 0.353 
0.338 2 1 1 0 0.3019 0.3313 0.1044 0.0002 0.005152 3.141392 0.0000 0 0.0000 0  1449 1264 1209 1252 1218 1065 1089 764  1 1 0 0.00 0 0 1.00 0 0 0 11.45 0.014 0.341 0.353 
0.339 2 1 1 0 0.3220 0.3052 0.1049 0.0002 0.005152 3.141392 0.0000 0 0.0000 0  1448 1264 1205 1257 1216 1057 1082 762  1 1 0 0.00 0 0 1.00 0 0 0 11.45 0.013 0.335 0.355 
0.340 2 1 1 0 0.3220 0.3052 0.1049 0.0002 0.005152 3.141392 0.0000 0 0.0000 0  1441 1260 1192 1237 1183 1084 1077 728  1 1 0 0.00 0 0 1.00 0 0 0 11.45 0.014 0.333 0.350 
0.341 2 1 1 0 0.3027 0.2882 0.1055 0.0002 0.005152 3.141392 0.0000 0 0.0000 0  1457 1268 1199 1259 1201 1090 1096 762  1 1 0 0.00 0 0 1.00 0 0 0 11.45 0.012 0.335 0.348 
0.342 2 1 1 0 0.2935 0.2882 0.1055 0.0002 0.005152 3.141392 0.0000 0 0.0000 0  1453 1262 1199 1251 1198 1100 1089 748  1 1 0 0.00 0 0 1.00 0 0 0 11.45 0.014 0.335 0.350 
0.343 2 1 1 0 0.2817 0.2955 0.1060 0.0002 0.005152 3.141392 0.0000 0 0.0000 0  1452 1266 1201 1249 1210 1093 1086 754  1 1 0 0.00 0 0 1.00 0 0 0 11.44 0.014 0.337 0.350 
0.344 2 1 1 0 0.3031 0.2955 0.1063 0.0002 0.002576 3.141392 0.0000 0 0.0000 0  1449 1262 1208 1243 1197 1069 1078 736  1 1 0 0.00 0 0 1.00 0 0 0 11.44 0.011 0.340 0.351 
0.345 2 1 1 0 0.3031 0.3235 0.1066 0.0002 0.005152 3.141392 0.0000 0 0.0000 0  1439 1255 1177 1235 1158 1080 1071 704  1 1 0 0.00 0 0 1.00 0 0 0 11.44 0.014 0.339 0.353 
0.346 2 1 1 0 0.3200 0.3116 0.1071 0.0002 0.005152 3.141392 0.0000 0 0.0000 0  1458 1270 1220 1256 1187 1079 1082 732  1 1 0 0.00 0 0 1.00 0 0 0 11.45 0.013 0.339 0.353 
0.347 2 1 1 0 0.3200 0.3113 0.1071 0.0002 0.005152 3.141392 0.0000 0 0.0000 0  1456 1272 1194 1256 1202 1100 1093 752  1 1 0 0.00 0 0 1.00 0 0 0 11.44 0.014 0.334 0.353 
0.348 2 1 1 0 0.3104 0.3039 0.1076 0.0002 0.005152 3.141392 0.0000 0 0.0000 0  1450 1262 1199 1250 1195 1079 1085 736  1 1 0 0.00 0 0 1.00 0 0 0 11.44 0.012 0.335 0.348 
0.349 2 1 1 0 0.3104 0.3039 0.1076 0.0002 0.005152 3.141392 0.0000 0 0.0000 0  1458 1262 1217 1248 1192 1075 1080 736  1 1 0 0.00 0 0 1.00 0 0 0 11.44 0.014 0.333 0.350 
0.350 2 1 1 0 0.2900 0.2864 0.1082 0.0002 0.005152 3.141392 0.0000 0 0.0000 0  1459 1266 1201 1217 1171 1057 1064 707  1 1 0 0.00 0 0 1.00 0 0 0 11.44 0.011 0.335 0.348 
0.351 2 1 1 0 0.2977 0.2864 0.1085 0.0002 0.002576 3.141392 0.0000 0 0.0000 0  1458 1271 1218 1247 1183 1084 1084 733  1 1 0 0.00 0 0 1.00 0 0 0 11.44 0.014 0.341 0.779 
0.352 2 1 1 0 0.2977 0.3325 0.1087 0.0002 0.005152 3.141392 0.0000 0 0.0000 0  1462 1269 1193 1247 1194 1074 1084 734  1 1 0 0.00 0 0 1.00 0 0 0 11.44 0.011 0.335 0.354 
0.353 2 1 1 0 0.3060 0.3416 0.1093 0.0002 0.005152 3.141392 0.0000 0 0.0000 0  1458 1268 1189 1250 1189 1075 1076 735  1 1 0 0.00 0 0 1.00 0 0 0 11.44 0.011 0.333 0.349 
0.354 2 1 1 0 0.3060 0.3416 0.1093 0.0002 0.005152 3.141392 0.0000 0 0.0000 0  1457 1267 1186 1245 1189 1079 1076 736  1 1 0 0.00 0 0 1.00 0 0 0 11.45 0.014 0.333 0.345 
0.355 2 1 1 0 0.3016 0.2909 0.1098 0.0002 0.005152 3.141392 0.0000 0 0.0000 0  1463 1263 1189 1249 1189 1072 1065 713  1 1 0 0.00 0 0 1.00 0 0 0 11.45 0.014 0.336 0.345 
0.356 2 1 1 0 0.3016 0.2909 0.1098 0.0002 0.005152 3.141392 0.0000 0 0.0000 0  1472 1263 1187 1243 1196 1064 1081 732  1 1 0 0.00 0 0 1.00 0 0 0 11.45 0.013 0.329 0.352 
0.357 2 1 1 0 0.2849 0.2497 0.1103 0.0002 0.005152 3.141392 0.0000 0 0.0000 0  1467 1264 1201 1237 1188 1071 1075 727  1 1 0 0.00 0 0 1.00 0 0 0 11.45 0.014 0.336 0.343 
0.358 2 1 1 0 0.2849 0.2497 0.1103 0.0002 0.005152 3.141392 0.0000 0 0.0000 0  1459 1264 1190 1241 1186 1061 1073 729  1 1 0 0.00 0 0 1.00 0 0 0 11.45 0.013 0.333 0.351 
0.359 2 1 1 0 0.3113 0.3107 0.1109 0.0002 0.005152 3.141392 0.0000 0 0.0000 0  1460 1265 1192 1238 1186 1094 1074 729  1 1 0 0.00 0 0 1.00 0 0 0 11.44 0.014 0.336 0.348 
0.360 2 1 1 0 0.3365 0.3107 0.1112 0.0002 0.002576 3.141392 0.0000 0 0.0000 0  1465 1260 1193 1237 1190 1060 1072 740  1 1 0 0.00 0 0 1.00 0 0 0 11.44 0.014 0.339 0.351 
0.361 2 1 1 0 0.3365 0.3115 0.1114 0.0002 0.005152 3.141392 0.0000 0 0.0000 0  1452 1265 1199 1241 1188 1069 1076 736  1 1 0 0.00 0 0 1.00 0 0 0 11.45 0.013 0.338 0.353 
0.362 2 1 1 0 0.3185 0.3115 0.1117 0.0002 0.002576 3.141392 0.0000 0 0.0000 0  1457 1268 1194 1243 1186 1064 1064 733  1 1 0 0.00 0 0 1.00 0 0 0 11.44 0.012 0.340 0.352 
0.363 2 1 1 0 0.3185 0.3054 0.1120 0.0002 0.005152 3.141392 0.0000 0 0.0000 0  1444 1263 1195 1240 1180 1081 1068 727  1 1 0 0.00 0 0 1.00 0 0 0 11.45 0.012 0.336 0.354 
0.364 2 1 1 0 0.2923 0.2929 0.1122 0.0002 0.002576 3.141392 0.0000 0 0.0000 0  1452 1257 1202 1235 1184 1075 1070 728  1 1 0 0.00 0 0 1.00 0 0 0 11.45 0.014 0.341 0.353 
0.365 2 1 1 0 0.2923 0.2889 0.1125 0.0002 0.005152 3.141392 0.0000 0 0.0000 0  1456 1257 1211 1236 1186 1048 1073 728  1 1 0 0.00 0 0 1.00 0 0 0 11.43 0.013 0.339 0.355 
0.366 2 1 1 0 0.2927 0.3330 0.1130 0.0002 0.005152 3.141392 0.0000 0 0.0000 0  1457 1264 1212 1238 1184 1049 1073 732  1 1 0 0.00 0 0 1.00 0 0 0 11.44 0.013 0.339 0.353 
0.367 2 1 1 0 0.3113 0.3330 0.1133 0.0002 0.002576 3.141392 0.0000 0 0.0000 0  1480 1275 1216 1259 1211 1065 1082 743  1 1 0 0.00 0 0 1.00 0 0 0 11.45 0.012 0.336 0.352 
0.368 2 1 1 0 0.3113 0.2995 0.1136 0.0002 0.005152 3.141392 0.0000 0 0.0000 0  1470 1260 1191 1236 1178 1080 1064 717  1 1 0 0.00 0 0 1.00 0 0 0 11.45 0.014 0.340 0.351 
0.369 2 1 1 0 0.2925 0.2995 0.1139 0.0002 0.002576 3.141392 0.0000 0 0.0000 0  1470 1259 1198 1230 1178 1066 1066 713  1 1 0 0.00 0 0 1.00 0 0 0 11.45 0.013 0.338 0.353 
0.370 2 1 1 0 0.2925 0.2859 0.1141 0.0003 0.005152 3.141392 0.0000 0 0.0000 0  1500 1261 1194 1235 1183 1066 1070 740  1 1 0 0.00 0 0 1.00 0 0 0 11.45 0.012 0.339 0.352 
0.371 2 1 1 0 0.2810 0.2859 0.1144 0.0003 0.002576 3.141392 0.0000 0 0.0000 0  1489 1258 1192 1239 1183 1083 1066 745  1 1 0 0.00 0 0 1.00 0 0 0 11.44 0.013 0.341 0.353 
0.372 2 1 1 0 0.2810 0.2874 0.1147 0.0003 0.005152 3.141392 0.0000 0 0.0000 0  1505 1278 1240 1266 1204 1077 1082 772  1 1 0 0.00 0 0 1.00 0 0 0 11.43 0.013 0.338 0.355 
0.373 2 1 1 0 0.3015 0.3255 0.1152 0.0003 0.005152 3.141392 0.0000 0 0.0000 0  1483 1258 1199 1234 1175 1048 1061 730  1 1 0 0.00 0 0 1.00 0 0 0 11.44 0.014 0.336 0.351 
0.374 2 1 1 0 0.3015 0.3255 0.1152 0.0003 0.005152 3.141392 0.0000 0 0.0000 0  1470 1255 1183 1222 1175 1059 1058 706  1 1 0 0.00 0 0 1.00 0 0 0 11.45 0.011 0.331 0.350 
0.375 2 1 1 0 0.3131 0.3118 0.1158 0.0003 0.005152 3.141392 0.0000 0 0.0000 0  1469 1260 1185 1228 1173 1057 1060 715  1 1 0 0.00 0 0 1.00 0 0 0 11.45 0.013 0.335 0.345 
0.376 2 1 1 0 0.3125 0.3118 0.1160 0.0003 0.002576 3.141392 0.0000 0 0.0000 0  1478 1266 1177 1230 1168 1052 1055 720  1 1 0 0.00 0 0 1.00 0 0 0 11.45 0.013 0.338 0.350 
0.377 2 1 1 0 0.3125 0.3010 0.1163 0.0003 0.005152 3.141392 0.0000 0 0.0000 0  1494 1280 1202 1257 1208 1079 1078 762  1 1 0 0.00 0 0 1.00 0 0 0 11.44 0.012 0.336 0.795 
0.378 2 1 1 0 0.2853 0.3010 0.1166 0.0003 0.002576 3.141392 0.0000 0 0.0000 0  1483 1263 1178 1231 1169 1061 1058 721  1 1 0 0.00 0 0 1.00 0 0 0 11.44 0.013 0.340 0.350 
0.379 2 1 1 0 0.2853 0.2796 0.1168 0.0003 0.005152 3.141392 0.0000 0 0.0000 0  1492 1257 1180 1230 1170 1054 1062 716  1 1 0 0.00 0 0 1.00 0 0 0 11.45 0.013 0.339 0.353 
0.380 2 1 1 0 0.3052 0.2796 0.1171 0.0003 0.002576 3.141392 0.0000 0 0.0000 0  1484 1263 1172 1219 1173 1040 1055 701  1 1 0 0.00 0 0 1.00 0 0 0 11.45 0.014 0.341 0.351 
0.381 2 1 1 0 0.3052 0.3261 0.1174 0.0003 0.005152 3.141392 0.0000 0 0.0000 0  1465 1255 1145 1200 1140 1029 1037 709  1 1 0 0.00 0 0 1.00 0 0 0 11.44 0.011 0.340 0.354 
0.382 2 1 1 0 0.3195 0.2979 0.1179 0.0003 0.005152 3.141392 0.0000 0 0.0000 0  1489 1261 1191 1232 1182 1073 1063 752  1 1 0 0.00 0 0 1.00 0 0 0 11.44 0.013 0.341 0.352 
0.383 2 1 1 0 0.3191 0.2979 0.1179 0.0003 0.005152 3.141392 0.0000 0 0.0000 0  1504 1261 1179 1224 1170 1041 1049 719  1 1 0 0.00 0 0 1.00 0 0 0 11.45 0.013 0.331 0.355 
0.384 2 1 1 0 0.3073 0.2918 0.1185 0.0003 0.005152 3.141392 0.0000 0 0.0000 0  1508 1262 1180 1227 1177 1067 1060 721  1 1 0 0.00 0 0 1.00 0 0 0 11.44 0.013 0.336 0.345 
0.385 2 1 1 0 0.2905 0.2918 0.1187 0.0003 0.002576 3.141392 0.0000 0 0.0000 0  1486 1259 1205 1218 1170 1060 1053 716  1 1 0 0.00 0 0 1.00 0 0 0 11.44 0.011 0.335 0.351 
0.386 2 1 1 0 0.2905 0.2912 0.1190 0.0003 0.005152 3.141392 0.0000 0 0.0000 0  1485 1251 1156 1200 1145 1050 1033 695  1 1 0 0.00 0 0 1.00 0 0 0 11.44 0.013 0.340 0.350 
0.387 2 1 1 0 0.3077 0.2912 0.1193 0.0003 0.002576 3.141392 0.0000 0 0.0000 0  1487 1263 1172 1228 1164 1059 1040 716  1 1 0 0.00 0 0 1.00 0 0 0 11.44 0.014 0.342 0.354 
0.388 2 1 1 0 0.3077 0.3318 0.1195 0.0003 0.005152 3.141392 0.0000 0 0.0000 0  1485 1266 1163 1222 1162 1035 1045 710  1 1 0 0.00 0 0 1.00 0 0 0 11.44 0.013 0.336 0.355 
0.389 2 1 1 0 0.3102 0.3036 0.1201 0.0003 0.005152 3.141392 0.0000 0 0.0000 0  1500 1265 1169 1219 1166 1037 1050 723  1 1 0 0.00 0 0 1.00 0 0 0 11.45 0.014 0.336 0.351 
0.390 2 1 1 0 0.3102 0.3036 0.1201 0.0003 0.005152 3.141392 0.0000 0 0.0000 0  1487 1263 1180 1220 1164 1042 1054 707  1 1 0 0.00 0 0 1.00 0 0 0 11.44 0.012 0.333 0.351 
0.391 2 1 1 0 0.3161 0.3144 0.1206 0.0003 0.005152 3.141392 0.0000 0 0.0000 0  1477 1255 1156 1195 1141 1027 1029 685  1 1 0 0.00 0 0 1.00 0 0 0 11.45 0.011 0.332 0.348 
0.392 2 1 1 0 0.3035 0.3144 0.1209 0.0003 0.002576 3.141392 0.0000 0 0.0000 0  1480 1271 1183 1229 1162 1050 1044 714  1 1 0 0.00 0 0 1.00 0 0 0 11.45 0.011 0.336 0.346 
0.393 2 1 1 0 0.3035 0.3019 0.1212 0.0003 0.005152 3.141392 0.0000 0 0.0000 0  1499 1268 1175 1219 1162 1040 1041 713  1 1 0 0.00 0 0 1.00 0 0 0 11.45 0.014 0.339 0.351 
0.394 2 1 1 0 0.3057 0.3019 0.1214 0.0003 0.002576 3.141392 0.0000 0 0.0000 0  1508 1277 1177 1219 1163 1045 1044 714  1 1 0 0.00 0 0 1.00 0 0 0 11.45 0.013 0.341 0.353 
0.395 2 1 1 0 0.3057 0.3378 0.1217 0.0003 0.005152 3.141392 0.0000 0 0.0000 0  1515 1267 1187 1207 1159 1039 1046 706  1 1 0 0.00 0 0 1.00 0 0 0 11.45 0.013 0.336 0.355 
0.396 2 1 1 0 0.3252 0.3050 0.1222 0.0003 0.005152 3.141392 0.0000 0 0.0000 0  1514 1266 1181 1213 1146 1039 1019 679  1 1 0 0.00 0 0 1.00 0 0 0 11.45 0.013 0.335 0.351 
0.397 2 1 1 0 0.3252 0.3050 0.1222 0.0003 0.005152 3.141392 0.0000 0 0.0000 0  1527 1273 1192 1208 1164 1048 1044 717  1 1 0 0.00 0 0 1.00 0 0 0 11.44 0.011 0.330 0.350 
0.398 2 1 1 0 0.3023 0.2970 0.1228 0.0003 0.005152 3.141392 0.0000 0 0.0000 0  1526 1270 1184 1206 1158 1043 1044 709  1 1 0 0.00 0 0 1.00 0 0 0 11.45 0.011 0.335 0.343 
0.399 2 1 1 0 0.2912 0.2970 0.1228 0.0003 0.005152 3.141392 0.0000 0 0.0000 0  1521 1266 1195 1206 1163 1049 1041 700  1 1 0 0.00 0 0 1.00 0 0 0 11.45 0.014 0.333 0.349 
0.400 2 1 1 0 0.2843 0.3057 0.1233 0.0003 0.005152 3.141392 0.0000 0 0.0000 0  1529 1271 1197 1209 1167 1057 1041 702  1 1 0 0.00 0 0 1.00 0 0 0 11.45 0.011 0.332 0.346 
0.401 2 1 1 0 0.2968 0.3057 0.1236 0.0003 0.002576 3.141392 0.0000 0 0.0000 0  1525 1271 1179 1215 1165 1047 1038 704  1 1 0 0.00 0 0 1.00 0 0 0 11.44 0.011 0.339 0.346 
0.402 2 1 1 0 0.2968 0.3293 0.1239 0.0003 0.005152 3.141392 0.0000 0 0.0000 0  1457 1267 1150 1222 1164 1051 1043 712  1 1 0 0.00 0 0 1.00 0 0 0 11.45 0.013 0.340 0.352 
0.403 2 1 1 0 0.2914 0.3145 0.1244 0.0003 0.005152 3.141392 0.0000 0 0.0000 0  1515 1274 1180 1227 1162 1037 1035 704  1 1 0 0.00 0 0 1.00 0 0 0 11.45 0.012 0.335 0.792 
0.404 2 1 1 0 0.2914 0.3145 0.1244 0.0003 0.005152 3.141392 0.0000 0 0.0000 0  1519 1281 1171 1243 1160 1042 1033 699  1 1 0 0.00 0 0 1.00 0 0 0 11.44 0.013 0.329 0.348 
0.405 2 1 1 0 0.3064 0.3101 0.1249 0.0003 0.005152 3.141392 0.0000 0 0.0000 0  1515 1277 1163 1222 1157 1033 1037 698  1 1 0 0.00 0 0 1.00 0 0 0 11.44 0.013 0.335 0.342 
0.406 2 1 1 0 0.3064 0.3101 0.1249 0.0003 0.005152 3.141392 0.0000 0 0.0000 0  1552 1273 1179 1238 1161 1041 1036 705  1 1 0 0.00 0 0 1.00 0 0 0 11.46 0.013 0.336 0.349 
0.407 2 1 1 0 0.3039 0.3162 0.1255 0.0003 0.005152 3.141392 0.0000 0 0.0000 0  1552 1275 1181 1224 1160 1020 1033 701  1 1 0 0.00 0 0 1.00 0 0 0 11.44 0.012 0.338 0.349 
0.408 2 1 1 0 0.3039 0.3290 0.1258 0.0003 0.007727 3.141392 0.0000 0 0.0000 0  1539 1289 1211 1237 1171 1018 1031 701  1 1 0 0.00 0 0 1.00 0 0 0 11.44 0.013 0.339 0.353 
0.409 2 1 1 0 0.3080 0.3290 0.1260 0.0003 0.005152 3.141392 0.0000 0 0.0000 0  1545 1278 1206 1217 1165 1041 1037 711  1 1 0 0.00 0 0 1.00 0 0 0 11.44 0.014 0.339 0.353 
0.410 2 1 1 0 0.2830 0.2876 0.1266 0.0003 0.005152 3.141392 0.0000 0 0.0000 0  1540 1283 1176 1206 1151 1030 1024 696  1 1 0 0.00 0 0 1.00 0 0 0 11.44 0.012 0.337 0.353 
0.411 2 1 1 0 0.2830 0.2876 0.1266 0.0003 0.005152 3.141392 0.0000 0 0.0000 0  1509 1288 1181 1214 1160 1040 1015 700  1 1 0 0.00 0 0 1.00 0 0 0 11.45 0.013 0.330 0.351 
0.412 2 1 1 0 0.3006 0.2789 0.1271 0.0003 0.005152 3.141392 0.0000 0 0.0000 0  1521 1287 1180 1227 1157 1045 1023 698  1 1 0 0.00 0 0 1.00 0 0 0 11.45 0.014 0.336 0.343 
0.413 2 1 1 0 0.3006 0.2789 0.1271 0.0003 0.005152 3.141392 0.0000 0 0.0000 0  1552 1281 1211 1233 1181 1051 1036 721  1 1 0 0.00 0 0 1.00 0 0 0 11.44 0.013 0.329 0.351 
0.414 2 1 1 0 0.3163 0.2851 0.1277 0.0003 0.005152 3.141392 0.0000 0 0.0000 0  1546 1284 1188 1227 1170 1028 1020 690  1 1 0 0.00 0 0 1.00 0 0 0 11.44 0.014 0.339 0.343 
0.415 2 1 1 0 0.3163 0.2851 0.1277 0.0003 0.005152 3.141392 0.0000 0 0.0000 0  1546 1279 1186 1214 1160 1032 1028 695  1 1 0 0.00 0 0 1.00 0 0 0 11.45 0.011 0.332 0.353 
0.416 2 1 1 0 0.3136 0.3189 0.1282 0.0003 0.005152 3.141392 0.0000 0 0.0000 0  1546 1286 1186 1214 1162 1044 1034 703  1 1 0 0.00 0 0 1.00 0 0 0 11.45 0.011 0.332 0.345 
0.417 2 1 1 0 0.3119 0.3189 0.1285 0.0003 0.002576 3.141392 0.0000 0 0.0000 0  1549 1297 1183 1227 1158 1051 1023 697  1 1 0 0.00 0 0 1.00 0 0 0 11.45 0.014 0.341 0.346 
0.418 2 1 1 0 0.3119 0.3101 0.1287 0.0003 0.005152 3.141392 0.0000 0 0.0000 0  1571 1294 1207 1238 1174 1049 1038 711  1 1 0 0.00 0 0 1.00 0 0 0 11.45 0.013 0.339 0.355 
0.419 2 1 1 0 0.3126 0.3062 0.1293 0.0003 0.005152 3.141392 0.0000 0 0.0000 0  1576 1284 1187 1220 1151 1029 1027 684  1 1 0 0.00 0 0 1.00 0 0 0 11.45 0.012 0.335 0.353 
0.420 2 1 1 0 0.3126 0.3062 0.1293 0.0003 0.005152 3.141392 0.0000 0 0.0000 0  1552 1284 1182 1207 1157 1021 1010 674  1 1 0 0.00 0 0 1.00 0 0 0 11.45 0.014 0.331 0.349 
0.421 2 1 1 0 0.2909 0.3025 0.1298 0.0003 0.005152 3.141392 0.0000 0 0.0000 0  1571 1295 1183 1213 1160 1030 1019 698  1 1 0 0.00 0 0 1.00 0 0 0 11.45 0.011 0.333 0.344 
0.422 2 1 1 0 0.2909 0.3025 0.1298 0.0003 0.005152 3.141392 0.0000 0 0.0000 0  1577 1284 1145 1187 1148 1011 1018 694  1 1 0 0.00 0 0 1.00 0 0 0 11.44 0.013 0.335 0.346 
0.423 2 1 1 0 0.2993 0.3262 0.1304 0.0003 0.005152 3.141392 0.0000 0 0.0000 0  1597 1300 1186 1218 1181 1037 1033 721  1 1 0 0.00 0 0 1.00 0 0 0 11.44 0.011 0.332 0.350 
0.424 2 1 1 0 0.2993 0.3123 0.1306 0.0003 0.002576 3.141392 0.0000 0 0.0000 0  1585 1295 1177 1220 1147 1009 1011 690  1 1 0 0.00 0 0 1.00 0 0 0 11.44 0.013 0.341 0.346 
0.425 2 1 1 0 0.3177 0.3010 0.1309 0.0003 0.005152 3.141392 0.0000 0 0.0000 0  1564 1286 1175 1183 1143 1041 1000 677  1 1 0 0.00 0 0 1.00 0 0 0 11.45 0.013 0.338 0.355 
0.426 2 1 1 0 0.3007 0.2836 0.1314 0.0003 0.005152 3.141392 0.0000 0 0.0000 0  1583 1298 1185 1192 1151 1030 1005 688  1 1 0 0.00 0 0 1.00 0 0 0 11.44 0.011 0.335 0.352 
0.427 2 1 1 0 0.3007 0.2836 0.1314 0.0003 0.005152 3.141392 0.0000 0 0.0000 0  1527 1286 1161 1188 1121 1018 983 662  1 1 0 0.00 0 0 1.00 0 0 0 11.44 0.013 0.329 0.349 
0.428 2 1 1 0 0.2832 0.2905 0.1320 0.0003 0.005152 3.141392 0.0000 0 0.0000 0  1498 1283 1160 1217 1152 1032 1008 702  1 1 0 0.00 0 0 1.00 0 0 0 11.44 0.012 0.333 0.343 
0.429 2 1 1 0 0.2832 0.2905 0.1320 0.0003 0.005152 3.141392 0.0000 0 0.0000 0  1577 1300 1180 1227 1145 1034 1012 685  1 1 0 0.00 0 0 1.00 0 0 0 11.44 0.014 0.331 0.785 
0.430 2 1 1 0 0.3090 0.3207 0.1325 0.0003 0.005152 3.141392 0.0000 0 0.0000 0  1583 1302 1180 1230 1142 1041 1011 686  1 1 0 0.00 0 0 1.00 0 0 0 11.44 0.012 0.336 0.343 
0.431 2 1 1 0 0.3090 0.3207 0.1325 0.0003 0.005152 3.141392 0.0000 0 0.0000 0  1610 1295 1198 1201 1151 1026 1017 686  1 1 0 0.00 0 0 1.00 0 0 0 11.44 0.012 0.334 0.350 
0.432 2 1 1 0 0.3260 0.3081 0.1331 0.0003 0.005152 3.141392 0.0000 0 0.0000 0  1597 1289 1181 1183 1122 1008 1001 656  1 1 0 0.00 0 0 1.00 0 0 0 11.46 0.012 0.335 0.346 
0.433 2 1 1 0 0.3163 0.3081 0.1333 0.0003 0.002576 3.141392 0.0000 0 0.0000 0  1599 1307 1181 1221 1148 1009 1028 685  1 1 0 0.00 0 0 1.00 0 0 0 11.45 0.014 0.341 0.348 
0.434 2 1 1 0 0.3163 0.2997 0.1336 0.0003 0.005152 3.141392 0.0000 0 0.0000 0  1594 1305 1171 1221 1142 1009 1014 678  1 1 0 0.00 0 0 1.00 0 0 0 11.42 0.012 0.339 0.356 
0.435 2 1 1 0 0.2938 0.2820 0.1341 0.0003 0.005152 3.141392 0.0000 0 0.0000 0  1600 1302 1175 1223 1143 1002 1011 681  1 1 0 0.00 0 0 1.00 0 0 0 11.44 0.012 0.338 0.352 
0.436 2 1 1 0 0.2938 0.2810 0.1341 0.0003 0.005152 3.141392 0.0000 0 0.0000 0  1615 1301 1190 1206 1142 1013 990 679  1 1 0 0.00 0 0 1.00 0 0 0 11.45 0.011 0.326 0.351 
0.437 2 1 1 0 0.2998 0.3274 0.1347 0.0003 0.005152 3.141392 0.0000 0 0.0000 0  1620 1295 1173 1175 1123 1001 987 648  1 1 0 0.00 0 0 1.00 0 0 0 11.45 0.014 0.336 0.341 
0.438 2 1 1 0 0.2998 0.3274 0.1347 0.0003 0.005152 3.141392 0.0000 0 0.0000 0  1607 1310 1196 1207 1141 1041 998 681  1 1 0 0.00 0 0 1.00 0 0 0 11.44 0.011 0.333 0.350 
0.439 2 1 1 0 0.3068 0.3359 0.1352 0.0004 0.005152 3.141392 0.0000 0 0.0000 0  1609 1305 1185 1202 1148 1027 1008 677  1 1 0 0.00 0 0 1.00 0 0 0 11.44 0.011 0.331 0.348 
0.440 2 1 1 0 0.3068 0.3122 0.1352 0.0004 0.005152 3.141392 0.0000 0 0.0000 0  1613 1308 1165 1222 1148 1005 1003 677  1 1 0 0.00 0 0 1.00 0 0 0 11.44 0.014 0.335 0.345 
0.441 2 1 1 0 0.3025 0.2838 0.1358 0.0004 0.005152 3.141392 0.0000 0 0.0000 0  1602 1310 1165 1226 1142 1009 997 681  1 1 0 0.00 0 0 1.00 0 0 0 11.44 0.012 0.335 0.350 
0.442 2 1 1 0 0.2852 0.2838 0.1360 0.0004 0.002576 3.141392 0.0000 0 0.0000 0  1603 1308 1167 1227 1139 1000 1002 664  1 1 0 0.00 0 0 1.00 0 0 0 11.44 0.012 0.339 0.349 
0.443 2 1 1 0 0.2852 0.2448 0.1363 0.0004 0.005152 3.141392 0.0000 0 0.0000 0  1628 1311 1201 1199 1150 1023 1005 679  1 1 0 0.00 0 0 1.00 0 0 0 11.44 0.012 0.336 0.353 
0.444 2 1 1 0 0.3105 0.2448 0.1366 0.0004 0.002576 3.141392 0.0000 0 0.0000 0  1629 1309 1195 1200 1142 1020 1003 668  1 1 0 0.00 0 0 1.00 0 0 0 11.44 0.014 0.341 0.351 
0.445 2 1 1 0 0.3105 0.3052 0.1368 0.0004 0.005152 3.141392 0.0000 0 0.0000 0  1611 1316 1181 1216 1137 1004 999 676  1 1 0 0.00 0 0 1.00 0 0 0 11.44 0.012 0.340 0.354 
0.446 2 1 1 0 0.3358 0.3066 0.1374 0.0004 0.005152 3.141392 0.0000 0 0.0000 0  1612 1317 1178 1215 1140 1014 997 673  1 1 0 0.00 0 0 1.00 0 0 0 11.45 0.012 0.336 0.353 
0.447 2 1 1 0 0.3164 0.3066 0.1377 0.0004 0.002576 3.141392 0.0000 0 0.0000 0  1635 1319 1175 1211 1136 1011 992 680  1 1 0 0.00 0 0 1.00 0 0 0 11.45 0.013 0.338 0.351 
0.448 2 1 1 0 0.3164 0.3038 0.1379 0.0004 0.005152 3.141392 0.0000 0 0.0000 0  1648 1320 1183 1219 1140 1010 986 673  1 1 0 0.00 0 0 1.00 0 0 0 11.44 0.012 0.336 0.352 
0.449 2 1 1 0 0.2920 0.3038 0.1382 0.0004 0.002576 3.141392 0.0000 0 0.0000 0  1665 1327 1184 1209 1136 1002 990 664  1 1 0 0.00 0 0 1.00 0 0 0 11.45 0.014 0.339 0.351 
0.450 2 1 1 0 0.2920 0.2893 0.1385 0.0004 0.005152 3.141392 0.0000 0 0.0000 0  1649 1315 1180 1201 1138 998 989 671  1 1 0 0.00 0 0 1.00 0 0 0 11.44 0.012 0.339 0.352 
0.451 2 1 1 0 0.2953 0.2893 0.1387 0.0004 0.002576 3.141392 0.0000 0 0.0000 0  1646 1319 1181 1201 1148 1000 988 667  1 1 0 0.00 0 0 1.00 0 0 0 11.45 0.012 0.339 0.353 
0.452 2 1 1 0 0.2953 0.3342 0.1390 0.0004 0.005152 3.141392 0.0000 0 0.0000 0  1613 1317 1179 1199 1139 1012 983 673  1 1 0 0.00 0 0 1.00 0 0 0 11.45 0.013 0.338 0.353 
0.453 2 1 1 0 0.3151 0.3013 0.1396 0.0004 0.005152 3.141392 0.0000 0 0.0000 0  1619 1329 1182 1214 1140 1023 998 684  1 1 0 0.00 0 0 1.00 0 0 0 11.45 0.016 0.339 0.351 
0.454 2 1 1 0 0.3151 0.3013 0.1396 0.0004 0.005152 3.141392 0.0000 0 0.0000 0  1599 1327 1181 1201 1165 1029 993 687  1 1 0 0.00 0 0 1.00 0 0 0 11.44 0.013 0.333 0.353 
0.455 2 1 1 0 0.2957 0.2920 0.1401 0.0004 0.005152 3.141392 0.0000 0 0.0000 0  1631 1320 1175 1182 1129 1011 972 659  1 1 0 0.00 0 0 1.00 0 0 0 11.44 0.012 0.334 0.784 
0.456 2 1 1 0 0.2957 0.2920 0.1401 0.0004 0.005152 3.141392 0.0000 0 0.0000 0  1622 1325 1178 1183 1136 1001 988 665  1 1 0 0.00 0 0 1.00 0 0 0 11.45 0.012 0.331 0.348 
0.457 2 1 1 0 0.2831 0.2959 0.1406 0.0004 0.005152 3.141392 0.0000 0 0.0000 0  1638 1325 1179 1217 1139 997 1007 661  1 1 0 0.00 0 0 1.00 0 0 0 11.44 0.012 0.335 0.344 
0.458 2 1 1 0 0.2976 0.2959 0.1409 0.0004 0.002576 3.141392 0.0000 0 0.0000 0  1688 1337 1186 1229 1150 1011 1024 675  1 1 0 0.00 0 0 1.00 0 0 0 11.45 0.012 0.342 0.348 
0.459 2 1 1 0 0.2976 0.3345 0.1412 0.0004 0.005152 3.141392 0.0000 0 0.0000 0  1684 1350 1206 1232 1167 1024 1034 696  1 1 0 0.00 0 0 1.00 0 0 0 11.44 0.012 0.336 0.354 
0.460 2 1 1 0 0.3050 0.3177 0.1417 0.0004 0.005152 3.141392 0.0000 0 0.0000 0  1671 1332 1181 1194 1139 1004 989 673  1 1 0 0.00 0 0 1.00 0 0 0 11.44 0.015 0.338 0.351 
0.461 2 1 1 0 0.3050 0.3177 0.1417 0.0004 0.005152 3.141392 0.0000 0 0.0000 0  1640 1327 1181 1194 1138 1015 989 658  1 1 0 0.00 0 0 1.00 0 0 0 11.44 0.011 0.326 0.351 
0.462 2 1 1 0 0.3023 0.3099 0.1423 0.0004 0.005152 3.141392 0.0000 0 0.0000 0  1624 1334 1173 1197 1124 1015 982 656  1 1 0 0.00 0 0 1.00 0 0 0 11.45 0.014 0.336 0.340 
0.463 2 1 1 0 0.3023 0.3099 0.1423 0.0004 0.005152 3.141392 0.0000 0 0.0000 0  1620 1328 1171 1193 1131 1023 963 671  1 1 0 0.00 0 0 1.00 0 0 0 11.45 0.012 0.328 0.351 
0.464 2 1 1 0 0.2771 0.2853 0.1428 0.0004 0.005152 3.141392 0.0000 0 0.0000 0  1644 1342 1200 1238 1170 1039 990 697  1 1 0 0.00 0 0 1.00 0 0 0 11.44 0.012 0.335 0.342 
0.465 2 1 1 0 0.2771 0.2853 0.1428 0.0004 0.005152 3.141392 0.0000 0 0.0000 0  1648 1335 1183 1212 1144 1002 1006 671  1 1 0 0.00 0 0 1.00 0 0 0 11.44 0.013 0.335 0.349 
0.466 2 1 1 0 0.2984 0.3268 0.1433 0.0004 0.005152 3.141392 0.0000 0 0.0000 0  1653 1337 1177 1209 1129 999 993 662  1 1 0 0.00 0 0 1.00 0 0 0 11.44 0.013 0.338 0.349 
0.467 2 1 1 0 0.3155 0.3137 0.1436 0.0004 0.002576 3.141392 0.0000 0 0.0000 0  1643 1333 1173 1214 1139 1007 984 660  1 1 0 0.00 0 0 1.00 0 0 0 11.44 0.015 0.343 0.352 
0.468 2 1 1 0 0.3155 0.2954 0.1439 0.0004 0.005152 3.141392 0.0000 0 0.0000 0  1648 1325 1151 1188 1103 984 959 653  1 1 0 0.00 0 0 1.00 0 0 0 11.45 0.013 0.338 0.356 
0.469 2 1 1 0 0.3057 0.2865 0.1444 0.0004 0.005152 3.141392 0.0000 0 0.0000 0  1673 1339 1186 1207 1142 1011 988 690  1 1 0 0.00 0 0 1.00 0 0 0 11.45 0.014 0.340 0.351 
0.470 2 1 1 0 0.3057 0.2856 0.1444 0.0004 0.005152 3.141392 0.0000 0 0.0000 0  1676 1334 1178 1206 1134 988 988 662  1 1 0 0.00 0 0 1.00 0 0 0 11.45 0.013 0.331 0.353 
0.471 2 1 1 0 0.2908 0.2849 0.1450 0.0004 0.005152 3.141392 0.0000 0 0.0000 0  1684 1337 1175 1212 1132 1002 993 666  1 1 0 0.00 0 0 1.00 0 0 0 11.45 0.014 0.336 0.345 
0.472 2 1 1 0 0.2908 0.2849 0.1450 0.0004 0.005152 3.141392 0.0000 0 0.0000 0  1674 1345 1181 1225 1132 997 1008 669  1 1 0 0.00 0 0 1.00 0 0 0 11.44 0.012 0.329 0.351 
0.473 2 1 1 0 0.3095 0.3254 0.1455 0.0004 0.005152 3.141392 0.0000 0 0.0000 0  1663 1336 1159 1211 1100 978 987 640  1 1 0 0.00 0 0 1.00 0 0 0 11.44 0.012 0.335 0.343 
0.474 2 1 1 0 0.3095 0.3254 0.1455 0.0004 0.005152 3.141392 0.0000 0 0.0000 0  1656 1343 1179 1213 1134 1008 990 666  1 1 0 0.00 0 0 1.00 0 0 0 11.44 0.013 0.334 0.349 
0.475 2 1 1 0 0.3122 0.2990 0.1460 0.0004 0.005152 3.141392 0.0000 0 0.0000 0  1656 1338 1175 1203 1132 1000 989 652  1 1 0 0.00 0 0 1.00 0 0 0 11.45 0.011 0.331 0.348 
0.476 2 1 1 0 0.3173 0.2990 0.1463 0.0004 0.002576 3.141392 0.0000 0 0.0000 0  1680 1348 1167 1212 1129 994 987 656  1 1 0 0.00 0 0 1.00 0 0 0 11.45 0.012 0.340 0.345 
0.477 2 1 1 0 0.3173 0.3067 0.1466 0.0004 0.005152 3.141392 0.0000 0 0.0000 0  1692 1349 1173 1205 1129 997 986 653  1 1 0 0.00 0 0 1.00 0 0 0 11.44 0.012 0.336 0.353 
0.478 2 1 1 0 0.3038 0.2913 0.1471 0.0004 0.005152 3.141392 0.0000 0 0.0000 0  1674 1343 1151 1176 1099 980 965 632  1 1 0 0.00 0 0 1.00 0 0 0 11.44 0.014 0.341 0.350 
0.479 2 1 1 0 0.3038 0.2913 0.1471 0.0004 0.005152 3.141392 0.0000 0 0.0000 0  1646 1346 1183 1192 1130 1000 972 663  1 1 0 0.00 0 0 1.00 0 0 0 11.44 0.011 0.326 0.355 
0.480 2 1 1 0 0.3026 0.3263 0.1477 0.0004 0.005152 3.141392 0.0000 0 0.0000 0  1639 1347 1181 1192 1129 997 975 660  1 1 0 0.00 0 0 1.00 0 0 0 11.45 0.014 0.336 0.340 
0.481 2 1 1 0 0.3026 0.3263 0.1477 0.0004 0.005152 3.141392 0.0000 0 0.0000 0  1682 1349 1177 1205 1136 992 983 661  1 1 0 0.00 0 0 1.00 0 0 0 11.45 0.013 0.331 0.784 
0.482 2 1 1 0 0.3195 0.2967 0.1482 0.0004 0.005152 3.141392 0.0000 0 0.0000 0  1698 1352 1177 1211 1135 1002 981 661  1 1 0 0.00 0 0 1.00 0 0 0 11.45 0.012 0.336 0.344 
0.483 2 1 1 0 0.2975 0.2967 0.1485 0.0004 0.002576 3.141392 0.0000 0 0.0000 0  1679 1357 1174 1211 1127 987 961 639  1 1 0 0.00 0 0 1.00 0 0 0 11.44 0.014 0.339 0.350 
0.484 2 1 1 0 0.2975 0.2848 0.1487 0.0004 0.005152 3.141392 0.0000 0 0.0000 0  1736 1368 1182 1228 1140 1001 1003 663  1 1 0 0.00 0 0 1.00 0 0 0 11.44 0.013 0.338 0.351 
0.485 2 1 1 0 0.2850 0.2848 0.1490 0.0004 0.002576 3.141392 0.0000 0 0.0000 0  1702 1359 1174 1235 1126 999 1002 662  1 1 0 0.00 0 0 1.00 0 0 0 11.44 0.012 0.342 0.350 
0.486 2 1 1 0 0.2850 0.2929 0.1493 0.0004 0.005152 3.141392 0.0000 0 0.0000 0  1670 1359 1182 1206 1133 1000 1009 666  1 1 0 0.00 0 0 1.00 0 0 0 11.44 0.013 0.340 0.357 
0.487 2 1 1 0 0.3036 0.3189 0.1498 0.0004 0.005152 3.141392 0.0000 0 0.0000 0  1675 1352 1181 1207 1129 995 988 648  1 1 0 0.00 0 0 1.00 0 0 0 11.44 0.014 0.336 0.353 
0.488 2 1 1 0 0.3036 0.3189 0.1498 0.0004 0.005152 3.141392 0.0000 0 0.0000 0  1681 1366 1182 1197 1135 1004 973 657  1 1 0 0.00 0 0 1.00 0 0 0 11.45 0.012 0.329 0.350 
0.489 2 1 1 0 0.2973 0.3063 0.1504 0.0004 0.005152 3.141392 0.0000 0 0.0000 0  1678 1359 1178 1188 1139 1000 980 663  1 1 0 0.00 0 0 1.00 0 0 0 11.45 0.012 0.334 0.342 
0.490 2 1 1 0 0.2973 0.3063 0.1504 0.0004 0.005152 3.141392 0.0000 0 0.0000 0  1694 1358 1176 1191 1144 1005 972 672  1 1 0 0.00 0 0 1.00 0 0 0 11.45 0.013 0.334 0.349 
0.491 2 1 1 0 0.3070 0.3031 0.1509 0.0004 0.005152 3.141392 0.0000 0 0.0000 0  1671 1356 1175 1186 1133 995 963 659  1 1 0 0.00 0 0 1.00 0 0 0 11.45 0.012 0.335 0.348 
0.492 2 1 1 0 0.2996 0.3031 0.1512 0.0004 0.002576 3.141392 0.0000 0 0.0000 0  1689 1352 1168 1212 1114 1000 976 657  1 1 0 0.00 0 0 1.00 0 0 0 11.45 0.012 0.339 0.349 
0.493 2 1 1 0 0.2996 0.3098 0.1515 0.0004 0.005152 3.141392 0.0000 0 0.0000 0  1683 1349 1180 1203 1130 997 974 659  1 1 0 0.00 0 0 1.00 0 0 0 11.44 0.013 0.337 0.352 
0.494 2 1 1 0 0.3007 0.3244 0.1520 0.0004 0.005152 3.141392 0.0000 0 0.0000 0  1707 1362 1182 1215 1139 993 984 651  1 1 0 0.00 0 0 1.00 0 0 0 11.45 0.012 0.336 0.351 
0.495 2 1 1 0 0.3007 0.3244 0.1520 0.0004 0.005152 3.141392 0.0000 0 0.0000 0  1727 1384 1214 1244 1169 1011 1009 670  1 1 0 0.00 0 0 1.00 0 0 0 11.45 0.011 0.326 0.351 
0.496 2 1 1 0 0.2777 0.2735 0.1525 0.0004 0.005152 3.141392 0.0000 0 0.0000 0  1706 1368 1181 1198 1134 992 993 655  1 1 0 0.00 0 0 1.00 0 0 0 11.44 0.014 0.335 0.340 
0.497 2 1 1 0 0.2777 0.2735 0.1525 0.0004 0.005152 3.141392 0.0000 0 0.0000 0  1741 1371 1181 1210 1135 994 974 663  1 1 0 0.00 0 0 1.00 0 0 0 11.45 0.012 0.328 0.350 
0.498 2 1 1 0 0.2961 0.2601 0.1531 0.0004 0.005152 3.141392 0.0000 0 0.0000 0  1727 1381 1175 1206 1130 992 968 658  1 1 0 0.00 0 0 1.00 0 0 0 11.45 0.012 0.336 0.342 
0.499 2 1 1 0 0.2961 0.2601 0.1531 0.0004 0.005152 3.141392 0.0000 0 0.0000 0  1711 1388 1176 1219 1123 997 993 657  1 1 0 0.00 0 0 1.00 0 0 0 11.44 0.012 0.331 0.351 
0.500 2 1 1 0 0.3126 0.2711 0.1536 0.0004 0.005152 3.141392 0.0000 0 0.0000 0  1728 1401 1197 1245 1159 1015 1011 687  1 1 0 0.00 0 0 1.00 0 0 0 11.45 0.012 0.335 0.344 
0.501 2 1 1 0 0.3119 0.2711 0.1539 0.0004 0.002576 3.141392 0.0000 0 0.0000 0  1720 1391 1172 1225 1125 996 983 662  1 1 0 0.00 0 0 1.00 0 0 0 11.45 0.015 0.340 0.350 
0.502 2 1 1 0 0.3119 0.3102 0.1542 0.0004 0.005152 3.141392 0.0000 0 0.0000 0  1727 1379 1181 1225 1131 1004 984 670  1 1 0 0.00 0 0 1.00 0 0 0 11.45 0.012 0.339 0.353 
0.503 2 1 1 0 0.3124 0.3102 0.1544 0.0004 0.002576 3.141392 0.0000 0 0.0000 0  1719 1379 1178 1212 1130 989 978 663  1 1 0 0.00 0 0 1.00 0 0 0 11.45 0.012 0.336 0.352 
0.504 2 1 1 0 0.3124 0.3059 0.1547 0.0004 0.005152 3.141392 0.0000 0 0.0000 0  1722 1377 1180 1211 1131 995 981 660  1 1 0 0.00 0 0 1.00 0 0 0 11.45 0.013 0.337 0.351 
0.505 2 1 1 0 0.3134 0.3059 0.1550 0.0004 0.002576 3.141392 0.0000 0 0.0000 0  1724 1388 1195 1230 1163 1016 1000 681  1 1 0 0.00 0 0 1.00 0 0 0 11.45 0.013 0.340 0.351 
0.506 2 1 1 0 0.3134 0.3052 0.1552 0.0004 0.005152 3.141392 0.0000 0 0.0000 0  1693 1375 1173 1179 1120 981 965 646  1 1 0 0.00 0 0 1.00 0 0 0 11.45 0.012 0.341 0.354 
0.507 2 1 1 0 0.2913 0.3045 0.1558 0.0004 0.005152 3.141392 0.0000 0 0.0000 0  1691 1378 1176 1184 1127 997 956 658  1 1 0 0.00 0 0 1.00 0 0 0 11.44 0.011 0.335 0.794 
0.508 2 1 1 0 0.2913 0.3041 0.1558 0.0004 0.005152 3.141392 0.0000 0 0.0000 0  1705 1383 1172 1195 1122 993 951 663  1 1 0 0.00 0 0 1.00 0 0 0 11.45 0.013 0.331 0.349 
0.509 2 1 1 0 0.2987 0.3290 0.1563 0.0005 0.005152 3.141392 0.0000 0 0.0000 0  1701 1365 1152 1170 1105 983 967 653  1 1 0 0.00 0 0 1.00 0 0 0 11.45 0.012 0.335 0.344 
0.510 2 1 1 0 0.3158 0.3290 0.1566 0.0005 0.002576 3.141392 0.0000 0 0.0000 0  1776 1369 1183 1224 1161 1011 1009 686  1 1 0 0.00 0 0 1.00 0 0 0 11.45 0.014 0.340 0.348 
0.511 2 1 1 0 0.3158 0.3025 0.1569 0.0005 0.005152 3.141392 0.0000 0 0.0000 0  1695 1370 1173 1190 1129 993 962 656  1 1 0 0.00 0 0 1.00 0 0 0 11.45 0.012 0.336 0.353 
0.512 2 1 1 0 0.2976 0.3025 0.1571 0.0005 0.002576 3.141392 0.0000 0 0.0000 0  1721 1384 1169 1213 1126 994 987 653  1 1 0 0.00 0 0 1.00 0 0 0 11.45 0.014 0.339 0.349 
0.513 2 1 1 0 0.2976 0.2813 0.1574 0.0005 0.005152 3.141392 0.0000 0 0.0000 0  1716 1385 1168 1194 1130 994 1002 663  1 1 0 0.00 0 0 1.00 0 0 0 11.45 0.012 0.336 0.353 
0.514 2 1 1 0 0.2772 0.2813 0.1577 0.0005 0.002576 3.141392 0.0000 0 0.0000 0  1693 1363 1143 1163 1095 976 952 634  1 1 0 0.00 0 0 1.00 0 0 0 11.46 0.014 0.343 0.350 
0.515 2 1 1 0 0.2772 0.2853 0.1579 0.0005 0.005152 3.141392 0.0000 0 0.0000 0  1712 1371 1179 1201 1128 997 973 663  1 1 0 0.00 0 0 1.00 0 0 0 11.45 0.013 0.338 0.358 
0.516 2 1 1 0 0.3025 0.3135 0.1585 0.0005 0.005152 3.141392 0.0000 0 0.0000 0  1715 1370 1171 1194 1131 994 967 659  1 1 0 0.00 0 0 1.00 0 0 0 11.45 0.011 0.333 0.351 
0.517 2 1 1 0 0.3025 0.3135 0.1585 0.0005 0.005152 3.141392 0.0000 0 0.0000 0  1699 1365 1167 1190 1134 991 963 654  1 1 0 0.00 0 0 1.00 0 0 0 11.44 0.012 0.331 0.347 
0.518 2 1 1 0 0.3206 0.3029 0.1590 0.0005 0.005152 3.141392 0.0000 0 0.0000 0  1703 1364 1164 1201 1130 999 962 658  1 1 0 0.00 0 0 1.00 0 0 0 11.45 0.012 0.336 0.345 
0.519 2 1 1 0 0.3128 0.3029 0.1593 0.0005 0.002576 3.141392 0.0000 0 0.0000 0  1702 1348 1146 1166 1102 968 963 625  1 1 0 0.00 0 0 1.00 0 0 0 11.45 0.014 0.339 0.351 
0.520 2 1 1 0 0.3128 0.2973 0.1596 0.0005 0.005152 3.141392 0.0000 0 0.0000 0  1714 1364 1175 1198 1129 992 973 652  1 1 0 0.00 0 0 1.00 0 0 0 11.45 0.012 0.336 0.352 
0.521 2 1 1 0 0.2921 0.2973 0.1598 0.0005 0.002576 3.141392 0.0000 0 0.0000 0  1706 1363 1160 1188 1118 989 957 654  1 1 0 0.00 0 0 1.00 0 0 0 11.45 0.014 0.339 0.351 
0.522 2 1 1 0 0.2921 0.2822 0.1601 0.0005 0.005152 3.141392 0.0000 0 0.0000 0  1700 1388 1168 1202 1114 994 961 656  1 1 0 0.00 0 0 1.00 0 0 0 11.44 0.012 0.339 0.353 
0.523 2 1 1 0 0.2996 0.2822 0.1604 0.0005 0.002576 3.141392 0.0000 0 0.0000 0  1712 1399 1168 1207 1117 988 968 655  1 1 0 0.00 0 0 1.00 0 0 0 11.44 0.012 0.339 0.352 
0.524 2 1 1 0 0.2996 0.3290 0.1606 0.0005 0.005152 3.141392 0.0000 0 0.0000 0  1724 1401 1160 1196 1086 970 965 624  1 1 0 0.00 0 0 1.00 0 0 0 11.44 0.013 0.339 0.353 
0.525 2 1 1 0 0.3068 0.3383 0.1612 0.0005 0.005152 3.141392 0.0000 0 0.0000 0  1716 1387 1168 1197 1121 993 984 657  1 1 0 0.00 0 0 1.00 0 0 0 11.45 0.012 0.334 0.353 
0.526 2 1 1 0 0.3042 0.3383 0.1615 0.0005 0.002576 3.141392 0.0000 0 0.0000 0  1707 1379 1168 1192 1124 993 970 655  1 1 0 0.00 0 0 1.00 0 0 0 11.45 0.013 0.341 0.349 
0.527 2 1 1 0 0.3024 0.2904 0.1617 0.0005 0.005152 3.141392 0.0000 0 0.0000 0  1715 1381 1167 1193 1127 994 977 664  1 1 0 0.00 0 0 1.00 0 0 0 11.45 0.014 0.339 0.355 
0.528 2 1 1 0 0.2841 0.2904 0.1620 0.0005 0.002576 3.141392 0.0000 0 0.0000 0  1710 1365 1160 1193 1109 984 979 653  1 1 0 0.00 0 0 1.00 0 0 0 11.45 0.012 0.338 0.352 
0.529 2 1 1 0 0.2841 0.2489 0.1623 0.0005 0.005152 3.141392 0.0000 0 0.0000 0  1725 1371 1172 1204 1129 990 984 652  1 1 0 0.00 0 0 1.00 0 0 0 11.44 0.014 0.339 0.351 
0.530 2 1 1 0 0.3114 0.2489 0.1625 0.0005 0.002576 3.141392 0.0000 0 0.0000 0  1722 1385 1171 1199 1142 989 984 672  1 1 0 0.00 0 0 1.00 0 0 0 11.44 0.012 0.338 0.353 
0.531 2 1 1 0 0.3114 0.3079 0.1628 0.0005 0.005152 3.141392 0.0000 0 0.0000 0  1744 1405 1166 1191 1132 981 986 640  1 1 0 0.00 0 0 1.00 0 0 0 11.45 0.012 0.339 0.352 
0.532 2 1 1 0 0.3382 0.3079 0.1631 0.0005 0.002576 3.141392 0.0000 0 0.0000 0  1720 1403 1170 1198 1145 998 975 669  1 1 0 0.00 0 0 1.00 0 0 0 11.45 0.013 0.340 0.353 
0.533 2 1 1 0 0.3205 0.3087 0.1636 0.0005 0.002576 3.141392 0.0000 0 0.0000 0  1721 1387 1165 1171 1133 984 962 654  1 1 0 0.00 0 0 1.00 0 0 0 11.45 0.010 0.331 0.795 
0.534 2 1 1 0 0.3205 0.3087 0.1636 0.0005 0.002576 3.141392 0.0000 0 0.0000 0  1727 1397 1166 1182 1129 981 955 657  1 1 0 0.00 0 0 1.00 0 0 0 11.45 0.014 0.334 0.344 
0.535 2 1 1 0 0.2958 0.3035 0.1642 0.0005 0.002576 3.141392 0.0000 0 0.0000 0  1725 1394 1169 1178 1125 987 951 647  1 1 0 0.00 0 0 1.00 0 0 0 11.45 0.014 0.335 0.348 
0.536 2 1 1 0 0.2958 0.2873 0.1644 0.0005 0.005152 3.141392 0.0000 0 0.0000 0  1791 1412 1178 1201 1113 983 954 643  1 1 0 0.00 0 0 1.00 0 0 0 11.45 0.012 0.336 0.349 
0.537 2 1 1 0 0.2951 0.2873 0.1647 0.0005 0.002576 3.141392 0.0000 0 0.0000 0  1743 1400 1160 1203 1107 986 972 647  1 1 0 0.00 0 0 1.00 0 0 0 11.45 0.012 0.336 0.349 
0.538 2 1 1 0 0.2951 0.3316 0.1650 0.0005 0.005152 3.141392 0.0000 0 0.0000 0  1742 1407 1163 1200 1111 988 982 645  1 1 0 0.00 0 0 1.00 0 0 0 11.45 0.013 0.339 0.350 
0.539 2 1 1 0 0.3123 0.3316 0.1652 0.0005 0.002576 3.141392 0.0000 0 0.0000 0  1747 1413 1171 1207 1127 994 989 657  1 1 0 0.00 0 0 1.00 0 0 0 11.45 0.013 0.338 0.356 
0.540 2 1 1 0 0.3123 0.2988 0.1655 0.0005 0.005152 3.141392 0.0000 0 0.0000 0  1720 1406 1167 1181 1117 994 956 658  1 1 0 0.00 0 0 1.00 0 0 0 11.45 0.012 0.339 0.351 
0.541 2 1 1 0 0.2929 0.2988 0.1658 0.0005 0.002576 3.141392 0.0000 0 0.0000 0  1739 1396 1194 1215 1136 1009 969 691  1 1 0 0.00 0 0 1.00 0 0 0 11.45 0.013 0.341 0.353 
0.542 2 1 1 0 0.2929 0.2855 0.1661 0.0005 0.005152 3.141392 0.0000 0 0.0000 0  1725 1387 1161 1201 1104 984 968 652  1 1 0 0.00 0 0 1.00 0 0 0 11.45 0.011 0.340 0.354 
0.543 2 1 1 0 0.2826 0.2855 0.1663 0.0005 0.002576 3.141392 0.0000 0 0.0000 0  1714 1381 1167 1185 1100 986 962 645  1 1 0 0.00 0 0 1.00 0 0 0 11.45 0.011 0.339 0.353 
0.544 2 1 1 0 0.3012 0.2867 0.1669 0.0005 0.002576 3.141392 0.0000 0 0.0000 0  1749 1414 1175 1205 1128 979 973 646  1 1 0 0.00 0 0 1.00 0 0 0 11.45 0.013 0.335 0.352 
0.545 2 1 1 0 0.3012 0.3247 0.1671 0.0005 0.005152 3.141392 0.0000 0 0.0000 0  1720 1400 1163 1185 1121 980 958 656  1 1 0 0.00 0 0 1.00 0 0 0 11.45 0.011 0.335 0.349 
0.546 2 1 1 0 0.3107 0.3247 0.1674 0.0005 0.002576 3.141392 0.0000 0 0.0000 0  1745 1415 1196 1214 1147 1010 987 682  1 1 0 0.00 0 0 1.00 0 0 0 11.45 0.013 0.340 0.348 
0.547 2 1 1 0 0.3107 0.3106 0.1677 0.0005 0.005152 3.141392 0.0000 0 0.0000 0  1730 1382 1170 1183 1119 984 975 649  1 1 0 0.00 0 0 1.00 0 0 0 11.45 0.012 0.336 0.352 
0.548 2 1 1 0 0.3079 0.3106 0.1680 0.0005 0.002576 3.141392 0.0000 0 0.0000 0  1724 1399 1159 1183 1119 983 965 652  1 1 0 0.00 0 0 1.00 0 0 0 11.45 0.013 0.336 0.351 
0.549 2 1 1 0 0.3079 0.3002 0.1682 0.0005 0.005152 3.141392 0.0000 0 0.0000 0  1723 1405 1161 1187 1114 983 965 648  1 1 0 0.00 0 0 1.00 0 0 0 11.45 0.013 0.340 0.351 
0.550 2 1 1 0 0.2803 0.3002 0.1685 0.0005 0.002576 3.141392 0.0000 0 0.0000 0  1714 1401 1152 1179 1108 986 971 648  1 1 0 0.00 0 0 1.00 0 0 0 11.45 0.013 0.340 0.354 
0.551 2 1 1 0 0.2803 0.2785 0.1688 0.0005 0.005152 3.141392 0.0000 0 0.0000 0  1715 1425 1190 1200 1139 1006 986 671  1 1 0 0.00 0 0 1.00 0 0 0 11.45 0.011 0.339 0.356 
0.552 2 1 1 0 0.2988 0.3241 0.1693 0.0005 0.005152 3.141392 0.0000 0 0.0000 0  1705 1399 1160 1175 1105 986 963 639  1 1 0 0.00 0 0 1.00 0 0 0 11.45 0.012 0.336 0.353 
0.553 2 1 1 0 0.3123 0.3241 0.1696 0.0005 0.002576 3.141392 0.0000 0 0.0000 0  1727 1377 1166 1180 1118 973 973 638  1 1 0 0.00 0 0 1.00 0 0 0 11.45 0.012 0.336 0.351 
0.554 2 1 1 0 0.3123 0.2931 0.1698 0.0005 0.005152 3.141392 0.0000 0 0.0000 0  1726 1412 1163 1200 1102 983 963 653  1 1 0 0.00 0 0 1.00 0 0 0 11.45 0.012 0.339 0.351 
0.555 2 1 1 0 0.3021 0.2931 0.1701 0.0005 0.002576 3.141392 0.0000 0 0.0000 0  1713 1385 1140 1173 1070 961 953 615  1 1 0 0.00 0 0 1.00 0 0 0 11.45 0.014 0.339 0.352 
0.556 2 1 1 0 0.3021 0.2793 0.1704 0.0005 0.005152 3.141392 0.0000 0 0.0000 0  1735 1362 1174 1186 1132 987 983 668  1 1 0 0.00 0 0 1.00 0 0 0 11.45 0.011 0.335 0.352 
0.557 2 1 1 0 0.2893 0.2793 0.1707 0.0005 0.002576 3.141392 0.0000 0 0.0000 0  1722 1385 1159 1181 1135 976 966 652  1 1 0 0.00 0 0 1.00 0 0 0 11.45 0.012 0.338 0.350 
0.558 2 1 1 0 0.2893 0.2791 0.1709 0.0005 0.005152 3.141392 0.0000 0 0.0000 0  1723 1386 1163 1184 1132 981 957 665  1 1 0 0.00 0 0 1.00 0 0 0 11.45 0.013 0.342 0.351 
0.559 2 1 1 0 0.3093 0.2791 0.1712 0.0005 0.002576 3.141392 0.0000 0 0.0000 0  1728 1387 1161 1179 1118 978 940 668  1 1 0 0.00 0 0 1.00 0 0 0 11.45 0.014 0.339 0.783 
0.560 2 1 1 0 0.3093 0.3219 0.1717 0.0005 0.002576 3.141392 0.0000 0 0.0000 0  1708 1395 1127 1183 1073 957 940 632  1 1 0 0.00 0 0 1.00 0 0 0 11.45 0.011 0.336 0.353 
0.561 2 1 1 0 0.3122 0.3219 0.1717 0.0005 0.002576 3.141392 0.0000 0 0.0000 0  1730 1408 1166 1196 1125 981 974 650  1 1 0 0.00 0 0 1.00 0 0 0 11.45 0.013 0.331 0.351 
0.562 2 1 1 0 0.3175 0.2976 0.1723 0.0005 0.002576 3.141392 0.0000 0 0.0000 0  1731 1403 1165 1178 1121 977 960 645  1 1 0 0.00 0 0 1.00 0 0 0 11.45 0.011 0.333 0.345 
0.563 2 1 1 0 0.3175 0.3075 0.1725 0.0005 0.005152 3.141392 0.0000 0 0.0000 0  1729 1404 1160 1174 1120 979 943 637  1 1 0 0.00 0 0 1.00 0 0 0 11.45 0.013 0.335 0.348 
0.564 2 1 1 0 0.3037 0.3075 0.1728 0.0005 0.002576 3.141392 0.0000 0 0.0000 0  1733 1405 1167 1174 1119 973 959 640  1 1 0 0.00 0 0 1.00 0 0 0 11.45 0.011 0.336 0.350 
0.565 2 1 1 0 0.3037 0.2938 0.1731 0.0005 0.005152 3.141392 0.0000 0 0.0000 0  1724 1383 1136 1154 1090 951 952 607  1 1 0 0.00 0 0 1.00 0 0 0 11.45 0.012 0.339 0.351 
0.566 2 1 1 0 0.3019 0.2938 0.1734 0.0005 0.002576 3.141392 0.0000 0 0.0000 0  1734 1392 1170 1176 1117 977 966 645  1 1 0 0.00 0 0 1.00 0 0 0 11.45 0.012 0.339 0.353 
0.567 2 1 1 0 0.3158 0.3298 0.1739 0.0005 0.002576 3.141392 0.0000 0 0.0000 0  1729 1394 1156 1170 1111 969 956 636  1 1 0 0.00 0 0 1.00 0 0 0 11.45 0.014 0.336 0.353 
0.568 2 1 1 0 0.3158 0.3298 0.1739 0.0005 0.002576 3.141392 0.0000 0 0.0000 0  1731 1402 1159 1179 1097 981 941 651  1 1 0 0.00 0 0 1.00 0 0 0 11.45 0.013 0.331 0.350 
0.569 2 1 1 0 0.2942 0.2999 0.1744 0.0005 0.002576 3.141392 0.0000 0 0.0000 0  1733 1399 1166 1187 1103 978 955 654  1 1 0 0.00 0 0 1.00 0 0 0 11.45 0.011 0.331 0.345 
0.570 2 1 1 0 0.2942 0.2999 0.1744 0.0005 0.002576 3.141392 0.0000 0 0.0000 0  1731 1400 1158 1170 1118 967 944 605  1 1 0 0.00 0 0 1.00 0 0 0 11.45 0.012 0.333 0.345 
0.571 2 1 1 0 0.2797 0.2886 0.1750 0.0005 0.002576 3.141392 0.0000 0 0.0000 0  1737 1411 1167 1174 1132 970 952 635  1 1 0 0.00 0 0 1.00 0 0 0 11.45 0.012 0.335 0.346 
0.572 2 1 1 0 0.2797 0.2951 0.1753 0.0005 0.005152 3.141392 0.0000 0 0.0000 0  1732 1420 1158 1193 1102 971 961 635  1 1 0 0.00 0 0 1.00 0 0 0 11.45 0.011 0.336 0.350 
0.573 2 1 1 0 0.2996 0.2951 0.1755 0.0005 0.002576 3.141392 0.0000 0 0.0000 0  1725 1422 1157 1184 1092 963 963 641  1 1 0 0.00 0 0 1.00 0 0 0 11.44 0.012 0.336 0.350 
0.574 2 1 1 0 0.2996 0.3192 0.1758 0.0005 0.005152 3.141392 0.0000 0 0.0000 0  1728 1419 1156 1172 1108 964 933 641  1 1 0 0.00 0 0 1.00 0 0 0 11.45 0.013 0.339 0.351 
0.575 2 1 1 0 0.2963 0.3192 0.1761 0.0005 0.002576 3.141392 0.0000 0 0.0000 0  1728 1416 1157 1175 1107 969 939 632  1 1 0 0.00 0 0 1.00 0 0 0 11.45 0.011 0.335 0.353 
0.576 2 1 1 0 0.2963 0.3062 0.1763 0.0005 0.005152 3.141392 0.0000 0 0.0000 0  1727 1420 1162 1178 1109 983 954 654  1 1 0 0.00 0 0 1.00 0 0 0 11.45 0.011 0.339 0.350 
0.577 2 1 1 0 0.3113 0.3062 0.1766 0.0005 0.002576 3.141392 0.0000 0 0.0000 0  1752 1436 1161 1187 1103 973 946 631  1 1 0 0.00 0 0 1.00 0 0 0 11.44 0.011 0.339 0.352 
0.578 2 1 1 0 0.3077 0.3021 0.1771 0.0005 0.002576 3.141392 0.0000 0 0.0000 0  1719 1416 1149 1166 1100 966 947 639  1 1 0 0.00 0 0 1.00 0 0 0 11.45 0.010 0.333 0.352 
0.579 2 1 1 0 0.3077 0.3084 0.1774 0.0005 0.005152 3.141392 0.0000 0 0.0000 0  1722 1408 1151 1175 1092 971 945 629  1 1 0 0.00 0 0 1.00 0 0 0 11.45 0.013 0.336 0.347 
0.580 2 1 1 0 0.3101 0.3084 0.1777 0.0005 0.002576 3.141392 0.0000 0 0.0000 0  1725 1411 1147 1171 1077 962 934 632  1 1 0 0.00 0 0 1.00 0 0 0 11.45 0.012 0.336 0.351 
0.581 2 1 1 0 0.3101 0.3227 0.1780 0.0005 0.005152 3.141392 0.0000 0 0.0000 0  1733 1426 1162 1192 1087 982 955 639  1 1 0 0.00 0 0 1.00 0 0 0 11.45 0.012 0.336 0.351 
0.582 2 1 1 0 0.2843 0.3227 0.1782 0.0005 0.002576 3.141392 0.0000 0 0.0000 0  1743 1443 1184 1200 1117 987 960 639  1 1 0 0.00 0 0 1.00 0 0 0 11.45 0.012 0.339 0.351 
0.583 2 1 1 0 0.2843 0.2831 0.1785 0.0005 0.005152 3.141392 0.0000 0 0.0000 0  1731 1413 1158 1173 1103 968 958 654  1 1 0 0.00 0 0 1.00 0 0 0 11.45 0.011 0.336 0.353 
0.584 2 1 1 0 0.3001 0.2831 0.1788 0.0005 0.002576 3.141392 0.0000 0 0.0000 0  1735 1424 1162 1173 1125 964 953 657  1 1 0 0.00 0 0 1.00 0 0 0 11.45 0.012 0.336 0.351 
0.585 2 1 1 0 0.3001 0.2753 0.1790 0.0005 0.005152 3.141392 0.0000 0 0.0000 0  1724 1428 1152 1166 1108 958 938 653  1 1 0 0.00 0 0 1.00 0 0 0 11.45 0.011 0.339 0.792 
0.586 2 1 1 0 0.3157 0.2753 0.1793 0.0005 0.002576 3.141392 0.0000 0 0.0000 0  1726 1435 1161 1178 1105 967 953 660  1 1 0 0.00 0 0 1.00 0 0 0 11.45 0.012 0.339 0.353 
0.587 2 1 1 0 0.3133 0.2806 0.1799 0.0005 0.002576 3.141392 0.0000 0 0.0000 0  1746 1417 1182 1203 1140 990 970 680  1 1 0 0.00 0 0 1.00 0 0 0 11.45 0.014 0.336 0.353 
0.588 2 1 1 0 0.3133 0.2806 0.1799 0.0005 0.002576 3.141392 0.0000 0 0.0000 0  1724 1405 1154 1167 1099 972 941 646  1 1 0 0.00 0 0 1.00 0 0 0 11.45 0.013 0.332 0.351 
0.589 2 1 1 0 0.3116 0.3154 0.1804 0.0005 0.002576 3.141392 0.0000 0 0.0000 0  1722 1414 1159 1169 1119 967 937 630  1 1 0 0.00 0 0 1.00 0 0 0 11.45 0.012 0.333 0.346 
0.590 2 1 1 0 0.3116 0.3082 0.1807 0.0005 0.005152 3.141392 0.0000 0 0.0000 0  1729 1412 1161 1174 1125 963 943 641  1 1 0 0.00 0 0 1.00 0 0 0 11.45 0.013 0.342 0.348 
0.591 2 1 1 0 0.3120 0.3082 0.1809 0.0005 0.002576 3.141392 0.0000 0 0.0000 0  1722 1408 1148 1171 1122 967 937 653  1 1 0 0.00 0 0 1.00 0 0 0 11.45 0.011 0.335 0.355 
0.592 2 1 1 0 0.3091 0.3070 0.1812 0.0005 0.005152 3.141392 0.0000 0 0.0000 0  1736 1422 1181 1199 1128 982 976 686  1 1 0 0.00 0 0 1.00 0 0 0 11.45 0.011 0.339 0.350 
0.593 2 1 1 0 0.2895 0.3070 0.1815 0.0005 0.002576 3.141392 0.0000 0 0.0000 0  1719 1417 1155 1172 1092 963 925 642  1 1 0 0.00 0 0 1.00 0 0 0 11.45 0.011 0.336 0.353 
0.594 2 1 1 0 0.2970 0.3057 0.1820 0.0005 0.002576 3.141392 0.0000 0 0.0000 0  1717 1410 1154 1171 1082 967 953 622  1 1 0 0.00 0 0 1.00 0 0 0 11.45 0.011 0.334 0.351 
0.595 2 1 1 0 0.2970 0.3057 0.1820 0.0005 0.002576 3.141392 0.0000 0 0.0000 0  1727 1414 1148 1170 1119 958 945 628  1 1 0 0.00 0 0 1.00 0 0 0 11.45 0.011 0.331 0.348 
0.596 2 1 1 0 0.3138 0.3297 0.1826 0.0005 0.002576 3.141392 0.0000 0 0.0000 0  1706 1408 1118 1144 1090 948 933 640  1 1 0 0.00 0 0 1.00 0 0 0 11.45 0.014 0.335 0.344 
0.597 2 1 1 0 0.3138 0.3035 0.1828 0.0005 0.005152 3.141392 0.0000 0 0.0000 0  1720 1408 1151 1173 1113 983 953 649  1 1 0 0.00 0 0 1.00 0 0 0 11.45 0.011 0.335 0.349 
0.598 2 1 1 0 0.2958 0.3035 0.1831 0.0005 0.002576 3.141392 0.0000 0 0.0000 0  1714 1411 1149 1170 1092 958 936 632  1 1 0 0.00 0 0 1.00 0 0 0 11.45 0.012 0.339 0.350 
0.599 2 1 1 0 0.2958 0.2860 0.1834 0.0005 0.005152 3.141392 0.0000 0 0.0000 0  1717 1428 1153 1166 1089 959 950 641  1 1 0 0.00 0 0 1.00 0 0 0 11.45 0.011 0.335 0.353 
0.600 2 1 1 0 0.2772 0.2860 0.1836 0.0005 0.002576 3.141392 0.0000 0 0.0000 0  1721 1421 1154 1163 1100 956 922 651  1 1 0 0.00 0 0 1.00 0 0 0 11.45 0.012 0.338 0.350 
0.601 2 1 1 0 0.2772 0.2932 0.1839 0.0006 0.005152 3.141392 0.0000 0 0.0000 0  1704 1390 1126 1135 1057 938 931 592  1 1 0 0.00 0 0 1.00 0 0 0 11.45 0.013 0.340 0.351 
0.602 2 1 1 0 0.3029 0.2932 0.1842 0.0006 0.002576 3.141392 0.0000 0 0.0000 0  1722 1407 1150 1170 1107 960 954 630  1 1 0 0.00 0 0 1.00 0 0 0 11.45 0.012 0.342 0.353 
0.603 2 1 1 0 0.3210 0.3208 0.1847 0.0006 0.002576 3.141392 0.0000 0 0.0000 0  1714 1409 1149 1163 1089 955 927 628  1 1 0 0.00 0 0 1.00 0 0 0 11.45 0.013 0.335 0.355 
0.604 2 1 1 0 0.3210 0.3177 0.1847 0.0006 0.002576 3.141392 0.0000 0 0.0000 0  1718 1420 1144 1164 1085 954 929 623  1 1 0 0.00 0 0 1.00 0 0 0 11.45 0.013 0.331 0.350 
0.605 2 1 1 0 0.3122 0.3084 0.1853 0.0006 0.002576 3.141392 0.0000 0 0.0000 0  1714 1420 1146 1167 1085 960 931 616  1 1 0 0.00 0 0 1.00 0 0 0 11.45 0.011 0.331 0.345 
0.606 2 1 1 0 0.3122 0.3000 0.1855 0.0006 0.005152 3.141392 0.0000 0 0.0000 0  1710 1403 1127 1147 1048 943 921 612  1 1 0 0.00 0 0 1.00 0 0 0 11.45 0.012 0.338 0.345 
0.607 2 1 1 0 0.2883 0.3000 0.1858 0.0006 0.002576 3.141392 0.0000 0 0.0000 0  1714 1413 1150 1160 1068 957 931 609  1 1 0 0.00 0 0 1.00 0 0 0 11.45 0.013 0.338 0.352 
0.608 2 1 1 0 0.2883 0.2817 0.1861 0.0006 0.005152 3.141392 0.0000 0 0.0000 0  1716 1402 1152 1157 1081 946 929 588  1 1 0 0.00 0 0 1.00 0 0 0 11.45 0.014 0.339 0.352 
0.609 2 1 1 0 0.2948 0.2817 0.1863 0.0006 0.002576 3.141392 0.0000 0 0.0000 0  1714 1409 1141 1158 1093 945 928 591  1 1 0 0.00 0 0 1.00 0 0 0 11.45 0.011 0.335 0.353 
0.610 2 1 1 0 0.2948 0.3275 0.1866 0.0006 0.005152 3.141392 0.0000 0 0.0000 0  1716 1428 1141 1156 1104 936 917 604  1 1 0 0.00 0 0 1.00 0 0 0 11.45 0.012 0.341 0.350 
0.611 2 1 1 0 0.3025 0.3275 0.1869 0.0006 0.002576 3.141392 0.0000 0 0.0000 0  1722 1432 1146 1150 1069 933 912 599  1 1 0 0.00 0 0 1.00 0 0 0 11.45 0.011 0.339 0.784 
0.612 2 1 1 0 0.2996 0.3373 0.1874 0.0006 0.002576 3.141392 0.0000 0 0.0000 0  1720 1442 1151 1160 1089 952 932 612  1 1 0 0.00 0 0 1.00 0 0 0 11.45 0.011 0.331 0.353 
0.613 2 1 1 0 0.2996 0.2871 0.1877 0.0006 0.005152 3.141392 0.0000 0 0.0000 0  1712 1435 1148 1162 1082 955 934 633  1 1 0 0.00 0 0 1.00 0 0 0 11.45 0.011 0.335 0.345 
0.614 2 1 1 0 0.2837 0.2871 0.1880 0.0006 0.002576 3.141392 0.0000 0 0.0000 0  1713 1430 1150 1154 1068 946 921 630  1 1 0 0.00 0 0 1.00 0 0 0 11.45 0.012 0.339 0.350 
0.615 2 1 1 0 0.2837 0.2595 0.1880 0.0006 0.002576 3.141392 0.0000 0 0.0000 0  1703 1405 1137 1150 1076 947 927 620  1 1 0 0.00 0 0 1.00 0 0 0 11.45 0.012 0.331 0.353 
0.616 2 1 1 0 0.3123 0.2471 0.1885 0.0006 0.002576 3.141392 0.0000 0 0.0000 0  1709 1417 1131 1153 1085 948 927 618  1 1 0 0.00 0 0 1.00 0 0 0 11.44 0.011 0.332 0.345 
0.617 2 1 1 0 0.3123 0.3089 0.1888 0.0006 0.005152 3.141392 0.0000 0 0.0000 0  1718 1421 1133 1158 1090 946 926 633  1 1 0 0.00 0 0 1.00 0 0 0 11.45 0.011 0.339 0.346 
0.618 2 1 1 0 0.3398 0.3089 0.1890 0.0006 0.002576 3.141392 0.0000 0 0.0000 0  1720 1425 1135 1163 1089 953 927 654  1 1 0 0.00 0 0 1.00 0 0 0 11.45 0.012 0.339 0.353 
