%% logfile from robot Thit (86)
% Thit (86)
%  1    time 0.201 sec
%  2  3  4  5   (mission 0), state 2, entered ), events 0x0 (bit-flags)
% 12 .. 33 Edge sensor: left -1.482360 0, right -0.176AT+CIPSEN080 0, values 899 1600 1884 2188 1521 871 839 535, 
%    white 1, used 1, LEDhigh=0, xingVal=0.41 xlcnt=0 lvcnt=5,LineVal=1.00, lineLow=0, lineHi=0, edgeAngle=0.
% whitelevel=[2447 2346 2088 2520 2452 2316 2458 1831];
% blacklevel=[55 43 40 50 7 44 2 8];
0.201 2 1 1 0 0.1928 0.2428 0.0227 0.0017 0.108182 -1.666448 -1.4824 0 -0.1761 0  899 1600 1884 2188 1521 871 839 535  1 1 0 0.41 0 5 1.00 0 0 0 11.04 0.102 0.553 0.611 
0.202 2 1 1 0 0.1821 0.2428 0.0229 0.0017 0.105606 -1.666402 -1.4817 1 -0.1769 1  870 1600 1885 2185 1529 884 851 539  1 1 0 0.40 0 5 1.00 0 0 0 11.04 0.103 0.606 0.566 
0.203 2 1 1 0 0.1821 0.2428 0.0229 0.0017 0.105606 -1.666361 -1.4786 1 -0.1809 1  888 1586 1889 2177 1530 873 846 533  1 1 0 0.34 0 5 1.00 0 0 0 11.04 0.102 0.595 0.624 
0.204 2 1 1 0 0.1821 0.2514 0.0232 0.0017 0.108182 -1.666335 -1.4754 1 -0.1820 1  888 1589 1883 2181 1524 874 827 535  1 1 0 0.30 0 5 1.00 0 0 0 11.04 0.101 0.601 0.612 
0.205 2 1 1 0 0.1695 0.2770 0.0235 0.0017 0.110757 -1.666306 -1.4738 1 -0.1781 1  899 1592 1881 2188 1531 873 828 524  1 1 0 0.31 0 5 1.00 0 0 0 11.04 0.103 0.612 0.615 
0.206 2 1 1 0 0.1563 0.2770 0.0237 0.0018 0.108182 -1.666282 -1.4721 1 -0.1765 1  904 1582 1886 2188 1529 869 807 532  1 1 0 0.30 0 5 1.00 0 0 0 11.04 0.103 0.593 0.629 
0.207 2 1 1 0 0.1563 0.3183 0.0240 0.0018 0.110757 -1.666276 -1.4650 1 -0.1763 1  896 1578 1875 2188 1526 872 805 533  1 1 0 0.24 0 5 1.00 0 0 0 11.04 0.102 0.604 0.610 
0.208 2 1 1 0 0.1563 0.3183 0.0240 0.0018 0.110757 -1.666264 -1.4656 1 -0.1805 1  893 1587 1878 2180 1522 875 799 540  1 1 0 0.68 0 5 1.00 0 0 0 11.03 0.103 0.601 0.622 
0.209 2 1 1 0 0.1448 0.3030 0.0243 0.0018 0.113333 -1.666211 -1.4629 1 -0.1902 1  905 1577 1878 2165 1519 869 816 534  1 1 0 0.52 0 5 1.00 0 0 0 11.04 0.103 0.595 0.614 
0.210 2 1 1 0 0.1346 0.3030 0.0245 0.0019 0.110757 -1.666121 -1.4584 1 -0.1793 1  895 1573 1874 2195 1529 865 820 539  1 1 0 0.57 0 5 1.00 0 0 0 11.03 0.102 0.604 0.612 
0.211 2 1 1 0 0.1346 0.3129 0.0248 0.0019 0.113333 -1.666092 -1.4520 1 -0.1822 1  931 1565 1870 2179 1524 881 821 538  1 1 0 0.47 0 5 1.00 0 0 0 11.04 0.103 0.606 0.622 
0.212 2 1 1 0 0.1346 0.3124 0.0251 0.0019 0.115909 -1.666127 -1.4512 1 -0.1840 1  912 1570 1872 2181 1516 869 838 527  1 1 0 0.44 0 5 1.00 0 0 0 11.06 0.102 0.606 0.624 
0.213 2 1 1 0 0.1346 0.3124 0.0251 0.0019 0.115909 -1.666139 -1.4459 1 -0.1877 1  935 1553 1872 2173 1522 873 820 538  1 1 0 0.32 0 5 1.00 0 0 0 11.05 0.102 0.601 0.624 
0.214 2 1 1 0 0.1347 0.3222 0.0256 0.0020 0.115909 -1.666127 -1.4402 1 -0.1889 1  923 1552 1866 2174 1523 879 821 536  1 1 0 0.24 0 5 1.00 0 0 0 11.05 0.103 0.602 0.614 
0.215 2 1 1 0 0.1347 0.3222 0.0256 0.0020 0.115909 -1.666139 -1.4372 1 -0.1882 1  915 1546 1869 2175 1528 872 826 526  1 1 0 0.21 0 5 1.00 0 0 0 11.05 0.102 0.594 0.615 
0.217 2 1 1 0 0.1347 0.2763 0.0259 0.0020 0.118485 -1.666181 -1.4352 1 -0.1945 1  903 1544 1865 2158 1523 876 822 531  1 1 0 0.12 0 5 1.00 0 0 0 11.05 0.102 0.606 0.611 
0.217 2 1 1 0 0.1347 0.2763 0.0259 0.0020 0.118485 -1.666221 -1.4334 1 -0.1935 1  890 1543 1868 2171 1525 877 840 542  1 1 0 0.12 0 5 1.00 0 0 0 11.05 0.192 0.684 1.092 
0.218 2 1 1 0 0.1382 0.2528 0.0264 0.0021 0.118485 -1.666249 -1.4310 1 -0.1966 1  888 1541 1866 2163 1527 876 875 535  1 1 0 0.07 0 5 1.00 0 0 0 11.05 0.101 0.601 0.699 
0.219 2 1 1 0 0.1382 0.2528 0.0264 0.0021 0.118485 -1.666250 -1.4272 1 -0.2063 1  908 1551 1855 2149 1520 885 840 538  1 1 0 0.47 0 5 1.00 0 0 0 11.02 0.101 0.591 0.615 
0.220 2 1 1 0 0.1382 0.2540 0.0267 0.0021 0.121060 -1.666214 -1.4295 1 -0.1909 1  915 1558 1860 2188 1525 881 864 535  1 1 0 0.67 0 5 1.00 0 0 0 11.04 0.103 0.606 0.608 
0.221 2 1 1 0 0.1613 0.2540 0.0270 0.0021 0.118485 -1.666166 -1.4316 1 -0.1810 1  922 1561 1860 2192 1529 885 861 539  1 1 0 0.80 0 5 1.00 0 0 0 11.02 0.102 0.605 0.624 
0.222 2 1 1 0 0.1613 0.2995 0.0272 0.0022 0.121060 -1.666139 -1.4289 1 -0.1832 1  911 1555 1856 2178 1526 877 860 538  1 1 0 0.74 0 5 1.00 0 0 0 11.04 0.102 0.603 0.622 
0.223 2 1 1 0 0.1613 0.2995 0.0272 0.0022 0.121060 -1.666134 -1.4313 1 -0.1801 1  937 1561 1860 2186 1528 877 907 542  1 1 0 0.79 0 5 1.00 0 0 0 11.03 0.102 0.601 0.618 
0.224 2 1 1 0 0.1872 0.3064 0.0278 0.0022 0.121060 -1.666127 -1.4264 1 -0.1792 1  923 1550 1854 2188 1519 877 885 535  1 1 0 0.75 0 5 1.00 0 0 0 11.04 0.102 0.602 0.614 
0.225 2 1 1 0 0.1872 0.3064 0.0278 0.0022 0.121060 -1.666098 -1.4189 1 -0.1800 1  917 1540 1849 2185 1520 884 877 539  1 1 0 0.66 0 5 1.00 0 0 0 11.05 0.103 0.603 0.616 
0.226 2 1 1 0 0.1872 0.3199 0.0280 0.0023 0.123636 -1.666062 -1.4106 1 -0.1822 1  920 1518 1851 2181 1520 876 884 541  1 1 0 0.54 0 5 1.00 0 0 0 11.04 0.101 0.603 0.616 
0.227 2 1 1 0 0.1639 0.3355 0.0286 0.0023 0.123636 -1.666037 -1.4095 1 -0.1841 1  907 1526 1853 2178 1524 880 889 549  1 1 0 0.50 0 5 1.00 0 0 0 11.05 0.103 0.603 0.621 
0.228 2 1 1 0 0.1639 0.3355 0.0286 0.0023 0.123636 -1.666024 -1.4061 1 -0.1881 1  903 1516 1852 2173 1520 879 887 550  1 1 0 0.52 0 5 1.00 0 0 0 11.05 0.101 0.594 0.616 
0.229 2 1 1 0 0.1639 0.3414 0.0288 0.0024 0.126212 -1.666033 -1.4058 1 -0.1946 1  901 1524 1851 2166 1513 878 891 542  1 1 0 0.45 0 5 1.00 0 0 0 11.05 0.101 0.606 0.611 
0.230 2 1 1 0 0.1639 0.3163 0.0288 0.0024 0.126212 -1.666082 -1.4078 1 -0.2025 1  904 1543 1846 2154 1521 878 876 551  1 1 0 0.39 0 5 1.00 0 0 0 11.05 0.101 0.594 0.624 
0.231 2 1 1 0 0.1329 0.2767 0.0294 0.0024 0.126212 -1.666184 -1.4053 1 -0.2113 1  904 1529 1846 2146 1516 890 874 543  1 1 0 0.27 0 5 1.00 0 0 0 11.06 0.101 0.601 0.612 
0.232 2 1 1 0 0.1329 0.2767 0.0294 0.0024 0.126212 -1.666306 -1.4010 1 -0.2092 1  913 1529 1840 2161 1509 879 879 545  1 1 0 0.26 0 5 1.00 0 0 0 11.03 0.102 0.594 0.615 
0.233 2 1 1 0 0.1329 0.2300 0.0296 0.0025 0.128788 -1.666401 -1.4045 1 -0.2049 1  921 1529 1851 2165 1518 885 864 549  1 1 0 0.37 0 5 1.00 0 0 0 11.04 0.102 0.604 0.611 
0.234 2 1 1 0 0.1329 0.2300 0.0296 0.0025 0.128788 -1.666434 -1.4073 1 -0.2004 1  920 1529 1853 2169 1520 886 874 557  1 1 0 0.46 0 5 1.00 0 0 0 11.04 0.102 0.592 0.621 
0.235 2 1 1 0 0.1430 0.2249 0.0299 0.0025 0.126212 -1.666401 -1.4086 1 -0.2036 1  932 1531 1852 2158 1520 884 904 552  1 1 0 0.43 0 5 1.00 0 0 0 11.04 0.102 0.611 0.609 
0.236 2 1 1 0 0.1430 0.2127 0.0302 0.0025 0.128788 -1.666371 -1.4096 1 -0.2007 1  934 1522 1857 2169 1514 877 888 549  1 1 0 0.46 0 5 1.00 0 0 0 11.04 0.102 0.604 0.629 
0.237 2 1 1 0 0.1430 0.2127 0.0302 0.0025 0.128788 -1.666392 -1.4061 1 -0.2036 1  925 1524 1848 2158 1521 883 875 546  1 1 0 0.39 0 5 1.00 0 0 0 11.03 0.103 0.602 0.621 
0.238 2 1 1 0 0.1734 0.2840 0.0307 0.0026 0.128788 -1.666420 -1.4018 1 -0.2036 1  931 1520 1845 2161 1521 878 895 555  1 1 0 0.33 0 5 1.00 0 0 0 11.04 0.103 0.602 0.614 
0.239 2 1 1 0 0.1734 0.3436 0.0310 0.0027 0.131363 -1.666428 -1.3996 1 -0.2032 1  935 1515 1847 2163 1517 877 879 555  1 1 0 0.57 0 5 1.00 0 0 0 11.03 0.103 0.606 0.615 
0.240 2 1 1 0 0.1734 0.3436 0.0310 0.0027 0.131363 -1.666428 -1.3992 1 -0.2018 1  930 1529 1842 2165 1518 884 878 558  1 1 0 0.56 0 5 1.00 0 0 0 11.05 0.103 0.601 0.623 
0.241 2 1 1 0 0.1731 0.3457 0.0315 0.0027 0.131363 -1.666402 -1.4001 1 -0.2013 1  923 1523 1847 2166 1514 880 884 559  1 1 0 0.57 0 5 1.00 0 0 0 11.05 0.101 0.603 0.616 
0.242 2 1 1 0 0.1731 0.3308 0.0318 0.0028 0.133939 -1.666330 -1.4029 1 -0.2001 1  929 1518 1854 2166 1520 874 886 557  1 1 0 0.61 0 5 1.00 0 0 0 11.06 0.102 0.591 0.621 
0.244 2 1 1 0 0.1731 0.3308 0.0318 0.0028 0.133939 -1.666211 -1.4008 1 -0.2044 1  926 1518 1846 2163 1506 878 887 562  1 1 0 0.53 0 5 1.00 0 0 0 11.05 0.102 0.594 0.609 
0.244 2 1 1 0 0.1675 0.4052 0.0320 0.0028 0.136515 -1.666116 -1.4032 1 -0.2046 1  929 1524 1851 2168 1494 876 874 563  1 1 0 0.53 0 5 1.00 0 0 0 11.06 0.192 0.685 1.089 
0.245 2 1 1 0 0.1430 0.3608 0.0326 0.0029 0.136515 -1.666135 -1.4033 1 -0.2028 1  923 1526 1848 2172 1494 878 896 565  1 1 0 0.55 0 5 1.00 0 0 0 11.05 0.102 0.601 0.699 
0.246 2 1 1 0 0.1430 0.3608 0.0326 0.0029 0.136515 -1.666261 -1.4078 1 -0.2003 1  922 1538 1851 2176 1492 875 887 553  1 1 0 0.64 0 5 1.00 0 0 0 11.06 0.103 0.602 0.614 
0.247 2 1 1 0 0.1430 0.3016 0.0329 0.0029 0.139091 -1.666397 -1.4121 1 -0.1967 1  918 1536 1856 2180 1495 870 887 556  1 1 0 0.74 0 5 1.00 0 0 0 11.06 0.103 0.606 0.614 
0.248 2 1 1 0 0.1430 0.3016 0.0329 0.0029 0.139091 -1.666483 -1.4098 1 -0.1850 1  915 1530 1850 2199 1504 875 892 562  1 1 0 0.69 0 5 1.00 0 0 0 11.06 0.101 0.590 0.623 
0.249 2 1 1 0 0.1268 0.2505 0.0334 0.0030 0.139091 -1.666546 -1.4159 1 -0.1888 1  913 1549 1855 2181 1494 871 918 557  1 1 0 0.74 0 5 1.00 0 0 0 11.05 0.103 0.603 0.605 
0.250 2 1 1 0 0.1268 0.2505 0.0334 0.0030 0.139091 -1.666571 -1.4233 1 -0.1850 1  920 1558 1859 2193 1496 868 889 554  1 1 0 0.87 0 5 1.00 0 0 0 11.05 0.103 0.595 0.622 
0.251 2 1 1 0 0.1268 0.2713 0.0337 0.0030 0.141666 -1.666542 -1.4229 1 -0.1878 1  918 1540 1860 2183 1495 869 898 551  1 1 0 0.84 0 5 1.00 0 0 0 11.05 0.103 0.606 0.612 
0.252 2 1 1 0 0.1268 0.2713 0.0337 0.0030 0.141666 -1.666510 -1.4199 1 -0.1856 1  915 1535 1857 2186 1509 869 896 558  1 1 0 0.83 0 5 1.00 0 0 0 11.05 0.102 0.593 0.624 
0.253 2 1 1 0 0.1436 0.2662 0.0342 0.0031 0.141666 -1.666502 -1.4198 1 -0.1858 1  911 1529 1863 2192 1484 865 912 561  1 1 0 0.82 0 5 1.00 0 0 0 11.05 0.101 0.603 0.610 
0.254 2 1 1 0 0.1436 0.2662 0.0342 0.0031 0.141666 -1.666503 -1.4278 1 -0.1842 1  923 1562 1862 2183 1520 870 911 560  1 1 0 0.91 0 5 1.00 0 0 0 11.04 0.102 0.594 0.616 
0.255 2 1 1 0 0.1436 0.3064 0.0345 0.0031 0.144242 -1.666527 -1.4276 1 -0.1825 1  919 1568 1850 2186 1517 869 913 555  1 1 0 0.92 0 5 1.00 0 0 0 11.05 0.103 0.604 0.611 
0.256 2 1 1 0 0.1633 0.3513 0.0350 0.0032 0.144242 -1.666585 -1.4308 1 -0.1882 1  905 1558 1862 2175 1508 866 898 547  1 1 0 0.91 0 5 1.00 0 0 0 11.05 0.111 0.609 0.621 
0.257 2 1 1 0 0.1633 0.3513 0.0350 0.0032 0.144242 -1.666606 -1.4279 1 -0.1992 1  897 1549 1858 2161 1498 865 892 554  1 1 0 0.49 0 5 1.00 0 0 0 11.05 0.103 0.602 0.625 
0.258 2 1 1 0 0.1633 0.4164 0.0353 0.0033 0.146818 -1.666522 -1.4259 1 -0.2061 1  900 1545 1859 2161 1489 864 887 543  1 1 0 0.37 0 5 1.00 0 0 0 11.03 0.102 0.602 0.616 
0.259 2 1 1 0 0.1633 0.3795 0.0355 0.0033 0.149394 -1.666376 -1.4262 1 -0.2042 1  892 1548 1860 2170 1496 861 890 555  1 1 0 0.36 0 5 1.00 0 0 0 11.05 0.103 0.608 0.616 
0.260 2 1 1 0 0.1591 0.3795 0.0358 0.0033 0.146818 -1.666279 -1.4241 1 -0.2069 1  884 1545 1857 2165 1487 863 894 546  1 1 0 0.31 0 5 1.00 0 0 0 11.05 0.103 0.605 0.625 
0.261 2 1 1 0 0.1591 0.3383 0.0361 0.0034 0.149394 -1.666299 -1.4247 1 -0.2097 1  892 1555 1855 2162 1487 867 903 551  1 1 0 0.29 0 5 1.00 0 0 0 11.06 0.103 0.609 0.623 
0.262 2 1 1 0 0.1591 0.3101 0.0361 0.0034 0.149394 -1.666370 -1.4249 1 -0.2121 1  899 1551 1857 2159 1490 863 912 550  1 1 0 0.27 0 5 1.00 0 0 0 11.06 0.103 0.602 0.626 
0.263 2 1 1 0 0.1624 0.2578 0.0366 0.0035 0.149394 -1.666464 -1.4262 1 -0.2057 1  895 1546 1862 2173 1496 869 897 549  1 1 0 0.36 0 5 1.00 0 0 0 11.05 0.103 0.602 0.615 
0.264 2 1 1 0 0.1624 0.2578 0.0366 0.0035 0.149394 -1.666595 -1.4259 1 -0.2030 1  890 1546 1860 2173 1493 873 914 548  1 1 0 0.41 0 5 1.00 0 0 0 11.06 0.102 0.592 0.615 
0.265 2 1 1 0 0.1624 0.2456 0.0369 0.0035 0.151970 -1.666690 -1.4252 1 -0.1989 1  893 1546 1859 2178 1496 869 913 552  1 1 0 0.47 0 5 1.00 0 0 0 11.04 0.103 0.606 0.609 
0.266 2 1 1 0 0.1624 0.2456 0.0369 0.0035 0.151970 -1.666696 -1.4260 1 -0.1989 1  897 1543 1863 2174 1495 872 916 548  1 1 0 0.48 0 5 1.00 0 0 0 11.05 0.102 0.596 0.623 
0.267 2 1 1 0 0.1622 0.2284 0.0374 0.0036 0.151970 -1.666642 -1.4274 1 -0.2002 1  901 1543 1865 2171 1495 868 915 552  1 1 0 0.46 0 5 1.00 0 0 0 11.05 0.102 0.602 0.613 
0.268 2 1 1 0 0.1622 0.2284 0.0374 0.0036 0.151970 -1.666606 -1.4371 1 -0.2043 1  901 1566 1871 2165 1491 866 907 557  1 1 0 0.68 0 5 1.00 0 0 0 11.05 0.101 0.591 0.615 
0.269 2 1 1 0 0.1622 0.2747 0.0377 0.0036 0.154545 -1.666614 -1.4320 1 -0.2045 1  900 1552 1858 2170 1488 868 911 549  1 1 0 0.62 0 5 1.00 0 0 0 11.02 0.109 0.609 0.608 
0.271 2 1 1 0 0.1370 0.2747 0.0377 0.0036 0.154545 -1.666647 -1.4363 1 -0.2039 1  906 1556 1868 2170 1489 872 904 550  1 1 0 0.66 0 5 1.00 0 0 0 11.03 0.103 0.596 0.626 
0.271 2 1 1 0 0.1360 0.3297 0.0382 0.0037 0.154545 -1.666711 -1.4339 1 -0.2039 1  910 1548 1865 2168 1497 861 906 543  1 1 0 0.63 0 5 1.00 0 0 0 11.04 0.198 0.693 1.094 
0.272 2 1 1 0 0.1360 0.4092 0.0385 0.0037 0.157121 -1.666773 -1.4353 1 -0.2093 1  910 1556 1866 2159 1489 871 904 548  1 1 0 0.58 0 5 1.00 0 0 0 11.05 0.102 0.603 0.709 
0.273 2 1 1 0 0.1360 0.4092 0.0385 0.0037 0.157121 -1.666755 -1.4334 1 -0.2107 1  907 1559 1859 2162 1488 872 911 547  1 1 0 0.53 0 5 1.00 0 0 0 11.05 0.102 0.595 0.616 
0.274 2 1 1 0 0.1360 0.3775 0.0387 0.0038 0.159697 -1.666646 -1.4355 1 -0.2123 1  903 1563 1863 2159 1492 871 907 552  1 1 0 0.52 0 5 1.00 0 0 0 11.06 0.103 0.602 0.611 
0.275 2 1 1 0 0.1089 0.3722 0.0390 0.0038 0.162273 -1.666511 -1.4337 1 -0.2136 1  912 1549 1865 2160 1485 866 916 534  1 1 0 0.48 0 5 1.00 0 0 0 11.06 0.102 0.606 0.615 
0.276 2 1 1 0 0.1054 0.3722 0.0393 0.0039 0.159697 -1.666419 -1.4380 1 -0.2200 1  896 1559 1870 2148 1486 873 914 552  1 1 0 0.46 0 5 1.00 0 0 0 11.04 0.102 0.594 0.623 
0.277 2 1 1 0 0.1054 0.3162 0.0395 0.0039 0.162273 -1.666417 -1.4347 1 -0.2225 1  894 1548 1865 2150 1484 867 911 553  1 1 0 0.40 0 5 1.00 0 0 0 11.05 0.102 0.606 0.612 
0.278 2 1 1 0 0.1054 0.3162 0.0395 0.0039 0.162273 -1.666488 -1.4339 1 -0.2209 1  896 1546 1868 2152 1498 869 911 554  1 1 0 0.57 0 5 1.00 0 0 0 11.04 0.102 0.595 0.623 
0.279 2 1 1 0 0.1054 0.3053 0.0398 0.0040 0.164848 -1.666601 -1.4407 1 -0.2158 1  899 1567 1871 2157 1511 859 905 559  1 1 0 0.72 0 5 1.00 0 0 0 11.05 0.102 0.604 0.613 
0.280 2 1 1 0 0.1202 0.3049 0.0401 0.0040 0.162273 -1.666737 -1.4391 1 -0.2109 1  899 1561 1864 2159 1520 858 903 550  1 1 0 0.79 0 5 1.00 0 0 0 11.03 0.102 0.604 0.621 
0.281 2 1 1 0 0.1202 0.2558 0.0403 0.0040 0.164848 -1.666804 -1.4360 1 -0.2042 1  904 1549 1866 2165 1528 864 917 554  1 1 0 0.82 0 5 1.00 0 0 0 11.05 0.103 0.609 0.621 
0.282 2 1 1 0 0.1202 0.2558 0.0403 0.0040 0.164848 -1.666757 -1.4307 1 -0.2056 1  904 1553 1856 2160 1513 866 908 547  1 1 0 0.74 0 5 1.00 0 0 0 11.03 0.103 0.595 0.626 
0.283 2 1 1 0 0.1650 0.2641 0.0409 0.0041 0.164848 -1.666682 -1.4337 1 -0.2055 1  899 1556 1866 2163 1508 866 894 546  1 1 0 0.79 0 5 1.00 0 0 0 11.04 0.101 0.601 0.612 
0.284 2 1 1 0 0.1650 0.2641 0.0409 0.0041 0.164848 -1.666661 -1.4374 1 -0.2029 1  898 1571 1862 2168 1509 861 888 548  1 1 0 0.84 0 5 1.00 0 0 0 11.05 0.103 0.601 0.614 
0.285 2 1 1 0 0.1650 0.3113 0.0411 0.0042 0.167424 -1.666690 -1.4415 1 -0.1986 1  893 1570 1867 2172 1516 867 890 541  1 1 0 0.92 0 5 1.00 0 0 0 11.05 0.103 0.609 0.614 
0.286 2 1 1 0 0.1650 0.3736 0.0414 0.0042 0.170000 -1.666761 -1.4502 1 -0.1995 1  904 1583 1873 2171 1499 867 894 547  1 1 0 1.02 0 5 1.00 0 0 0 11.05 0.103 0.609 0.626 
0.287 2 1 1 0 0.1706 0.3736 0.0417 0.0043 0.167424 -1.666866 -1.4536 1 -0.2066 1  898 1573 1877 2157 1500 857 908 545  1 1 0 0.98 0 5 1.00 0 0 0 11.06 0.103 0.609 0.626 
0.288 2 1 1 0 0.1706 0.3740 0.0419 0.0043 0.170000 -1.666913 -1.4525 1 -0.2044 1  899 1567 1875 2169 1499 857 915 550  1 1 0 0.64 0 5 1.00 0 0 0 11.06 0.103 0.610 0.626 
0.289 2 1 1 0 0.1706 0.3783 0.0422 0.0044 0.172576 -1.666849 -1.4502 1 -0.1980 1  902 1574 1867 2175 1516 860 895 575  1 1 0 0.67 0 5 1.00 0 0 0 11.05 0.101 0.603 0.628 
0.290 2 1 1 0 0.1532 0.3733 0.0427 0.0045 0.172576 -1.666722 -1.4472 1 -0.1978 1  899 1561 1871 2173 1502 861 917 552  1 1 0 0.61 0 5 1.00 0 0 0 11.06 0.103 0.602 0.621 
0.291 2 1 1 0 0.1532 0.3733 0.0427 0.0045 0.172576 -1.666613 -1.4475 1 -0.1927 1  893 1564 1873 2183 1504 858 915 564  1 1 0 0.68 0 5 1.00 0 0 0 11.03 0.102 0.584 0.615 
0.292 2 1 1 0 0.1532 0.3536 0.0430 0.0045 0.175151 -1.666594 -1.4452 1 -0.1919 1  891 1567 1866 2178 1508 860 914 588  1 1 0 0.67 0 5 1.00 0 0 0 11.05 0.102 0.604 0.601 
0.293 2 1 1 0 0.1532 0.3439 0.0430 0.0045 0.175151 -1.666641 -1.4439 1 -0.1904 1  887 1563 1868 2180 1509 853 913 590  1 1 0 0.67 0 5 1.00 0 0 0 11.03 0.103 0.606 0.621 
0.294 2 1 1 0 0.1486 0.2710 0.0435 0.0046 0.175151 -1.666694 -1.4474 1 -0.1903 1  889 1576 1869 2180 1505 854 909 583  1 1 0 0.73 0 5 1.00 0 0 0 11.05 0.102 0.602 0.624 
0.295 2 1 1 0 0.1486 0.2710 0.0435 0.0046 0.175151 -1.666762 -1.4497 1 -0.1895 1  889 1576 1870 2181 1507 855 907 580  1 1 0 0.77 0 5 1.00 0 0 0 11.04 0.103 0.596 0.615 
0.296 2 1 1 0 0.1486 0.2499 0.0438 0.0046 0.177727 -1.666837 -1.4574 1 -0.1905 1  892 1582 1880 2180 1501 857 910 571  1 1 0 0.83 0 5 1.00 0 0 0 11.05 0.101 0.603 0.613 
0.298 2 1 1 0 0.1456 0.2499 0.0438 0.0046 0.177727 -1.666843 -1.4611 1 -0.1935 1  887 1576 1879 2172 1510 851 909 576  1 1 0 0.64 0 5 1.00 0 0 0 11.05 0.102 0.585 0.617 
0.298 2 1 1 0 0.1379 0.2684 0.0443 0.0047 0.177727 -1.666808 -1.4614 1 -0.1924 1  886 1581 1877 2180 1501 853 910 574  1 1 0 0.68 0 5 1.00 0 0 0 11.05 0.176 0.672 1.074 
0.299 2 1 1 0 0.1379 0.2684 0.0443 0.0047 0.177727 -1.666810 -1.4566 1 -0.1866 1  887 1560 1880 2182 1529 850 912 577  1 1 0 0.68 0 5 1.00 0 0 0 11.05 0.101 0.594 0.689 
0.300 2 1 1 0 0.1379 0.3346 0.0446 0.0048 0.180303 -1.666829 -1.4643 1 -0.1876 1  890 1586 1885 2178 1516 851 916 575  1 1 0 0.74 0 5 1.00 0 0 0 11.05 0.103 0.606 0.610 
0.301 2 1 1 0 0.1379 0.3466 0.0449 0.0048 0.182879 -1.666851 -1.4638 1 -0.1878 1  886 1573 1884 2178 1518 855 912 579  1 1 0 0.72 0 5 1.00 0 0 0 11.06 0.103 0.609 0.623 
0.302 2 1 1 0 0.1146 0.3466 0.0451 0.0049 0.180303 -1.666916 -1.4514 1 -0.1940 1  886 1552 1871 2171 1500 858 899 581  1 1 0 0.52 0 5 1.00 0 0 0 11.06 0.103 0.609 0.625 
0.303 2 1 1 0 0.1146 0.3546 0.0454 0.0049 0.182879 -1.666993 -1.4363 1 -0.1890 1  882 1503 1880 2183 1516 858 907 595  1 1 0 0.42 0 5 1.00 0 0 0 11.06 0.101 0.603 0.625 
0.304 2 1 1 0 0.1146 0.3505 0.0457 0.0050 0.185454 -1.666988 -1.4291 1 -0.1915 1  885 1500 1881 2177 1502 858 911 578  1 1 0 0.29 0 5 1.00 0 0 0 11.03 0.102 0.603 0.621 
0.305 2 1 1 0 0.1146 0.3505 0.0457 0.0050 0.185454 -1.666888 -1.4273 1 -0.1908 1  888 1518 1875 2177 1514 855 911 591  1 1 0 0.24 0 5 1.00 0 0 0 11.05 0.103 0.595 0.621 
0.306 2 1 1 0 0.1146 0.3675 0.0459 0.0050 0.188030 -1.666771 -1.4245 1 -0.1908 1  889 1510 1875 2175 1518 857 903 589  1 1 0 0.21 0 5 1.00 0 0 0 11.04 0.102 0.602 0.612 
0.307 2 1 1 0 0.1066 0.3222 0.0459 0.0050 0.188030 -1.666769 -1.4261 1 -0.1859 1  878 1515 1879 2182 1528 861 906 587  1 1 0 0.63 0 5 1.00 0 0 0 11.05 0.103 0.596 0.615 
0.308 2 1 1 0 0.0958 0.3176 0.0465 0.0051 0.188030 -1.666842 -1.4254 1 -0.1837 1  884 1507 1880 2180 1532 861 899 578  1 1 0 0.65 0 5 1.00 0 0 0 11.05 0.103 0.601 0.613 
0.309 2 1 1 0 0.0958 0.2910 0.0467 0.0052 0.190606 -1.666867 -1.4294 1 -0.1826 1  878 1525 1880 2177 1540 865 887 600  1 1 0 0.70 0 5 1.00 0 0 0 11.05 0.102 0.609 0.615 
0.310 2 1 1 0 0.0958 0.2910 0.0467 0.0052 0.190606 -1.666882 -1.4295 1 -0.1837 1  886 1521 1878 2179 1525 861 887 572  1 1 0 0.68 0 5 1.00 0 0 0 11.05 0.103 0.595 0.625 
0.311 2 1 1 0 0.0958 0.2967 0.0470 0.0052 0.193182 -1.666896 -1.4360 1 -0.1798 1  886 1543 1880 2185 1534 861 890 578  1 1 0 0.78 0 5 1.00 0 0 0 11.05 0.101 0.606 0.613 
0.312 2 1 1 0 0.1504 0.2967 0.0473 0.0053 0.190606 -1.666909 -1.4298 1 -0.1759 1  886 1505 1880 2190 1532 862 900 571  1 1 0 0.75 0 5 1.00 0 0 0 11.05 0.102 0.608 0.624 
0.313 2 1 1 0 0.1504 0.3351 0.0475 0.0053 0.193182 -1.666967 -1.4204 1 -0.1721 1  885 1495 1871 2193 1535 857 899 577  1 1 0 0.69 0 5 1.00 0 0 0 11.05 0.102 0.609 0.625 
0.314 2 1 1 0 0.2084 0.3337 0.0481 0.0054 0.193182 -1.667019 -1.4133 1 -0.1737 1  889 1496 1865 2188 1528 862 893 572  1 1 0 0.59 0 5 1.00 0 0 0 11.06 0.103 0.602 0.626 
0.315 2 1 1 0 0.2084 0.3337 0.0481 0.0054 0.193182 -1.667013 -1.4140 1 -0.1666 1  897 1511 1867 2199 1544 865 870 599  1 1 0 0.60 0 5 1.00 0 0 0 11.05 0.101 0.591 0.616 
0.316 2 1 1 0 0.2084 0.3391 0.0483 0.0055 0.195757 -1.667000 -1.4078 1 -0.1613 1  889 1492 1862 2207 1534 867 897 578  1 1 0 0.58 0 5 1.00 0 0 0 11.06 0.103 0.606 0.608 
0.317 2 1 1 0 0.2068 0.3391 0.0486 0.0055 0.193182 -1.666987 -1.4043 1 -0.1614 1  895 1486 1864 2198 1541 868 902 585  1 1 0 0.54 0 5 1.00 0 0 0 11.06 0.102 0.609 0.624 
0.318 2 1 1 0 0.2068 0.3267 0.0489 0.0056 0.195757 -1.666950 -1.3987 1 -0.1574 1  894 1490 1854 2205 1546 871 902 594  1 1 0 0.54 0 5 1.00 0 0 0 11.06 0.103 0.606 0.626 
0.319 2 1 1 0 0.2061 0.3838 0.0491 0.0057 0.198333 -1.666900 -1.4015 1 -0.1544 1  894 1496 1863 2206 1549 870 897 595  1 1 0 0.59 0 5 1.00 0 0 0 11.06 0.103 0.610 0.624 
0.320 2 1 1 0 0.1792 0.3838 0.0496 0.0058 0.198333 -1.666873 -1.4007 1 -0.1506 1  890 1488 1862 2209 1554 874 900 595  1 1 0 0.62 0 5 1.00 0 0 0 11.06 0.102 0.605 0.628 
0.321 2 1 1 0 0.1792 0.3863 0.0496 0.0058 0.198333 -1.666879 -1.3961 1 -0.1488 1  890 1493 1851 2210 1551 870 902 586  1 1 0 0.61 0 5 1.00 0 0 0 11.06 0.103 0.601 0.623 
0.322 2 1 1 0 0.1792 0.3211 0.0499 0.0058 0.200909 -1.666898 -1.3938 1 -0.1457 1  890 1493 1851 2214 1553 870 903 580  1 1 0 0.64 0 5 1.00 0 0 0 11.06 0.102 0.608 0.614 
0.323 2 1 1 0 0.1746 0.3211 0.0502 0.0059 0.198333 -1.666909 -1.3937 1 -0.1484 1  898 1491 1854 2205 1552 868 894 587  1 1 0 0.60 0 5 1.00 0 0 0 11.06 0.103 0.606 0.625 
0.325 2 1 1 0 0.1746 0.2655 0.0504 0.0059 0.200909 -1.666909 -1.3959 1 -0.1449 1  894 1496 1859 2215 1564 869 894 583  1 1 0 0.61 0 5 1.00 0 0 0 11.03 0.101 0.603 0.624 
0.325 2 1 1 0 0.1746 0.2655 0.0504 0.0059 0.200909 -1.666916 -1.3895 1 -0.1516 1  881 1503 1838 2202 1540 857 888 579  1 1 0 0.48 0 5 1.00 0 0 0 11.04 0.171 0.666 1.071 
0.326 2 1 1 0 0.1746 0.3169 0.0510 0.0060 0.200909 -1.666934 -1.3962 1 -0.1440 1  907 1501 1859 2220 1556 866 889 582  1 1 0 0.62 0 5 1.00 0 0 0 11.04 0.102 0.601 0.679 
0.327 2 1 1 0 0.1746 0.3169 0.0510 0.0060 0.200909 -1.666977 -1.3874 1 -0.1489 1  888 1486 1841 2204 1547 864 880 579  1 1 0 0.47 0 5 1.00 0 0 0 11.04 0.103 0.601 0.614 
0.328 2 1 1 0 0.1746 0.3105 0.0512 0.0061 0.203485 -1.667049 -1.3804 1 -0.1482 1  895 1471 1842 2209 1552 856 881 567  1 1 0 0.41 0 5 1.00 0 0 0 11.05 0.102 0.604 0.613 
0.329 2 1 1 0 0.1754 0.3105 0.0518 0.0062 0.203485 -1.667106 -1.3794 1 -0.1515 1  894 1463 1850 2202 1549 856 887 586  1 1 0 0.36 0 5 1.00 0 0 0 11.06 0.103 0.603 0.621 
0.330 2 1 1 0 0.1754 0.3105 0.0518 0.0062 0.203485 -1.667107 -1.3782 1 -0.1548 1  893 1472 1845 2199 1548 856 882 591  1 1 0 0.30 0 5 1.00 0 0 0 11.05 0.103 0.604 0.616 
0.331 2 1 1 0 0.1754 0.3031 0.0520 0.0062 0.206060 -1.667084 -1.3840 1 -0.1567 1  891 1487 1852 2195 1556 850 886 591  1 1 0 0.34 0 5 1.00 0 0 0 11.06 0.102 0.606 0.623 
0.332 2 1 1 0 0.1626 0.3031 0.0520 0.0062 0.206060 -1.667071 -1.3833 1 -0.1582 1  891 1481 1847 2193 1558 847 890 600  1 1 0 0.31 0 5 1.00 0 0 0 11.06 0.103 0.606 0.624 
0.333 2 1 1 0 0.1551 0.3598 0.0526 0.0064 0.206060 -1.667073 -1.3864 1 -0.1602 1  891 1479 1855 2189 1561 838 886 599  1 1 0 0.32 0 5 1.00 0 0 0 11.06 0.102 0.605 0.623 
0.334 2 1 1 0 0.1551 0.3241 0.0528 0.0064 0.208636 -1.667064 -1.3858 1 -0.1641 1  886 1466 1856 2183 1561 839 872 604  1 1 0 0.46 0 5 1.00 0 0 0 11.05 0.102 0.604 0.622 
0.335 2 1 1 0 0.1551 0.3241 0.0528 0.0064 0.208636 -1.667046 -1.3924 1 -0.1731 1  890 1486 1862 2177 1539 834 881 600  1 1 0 0.42 0 5 1.00 0 0 0 11.05 0.113 0.606 0.618 
0.336 2 1 1 0 0.1473 0.3180 0.0534 0.0065 0.208636 -1.667016 -1.3915 1 -0.1804 1  885 1482 1855 2174 1531 837 882 595  1 1 0 0.33 0 5 1.00 0 0 0 11.03 0.103 0.605 0.622 
0.337 2 1 1 0 0.1473 0.3180 0.0534 0.0065 0.208636 -1.666956 -1.3906 1 -0.1802 1  887 1477 1856 2175 1550 829 893 583  1 1 0 0.31 0 5 1.00 0 0 0 11.05 0.102 0.589 0.622 
0.338 2 1 1 0 0.1473 0.3179 0.0536 0.0066 0.211212 -1.666895 -1.3929 1 -0.1848 1  886 1477 1862 2169 1540 822 886 599  1 1 0 0.27 0 5 1.00 0 0 0 11.06 0.103 0.602 0.606 
0.339 2 1 1 0 0.1473 0.3564 0.0539 0.0066 0.213788 -1.666869 -1.3892 1 -0.1898 1  885 1481 1850 2167 1530 813 880 593  1 1 0 0.19 0 5 1.00 0 0 0 11.06 0.102 0.609 0.615 
0.340 2 1 1 0 0.1604 0.3564 0.0541 0.0067 0.211212 -1.666870 -1.3877 1 -0.1916 1  887 1473 1854 2166 1537 818 889 600  1 1 0 0.14 0 5 1.00 0 0 0 11.06 0.104 0.612 0.626 
0.341 2 1 1 0 0.1604 0.3324 0.0544 0.0068 0.213788 -1.666874 -1.3873 1 -0.1895 1  887 1475 1854 2173 1534 818 884 602  1 1 0 0.14 0 5 1.00 0 0 0 11.06 0.101 0.604 0.630 
0.342 2 1 1 0 0.1604 0.3324 0.0544 0.0068 0.213788 -1.666893 -1.3854 1 -0.1930 1  882 1476 1850 2170 1516 815 885 581  1 1 0 0.08 0 5 1.00 0 0 0 11.06 0.102 0.595 0.622 
0.343 2 1 1 0 0.1626 0.3211 0.0549 0.0069 0.213788 -1.666939 -1.3867 1 -0.1962 1  884 1478 1854 2168 1512 813 892 581  1 1 0 0.07 0 5 1.00 0 0 0 11.06 0.103 0.595 0.612 
0.344 2 1 1 0 0.1626 0.3015 0.0552 0.0069 0.216363 -1.666969 -1.3888 1 -0.1963 1  884 1480 1856 2173 1506 812 895 613  1 1 0 0.45 0 5 1.00 0 0 0 11.06 0.103 0.606 0.612 
0.345 2 1 1 0 0.1626 0.3015 0.0552 0.0069 0.216363 -1.666970 -1.3919 1 -0.1996 1  884 1483 1859 2165 1510 813 896 620  1 1 0 0.45 0 5 1.00 0 0 0 11.06 0.102 0.601 0.624 
0.346 2 1 1 0 0.1650 0.3577 0.0557 0.0070 0.216363 -1.666966 -1.3965 1 -0.1999 1  881 1489 1863 2169 1506 808 895 598  1 1 0 0.50 0 5 1.00 0 0 0 11.06 0.102 0.602 0.614 
0.347 2 1 1 0 0.1650 0.3401 0.0557 0.0070 0.216363 -1.666969 -1.4055 1 -0.1955 1  878 1496 1874 2175 1517 812 895 614  1 1 0 0.66 0 5 1.00 0 0 0 11.06 0.103 0.601 0.615 
0.348 2 1 1 0 0.1650 0.3321 0.0560 0.0071 0.218939 -1.666973 -1.4131 1 -0.1919 1  880 1492 1883 2178 1517 810 895 606  1 1 0 0.78 0 5 1.00 0 0 0 11.06 0.103 0.606 0.614 
0.349 2 1 1 0 0.1784 0.3376 0.0565 0.0072 0.218939 -1.666940 -1.4211 1 -0.1871 1  884 1488 1895 2182 1524 804 896 600  1 1 0 0.91 0 5 1.00 0 0 0 11.03 0.103 0.603 0.624 
0.350 2 1 1 0 0.1784 0.3376 0.0565 0.0072 0.218939 -1.666889 -1.4294 1 -0.1824 1  882 1498 1900 2183 1535 805 901 618  1 1 0 1.05 0 5 1.00 0 0 0 11.05 0.103 0.601 0.621 
0.352 2 1 1 0 0.1784 0.3412 0.0568 0.0073 0.221515 -1.666881 -1.4275 1 -0.1758 1  880 1495 1887 2197 1534 809 896 611  1 1 0 1.12 0 5 1.00 0 0 0 11.06 0.101 0.603 0.615 
0.352 2 1 1 0 0.1700 0.3806 0.0573 0.0074 0.221515 -1.666892 -1.4284 1 -0.1674 1  878 1491 1894 2200 1543 804 900 589  1 1 0 1.23 0 5 1.00 0 0 0 11.06 0.198 0.693 1.096 
0.353 2 1 1 0 0.1700 0.3806 0.0573 0.0074 0.221515 -1.666861 -1.4249 1 -0.1659 1  888 1494 1883 2196 1538 809 895 593  1 1 0 0.50 0 5 1.00 0 0 0 11.05 0.103 0.596 0.710 
0.354 2 1 1 0 0.1700 0.3274 0.0576 0.0075 0.224091 -1.666820 -1.4247 1 -0.1609 1  889 1482 1893 2203 1544 810 899 607  1 1 0 0.55 0 5 1.00 0 0 0 11.06 0.102 0.604 0.612 
0.355 2 1 1 0 0.1700 0.3222 0.0578 0.0075 0.226666 -1.666815 -1.4337 1 -0.1561 1  884 1486 1913 2212 1535 814 895 594  1 1 0 0.70 0 5 1.00 0 0 0 11.06 0.109 0.611 0.616 
0.356 2 1 1 0 0.1701 0.3222 0.0581 0.0076 0.224091 -1.666842 -1.4268 1 -0.1531 1  882 1477 1890 2213 1536 812 904 618  1 1 0 0.67 0 5 1.00 0 0 0 11.06 0.102 0.604 0.628 
0.357 2 1 1 0 0.1701 0.3020 0.0584 0.0076 0.226666 -1.666896 -1.4283 1 -0.1457 1  882 1492 1894 2227 1536 812 897 593  1 1 0 0.77 0 5 1.00 0 0 0 11.06 0.108 0.609 0.621 
0.358 2 1 1 0 0.1701 0.3020 0.0584 0.0076 0.226666 -1.666968 -1.4314 1 -0.1402 1  886 1499 1896 2229 1541 812 899 608  1 1 0 0.86 0 5 1.00 0 0 0 11.04 0.102 0.596 0.628 
0.359 2 1 1 0 0.1612 0.3392 0.0589 0.0078 0.226666 -1.667040 -1.4332 1 -0.1353 1  890 1498 1897 2230 1550 804 899 620  1 1 0 0.94 0 5 1.00 0 0 0 11.05 0.102 0.602 0.613 
0.360 2 1 1 0 0.1612 0.3310 0.0589 0.0078 0.226666 -1.667089 -1.4316 1 -0.1259 1  887 1485 1898 2240 1564 809 900 624  1 1 0 1.02 0 5 1.00 0 0 0 11.05 0.102 0.600 0.616 
0.361 2 1 1 0 0.1612 0.3129 0.0592 0.0078 0.229242 -1.667098 -1.4375 1 -0.1199 1  884 1511 1900 2241 1568 810 892 603  1 1 0 1.13 0 5 1.00 0 0 0 11.05 0.103 0.609 0.614 
0.362 2 1 1 0 0.1619 0.3187 0.0597 0.0079 0.229242 -1.667084 -1.4388 1 -0.1195 1  886 1507 1898 2240 1558 807 896 603  1 1 0 1.13 0 5 1.00 0 0 0 11.03 0.108 0.604 0.626 
0.363 2 1 1 0 0.1619 0.3187 0.0597 0.0079 0.229242 -1.667094 -1.4419 1 -0.1104 1  887 1505 1905 2244 1591 808 899 592  1 1 0 0.66 0 5 1.00 0 0 0 11.05 0.103 0.601 0.622 
0.364 2 1 1 0 0.1619 0.3352 0.0600 0.0080 0.231818 -1.667127 -1.4446 1 -0.1069 1  884 1500 1908 2247 1583 804 894 573  1 1 0 0.73 0 5 1.00 0 0 0 11.06 0.101 0.603 0.615 
0.365 2 1 1 0 0.1619 0.3539 0.0602 0.0081 0.234394 -1.667144 -1.4406 1 -0.1036 1  885 1496 1900 2249 1584 809 893 573  1 1 0 0.73 0 5 1.00 0 0 0 11.06 0.103 0.609 0.861 
0.366 2 1 1 0 0.1451 0.3539 0.0605 0.0081 0.231818 -1.667127 -1.4344 1 -0.1002 1  893 1492 1892 2254 1583 809 901 568  1 1 0 0.69 0 5 1.00 0 0 0 11.06 0.103 0.604 0.625 
0.367 2 1 1 0 0.1451 0.3191 0.0607 0.0082 0.234394 -1.667110 -1.4328 1 -0.0988 1  888 1495 1894 2252 1585 811 891 588  1 1 0 0.68 0 5 1.00 0 0 0 11.06 0.102 0.604 0.618 
0.368 2 1 1 0 0.1451 0.3191 0.0607 0.0082 0.234394 -1.667113 -1.4363 1 -0.0956 1  888 1494 1905 2262 1579 817 891 599  1 1 0 0.77 0 5 1.00 0 0 0 11.06 0.102 0.596 0.616 
0.369 2 1 1 0 0.1451 0.3023 0.0610 0.0083 0.236969 -1.667125 -1.4332 1 -0.0944 1  889 1491 1895 2257 1586 803 892 598  1 1 0 0.74 0 5 1.00 0 0 0 11.06 0.103 0.611 0.612 
0.370 2 1 1 0 0.1515 0.3023 0.0613 0.0083 0.234394 -1.667156 -1.4298 1 -0.0920 1  890 1488 1892 2262 1585 808 886 608  1 1 0 0.72 0 5 1.00 0 0 0 11.06 0.103 0.609 0.630 
0.371 2 1 1 0 0.1515 0.3096 0.0615 0.0084 0.236969 -1.667230 -1.4332 1 -0.0866 1  888 1489 1904 2260 1606 808 890 605  1 1 0 0.83 0 5 1.00 0 0 0 11.06 0.101 0.601 0.626 
0.372 2 1 1 0 0.1515 0.3338 0.0618 0.0084 0.239545 -1.667312 -1.4321 1 -0.0834 1  893 1484 1900 2263 1603 805 893 609  1 1 0 0.86 0 5 1.00 0 0 0 11.05 0.103 0.611 0.615 
0.373 2 1 1 0 0.1654 0.3338 0.0621 0.0085 0.236969 -1.667345 -1.4289 1 -0.0850 1  887 1481 1895 2259 1596 795 892 588  1 1 0 0.52 0 5 1.00 0 0 0 11.04 0.102 0.605 0.629 
0.374 2 1 1 0 0.1654 0.3099 0.0623 0.0086 0.239545 -1.667354 -1.4277 1 -0.0830 1  884 1483 1895 2262 1603 800 884 590  1 1 0 0.52 0 5 1.00 0 0 0 11.05 0.102 0.603 0.622 
0.375 2 1 1 0 0.1654 0.3099 0.0623 0.0086 0.239545 -1.667383 -1.4353 1 -0.0803 1  882 1485 1914 2265 1605 809 880 588  1 1 0 0.63 0 5 1.00 0 0 0 11.06 0.103 0.601 0.621 
0.376 2 1 1 0 0.1741 0.3259 0.0628 0.0087 0.239545 -1.667444 -1.4347 1 -0.0797 1  884 1478 1907 2257 1614 798 878 584  1 1 0 0.64 0 5 1.00 0 0 0 11.06 0.102 0.601 0.614 
0.377 2 1 1 0 0.1741 0.3443 0.0631 0.0088 0.242121 -1.667491 -1.4343 1 -0.0780 1  894 1478 1907 2260 1615 816 870 594  1 1 0 0.66 0 5 1.00 0 0 0 11.06 0.103 0.609 0.615 
0.379 2 1 1 0 0.1741 0.3443 0.0631 0.0088 0.242121 -1.667499 -1.4297 1 -0.0790 1  891 1482 1895 2258 1614 818 866 599  1 1 0 0.60 0 5 1.00 0 0 0 11.06 0.103 0.596 0.626 
0.379 2 1 1 0 0.1820 0.3894 0.0636 0.0089 0.242121 -1.667485 -1.4198 1 -0.0784 1  892 1477 1878 2258 1615 799 876 600  1 1 0 0.51 0 5 1.00 0 0 0 11.06 0.173 0.671 1.072 
0.380 2 1 1 0 0.1820 0.3673 0.0639 0.0090 0.244697 -1.667444 -1.4278 1 -0.0810 1  895 1476 1910 2250 1616 808 870 597  1 1 0 0.57 0 5 1.00 0 0 0 11.06 0.102 0.604 0.686 
0.381 2 1 1 0 0.1820 0.3673 0.0639 0.0090 0.244697 -1.667401 -1.4273 1 -0.0815 1  891 1476 1899 2256 1610 819 870 597  1 1 0 0.58 0 5 1.00 0 0 0 11.06 0.102 0.601 0.621 
0.382 2 1 1 0 0.1813 0.3512 0.0644 0.0091 0.244697 -1.667403 -1.4230 1 -0.0859 1  893 1467 1894 2254 1597 824 861 598  1 1 0 0.50 0 5 1.00 0 0 0 11.05 0.102 0.602 0.614 
0.383 2 1 1 0 0.1813 0.3354 0.0647 0.0092 0.247272 -1.667453 -1.4151 1 -0.0916 1  894 1471 1878 2245 1597 798 865 609  1 1 0 0.38 0 5 1.00 0 0 0 11.06 0.103 0.606 0.614 
0.384 2 1 1 0 0.1813 0.3354 0.0647 0.0092 0.247272 -1.667498 -1.4183 1 -0.0949 1  898 1471 1895 2245 1595 824 868 595  1 1 0 0.39 0 5 1.00 0 0 0 11.06 0.102 0.596 0.623 
0.385 2 1 1 0 0.1583 0.3493 0.0652 0.0093 0.247272 -1.667519 -1.4058 1 -0.0977 1  891 1471 1862 2241 1597 798 864 592  1 1 0 0.22 0 5 1.00 0 0 0 11.06 0.103 0.604 0.614 
0.386 2 1 1 0 0.1583 0.3228 0.0652 0.0093 0.247272 -1.667579 -1.4012 1 -0.0961 1  894 1450 1876 2243 1606 794 862 582  1 1 0 0.20 0 5 1.00 0 0 0 11.07 0.103 0.601 0.622 
0.387 2 1 1 0 0.1583 0.3169 0.0655 0.0094 0.249848 -1.667677 -1.4013 1 -0.0954 1  894 1468 1873 2241 1609 799 859 575  1 1 0 0.24 0 5 1.00 0 0 0 11.06 0.103 0.606 0.614 
0.388 2 1 1 0 0.1583 0.3072 0.0657 0.0094 0.252424 -1.667747 -1.3978 1 -0.0991 1  893 1468 1865 2239 1596 799 857 577  1 1 0 0.16 0 5 1.00 0 0 0 11.06 0.102 0.608 0.624 
0.389 2 1 1 0 0.1605 0.3072 0.0660 0.0095 0.249848 -1.667787 -1.3925 1 -0.0982 1  895 1473 1855 2239 1607 801 852 589  1 1 0 0.11 0 5 1.00 0 0 0 11.06 0.103 0.611 0.625 
0.390 2 1 1 0 0.1605 0.3255 0.0663 0.0096 0.252424 -1.667833 -1.3865 1 -0.0999 1  894 1468 1850 2235 1605 808 856 604  1 1 0 0.56 0 5 1.00 0 0 0 11.06 0.103 0.606 0.629 
0.391 2 1 1 0 0.1605 0.3615 0.0665 0.0096 0.255000 -1.667890 -1.3867 1 -0.1026 1  893 1475 1854 2233 1601 792 854 588  1 1 0 0.54 0 5 1.00 0 0 0 11.06 0.102 0.603 0.624 
0.392 2 1 1 0 0.1689 0.3615 0.0668 0.0097 0.252424 -1.667927 -1.3801 1 -0.1045 1  897 1468 1843 2226 1611 809 854 576  1 1 0 0.43 0 5 1.00 0 0 0 11.06 0.102 0.605 0.616 
0.393 2 1 1 0 0.1689 0.3397 0.0670 0.0098 0.255000 -1.667951 -1.3715 1 -0.1085 1  891 1466 1833 2223 1604 806 853 600  1 1 0 0.27 0 5 1.00 0 0 0 11.06 0.103 0.609 0.622 
0.394 2 1 1 0 0.1689 0.3397 0.0670 0.0098 0.255000 -1.667990 -1.3756 1 -0.1098 1  897 1469 1849 2224 1605 799 852 604  1 1 0 0.31 0 5 1.00 0 0 0 11.06 0.101 0.594 0.626 
0.395 2 1 1 0 0.1555 0.3163 0.0673 0.0098 0.257575 -1.668014 -1.3838 1 -0.1123 1  894 1471 1861 2223 1599 788 850 603  1 1 0 0.38 0 5 1.00 0 0 0 11.06 0.101 0.606 0.611 
0.396 2 1 1 0 0.1474 0.3096 0.0676 0.0099 0.255000 -1.667985 -1.3839 1 -0.1149 1  893 1470 1853 2218 1603 788 855 598  1 1 0 0.35 0 5 1.00 0 0 0 11.06 0.102 0.606 0.624 
0.397 2 1 1 0 0.1474 0.2807 0.0678 0.0100 0.257575 -1.667951 -1.3848 1 -0.1171 1  888 1472 1854 2218 1599 786 851 596  1 1 0 0.34 0 5 1.00 0 0 0 11.04 0.103 0.609 0.625 
0.398 2 1 1 0 0.1474 0.3042 0.0681 0.0100 0.260151 -1.667964 -1.3895 1 -0.1195 1  891 1472 1863 2214 1601 791 851 600  1 1 0 0.36 0 5 1.00 0 0 0 11.05 0.103 0.606 0.626 
0.399 2 1 1 0 0.1420 0.3042 0.0681 0.0100 0.260151 -1.668008 -1.3835 1 -0.1228 1  885 1468 1847 2213 1594 781 856 596  1 1 0 0.50 0 5 1.00 0 0 0 11.03 0.102 0.596 0.624 
0.400 2 1 1 0 0.1347 0.3114 0.0686 0.0102 0.260151 -1.668052 -1.3952 1 -0.1253 1  883 1474 1876 2208 1600 783 855 579  1 1 0 0.60 0 5 1.00 0 0 0 11.05 0.102 0.602 0.613 
0.401 2 1 1 0 0.1347 0.3114 0.0686 0.0102 0.260151 -1.668087 -1.3987 1 -0.1287 1  882 1474 1871 2207 1593 787 849 603  1 1 0 0.61 0 5 1.00 0 0 0 11.03 0.102 0.595 0.615 
0.402 2 1 1 0 0.1347 0.2859 0.0689 0.0102 0.262727 -1.668118 -1.3998 1 -0.1304 1  883 1480 1867 2208 1591 785 853 624  1 1 0 0.60 0 5 1.00 0 0 0 11.05 0.102 0.604 0.612 
0.403 2 1 1 0 0.1561 0.2859 0.0691 0.0103 0.260151 -1.668145 -1.3979 1 -0.1324 1  880 1470 1866 2202 1598 772 863 599  1 1 0 0.56 0 5 1.00 0 0 0 11.05 0.102 0.603 0.622 
0.404 2 1 1 0 0.1561 0.2753 0.0694 0.0104 0.262727 -1.668181 -1.3921 1 -0.1329 1  877 1480 1851 2204 1596 795 857 606  1 1 0 0.50 0 5 1.00 0 0 0 11.05 0.102 0.604 0.621 
0.406 2 1 1 0 0.1561 0.2753 0.0694 0.0104 0.262727 -1.668205 -1.3843 1 -0.1325 1  877 1480 1849 2204 1585 793 851 617  1 1 0 0.42 0 5 1.00 0 0 0 11.05 0.103 0.602 0.622 
0.406 2 1 1 0 0.1702 0.3636 0.0699 0.0105 0.262727 -1.668165 -1.3855 1 -0.1334 1  868 1484 1850 2207 1588 805 849 620  1 1 0 0.41 0 5 1.00 0 0 0 11.06 0.186 0.689 1.081 
0.407 2 1 1 0 0.1702 0.3652 0.0702 0.0106 0.265303 -1.668096 -1.3887 1 -0.1347 1  874 1473 1860 2205 1588 785 857 604  1 1 0 0.41 0 5 1.00 0 0 0 11.06 0.102 0.605 0.705 
0.408 2 1 1 0 0.1702 0.3652 0.0702 0.0106 0.265303 -1.668070 -1.3941 1 -0.1374 1  869 1483 1864 2204 1581 791 850 608  1 1 0 0.61 0 5 1.00 0 0 0 11.06 0.103 0.596 0.621 
0.409 2 1 1 0 0.1702 0.3579 0.0704 0.0107 0.267878 -1.668094 -1.3968 1 -0.1344 1  854 1474 1868 2213 1582 796 850 601  1 1 0 0.69 0 5 1.00 0 0 0 11.06 0.102 0.610 0.612 
0.410 2 1 1 0 0.1559 0.3310 0.0710 0.0108 0.267878 -1.668111 -1.3993 1 -0.1352 1  870 1473 1871 2209 1580 780 852 602  1 1 0 0.73 0 5 1.00 0 0 0 11.06 0.103 0.602 0.625 
0.411 2 1 1 0 0.1559 0.3310 0.0710 0.0108 0.267878 -1.668088 -1.4002 1 -0.1353 1  861 1478 1868 2211 1577 777 852 590  1 1 0 0.73 0 5 1.00 0 0 0 11.06 0.102 0.603 0.615 
0.412 2 1 1 0 0.1559 0.3645 0.0712 0.0109 0.270454 -1.668055 -1.3974 1 -0.1316 1  864 1467 1866 2219 1578 777 856 584  1 1 0 0.74 0 5 1.00 0 0 0 11.06 0.103 0.606 0.622 
0.413 2 1 1 0 0.1470 0.3055 0.0715 0.0110 0.273030 -1.668016 -1.4008 1 -0.1311 1  857 1464 1878 2220 1570 781 857 572  1 1 0 0.78 0 5 1.00 0 0 0 11.06 0.102 0.602 0.624 
0.414 2 1 1 0 0.1426 0.3055 0.0717 0.0110 0.270454 -1.667993 -1.4029 1 -0.1314 1  861 1468 1877 2224 1559 781 856 586  1 1 0 0.80 0 5 1.00 0 0 0 11.06 0.102 0.604 0.615 
0.415 2 1 1 0 0.1426 0.2939 0.0720 0.0111 0.273030 -1.668016 -1.3998 1 -0.1284 1  855 1463 1870 2225 1572 788 853 589  1 1 0 0.79 0 5 1.00 0 0 0 11.06 0.103 0.606 0.622 
0.416 2 1 1 0 0.1426 0.2939 0.0720 0.0111 0.273030 -1.668065 -1.3998 1 -0.1273 1  857 1464 1873 2224 1572 785 853 600  1 1 0 0.80 0 5 1.00 0 0 0 11.06 0.102 0.593 0.624 
0.417 2 1 1 0 0.1597 0.3020 0.0725 0.0112 0.273030 -1.668120 -1.3945 1 -0.1266 1  857 1460 1863 2224 1573 796 858 600  1 1 0 0.73 0 5 1.00 0 0 0 11.06 0.102 0.603 0.613 
0.418 2 1 1 0 0.1597 0.3020 0.0725 0.0112 0.273030 -1.668165 -1.3912 1 -0.1242 1  850 1459 1862 2226 1578 801 859 584  1 1 0 0.57 0 5 1.00 0 0 0 11.05 0.103 0.596 0.621 
0.419 2 1 1 0 0.1597 0.3484 0.0728 0.0113 0.275606 -1.668187 -1.3902 1 -0.1274 1  855 1455 1865 2218 1574 799 861 604  1 1 0 0.51 0 5 1.00 0 0 0 11.05 0.103 0.606 0.614 
0.420 2 1 1 0 0.1720 0.3368 0.0733 0.0115 0.275606 -1.668164 -1.3901 1 -0.1294 1  856 1453 1867 2217 1574 796 861 612  1 1 0 0.49 0 5 1.00 0 0 0 11.05 0.103 0.602 0.624 
0.421 2 1 1 0 0.1720 0.3368 0.0733 0.0115 0.275606 -1.668103 -1.3917 1 -0.1276 1  854 1450 1872 2223 1575 789 871 606  1 1 0 0.52 0 5 1.00 0 0 0 11.06 0.102 0.601 0.616 
0.422 2 1 1 0 0.1720 0.3266 0.0736 0.0115 0.278181 -1.668045 -1.4020 1 -0.1301 1  844 1454 1892 2219 1567 792 860 603  1 1 0 0.59 0 5 1.00 0 0 0 11.04 0.101 0.604 0.615 
0.423 2 1 1 0 0.1661 0.3266 0.0738 0.0116 0.275606 -1.668014 -1.4011 1 -0.1299 1  846 1448 1881 2219 1574 811 867 612  1 1 0 0.60 0 5 1.00 0 0 0 11.05 0.108 0.608 0.622 
0.424 2 1 1 0 0.1661 0.2883 0.0741 0.0117 0.278181 -1.668005 -1.3996 1 -0.1315 1  850 1451 1877 2222 1560 794 866 607  1 1 0 0.56 0 5 1.00 0 0 0 11.06 0.103 0.606 0.625 
0.425 2 1 1 0 0.1661 0.2883 0.0741 0.0117 0.278181 -1.667992 -1.3967 1 -0.1295 1  844 1449 1873 2224 1569 788 876 609  1 1 0 0.53 0 5 1.00 0 0 0 11.06 0.102 0.601 0.624 
0.426 2 1 1 0 0.1661 0.3043 0.0743 0.0118 0.280757 -1.668001 -1.4037 1 -0.1287 1  844 1451 1892 2227 1562 803 868 615  1 1 0 0.62 0 5 1.00 0 0 0 11.05 0.103 0.610 0.614 
0.427 2 1 1 0 0.1504 0.2733 0.0746 0.0118 0.278181 -1.668055 -1.4072 1 -0.1292 1  848 1451 1892 2224 1564 798 879 606  1 1 0 0.68 0 5 1.00 0 0 0 11.05 0.101 0.606 0.627 
0.428 2 1 1 0 0.1504 0.2607 0.0749 0.0119 0.280757 -1.668095 -1.4056 1 -0.1282 1  843 1453 1883 2228 1562 797 891 620  1 1 0 0.57 0 5 1.00 0 0 0 11.04 0.102 0.603 0.624 
0.429 2 1 1 0 0.1504 0.2607 0.0749 0.0119 0.280757 -1.668093 -1.4010 1 -0.1287 1  842 1453 1874 2226 1561 798 880 612  1 1 0 0.50 0 5 1.00 0 0 0 11.04 0.103 0.603 0.621 
0.430 2 1 1 0 0.1642 0.2635 0.0754 0.0121 0.280757 -1.668081 -1.3948 1 -0.1281 1  842 1451 1866 2227 1563 796 885 610  1 1 0 0.46 0 5 1.00 0 0 0 11.05 0.102 0.601 0.616 
0.431 2 1 1 0 0.1642 0.2635 0.0754 0.0121 0.280757 -1.668069 -1.3902 1 -0.1306 1  847 1448 1864 2221 1562 778 880 612  1 1 0 0.39 0 5 1.00 0 0 0 11.05 0.101 0.595 0.615 
0.433 2 1 1 0 0.1642 0.2870 0.0756 0.0121 0.283333 -1.668074 -1.3964 1 -0.1303 1  850 1457 1885 2227 1558 776 884 620  1 1 0 0.46 0 5 1.00 0 0 0 11.03 0.102 0.604 0.612 
0.433 2 1 1 0 0.1761 0.3502 0.0762 0.0123 0.283333 -1.668131 -1.4032 1 -0.1343 1  852 1453 1890 2221 1549 791 880 622  1 1 0 0.49 0 5 1.00 0 0 0 11.04 0.192 0.691 1.092 
0.434 2 1 1 0 0.1761 0.3502 0.0762 0.0123 0.283333 -1.668238 -1.4032 1 -0.1324 1  845 1451 1883 2226 1558 793 892 608  1 1 0 0.52 0 5 1.00 0 0 0 11.05 0.102 0.596 0.706 
0.435 2 1 1 0 0.1761 0.3304 0.0764 0.0124 0.285909 -1.668327 -1.3923 1 -0.1384 1  852 1448 1859 2210 1557 798 879 602  1 1 0 0.34 0 5 1.00 0 0 0 11.06 0.102 0.604 0.612 
0.436 2 1 1 0 0.1724 0.3475 0.0767 0.0124 0.288485 -1.668323 -1.3950 1 -0.1368 1  852 1450 1877 2220 1559 783 884 611  1 1 0 0.39 0 5 1.00 0 0 0 11.06 0.102 0.605 0.616 
0.437 2 1 1 0 0.1552 0.3475 0.0769 0.0125 0.285909 -1.668232 -1.3962 1 -0.1349 1  844 1445 1879 2225 1554 787 882 609  1 1 0 0.61 0 5 1.00 0 0 0 11.06 0.103 0.610 0.622 
0.438 2 1 1 0 0.1552 0.3221 0.0772 0.0126 0.288485 -1.668155 -1.3956 1 -0.1342 1  849 1443 1877 2219 1565 788 888 612  1 1 0 0.62 0 5 1.00 0 0 0 11.06 0.102 0.604 0.625 
0.439 2 1 1 0 0.1552 0.3221 0.0772 0.0126 0.288485 -1.668136 -1.3962 1 -0.1361 1  833 1450 1876 2218 1556 781 882 614  1 1 0 0.62 0 5 1.00 0 0 0 11.06 0.102 0.596 0.624 
0.440 2 1 1 0 0.1481 0.3315 0.0775 0.0127 0.291060 -1.668143 -1.3958 1 -0.1348 1  847 1440 1879 2222 1559 792 886 608  1 1 0 0.62 0 5 1.00 0 0 0 11.06 0.102 0.608 0.613 
0.441 2 1 1 0 0.1399 0.2818 0.0780 0.0128 0.291060 -1.668171 -1.3948 1 -0.1356 1  830 1440 1877 2218 1560 787 887 610  1 1 0 0.59 0 5 1.00 0 0 0 11.06 0.103 0.609 0.625 
0.442 2 1 1 0 0.1399 0.2809 0.0780 0.0128 0.291060 -1.668224 -1.3893 1 -0.1373 1  827 1434 1868 2215 1560 811 885 594  1 1 0 0.50 0 5 1.00 0 0 0 11.05 0.103 0.596 0.626 
0.443 2 1 1 0 0.1399 0.2743 0.0782 0.0129 0.293636 -1.668255 -1.3867 1 -0.1371 1  830 1430 1870 2218 1559 800 891 611  1 1 0 0.46 0 5 1.00 0 0 0 11.05 0.109 0.608 0.613 
0.444 2 1 1 0 0.1543 0.2743 0.0785 0.0130 0.291060 -1.668230 -1.3867 1 -0.1385 1  828 1430 1873 2213 1562 812 890 615  1 1 0 0.43 0 5 1.00 0 0 0 11.05 0.102 0.602 0.624 
0.445 2 1 1 0 0.1543 0.2986 0.0788 0.0131 0.293636 -1.668187 -1.3873 1 -0.1395 1  833 1422 1878 2212 1563 802 891 616  1 1 0 0.42 0 5 1.00 0 0 0 11.05 0.103 0.609 0.615 
0.446 2 1 1 0 0.1543 0.2986 0.0788 0.0131 0.293636 -1.668152 -1.3863 1 -0.1413 1  838 1424 1874 2208 1565 803 897 615  1 1 0 0.49 0 5 1.00 0 0 0 11.05 0.103 0.601 0.626 
0.447 2 1 1 0 0.1830 0.3442 0.0793 0.0132 0.293636 -1.668130 -1.3894 1 -0.1403 1  845 1416 1886 2211 1568 802 900 610  1 1 0 0.53 0 5 1.00 0 0 0 11.02 0.103 0.602 0.614 
0.448 2 1 1 0 0.1830 0.3411 0.0795 0.0133 0.296212 -1.668163 -1.3875 1 -0.1422 1  826 1413 1879 2206 1567 800 900 607  1 1 0 0.48 0 5 1.00 0 0 0 11.05 0.102 0.604 0.616 
0.449 2 1 1 0 0.1830 0.3411 0.0795 0.0133 0.296212 -1.668228 -1.3865 1 -0.1430 1  845 1415 1878 2210 1559 820 899 615  1 1 0 0.47 0 5 1.00 0 0 0 11.06 0.103 0.601 0.622 
0.450 2 1 1 0 0.1759 0.3456 0.0800 0.0135 0.296212 -1.668239 -1.3867 1 -0.1422 1  844 1407 1883 2211 1563 799 897 613  1 1 0 0.48 0 5 1.00 0 0 0 11.06 0.103 0.602 0.615 
0.451 2 1 1 0 0.1759 0.3456 0.0800 0.0135 0.296212 -1.668188 -1.3821 1 -0.1429 1  833 1397 1876 2207 1566 801 899 615  1 1 0 0.40 0 5 1.00 0 0 0 11.05 0.102 0.585 0.615 
0.452 2 1 1 0 0.1759 0.3491 0.0803 0.0135 0.298788 -1.668131 -1.3787 1 -0.1427 1  818 1395 1874 2211 1560 799 897 610  1 1 0 0.36 0 5 1.00 0 0 0 11.06 0.103 0.606 0.603 
0.453 2 1 1 0 0.1708 0.3507 0.0808 0.0137 0.298788 -1.668107 -1.3752 1 -0.1432 1  818 1389 1872 2206 1568 798 900 606  1 1 0 0.35 0 5 1.00 0 0 0 11.06 0.109 0.609 0.624 
0.454 2 1 1 0 0.1708 0.3507 0.0808 0.0137 0.298788 -1.668124 -1.3699 1 -0.1446 1  823 1385 1865 2204 1567 792 902 612  1 1 0 0.46 0 5 1.00 0 0 0 11.06 0.103 0.595 0.626 
0.455 2 1 1 0 0.1708 0.2846 0.0811 0.0138 0.301363 -1.668160 -1.3618 1 -0.1436 1  826 1383 1853 2206 1571 793 895 618  1 1 0 0.40 0 5 1.00 0 0 0 11.06 0.101 0.606 0.613 
0.456 2 1 1 0 0.1708 0.2846 0.0811 0.0138 0.301363 -1.668189 -1.3557 1 -0.1427 1  823 1387 1847 2209 1566 784 892 615  1 1 0 0.37 0 5 1.00 0 0 0 11.06 0.102 0.600 0.624 
0.457 2 1 1 0 0.1719 0.2603 0.0816 0.0139 0.301363 -1.668221 -1.3509 1 -0.1420 1  823 1382 1845 2206 1574 773 894 611  1 1 0 0.34 0 5 1.00 0 0 0 11.05 0.103 0.609 0.614 
0.458 2 1 1 0 0.1719 0.2603 0.0816 0.0139 0.301363 -1.668262 -1.3585 1 -0.1384 1  814 1381 1868 2214 1572 753 889 615  1 1 0 0.48 0 5 1.00 0 0 0 11.05 0.103 0.600 0.626 
0.460 2 1 1 0 0.1719 0.2631 0.0819 0.0140 0.303939 -1.668309 -1.3559 1 -0.1366 1  822 1374 1858 2215 1568 778 885 615  1 1 0 0.49 0 5 1.00 0 0 0 11.05 0.102 0.612 0.614 
0.460 2 1 1 0 0.1599 0.2631 0.0821 0.0141 0.301363 -1.668350 -1.3571 1 -0.1364 1  826 1373 1862 2213 1571 751 873 626  1 1 0 0.52 0 5 1.00 0 0 0 11.05 0.188 0.696 1.087 
0.461 2 1 1 0 0.1599 0.3078 0.0824 0.0142 0.303939 -1.668370 -1.3477 1 -0.1367 1  817 1376 1838 2214 1567 765 870 615  1 1 0 0.41 0 5 1.00 0 0 0 11.05 0.102 0.609 0.713 
0.462 2 1 1 0 0.1599 0.3078 0.0824 0.0142 0.303939 -1.668388 -1.3518 1 -0.1382 1  811 1379 1857 2213 1563 764 864 620  1 1 0 0.42 0 5 1.00 0 0 0 11.05 0.103 0.602 0.625 
0.463 2 1 1 0 0.1521 0.3100 0.0826 0.0143 0.306515 -1.668413 -1.3562 1 -0.1398 1  815 1372 1865 2209 1567 745 870 617  1 1 0 0.45 0 5 1.00 0 0 0 11.06 0.103 0.612 0.614 
0.464 2 1 1 0 0.1342 0.3169 0.0831 0.0144 0.306515 -1.668443 -1.3580 1 -0.1349 1  810 1378 1862 2220 1571 788 863 605  1 1 0 0.52 0 5 1.00 0 0 0 11.05 0.102 0.605 0.629 
0.465 2 1 1 0 0.1342 0.3169 0.0831 0.0144 0.306515 -1.668452 -1.3584 1 -0.1375 1  799 1380 1860 2210 1568 760 865 619  1 1 0 0.58 0 5 1.00 0 0 0 11.06 0.102 0.603 0.622 
0.466 2 1 1 0 0.1342 0.3174 0.0834 0.0145 0.309091 -1.668411 -1.3603 1 -0.1340 1  805 1375 1866 2220 1570 761 857 619  1 1 0 0.62 0 5 1.00 0 0 0 11.06 0.103 0.609 0.622 
0.467 2 1 1 0 0.1342 0.3174 0.0834 0.0145 0.309091 -1.668354 -1.3596 1 -0.1338 1  807 1378 1861 2213 1577 787 853 619  1 1 0 0.61 0 5 1.00 0 0 0 11.06 0.101 0.601 0.626 
0.468 2 1 1 0 0.1195 0.3423 0.0837 0.0146 0.311666 -1.668312 -1.3614 1 -0.1344 1  800 1375 1867 2215 1570 775 856 620  1 1 0 0.61 0 5 1.00 0 0 0 11.05 0.103 0.608 0.615 
0.469 2 1 1 0 0.1050 0.3089 0.0842 0.0147 0.311666 -1.668313 -1.3615 1 -0.1323 1  802 1373 1866 2215 1581 774 852 619  1 1 0 0.60 0 5 1.00 0 0 0 11.05 0.102 0.606 0.625 
0.470 2 1 1 0 0.1050 0.3089 0.0842 0.0147 0.311666 -1.668332 -1.3646 1 -0.1325 1  805 1371 1874 2214 1577 767 854 616  1 1 0 0.61 0 5 1.00 0 0 0 11.06 0.102 0.600 0.624 
0.471 2 1 1 0 0.1050 0.2854 0.0844 0.0148 0.314242 -1.668324 -1.3672 1 -0.1356 1  809 1378 1874 2207 1578 796 848 623  1 1 0 0.58 0 5 1.00 0 0 0 11.06 0.103 0.609 0.614 
0.472 2 1 1 0 0.1050 0.2854 0.0844 0.0148 0.314242 -1.668303 -1.3689 1 -0.1371 1  804 1375 1876 2207 1578 792 844 626  1 1 0 0.56 0 5 1.00 0 0 0 11.05 0.103 0.596 0.626 
0.473 2 1 1 0 0.1324 0.2846 0.0849 0.0150 0.314242 -1.668302 -1.3716 1 -0.1363 1  819 1382 1878 2209 1581 792 844 628  1 1 0 0.60 0 5 1.00 0 0 0 11.05 0.103 0.609 0.613 
0.474 2 1 1 0 0.1324 0.2846 0.0849 0.0150 0.314242 -1.668299 -1.3732 1 -0.1344 1  827 1381 1879 2211 1584 788 839 623  1 1 0 0.63 0 5 1.00 0 0 0 11.05 0.103 0.602 0.626 
0.475 2 1 1 0 0.1324 0.3079 0.0852 0.0151 0.316818 -1.668288 -1.3745 1 -0.1320 1  826 1381 1880 2213 1586 801 840 627  1 1 0 0.66 0 5 1.00 0 0 0 11.05 0.102 0.608 0.616 
0.476 2 1 1 0 0.1652 0.3079 0.0855 0.0152 0.314242 -1.668319 -1.3779 1 -0.1293 1  829 1381 1887 2215 1589 787 842 618  1 1 0 0.53 0 5 1.00 0 0 0 11.05 0.110 0.615 0.625 
0.477 2 1 1 0 0.1652 0.2961 0.0857 0.0153 0.316818 -1.668382 -1.3792 1 -0.1253 1  831 1381 1886 2220 1591 785 839 618  1 1 0 0.60 0 5 1.00 0 0 0 11.05 0.103 0.610 0.633 
0.478 2 1 1 0 0.1652 0.2961 0.0857 0.0153 0.316818 -1.668408 -1.3754 1 -0.1204 1  817 1376 1877 2226 1592 791 838 625  1 1 0 0.62 0 5 1.00 0 0 0 11.05 0.102 0.602 0.628 
0.479 2 1 1 0 0.1652 0.2973 0.0860 0.0153 0.319394 -1.668398 -1.3764 1 -0.1111 1  819 1379 1883 2242 1592 787 843 620  1 1 0 0.74 0 5 1.00 0 0 0 11.05 0.103 0.611 0.615 
0.480 2 1 1 0 0.1655 0.2899 0.0865 0.0155 0.319394 -1.668399 -1.3743 1 -0.1064 1  823 1380 1876 2239 1598 785 845 623  1 1 0 0.78 0 5 1.00 0 0 0 11.05 0.102 0.604 0.629 
0.481 2 1 1 0 0.1655 0.2899 0.0865 0.0155 0.319394 -1.668409 -1.3685 1 -0.0985 1  823 1379 1865 2249 1604 783 843 625  1 1 0 0.84 0 5 1.00 0 0 0 11.04 0.103 0.602 0.622 
0.482 2 1 1 0 0.1655 0.3471 0.0867 0.0156 0.321969 -1.668429 -1.3742 1 -0.1003 1  826 1379 1886 2238 1599 807 846 621  1 1 0 0.90 0 5 1.00 0 0 0 11.05 0.103 0.610 0.616 
0.483 2 1 1 0 0.1580 0.3471 0.0873 0.0158 0.321969 -1.668437 -1.3651 1 -0.1010 1  832 1376 1858 2235 1605 762 846 619  1 1 0 0.80 0 5 1.00 0 0 0 11.05 0.103 0.610 0.626 
0.484 2 1 1 0 0.1580 0.3600 0.0873 0.0158 0.321969 -1.668419 -1.3647 1 -0.1019 1  824 1379 1867 2233 1606 761 845 621  1 1 0 0.57 0 5 1.00 0 0 0 11.06 0.102 0.596 0.628 
0.485 2 1 1 0 0.1580 0.3120 0.0875 0.0158 0.324545 -1.668428 -1.3668 1 -0.1066 1  831 1375 1874 2226 1601 756 837 626  1 1 0 0.56 0 5 1.00 0 0 0 11.04 0.101 0.609 0.613 
0.487 2 1 1 0 0.1676 0.3120 0.0878 0.0159 0.321969 -1.668463 -1.3686 1 -0.1042 1  833 1372 1861 2230 1612 772 849 623  1 1 0 0.62 0 5 1.00 0 0 0 11.06 0.108 0.609 0.626 
0.487 2 1 1 0 0.1676 0.2674 0.0880 0.0160 0.324545 -1.668480 -1.3631 1 -0.1048 1  831 1376 1860 2226 1613 769 851 623  1 1 0 0.56 0 5 1.00 0 0 0 11.06 0.199 0.700 1.098 
0.488 2 1 1 0 0.1676 0.2674 0.0880 0.0160 0.324545 -1.668509 -1.3666 1 -0.1037 1  831 1376 1875 2231 1610 774 847 623  1 1 0 0.64 0 5 1.00 0 0 0 11.06 0.102 0.602 0.716 
0.489 2 1 1 0 0.1676 0.3219 0.0883 0.0161 0.327121 -1.668563 -1.3688 1 -0.1014 1  820 1379 1875 2232 1615 761 846 628  1 1 0 0.71 0 5 1.00 0 0 0 11.06 0.103 0.613 0.614 
0.490 2 1 1 0 0.1635 0.3219 0.0885 0.0162 0.324545 -1.668612 -1.3718 1 -0.1038 1  821 1381 1879 2228 1608 768 845 624  1 1 0 0.72 0 5 1.00 0 0 0 11.06 0.103 0.611 0.630 
0.491 2 1 1 0 0.1635 0.3064 0.0888 0.0163 0.327121 -1.668649 -1.3736 1 -0.0959 1  816 1385 1878 2247 1612 767 847 623  1 1 0 0.82 0 5 1.00 0 0 0 11.06 0.101 0.608 0.626 
0.492 2 1 1 0 0.1635 0.3021 0.0888 0.0163 0.327121 -1.668709 -1.3713 1 -0.0973 1  826 1378 1873 2235 1611 765 847 615  1 1 0 0.79 0 5 1.00 0 0 0 11.06 0.103 0.604 0.624 
0.493 2 1 1 0 0.1527 0.2940 0.0893 0.0165 0.327121 -1.668782 -1.3732 1 -0.0946 1  830 1377 1881 2246 1606 762 842 613  1 1 0 0.86 0 5 1.00 0 0 0 11.05 0.102 0.610 0.623 
0.494 2 1 1 0 0.1527 0.2779 0.0896 0.0165 0.329697 -1.668833 -1.3732 1 -0.0971 1  832 1381 1877 2235 1609 756 849 611  1 1 0 0.68 0 5 1.00 0 0 0 11.05 0.103 0.610 0.626 
0.495 2 1 1 0 0.1527 0.2779 0.0896 0.0165 0.329697 -1.668862 -1.3707 1 -0.1009 1  844 1373 1874 2229 1609 760 842 611  1 1 0 0.59 0 5 1.00 0 0 0 11.06 0.102 0.596 0.628 
0.496 2 1 1 0 0.1527 0.3216 0.0898 0.0166 0.332272 -1.668876 -1.3689 1 -0.1092 1  840 1377 1871 2215 1608 759 837 611  1 1 0 0.47 0 5 1.00 0 0 0 11.06 0.102 0.607 0.613 
0.497 2 1 1 0 0.1289 0.3216 0.0901 0.0167 0.329697 -1.668889 -1.3661 1 -0.1107 1  846 1378 1866 2220 1610 760 832 608  1 1 0 0.41 0 5 1.00 0 0 0 11.06 0.102 0.610 0.624 
0.498 2 1 1 0 0.1289 0.2896 0.0903 0.0168 0.332272 -1.668915 -1.3638 1 -0.1174 1  851 1370 1867 2211 1602 765 836 606  1 1 0 0.28 0 5 1.00 0 0 0 11.05 0.103 0.609 0.628 
0.499 2 1 1 0 0.1289 0.2896 0.0903 0.0168 0.332272 -1.668942 -1.3628 1 -0.1183 1  857 1371 1867 2215 1605 764 834 604  1 1 0 0.24 0 5 1.00 0 0 0 11.05 0.103 0.603 0.626 
0.500 2 1 1 0 0.1289 0.2844 0.0906 0.0169 0.334848 -1.668945 -1.3588 1 -0.1203 1  869 1367 1860 2212 1604 770 832 599  1 1 0 0.16 0 5 1.00 0 0 0 11.06 0.102 0.606 0.618 
0.501 2 1 1 0 0.1363 0.2844 0.0908 0.0170 0.332272 -1.668937 -1.3559 1 -0.1192 1  867 1375 1855 2212 1613 790 823 603  1 1 0 0.12 0 5 1.00 0 0 0 11.06 0.103 0.612 0.624 
0.502 2 1 1 0 0.1363 0.2855 0.0911 0.0171 0.334848 -1.668948 -1.3550 1 -0.1208 1  849 1368 1859 2211 1606 779 826 602  1 1 0 0.08 0 5 1.00 0 0 0 11.06 0.103 0.609 0.630 
0.503 2 1 1 0 0.1363 0.2855 0.0911 0.0171 0.334848 -1.668965 -1.3527 1 -0.1206 1  827 1372 1853 2210 1612 779 827 601  1 1 0 0.06 0 5 1.00 0 0 0 11.06 0.103 0.602 0.626 
0.504 2 1 1 0 0.1363 0.3190 0.0914 0.0172 0.337424 -1.668960 -1.3517 1 -0.1154 1  824 1365 1856 2221 1612 780 828 599  1 1 0 0.10 0 5 1.00 0 0 0 11.06 0.103 0.611 0.615 
0.505 2 1 1 0 0.1600 0.2947 0.0919 0.0173 0.337424 -1.668944 -1.3504 1 -0.1194 1  832 1368 1853 2205 1615 772 821 593  1 1 0 0.44 0 5 1.00 0 0 0 11.04 0.101 0.606 0.629 
0.506 2 1 1 0 0.1600 0.2947 0.0919 0.0173 0.337424 -1.668946 -1.3494 1 -0.1089 1  832 1366 1853 2233 1614 778 824 599  1 1 0 0.53 0 5 1.00 0 0 0 11.05 0.102 0.596 0.624 
0.507 2 1 1 0 0.1600 0.2790 0.0921 0.0174 0.340000 -1.668985 -1.3455 1 -0.1148 1  834 1363 1846 2210 1611 773 811 603  1 1 0 0.45 0 5 1.00 0 0 0 11.05 0.101 0.606 0.613 
0.508 2 1 1 0 0.1553 0.2790 0.0924 0.0175 0.337424 -1.669018 -1.3433 1 -0.1176 1  838 1362 1846 2209 1614 762 812 594  1 1 0 0.43 0 5 1.00 0 0 0 11.05 0.101 0.606 0.624 
0.509 2 1 1 0 0.1553 0.2615 0.0926 0.0176 0.340000 -1.669009 -1.3445 1 -0.1205 1  841 1362 1851 2203 1619 752 811 597  1 1 0 0.40 0 5 1.00 0 0 0 11.07 0.101 0.609 0.624 
0.510 2 1 1 0 0.1553 0.2615 0.0926 0.0176 0.340000 -1.668986 -1.3420 1 -0.1167 1  847 1356 1846 2210 1627 754 808 594  1 1 0 0.41 0 5 1.00 0 0 0 11.06 0.103 0.601 0.626 
0.511 2 1 1 0 0.1553 0.3132 0.0929 0.0177 0.342575 -1.668970 -1.3401 1 -0.1094 1  835 1351 1846 2225 1621 782 819 595  1 1 0 0.50 0 5 1.00 0 0 0 11.06 0.102 0.610 0.614 
0.512 2 1 1 0 0.1618 0.3132 0.0931 0.0178 0.340000 -1.668947 -1.3388 1 -0.1101 1  840 1352 1845 2215 1622 758 808 603  1 1 0 0.49 0 5 1.00 0 0 0 11.06 0.102 0.611 0.628 
0.514 2 1 1 0 0.1618 0.2985 0.0934 0.0179 0.342575 -1.668907 -1.3273 1 -0.1138 1  841 1349 1844 2203 1625 768 810 596  1 1 0 0.32 0 5 1.00 0 0 0 11.07 0.102 0.609 0.628 
0.514 2 1 1 0 0.1863 0.2985 0.0937 0.0180 0.340000 -1.668864 -1.3313 1 -0.1169 1  841 1350 1843 2202 1628 761 820 598  1 1 0 0.56 0 5 1.00 0 0 0 11.07 0.198 0.700 1.093 
0.515 2 1 1 0 0.1863 0.3110 0.0939 0.0181 0.342575 -1.668845 -1.3316 1 -0.1172 1  825 1344 1841 2205 1627 755 798 604  1 1 0 0.57 0 5 1.00 0 0 0 11.06 0.102 0.608 0.716 
0.516 2 1 1 0 0.1863 0.3195 0.0942 0.0182 0.345151 -1.668885 -1.3331 1 -0.1165 1  809 1354 1841 2207 1627 767 810 599  1 1 0 0.61 0 5 1.00 0 0 0 11.06 0.102 0.607 0.624 
0.517 2 1 1 0 0.1825 0.3195 0.0942 0.0182 0.345151 -1.668939 -1.3346 1 -0.1174 1  818 1350 1844 2202 1631 771 834 604  1 1 0 0.64 0 5 1.00 0 0 0 11.06 0.101 0.606 0.623 
0.518 2 1 1 0 0.1782 0.3617 0.0947 0.0183 0.345151 -1.668930 -1.3325 1 -0.1169 1  809 1342 1840 2203 1633 772 844 602  1 1 0 0.63 0 5 1.00 0 0 0 11.06 0.103 0.607 0.622 
