%% logfile from robot Ella (8)
% Ella (8)
%  1    time 0.004 sec
%  2  3  4  5   (mission 0), state 2, entered (thread 1, line 0), events 0x0 (bit-flags)
%  6  7 Motor velocity ref left, right: -0.0100 0.0000
%  8  9 Wheel velocity [m/s] left, right: 0.0000 0.0000
% 10 11 12 13 Pose x,y,h,tilt [m,m,rad,rad]: 0 0 0 0.487955
% 14 .. 34 Line sensor: left -2.047105 0, right 4.180000 0, values 794 890 841 941 1036 1146 1034 843, white 1, used 1, LEDhigh=0, xb=0 xw=0 xbc=0 xwc=0 lvl=20 lvr=0
0.009 2 1 0 0 -0.0095 0.0000 0.0000 0.0000 0.0000 0.0000 0.000000 0.487970 -0.0355 1 0.8552 1  808 899 789 939 1148 1141 1095 844  1 1 0 0 0 0 0 20 4
0.014 2 1 0 0 -0.0095 0.0000 0.0000 0.0000 0.0000 0.0000 0.000000 0.487968 -4.1800 0 0.8720 0  799 892 808 939 969 1134 1030 907  1 1 0 0 0 0 0 17 5
0.019 2 1 0 0 -0.0095 0.0000 0.0000 0.0000 0.0000 0.0000 0.000000 0.487975 -4.1800 0 0.8531 0  804 896 812 942 966 1136 1024 912  1 1 0 0 0 0 0 13 7
0.024 2 1 0 0 -0.0095 0.0000 0.0000 0.0000 0.0000 0.0000 0.000000 0.487991 -4.1800 0 0.4168 1  931 897 779 942 1028 1143 906 847  1 1 0 0 0 0 0 9 7
0.029 2 1 0 0 -0.0097 0.0000 0.0000 0.0000 0.0000 0.0000 0.000000 0.488002 -4.1800 0 -2.1627 1  932 892 775 939 1022 1144 913 854  1 1 0 0 0 0 0 6 12
0.034 2 1 0 0 -0.0097 0.0000 0.0000 0.0000 0.0000 0.0000 0.000000 0.488018 -4.1800 0 -1.9997 0  798 894 812 935 967 1140 1030 911  1 1 0 0 0 0 0 2 12
0.039 2 1 0 0 -0.0097 0.0000 0.0000 0.0000 0.0000 0.0000 0.000000 0.488026 -4.1800 0 0.8440 0  803 898 812 935 966 1138 1027 916  1 1 0 0 0 0 0 0 14
0.044 2 1 0 0 -0.0097 0.0000 0.0000 0.0000 0.0000 0.0000 0.000000 0.488050 -4.1800 0 -1.9788 1  938 905 782 939 1021 1140 908 845  1 1 0 0 0 0 0 0 14
0.049 2 1 0 0 -0.0097 0.0000 0.0000 0.0000 0.0000 0.0000 0.000000 0.488077 -4.1800 0 -2.1728 1  866 898 824 943 987 1143 1030 845  1 1 0 0 0 0 0 0 18
0.054 2 1 1 0 -0.0017 0.0080 0.0000 0.0000 0.0000 0.0000 0.000000 0.488090 -4.1800 0 4.1800 0  789 889 810 941 960 1138 994 852  1 1 0 0 0 0 0 0 18
0.059 2 1 1 0 0.0083 0.0180 0.0000 0.0000 0.0000 0.0000 0.000000 0.488099 -2.2340 1 4.1800 0  651 893 793 938 1018 1134 1028 943  1 1 0 0 0 0 0 1 19
0.064 2 1 1 0 0.0183 0.0280 0.0000 0.0000 0.0000 0.0000 0.000000 0.488112 -4.1800 0 4.1800 0  796 899 747 943 1054 1144 979 839  1 1 0 0 0 0 0 0 18
0.069 2 1 1 0 0.0283 0.0380 0.0000 0.0000 0.0000 0.0000 0.000000 0.488100 -4.1800 0 2.3174 1  824 904 772 940 985 1146 1164 848  1 1 0 0 0 0 0 0 20
0.074 2 1 1 0 0.0383 0.0480 0.0000 0.0000 0.0000 0.0000 0.000000 0.488092 -4.1800 0 4.1800 0  808 895 848 943 979 1144 1054 846  1 1 0 0 0 0 0 0 19
0.079 2 1 1 0 0.0540 0.0540 0.0000 0.0000 0.0004 -0.0000 0.000000 0.488099 -1.6611 1 -0.7359 1  772 891 915 935 1029 1135 1011 851  1 1 0 0 0 0 0 2 20
0.084 2 1 1 0 0.0640 0.0640 0.0519 0.0682 0.0008 -0.0000 0.000000 0.488091 -4.1800 0 4.1800 0  873 897 751 940 738 1133 902 850  1 1 0 0 0 0 0 0 18
0.089 2 1 1 0 0.0740 0.0720 0.0519 0.0791 0.0010 -0.0000 0.002617 0.486779 -2.0766 1 2.7370 1  721 898 794 936 873 1136 1162 863  1 1 0 0 0 0 0 1 20
0.094 2 1 1 0 0.0840 0.0720 0.0377 0.0694 0.0010 -0.0000 0.002617 0.485539 -4.1800 0 0.6922 1  938 892 936 939 1154 1140 1035 848  1 1 0 0 0 0 0 0 20
0.099 2 1 1 0 0.0940 0.0760 0.0256 0.0373 0.0010 -0.0000 0.002617 0.485887 -1.7447 1 -0.5997 1  764 882 958 936 971 1019 1037 844  1 1 0 0 0 0 0 4 19
0.104 2 1 1 0 0.1040 0.0860 0.0195 0.0256 0.0010 -0.0000 0.002617 0.486214 -4.1800 0 2.0545 1  797 894 895 939 1040 1137 1049 730  1 1 0 0 0 0 0 3 20
0.109 2 1 1 0 0.1140 0.0920 0.0154 0.0219 0.0014 0.0000 0.002617 0.486026 -1.9525 1 2.4802 1  732 880 728 966 934 1172 1145 822  1 1 0 0 0 0 0 6 19
0.114 2 1 1 0 0.1240 0.1020 0.0154 0.0219 0.0014 0.0000 0.002617 0.485140 -4.1800 0 0.5476 1  1017 886 742 937 1070 1135 843 878  1 1 0 0 0 0 0 3 20
0.119 2 1 1 0 0.1320 0.1040 0.0426 0.0511 0.0018 0.0000 0.002617 0.484152 -4.1800 0 2.1131 1  760 891 863 941 822 1134 1024 724  1 1 0 0 0 0 0 0 20
0.124 2 1 1 0 0.1380 0.1080 0.0426 0.0572 0.0020 0.0000 0.005235 0.483145 -4.0752 1 4.1800 0  749 890 665 937 834 1139 1058 862  1 1 0 0 0 0 0 3 19
0.129 2 1 1 0 0.1380 0.1180 0.0641 0.0540 0.0022 0.0000 0.002617 0.482119 -3.3764 0 4.1800 0  727 884 800 944 979 1118 995 868  1 1 0 0 0 0 0 5 17
0.134 2 1 1 0 0.1420 0.1240 0.0475 0.0410 0.0026 0.0000 0.002617 0.481492 -4.1800 0 4.1800 0  776 890 836 940 989 1126 930 891  1 1 0 0 0 0 0 0 18
0.139 2 1 1 0 0.1440 0.1320 0.0787 0.0613 0.0030 0.0000 0.002617 0.481300 -4.1800 0 2.0645 1  852 882 846 805 1110 1135 1050 766  1 1 0 0 0 0 0 0 18
0.144 2 1 1 0 0.1480 0.1500 0.1116 0.0868 0.0034 0.0000 0.002617 0.480866 -4.1800 0 4.1800 0  867 878 787 934 1089 1195 946 872  1 1 0 0 0 0 0 0 19
0.149 2 1 1 0 0.1580 0.1580 0.1059 0.0828 0.0039 0.0000 0.002617 0.479565 -4.1800 0 -0.8263 1  836 880 838 932 908 1127 972 849  1 1 0 0 0 0 0 0 18
0.154 2 1 1 0 0.1660 0.1660 0.0775 0.0856 0.0043 0.0000 0.002617 0.477895 -4.1800 0 2.6182 1  760 883 535 937 928 1129 1083 713  1 1 0 0 0 0 0 1 15
0.159 2 1 1 0 0.1760 0.1760 0.0669 0.0957 0.0047 0.0000 0.002617 0.478059 -4.1800 0 1.7830 1  850 891 637 933 969 1126 975 771  1 1 0 0 0 0 0 0 20
0.164 2 1 1 0 0.1860 0.1840 0.1310 0.1124 0.0055 0.0000 0.002617 0.478866 -1.9823 1 4.1800 0  702 886 902 935 944 1043 924 874  1 1 0 0 0 0 0 4 18
0.169 2 1 1 0 0.1940 0.1940 0.1318 0.1010 0.0059 0.0000 0.002617 0.478121 -4.1800 0 -0.5781 1  868 887 1048 938 1011 1122 874 774  1 1 0 0 0 0 0 0 20
0.174 2 1 1 0 0.2020 0.2020 0.1091 0.0974 0.0063 0.0000 0.002617 0.476580 -3.2999 1 2.2597 1  757 896 792 868 993 1141 1053 775  1 1 0 0 0 0 0 1 20
0.179 2 1 1 0 0.2120 0.2120 0.1282 0.1659 0.0071 0.0000 0.002617 0.475561 -4.1800 0 4.1800 0  1008 892 932 933 1118 1128 782 890  1 1 0 0 0 0 0 2 19
0.184 2 1 1 0 0.2220 0.2180 0.1367 0.1391 0.0079 0.0000 0.002617 0.474913 -4.1800 0 4.1800 0  817 889 854 932 992 1134 925 955  1 1 0 0 0 0 0 0 16
0.189 2 1 1 0 0.2320 0.2240 0.1323 0.1432 0.0085 0.0000 0.005235 0.474244 -4.1800 0 4.1800 0  798 889 884 930 965 1118 825 876  1 1 0 0 0 0 0 0 15
0.194 2 1 1 0 0.2420 0.2260 0.1221 0.1420 0.0093 0.0000 0.005235 0.473591 -4.1800 0 -0.8188 1  841 796 868 810 871 970 889 803  1 1 0 0 0 0 0 2 14
0.199 2 1 1 0 0.2480 0.2300 0.1801 0.1590 0.0101 0.0000 0.005235 0.473099 -4.1800 0 2.1154 1  789 873 908 897 992 1116 1059 678  1 1 0 0 0 0 0 0 15
0.204 2 1 1 0 0.2520 0.2360 0.1740 0.1988 0.0110 0.0000 0.005235 0.472398 -4.1800 0 0.8022 1  797 888 869 965 1014 1011 877 743  1 1 0 0 0 0 0 0 14
0.209 2 1 1 0 0.2560 0.2420 0.1919 0.1842 0.0120 0.0000 0.002617 0.471602 -4.1800 0 1.4602 1  773 881 768 927 894 1098 748 718  1 1 0 0 0 0 0 0 15
0.214 2 1 1 0 0.2640 0.2460 0.1834 0.1785 0.0128 0.0000 0.002617 0.471256 -4.1800 0 -2.2350 1  918 731 739 843 903 1010 922 671  1 1 0 0 0 0 0 0 16
0.219 2 1 1 0 0.2700 0.2500 0.2110 0.1947 0.0138 0.0000 0.005235 0.470677 -4.1800 0 2.2800 1  805 886 847 763 958 1093 1111 612  1 1 0 0 0 0 0 0 20
0.224 2 1 1 0 0.2740 0.2560 0.2037 0.2008 0.0148 0.0000 0.002617 0.470036 -4.1800 0 1.4261 1  837 888 886 1010 937 1129 1014 753  1 1 0 0 0 0 0 0 20
0.229 2 1 1 0 0.2820 0.2640 0.1716 0.1988 0.0158 0.0001 0.005235 0.469061 -4.1800 0 -1.9770 1  1000 896 774 928 1005 1054 1059 671  1 1 0 0 0 0 0 0 19
0.234 2 1 1 0 0.2900 0.2740 0.2276 0.2037 0.0168 0.0001 0.002617 0.468734 -2.1807 1 4.1800 0  694 892 884 928 938 1035 899 837  1 1 0 0 0 0 0 3 14
0.239 2 1 1 0 0.3000 0.2840 0.2215 0.2276 0.0178 0.0001 0.005235 0.468166 -4.1800 0 4.1800 0  813 889 832 928 968 1110 953 941  1 1 0 0 0 0 0 0 17
0.244 2 1 1 0 0.3100 0.2940 0.2166 0.2329 0.0191 0.0001 0.005235 0.467524 -2.2487 0 1.6024 0  782 886 846 931 977 1121 984 825  1 1 0 0 0 0 0 4 17
0.249 2 1 1 0 0.3160 0.3040 0.2917 0.2600 0.0203 0.0001 0.005235 0.467844 -4.1800 0 4.1800 0  842 886 850 930 1034 1130 875 867  1 1 0 0 0 0 0 3 16
0.254 2 1 1 0 0.3200 0.3100 0.2564 0.2385 0.0215 0.0001 0.005235 0.467239 -4.1800 0 2.3444 1  806 878 758 923 895 944 1195 749  1 1 0 0 0 0 0 4 17
0.259 2 1 1 0 0.3280 0.3160 0.2316 0.2471 0.0227 0.0001 0.005235 0.465869 0.3618 1 4.1800 0  836 894 837 981 1092 1184 1047 1032  1 1 0 0 0 0 0 7 14
0.264 2 1 1 0 0.3380 0.3260 0.2487 0.2759 0.0239 0.0001 0.005235 0.465112 -4.1800 0 4.1800 0  938 901 960 948 1075 1231 898 891  1 1 0 0 0 0 0 6 17
0.269 2 1 1 0 0.3460 0.3360 0.2649 0.2471 0.0254 0.0001 0.002617 0.464608 -4.1800 0 4.1800 0  830 900 805 955 1105 1218 870 840  1 1 0 0 0 0 0 7 16
0.274 2 1 1 0 0.3560 0.3440 0.2897 0.2897 0.0268 0.0001 0.005235 0.463462 -4.1800 0 4.1800 0  837 936 945 945 995 1173 1065 950  1 1 0 0 0 0 0 2 15
0.279 2 1 1 0 0.3660 0.3520 0.3270 0.3002 0.0284 0.0001 0.005235 0.463237 -2.2164 1 4.1800 0  572 906 719 956 984 1219 1012 889  1 1 0 0 0 0 0 4 11
0.284 2 1 1 0 0.3760 0.3620 0.3002 0.2686 0.0296 0.0001 0.005235 0.463206 -3.2732 1 3.7125 1  772 916 816 949 897 1192 1066 858  1 1 0 0 0 0 0 5 12
0.289 2 1 1 0 0.3860 0.3720 0.2897 0.3026 0.0312 0.0001 0.005235 0.462184 -2.2800 1 4.1800 0  734 1022 793 1039 980 1278 1036 967  1 1 0 0 0 0 0 4 9
0.294 2 1 1 0 0.3960 0.3780 0.3002 0.2937 0.0327 0.0001 0.007852 0.461495 -4.1800 0 -2.1587 1  1004 933 842 960 964 1263 1049 859  1 1 0 0 0 0 0 1 10
0.299 2 1 1 0 0.4000 0.3800 0.3270 0.3245 0.0343 0.0001 0.007852 0.460934 -2.1550 1 1.1636 1  790 925 954 931 1056 1187 956 844  1 1 0 0 0 0 0 1 13
0.304 2 1 1 0 0.4000 0.3900 0.3586 0.3047 0.0361 0.0002 0.005235 0.460535 -4.1800 0 1.8258 1  815 914 816 1078 1016 1214 991 677  1 1 0 0 0 0 0 0 16
0.309 2 1 1 0 0.4000 0.3911 0.3525 0.3144 0.0377 0.0002 0.005235 0.460339 -4.1800 0 0.6399 1  841 915 858 966 1034 1020 1009 843  1 1 0 0 0 0 0 2 16
0.314 2 1 1 0 0.4000 0.3904 0.3144 0.3002 0.0394 0.0002 0.005235 0.459445 -2.5760 1 4.1800 0  741 911 821 956 901 1064 1047 870  1 1 0 0 0 0 0 2 15
0.319 2 1 1 0 0.4000 0.3899 0.3586 0.3323 0.0410 0.0002 0.005235 0.458500 -3.0848 1 2.1060 1  740 909 741 956 952 1147 1007 703  1 1 0 0 0 0 0 5 12
0.324 2 1 1 0 0.4000 0.3855 0.3408 0.3619 0.0428 0.0002 0.007852 0.458203 -4.1800 0 4.1800 0  796 901 800 957 999 946 1007 830  1 1 0 0 0 0 0 6 9
0.329 2 1 1 0 0.4000 0.3913 0.4016 0.3558 0.0446 0.0002 0.005235 0.459341 -4.1800 0 4.1800 0  788 896 803 955 962 1004 1012 839  1 1 0 0 0 0 0 5 8
0.334 2 1 1 0 0.4000 0.3907 0.3408 0.3688 0.0462 0.0002 0.005235 0.459655 -2.0654 1 4.1800 0  647 893 811 948 955 1154 1155 909  1 1 0 0 0 0 0 4 7
0.339 2 1 1 0 0.4000 0.3886 0.3144 0.3688 0.0483 0.0002 0.005235 0.458989 -2.1074 1 2.0886 1  652 894 889 939 936 1176 1036 763  1 1 0 0 0 0 0 5 10
0.344 2 1 1 0 0.4000 0.3883 0.3351 0.4016 0.0499 0.0002 0.005235 0.458525 -4.1800 0 3.4327 1  775 898 785 939 1006 1041 1103 874  1 1 0 0 0 0 0 8 13
0.349 2 1 1 0 0.4000 0.3890 0.4016 0.3753 0.0519 0.0002 0.005235 0.458691 -2.9333 1 -0.7600 1  765 942 897 809 891 1029 1008 817  1 1 0 0 0 0 0 11 14
0.354 2 1 1 0 0.4000 0.3884 0.4016 0.3558 0.0540 0.0003 0.005235 0.459797 -4.1800 0 4.1800 0  755 851 693 898 871 1084 856 841  1 1 0 0 0 0 0 10 13
0.359 2 1 1 0 0.4000 0.3865 0.3558 0.3586 0.0556 0.0003 0.005235 0.459411 -1.7116 1 4.1800 0  743 829 882 918 961 1079 908 878  1 1 0 0 0 0 0 7 16
0.364 2 1 1 0 0.4000 0.3865 0.3826 0.3826 0.0576 0.0003 0.005235 0.459182 -4.1800 0 -0.5798 1  792 810 872 866 925 940 960 774  1 1 0 0 0 0 0 4 17
0.369 2 1 1 0 0.4000 0.3805 0.3899 0.3753 0.0594 0.0003 0.007852 0.458946 -2.1183 0 3.8174 0  716 816 708 860 906 1001 937 814  1 1 0 0 0 0 0 4 17
0.374 2 1 1 0 0.4000 0.3825 0.3586 0.3688 0.0613 0.0003 0.005235 0.460525 -2.4809 1 1.9846 1  680 850 638 878 1040 1096 963 643  1 1 0 0 0 0 0 5 18
0.379 2 1 1 0 0.4000 0.3897 0.3720 0.3862 0.0633 0.0003 0.005235 0.460536 -2.2328 1 4.1800 0  670 924 731 971 917 1213 973 912  1 1 0 0 0 0 0 6 15
0.384 2 1 1 0 0.4000 0.3851 0.3651 0.4016 0.0651 0.0003 0.007852 0.460003 -3.0093 1 2.0814 1  727 870 849 915 897 1126 1005 699  1 1 0 0 0 0 0 9 18
0.389 2 1 1 0 0.4000 0.3911 0.4057 0.3826 0.0669 0.0003 0.005235 0.460105 -4.1800 0 4.1800 0  781 872 761 918 1030 1062 920 835  1 1 0 0 0 0 0 8 18
0.394 2 1 1 0 0.4000 0.3900 0.4138 0.3862 0.0690 0.0003 0.005235 0.461414 -2.7508 1 4.1800 0  716 883 639 925 893 1137 1062 912  1 1 0 0 0 0 0 7 17
0.399 2 1 1 0 0.4000 0.3870 0.3245 0.3826 0.0708 0.0003 0.007852 0.461572 -2.0674 1 2.2662 1  744 879 808 932 1031 1160 1086 799  1 1 0 0 0 0 0 8 16
0.404 2 1 1 0 0.4000 0.3770 0.3351 0.3935 0.0728 0.0004 0.007852 0.461197 -2.0622 1 2.7878 1  603 872 758 926 940 1016 1152 827  1 1 0 0 0 0 0 9 20
0.409 2 1 1 0 0.4000 0.3870 0.4057 0.4016 0.0746 0.0004 0.005235 0.461448 -2.1515 1 4.1800 0  519 878 773 912 923 1185 863 943  1 1 0 0 0 0 0 10 19
0.414 2 1 1 0 0.4000 0.3912 0.4057 0.3720 0.0767 0.0004 0.005235 0.461995 -2.2582 1 4.1800 0  671 867 783 912 928 1119 956 845  1 1 0 0 0 0 0 9 19
0.419 2 1 1 0 0.4000 0.3896 0.3935 0.4016 0.0787 0.0004 0.005235 0.462821 -1.7688 1 4.1800 0  702 864 936 910 913 1213 909 897  1 1 0 0 0 0 0 10 16
0.424 2 1 1 0 0.4000 0.3864 0.3789 0.3899 0.0805 0.0004 0.007852 0.462434 -4.1800 0 4.1800 0  888 870 685 911 1064 1116 985 876  1 1 0 0 0 0 0 13 13
0.429 2 1 1 0 0.4000 0.3764 0.3720 0.3976 0.0826 0.0004 0.007852 0.461604 -2.0082 1 4.1800 0  642 872 720 953 857 1088 981 938  1 1 0 0 0 0 0 14 8
0.434 2 1 1 0 0.4000 0.3864 0.4179 0.3935 0.0844 0.0004 0.005235 0.462188 -4.1800 0 0.9745 1  881 873 721 917 1013 1124 886 820  1 1 0 0 0 0 0 13 9
0.439 2 1 1 0 0.4000 0.3903 0.4057 0.3753 0.0864 0.0004 0.005235 0.463282 -2.1886 1 4.1800 0  629 880 763 916 920 1124 924 889  1 1 0 0 0 0 0 12 6
0.444 2 1 1 0 0.4000 0.3886 0.3826 0.4016 0.0884 0.0005 0.005235 0.463047 -3.6199 1 2.0831 1  732 874 791 923 930 1136 977 693  1 1 0 0 0 0 0 15 7
0.449 2 1 1 0 0.4000 0.3786 0.4057 0.3826 0.0903 0.0005 0.007852 0.463144 -4.1800 0 4.1800 0  856 867 786 936 912 1145 823 924  1 1 0 0 0 0 0 12 6
0.454 2 1 1 0 0.4000 0.3686 0.3753 0.4016 0.0923 0.0005 0.007852 0.463734 -4.1800 0 -2.2098 1  944 883 786 948 1053 1157 1000 878  1 1 0 0 0 0 0 11 9
0.459 2 1 1 0 0.4000 0.3786 0.3935 0.3862 0.0941 0.0005 0.005235 0.464146 -4.1800 0 -0.6180 1  836 886 1027 950 988 1163 981 765  1 1 0 0 0 0 0 10 8
0.464 2 1 1 0 0.4000 0.3886 0.3862 0.3688 0.0961 0.0005 0.005235 0.463983 -0.1470 1 2.2800 1  736 866 788 955 1045 1183 1159 789  1 1 0 0 0 0 0 7 11
0.469 2 1 1 0 0.4000 0.3863 0.3586 0.4057 0.0980 0.0005 0.007852 0.463788 -1.6551 1 -0.6365 1  782 867 1045 933 969 1131 916 887  1 1 0 0 0 0 0 8 14
0.474 2 1 1 0 0.4000 0.3883 0.3753 0.3976 0.1002 0.0005 0.005235 0.464248 -4.1800 0 0.7862 1  774 861 749 929 1036 1050 971 836  1 1 0 0 0 0 0 5 19
0.479 2 1 1 0 0.4000 0.3899 0.4016 0.4016 0.1022 0.0005 0.005235 0.464417 -2.0410 1 3.1393 1  648 877 712 935 1006 1016 1135 866  1 1 0 0 0 0 0 4 18
0.484 2 1 1 0 0.4000 0.3890 0.3899 0.3899 0.1039 0.0005 0.005235 0.463654 -1.7743 1 4.1800 0  710 880 904 946 982 1152 1092 888  1 1 0 0 0 0 0 3 17
0.489 2 1 1 0 0.4000 0.3871 0.4016 0.3899 0.1059 0.0006 0.005235 0.463010 -4.1800 0 0.8113 1  861 885 883 940 1093 1136 1015 889  1 1 0 0 0 0 0 2 20
0.494 2 1 1 0 0.4000 0.3855 0.4223 0.3862 0.1079 0.0006 0.005235 0.463830 -4.1800 0 0.7101 0  775 883 807 942 979 1133 1001 889  1 1 0 0 0 0 0 0 20
0.499 2 1 1 0 0.4000 0.3843 0.3465 0.3753 0.1099 0.0006 0.005235 0.464129 -4.1800 0 1.2445 1  783 880 715 945 1086 1132 970 834  1 1 0 0 0 0 0 0 20
0.504 2 1 1 0 0.3940 0.3898 0.3899 0.3826 0.1118 0.0006 0.002617 0.464114 -2.6777 1 4.1800 0  751 883 783 870 1032 1065 1011 873  1 1 0 0 0 0 0 2 19
0.509 2 1 1 0 0.3960 0.3878 0.3976 0.3976 0.1136 0.0006 0.005235 0.463132 -4.1800 0 4.1800 0  790 888 798 953 949 1153 867 893  1 1 0 0 0 0 0 0 19
0.514 2 1 1 0 0.4000 0.3778 0.4016 0.3899 0.1156 0.0006 0.005235 0.463216 -2.1646 1 4.1800 0  618 893 836 946 956 1196 1121 884  1 1 0 0 0 0 0 3 18
0.519 2 1 1 0 0.4000 0.3774 0.4223 0.3976 0.1176 0.0006 0.005235 0.463806 -4.1800 0 4.1800 0  785 892 781 1034 924 1223 1076 937  1 1 0 0 0 0 0 1 18
0.524 2 1 1 0 0.4000 0.3763 0.3465 0.3753 0.1197 0.0006 0.005235 0.463642 -4.1800 0 -2.1065 1  912 897 803 947 997 1156 979 871  1 1 0 0 0 0 0 0 19
0.529 2 1 1 0 0.4000 0.3769 0.4016 0.3976 0.1217 0.0006 0.005235 0.463189 -4.1800 0 1.9584 1  815 889 815 968 953 1171 1011 734  1 1 0 0 0 0 0 0 20
0.534 2 1 1 0 0.3900 0.3869 0.3899 0.3976 0.1235 0.0006 0.002617 0.463697 -2.7425 1 4.1800 0  716 891 728 924 828 1126 877 861  1 1 0 0 0 0 0 1 19
0.539 2 1 1 0 0.3953 0.3980 0.4138 0.3789 0.1256 0.0006 0.002617 0.464630 -4.1800 0 1.1624 1  880 884 783 911 1022 1094 804 818  1 1 0 0 0 0 0 0 20
0.544 2 1 1 0 0.3994 0.4000 0.3379 0.4057 0.1276 0.0006 0.002617 0.464196 -4.1800 0 4.1800 0  773 885 852 916 908 1095 886 916  1 1 0 0 0 0 0 0 19
0.549 2 1 1 0 0.4000 0.3919 0.3408 0.3826 0.1294 0.0007 0.005235 0.463980 -4.1800 0 1.1900 1  848 897 866 918 1034 1096 841 756  1 1 0 0 0 0 0 0 20
0.554 2 1 1 0 0.4000 0.3819 0.4016 0.4057 0.1314 0.0007 0.005235 0.464301 -4.1800 0 0.6207 1  924 902 991 932 1069 1100 921 846  1 1 0 0 0 0 0 0 20
0.559 2 1 1 0 0.3980 0.3759 0.3899 0.3753 0.1333 0.0007 0.002617 0.465001 -4.1800 0 -0.1722 1  876 890 828 996 986 1045 1072 868  1 1 0 0 0 0 0 0 20
0.564 2 1 1 0 0.3949 0.3949 0.3826 0.3688 0.1353 0.0007 0.002617 0.465248 -4.1800 0 3.1556 1  852 900 692 938 1055 1120 1052 846  1 1 0 0 0 0 0 0 20
0.569 2 1 1 0 0.4000 0.3972 0.3976 0.4016 0.1371 0.0007 0.005235 0.465148 -2.6937 1 1.5200 1  781 959 789 973 964 1243 974 864  1 1 0 0 0 0 0 1 18
0.574 2 1 1 0 0.4000 0.3992 0.3935 0.4016 0.1393 0.0007 0.002617 0.465955 -1.8304 1 -0.5642 1  777 891 973 931 945 1130 900 747  1 1 0 0 0 0 0 1 19
0.579 2 1 1 0 0.4000 0.3962 0.4016 0.4057 0.1412 0.0007 0.005235 0.466202 -4.1800 0 4.1800 0  833 885 793 969 965 1182 898 891  1 1 0 0 0 0 0 0 19
0.584 2 1 1 0 0.4000 0.3862 0.3497 0.4057 0.1432 0.0007 0.005235 0.465562 -4.1800 0 2.1250 1  814 876 876 838 1060 1115 1043 697  1 1 0 0 0 0 0 0 20
0.589 2 1 1 0 0.3999 0.4000 0.4057 0.3789 0.1450 0.0007 0.002617 0.465182 -2.7935 1 2.0203 1  731 889 785 917 893 1114 996 749  1 1 0 0 0 0 0 1 20
0.594 2 1 1 0 0.4000 0.3966 0.3826 0.3935 0.1471 0.0007 0.002617 0.466330 -4.1800 0 0.8522 1  887 880 899 787 1090 1041 891 807  1 1 0 0 0 0 0 0 20
0.599 2 1 1 0 0.4000 0.3939 0.4057 0.3789 0.1491 0.0007 0.002617 0.466746 -2.5993 1 4.1800 0  687 871 833 899 960 1082 820 794  1 1 0 0 0 0 0 1 19
0.604 2 1 1 0 0.4000 0.3870 0.3862 0.4016 0.1509 0.0007 0.005235 0.466419 -4.1800 0 -1.9801 1  827 858 765 903 890 1057 929 827  1 1 0 0 0 0 0 0 20
0.609 2 1 1 0 0.4000 0.3770 0.3789 0.3753 0.1529 0.0007 0.005235 0.465882 -2.2235 1 4.0759 1  590 859 575 888 832 1091 1115 859  1 1 0 0 0 0 0 1 20
0.614 2 1 1 0 0.4000 0.3670 0.4223 0.3935 0.1550 0.0008 0.005235 0.466855 -4.1800 0 1.2492 1  778 865 886 900 1053 1108 861 811  1 1 0 0 0 0 0 0 20
0.619 2 1 1 0 0.3980 0.3770 0.3753 0.3826 0.1568 0.0008 0.002617 0.467807 -4.1800 0 -0.6898 1  805 864 968 911 1028 1176 983 777  1 1 0 0 0 0 0 0 20
0.624 2 1 1 0 0.4000 0.3870 0.3720 0.3789 0.1588 0.0008 0.002617 0.468215 -4.1800 0 0.9995 1  960 873 832 921 1196 1191 948 835  1 1 0 0 0 0 0 1 19
0.629 2 1 1 0 0.4000 0.3770 0.3935 0.4097 0.1606 0.0008 0.005235 0.467581 -2.2997 1 1.9700 1  698 870 751 992 842 1135 994 748  1 1 0 0 0 0 0 1 19
0.634 2 1 1 0 0.3997 0.3790 0.3899 0.3976 0.1625 0.0008 0.002617 0.467983 -4.1800 0 -1.0163 1  855 875 852 906 1004 1115 1021 803  1 1 0 0 0 0 0 2 18
0.639 2 1 1 0 0.4000 0.3890 0.4138 0.3753 0.1645 0.0008 0.002617 0.468429 -4.1800 0 0.8892 1  903 881 857 918 1215 1131 956 850  1 1 0 0 0 0 0 0 15
0.644 2 1 1 0 0.4000 0.3924 0.3323 0.3976 0.1665 0.0008 0.002617 0.468227 -4.1800 0 1.3478 1  818 885 850 928 903 1129 875 813  1 1 0 0 0 0 0 0 18
0.649 2 1 1 0 0.4000 0.3839 0.3245 0.3789 0.1684 0.0008 0.005235 0.467722 -4.1800 0 1.2958 1  862 889 873 944 898 1164 898 825  1 1 0 0 0 0 0 0 20
0.654 2 1 1 0 0.4000 0.3739 0.3976 0.3935 0.1704 0.0008 0.005235 0.468365 -4.1800 0 4.1800 0  919 882 905 941 986 1155 1037 954  1 1 0 0 0 0 0 0 16
0.659 2 1 1 0 0.4000 0.3839 0.3976 0.3753 0.1722 0.0008 0.002617 0.469413 -2.0334 1 4.1800 0  685 887 756 940 939 1164 1102 922  1 1 0 0 0 0 0 1 15
0.664 2 1 1 0 0.4000 0.3930 0.3862 0.3651 0.1742 0.0008 0.002617 0.469266 -1.3631 1 4.1800 0  758 896 885 951 982 1158 935 1052  1 1 0 0 0 0 0 4 10
0.669 2 1 1 0 0.4000 0.3844 0.3976 0.3976 0.1761 0.0008 0.005235 0.469348 -1.9790 1 4.1800 0  712 954 785 976 999 1247 1035 1028  1 1 0 0 0 0 0 1 9
0.674 2 1 1 0 0.4000 0.3931 0.3720 0.4057 0.1779 0.0008 0.002617 0.470319 2.0499 1 4.1800 0  755 906 808 950 926 1181 1102 1071  1 1 0 0 0 0 0 2 4
0.679 2 1 1 0 0.4000 0.3905 0.3976 0.3826 0.1799 0.0008 0.002617 0.470917 1.4489 1 4.1800 0  705 911 826 966 972 1215 1184 1091  1 1 0 0 0 0 0 3 0
0.684 2 1 1 0 0.4000 0.3886 0.3497 0.3935 0.1819 0.0008 0.002617 0.470764 -1.3876 1 4.1800 0  761 897 1042 954 1004 1167 1014 1206  1 1 0 0 0 0 0 6 0
0.689 2 1 1 0 0.4000 0.3870 0.3935 0.3935 0.1836 0.0009 0.002617 0.470652 2.2061 1 4.1800 0  849 880 819 930 946 1141 1062 1133  1 1 0 0 0 0 0 7 0
0.694 2 1 1 0 0.4000 0.3858 0.4223 0.3789 0.1856 0.0009 0.002617 0.471818 2.1910 1 4.1800 0  728 855 745 898 927 1054 1059 1248  1 1 0 0 0 0 0 10 0
0.699 2 1 1 0 0.4000 0.3848 0.3408 0.3899 0.1876 0.0009 0.002617 0.471948 2.2534 1 4.1800 0  809 845 782 932 1030 1169 1047 1434  1 1 0 0 0 0 0 11 0
0.704 2 1 1 0 0.4000 0.3840 0.3826 0.3862 0.1897 0.0009 0.002617 0.471623 2.1578 1 4.1800 0  707 867 811 902 1190 1275 1140 1395  1 1 0 0 0 0 0 16 0
0.709 2 1 1 0 0.4000 0.3833 0.3826 0.4016 0.1917 0.0009 0.002617 0.471038 1.6215 1 4.1800 0  762 873 789 921 1012 1219 1414 1321  1 1 0 0 0 0 0 20 0
0.714 2 1 1 0 0.4000 0.3832 0.4223 0.3651 0.1937 0.0009 0.002617 0.471986 1.8516 1 4.1800 0  713 890 782 940 993 1265 1386 1459  1 1 0 0 0 0 0 20 0
0.719 2 1 1 0 0.3900 0.3932 0.3826 0.3525 0.1955 0.0009 -0.000000 0.472681 1.8606 1 4.1800 0  800 905 842 952 1107 1304 1422 1621  1 1 0 0 0 0 0 20 0
0.724 2 1 1 0 0.3913 0.3952 0.3323 0.4016 0.1974 0.0009 0.002617 0.472894 1.9374 1 4.1800 0  827 895 863 962 1053 1370 1456 1568  1 1 0 0 0 0 0 20 0
0.729 2 1 1 0 0.4000 0.3852 0.3826 0.4057 0.1994 0.0009 0.002617 0.472150 1.6785 1 4.1800 0  870 950 800 977 1091 1472 1527 1588  1 1 0 0 0 0 0 20 0
0.734 2 1 1 0 0.4000 0.3762 0.3899 0.3976 0.2014 0.0009 0.002617 0.473095 1.2466 1 4.1800 0  711 893 720 935 989 1383 1677 1426  1 1 0 0 0 0 0 20 0
0.739 2 1 1 0 0.3980 0.3789 0.4138 0.3826 0.2032 0.0009 -0.000000 0.473747 1.3264 1 4.1800 0  1003 884 871 929 1095 1415 1632 1437  1 1 0 0 0 0 0 20 0
0.744 2 1 1 0 0.3960 0.3809 0.3789 0.3651 0.2051 0.0009 0.002617 0.473845 1.2844 1 4.1800 0  762 886 966 917 1082 1469 1735 1516  1 1 0 0 0 0 0 20 0
0.749 2 1 1 0 0.4000 0.3741 0.3217 0.4057 0.2071 0.0009 0.002617 0.473195 1.1922 1 4.1800 0  813 881 933 921 1033 1507 1670 1481  1 1 0 0 0 0 0 20 0
0.754 2 1 1 0 0.4000 0.3709 0.3688 0.3826 0.2089 0.0009 0.005235 0.474206 0.9965 1 4.1800 0  667 878 625 921 961 1563 1724 1573  1 1 0 0 0 0 0 20 0
0.759 2 1 1 0 0.4000 0.3786 0.3976 0.3899 0.2112 0.0009 0.002617 0.475394 1.1451 1 4.1800 0  719 864 771 924 1027 1590 1735 1634  1 1 0 0 0 0 0 20 0
0.764 2 1 1 0 0.4000 0.3776 0.3935 0.3976 0.2128 0.0009 0.002617 0.475398 0.7950 1 4.1800 0  741 876 605 936 1095 1660 1854 1597  1 1 0 0 0 0 0 20 0
0.769 2 1 1 0 0.4000 0.3780 0.4016 0.3525 0.2148 0.0009 0.002617 0.474796 0.7917 1 4.1800 0  650 874 748 935 1059 1722 1764 1525  1 1 0 0 0 0 0 20 0
0.774 2 1 1 0 0.4000 0.3783 0.3688 0.4016 0.2168 0.0009 0.002617 0.474822 0.9381 1 4.1800 0  842 862 771 930 1205 1656 1856 1583  1 1 0 0 0 0 0 20 0
0.779 2 1 1 0 0.4000 0.3785 0.4016 0.3899 0.2189 0.0009 0.002617 0.475486 0.5817 1 4.0091 1  864 867 761 950 1295 1859 2021 1455  1 1 0 0 0 0 0 20 1
0.784 2 1 1 0 0.3960 0.3826 0.3436 0.3586 0.2207 0.0009 -0.000000 0.475647 0.4675 1 4.1800 0  831 864 715 963 1327 1777 1998 1484  1 1 0 0 0 0 0 20 0
0.789 2 1 1 0 0.4000 0.3764 0.3789 0.3862 0.2225 0.0009 0.002617 0.475006 0.3536 1 4.1800 0  808 857 881 824 1327 1952 1800 1540  1 1 0 0 0 0 0 20 0
0.794 2 1 1 0 0.4000 0.3769 0.4138 0.3720 0.2245 0.0010 0.002617 0.474672 0.4314 1 4.1800 0  796 875 869 1029 1345 2002 1805 1534  1 1 0 0 0 0 0 20 0
0.799 2 1 1 0 0.4000 0.3774 0.3525 0.3935 0.2266 0.0010 0.002617 0.475157 0.2099 1 4.1800 0  792 882 818 1064 1480 2036 1859 1568  1 1 0 0 0 0 0 20 0
0.804 2 1 1 0 0.4000 0.3756 0.3351 0.3899 0.2284 0.0010 0.005235 0.475140 0.1303 1 4.1800 0  848 784 812 1101 1453 1812 1925 1560  1 1 0 0 0 0 0 20 0
0.809 2 1 1 0 0.4000 0.3791 0.3826 0.3720 0.2302 0.0010 0.002617 0.474815 -0.0626 1 4.1800 0  921 869 808 1113 1726 2075 1913 1488  1 1 0 0 0 0 0 20 0
0.814 2 1 1 0 0.4000 0.3789 0.4016 0.4016 0.2323 0.0010 0.002617 0.475191 -0.0470 1 4.1800 0  784 874 876 1190 1637 2092 2028 1580  1 1 0 0 0 0 0 20 0
0.819 2 1 1 0 0.4000 0.3788 0.4016 0.3497 0.2343 0.0010 0.002617 0.475512 -0.1725 1 3.7552 1  991 879 940 1230 1775 2097 1941 1444  1 1 0 0 0 0 0 20 1
0.824 2 1 1 0 0.3960 0.3827 0.3298 0.3688 0.2361 0.0010 -0.000000 0.475349 -0.2508 1 4.1800 0  930 880 917 1280 1905 2091 1859 1572  1 1 0 0 0 0 0 20 0
0.829 2 1 1 0 0.4000 0.3767 0.3408 0.4016 0.2379 0.0010 0.002617 0.474538 -0.2900 1 4.1800 0  766 878 1000 1320 1745 2093 1774 1675  1 1 0 0 0 0 0 20 0
0.834 2 1 1 0 0.4000 0.3756 0.4097 0.3558 0.2400 0.0010 0.002617 0.474856 -0.4294 1 4.1800 0  744 883 870 1354 1758 2074 1871 1566  1 1 0 0 0 0 0 20 0
0.839 2 1 1 0 0.4000 0.3761 0.4016 0.3862 0.2420 0.0010 0.002617 0.475349 -0.4897 1 4.1800 0  763 889 731 1393 1671 2078 1752 1661  1 1 0 0 0 0 0 20 0
0.844 2 1 1 0 0.3960 0.3804 0.3976 0.3862 0.2438 0.0010 -0.000000 0.475138 -0.5247 1 4.1800 0  832 890 766 1439 1863 2075 1942 1544  1 1 0 0 0 0 0 20 0
0.849 2 1 1 0 0.4000 0.3744 0.3789 0.3862 0.2456 0.0010 0.002617 0.474316 -0.7574 1 4.1800 0  714 892 966 1505 1745 1958 1868 1573  1 1 0 0 0 0 0 20 0
0.854 2 1 1 0 0.4000 0.3751 0.3651 0.3899 0.2477 0.0010 0.002617 0.473805 -0.7558 1 4.1800 0  758 897 1007 1540 1840 2136 1849 1519  1 1 0 0 0 0 0 20 0
0.859 2 1 1 0 0.4000 0.3757 0.3976 0.3753 0.2497 0.0010 0.002617 0.474677 -0.9667 1 4.1800 0  849 924 1123 1583 1679 2051 1909 1482  1 1 0 0 0 0 0 20 0
0.864 2 1 1 0 0.3920 0.3838 0.3899 0.3899 0.2515 0.0010 -0.000000 0.475221 -1.1617 1 4.1800 0  822 954 1207 1634 1832 2068 1817 1265  1 1 0 0 0 0 0 20 0
0.869 2 1 1 0 0.3993 0.3778 0.3436 0.3976 0.2533 0.0010 0.002617 0.474685 -1.2480 1 4.1800 0  977 993 1252 1676 1788 2070 1847 1504  1 1 0 0 0 0 0 20 0
0.874 2 1 1 0 0.4000 0.3719 0.4138 0.3651 0.2554 0.0010 0.002617 0.474509 -0.9886 1 2.9918 1  849 1023 1141 1703 1816 2068 1858 1343  1 1 0 0 0 0 0 20 1
0.879 2 1 1 0 0.4000 0.3730 0.3976 0.3935 0.2574 0.0010 0.002617 0.474749 -1.2579 1 4.1800 0  897 1041 1292 1715 1840 2071 1713 1411  1 1 0 0 0 0 0 20 1
0.884 2 1 1 0 0.3923 0.3923 0.4016 0.3935 0.2592 0.0010 -0.000000 0.474967 -1.1177 1 3.1252 1  927 1077 1250 1730 1899 2074 1741 1370  1 1 0 0 0 0 0 20 4
0.889 2 1 1 0 0.4000 0.3903 0.3720 0.3586 0.2611 0.0010 0.002617 0.474939 -1.3618 1 2.8850 1  948 977 1344 1723 2007 2090 1862 1332  1 1 0 0 0 0 0 20 5
0.894 2 1 1 0 0.4000 0.3803 0.3935 0.4016 0.2631 0.0010 0.002617 0.474501 -1.4184 1 3.1124 1  1014 1130 1407 1735 1812 2075 1797 1388  1 1 0 0 0 0 0 20 8
0.899 2 1 1 0 0.4000 0.3703 0.4268 0.3720 0.2651 0.0010 0.002617 0.475475 -1.2808 1 2.1481 1  1079 1167 1354 1735 1938 2074 1706 1287  1 1 0 0 0 0 0 20 13
0.904 2 1 1 0 0.3940 0.3769 0.3525 0.3720 0.2669 0.0010 -0.000000 0.475566 -1.6472 1 2.1180 1  1165 1209 1501 1746 1979 2083 1731 1004  1 1 0 0 0 0 0 20 18
0.909 2 1 1 0 0.3960 0.3960 0.3753 0.3976 0.2690 0.0010 -0.000000 0.475480 -1.7731 1 2.2757 1  886 1273 1592 1750 1751 2170 1707 1231  1 1 0 0 0 0 0 20 20
0.914 2 1 1 0 0.4000 0.3860 0.4016 0.4057 0.2708 0.0010 0.002617 0.474803 -1.6983 1 2.0270 1  989 1322 1471 1770 1790 2060 1683 1176  1 1 0 0 0 0 0 20 20
0.919 2 1 1 0 0.4000 0.3760 0.3862 0.4016 0.2728 0.0011 0.002617 0.475374 -1.9892 1 1.7819 1  908 1376 1478 1749 1677 2059 1517 1012  1 1 0 0 0 0 0 20 20
0.924 2 1 1 0 0.4000 0.3692 0.4312 0.3586 0.2748 0.0011 0.002617 0.476141 -2.1063 1 1.9759 1  871 1432 1456 1748 1614 2044 1572 1102  1 1 0 0 0 0 0 20 20
0.929 2 1 1 0 0.3942 0.3776 0.3408 0.3525 0.2767 0.0011 -0.000000 0.475844 -2.4477 1 1.8646 1  1084 1466 1451 1746 1896 2021 1527 1094  1 1 0 0 0 0 0 20 20
0.934 2 1 1 0 0.4000 0.3756 0.3976 0.3976 0.2785 0.0011 0.002617 0.475106 -2.3934 1 1.6743 1  1065 1513 1443 1750 1812 1998 1449 991  1 1 0 0 0 0 0 20 20
0.939 2 1 1 0 0.4000 0.3670 0.4057 0.3525 0.2805 0.0011 0.002617 0.475652 -2.8647 1 1.5346 1  1224 1551 1647 1753 1837 1974 1437 1057  1 1 0 0 0 0 0 20 20
0.944 2 1 1 0 0.3940 0.3730 0.4016 0.3789 0.2826 0.0011 -0.002617 0.476112 -2.3212 1 1.3149 1  1089 1575 1480 1778 1707 1880 1379 1104  1 1 0 0 0 0 0 20 20
0.949 2 1 1 0 0.3940 0.3830 0.3935 0.3826 0.2844 0.0011 -0.000000 0.475156 -3.2086 1 1.6973 1  1257 1598 1476 1839 1881 1865 1532 940  1 1 0 0 0 0 0 20 20
0.954 2 1 1 0 0.4000 0.3930 0.3558 0.3862 0.2864 0.0011 -0.000000 0.473694 -4.1800 0 1.4267 1  1358 1618 1527 1765 1934 1932 1307 995  1 1 0 0 0 0 0 19 20
0.959 2 1 1 0 0.4000 0.3914 0.4016 0.4016 0.2884 0.0011 -0.000000 0.473761 -3.1770 1 1.3117 1  1267 1641 1542 1763 1716 1835 1206 954  1 1 0 0 0 0 0 20 20
0.964 2 1 1 0 0.4000 0.3895 0.4057 0.4138 0.2905 0.0011 -0.000000 0.473839 -3.1228 1 1.2199 1  1260 1640 1419 1761 1879 1765 1207 807  1 1 0 0 0 0 0 19 20
0.969 2 1 1 0 0.4000 0.3846 0.3436 0.4138 0.2923 0.0011 0.002617 0.473828 -4.1800 0 0.9453 1  1361 1646 1397 1747 1688 1625 1197 1026  1 1 0 0 0 0 0 19 20
0.974 2 1 1 0 0.4000 0.3786 0.3976 0.3720 0.2941 0.0011 -0.000000 0.473676 -4.1800 0 1.1034 1  1576 1654 1581 1752 1806 1655 1130 1006  1 1 0 0 0 0 0 17 20
0.979 2 1 1 0 0.4000 0.3886 0.3862 0.3558 0.2961 0.0011 -0.000000 0.474700 -4.1800 0 1.1624 1  1398 1658 1527 1750 1647 1599 960 940  1 1 0 0 0 0 0 14 20
0.984 2 1 1 0 0.4000 0.3900 0.3976 0.3976 0.2982 0.0011 -0.000000 0.474595 -4.1800 0 0.8137 1  1430 1663 1464 1755 1609 1546 1135 899  1 1 0 0 0 0 0 11 20
0.989 2 1 1 0 0.4000 0.3800 0.3789 0.3651 0.3000 0.0011 0.002617 0.474129 -4.1800 0 0.8212 1  1578 1657 1540 1769 1575 1525 1077 1028  1 1 0 0 0 0 0 8 20
0.994 2 1 1 0 0.4000 0.3700 0.3826 0.3935 0.3020 0.0011 0.002617 0.473280 -4.1800 0 0.5095 1  1553 1655 1511 1607 1429 1347 983 881  1 1 0 0 0 0 0 3 20
0.999 2 1 1 0 0.4000 0.3800 0.4179 0.3826 0.3039 0.0011 -0.000000 0.474092 -4.1800 0 0.4467 1  1368 1653 1576 1718 1416 1371 1007 906  1 1 0 0 0 0 0 0 20
1.004 2 1 1 0 0.4000 0.3700 0.3976 0.3753 0.3057 0.0011 0.002617 0.474189 -4.1800 0 0.5567 1  1567 1652 1400 1690 1509 1317 1066 945  1 1 0 0 0 0 0 0 20
1.009 2 1 1 0 0.4000 0.3630 0.3298 0.3899 0.3077 0.0011 0.002617 0.474320 -4.1800 0 0.4576 1  1603 1652 1506 1649 1479 1276 1102 972  1 1 0 0 0 0 0 2 20
1.014 2 1 1 0 0.4000 0.3654 0.3298 0.3826 0.3093 0.0011 0.002617 0.473675 -4.1800 0 0.0602 1  1460 1656 1328 1610 1251 1244 1071 899  1 1 0 0 0 0 0 0 20
1.019 2 1 1 0 0.4000 0.3673 0.4057 0.3826 0.3114 0.0011 0.002617 0.474069 -4.1800 0 0.0136 1  1396 1652 1635 1569 1234 1218 1063 910  1 1 0 0 0 0 0 0 20
1.024 2 1 1 0 0.4000 0.3687 0.4057 0.3899 0.3134 0.0011 0.002617 0.474572 -4.1800 0 0.1391 1  1543 1650 1493 1534 1259 1173 938 921  1 1 0 0 0 0 0 0 20
1.029 2 1 1 0 0.3992 0.3707 0.3436 0.3862 0.3150 0.0011 0.002617 0.474614 -4.1800 0 0.0203 1  1436 1649 1665 1490 1155 1131 1010 724  1 1 0 0 0 0 0 0 20
1.034 2 1 1 0 0.4000 0.3674 0.3753 0.3688 0.3170 0.0011 0.002617 0.474117 -4.1800 0 -0.0713 1  1376 1703 1469 1470 959 1227 1059 645  1 1 0 0 0 0 0 0 20
1.039 2 1 1 0 0.4000 0.3620 0.3899 0.3753 0.3189 0.0011 0.005235 0.474377 -3.9747 1 -0.2390 1  1290 1634 1458 1400 1047 1180 985 927  1 1 0 0 0 0 0 1 20
1.044 2 1 1 0 0.4000 0.3720 0.3408 0.3789 0.3207 0.0011 0.002617 0.474800 -4.1800 0 -0.3939 1  1463 1631 1358 1363 1084 1139 1065 986  1 1 0 0 0 0 0 0 20
1.049 2 1 1 0 0.4000 0.3732 0.3651 0.3899 0.3227 0.0011 0.002617 0.474711 -4.1800 0 -0.4154 1  1644 1621 1542 1371 1231 1194 1105 1099  1 1 0 0 0 0 0 0 20
1.054 2 1 1 0 0.4000 0.3744 0.3619 0.3688 0.3243 0.0011 0.002617 0.474079 -4.1800 0 -0.5381 1  1479 1638 1378 1228 863 1168 1112 982  1 1 0 0 0 0 0 0 20
1.059 2 1 1 0 0.4000 0.3741 0.4057 0.3976 0.3264 0.0011 0.002617 0.472976 -4.1800 0 -0.5866 1  1680 1640 1466 1264 1025 1194 1191 888  1 1 0 0 0 0 0 0 20
1.064 2 1 1 0 0.4000 0.3738 0.4057 0.3619 0.3284 0.0011 0.002617 0.473602 -4.1800 0 -0.5788 1  1403 1640 1382 1219 909 1196 1081 1027  1 1 0 0 0 0 0 0 20
1.069 2 1 1 0 0.4000 0.3717 0.3789 0.3558 0.3300 0.0012 0.002617 0.473944 -4.1800 0 -0.8490 1  1464 1637 1230 1178 923 1211 1149 1051  1 1 0 0 0 0 0 0 20
1.074 2 1 1 0 0.4000 0.3737 0.3586 0.3753 0.3318 0.0012 0.005235 0.474192 -4.1800 0 -1.1282 1  1441 1631 1180 1144 998 1203 1088 1016  1 1 0 0 0 0 0 0 20
1.079 2 1 1 0 0.4000 0.3637 0.3465 0.3651 0.3339 0.0012 0.005235 0.474926 -4.1800 0 -0.9376 1  1366 1616 1191 1106 918 1205 1040 960  1 1 0 0 0 0 0 0 20
1.084 2 1 1 0 0.4000 0.3737 0.4097 0.3753 0.3357 0.0012 0.002617 0.475886 -4.1800 0 -1.2697 1  1562 1593 1123 1082 1067 1212 1069 1009  1 1 0 0 0 0 0 0 20
1.089 2 1 1 0 0.4000 0.3788 0.3651 0.3862 0.3377 0.0012 0.002617 0.475252 -4.1800 0 -1.0001 1  1493 1573 1244 1064 1012 1235 1075 956  1 1 0 0 0 0 0 0 20
1.094 2 1 1 0 0.4000 0.3773 0.3753 0.3976 0.3393 0.0012 0.002617 0.474022 -4.0470 1 -0.9321 1  1263 1560 1272 1051 1126 1309 1277 1017  1 1 0 0 0 0 0 1 20
1.099 2 1 1 0 0.4000 0.3761 0.3976 0.3720 0.3414 0.0012 0.002617 0.473026 -4.1800 0 -1.2076 1  1305 1536 1112 1067 1038 1217 1244 972  1 1 0 0 0 0 0 0 20
1.104 2 1 1 0 0.4000 0.3751 0.3379 0.3688 0.3434 0.0012 0.002617 0.474182 -4.1800 0 -1.3810 1  1364 1519 1030 1022 1172 1218 1077 960  1 1 0 0 0 0 0 0 20
1.109 2 1 1 0 0.4000 0.3757 0.3323 0.3651 0.3450 0.0012 0.002617 0.474050 -4.1800 0 -1.5330 1  1428 1499 1004 1029 1079 1288 1165 1035  1 1 0 0 0 0 0 0 20
1.114 2 1 1 0 0.4000 0.3748 0.3619 0.3619 0.3471 0.0012 0.002617 0.474210 -4.1800 0 -1.5849 1  1457 1482 940 1083 1257 1324 1091 933  1 1 0 0 0 0 0 0 20
1.119 2 1 1 0 0.4000 0.3648 0.3862 0.3935 0.3489 0.0012 0.005235 0.473231 -4.1800 0 -1.3521 1  1206 1463 994 1062 1056 1180 1067 1021  1 1 0 0 0 0 0 0 20
1.124 2 1 1 0 0.4000 0.3748 0.3826 0.3720 0.3507 0.0012 0.002617 0.473683 -4.1800 0 -1.6536 1  1439 1435 865 1088 1230 1317 1232 863  1 1 0 0 0 0 0 0 20
1.129 2 1 1 0 0.4000 0.3772 0.4016 0.3525 0.3527 0.0012 0.002617 0.473709 -4.1800 0 -1.2814 1  1328 1398 1089 1110 1342 1330 1071 1038  1 1 0 0 0 0 0 0 20
1.134 2 1 1 0 0.4000 0.3752 0.3619 0.3497 0.3544 0.0012 0.002617 0.473260 -4.1800 0 -1.6667 1  1460 1375 1022 1123 1257 1420 1099 1046  1 1 0 0 0 0 0 0 20
1.139 2 1 1 0 0.4000 0.3669 0.3558 0.3826 0.3562 0.0012 0.005235 0.472257 -4.1800 0 -1.5145 1  1291 1270 929 1126 1140 1287 1169 757  1 1 0 0 0 0 0 0 20
1.144 2 1 1 0 0.4000 0.3689 0.3586 0.3619 0.3580 0.0012 0.002617 0.473060 -4.1800 0 -1.9442 1  1388 1304 973 1157 1163 1433 1327 1051  1 1 0 0 0 0 0 0 20
1.149 2 1 1 0 0.4000 0.3765 0.3935 0.3558 0.3600 0.0012 0.002617 0.473947 -4.1800 0 1.2455 1  1073 1275 1000 1170 1152 1447 1088 971  1 1 0 0 0 0 0 0 20
1.154 2 1 1 0 0.4000 0.3745 0.3688 0.3862 0.3617 0.0012 0.002617 0.474044 -4.1800 0 -1.7347 1  1274 1233 958 1160 1139 1230 1077 1021  1 1 0 0 0 0 0 0 20
1.159 2 1 1 0 0.4000 0.3701 0.3497 0.3935 0.3635 0.0013 0.005235 0.473147 -4.1800 0 -1.9356 1  1296 1183 976 1154 1332 1354 1065 969  1 1 0 0 0 0 0 0 20
1.164 2 1 1 0 0.4000 0.3641 0.4097 0.3619 0.3653 0.0013 0.002617 0.472928 -4.1800 0 1.2348 1  1028 1151 869 1147 1002 1356 1045 928  1 1 0 0 0 0 0 0 20
1.169 2 1 1 0 0.4000 0.3741 0.4057 0.3497 0.3673 0.0013 0.002617 0.473511 -4.1800 0 -2.1625 1  1199 1125 987 1144 1301 1348 1234 1037  1 1 0 0 0 0 0 0 20
1.174 2 1 1 0 0.4000 0.3749 0.3351 0.3789 0.3694 0.0013 0.002617 0.473402 -4.1800 0 -2.1398 1  1155 1100 1043 1178 1187 1380 1198 1037  1 1 0 0 0 0 0 0 20
1.179 2 1 1 0 0.4000 0.3738 0.3351 0.3826 0.3710 0.0013 0.002617 0.472766 -4.1800 0 -0.7472 1  1184 1080 1182 1143 1219 1272 1182 935  1 1 0 0 0 0 0 0 20
1.184 2 1 1 0 0.4000 0.3729 0.3935 0.3753 0.3730 0.0013 0.002617 0.472072 -4.1800 0 -2.1144 1  1224 1076 953 1138 1188 1375 1099 1002  1 1 0 0 0 0 0 0 20
1.189 2 1 1 0 0.4000 0.3735 0.4057 0.3789 0.3746 0.0013 0.002617 0.472481 -4.1800 0 -2.0782 1  1086 1071 1025 1139 1144 1382 1152 946  1 1 0 0 0 0 0 0 20
1.194 2 1 1 0 0.4000 0.3726 0.3351 0.3720 0.3767 0.0013 0.002617 0.471581 -4.1800 0 1.2890 1  1002 1070 1174 1119 1137 1454 1069 1005  1 1 0 0 0 0 0 0 20
1.199 2 1 1 0 0.4000 0.3733 0.3651 0.3789 0.3783 0.0013 0.002617 0.471272 -4.1800 0 4.1800 0  1025 1065 1000 1111 1155 1337 1089 1064  1 1 0 0 0 0 0 0 18
1.204 2 1 1 0 0.4000 0.3724 0.4016 0.3525 0.3803 0.0013 0.002617 0.470679 -4.1800 0 1.2052 1  923 1047 938 1113 1260 1339 1106 992  1 1 0 0 0 0 0 0 20
1.209 2 1 1 0 0.4000 0.3698 0.3899 0.3720 0.3821 0.0013 0.005235 0.471658 -4.1800 0 4.1800 0  974 1040 839 1094 1240 1313 1146 1020  1 1 0 0 0 0 0 0 19
1.214 2 1 1 0 0.4000 0.3722 0.3168 0.3651 0.3840 0.0013 0.002617 0.471513 -4.1800 0 1.9394 1  958 1026 1019 1089 1118 1310 1213 914  1 1 0 0 0 0 0 0 19
1.219 2 1 1 0 0.4000 0.3699 0.3168 0.3651 0.3856 0.0013 0.002617 0.471976 -4.1800 0 4.1800 0  904 1008 952 1096 1167 1328 1164 1010  1 1 0 0 0 1 0 1 18
1.224 2 1 1 0 0.4000 0.3696 0.3144 0.3619 0.3874 0.0013 0.005235 0.473137 -4.1800 0 1.9101 1  905 1004 904 1103 1150 1313 1140 859  1 1 0 0 0 0 0 0 15
1.229 2 1 1 0 0.4000 0.3744 0.3899 0.3753 0.3892 0.0013 0.002617 0.473750 -4.1800 0 4.1800 0  899 984 1012 989 1173 1324 1195 1050  1 1 0 0 0 0 0 0 15
1.234 2 1 1 0 0.4000 0.3731 0.4138 0.3862 0.3913 0.0013 0.002617 0.473507 -4.1800 0 4.1800 0  930 998 1001 1058 1208 1294 1146 1037  1 1 0 0 0 0 0 1 12
1.239 2 1 1 0 0.3939 0.3831 0.3826 0.3862 0.3931 0.0013 -0.000000 0.472404 2.2745 1 4.1800 0  804 997 903 1063 1104 1355 1097 1145  1 1 0 0 0 0 0 1 15
1.244 2 1 1 0 0.4000 0.3899 0.3753 0.3720 0.3949 0.0013 0.002617 0.471376 -2.2381 1 4.1800 0  844 1004 857 1064 1093 1176 1102 1030  1 1 0 0 0 0 0 4 12
1.249 2 1 1 0 0.4000 0.3799 0.3651 0.3720 0.3970 0.0013 0.002617 0.472029 -2.0145 1 4.1800 0  781 985 812 1055 970 1293 1147 1042  1 1 0 0 0 0 0 8 8
1.254 2 1 1 0 0.4000 0.3899 0.3862 0.3753 0.3988 0.0013 -0.000000 0.472627 1.2752 1 4.1800 0  853 974 940 967 1065 1323 1248 981  1 1 0 0 0 0 0 11 5
1.259 2 1 1 0 0.4000 0.3927 0.3688 0.4016 0.4008 0.0013 -0.000000 0.472543 -2.1511 0 4.1800 0  861 982 916 1055 1054 1300 1174 1066  1 1 0 0 0 1 0 15 3
1.264 2 1 1 0 0.4000 0.3867 0.3720 0.3753 0.4024 0.0013 -0.000000 0.471112 2.1997 1 4.1800 0  891 989 924 1124 1093 1339 1200 1158  1 1 0 0 0 0 0 16 2
1.269 2 1 1 0 0.4000 0.3903 0.4223 0.3976 0.4045 0.0013 -0.000000 0.471203 -4.1800 0 4.1800 0  917 1004 849 1062 1175 1297 1072 1169  1 1 0 0 0 0 0 17 0
1.274 2 1 1 0 0.4000 0.3871 0.3688 0.3619 0.4065 0.0013 -0.000000 0.471650 -4.1800 0 4.1800 0  1117 1009 977 1058 1189 1303 1196 1163  1 1 0 0 0 0 0 14 0
1.279 2 1 1 0 0.4000 0.3846 0.3935 0.3862 0.4085 0.0013 -0.000000 0.472360 -4.1800 0 -0.6995 1  926 1004 1078 1052 1053 1295 1147 1066  1 1 0 0 0 0 0 9 1
1.284 2 1 1 0 0.4000 0.3826 0.3720 0.3935 0.4101 0.0013 -0.000000 0.471792 -4.1800 0 4.1800 0  893 994 954 1056 1055 1198 1236 1049  1 1 0 0 0 0 0 8 0
1.289 2 1 1 0 0.4000 0.3811 0.3688 0.3899 0.4122 0.0013 -0.000000 0.471382 -3.1430 1 3.2124 1  858 991 757 1044 1002 1286 1358 1033  1 1 0 0 0 0 0 9 2
1.294 2 1 1 0 0.4000 0.3799 0.4016 0.3935 0.4142 0.0013 -0.000000 0.472450 -4.1800 0 -2.2037 1  1097 1003 994 1045 1203 1301 1123 883  1 1 0 0 0 0 0 6 3
1.299 2 1 1 0 0.4000 0.3790 0.3436 0.3976 0.4162 0.0013 -0.000000 0.472862 -4.1800 0 2.3932 1  960 1003 955 1041 1113 1299 1222 909  1 1 0 0 0 0 0 1 4
1.304 2 1 1 0 0.4000 0.3769 0.3168 0.3789 0.4178 0.0013 -0.000000 0.472798 -4.1800 0 1.2557 1  874 994 1037 1050 1140 1298 1005 1119  1 1 0 0 0 0 0 2 3
1.309 2 1 1 0 0.4000 0.3767 0.3976 0.3935 0.4199 0.0013 -0.000000 0.472684 1.2282 1 4.1800 0  755 976 844 1041 1042 1271 1276 1089  1 1 0 0 0 0 0 5 0
1.314 2 1 1 0 0.4000 0.3706 0.4057 0.3651 0.4217 0.0014 0.002617 0.474796 -2.1460 1 4.1800 0  686 982 885 1029 1004 1316 1163 1017  1 1 0 0 0 0 0 6 0
1.319 2 1 1 0 0.4000 0.3766 0.4097 0.3688 0.4235 0.0014 -0.000000 0.475464 -4.1800 0 0.7935 1  1037 969 903 1029 1238 1339 1216 1012  1 1 0 0 0 0 0 5 1
1.324 2 1 1 0 0.4000 0.3799 0.3862 0.3899 0.4256 0.0014 -0.000000 0.475450 -2.2034 1 4.1800 0  783 972 769 1024 1080 1281 1084 1030  1 1 0 0 0 0 0 6 0
1.329 2 1 1 0 0.4000 0.3789 0.3688 0.3720 0.4276 0.0014 -0.000000 0.474794 -4.1800 0 4.1800 0  849 960 867 1031 1080 1210 1188 1043  1 1 0 0 0 1 0 4 0
1.334 2 1 1 0 0.3980 0.3817 0.4097 0.3497 0.4294 0.0014 -0.002617 0.475752 2.1220 1 4.1800 0  832 958 860 1033 1077 1290 1196 1177  1 1 0 0 0 0 0 5 0
1.339 2 1 1 0 0.3900 0.3900 0.3789 0.4057 0.4314 0.0013 -0.002617 0.476144 -4.1800 0 4.1800 0  888 956 817 1041 1090 1330 1184 1045  1 1 0 0 0 0 0 0 0
1.344 2 1 1 0 0.3997 0.3840 0.3298 0.3826 0.4333 0.0013 -0.000000 0.476327 1.2678 1 2.6190 1  799 956 876 1044 1054 1285 1323 855  1 1 0 0 0 0 0 4 2
1.349 2 1 1 0 0.4000 0.3740 0.3862 0.3935 0.4353 0.0013 -0.000000 0.476109 -2.8947 1 4.1800 0  847 981 759 1044 1089 1278 1292 1030  1 1 0 0 0 0 0 7 0
1.354 2 1 1 0 0.3940 0.3772 0.3753 0.3826 0.4371 0.0013 -0.002617 0.477245 -1.7937 1 4.1800 0  800 989 1034 1032 1002 1271 1114 1057  1 1 0 0 0 0 0 8 1
1.359 2 1 1 0 0.3960 0.3960 0.3976 0.3720 0.4391 0.0013 -0.002617 0.477508 -4.1800 0 1.2723 1  911 988 978 1017 1039 1262 1024 872  1 1 0 0 0 0 0 5 4
1.364 2 1 1 0 0.4000 0.3933 0.3619 0.4016 0.4410 0.0013 -0.000000 0.477343 -3.6154 1 1.9720 1  831 976 928 929 1007 1247 1106 766  1 1 0 0 0 0 0 8 7
1.369 2 1 1 0 0.4000 0.3833 0.4057 0.3976 0.4430 0.0013 -0.000000 0.477549 -4.1800 0 -2.0562 1  978 950 799 958 947 1206 1084 880  1 1 0 0 0 0 0 7 8
1.374 2 1 1 0 0.4000 0.3733 0.4179 0.3899 0.4450 0.0013 -0.000000 0.478364 -2.2138 1 1.6365 1  649 919 879 937 1020 1195 951 1004  1 1 0 0 0 0 0 6 9
1.379 2 1 1 0 0.3980 0.3698 0.3720 0.3826 0.4469 0.0013 -0.002617 0.479228 -4.1800 0 4.1800 0  919 892 761 927 1122 1192 1042 915  1 1 0 0 0 0 0 5 8
1.384 2 1 1 0 0.3999 0.3718 0.3497 0.3465 0.4487 0.0013 -0.000000 0.478879 -4.1800 0 4.1800 0  828 900 843 945 975 1190 1098 910  1 1 0 0 0 0 0 4 3
1.389 2 1 1 0 0.4000 0.3663 0.3826 0.4016 0.4507 0.0013 -0.000000 0.478295 -3.0920 1 1.5796 1  782 924 864 972 1069 1259 965 965  1 1 0 0 0 0 0 5 6
1.394 2 1 1 0 0.4000 0.3681 0.3619 0.3899 0.4527 0.0013 -0.000000 0.479172 -2.3692 1 4.1800 0  751 932 823 982 995 1170 921 986  1 1 0 0 0 0 0 7 4
1.399 2 1 1 0 0.3952 0.3746 0.4057 0.3558 0.4546 0.0013 -0.002617 0.479887 -2.0697 1 2.2800 1  719 928 763 1016 898 1097 1206 764  1 1 0 0 0 0 0 6 5
1.404 2 1 1 0 0.3972 0.3806 0.3351 0.3935 0.4564 0.0013 -0.000000 0.479535 -4.1800 0 4.1800 0  810 936 847 975 915 1169 884 921  1 1 0 0 0 0 0 5 4
1.409 2 1 1 0 0.4000 0.3706 0.3497 0.3688 0.4584 0.0013 -0.000000 0.478712 -2.2001 1 3.9803 1  656 935 657 972 904 1176 1202 936  1 1 0 0 0 0 0 6 5
1.414 2 1 1 0 0.4000 0.3664 0.3862 0.3899 0.4604 0.0013 -0.000000 0.479085 -4.1800 0 1.5344 1  890 920 843 968 1101 1221 1064 819  1 1 0 0 0 0 0 7 2
1.419 2 1 1 0 0.3960 0.3732 0.4179 0.3753 0.4623 0.0013 -0.002617 0.479771 0.9286 1 4.1800 0  828 918 837 1015 1005 1254 1059 980  1 1 0 0 0 0 0 8 3
1.424 2 1 1 0 0.3960 0.3832 0.3935 0.3753 0.4643 0.0013 -0.002617 0.479817 -4.1800 0 4.1800 0  840 918 898 984 1122 1195 1021 910  1 1 0 0 0 0 0 10 3
1.429 2 1 1 0 0.4000 0.3812 0.3899 0.3976 0.4661 0.0013 -0.000000 0.479849 -4.1800 0 4.1800 0  853 924 949 996 1138 1222 1055 941  1 1 0 0 0 0 0 7 4
1.434 2 1 1 0 0.4000 0.3912 0.3862 0.3935 0.4679 0.0013 -0.002617 0.480744 -4.1800 0 2.2247 1  863 928 889 960 1036 1171 1149 811  1 1 0 0 0 0 0 4 5
1.439 2 1 1 0 0.4000 0.3924 0.3976 0.3619 0.4700 0.0013 -0.002617 0.481363 -2.7771 1 1.2227 1  785 922 958 959 930 1178 904 777  1 1 0 0 0 0 0 5 6
1.444 2 1 1 0 0.4000 0.3901 0.3465 0.3976 0.4720 0.0013 -0.002617 0.481380 -4.1800 0 4.1800 0  820 909 853 953 957 1172 975 907  1 1 0 0 0 0 0 4 5
1.449 2 1 1 0 0.3980 0.3907 0.3935 0.3899 0.4738 0.0013 -0.005235 0.480998 -2.2386 1 2.2811 1  657 919 785 955 939 1072 1107 731  1 1 0 0 0 0 0 5 8
1.454 2 1 1 0 0.3880 0.4000 0.3688 0.3558 0.4759 0.0013 -0.005235 0.481259 -2.0155 1 2.5063 1  717 907 787 1027 914 1143 1148 847  1 1 0 0 0 0 0 6 7
1.459 2 1 1 0 0.3882 0.4000 0.3935 0.4016 0.4779 0.0013 -0.005235 0.482113 -1.9654 1 3.0077 1  619 910 738 950 937 1155 1269 920  1 1 0 0 0 0 0 5 8
1.464 2 1 1 0 0.3962 0.3940 0.3753 0.3862 0.4797 0.0013 -0.002617 0.482887 -4.1800 0 4.1680 1  803 905 806 1019 931 1185 1127 904  1 1 0 0 0 0 0 2 5
1.469 2 1 1 0 0.4000 0.3840 0.3935 0.3976 0.4817 0.0013 -0.002617 0.482444 -4.1800 0 4.1800 0  821 908 833 944 909 1152 900 912  1 1 0 0 0 0 0 0 6
1.474 2 1 1 0 0.3940 0.3860 0.4097 0.3899 0.4836 0.0013 -0.005235 0.483233 -3.4467 1 4.1800 0  787 921 740 944 931 1147 953 946  1 1 0 0 0 0 0 1 7
1.479 2 1 1 0 0.3937 0.3960 0.3826 0.4057 0.4856 0.0012 -0.005235 0.483191 -3.7039 1 2.0838 1  769 921 839 939 988 1148 1018 721  1 1 0 0 0 0 0 1 8
1.484 2 1 1 0 0.3986 0.3980 0.3586 0.4057 0.4874 0.0012 -0.002617 0.483114 -4.1800 0 0.7490 1  849 923 855 936 987 1100 932 738  1 1 0 0 0 0 0 0 11
1.489 2 1 1 0 0.4000 0.3920 0.3789 0.3826 0.4894 0.0012 -0.002617 0.482531 -4.1800 0 4.1800 0  895 916 734 939 1221 1150 959 915  1 1 0 0 0 0 0 1 10
1.494 2 1 1 0 0.4000 0.3820 0.3586 0.4016 0.4915 0.0012 -0.002617 0.482278 2.1990 1 4.1800 0  719 914 833 951 936 1170 1018 992  1 1 0 0 0 0 0 1 13
1.499 2 1 1 0 0.4000 0.3731 0.4138 0.3525 0.4935 0.0012 -0.002617 0.482511 -4.1800 0 2.2851 1  890 911 782 967 873 1051 1204 762  1 1 0 0 0 0 0 0 14
1.504 2 1 1 0 0.3920 0.3920 0.3379 0.3497 0.4953 0.0012 -0.005235 0.482276 -4.1800 0 4.1800 0  853 913 659 968 1144 1194 1018 898  1 1 0 0 0 0 0 0 13
1.509 2 1 1 0 0.3987 0.3940 0.3351 0.4016 0.4972 0.0012 -0.002617 0.480987 0.9618 1 2.7581 1  711 924 779 971 977 1215 1227 911  1 1 0 0 0 0 0 1 16
1.514 2 1 1 0 0.4000 0.3840 0.4057 0.4016 0.4992 0.0012 -0.002617 0.480674 -2.2320 1 4.1800 0  540 935 760 972 885 1251 1055 944  1 1 0 0 0 0 0 4 15
1.519 2 1 1 0 0.4000 0.3740 0.4223 0.3899 0.5012 0.0012 -0.002617 0.481330 -4.1800 0 4.1800 0  949 956 895 991 1126 1216 903 921  1 1 0 0 0 0 0 3 14
1.524 2 1 1 0 0.4000 0.3752 0.4179 0.3720 0.5032 0.0012 -0.002617 0.481424 -4.1800 0 -1.7757 1  888 956 873 1006 1032 1140 1086 898  1 1 0 0 0 0 0 0 19
1.529 2 1 1 0 0.3906 0.3852 0.3651 0.3976 0.5051 0.0012 -0.005235 0.481251 -4.1800 0 0.8264 1  955 972 919 1013 1189 1229 1067 919  1 1 0 0 0 0 0 0 20
1.534 2 1 1 0 0.3947 0.3986 0.4016 0.4057 0.5071 0.0012 -0.005235 0.480328 -2.3008 1 2.3145 1  771 969 769 1016 1021 1251 1205 819  1 1 0 0 0 0 0 2 19
1.539 2 1 1 0 0.3978 0.4000 0.3862 0.3862 0.5091 0.0012 -0.005235 0.480482 -4.1800 0 4.1800 0  892 995 955 1042 1062 1283 1155 964  1 1 0 0 0 0 0 0 19
1.544 2 1 1 0 0.4000 0.3998 0.3826 0.4097 0.5111 0.0011 -0.005235 0.479008 -4.1800 0 4.1800 0  895 1010 788 1065 1161 1311 1036 1037  1 1 0 0 0 0 0 1 19
1.549 2 1 1 0 0.4000 0.3979 0.3586 0.3720 0.5132 0.0011 -0.005235 0.478504 -2.5375 1 1.5195 1  840 1024 917 1093 1125 1316 1095 908  1 1 0 0 0 0 0 1 20
1.554 2 1 1 0 0.4000 0.3966 0.4057 0.3976 0.5152 0.0011 -0.005235 0.478582 -2.0552 1 4.1800 0  783 1027 973 1100 1143 1416 1158 1017  1 1 0 0 0 0 0 1 19
1.559 2 1 1 0 0.4000 0.3955 0.4057 0.3753 0.5172 0.0011 -0.005235 0.478811 -2.0623 1 4.1800 0  779 1023 888 1100 1126 1343 1033 1082  1 1 0 0 0 0 0 4 18
1.564 2 1 1 0 0.4000 0.3948 0.3899 0.3899 0.5193 0.0011 -0.005235 0.478890 -2.3364 1 2.2800 1  804 1002 941 1104 1096 1347 1328 764  1 1 0 0 0 0 0 5 20
1.569 2 1 1 0 0.4000 0.3968 0.4057 0.3976 0.5209 0.0011 -0.005235 0.478728 -4.1800 0 4.1800 0  875 1014 839 1119 1100 1343 1061 1009  1 1 0 0 0 0 0 6 19
1.574 2 1 1 0 0.4000 0.3959 0.3688 0.3789 0.5229 0.0011 -0.005235 0.480149 -2.0507 1 4.1800 0  682 1007 940 1116 1274 1406 1168 995  1 1 0 0 0 0 0 7 16
1.579 2 1 1 0 0.4000 0.3952 0.4097 0.4097 0.5249 0.0011 -0.005235 0.480584 -0.4043 1 2.2800 1  836 1015 886 1103 1212 1213 1322 888  1 1 0 0 0 0 0 10 17
1.584 2 1 1 0 0.4000 0.3947 0.4097 0.3619 0.5270 0.0011 -0.005235 0.480264 -4.1800 0 4.1800 0  925 1013 861 1097 1210 1330 1134 1098  1 1 0 0 0 0 0 11 14
1.589 2 1 1 0 0.4000 0.3944 0.3826 0.3935 0.5290 0.0011 -0.005235 0.479341 -4.1800 0 2.2800 1  872 1000 866 1142 1073 1350 1271 867  1 1 0 0 0 0 0 8 15
1.594 2 1 1 0 0.4000 0.3941 0.4138 0.3976 0.5310 0.0010 -0.005235 0.480011 -4.1800 0 2.2646 1  896 1005 924 1137 1170 1359 1241 877  1 1 0 0 0 0 0 7 20
1.599 2 1 1 0 0.4000 0.3940 0.4016 0.3826 0.5331 0.0010 -0.005235 0.480895 -4.1800 0 4.1800 0  860 998 950 951 1143 1285 1100 1013  1 1 0 0 0 0 0 9 18
1.604 2 1 1 0 0.4000 0.3940 0.3753 0.3899 0.5347 0.0010 -0.005235 0.480382 -4.1800 0 4.1800 0  949 1004 911 1084 1108 1374 1051 992  1 1 0 0 0 0 0 8 17
1.609 2 1 1 0 0.4000 0.3916 0.3899 0.3688 0.5367 0.0010 -0.005235 0.479788 -4.1800 0 4.1800 0  937 995 841 1088 1165 1293 1092 1016  1 1 0 0 0 0 0 7 16
1.614 2 1 1 0 0.4000 0.3921 0.4179 0.4057 0.5387 0.0010 -0.005235 0.480445 1.1332 1 4.1800 0  773 992 761 1070 1002 1292 985 1149  1 1 0 0 0 0 0 10 17
1.619 2 1 1 0 0.4000 0.3925 0.3688 0.3899 0.5408 0.0010 -0.005235 0.481332 -4.1800 0 4.1800 0  853 993 911 1080 1024 1299 1010 964  1 1 0 0 0 0 0 5 16
1.624 2 1 1 0 0.4000 0.3929 0.3862 0.4057 0.5428 0.0010 -0.005235 0.481048 -4.1800 0 4.1800 0  917 996 852 1076 1198 1291 1084 987  1 1 0 0 0 0 0 3 14
1.629 2 1 1 0 0.4000 0.3911 0.3826 0.3976 0.5444 0.0010 -0.005235 0.480890 -4.1800 0 0.6781 1  905 1057 913 1078 1152 1177 1127 943  1 1 0 0 0 0 0 2 15
1.634 2 1 1 0 0.4000 0.3959 0.4268 0.3651 0.5464 0.0010 -0.005235 0.480834 -4.1800 0 0.5465 1  1013 999 1003 1066 1169 1287 1073 940  1 1 0 0 0 0 0 0 18
1.639 2 1 1 0 0.4000 0.3957 0.4097 0.3976 0.5485 0.0009 -0.005235 0.481634 -0.4920 1 4.1800 0  856 998 896 1120 1068 1307 1295 1062  1 1 0 0 0 0 0 1 17
1.644 2 1 1 0 0.4000 0.3943 0.3826 0.4016 0.5505 0.0009 -0.005235 0.481695 -4.1800 0 4.1800 0  866 998 920 1067 1110 1298 1062 948  1 1 0 0 0 0 0 1 16
1.649 2 1 1 0 0.4000 0.3945 0.3899 0.3935 0.5525 0.0009 -0.005235 0.480716 -2.0745 1 4.1800 0  804 999 898 1074 1122 1394 1039 989  1 1 0 0 0 0 0 6 19
1.654 2 1 1 0 0.4000 0.3948 0.4057 0.3935 0.5546 0.0009 -0.005235 0.480930 0.2305 1 2.2800 1  837 1000 904 1060 1157 1359 1297 921  1 1 0 0 0 0 0 9 20
1.659 2 1 1 0 0.4000 0.3950 0.4097 0.4057 0.5566 0.0009 -0.005235 0.481416 -3.6544 1 2.1513 1  858 1002 830 1092 1063 1334 1162 903  1 1 0 0 0 0 0 8 20
1.664 2 1 1 0 0.4000 0.3850 0.3789 0.3720 0.5584 0.0009 -0.002617 0.481677 -4.1800 0 4.1800 0  872 1019 1052 1065 1192 1280 928 931  1 1 0 0 0 0 0 7 19
1.669 2 1 1 0 0.4000 0.3750 0.3436 0.3976 0.5604 0.0009 -0.002617 0.480955 -4.1800 0 2.1001 1  1028 1030 866 1086 1192 1247 1256 787  1 1 0 0 0 0 0 2 20
1.674 2 1 1 0 0.4000 0.3722 0.3651 0.3899 0.5621 0.0009 -0.002617 0.481945 -4.1800 0 1.5585 1  913 1032 1037 1087 1242 1287 1096 775  1 1 0 0 0 0 0 1 20
1.679 2 1 1 0 0.3960 0.3769 0.3899 0.3651 0.5641 0.0009 -0.002617 0.482728 -4.1800 0 1.0130 1  1078 1034 1014 1096 1286 1291 1122 791  1 1 0 0 0 0 0 1 19
1.684 2 1 1 0 0.4000 0.3737 0.3976 0.3899 0.5661 0.0009 -0.002617 0.482635 -2.1439 1 2.4220 1  892 1054 880 1087 1117 1324 1344 970  1 1 0 0 0 0 0 1 20
1.689 2 1 1 0 0.3920 0.3824 0.3935 0.4016 0.5679 0.0009 -0.005235 0.482632 -3.8489 1 1.5979 1  882 1051 801 1088 1060 1300 1090 926  1 1 0 0 0 0 0 1 20
1.694 2 1 1 0 0.3920 0.3880 0.4057 0.3899 0.5700 0.0009 -0.005235 0.483206 -4.1800 0 0.7600 1  971 1057 981 1091 1248 1185 1104 922  1 1 0 0 0 0 0 0 20
1.699 2 1 1 0 0.3958 0.3900 0.3688 0.3935 0.5718 0.0009 -0.002617 0.483689 -2.1331 1 0.5158 1  798 1051 1020 1082 1146 1202 1164 926  1 1 0 0 0 0 0 1 20
1.704 2 1 1 0 0.3978 0.3880 0.3862 0.3826 0.5738 0.0008 -0.002617 0.483966 -4.1800 0 0.9353 1  892 1010 888 943 1124 1192 1103 916  1 1 0 0 0 0 0 0 20
1.709 2 1 1 0 0.3940 0.3900 0.3753 0.3651 0.5757 0.0008 -0.005235 0.483908 -3.0651 1 4.1800 0  829 973 781 1054 1164 1245 1017 981  1 1 0 0 0 0 0 3 19
1.714 2 1 1 0 0.3927 0.4000 0.4138 0.4057 0.5777 0.0008 -0.005235 0.484219 -4.1800 0 -2.0425 1  926 958 866 1038 996 1247 1093 905  1 1 0 0 0 0 0 2 20
1.719 2 1 1 0 0.3951 0.4000 0.3619 0.3976 0.5797 0.0008 -0.005235 0.485140 -4.1800 0 4.1800 0  927 976 947 1037 1151 1256 1034 989  1 1 0 0 0 0 0 1 16
1.724 2 1 1 0 0.4000 0.3920 0.3270 0.4016 0.5815 0.0008 -0.002617 0.484940 -2.6455 1 4.1800 0  813 983 860 1052 1084 1271 1028 970  1 1 0 0 0 0 0 1 18
1.729 2 1 1 0 0.4000 0.3820 0.3899 0.3651 0.5836 0.0008 -0.002617 0.484654 -2.2510 1 1.3521 1  840 1040 893 1089 1224 1338 1081 972  1 1 0 0 0 0 0 4 20
1.734 2 1 1 0 0.4000 0.3767 0.4223 0.3935 0.5856 0.0008 -0.002617 0.484756 -2.1770 1 2.1723 1  708 990 900 1056 1056 1334 1137 832  1 1 0 0 0 0 0 5 20
1.739 2 1 1 0 0.3900 0.3867 0.4097 0.3935 0.5874 0.0008 -0.005235 0.485560 -2.1718 1 1.4668 1  809 981 931 1034 1028 1267 1102 895  1 1 0 0 0 0 0 4 20
1.744 2 1 1 0 0.3915 0.3967 0.3753 0.4016 0.5894 0.0008 -0.005235 0.485330 -4.1800 0 1.3335 1  916 979 907 1051 1204 1301 1036 902  1 1 0 0 0 0 0 3 20
1.749 2 1 1 0 0.4000 0.3867 0.3298 0.4057 0.5913 0.0008 -0.002617 0.484986 -3.6303 1 2.1846 1  833 988 1065 911 1075 1226 1249 666  1 1 0 0 0 0 0 4 20
1.754 2 1 1 0 0.4000 0.3767 0.3899 0.3862 0.5933 0.0008 -0.002617 0.485432 -4.1800 0 1.4208 1  873 981 817 1024 1061 1234 1081 894  1 1 0 0 0 0 0 5 20
1.759 2 1 1 0 0.4000 0.3794 0.4138 0.3899 0.5953 0.0008 -0.002617 0.486179 -4.1800 0 2.2862 1  854 956 804 1083 1102 1272 1222 843  1 1 0 0 0 0 0 0 20
1.764 2 1 1 0 0.3940 0.3863 0.3899 0.3899 0.5972 0.0008 -0.005235 0.486720 -2.2359 1 4.1800 0  614 958 830 1015 983 1269 1102 956  1 1 0 0 0 0 0 1 19
1.769 2 1 1 0 0.4000 0.3796 0.3862 0.3899 0.5990 0.0008 -0.002617 0.486229 -4.1800 0 1.2316 1  946 968 942 1005 951 1219 903 873  1 1 0 0 0 0 0 0 20
1.774 2 1 1 0 0.4000 0.3818 0.3586 0.3899 0.6010 0.0007 -0.002617 0.486919 -4.1800 0 1.4034 1  908 963 885 1011 1145 1297 1055 879  1 1 0 0 0 0 0 1 20
1.779 2 1 1 0 0.4000 0.3834 0.4097 0.3651 0.6030 0.0007 -0.002617 0.487322 -4.1800 0 1.9772 1  859 965 879 1076 1150 1275 1132 841  1 1 0 0 0 0 0 0 20
1.784 2 1 1 0 0.3960 0.3883 0.4097 0.3497 0.6049 0.0007 -0.005235 0.487535 -4.1800 0 0.9605 1  896 968 977 1019 1230 1220 1026 894  1 1 0 0 0 0 0 0 20
1.789 2 1 1 0 0.3860 0.3983 0.3899 0.3935 0.6069 0.0007 -0.005235 0.486584 -4.1800 0 1.7024 1  871 961 977 855 1081 1217 1079 821  1 1 0 0 0 0 0 0 20
1.794 2 1 1 0 0.3960 0.3883 0.3789 0.4057 0.6087 0.0007 -0.002617 0.487459 -4.1800 0 4.1800 0  899 956 867 1011 1197 1117 1053 970  1 1 0 0 0 0 0 0 18
1.799 2 1 1 0 0.4000 0.3811 0.3789 0.3899 0.6107 0.0007 -0.002617 0.488186 -4.1800 0 4.1800 0  894 956 804 1006 1124 1226 1112 944  1 1 0 0 0 0 0 0 15
1.804 2 1 1 0 0.3980 0.3832 0.4057 0.3826 0.6126 0.0007 -0.005235 0.488674 -2.0846 1 4.1800 0  687 948 796 1009 1121 1226 1107 997  1 1 0 0 0 0 0 1 16
1.809 2 1 1 0 0.3880 0.3932 0.3753 0.3753 0.6146 0.0007 -0.005235 0.488615 -4.1800 0 1.6140 1  855 949 789 1008 1099 1241 1051 880  1 1 0 0 0 0 0 1 17
1.814 2 1 1 0 0.3893 0.4000 0.4016 0.4057 0.6166 0.0007 -0.005235 0.488369 0.0748 1 4.1800 0  793 943 789 1007 1095 1223 1102 1035  1 1 0 0 0 0 0 2 16
1.819 2 1 1 0 0.3922 0.4000 0.3688 0.4138 0.6187 0.0007 -0.005235 0.488920 -4.1800 0 4.1800 0  889 932 869 997 1094 1158 1063 962  1 1 0 0 0 0 0 0 17
1.824 2 1 1 0 0.3944 0.4000 0.3899 0.4097 0.6207 0.0007 -0.005235 0.489277 -1.6216 1 1.5070 1  784 929 967 986 1004 1322 1076 938  1 1 0 0 0 0 0 1 16
1.829 2 1 1 0 0.4000 0.3940 0.3935 0.3753 0.6225 0.0007 -0.002617 0.489056 -4.1800 0 4.1800 0  918 932 854 1029 1154 1305 1068 994  1 1 0 0 0 0 0 0 15
1.834 2 1 1 0 0.4000 0.3840 0.4138 0.4057 0.6245 0.0007 -0.002617 0.488393 -3.3577 1 2.0438 1  774 947 856 991 940 1214 1020 704  1 1 0 0 0 0 0 1 18
1.839 2 1 1 0 0.4000 0.3769 0.3976 0.3935 0.6266 0.0006 -0.002617 0.488894 -4.1800 0 4.1800 0  842 968 922 1002 906 1223 1025 1004  1 1 0 0 0 0 0 0 19
1.844 2 1 1 0 0.4000 0.3798 0.3935 0.4016 0.6286 0.0006 -0.002617 0.488770 -4.1800 0 1.8783 1  937 963 824 1000 1029 1229 1096 754  1 1 0 0 0 0 0 0 18
1.849 2 1 1 0 0.4000 0.3773 0.3323 0.4057 0.6304 0.0006 -0.000000 0.488408 -3.2418 0 4.1800 0  809 958 869 1005 1102 1176 1139 887  1 1 0 0 0 1 0 1 14
1.854 2 1 1 0 0.4000 0.3673 0.3899 0.4016 0.6324 0.0006 -0.000000 0.488479 -2.3592 1 1.5250 1  750 949 835 986 957 1213 1006 817  1 1 0 0 0 0 0 2 17
1.859 2 1 1 0 0.4000 0.3773 0.4097 0.3899 0.6343 0.0006 -0.002617 0.488831 -4.1800 0 2.1057 1  818 962 806 983 944 1249 1025 619  1 1 0 0 0 0 0 3 16
1.864 2 1 1 0 0.4000 0.3873 0.4057 0.3753 0.6363 0.0006 -0.002617 0.488432 -4.1800 0 1.2161 1  868 974 936 997 1122 1198 984 867  1 1 0 0 0 0 0 0 19
1.869 2 1 1 0 0.4000 0.3918 0.3436 0.4016 0.6383 0.0006 -0.002617 0.488157 -2.2800 1 4.1800 0  667 967 841 1004 985 1226 1075 934  1 1 0 0 0 0 0 1 18
1.874 2 1 1 0 0.4000 0.3915 0.3862 0.3688 0.6404 0.0006 -0.002617 0.488242 -4.1800 0 0.6717 1  949 957 810 1038 1169 1133 1046 908  1 1 0 0 0 0 0 1 16
1.879 2 1 1 0 0.4000 0.3913 0.3976 0.3976 0.6424 0.0006 -0.002617 0.488682 -4.1800 0 1.0065 1  946 937 914 873 1133 1193 1072 772  1 1 0 0 0 0 0 0 19
1.884 2 1 1 0 0.3940 0.3973 0.4268 0.3862 0.6442 0.0006 -0.005235 0.489210 -1.8894 0 1.9923 0  838 931 826 1016 1008 1241 1085 870  1 1 0 0 0 1 0 1 20
1.889 2 1 1 0 0.3880 0.3980 0.3789 0.3976 0.6460 0.0006 -0.002617 0.487489 -4.1800 0 2.3040 1  856 917 801 1049 1106 1246 1180 845  1 1 0 0 0 0 0 0 20
1.894 2 1 1 0 0.3980 0.3880 0.4097 0.4057 0.6481 0.0006 -0.002617 0.487522 -4.1800 0 0.6759 1  1083 921 695 972 1161 1200 1001 894  1 1 0 0 0 0 0 0 20
1.899 2 1 1 0 0.4000 0.3852 0.3976 0.4057 0.6501 0.0006 -0.002617 0.488295 -4.1800 0 1.3098 1  845 916 888 982 1176 1210 954 744  1 1 0 0 0 0 0 0 20
1.904 2 1 1 0 0.4000 0.3865 0.4057 0.3976 0.6521 0.0006 -0.002617 0.488604 -3.2610 1 4.1800 0  744 922 613 986 955 1213 1066 866  1 1 0 0 0 0 0 3 19
1.909 2 1 1 0 0.3900 0.3965 0.3935 0.4016 0.6539 0.0006 -0.005235 0.488084 -2.3661 1 4.1800 0  786 934 731 993 943 1222 909 1029  1 1 0 0 0 0 0 1 19
1.914 2 1 1 0 0.3850 0.4000 0.3586 0.3899 0.6560 0.0006 -0.005235 0.487559 -4.1800 0 1.2102 1  883 946 881 991 1019 1231 1047 900  1 1 0 0 0 0 0 0 20
1.919 2 1 1 0 0.3885 0.4000 0.3899 0.4057 0.6580 0.0005 -0.005235 0.487772 -4.1800 0 4.1800 0  813 940 807 982 1042 1188 1059 942  1 1 0 0 0 0 0 0 18
1.924 2 1 1 0 0.3913 0.4000 0.4057 0.3688 0.6600 0.0005 -0.005235 0.488075 -2.2233 1 4.1800 0  611 952 821 982 992 1231 983 958  1 1 0 0 0 0 0 1 19
1.929 2 1 1 0 0.3934 0.4000 0.4097 0.3976 0.6621 0.0005 -0.005235 0.488292 -4.1800 0 1.4341 1  821 959 916 996 1009 1235 984 819  1 1 0 0 0 0 0 0 20
1.934 2 1 1 0 0.3949 0.4000 0.3753 0.3935 0.6641 0.0005 -0.005235 0.488362 -4.1800 0 2.2311 1  893 963 919 994 1055 1231 1186 801  1 1 0 0 0 0 0 0 20
1.939 2 1 1 0 0.3961 0.4000 0.4097 0.4057 0.6661 0.0005 -0.005235 0.488018 -1.6550 1 -0.7306 1  896 978 1061 1011 1026 1233 1170 897  1 1 0 0 0 0 0 1 20
1.944 2 1 1 0 0.3927 0.4000 0.3826 0.4016 0.6679 0.0005 -0.007852 0.487782 -2.3262 1 4.1800 0  744 983 803 1017 939 1243 993 921  1 1 0 0 0 0 0 1 19
1.949 2 1 1 0 0.3827 0.4000 0.4097 0.4016 0.6700 0.0005 -0.007852 0.487316 -1.9247 1 4.1800 0  838 983 840 1020 1084 1293 1237 1024  1 1 0 0 0 0 0 2 18
1.954 2 1 1 0 0.3727 0.4000 0.3651 0.4016 0.6720 0.0005 -0.007852 0.487709 -2.2800 1 4.1800 0  706 997 868 1029 977 1250 1118 963  1 1 0 0 0 0 0 5 15
1.959 2 1 1 0 0.3788 0.3960 0.3436 0.4057 0.6738 0.0005 -0.005235 0.488264 -4.1800 0 4.1800 0  885 991 950 1079 1121 1274 1037 1036  1 1 0 0 0 0 0 4 12
1.964 2 1 1 0 0.3808 0.3940 0.4016 0.3753 0.6756 0.0004 -0.007852 0.488503 -2.0324 1 4.1800 0  844 995 868 1035 1037 1253 1193 1020  1 1 0 0 0 0 0 5 9
1.969 2 1 1 0 0.3774 0.4000 0.3753 0.3976 0.6777 0.0004 -0.007852 0.488166 -4.1800 0 1.2461 1  930 991 974 1043 963 1254 998 818  1 1 0 0 0 0 0 4 8
1.974 2 1 1 0 0.3803 0.4000 0.4097 0.3619 0.6797 0.0004 -0.007852 0.488189 -4.1800 0 1.1703 1  977 990 939 1049 1082 1256 966 934  1 1 0 0 0 0 0 3 7
1.979 2 1 1 0 0.3825 0.4000 0.3753 0.4057 0.6817 0.0004 -0.007852 0.488181 -4.1800 0 0.9082 1  917 979 1077 1058 1243 1263 1041 869  1 1 0 0 0 0 0 4 8
1.984 2 1 1 0 0.3842 0.4000 0.3862 0.3826 0.6838 0.0004 -0.007852 0.488883 -4.1800 0 4.1800 0  864 992 860 1060 1032 1270 1071 1034  1 1 0 0 0 0 0 5 3
1.989 2 1 1 0 0.3854 0.4000 0.3619 0.4057 0.6858 0.0004 -0.007852 0.489182 -4.1800 0 4.1800 0  875 993 847 1068 1032 1365 1095 1010  1 1 0 0 0 0 0 2 2
1.994 2 1 1 0 0.3754 0.4000 0.4057 0.4097 0.6876 0.0003 -0.010469 0.489256 -2.1655 1 4.1800 0  690 1000 900 1067 1186 1337 1120 970  1 1 0 0 0 0 0 4 0
1.999 2 1 1 0 0.3654 0.4000 0.3651 0.4138 0.6896 0.0003 -0.010469 0.488745 -4.1800 0 2.2512 1  866 1012 875 1073 1050 1225 1184 854  1 1 0 0 0 0 0 3 2
2.004 2 1 1 0 0.3638 0.4000 0.3976 0.4016 0.6917 0.0003 -0.010469 0.488499 -4.1800 0 1.4566 1  918 1012 927 1150 1128 1346 1122 918  1 1 0 0 0 0 0 2 5
2.009 2 1 1 0 0.3738 0.3976 0.3753 0.4057 0.6935 0.0003 -0.007852 0.488466 -2.0500 1 4.1800 0  838 1030 884 1094 1126 1312 1097 1070  1 1 0 0 0 0 0 1 4
2.014 2 1 1 0 0.3838 0.3976 0.4057 0.4057 0.6955 0.0003 -0.007852 0.488837 -4.1800 0 0.8117 1  1008 1036 864 1093 1172 1315 1093 880  1 1 0 0 0 0 0 0 5
2.019 2 1 1 0 0.3938 0.4000 0.3976 0.3826 0.6976 0.0003 -0.007852 0.488977 -4.1800 0 2.2800 1  898 1042 932 1098 1132 1317 1242 883  1 1 0 0 0 0 0 0 6
2.024 2 1 1 0 0.4000 0.3900 0.4138 0.3935 0.6994 0.0002 -0.005235 0.488952 -2.1722 1 4.1800 0  642 997 840 1071 1080 1376 1127 1029  1 1 0 0 0 0 0 3 9
2.029 2 1 1 0 0.3980 0.3880 0.4138 0.3899 0.7016 0.0002 -0.007852 0.487940 -4.1800 0 1.0782 1  985 1015 1018 1072 1269 1276 1030 947  1 1 0 0 0 0 0 0 14
2.034 2 1 1 0 0.3880 0.3980 0.3862 0.3976 0.7036 0.0002 -0.007852 0.487614 -4.1800 0 2.1762 1  927 1002 798 1050 1126 1262 1203 818  1 1 0 0 0 0 0 0 17
2.039 2 1 1 0 0.3860 0.4000 0.3379 0.3976 0.7053 0.0002 -0.007852 0.487493 -4.1800 0 2.2800 1  867 998 773 1050 1003 1220 1187 763  1 1 0 0 0 0 0 0 18
2.044 2 1 1 0 0.3884 0.4000 0.3789 0.3826 0.7073 0.0002 -0.007852 0.487863 -4.1800 0 4.1800 0  902 1004 928 1059 1083 1275 937 916  1 1 0 0 0 0 0 0 15
2.049 2 1 1 0 0.3921 0.3960 0.3862 0.3862 0.7091 0.0002 -0.005235 0.487819 -2.2062 1 1.2381 1  835 1011 941 1073 1167 1280 1129 906  1 1 0 0 0 0 0 3 18
2.054 8 1 2 0 0.3961 0.3860 0.3720 0.3826 0.7111 0.0002 -0.005235 0.488091 -2.1571 1 1.6335 1  735 1022 911 1089 1201 1387 1062 916  1 1 0 0 0 0 0 8 17
2.059 8 1 2 0 0.3861 0.3840 0.3862 0.4057 0.7130 0.0001 -0.007852 0.488348 -4.1800 0 0.7760 1  1044 1013 1060 997 1255 1279 1078 965  1 1 0 0 0 0 0 3 16
2.064 8 1 2 0 0.3761 0.3840 0.4057 0.3826 0.7150 0.0001 -0.007852 0.488253 -4.1800 0 1.3668 1  871 1017 995 1079 1001 1288 1031 824  1 1 0 0 0 0 0 2 17
2.069 8 1 2 0 0.3661 0.3760 0.3899 0.3525 0.7170 0.0001 -0.007852 0.487735 -4.1800 0 4.1800 0  1029 1017 939 1082 1222 1288 917 949  1 1 0 0 0 0 0 1 16
2.074 8 1 2 0 0.3561 0.3660 0.4016 0.3465 0.7186 0.0001 -0.007852 0.488515 -4.1800 0 -1.9596 1  1019 1018 925 1084 1118 1282 1131 859  1 1 0 0 0 0 0 0 17
2.079 8 1 2 0 0.3461 0.3560 0.3497 0.3720 0.7207 0.0001 -0.007852 0.489364 -4.1800 0 4.1800 0  906 1016 991 1079 1029 1284 1027 984  1 1 0 0 0 0 0 1 18
2.084 8 1 2 0 0.3361 0.3480 0.3270 0.3619 0.7223 0.0001 -0.007852 0.490219 -4.1800 0 2.2800 1  903 1022 865 1083 1027 1160 1254 860  1 1 0 0 0 0 0 0 19
2.089 8 1 2 0 0.3261 0.3400 0.3619 0.3651 0.7241 0.0001 -0.010469 0.491060 -4.1800 0 1.1761 1  955 1024 910 1086 1024 1293 1067 930  1 1 0 0 0 0 0 1 20
2.094 8 1 2 0 0.3161 0.3300 0.3558 0.3558 0.7260 0.0000 -0.007852 0.491682 -4.1800 0 1.3290 1  935 1029 930 1083 1038 1302 1049 941  1 1 0 0 0 0 0 0 19
2.099 8 1 2 0 0.3061 0.3220 0.3465 0.3193 0.7276 0.0000 -0.007852 0.492253 -4.1800 0 2.3587 1  907 1032 860 1096 1065 1309 1199 936  1 1 0 0 0 0 0 2 20
2.104 8 1 2 0 0.2981 0.3120 0.3436 0.3047 0.7292 0.0000 -0.007852 0.493174 -2.6273 1 4.1800 0  863 1040 879 1097 1103 1315 1135 963  1 1 0 0 0 0 0 3 18
2.109 8 1 2 0 0.2881 0.3020 0.3558 0.3245 0.7308 0.0000 -0.007852 0.494292 -1.5957 1 -0.7217 1  880 1046 1176 1108 1148 1316 1219 969  1 1 0 0 0 0 0 6 20
2.114 8 1 2 0 0.2781 0.2960 0.3379 0.3323 0.7324 -0.0000 -0.007852 0.495189 -4.1800 0 4.1800 0  941 1050 905 1106 1136 1329 1120 1001  1 1 0 0 0 0 0 1 18
2.119 8 1 2 0 0.2701 0.2900 0.3270 0.3047 0.7341 -0.0000 -0.007852 0.496147 -4.1800 0 1.1970 1  927 1053 1006 1122 1169 1335 1159 990  1 1 0 0 0 0 0 0 20
2.124 8 1 2 0 0.2661 0.2840 0.3120 0.3047 0.7357 -0.0000 -0.007852 0.497091 -4.1800 0 -0.6690 1  992 1058 1135 1126 1115 1350 1310 1039  1 1 0 0 0 0 0 0 20
2.129 8 1 2 0 0.2621 0.2780 0.3270 0.3047 0.7371 -0.0001 -0.010469 0.498414 -4.1800 0 2.1327 1  957 1062 982 1124 1134 1386 1257 941  1 1 0 0 0 0 0 0 20
2.134 8 1 2 0 0.2541 0.2760 0.3144 0.3120 0.7387 -0.0001 -0.010469 0.499516 -2.2438 1 3.7595 1  671 1067 936 1116 1163 1347 1292 996  1 1 0 0 0 0 0 3 20
2.139 8 1 2 0 0.2521 0.2680 0.2738 0.3270 0.7401 -0.0001 -0.007852 0.500495 -2.8592 1 1.3029 1  906 1070 1020 1118 1106 1354 1143 988  1 1 0 0 0 0 0 6 20
2.144 8 1 2 0 0.2501 0.2501 0.2580 0.3047 0.7418 -0.0001 -0.007852 0.501351 -2.2800 1 4.1800 0  765 1070 968 1123 1160 1354 1171 993  1 1 0 0 0 0 0 8 19
2.149 8 1 2 0 0.2401 0.2401 0.2897 0.2686 0.7430 -0.0001 -0.007852 0.502069 -2.2007 1 2.8883 1  766 1073 955 1136 1082 1355 1313 991  1 1 0 0 0 0 0 5 20
2.154 8 1 2 0 0.2301 0.2301 0.2957 0.2471 0.7446 -0.0001 -0.007852 0.502901 -1.9194 1 -0.5044 1  849 1073 1077 1136 1170 1353 1235 1005  1 1 0 0 0 0 0 4 20
