%% logfile from robot Ella (8)
% Ella (8)
%  1    time 0.000 sec
%  2  3  4  5   (mission 0), state 2, entered (thread 1, line 0), events 0x0 (bit-flags)
%  6  7 Motor velocity ref left, right: 0.0000 -0.0020
%  8  9 Wheel velocity [m/s] left, right: -0.0004 -0.0000
% 10 11 12 13 Pose x,y,h,tilt [m,m,rad,rad]: 0 0 0 0.473245
% 14 .. 34 Line sensor: left -0.782761 0, right 4.180000 0, values 845 1000 908 1068 1097 1282 1149 932, white 1, used 1, LEDhigh=0, xb=0 xw=0 xbc=0 xwc=0 lvl=20 lvr=8
0.005 2 1 0 0 -0.0040 -0.0040 -0.0004 -0.0000 0.0000 0.0000 0.000000 0.473363 -1.9405 0 1.6516 0  841 1003 923 1059 1093 1279 1168 917  1 1 0 0 0 0 0 20 9
0.010 2 1 0 0 -0.0140 0.0000 -0.0004 -0.0000 0.0000 0.0000 0.000000 0.473487 -1.5587 1 -0.7268 1  837 980 1065 1057 1090 1277 1152 964  1 1 0 0 0 0 0 20 10
0.015 2 1 0 0 -0.0240 0.0000 -0.0004 -0.0000 0.0000 0.0000 0.000000 0.473603 -4.1800 0 2.1736 0  886 991 857 1058 1096 1352 1130 958  1 1 0 0 0 0 0 19 12
0.020 2 1 0 0 -0.0340 0.0000 -0.0000 -0.0000 0.0000 0.0000 0.000000 0.473723 -2.2800 1 1.4480 1  763 1097 896 1090 1071 1313 1106 931  1 1 0 0 0 0 0 20 13
0.025 2 1 0 0 -0.0440 0.0000 -0.0000 -0.0000 0.0000 0.0000 0.000000 0.473843 -2.2800 0 1.3817 0  761 980 920 1045 1041 1330 1108 936  1 1 0 0 0 0 0 20 14
0.030 2 1 0 0 -0.0540 0.0000 -0.0000 -0.0000 -0.0002 -0.0000 0.002617 0.473948 -4.1800 0 0.7802 0  865 997 914 1061 1177 1317 1157 965  1 1 0 0 0 0 0 16 18
0.035 2 1 0 0 -0.0640 0.0000 -0.0000 -0.0000 -0.0002 -0.0000 0.002617 0.474380 -2.1797 1 4.1800 0  748 991 934 1108 1059 1310 1155 975  1 1 0 0 0 0 0 17 17
0.040 2 1 0 0 -0.0740 0.0000 -0.0000 -0.0000 -0.0002 -0.0000 0.002617 0.475284 -2.7325 0 2.1918 0  753 995 870 952 1064 1266 1154 809  1 1 0 0 0 0 0 19 19
0.045 2 1 0 0 -0.0840 0.0000 -0.0247 -0.0000 -0.0004 -0.0000 0.005235 0.475855 -2.3770 1 1.5974 1  838 1088 1024 1098 1107 1350 1161 884  1 1 0 0 0 0 0 20 20
0.050 2 1 0 0 -0.0940 0.0000 -0.0247 -0.0000 -0.0004 -0.0000 0.005235 0.476317 -2.3770 0 1.5974 0  821 990 884 943 1075 1270 1155 826  1 1 0 0 0 0 0 20 20
0.055 2 1 1 0 -0.0840 0.0000 -0.0418 -0.0000 -0.0006 -0.0000 0.007852 0.477141 -4.1800 0 2.0427 1  892 984 945 1066 1200 1140 1175 889  1 1 0 0 0 0 0 19 20
0.060 2 1 1 0 -0.0740 0.0000 -0.0418 -0.0000 -0.0006 -0.0000 0.007852 0.477962 -4.1800 0 -2.1482 1  994 998 924 1060 1075 1238 1119 924  1 1 0 0 0 0 0 15 20
0.065 2 1 1 0 -0.0640 0.0000 -0.0361 -0.0000 -0.0006 -0.0000 0.007852 0.478581 -4.1800 0 -2.1482 0  732 995 879 1063 1040 1156 1160 932  1 1 0 0 0 0 0 15 20
0.070 2 1 1 0 -0.0540 0.0000 -0.0247 -0.0000 -0.0006 -0.0000 0.007852 0.478500 -4.1800 0 -2.1482 0  798 1045 901 1086 1033 1240 1125 913  1 1 0 0 0 0 0 15 20
0.075 2 1 1 0 -0.0440 0.0000 -0.0191 -0.0000 -0.0008 -0.0000 0.010469 0.477881 -2.2662 0 4.1800 0  809 983 880 1057 1032 1238 1124 927  1 1 0 0 0 0 0 17 19
0.080 2 1 1 0 -0.0340 0.0000 -0.0191 -0.0000 -0.0008 -0.0000 0.010469 0.477660 -4.1800 0 2.2800 1  856 983 961 1063 1107 1276 1276 832  1 1 0 0 0 0 0 16 20
0.085 2 1 1 0 -0.0240 0.0000 -0.0191 -0.0000 -0.0008 -0.0000 0.010469 0.477791 -2.4911 1 1.2444 1  847 994 1001 948 1104 1262 1133 913  1 1 0 0 0 0 0 16 20
0.090 2 1 1 0 -0.0140 0.0000 -0.0191 -0.0000 -0.0008 -0.0000 0.010469 0.477731 -2.4911 0 1.2444 0  847 985 912 1065 1097 1279 1157 935  1 1 0 0 0 0 0 16 20
0.095 2 1 1 0 -0.0040 0.0000 -0.0191 -0.0000 -0.0008 -0.0000 0.010469 0.477234 -2.4911 0 1.2444 0  845 998 938 952 1082 1248 1076 911  1 1 0 0 0 0 0 16 20
0.100 2 1 1 0 0.0060 0.0000 -0.0158 -0.0000 -0.0008 -0.0000 0.010469 0.476614 -4.1800 0 2.2653 1  862 985 1014 1072 1113 1285 1282 816  1 1 0 0 0 0 0 14 20
0.105 2 1 1 0 0.0160 0.0000 -0.0134 -0.0000 -0.0008 -0.0000 0.010469 0.476214 -2.2281 0 4.1800 0  809 984 914 1066 1093 1283 1108 902  1 1 0 0 0 0 0 13 19
0.110 2 1 1 0 0.0260 0.0100 -0.0114 -0.0000 -0.0008 -0.0000 0.010469 0.476098 0.7904 1 4.1800 0  851 994 903 1065 1056 1337 1048 1071  1 1 0 0 0 0 0 16 16
0.115 2 1 1 0 0.0260 0.0200 0.0114 -0.0000 -0.0006 -0.0000 0.007852 0.476090 -1.7457 1 3.0761 1  875 996 1064 979 1119 1258 1344 1033  1 1 0 0 0 0 0 17 19
0.120 2 1 1 0 0.0280 0.0300 0.0434 -0.0000 -0.0004 -0.0000 0.005235 0.475998 -2.2713 1 4.1800 0  678 1013 897 1059 1063 1309 1073 982  1 1 0 0 0 0 0 16 18
0.125 2 1 1 0 0.0280 0.0400 0.0434 -0.0000 -0.0004 -0.0000 0.005235 0.475875 -2.2800 0 4.1800 0  787 1009 889 1048 1039 1133 1120 925  1 1 0 0 0 0 0 17 17
0.130 2 1 1 0 0.0300 0.0500 0.0381 -0.0000 -0.0004 -0.0000 0.005235 0.475589 -4.1800 0 0.6069 0  984 984 924 1073 1216 1286 1146 974  1 1 0 0 0 0 0 15 19
0.135 2 1 1 0 0.0400 0.0600 0.0260 -0.0000 -0.0004 -0.0000 0.005235 0.475352 -4.1800 0 0.0703 1  852 985 996 1075 1084 1217 1089 856  1 1 0 0 0 0 0 14 16
0.140 2 1 1 0 0.0500 0.0640 0.0195 0.0000 -0.0002 0.0000 0.007852 0.475492 -2.4507 1 1.8567 1  794 1054 866 1133 1036 1371 1116 810  1 1 0 0 0 0 0 17 15
0.145 2 1 1 0 0.0600 0.0640 0.0158 0.0000 -0.0002 0.0000 0.007852 0.475176 -4.1800 0 -0.2437 0  902 986 961 1074 1180 1353 1119 1053  1 1 0 0 0 0 0 17 15
0.150 2 1 1 0 0.0700 0.0660 0.0130 0.0000 -0.0002 0.0000 0.007852 0.474740 -4.1800 0 1.9637 0  812 1001 921 1164 1045 1336 1130 1048  1 1 0 0 0 0 0 16 16
0.155 2 1 1 0 0.0720 0.0760 0.0126 0.0000 -0.0000 0.0000 0.005235 0.474334 -2.5594 0 2.2221 0  897 1003 947 1001 1054 1295 1130 901  1 1 0 0 0 0 0 17 17
0.160 2 1 1 0 0.0800 0.0780 0.0126 0.0211 0.0002 0.0000 0.007852 0.473917 -1.6017 0 -0.3570 0  849 991 870 1097 1050 1316 1117 962  1 1 0 0 0 0 0 18 18
0.165 2 1 1 0 0.0900 0.0840 0.0126 0.0211 0.0002 0.0000 0.007852 0.473381 -2.0615 1 -0.7507 1  865 1050 1043 1031 1081 1248 1121 994  1 1 0 0 0 0 0 20 18
0.170 2 1 1 0 0.1000 0.0920 0.0231 0.0377 0.0006 0.0000 0.007852 0.472689 -2.2248 1 4.1800 0  819 1025 1014 944 1079 1282 1123 1072  1 1 0 0 0 0 0 20 19
0.175 2 1 1 0 0.1100 0.1020 0.0231 0.0377 0.0006 0.0000 0.007852 0.471927 -4.1800 0 2.0349 0  835 996 849 1090 1063 1204 1151 908  1 1 0 0 0 0 0 19 20
0.180 2 1 1 0 0.1200 0.1080 0.0414 0.0446 0.0010 0.0000 0.007852 0.471322 -1.3990 0 4.1800 0  825 995 915 1002 1067 1308 1157 889  1 1 0 0 0 0 0 20 18
0.185 2 1 1 0 0.1300 0.1120 0.0414 0.0596 0.0012 0.0000 0.010469 0.470929 2.2352 1 4.1800 0  798 978 897 1039 1072 1315 1112 1107  1 1 0 0 0 0 0 20 15
0.190 2 1 1 0 0.1320 0.1220 0.0852 0.0633 0.0018 0.0000 0.007852 0.470356 -4.1800 0 2.0478 0  847 984 995 1062 1069 1188 1152 911  1 1 0 0 0 0 0 19 16
0.195 2 1 1 0 0.1400 0.1320 0.0860 0.0633 0.0020 0.0000 0.005235 0.469627 -2.2952 1 -0.5004 1  856 1025 1016 1066 1065 1170 1148 915  1 1 0 0 0 0 0 20 20
0.200 2 1 1 0 0.1440 0.1420 0.0966 0.0613 0.0024 0.0000 0.005235 0.469002 2.2554 1 4.1800 0  790 976 891 1011 1077 1314 1090 1107  1 1 0 0 0 0 0 20 18
0.205 2 1 1 0 0.1480 0.1500 0.0791 0.0734 0.0028 0.0000 0.005235 0.468158 -3.3931 1 4.1800 0  818 973 954 855 1111 1259 1088 911  1 1 0 0 0 0 0 20 17
0.210 2 1 1 0 0.1540 0.1560 0.0815 0.0929 0.0032 0.0000 0.005235 0.467455 -1.6164 0 4.1800 0  887 1042 996 1094 1104 1306 1120 1020  1 1 0 0 0 0 0 20 13
0.215 2 1 1 0 0.1620 0.1580 0.0779 0.0966 0.0039 0.0000 0.007852 0.466904 -1.8212 1 1.8928 1  819 977 1010 1120 1102 1352 1167 858  1 1 0 0 0 0 0 20 14
0.220 2 1 1 0 0.1700 0.1660 0.1022 0.0921 0.0043 0.0000 0.007852 0.466258 -4.1800 0 4.1800 0  839 808 927 1030 1096 1250 1154 995  1 1 0 0 0 0 0 19 15
0.225 2 1 1 0 0.1780 0.1740 0.1112 0.1039 0.0047 0.0000 0.007852 0.465768 -4.1800 0 4.1800 0  852 1071 932 1123 1092 1350 1155 1031  1 1 0 0 0 0 0 19 13
0.230 2 1 1 0 0.1860 0.1820 0.1010 0.1172 0.0055 0.0000 0.007852 0.465150 -4.1800 0 2.1128 1  847 978 887 1121 1088 1222 1132 753  1 1 0 0 0 0 0 19 12
0.235 2 1 1 0 0.1940 0.1900 0.1209 0.0986 0.0059 0.0000 0.007852 0.464293 -1.1781 0 4.1800 0  943 950 907 1068 1091 1278 1162 1031  1 1 0 0 0 0 0 18 9
0.240 2 1 1 0 0.1960 0.1980 0.1501 0.1087 0.0065 0.0000 0.005235 0.463884 -4.1800 0 4.1800 0  1003 865 1041 1016 1086 1247 1164 1151  1 1 0 0 0 0 0 16 5
0.245 2 1 1 0 0.2020 0.2020 0.1217 0.1578 0.0071 0.0001 0.007852 0.463267 -1.7340 1 1.2078 1  860 975 1075 1164 1106 1316 1105 842  1 1 0 0 0 0 0 19 8
0.250 2 1 1 0 0.2120 0.2060 0.1225 0.1590 0.0079 0.0001 0.007852 0.462383 -4.1800 0 -0.7127 1  937 940 1074 1043 1112 1315 1119 996  1 1 0 0 0 0 0 15 8
0.255 2 1 1 0 0.2220 0.2140 0.1343 0.1391 0.0087 0.0001 0.007852 0.461902 -4.1800 0 4.1800 0  923 954 924 1048 1082 1188 1166 1049  1 1 0 0 0 0 0 15 6
0.260 2 1 1 0 0.2300 0.2240 0.1753 0.1469 0.0095 0.0001 0.007852 0.461127 -2.1347 1 4.1800 0  747 1073 919 1129 1108 1387 1113 1118  1 1 0 0 0 0 0 15 6
0.265 2 1 1 0 0.2360 0.2320 0.1817 0.1842 0.0103 0.0001 0.007852 0.460616 -4.1800 0 4.1800 0  916 1063 917 1098 1107 1361 1124 1093  1 1 0 0 0 0 0 12 3
0.270 2 1 1 0 0.2440 0.2400 0.1566 0.1988 0.0112 0.0001 0.007852 0.460239 -2.5438 0 2.2008 0  926 1044 1040 1141 1107 1370 1168 1053  1 1 0 0 0 0 0 14 3
0.275 2 1 1 0 0.2520 0.2480 0.1696 0.1886 0.0120 0.0001 0.007852 0.459293 -2.2800 1 4.1800 0  777 1105 936 1083 1118 1303 1139 1031  1 1 0 0 0 0 0 15 2
0.280 2 1 1 0 0.2580 0.2560 0.2049 0.1675 0.0130 0.0001 0.005235 0.458093 -2.1462 1 4.1800 0  796 1088 983 1130 1119 1340 1140 1112  1 1 0 0 0 0 0 18 3
0.285 2 1 1 0 0.2640 0.2600 0.2028 0.1939 0.0140 0.0001 0.007852 0.457428 -1.5549 0 4.1800 0  862 1004 935 1033 1096 1249 1173 1055  1 1 0 0 0 0 0 20 2
0.290 2 1 1 0 0.2700 0.2640 0.1931 0.2316 0.0148 0.0001 0.007852 0.456934 -2.7969 1 1.1847 1  876 1104 1006 1177 1116 1276 1128 849  1 1 0 0 0 0 0 18 4
0.295 2 1 1 0 0.2800 0.2740 0.1976 0.1919 0.0160 0.0001 0.007852 0.456146 -4.1800 0 4.1800 0  879 1010 984 1146 1108 1245 1127 936  1 1 0 0 0 0 0 18 4
0.300 2 1 1 0 0.2900 0.2840 0.2008 0.1895 0.0168 0.0001 0.007852 0.455649 -2.2800 1 1.9247 1  780 1076 957 1121 1085 1196 1167 896  1 1 0 0 0 0 0 19 5
0.305 2 1 1 0 0.2980 0.2940 0.2414 0.2369 0.0181 0.0001 0.007852 0.454879 -4.1800 0 -0.7618 1  1022 798 946 1030 1094 1074 1131 909  1 1 0 0 0 0 0 18 6
0.310 2 1 1 0 0.3080 0.3040 0.2649 0.2633 0.0193 0.0001 0.007852 0.455226 -1.3931 1 4.1800 0  742 784 905 1043 1083 1180 1116 1009  1 1 0 0 0 0 0 20 7
0.315 2 1 1 0 0.3160 0.3140 0.2600 0.2049 0.0205 0.0002 0.007852 0.454442 -4.1800 0 -0.8693 1  1010 903 984 1057 1091 1276 1126 947  1 1 0 0 0 0 0 19 9
0.320 2 1 1 0 0.3240 0.3220 0.2154 0.2702 0.0217 0.0002 0.007852 0.453022 -4.1800 0 4.1800 0  977 1032 966 931 1088 1327 1183 1045  1 1 0 0 0 0 0 17 9
0.325 2 1 1 0 0.3340 0.3280 0.2665 0.2665 0.0231 0.0002 0.010469 0.451972 -2.2800 1 4.1800 0  780 1088 967 1144 1109 1339 1140 1020  1 1 0 0 0 0 0 15 9
0.330 2 1 1 0 0.3440 0.3360 0.2580 0.2702 0.0245 0.0002 0.007852 0.451071 -2.1027 0 4.1800 0  855 987 983 989 1112 1300 1131 956  1 1 0 0 0 0 0 18 8
0.335 2 1 1 0 0.3520 0.3400 0.2649 0.2897 0.0258 0.0002 0.007852 0.450272 -4.1800 0 1.8587 1  983 1102 993 1013 1127 1329 1133 770  1 1 0 0 0 0 0 18 12
0.340 2 1 1 0 0.3560 0.3460 0.3497 0.2795 0.0274 0.0002 0.007852 0.450144 -2.7656 0 2.0208 0  832 1089 958 1007 1115 1362 1132 1058  1 1 0 0 0 0 0 18 12
0.345 2 1 1 0 0.3640 0.3560 0.3071 0.2759 0.0286 0.0002 0.007852 0.449470 -2.3329 1 1.9083 1  811 1064 962 1018 1097 1382 1169 874  1 1 0 0 0 0 0 20 13
0.350 2 1 1 0 0.3740 0.3635 0.2917 0.2759 0.0302 0.0002 0.007852 0.447891 2.2746 1 4.1800 0  818 1110 978 1045 1093 1359 1117 1258  1 1 0 0 0 0 0 20 12
0.355 2 1 1 0 0.3780 0.3780 0.3144 0.3002 0.0318 0.0002 0.007852 0.446778 -0.4727 0 4.1800 0  786 1034 946 1078 1075 1348 1109 948  1 1 0 0 0 0 0 20 11
0.360 2 1 1 0 0.3880 0.3760 0.2795 0.3095 0.0333 0.0003 0.010469 0.445985 -2.8973 1 2.2992 1  822 1066 931 814 1047 1030 1147 823  1 1 0 0 0 0 0 20 10
0.365 2 1 1 0 0.3940 0.3740 0.3026 0.3095 0.0349 0.0003 0.010469 0.445599 2.1780 1 4.1800 0  790 975 890 1054 1038 1275 1120 1062  1 1 0 0 0 0 0 20 12
0.370 2 1 1 0 0.3940 0.3840 0.3586 0.3465 0.0367 0.0003 0.007852 0.445443 -4.1800 0 -1.0453 0  774 878 869 1000 1024 1297 1110 880  1 1 0 0 0 0 0 19 12
0.375 2 1 1 0 0.4000 0.3940 0.3323 0.3298 0.0383 0.0003 0.007852 0.444198 -1.4373 1 2.5130 1  721 841 890 1081 997 1252 1097 882  1 1 0 0 0 0 0 20 16
0.380 2 1 1 0 0.4000 0.3987 0.3465 0.3379 0.0400 0.0003 0.007852 0.443389 -2.2571 1 4.1800 0  714 1015 880 1083 1020 1137 1018 994  1 1 0 0 0 0 0 20 16
0.385 2 1 1 0 0.4000 0.3923 0.3720 0.3688 0.0418 0.0003 0.010469 0.443198 -2.5874 1 0.6820 1  728 956 878 804 1010 983 988 739  1 1 0 0 0 0 0 20 13
0.390 2 1 1 0 0.3996 0.4000 0.3935 0.3651 0.0436 0.0003 0.007852 0.443399 -3.5281 1 3.6000 1  717 851 823 924 977 894 1053 820  1 1 0 0 0 0 0 19 16
0.395 2 1 1 0 0.4000 0.3976 0.3408 0.3586 0.0452 0.0004 0.007852 0.443079 -4.1800 0 -1.0664 1  841 796 822 856 973 1104 1037 839  1 1 0 0 0 0 0 18 15
0.400 2 1 1 0 0.4000 0.3968 0.3651 0.3935 0.0473 0.0004 0.007852 0.442218 -4.1800 0 1.1998 1  932 916 842 990 987 1232 973 859  1 1 0 0 0 0 0 18 15
0.405 2 1 1 0 0.3984 0.3908 0.3753 0.3789 0.0489 0.0004 0.007852 0.441643 -4.1800 0 1.5541 1  799 933 761 972 964 1292 969 777  1 1 0 0 0 0 0 18 19
0.410 2 1 1 0 0.4000 0.3998 0.4057 0.3789 0.0509 0.0004 0.007852 0.442372 -4.1800 0 -1.9683 1  924 942 865 977 975 1147 999 816  1 1 0 0 0 0 0 19 16
0.415 2 1 1 0 0.4000 0.3985 0.3436 0.3619 0.0525 0.0004 0.007852 0.442795 -2.5253 1 4.1800 0  705 933 849 794 987 965 957 806  1 1 0 0 0 0 0 18 17
0.420 2 1 1 0 0.4000 0.3974 0.3619 0.3720 0.0546 0.0004 0.007852 0.442035 -4.1800 0 0.5772 0  719 838 810 998 978 1223 987 957  1 1 0 0 0 0 0 19 20
0.425 2 1 1 0 0.4000 0.3910 0.3720 0.3899 0.0564 0.0005 0.010469 0.441174 -4.1800 0 4.1800 0  776 986 916 1007 981 1248 1004 907  1 1 0 0 0 0 0 17 19
0.430 2 1 1 0 0.3980 0.3850 0.4057 0.4016 0.0582 0.0005 0.007852 0.441353 -1.2078 1 4.1800 0  730 750 826 965 957 1158 982 976  1 1 0 0 0 0 0 20 17
0.435 2 1 1 0 0.3980 0.4000 0.4138 0.3935 0.0602 0.0005 0.007852 0.442214 -4.1800 0 0.6427 1  869 736 877 963 991 1072 984 838  1 1 0 0 0 0 0 18 17
0.440 2 1 1 0 0.4000 0.3980 0.3651 0.3976 0.0621 0.0005 0.010469 0.442645 -4.1800 0 4.1800 0  870 847 845 969 968 1141 997 940  1 1 0 0 0 0 0 19 16
0.445 2 1 1 0 0.4000 0.3880 0.3351 0.3789 0.0641 0.0005 0.010469 0.441858 -4.1800 0 -0.4341 1  919 936 973 1020 980 1188 998 856  1 1 0 0 0 0 0 17 16
0.450 2 1 1 0 0.4000 0.3780 0.3976 0.4016 0.0661 0.0005 0.010469 0.441943 -4.1800 0 4.1800 0  837 812 828 971 979 1052 1004 984  1 1 0 0 0 0 0 19 12
0.455 2 1 1 0 0.3940 0.3800 0.3789 0.3976 0.0679 0.0006 0.007852 0.442158 2.2008 1 4.1800 0  664 864 778 1030 991 1224 990 1157  1 1 0 0 0 0 0 20 8
0.460 2 1 1 0 0.3976 0.3900 0.3351 0.3789 0.0698 0.0006 0.010469 0.442424 2.2800 1 4.1800 0  755 954 807 1023 1003 1258 1009 1074  1 1 0 0 0 0 0 20 7
0.465 2 1 1 0 0.4000 0.3800 0.3753 0.4016 0.0718 0.0006 0.010469 0.442144 -2.8541 1 1.7377 1  778 939 948 894 1019 1251 1015 718  1 1 0 0 0 0 0 20 7
0.470 2 1 1 0 0.4000 0.3700 0.4057 0.3720 0.0736 0.0006 0.013086 0.441931 -2.4534 1 1.9244 1  702 985 770 1013 980 1203 1016 702  1 1 0 0 0 0 0 20 8
0.475 2 1 1 0 0.4000 0.3680 0.4097 0.3899 0.0759 0.0006 0.010469 0.442534 0.9735 1 4.1800 0  695 960 837 1031 1003 1301 1039 1138  1 1 0 0 0 0 0 20 6
0.480 2 1 1 0 0.4000 0.3780 0.3935 0.3826 0.0775 0.0007 0.010469 0.442986 -4.1800 0 1.2929 0  762 953 880 988 1021 1165 1032 934  1 1 0 0 0 0 0 19 6
0.485 2 1 1 0 0.4000 0.3820 0.3899 0.4016 0.0795 0.0007 0.010469 0.442719 -4.1800 0 2.2807 0  848 992 839 1063 1026 1269 1050 905  1 1 0 0 0 0 0 19 5
0.490 2 1 1 0 0.4000 0.3822 0.3935 0.4057 0.0815 0.0007 0.010469 0.442646 -4.1800 0 4.1800 0  912 786 940 993 1017 1199 1071 1073  1 1 0 0 0 0 0 19 3
0.495 2 1 1 0 0.4000 0.3842 0.3899 0.3753 0.0836 0.0007 0.010469 0.443507 -1.6206 1 4.1800 0  791 889 966 1011 975 1205 1003 941  1 1 0 0 0 0 0 20 3
0.500 2 1 1 0 0.3980 0.3863 0.4057 0.3651 0.0854 0.0007 0.007852 0.443873 -2.1775 0 1.1907 0  726 949 791 1060 993 1234 1057 903  1 1 0 0 0 0 0 20 3
0.505 2 1 1 0 0.4000 0.3826 0.3688 0.3935 0.0872 0.0008 0.010469 0.443907 2.2249 1 4.1800 0  759 844 830 984 988 1152 1032 1037  1 1 0 0 0 0 0 20 1
0.510 2 1 1 0 0.4000 0.3824 0.3408 0.3789 0.0892 0.0008 0.010469 0.443427 -2.1210 1 4.1800 0  730 922 920 870 998 1163 1028 891  1 1 0 0 0 0 0 20 0
0.515 2 1 1 0 0.4000 0.3822 0.4097 0.4016 0.0913 0.0008 0.010469 0.444542 -4.1800 0 4.1800 0  870 922 873 912 1005 1034 1026 933  1 1 0 0 0 0 0 19 0
0.520 2 1 1 0 0.4000 0.3820 0.3497 0.3720 0.0933 0.0008 0.010469 0.445146 -1.6663 0 4.1800 0  796 935 945 1018 962 1274 1054 919  1 1 0 0 0 0 0 20 0
0.525 2 1 1 0 0.4000 0.3818 0.3323 0.4057 0.0949 0.0008 0.010469 0.444697 -1.9799 1 1.9652 1  689 875 909 959 994 1184 1037 727  1 1 0 0 0 0 0 20 1
0.530 2 1 1 0 0.4000 0.3816 0.3899 0.4016 0.0970 0.0009 0.010469 0.443806 -1.7811 0 -0.1377 0  795 852 902 956 955 1198 1006 947  1 1 0 0 0 0 0 20 3
0.535 2 1 1 0 0.4000 0.3814 0.4138 0.4057 0.0990 0.0009 0.010469 0.444453 2.1132 0 4.1800 0  668 896 738 803 894 1132 973 770  1 1 0 0 0 0 0 20 1
0.540 2 1 1 0 0.4000 0.3812 0.4097 0.4016 0.1010 0.0009 0.010469 0.445130 0.7109 1 4.1800 0  647 707 731 850 917 1091 922 926  1 1 0 0 0 0 0 20 1
0.545 2 1 1 0 0.4000 0.3752 0.3935 0.3720 0.1028 0.0009 0.013086 0.445262 -2.3530 1 1.9588 1  615 929 703 840 876 1095 955 642  1 1 0 0 0 0 0 20 4
0.550 2 1 1 0 0.4000 0.3843 0.3586 0.3688 0.1047 0.0009 0.010469 0.444862 -1.6177 1 4.1800 0  686 874 906 893 949 1101 933 1005  1 1 0 0 0 0 0 20 5
0.555 2 1 1 0 0.4000 0.3833 0.3899 0.4057 0.1067 0.0010 0.010469 0.445399 -2.4487 0 -0.6550 0  757 861 807 1013 944 1200 989 924  1 1 0 0 0 0 0 20 8
0.560 2 1 1 0 0.4000 0.3825 0.3465 0.3862 0.1087 0.0010 0.010469 0.445959 2.1904 1 4.1800 0  669 874 761 930 942 1155 975 1028  1 1 0 0 0 0 0 20 10
0.565 2 1 1 0 0.4000 0.3781 0.3497 0.4016 0.1105 0.0010 0.013086 0.445605 -1.8378 1 4.1800 0  678 879 925 1009 979 1161 1028 957  1 1 0 0 0 0 0 20 11
0.570 2 1 1 0 0.4000 0.3681 0.4016 0.3753 0.1126 0.0010 0.013086 0.445088 -4.1800 0 1.1777 0  647 774 819 858 948 1124 996 742  1 1 0 0 0 0 0 19 14
0.575 2 1 1 0 0.4000 0.3741 0.3826 0.4016 0.1144 0.0011 0.010469 0.445684 -3.9294 1 2.4632 1  733 875 753 759 920 1128 1037 732  1 1 0 0 0 0 0 20 11
0.580 2 1 1 0 0.4000 0.3841 0.3899 0.3935 0.1164 0.0011 0.010469 0.446158 -1.1812 1 4.1800 0  707 804 831 883 989 1232 968 949  1 1 0 0 0 0 0 20 10
0.585 2 1 1 0 0.4000 0.3801 0.3789 0.4097 0.1183 0.0011 0.013086 0.445963 -4.1800 0 4.0298 1  756 872 862 766 959 1192 998 808  1 1 0 0 0 0 0 18 9
0.590 2 1 1 0 0.4000 0.3701 0.3826 0.3976 0.1203 0.0011 0.013086 0.446289 -2.3803 1 1.2602 1  706 969 845 998 962 1122 1009 745  1 1 0 0 0 0 0 20 9
0.595 2 1 1 0 0.4000 0.3601 0.4223 0.3651 0.1223 0.0012 0.013086 0.446878 -4.1800 0 2.1377 1  718 818 828 851 972 995 979 630  1 1 0 0 0 0 0 19 10
0.600 2 1 1 0 0.4000 0.3661 0.3789 0.3465 0.1241 0.0012 0.010469 0.447920 -1.9892 0 4.1800 0  771 881 827 867 947 1169 1013 809  1 1 0 0 0 1 0 20 8
0.605 2 1 1 0 0.4000 0.3761 0.3720 0.3862 0.1262 0.0012 0.010469 0.448118 -2.3793 1 4.1800 0  700 938 810 813 979 1233 988 857  1 1 0 0 0 0 0 20 8
0.610 2 1 1 0 0.4000 0.3781 0.3862 0.3899 0.1278 0.0012 0.010469 0.447832 -4.1800 0 4.1800 0  852 896 857 916 974 1092 954 936  1 1 0 0 0 0 0 19 6
0.615 2 1 1 0 0.4000 0.3873 0.3899 0.3899 0.1298 0.0012 0.010469 0.448921 -2.7543 1 1.8486 1  748 915 882 984 959 1223 1000 729  1 1 0 0 0 0 0 20 7
0.620 2 1 1 0 0.4000 0.3849 0.4138 0.3935 0.1318 0.0013 0.010469 0.449533 -2.0465 1 1.9424 1  711 841 878 788 981 1114 994 745  1 1 0 0 0 0 0 20 6
0.625 2 1 1 0 0.4000 0.3830 0.3323 0.4057 0.1339 0.0013 0.010469 0.448822 -2.1365 1 4.1800 0  657 895 878 902 958 1014 1032 840  1 1 0 0 0 0 0 20 6
0.630 2 1 1 0 0.4000 0.3747 0.3245 0.4057 0.1357 0.0013 0.013086 0.447649 -2.1915 1 3.2079 1  659 897 861 877 921 999 1016 823  1 1 0 0 0 0 0 20 9
0.635 2 1 1 0 0.4000 0.3847 0.3935 0.3976 0.1375 0.0013 0.010469 0.448283 -1.9029 0 4.1800 0  828 876 772 978 973 1205 1030 934  1 1 0 0 0 0 0 20 8
0.640 2 1 1 0 0.4000 0.3827 0.3976 0.3720 0.1395 0.0013 0.010469 0.449340 -4.1800 0 4.1800 0  688 867 867 913 957 1085 1032 871  1 1 0 0 0 0 0 19 6
0.645 2 1 1 0 0.4000 0.3811 0.4057 0.3899 0.1416 0.0014 0.010469 0.449937 0.3352 1 4.1800 0  659 852 769 833 966 1138 977 929  1 1 0 0 0 0 0 20 2
0.650 2 1 1 0 0.4000 0.3781 0.3862 0.3688 0.1434 0.0014 0.013086 0.448958 -2.4380 0 2.0077 0  727 861 782 823 942 1143 1016 893  1 1 0 0 0 0 0 20 4
0.655 2 1 1 0 0.4000 0.3812 0.3976 0.3688 0.1456 0.0014 0.010469 0.449188 -4.1800 0 4.1800 0  809 900 769 958 957 998 1022 962  1 1 0 0 0 0 0 19 2
0.660 2 1 1 0 0.3900 0.3912 0.3688 0.4057 0.1475 0.0014 0.007852 0.449039 -1.7608 0 4.1800 0  875 941 931 989 952 1194 1002 973  1 1 0 0 0 0 0 20 0
0.665 2 1 1 0 0.3965 0.3892 0.3497 0.3862 0.1493 0.0014 0.010469 0.449002 -1.3004 1 4.1800 0  694 868 854 855 983 1130 1010 1001  1 1 0 0 0 0 0 20 0
0.670 2 1 1 0 0.4000 0.3792 0.3862 0.4057 0.1513 0.0015 0.010469 0.448718 -4.1800 0 -0.7448 0  855 915 912 993 954 1214 991 961  1 1 0 0 0 0 0 19 1
0.675 2 1 1 0 0.4000 0.3726 0.3935 0.4016 0.1531 0.0015 0.013086 0.449142 0.9424 0 4.1800 0  777 925 914 1002 935 1241 1041 911  1 1 0 0 0 0 0 20 0
0.680 2 1 1 0 0.3940 0.3819 0.3862 0.3826 0.1552 0.0015 0.007852 0.449664 -2.0335 1 0.2008 1  694 912 940 988 990 989 984 786  1 1 0 0 0 0 0 20 1
0.685 2 1 1 0 0.3980 0.3799 0.3899 0.4016 0.1570 0.0015 0.010469 0.449639 2.1830 1 4.1800 0  683 969 821 991 981 1207 1019 1128  1 1 0 0 0 0 0 20 1
0.690 2 1 1 0 0.4000 0.3699 0.3688 0.3862 0.1590 0.0015 0.010469 0.449086 -4.1800 0 4.1800 0  834 735 820 963 945 1087 1027 933  1 1 0 0 0 0 0 19 0
0.695 2 1 1 0 0.4000 0.3706 0.4138 0.3899 0.1610 0.0016 0.010469 0.449581 -4.1800 0 4.1800 0  725 726 794 981 952 1116 1053 855  1 1 0 0 0 0 0 18 0
0.700 2 1 1 0 0.4000 0.3711 0.3753 0.3558 0.1631 0.0016 0.010469 0.450389 -4.1800 0 -0.7831 0  724 879 780 864 966 1195 1059 871  1 1 0 0 0 0 0 18 1
0.705 2 1 1 0 0.3940 0.3811 0.3753 0.3651 0.1649 0.0016 0.007852 0.450329 -2.6400 1 2.0028 1  741 903 935 757 993 1241 1024 744  1 1 0 0 0 0 0 19 2
0.710 2 1 1 0 0.4000 0.3711 0.3753 0.3899 0.1667 0.0016 0.010469 0.450247 -4.1800 0 4.1800 0  686 950 816 891 994 1140 1009 771  1 1 0 0 0 0 0 19 0
0.715 2 1 1 0 0.4000 0.3676 0.3826 0.3862 0.1688 0.0016 0.010469 0.450731 -4.1800 0 2.1103 1  741 851 851 979 965 1142 990 633  1 1 0 0 0 0 0 18 2
0.720 2 1 1 0 0.3980 0.3704 0.4138 0.3826 0.1706 0.0017 0.007852 0.451388 -4.1800 0 -0.2161 0  740 925 875 979 970 1115 1012 917  1 1 0 0 0 0 0 18 4
0.725 2 1 1 0 0.3977 0.3764 0.3753 0.3899 0.1724 0.0017 0.010469 0.451357 -4.1800 0 4.1800 0  840 795 807 964 1000 1133 1016 984  1 1 0 0 0 0 0 19 6
0.730 2 1 1 0 0.4000 0.3664 0.3144 0.3789 0.1744 0.0017 0.010469 0.451375 -4.1800 0 1.8056 1  874 871 802 994 970 1271 1021 729  1 1 0 0 0 0 0 19 8
0.735 2 1 1 0 0.4000 0.3662 0.3899 0.3899 0.1765 0.0017 0.010469 0.452096 -4.1800 0 0.9220 1  758 756 888 818 1012 1076 1000 748  1 1 0 0 0 0 0 19 7
0.740 2 1 1 0 0.3960 0.3727 0.3976 0.3789 0.1783 0.0017 0.007852 0.453009 -4.1800 0 2.1584 1  820 957 895 997 1013 1256 1047 582  1 1 0 0 0 0 0 18 10
0.745 2 1 1 0 0.3960 0.3827 0.3976 0.3826 0.1803 0.0017 0.007852 0.453452 -4.1800 0 0.9876 0  772 870 913 992 1010 1122 1009 893  1 1 0 0 0 0 0 19 9
0.750 2 1 1 0 0.4000 0.3727 0.3862 0.4016 0.1821 0.0018 0.010469 0.453243 -2.7193 1 1.6056 1  771 961 951 1001 1033 1170 1019 710  1 1 0 0 0 0 0 20 6
0.755 2 1 1 0 0.3987 0.3667 0.3586 0.3899 0.1840 0.0018 0.007852 0.454080 -2.4900 1 1.3010 1  783 978 951 876 979 1198 1023 864  1 1 0 0 0 0 0 20 7
0.760 2 1 1 0 0.3987 0.3767 0.4138 0.3351 0.1860 0.0018 0.007852 0.454833 -1.8622 1 -0.5865 1  754 913 926 960 1010 1144 998 808  1 1 0 0 0 0 0 20 8
0.765 2 1 1 0 0.4000 0.3867 0.3688 0.3826 0.1880 0.0018 0.007852 0.455678 -4.1800 0 4.1800 0  957 842 923 858 977 980 1029 998  1 1 0 0 0 0 0 18 9
0.770 2 1 1 0 0.3980 0.3887 0.3826 0.4016 0.1896 0.0018 0.007852 0.454927 -2.7952 1 4.1800 0  780 968 805 929 966 998 1033 961  1 1 0 0 0 0 0 20 7
0.775 2 1 1 0 0.4000 0.3836 0.4016 0.3586 0.1917 0.0018 0.007852 0.455328 -3.6832 0 2.0478 0  702 903 784 1008 929 1196 1025 928  1 1 0 0 0 0 0 20 9
0.780 2 1 1 0 0.4000 0.3824 0.3619 0.3789 0.1937 0.0019 0.007852 0.456025 -2.3978 0 4.1800 0  822 902 834 962 923 1045 995 804  1 1 0 0 0 0 0 20 7
0.785 2 1 1 0 0.3940 0.3880 0.4057 0.3688 0.1955 0.0019 0.005235 0.457048 -4.1800 0 4.1800 0  933 741 812 911 946 1019 985 1008  1 1 0 0 0 0 0 17 8
0.790 2 1 1 0 0.3904 0.3980 0.3558 0.3826 0.1976 0.0019 0.005235 0.457176 -1.2108 1 4.1800 0  687 675 793 907 949 1002 966 971  1 1 0 0 0 0 0 19 8
0.795 2 1 1 0 0.3996 0.3920 0.3935 0.4057 0.1994 0.0019 0.007852 0.457329 -4.1800 0 1.6498 0  700 911 758 953 960 1197 1003 764  1 1 0 0 0 0 0 19 8
0.800 2 1 1 0 0.4000 0.3820 0.4097 0.3862 0.2014 0.0019 0.007852 0.457513 -2.1969 0 4.1800 0  711 881 732 1001 910 1172 1007 864  1 1 0 0 0 0 0 18 7
0.805 2 1 1 0 0.3940 0.3940 0.3688 0.3899 0.2032 0.0019 0.005235 0.458592 2.2525 1 4.1800 0  706 997 793 1017 990 1257 989 1146  1 1 0 0 0 0 0 17 4
0.810 2 1 1 0 0.3990 0.4000 0.3753 0.3976 0.2053 0.0019 0.005235 0.458433 -1.4045 1 4.1800 0  717 754 818 958 982 1108 1000 893  1 1 0 0 0 0 0 17 0
0.815 2 1 1 0 0.4000 0.3975 0.3753 0.3789 0.2073 0.0019 0.005235 0.459020 -4.1800 0 2.1202 1  827 980 869 1002 1007 1236 1017 557  1 1 0 0 0 0 0 18 3
0.820 2 1 1 0 0.4000 0.3948 0.4223 0.3976 0.2093 0.0020 0.005235 0.460310 -4.1800 0 0.6877 1  833 811 895 1005 1009 1086 978 766  1 1 0 0 0 0 0 15 4
0.825 2 1 1 0 0.3980 0.3950 0.3525 0.3789 0.2111 0.0020 0.002617 0.460373 -4.1800 0 4.1800 0  833 946 884 1044 1023 1204 1001 911  1 1 0 0 0 0 0 14 3
0.830 2 1 1 0 0.4000 0.3890 0.3217 0.3651 0.2130 0.0020 0.005235 0.459780 -2.2200 1 4.1800 0  732 1005 954 1004 1017 1113 1000 913  1 1 0 0 0 0 0 17 0
0.835 2 1 1 0 0.4000 0.3876 0.3899 0.4097 0.2150 0.0020 0.005235 0.459436 -2.3533 0 -0.4345 0  798 955 859 916 966 1172 1016 787  1 1 0 0 0 0 0 16 3
0.840 2 1 1 0 0.4000 0.3870 0.4097 0.3826 0.2170 0.0020 0.005235 0.460499 -4.1800 0 4.1800 0  800 908 910 863 992 1125 1036 867  1 1 0 0 0 0 0 14 5
0.845 2 1 1 0 0.4000 0.3866 0.4223 0.3899 0.2191 0.0020 0.005235 0.461456 -4.1800 0 1.9587 0  794 984 936 1008 1014 1210 1054 878  1 1 0 0 0 0 0 13 6
0.850 2 1 1 0 0.4000 0.3863 0.3465 0.3789 0.2211 0.0020 0.005235 0.461504 -4.1800 0 -0.0033 0  740 846 935 959 1011 1098 1061 879  1 1 0 0 0 0 0 11 6
0.855 2 1 1 0 0.4000 0.3860 0.4057 0.4097 0.2231 0.0020 0.005235 0.461303 -2.8068 0 2.2101 0  721 957 791 909 963 1159 1050 856  1 1 0 0 0 0 0 14 9
0.860 2 1 1 0 0.3980 0.3878 0.3651 0.3720 0.2249 0.0020 0.002617 0.462138 -1.6683 1 -0.3982 1  785 896 1073 1051 1013 1190 1002 768  1 1 0 0 0 0 0 18 11
0.865 2 1 1 0 0.3880 0.3978 0.4016 0.3753 0.2270 0.0020 0.002617 0.462860 -1.8688 0 -0.4731 0  762 939 844 1004 973 1249 1019 908  1 1 0 0 0 0 0 18 13
0.870 2 1 1 0 0.3898 0.3980 0.3976 0.3899 0.2288 0.0020 0.005235 0.462488 -4.1800 0 -0.6568 1  876 793 929 912 960 1112 966 801  1 1 0 0 0 0 0 17 14
0.875 2 1 1 0 0.3998 0.3880 0.3558 0.3688 0.2308 0.0021 0.005235 0.462147 -2.2800 0 1.3892 0  758 870 861 878 940 1109 984 869  1 1 0 0 0 0 0 20 17
0.880 2 1 1 0 0.4000 0.3780 0.3862 0.3899 0.2329 0.0021 0.005235 0.462139 -2.8821 1 -0.8469 1  761 943 831 854 949 1068 955 742  1 1 0 0 0 0 0 20 17
0.885 2 1 1 0 0.3980 0.3808 0.4223 0.3651 0.2347 0.0021 0.002617 0.462678 -4.1800 0 0.0731 0  718 907 814 1031 979 1135 967 824  1 1 0 0 0 0 0 19 19
0.890 2 1 1 0 0.3884 0.3908 0.3899 0.3862 0.2367 0.0021 0.002617 0.462608 -2.2372 0 -0.3037 0  787 893 830 1003 998 1026 989 845  1 1 0 0 0 0 0 19 20
0.895 2 1 1 0 0.3926 0.4000 0.3688 0.4016 0.2387 0.0021 0.002617 0.462921 -2.1365 1 1.9726 1  705 883 877 930 995 1165 1028 749  1 1 0 0 0 0 0 20 20
0.900 2 1 1 0 0.4000 0.3920 0.3789 0.3899 0.2406 0.0021 0.005235 0.463663 -1.9344 1 4.1800 0  715 870 820 799 1007 1144 962 969  1 1 0 0 0 0 0 20 19
0.905 2 1 1 0 0.4000 0.3900 0.4057 0.4016 0.2426 0.0021 0.005235 0.463887 -2.5760 1 1.5464 1  751 921 950 1021 1016 1160 995 690  1 1 0 0 0 0 0 20 19
0.910 2 1 1 0 0.4000 0.3800 0.3323 0.3619 0.2446 0.0021 0.005235 0.463266 -1.7727 0 -0.6470 0  698 928 841 870 980 1016 988 776  1 1 0 0 0 0 0 20 20
0.915 2 1 1 0 0.4000 0.3762 0.3976 0.3688 0.2466 0.0021 0.005235 0.463495 -4.1800 0 4.1800 0  807 816 840 970 1000 986 966 922  1 1 0 0 0 0 0 19 17
0.920 2 1 1 0 0.3900 0.3862 0.3619 0.4057 0.2485 0.0021 0.002617 0.464613 -2.2800 1 1.5660 1  695 976 750 944 959 1209 1000 779  1 1 0 0 0 0 0 20 17
0.925 2 1 1 0 0.3948 0.3940 0.3465 0.3651 0.2503 0.0021 0.005235 0.464597 -2.4248 1 1.2180 1  756 952 865 1058 1007 1163 959 833  1 1 0 0 0 0 0 19 20
0.930 2 1 1 0 0.4000 0.3840 0.3789 0.4057 0.2523 0.0021 0.005235 0.463944 -4.1800 0 1.2678 0  807 945 878 975 973 1105 958 842  1 1 0 0 0 0 0 18 20
0.935 2 1 1 0 0.4000 0.3746 0.4097 0.3753 0.2544 0.0022 0.005235 0.463672 -4.1800 0 4.1800 0  794 905 837 872 936 1124 956 838  1 1 0 0 0 0 0 17 19
0.940 2 1 1 0 0.4000 0.3767 0.4268 0.3935 0.2564 0.0022 0.005235 0.463895 -2.9657 1 1.2638 1  843 1058 1023 1018 997 1233 953 738  1 1 0 0 0 0 0 19 20
0.945 2 1 1 0 0.4000 0.3784 0.3651 0.3862 0.2584 0.0022 0.005235 0.464337 -4.1800 0 4.1800 0  801 715 810 935 890 941 984 834  1 1 0 0 0 0 0 18 19
0.950 2 1 1 0 0.3920 0.3867 0.3862 0.3826 0.2602 0.0022 0.002617 0.464162 -4.1800 0 4.1800 0  820 959 1005 867 964 1056 943 923  1 1 0 0 0 0 0 17 19
0.955 2 1 1 0 0.3946 0.3847 0.3976 0.4057 0.2621 0.0022 0.005235 0.463944 -2.8186 1 4.1800 0  830 1001 992 903 971 1133 967 983  1 1 0 0 0 0 0 14 16
0.960 2 1 1 0 0.4000 0.3758 0.3651 0.3651 0.2641 0.0022 0.005235 0.463985 -4.1800 0 4.1800 0  822 948 852 1054 938 1156 1002 925  1 1 0 0 0 0 0 12 16
0.965 2 1 1 0 0.4000 0.3769 0.3826 0.3976 0.2661 0.0022 0.005235 0.464052 -4.1800 0 -0.1370 1  852 1011 870 1020 955 1118 980 792  1 1 0 0 0 0 0 9 19
0.970 2 1 1 0 0.3980 0.3789 0.3379 0.3935 0.2681 0.0022 0.005235 0.462946 -0.6464 1 4.1800 0  784 841 819 1002 935 1049 948 989  1 1 0 0 0 0 0 10 19
0.975 2 1 1 0 0.4000 0.3761 0.4057 0.3935 0.2702 0.0022 0.005235 0.462302 2.2800 1 4.1800 0  709 922 845 977 974 1108 959 1004  1 1 0 0 0 0 0 8 17
0.980 2 1 1 0 0.3980 0.3795 0.4057 0.3862 0.2720 0.0022 0.002617 0.463274 -4.1800 0 4.1800 0  854 961 837 999 959 986 1012 925  1 1 0 0 0 0 0 9 18
0.985 2 1 1 0 0.3895 0.3895 0.3976 0.3651 0.2740 0.0022 0.002617 0.463975 -1.5200 1 -0.7052 1  835 847 1017 952 970 1158 1012 930  1 1 0 0 0 0 0 12 20
0.990 2 1 1 0 0.3972 0.3875 0.3935 0.4057 0.2759 0.0022 0.005235 0.463431 -4.1800 0 4.1800 0  931 788 863 934 972 997 1025 935  1 1 0 0 0 0 0 10 18
0.995 2 1 1 0 0.4000 0.3775 0.3753 0.4057 0.2779 0.0023 0.005235 0.462916 2.2800 0 4.1800 0  776 940 900 990 946 1166 1018 885  1 1 0 0 0 0 0 10 18
1.000 2 1 1 0 0.4000 0.3761 0.4138 0.4016 0.2799 0.0023 0.005235 0.462630 -2.2300 1 4.1800 0  741 985 935 990 976 1123 969 1002  1 1 0 0 0 0 0 12 16
1.005 2 1 1 0 0.4000 0.3778 0.3753 0.3753 0.2819 0.0023 0.005235 0.463187 2.2219 1 4.1800 0  724 839 782 879 932 1115 1000 1042  1 1 0 0 0 0 0 16 12
1.010 2 1 1 0 0.4000 0.3792 0.3753 0.4016 0.2840 0.0023 0.005235 0.462669 -1.9113 1 4.1800 0  758 962 807 872 976 1175 1056 1082  1 1 0 0 0 0 0 17 7
1.015 2 1 1 0 0.4000 0.3692 0.3899 0.3935 0.2858 0.0023 0.007852 0.462754 -2.0181 1 4.1800 0  796 981 826 984 947 1047 1047 1092  1 1 0 0 0 0 0 16 2
1.020 2 1 1 0 0.4000 0.3752 0.3789 0.3935 0.2876 0.0023 0.005235 0.462932 1.9326 1 4.1800 0  778 941 736 874 916 1146 1105 1055  1 1 0 0 0 0 0 20 0
1.025 2 1 1 0 0.4000 0.3852 0.4057 0.3935 0.2896 0.0023 0.005235 0.462720 2.2126 1 4.1800 0  995 989 832 991 961 1205 1135 1485  1 1 0 0 0 0 0 20 0
1.030 2 1 1 0 0.4000 0.3851 0.3789 0.3935 0.2917 0.0023 0.005235 0.461737 -4.1800 0 4.1800 0  968 870 964 849 995 1170 1160 1271  1 1 0 0 0 0 0 19 0
1.035 2 1 1 0 0.4000 0.3848 0.4179 0.4016 0.2937 0.0023 0.005235 0.461571 1.8051 1 4.1800 0  832 936 799 882 1006 1175 1191 1143  1 1 0 0 0 0 0 20 0
1.040 2 1 1 0 0.4000 0.3846 0.3688 0.3899 0.2957 0.0024 0.005235 0.461920 2.1195 1 4.1800 0  803 930 999 1105 1017 1265 1271 1426  1 1 0 0 0 0 0 20 0
1.045 2 1 1 0 0.4000 0.3844 0.4016 0.4057 0.2978 0.0024 0.005235 0.462695 2.0441 1 4.1800 0  794 992 1012 1086 1045 1202 1341 1450  1 1 0 0 0 0 0 20 0
1.050 2 1 1 0 0.4000 0.3784 0.3862 0.3651 0.2996 0.0024 0.007852 0.462031 1.7553 1 4.1800 0  774 985 1007 931 1041 1199 1397 1369  1 1 0 0 0 0 0 20 0
1.055 2 1 1 0 0.4000 0.3764 0.3789 0.3753 0.3014 0.0024 0.005235 0.461851 1.6983 1 4.1800 0  926 796 972 1010 1053 1189 1447 1450  1 1 0 0 0 0 0 20 0
1.060 2 1 1 0 0.4000 0.3864 0.3899 0.3976 0.3034 0.0024 0.005235 0.461907 1.8721 1 4.1800 0  903 1060 894 1025 1032 1179 1523 1588  1 1 0 0 0 0 0 20 0
1.065 2 1 1 0 0.4000 0.3885 0.3379 0.3935 0.3055 0.0024 0.005235 0.461712 1.6881 1 4.1800 0  811 1008 928 1102 1069 1432 1604 1600  1 1 0 0 0 0 0 20 0
1.070 2 1 1 0 0.4000 0.3838 0.3245 0.4057 0.3073 0.0024 0.007852 0.461102 1.5551 1 4.1800 0  824 987 1027 906 1067 1411 1609 1644  1 1 0 0 0 0 0 20 0
1.075 2 1 1 0 0.4000 0.3738 0.3935 0.4097 0.3093 0.0024 0.007852 0.461149 1.4481 1 4.1800 0  902 924 882 1086 1028 1511 1705 1680  1 1 0 0 0 0 0 20 0
1.080 2 1 1 0 0.4000 0.3638 0.4057 0.3789 0.3113 0.0025 0.007852 0.461743 1.3622 1 4.1800 0  819 1022 990 928 1100 1476 1729 1576  1 1 0 0 0 0 0 20 0
1.085 2 1 1 0 0.4000 0.3738 0.4016 0.3899 0.3132 0.0025 0.005235 0.461653 1.3777 1 4.1800 0  851 1004 940 1053 1107 1496 1834 1550  1 1 0 0 0 0 0 20 0
1.090 2 1 1 0 0.4000 0.3838 0.3217 0.3720 0.3152 0.0025 0.005235 0.461009 1.2851 1 4.1800 0  760 897 944 966 1128 1523 1874 1685  1 1 0 0 0 0 0 20 0
1.095 2 1 1 0 0.4000 0.3738 0.3753 0.4057 0.3170 0.0025 0.007852 0.461133 1.0303 1 4.1800 0  838 1027 856 1088 1154 1710 1899 1618  1 1 0 0 0 0 0 20 0
1.100 2 1 1 0 0.3995 0.3678 0.4223 0.3688 0.3193 0.0025 0.005235 0.461990 0.7210 1 4.1800 0  724 1004 891 1105 1216 1836 1882 1656  1 1 0 0 0 0 0 20 0
1.105 2 1 1 0 0.3992 0.3658 0.3651 0.3651 0.3209 0.0025 0.005235 0.461702 0.6432 1 4.1800 0  799 1020 987 1000 1287 1923 1915 1554  1 1 0 0 0 0 0 20 0
1.110 2 1 1 0 0.3992 0.3758 0.3862 0.3899 0.3229 0.0025 0.005235 0.461256 0.5657 1 4.1800 0  812 1025 899 1120 1321 2092 1907 1673  1 1 0 0 0 0 0 20 0
1.115 2 1 1 0 0.4000 0.3858 0.3688 0.3899 0.3249 0.0025 0.005235 0.461496 0.5513 1 4.1800 0  838 1056 859 1009 1352 2000 1924 1621  1 1 0 0 0 0 0 20 0
1.120 2 1 1 0 0.4000 0.3915 0.3899 0.4097 0.3270 0.0025 0.005235 0.462499 0.4659 1 4.1800 0  864 1074 912 1230 1427 2086 1918 1725  1 1 0 0 0 0 0 20 0
1.125 2 1 1 0 0.4000 0.3880 0.4016 0.4138 0.3288 0.0026 0.007852 0.462756 0.1305 1 4.1800 0  789 1052 941 1229 1503 2096 1899 1701  1 1 0 0 0 0 0 20 0
1.130 2 1 1 0 0.4000 0.3780 0.3720 0.4016 0.3308 0.0026 0.007852 0.461963 0.3674 1 4.1800 0  994 1044 985 1265 1506 2120 1943 1749  1 1 0 0 0 0 0 20 0
1.135 2 1 1 0 0.4000 0.3680 0.4223 0.4057 0.3328 0.0026 0.007852 0.461564 0.1949 1 4.1800 0  849 1035 1029 1148 1555 2175 1939 1639  1 1 0 0 0 0 0 20 0
1.140 2 1 1 0 0.3991 0.3700 0.3688 0.3619 0.3347 0.0026 0.005235 0.462237 0.1155 1 3.4367 1  807 1033 838 1116 1571 2093 1947 1421  1 1 0 0 0 0 0 20 1
1.145 2 1 1 0 0.3991 0.3800 0.4016 0.3862 0.3367 0.0026 0.005235 0.462909 0.0025 1 4.1800 0  993 978 959 1216 1672 2143 1917 1588  1 1 0 0 0 0 0 20 0
1.150 2 1 1 0 0.4000 0.3780 0.3753 0.3586 0.3385 0.0026 0.007852 0.462976 -0.1147 1 4.1800 0  824 1012 1058 1257 1727 2073 1946 1527  1 1 0 0 0 0 0 20 0
1.155 2 1 1 0 0.4000 0.3760 0.3720 0.3651 0.3404 0.0026 0.005235 0.463091 -0.3693 1 4.1800 0  773 832 919 1334 1726 2072 1923 1770  1 1 0 0 0 0 0 20 0
1.160 2 1 1 0 0.4000 0.3860 0.4016 0.3862 0.3424 0.0026 0.005235 0.463501 -0.3848 1 4.1800 0  899 982 982 1420 1782 2135 1924 1620  1 1 0 0 0 0 0 20 0
1.165 2 1 1 0 0.4000 0.3920 0.3497 0.3935 0.3444 0.0027 0.005235 0.463952 -0.4620 1 4.1800 0  858 1018 1040 1446 1789 2038 1956 1598  1 1 0 0 0 0 0 20 0
1.170 2 1 1 0 0.4000 0.3867 0.3217 0.4057 0.3462 0.0027 0.007852 0.463140 -0.6951 1 4.1800 0  804 917 1079 1473 1830 2217 1895 1474  1 1 0 0 0 0 0 20 0
1.175 2 1 1 0 0.4000 0.3767 0.3826 0.4097 0.3483 0.0027 0.007852 0.462842 -0.6596 1 4.1800 0  751 982 1013 1456 1810 2098 1905 1635  1 1 0 0 0 0 0 20 0
1.180 2 1 1 0 0.4000 0.3827 0.4057 0.3720 0.3501 0.0027 0.005235 0.463691 -0.7220 1 4.1800 0  729 938 1024 1462 1833 2160 1905 1638  1 1 0 0 0 0 0 20 0
1.185 2 1 1 0 0.4000 0.3927 0.4097 0.3935 0.3521 0.0027 0.005235 0.464444 -1.0219 1 4.1800 0  951 802 1089 1613 1848 2062 1901 1638  1 1 0 0 0 0 0 20 0
1.190 2 1 1 0 0.4000 0.3889 0.3351 0.3899 0.3539 0.0027 0.007852 0.463944 -1.1771 1 3.9603 1  789 902 1199 1658 1829 2185 1947 1466  1 1 0 0 0 0 0 20 1
1.195 2 1 1 0 0.4000 0.3789 0.3753 0.4016 0.3560 0.0027 0.007852 0.463974 -1.1553 1 4.1800 0  729 903 1158 1689 1804 2038 1894 1605  1 1 0 0 0 0 0 20 0
1.200 2 1 1 0 0.3980 0.3729 0.4312 0.3976 0.3580 0.0027 0.002617 0.464500 -1.1249 1 4.1800 0  725 949 1144 1648 1788 2143 1886 1728  1 1 0 0 0 0 0 20 0
1.205 2 1 1 0 0.3920 0.3829 0.3826 0.3497 0.3600 0.0028 0.002617 0.464760 -1.3141 1 4.1800 0  765 1046 1231 1787 1834 2156 1890 1553  1 1 0 0 0 0 0 20 1
1.210 2 1 1 0 0.4000 0.3864 0.3826 0.3935 0.3619 0.0028 0.005235 0.464431 -1.3998 1 2.8017 1  802 1069 1295 1790 1826 2171 1876 1293  1 1 0 0 0 0 0 20 1
1.215 2 1 1 0 0.4000 0.3854 0.3651 0.3935 0.3639 0.0028 0.005235 0.464545 -1.4392 1 3.9901 1  797 1062 1321 1774 1786 2151 1853 1422  1 1 0 0 0 0 0 20 2
1.220 2 1 1 0 0.3940 0.3910 0.4057 0.3976 0.3657 0.0028 0.002617 0.464953 -1.4597 1 2.3769 1  986 1208 1413 1782 1826 2200 1832 1256  1 1 0 0 0 0 0 20 7
1.225 2 1 1 0 0.3874 0.4000 0.4097 0.3935 0.3677 0.0028 0.002617 0.465643 -1.6981 1 2.3771 1  884 1213 1479 1704 1794 2072 1817 1143  1 1 0 0 0 0 0 20 10
1.230 2 1 1 0 0.3925 0.4000 0.3862 0.3826 0.3698 0.0028 0.002617 0.465337 -1.5450 1 3.6350 1  819 1074 1429 1749 1834 2062 1779 1371  1 1 0 0 0 0 0 20 15
1.235 2 1 1 0 0.4000 0.3900 0.4057 0.3976 0.3716 0.0028 0.005235 0.465302 -1.7251 1 2.4133 1  948 1292 1469 1750 1814 1977 1740 1262  1 1 0 0 0 0 0 20 18
1.240 2 1 1 0 0.3980 0.3840 0.3619 0.3935 0.3734 0.0028 0.002617 0.465388 -1.7897 1 2.0976 1  972 1341 1657 1577 1816 2055 1709 1161  1 1 0 0 0 0 0 20 20
1.245 2 1 1 0 0.3938 0.3940 0.4179 0.3651 0.3754 0.0028 0.002617 0.465776 -1.8979 1 2.0459 1  934 1360 1480 1767 1808 2028 1661 1112  1 1 0 0 0 0 0 20 20
1.250 2 1 1 0 0.3976 0.4000 0.4179 0.3899 0.3775 0.0028 0.002617 0.465846 -2.1523 1 1.8007 1  1054 1490 1553 1817 1825 2116 1602 1106  1 1 0 0 0 0 0 20 20
1.255 2 1 1 0 0.3980 0.4000 0.3899 0.3976 0.3793 0.0028 -0.000000 0.465457 -1.7532 1 1.8098 1  1139 1300 1521 1760 1818 1931 1588 1052  1 1 0 0 0 0 0 20 20
1.260 2 1 1 0 0.3880 0.4000 0.4138 0.3436 0.3813 0.0028 -0.000000 0.465835 -2.3845 1 1.9100 1  1009 1546 1548 1810 1832 2134 1538 1003  1 1 0 0 0 0 0 20 20
1.265 2 1 1 0 0.3780 0.4000 0.3976 0.3899 0.3834 0.0028 -0.000000 0.465950 -2.2149 1 1.6055 1  956 1550 1525 1793 1825 2052 1431 1039  1 1 0 0 0 0 0 20 20
1.270 2 1 1 0 0.3801 0.4000 0.3651 0.3862 0.3852 0.0028 -0.002617 0.465177 -2.4719 1 1.7176 1  1009 1643 1469 1790 1811 1928 1427 879  1 1 0 0 0 0 0 20 20
1.275 2 1 1 0 0.3861 0.4000 0.3826 0.3826 0.3870 0.0028 -0.000000 0.463319 -2.7299 1 1.6005 1  1159 1631 1550 1812 1828 2002 1349 997  1 1 0 0 0 0 0 20 20
1.280 2 1 1 0 0.3961 0.3900 0.4097 0.4097 0.3892 0.0028 0.002617 0.463786 -3.2330 1 1.5882 1  1273 1707 1733 1820 1804 2028 1356 968  1 1 0 0 0 0 0 20 20
1.285 2 1 1 0 0.4000 0.3800 0.3651 0.3935 0.3913 0.0028 0.002617 0.464437 -2.9304 1 1.3268 1  1258 1658 1618 1722 1805 1883 1299 1091  1 1 0 0 0 0 0 20 20
1.290 2 1 1 0 0.3960 0.3832 0.3217 0.3720 0.3929 0.0028 0.002617 0.464861 -3.0107 1 1.4201 1  1218 1630 1505 1627 1776 1812 1305 938  1 1 0 0 0 0 0 20 20
1.295 2 1 1 0 0.4000 0.3801 0.3976 0.3826 0.3949 0.0028 0.002617 0.464858 -4.1800 0 1.1715 1  1344 1673 1617 1767 1752 1690 1272 929  1 1 0 0 0 0 0 18 20
1.300 2 1 1 0 0.4000 0.3825 0.4138 0.4016 0.3969 0.0028 0.002617 0.465805 -4.1203 1 1.2795 1  1325 1653 1502 1703 1735 1715 1261 892  1 1 0 0 0 0 0 19 20
1.305 2 1 1 0 0.3980 0.3860 0.3976 0.3976 0.3988 0.0029 -0.000000 0.465747 -4.1800 0 0.7591 1  1383 1617 1535 1782 1682 1533 1241 1021  1 1 0 0 0 0 0 14 20
1.310 2 1 1 0 0.4000 0.3833 0.3753 0.3558 0.4006 0.0029 0.002617 0.465229 -4.1800 0 0.9178 1  1470 1631 1566 1687 1657 1687 1270 1118  1 1 0 0 0 0 0 11 20
1.315 2 1 1 0 0.4000 0.3851 0.3525 0.4016 0.4026 0.0029 0.002617 0.464477 -4.1800 0 0.7666 1  1351 1627 1465 1713 1638 1584 1267 1058  1 1 0 0 0 0 0 6 20
1.320 2 1 1 0 0.4000 0.3865 0.3862 0.3935 0.4047 0.0029 0.002617 0.464934 -4.1800 0 0.6463 1  1471 1658 1495 1842 1560 1615 1261 1014  1 1 0 0 0 0 0 1 20
1.325 2 1 1 0 0.4000 0.3810 0.3935 0.3935 0.4065 0.0029 0.005235 0.464906 -4.1800 0 0.4444 1  1424 1587 1513 1820 1539 1433 1256 1186  1 1 0 0 0 0 0 0 20
1.330 2 1 1 0 0.4000 0.3830 0.3688 0.3935 0.4083 0.0029 0.002617 0.463993 -4.1800 0 0.4017 1  1466 1576 1555 1681 1504 1354 1215 1008  1 1 0 0 0 0 0 0 20
1.335 2 1 1 0 0.4000 0.3810 0.3935 0.3619 0.4101 0.0029 0.005235 0.463566 -4.1800 0 0.2847 1  1588 1506 1644 1660 1465 1374 1220 1004  1 1 0 0 0 0 0 0 20
1.340 2 1 1 0 0.4000 0.3710 0.4179 0.3935 0.4122 0.0029 0.005235 0.463933 -4.1800 0 0.1832 1  1412 1556 1641 1664 1405 1307 1215 1155  1 1 0 0 0 0 0 0 20
1.345 2 1 1 0 0.4000 0.3680 0.3651 0.3688 0.4142 0.0029 0.005235 0.464229 -4.1800 0 0.0636 1  1420 1630 1626 1723 1325 1427 1262 1120  1 1 0 0 0 0 0 0 20
1.350 2 1 1 0 0.3944 0.3780 0.3720 0.3688 0.4160 0.0029 0.002617 0.463916 -4.1800 0 -0.0135 1  1390 1495 1612 1623 1301 1331 1240 1026  1 1 0 0 0 0 0 0 20
1.355 2 1 1 0 0.4000 0.3760 0.3619 0.3935 0.4178 0.0029 0.005235 0.462975 -4.1800 0 -0.3199 1  1413 1652 1524 1443 1265 1351 1223 966  1 1 0 0 0 0 0 0 20
1.360 2 1 1 0 0.4000 0.3698 0.3586 0.3525 0.4199 0.0029 0.005235 0.463212 -3.5197 1 -0.1415 1  1308 1727 1499 1573 1204 1335 1218 1054  1 1 0 0 0 0 0 1 20
1.365 2 1 1 0 0.3932 0.3785 0.4057 0.3586 0.4217 0.0029 0.002617 0.463420 -4.1800 0 -0.3351 1  1369 1697 1594 1456 1222 1402 1207 1212  1 1 0 0 0 0 0 0 20
1.370 2 1 1 0 0.3966 0.3972 0.3217 0.3899 0.4237 0.0029 0.002617 0.463037 -4.1800 0 -0.3388 1  1595 1655 1474 1465 1155 1383 1223 1037  1 1 0 0 0 0 0 0 20
1.375 2 1 1 0 0.4000 0.3872 0.3351 0.3651 0.4255 0.0030 0.005235 0.461756 -4.1800 0 -0.2385 1  1552 1624 1634 1488 1152 1390 1160 980  1 1 0 0 0 0 0 0 20
1.380 2 1 1 0 0.4000 0.3772 0.4016 0.3899 0.4276 0.0030 0.005235 0.461685 -4.1800 0 -0.2119 1  1329 1521 1451 1448 1115 1428 1142 948  1 1 0 0 0 0 0 0 20
1.385 2 1 1 0 0.3921 0.3832 0.4057 0.3826 0.4294 0.0030 0.002617 0.461584 -4.1800 0 -0.3926 1  1393 1705 1425 1395 1110 1346 1118 1106  1 1 0 0 0 0 0 0 20
1.390 2 1 1 0 0.4000 0.3841 0.3586 0.3688 0.4312 0.0030 0.005235 0.461889 -4.1800 0 -0.5317 1  1357 1427 1343 1258 1067 1137 1158 881  1 1 0 0 0 0 0 0 20
1.395 2 1 1 0 0.4000 0.3741 0.3899 0.3976 0.4333 0.0030 0.005235 0.461564 -4.1800 0 -0.5474 1  1552 1611 1451 1210 1088 1372 1117 763  1 1 0 0 0 0 0 0 20
1.400 2 1 1 0 0.4000 0.3761 0.3935 0.3935 0.4349 0.0030 0.005235 0.461649 -4.1800 0 -0.8936 1  1563 1641 1297 1218 1090 1379 1153 1098  1 1 0 0 0 0 0 0 20
1.405 2 1 1 0 0.4000 0.3776 0.3525 0.4016 0.4369 0.0030 0.005235 0.462239 -4.1800 0 -0.8965 1  1413 1647 1335 1057 1076 1346 1115 1074  1 1 0 0 0 0 0 0 20
1.410 2 1 1 0 0.4000 0.3789 0.3862 0.3862 0.4389 0.0030 0.005235 0.461864 -4.1800 0 -0.7899 1  1382 1625 1355 1126 1069 1183 1153 889  1 1 0 0 0 0 0 0 20
1.415 2 1 1 0 0.4000 0.3799 0.3688 0.3935 0.4406 0.0030 0.005235 0.461305 -4.1800 0 -0.8143 1  1413 1610 1347 1138 1083 1248 1111 1028  1 1 0 0 0 0 0 0 20
1.420 2 1 1 0 0.4000 0.3806 0.4057 0.3651 0.4426 0.0030 0.005235 0.461282 -4.1800 0 -0.9467 1  1373 1523 1266 1013 1087 1276 1114 984  1 1 0 0 0 0 0 0 20
1.425 2 1 1 0 0.4000 0.3812 0.4138 0.3862 0.4446 0.0030 0.005235 0.461969 -4.1800 0 -1.2386 1  1432 1479 1106 1059 1080 1048 1170 940  1 1 0 0 0 0 0 0 20
1.430 2 1 1 0 0.3980 0.3836 0.3193 0.3753 0.4464 0.0031 0.002617 0.461606 -4.1800 0 -1.4869 1  1346 1370 1068 1052 1114 1335 1127 1164  1 1 0 0 0 0 0 0 20
1.435 2 1 1 0 0.4000 0.3795 0.3217 0.3789 0.4483 0.0031 0.005235 0.461056 -4.1800 0 -1.6982 1  1544 1322 1096 993 1082 1253 1162 1093  1 1 0 0 0 0 0 0 20
1.440 2 1 1 0 0.4000 0.3803 0.4057 0.3899 0.4503 0.0031 0.005235 0.460595 -4.1800 0 -1.2439 1  1357 1504 1014 1093 1065 1243 1120 716  1 1 0 0 0 0 0 0 20
1.445 2 1 1 0 0.4000 0.3810 0.4057 0.3688 0.4523 0.0031 0.005235 0.461312 -4.1800 0 -1.3274 1  1351 1412 1079 971 1095 1279 1140 870  1 1 0 0 0 0 0 0 20
1.450 2 1 1 0 0.3920 0.3891 0.3976 0.3651 0.4541 0.0031 0.002617 0.461373 -4.1800 0 -1.5937 1  1445 1440 1018 1122 1086 1268 1125 946  1 1 0 0 0 0 0 0 20
1.455 2 1 1 0 0.4000 0.3791 0.3651 0.3935 0.4560 0.0031 0.005235 0.460676 -4.1800 0 -1.5619 1  1209 1300 936 1131 1099 1314 1122 1020  1 1 0 0 0 0 0 0 20
1.460 2 1 1 0 0.4000 0.3762 0.3862 0.3976 0.4578 0.0031 0.007852 0.460155 -4.1800 0 -1.6670 1  1307 1260 957 1071 1089 1160 1118 847  1 1 0 0 0 0 0 0 20
1.465 2 1 1 0 0.4000 0.3662 0.4057 0.3688 0.4598 0.0031 0.007852 0.461100 -4.1800 0 -1.5364 1  1245 1315 983 1108 1108 1277 1126 954  1 1 0 0 0 0 0 0 20
1.470 2 1 1 0 0.4000 0.3762 0.3753 0.3862 0.4616 0.0031 0.005235 0.461219 -4.1800 0 -1.9110 1  1255 1147 986 1032 1102 1424 1093 829  1 1 0 0 0 0 0 0 20
1.475 2 1 1 0 0.4000 0.3782 0.3558 0.3688 0.4635 0.0031 0.007852 0.460578 -4.1800 0 -2.0076 1  1236 1155 984 1040 1108 1313 1149 1059  1 1 0 0 0 0 0 0 20
1.480 2 1 1 0 0.4000 0.3682 0.3862 0.3976 0.4655 0.0032 0.007852 0.460411 -4.1800 0 -1.8922 1  1092 1056 921 1024 1092 1270 1091 826  1 1 0 0 0 0 0 0 20
1.485 2 1 1 0 0.4000 0.3782 0.4138 0.3862 0.4673 0.0032 0.005235 0.460969 -4.1800 0 -1.9927 1  1113 1060 941 966 1078 1191 1115 872  1 1 0 0 0 0 0 0 20
1.490 2 1 1 0 0.4000 0.3882 0.3408 0.4057 0.4694 0.0032 0.005235 0.461392 -4.1800 0 -0.8256 1  1159 1164 1086 1113 1090 1317 1083 866  1 1 0 0 0 0 0 0 20
1.495 2 1 1 0 0.4000 0.3815 0.3120 0.3899 0.4712 0.0032 0.007852 0.461033 -4.1800 0 -2.0995 1  1195 1024 921 928 1078 1265 1092 1078  1 1 0 0 0 0 0 0 20
1.500 2 1 1 0 0.4000 0.3715 0.3298 0.3688 0.4730 0.0032 0.010469 0.460994 -4.1800 0 1.4472 1  1021 912 876 1079 1034 1443 1095 949  1 1 0 0 0 0 0 0 20
1.505 2 1 1 0 0.4000 0.3656 0.3976 0.3497 0.4748 0.0032 0.007852 0.461560 -4.1800 0 -2.2800 1  1139 855 879 934 1038 1200 1109 833  1 1 0 0 0 0 0 0 20
1.510 2 1 1 0 0.4000 0.3674 0.3688 0.3789 0.4769 0.0032 0.007852 0.462689 -4.1800 0 4.1800 0  911 960 854 1075 1081 1285 1159 1020  1 1 0 0 0 1 0 0 18
1.515 2 1 1 0 0.3980 0.3700 0.3144 0.3789 0.4785 0.0033 0.007852 0.462515 -4.1800 0 -0.3133 1  1021 1079 948 1080 1095 1262 1134 794  1 1 0 0 0 0 0 0 17
1.520 2 1 1 0 0.4000 0.3678 0.3789 0.3862 0.4805 0.0033 0.007852 0.462371 -4.1800 0 2.0413 0  924 975 934 1044 1058 1384 1128 1032  1 1 0 0 0 3 0 0 19
1.525 2 1 1 0 0.4000 0.3669 0.3789 0.3826 0.4823 0.0033 0.010469 0.462497 -4.1800 0 1.6718 0  901 1045 948 1108 1075 1243 1080 992  1 1 0 0 0 4 0 0 20
1.530 2 1 1 0 0.4000 0.3726 0.3408 0.3720 0.4842 0.0033 0.007852 0.464115 -4.1800 0 -0.7600 0  789 971 864 993 1077 1227 1105 945  1 1 0 0 0 7 0 0 20
1.535 2 1 1 0 0.4000 0.3708 0.3047 0.3525 0.4860 0.0033 0.010469 0.465692 -2.0125 1 4.1800 0  765 1087 863 1158 1049 1348 1028 1203  1 1 0 0 0 4 0 1 19
1.540 2 1 1 0 0.4000 0.3741 0.3753 0.3436 0.4878 0.0033 0.007852 0.465838 -2.6465 1 4.1800 0  752 955 887 840 1003 1135 1009 860  1 1 0 0 0 3 0 2 18
1.545 2 1 1 0 0.4000 0.3720 0.3976 0.3899 0.4896 0.0033 0.010469 0.466140 -1.9024 0 -0.7600 0  757 911 913 968 1031 1177 1028 909  1 1 0 0 0 2 0 1 17
1.550 2 1 1 0 0.4000 0.3700 0.3976 0.3899 0.4915 0.0034 0.007852 0.466174 -2.2800 1 0.0833 1  687 1029 790 1026 988 1158 1068 853  1 1 0 0 0 5 0 2 18
1.555 2 1 1 0 0.4000 0.3778 0.4057 0.3789 0.4935 0.0034 0.007852 0.465629 -4.1800 0 4.1800 0  925 934 937 1043 1011 1246 1043 1025  1 1 0 0 0 2 0 2 18
1.560 2 1 1 0 0.4000 0.3767 0.3168 0.3976 0.4955 0.0034 0.007852 0.465341 -2.0281 1 4.1800 0  706 922 820 931 999 1263 1098 964  1 1 0 0 0 1 0 5 15
1.565 2 1 1 0 0.4000 0.3685 0.3651 0.3465 0.4973 0.0034 0.010469 0.465507 -2.1154 1 2.0788 1  727 922 777 1064 1018 1129 1092 785  1 1 0 0 0 2 0 7 15
1.570 2 1 1 0 0.4000 0.3705 0.4179 0.3465 0.4992 0.0034 0.007852 0.466218 -1.5780 1 -0.6753 1  820 922 1037 1010 1063 1259 1054 909  1 1 0 0 0 3 0 9 15
1.575 2 1 1 0 0.4000 0.3801 0.4016 0.3935 0.5012 0.0034 0.007852 0.466599 -1.9589 1 2.4972 1  691 903 815 1076 1041 1251 1085 860  1 1 0 0 0 0 0 11 13
1.580 2 1 1 0 0.4000 0.3784 0.3899 0.3558 0.5032 0.0035 0.007852 0.465785 -4.1800 0 -0.2620 1  983 998 1032 1092 1050 1249 1026 964  1 1 0 0 0 0 0 14 14
1.585 2 1 1 0 0.4000 0.3764 0.3753 0.3619 0.5049 0.0035 0.007852 0.465626 -2.1976 0 2.1992 0  773 909 816 928 1008 1223 1074 943  1 1 0 0 0 2 0 17 13
1.590 2 1 1 0 0.4000 0.3739 0.3753 0.3899 0.5069 0.0035 0.007852 0.466246 -1.5862 1 -0.4750 1  774 907 1093 1078 1038 1185 1061 832  1 1 0 0 0 0 0 19 11
1.595 2 1 1 0 0.4000 0.3722 0.4057 0.3688 0.5089 0.0035 0.007852 0.466643 -1.9631 1 -0.7600 1  744 965 1013 886 1042 1103 1049 809  1 1 0 0 0 0 0 20 11
1.600 2 1 1 0 0.3960 0.3762 0.3753 0.3651 0.5107 0.0035 0.005235 0.466571 -1.0611 0 1.7344 0  743 936 909 1051 1051 1105 1037 826  1 1 0 0 0 1 0 19 14
1.605 2 1 1 0 0.3959 0.3959 0.3862 0.3935 0.5128 0.0035 0.005235 0.466268 -4.1800 0 -0.5601 1  945 796 908 1006 1039 1173 1049 873  1 1 0 0 0 0 0 19 15
1.610 2 1 1 0 0.3999 0.3979 0.3720 0.4057 0.5148 0.0035 0.005235 0.467507 -4.1800 0 4.1800 0  725 943 840 1058 1019 1202 1041 878  1 1 0 0 0 1 0 18 12
1.615 2 1 1 0 0.4000 0.3956 0.3826 0.3789 0.5168 0.0036 0.005235 0.469053 -2.0998 1 4.1800 0  671 918 813 1068 1022 1221 1049 916  1 1 0 0 0 0 0 19 11
1.620 2 1 1 0 0.4000 0.3922 0.3720 0.3899 0.5184 0.0036 0.005235 0.469377 -0.5083 1 4.1800 0  744 895 826 1072 1020 1269 1064 1060  1 1 0 0 0 0 0 20 13
1.625 2 1 1 0 0.4000 0.3865 0.3753 0.3619 0.5203 0.0036 0.007852 0.469390 -4.1800 0 4.1800 0  796 892 930 963 1032 1262 1056 841  1 1 0 0 0 2 0 17 12
1.630 2 1 1 0 0.4000 0.3765 0.3976 0.3899 0.5223 0.0036 0.007852 0.470792 -2.2800 1 0.4277 1  702 982 796 1014 1006 1041 1055 791  1 1 0 0 0 0 0 19 14
1.635 2 1 1 0 0.4000 0.3865 0.4097 0.3688 0.5241 0.0036 0.005235 0.471491 -4.1800 0 1.8956 1  797 907 912 834 1035 1181 1036 744  1 1 0 0 0 0 0 17 14
1.640 2 1 1 0 0.4000 0.3901 0.3168 0.3935 0.5261 0.0036 0.005235 0.471462 -4.1800 0 4.1800 0  934 1000 890 1023 1017 1169 1033 1065  1 1 0 0 0 1 0 17 12
1.645 2 1 1 0 0.4000 0.3816 0.3408 0.4138 0.5280 0.0036 0.007852 0.470811 -4.1800 0 4.1800 0  693 911 810 902 969 1223 1051 921  1 1 0 0 0 2 0 15 10
1.650 2 1 1 0 0.4000 0.3716 0.3935 0.3899 0.5300 0.0036 0.007852 0.471456 -2.1626 0 4.1800 0  738 964 822 960 979 1253 1045 933  1 1 0 0 0 3 0 17 10
1.655 2 1 1 0 0.4000 0.3616 0.3862 0.3899 0.5320 0.0037 0.007852 0.472453 -2.2617 0 2.2682 0  782 936 930 968 1020 1225 1026 831  1 1 0 0 0 2 0 18 13
1.660 2 1 1 0 0.4000 0.3716 0.4016 0.3862 0.5339 0.0037 0.005235 0.472249 -2.2800 0 1.5925 0  766 982 852 1024 1018 1237 1044 958  1 1 0 0 0 1 0 19 12
1.665 2 1 1 0 0.4000 0.3816 0.3651 0.3899 0.5359 0.0037 0.005235 0.471247 -2.3880 0 1.8290 0  766 987 853 1015 988 1287 1057 849  1 1 0 0 0 1 0 20 14
1.670 2 1 1 0 0.4000 0.3836 0.4138 0.4016 0.5379 0.0037 0.005235 0.471937 -1.6646 1 1.5350 1  717 878 945 945 1007 1224 1058 825  1 1 0 0 0 0 0 20 17
1.675 2 1 1 0 0.4000 0.3894 0.4179 0.3862 0.5399 0.0037 0.005235 0.473119 -4.1800 0 1.7367 0  805 841 914 1038 1030 1209 1076 891  1 1 0 0 0 1 0 19 20
1.680 2 1 1 0 0.4000 0.3840 0.3789 0.4016 0.5418 0.0037 0.007852 0.473428 -2.8222 0 2.1573 0  753 910 862 1018 1043 1143 1052 904  1 1 0 0 0 1 0 20 19
1.685 2 1 1 0 0.4000 0.3878 0.3935 0.4016 0.5436 0.0037 0.005235 0.472392 -4.1800 0 4.1800 0  922 946 828 1084 1026 1343 1095 1000  1 1 0 0 0 0 0 17 18
1.690 2 1 1 0 0.4000 0.3860 0.3720 0.3935 0.5456 0.0037 0.005235 0.472375 -4.1800 0 4.1800 0  832 797 974 1010 1038 1207 1099 925  1 1 0 0 0 0 0 17 16
1.695 2 1 1 0 0.4000 0.3845 0.4057 0.4016 0.5477 0.0037 0.005235 0.472668 -4.1800 0 2.0235 1  857 909 844 980 1047 1113 1078 778  1 1 0 0 0 0 0 16 17
1.700 2 1 1 0 0.4000 0.3834 0.4016 0.3753 0.5497 0.0037 0.005235 0.473286 -2.0641 0 4.1800 0  817 986 918 899 1103 1220 1091 888  1 1 0 0 0 1 0 19 18
1.705 2 1 1 0 0.4000 0.3789 0.3525 0.4057 0.5515 0.0038 0.007852 0.472536 2.1323 1 4.1800 0  876 928 875 1094 1073 1186 1153 1080  1 1 0 0 0 0 0 20 19
1.710 2 1 1 0 0.4000 0.3809 0.4223 0.3899 0.5533 0.0038 0.005235 0.473030 -2.4549 1 2.0801 1  792 986 960 1100 1105 1335 1139 797  1 1 0 0 0 1 0 20 20
1.715 2 1 1 0 0.4000 0.3852 0.3935 0.3862 0.5554 0.0038 0.005235 0.473361 -1.5391 1 -0.7600 1  834 968 1098 1035 1111 1318 1208 1017  1 1 0 0 0 0 0 20 19
1.720 2 1 1 0 0.4000 0.3839 0.3899 0.3862 0.5574 0.0038 0.005235 0.473466 -2.2645 1 4.1800 0  773 1081 857 1105 1101 1399 1205 984  1 1 0 0 0 0 0 20 16
1.725 2 1 1 0 0.3920 0.3917 0.3899 0.3935 0.5592 0.0038 0.002617 0.473071 -2.0857 1 4.1800 0  698 1002 825 1089 1085 1419 1193 987  1 1 0 0 0 0 0 20 15
1.730 2 1 1 0 0.3902 0.4000 0.4138 0.3720 0.5612 0.0038 0.002617 0.473745 2.0599 1 4.1800 0  791 955 868 1001 1077 1295 1172 1100  1 1 0 0 0 0 0 20 12
1.735 2 1 1 0 0.3963 0.3980 0.3688 0.3789 0.5631 0.0038 0.005235 0.473915 -2.1779 1 3.6332 1  756 976 776 922 1041 1306 1223 961  1 1 0 0 0 0 0 20 15
1.740 2 1 1 0 0.3954 0.4000 0.3465 0.3935 0.5649 0.0038 0.002617 0.474075 -2.5179 1 4.1800 0  833 980 931 919 1092 1383 1167 1017  1 1 0 0 0 0 0 20 10
1.745 2 1 1 0 0.3993 0.4000 0.3899 0.4057 0.5669 0.0038 0.002617 0.473772 0.5912 1 4.1800 0  793 798 841 965 1059 1356 1182 1120  1 1 0 0 0 0 0 20 5
1.750 2 1 1 0 0.4000 0.3978 0.4016 0.3976 0.5689 0.0038 0.002617 0.474250 -2.2800 1 4.1800 0  703 1067 814 1071 1077 1367 1180 1027  1 1 0 0 0 0 0 20 3
1.755 2 1 1 0 0.4000 0.3955 0.4179 0.3651 0.5710 0.0038 0.002617 0.475381 0.5898 1 4.1800 0  682 980 837 1064 1088 1378 1150 1180  1 1 0 0 0 0 0 20 0
1.760 2 1 1 0 0.3960 0.3983 0.3436 0.3586 0.5728 0.0038 -0.000000 0.475783 -1.5962 1 4.1800 0  759 934 935 1095 1086 1323 1130 1119  1 1 0 0 0 0 0 20 0
1.765 2 1 1 0 0.3900 0.3980 0.3525 0.3935 0.5746 0.0038 0.002617 0.475446 2.2687 1 4.1800 0  882 953 919 1057 1079 1328 1134 1158  1 1 0 0 0 0 0 20 0
1.770 2 1 1 0 0.4000 0.3880 0.4057 0.3899 0.5767 0.0038 0.002617 0.475987 -1.7276 1 4.1800 0  767 950 995 1012 1083 1216 1130 950  1 1 0 0 0 0 0 20 0
1.775 2 1 1 0 0.3980 0.3873 0.4406 0.3935 0.5789 0.0038 -0.000000 0.476479 -1.5203 1 4.1800 0  838 943 1067 1020 1084 1376 1178 1020  1 1 0 0 0 0 0 20 0
1.780 2 1 1 0 0.3880 0.3973 0.3688 0.3935 0.5807 0.0038 -0.002617 0.477115 -2.1873 1 4.1800 0  728 1026 875 1079 1037 1357 1144 1038  1 1 0 0 0 0 0 20 0
1.785 2 1 1 0 0.3860 0.4000 0.3245 0.4016 0.5825 0.0038 -0.000000 0.476831 -4.1800 0 1.5992 1  966 938 842 1061 1065 1364 1154 1032  1 1 0 0 0 0 0 19 1
1.790 2 1 1 0 0.3960 0.4000 0.4016 0.4057 0.5846 0.0038 -0.000000 0.477801 0.3003 1 2.5837 1  749 914 859 952 1065 1324 1164 984  1 1 0 0 0 0 0 20 2
1.795 2 1 1 0 0.4000 0.3989 0.3976 0.4057 0.5866 0.0038 -0.000000 0.478181 -1.9394 1 2.1660 1  738 958 830 1048 1060 1358 1166 955  1 1 0 0 0 0 0 20 4
1.800 2 1 1 0 0.4000 0.3980 0.4312 0.3862 0.5886 0.0038 -0.000000 0.478785 -1.3663 1 4.1800 0  888 933 984 909 1075 1119 1164 1126  1 1 0 0 0 0 0 20 4
1.805 2 1 1 0 0.3940 0.4000 0.3935 0.3976 0.5904 0.0038 -0.002617 0.478746 -2.2659 1 2.2990 1  747 1017 917 920 1057 1327 1159 875  1 1 0 0 0 0 0 20 4
1.810 2 1 1 0 0.3840 0.4000 0.4016 0.3688 0.5925 0.0038 -0.002617 0.479313 -2.5699 1 4.1800 0  778 957 849 888 1070 1266 1143 938  1 1 0 0 0 0 0 20 1
1.815 2 1 1 0 0.3785 0.4000 0.3436 0.3935 0.5945 0.0038 -0.002617 0.479390 -4.1800 0 4.1800 0  836 827 850 1002 1051 1179 1153 983  1 1 0 0 0 0 0 19 2
1.820 2 1 1 0 0.3823 0.4000 0.3862 0.3826 0.5965 0.0038 -0.002617 0.479734 -2.0250 0 1.6468 0  822 956 921 1072 1088 1289 1121 1051  1 1 0 0 0 0 0 20 4
1.825 2 1 1 0 0.3896 0.3940 0.3935 0.4016 0.5984 0.0038 -0.000000 0.480332 -0.3042 1 4.1800 0  756 902 858 1031 1088 1339 1145 884  1 1 0 0 0 0 0 20 3
1.830 2 1 1 0 0.3996 0.3840 0.3688 0.3862 0.6004 0.0038 -0.000000 0.480884 -4.1800 0 2.0937 0  861 967 999 1014 1099 1338 1165 1014  1 1 0 0 0 0 0 17 6
1.835 2 1 1 0 0.3896 0.3940 0.3862 0.4097 0.6022 0.0038 -0.002617 0.481110 1.0328 0 4.1800 0  888 954 1027 1086 1124 1341 1134 958  1 1 0 0 0 0 0 19 4
1.840 2 1 1 0 0.3848 0.4000 0.4097 0.4057 0.6042 0.0038 -0.002617 0.481055 -2.1296 1 4.1800 0  786 1041 887 1182 1105 1334 1128 1010  1 1 0 0 0 0 0 20 0
1.845 2 1 1 0 0.3871 0.4000 0.4016 0.4179 0.6063 0.0038 -0.002617 0.480700 -2.1296 0 4.1800 0  804 1038 935 1098 1136 1297 1154 1025  1 1 0 0 0 3 0 20 0
1.850 2 1 1 0 0.3888 0.4000 0.3688 0.4138 0.6083 0.0038 -0.002617 0.479703 -1.7230 0 -0.5575 0  849 1032 852 1083 1115 1368 1195 873  1 1 0 0 0 1 0 20 2
1.855 2 1 1 0 0.3901 0.4000 0.4016 0.3862 0.6103 0.0038 -0.002617 0.479796 -1.4551 1 4.1800 0  838 1064 1052 1053 1146 1414 1169 1210  1 1 0 0 0 0 0 20 1
1.860 2 1 1 0 0.3910 0.4000 0.3753 0.3935 0.6124 0.0038 -0.002617 0.480198 0.8782 0 4.1800 0  917 962 938 1147 1142 1367 1153 1020  1 1 0 0 0 0 0 20 0
1.865 2 1 1 0 0.3972 0.3940 0.3436 0.4057 0.6142 0.0038 -0.000000 0.480470 -4.1800 0 4.1800 0  849 991 966 901 1112 1288 1154 885  1 1 0 0 0 0 0 18 0
1.870 2 1 1 0 0.4000 0.3840 0.4057 0.4016 0.6162 0.0038 -0.000000 0.480836 -4.1800 0 4.1800 0  902 827 975 1081 1092 1205 1152 1132  1 1 0 0 0 0 0 18 0
1.875 2 1 1 0 0.4000 0.3830 0.3619 0.3688 0.6182 0.0038 -0.000000 0.481328 2.2253 1 4.1800 0  824 986 935 1092 1026 1316 1133 1171  1 1 0 0 0 0 0 20 0
1.880 2 1 1 0 0.4000 0.3864 0.3899 0.4016 0.6203 0.0038 -0.000000 0.481070 -1.7949 0 4.1800 0  762 1000 877 1068 1039 1199 1139 952  1 1 0 0 0 2 0 20 0
1.885 2 1 1 0 0.4000 0.3892 0.3935 0.3651 0.6223 0.0038 -0.000000 0.480535 -1.4243 1 4.1800 0  770 882 945 974 1058 1126 1143 1029  1 1 0 0 0 1 0 20 0
1.890 2 1 1 0 0.4000 0.3921 0.4223 0.4097 0.6243 0.0038 -0.000000 0.481450 -1.6453 1 0.1617 1  826 931 1031 1117 1090 1215 1105 933  1 1 0 0 0 0 0 20 1
1.895 2 1 1 0 0.4000 0.3901 0.3720 0.4016 0.6261 0.0038 0.002617 0.481790 -1.6229 1 -0.7600 1  872 958 1108 967 1092 1259 1114 974  1 1 0 0 0 1 0 20 3
1.900 2 1 1 0 0.4000 0.3921 0.3525 0.3862 0.6280 0.0038 -0.000000 0.481779 -1.8573 0 1.4860 0  838 968 1021 1074 1090 1291 1144 1035  1 1 0 0 0 0 0 20 3
1.905 2 1 1 0 0.4000 0.3977 0.3976 0.4057 0.6300 0.0038 -0.000000 0.480654 -2.2800 0 4.1800 0  823 1008 910 1072 1072 1248 1126 1067  1 1 0 0 0 0 0 20 0
1.910 2 1 1 0 0.4000 0.3981 0.3862 0.4138 0.6320 0.0038 -0.000000 0.480973 -2.5440 1 2.1189 1  782 1004 950 1062 1069 1301 1134 920  1 1 0 0 0 0 0 20 1
1.915 2 1 1 0 0.4000 0.3985 0.3862 0.4138 0.6341 0.0038 -0.000000 0.481676 -1.7313 1 -0.7600 1  809 939 1008 927 1073 1209 1122 927  1 1 0 0 0 0 0 20 3
1.920 2 1 1 0 0.4000 0.3968 0.3619 0.3753 0.6359 0.0038 0.002617 0.481676 2.0422 1 4.1800 0  730 782 862 1016 1059 1034 1077 1082  1 1 0 0 0 0 0 20 0
1.925 2 1 1 0 0.4000 0.3868 0.3379 0.3976 0.6379 0.0038 0.002617 0.480963 -2.2800 1 4.1800 0  712 1066 875 1055 1068 1204 1064 1029  1 1 0 0 0 0 0 17 0
1.930 2 1 1 0 0.4000 0.3768 0.4016 0.3688 0.6399 0.0038 0.002617 0.481182 -4.1800 0 1.6050 1  863 838 948 967 1052 1201 1069 782  1 1 0 0 0 0 0 19 1
1.935 2 1 1 0 0.4000 0.3771 0.3976 0.3935 0.6420 0.0038 0.002617 0.481671 -4.1800 0 1.6050 0  782 963 877 1048 1086 1053 1074 931  1 1 0 0 0 1 0 19 1
1.940 2 1 1 0 0.3980 0.3819 0.3935 0.3976 0.6438 0.0038 -0.000000 0.481403 -2.1819 0 0.6949 0  784 983 910 1097 1055 1213 1064 990  1 1 0 0 0 2 0 20 3
1.945 2 1 1 0 0.4000 0.3807 0.3899 0.3935 0.6456 0.0038 0.002617 0.481200 -4.1800 0 1.9959 0  889 971 881 1114 1029 1321 1078 983  1 1 0 0 0 3 0 18 5
1.950 2 1 1 0 0.4000 0.3833 0.3899 0.4016 0.6476 0.0038 0.002617 0.482118 -1.7044 1 -0.3838 1  816 943 1040 1069 1077 1243 1060 828  1 1 0 0 0 0 0 20 4
1.955 2 1 1 0 0.3980 0.3855 0.4223 0.3862 0.6499 0.0038 -0.000000 0.482760 -2.3488 1 1.1567 1  804 1019 970 951 1050 1240 1070 852  1 1 0 0 0 0 0 20 4
1.960 2 1 1 0 0.4000 0.3835 0.3558 0.4138 0.6517 0.0038 0.002617 0.481909 -2.0933 0 -0.7219 0  831 968 863 1014 1019 1277 1062 930  1 1 0 0 0 1 0 19 5
1.965 2 1 1 0 0.4000 0.3856 0.3753 0.3651 0.6537 0.0038 0.002617 0.481539 -1.0362 1 1.5990 1  796 868 887 1082 1031 1362 1065 880  1 1 0 0 0 0 0 20 7
1.970 2 1 1 0 0.4000 0.3872 0.3862 0.3976 0.6558 0.0038 0.002617 0.481821 -1.9346 1 4.1800 0  761 1028 992 995 1071 1314 1082 1130  1 1 0 0 0 0 0 20 9
1.975 2 1 1 0 0.4000 0.3885 0.3935 0.4057 0.6578 0.0038 0.002617 0.482179 -4.1800 0 4.1800 0  983 1045 1001 1089 1041 1363 1080 1126  1 1 0 0 0 0 0 19 7
1.980 2 1 1 0 0.4000 0.3895 0.3753 0.3935 0.6598 0.0038 0.002617 0.481429 2.2629 0 4.1800 0  877 986 890 1093 1056 1278 1049 960  1 1 0 0 0 2 0 19 5
1.985 2 1 1 0 0.4000 0.3817 0.3862 0.3935 0.6616 0.0039 0.005235 0.480568 -4.1800 0 4.1800 0  980 969 999 1101 1039 1332 1047 1023  1 1 0 0 0 0 0 16 6
1.990 2 1 1 0 0.4000 0.3797 0.4223 0.3688 0.6635 0.0039 0.002617 0.481494 -1.8202 1 -0.7548 1  851 979 1013 964 1067 1249 1049 879  1 1 0 0 0 2 0 18 8
1.995 2 1 1 0 0.4000 0.3897 0.3586 0.3935 0.6655 0.0039 0.002617 0.482111 -2.1625 0 0.4034 0  853 996 951 1002 1048 1184 1092 918  1 1 0 0 0 1 0 20 10
2.000 2 1 1 0 0.4000 0.3971 0.3862 0.3935 0.6675 0.0039 0.002617 0.482117 -2.4527 0 1.5841 0  769 889 903 1068 1083 1257 1065 988  1 1 0 0 0 1 0 20 10
2.005 2 1 1 0 0.4000 0.3963 0.4057 0.4097 0.6696 0.0039 0.002617 0.481264 -2.2800 0 4.1800 0  806 962 903 956 1077 1215 1073 923  1 1 0 0 0 2 0 20 8
2.010 2 1 1 0 0.4000 0.3957 0.4097 0.3935 0.6716 0.0039 0.002617 0.481662 -2.2800 1 4.1800 0  750 1062 920 1087 1054 1317 1054 938  1 1 0 0 0 0 0 20 11
2.015 2 1 1 0 0.4000 0.3953 0.4057 0.3935 0.6736 0.0039 0.002617 0.481847 -2.5757 0 1.6543 0  869 975 881 1094 1062 1300 1092 1019  1 1 0 0 0 2 0 20 12
2.020 2 1 1 0 0.4000 0.3872 0.3298 0.3976 0.6754 0.0039 0.005235 0.481835 2.2800 1 4.1800 0  804 984 884 1029 1079 1238 1055 1042  1 1 0 0 0 0 0 20 10
2.025 2 1 1 0 0.4000 0.3772 0.3899 0.4057 0.6775 0.0039 0.005235 0.480831 -2.5136 1 1.7117 1  802 990 895 968 1049 1338 1064 803  1 1 0 0 0 0 0 20 15
2.030 2 1 1 0 0.4000 0.3704 0.4097 0.4138 0.6795 0.0039 0.005235 0.480950 2.2305 1 4.1800 0  810 976 885 942 1060 1144 1058 1057  1 1 0 0 0 0 0 20 15
2.035 2 1 1 0 0.4000 0.3738 0.4138 0.3976 0.6815 0.0039 0.005235 0.481396 -2.1159 1 4.1800 0  804 1042 1017 1012 1077 1247 1069 1077  1 1 0 0 0 0 0 20 14
2.040 2 1 1 0 0.3940 0.3809 0.3408 0.3976 0.6833 0.0039 0.002617 0.481125 -1.1890 0 4.1800 0  800 1022 909 1125 1070 1294 1090 919  1 1 0 0 0 1 0 20 13
2.045 2 1 1 0 0.4000 0.3750 0.3408 0.3826 0.6852 0.0039 0.005235 0.480676 -4.1800 0 0.1367 0  763 1021 854 1087 1012 1231 1056 973  1 1 0 0 0 1 0 19 15
2.050 2 1 1 0 0.4000 0.3773 0.4097 0.4016 0.6872 0.0040 0.005235 0.481564 -0.7498 1 4.1800 0  743 938 881 1085 1008 1222 1078 1068  1 1 0 0 0 0 0 20 14
2.055 8 1 2 0 0.3940 0.3721 0.4268 0.3651 0.6892 0.0040 0.005235 0.482184 -2.1281 1 4.1800 0  806 990 976 964 992 1255 1080 941  1 1 0 0 0 0 0 20 11
2.060 8 1 2 0 0.3840 0.3621 0.3899 0.3976 0.6913 0.0040 0.005235 0.481643 -2.2019 0 1.7017 0  883 1017 921 1052 1004 1156 1074 907  1 1 0 0 0 1 0 20 12
2.065 8 1 2 0 0.3740 0.3541 0.3935 0.3862 0.6931 0.0040 0.002617 0.481351 -1.7823 1 -0.7278 1  781 961 1005 965 978 1160 1047 875  1 1 0 0 0 0 0 20 13
2.070 8 1 2 0 0.3640 0.3461 0.3497 0.3688 0.6949 0.0040 0.005235 0.482270 -1.8412 0 4.1800 0  779 871 837 1059 1084 1161 1062 871  1 1 0 0 0 1 0 20 14
2.075 8 1 2 0 0.3540 0.3361 0.3935 0.3720 0.6969 0.0040 0.005235 0.483181 -2.9265 0 1.6893 0  777 961 834 1085 1004 1290 1053 867  1 1 0 0 0 2 0 20 14
2.080 8 1 2 0 0.3460 0.3341 0.3688 0.3586 0.6986 0.0040 0.005235 0.483478 -2.2123 1 1.3621 1  797 1006 988 943 1009 1286 1056 843  1 1 0 0 0 1 0 20 15
2.085 8 1 2 0 0.3380 0.3301 0.3497 0.3497 0.7004 0.0040 0.002617 0.483182 -4.1800 0 1.5281 0  820 949 898 1021 1027 1145 1085 865  1 1 0 0 0 1 0 19 15
2.090 8 1 2 0 0.3340 0.3241 0.3651 0.3379 0.7020 0.0040 0.002617 0.483715 -4.1800 0 4.1800 0  909 871 885 1006 1063 1218 1067 1006  1 1 0 0 0 0 0 19 13
2.095 8 1 2 0 0.3300 0.3181 0.3379 0.3465 0.7038 0.0040 0.005235 0.484271 -4.1800 0 4.1800 0  890 954 894 963 1123 1236 1104 871  1 1 0 0 0 2 0 19 13
2.100 8 1 2 0 0.3260 0.3121 0.3586 0.3323 0.7055 0.0040 0.005235 0.485080 -4.1800 0 4.1800 0  841 785 924 1033 1224 1047 1073 969  1 1 0 0 0 0 0 18 12
2.105 8 1 2 0 0.3180 0.3061 0.3619 0.3144 0.7073 0.0040 0.002617 0.485438 -4.1800 0 0.7015 1  925 875 827 1067 1096 1145 1078 795  1 1 0 0 0 0 0 16 16
2.110 8 1 2 0 0.3120 0.3001 0.3619 0.3026 0.7089 0.0041 0.002617 0.486332 -4.1800 0 -2.0893 0  909 977 909 1045 1103 1242 1079 958  1 1 0 0 0 0 0 14 18
2.115 8 1 2 0 0.2981 0.2981 0.3497 0.3026 0.7105 0.0041 0.002617 0.486665 -4.1800 0 4.1800 0  862 895 921 1097 1177 1198 1079 1032  1 1 0 0 0 0 0 11 19
2.120 8 1 2 0 0.2901 0.2881 0.3525 0.2937 0.7121 0.0041 0.002617 0.487480 -2.0522 1 4.1800 0  696 968 844 1043 988 1313 1083 1035  1 1 0 0 0 0 0 11 18
2.125 8 1 2 0 0.2801 0.2801 0.3436 0.3071 0.7138 0.0041 0.002617 0.488824 -2.0522 0 4.1800 0  926 983 904 1055 1191 1359 1074 985  1 1 0 0 0 0 0 11 18
2.130 8 1 2 0 0.2701 0.2721 0.3436 0.2957 0.7154 0.0041 0.002617 0.489755 -1.7511 0 -0.4814 0  892 985 976 1060 1106 1279 1090 1004  1 1 0 0 0 0 0 12 17
2.135 8 1 2 0 0.2601 0.2641 0.3168 0.2876 0.7170 0.0041 0.002617 0.490818 -1.7511 0 -0.4814 0  818 971 814 1053 1063 1303 1082 876  1 1 0 0 0 1 0 12 17
2.140 8 1 2 0 0.2521 0.2561 0.3217 0.2937 0.7184 0.0041 -0.000000 0.491164 -4.1800 0 4.1800 0  977 959 945 941 1182 1230 1232 811  1 1 0 0 0 0 0 7 18
2.145 8 1 2 0 0.2481 0.2501 0.3071 0.2937 0.7199 0.0041 0.002617 0.492636 -1.7265 1 4.1800 0  763 959 1027 1045 1175 1172 1096 1009  1 1 0 0 0 0 0 9 16
2.150 8 1 2 0 0.2421 0.2461 0.2982 0.2897 0.7213 0.0041 -0.000000 0.493495 -1.9062 1 4.1800 0  776 973 854 1086 1079 1274 1040 1031  1 1 0 0 0 0 0 12 13
