%% logfile from robot Ella (8)
% Ella (8)
%  1    time 0.000 sec
%  2  3  4  5   (mission 0), state 2, entered (thread 2, line 0), events 0x0 (bit-flags)
%  6  7 Motor velocity ref left, right: 0.2000 0.2000
%  8  9 Wheel velocity [m/s] left, right: -0.0000 -0.0000
% 10 11 12 13 Pose x,y,h,tilt [m,m,rad,rad]: 0 0 0 0.463191
% 14 .. 34 Line sensor: left 0.000000 0, right 0.000000 0, values 836 987 908 1051 1097 1292 1154 947, white 1, used 1, LEDhigh=0, xb=0 xw=0 xbc=0 xwc=0 lvl=0 lvr=0
0.005 2 2 0 0 -0.3701 0.2000 -0.0000 0.0000 0.0000 -0.0000 0.005235 0.463358 -2.1304 1 4.1800 0  728 1045 814 1138 1226 1293 1246 1091  1 1 0 0 0 0 0 3 0
0.010 2 2 0 0 -0.4374 0.2000 -0.3245 0.1858 -0.0002 -0.0000 0.018321 0.463512 -2.3742 1 4.1800 0  746 1115 753 1220 1119 1325 920 992  1 1 0 0 0 0 0 6 0
0.015 2 2 0 0 -0.3250 0.2000 -0.3379 0.1834 -0.0006 -0.0000 0.034025 0.463275 -1.9497 0 4.1800 0  836 976 903 1058 1097 1327 1135 1019  1 1 0 0 0 0 0 7 0
0.020 2 2 0 0 -0.4499 0.2000 -0.2089 0.1213 -0.0010 -0.0000 0.044494 0.466628 -2.4154 1 1.1641 1  878 1180 967 1027 1153 1372 1150 1029  1 1 0 0 0 0 0 3 2
0.025 2 2 0 0 -0.4177 0.2000 -0.0751 0.0617 -0.0008 -0.0000 0.047111 0.468105 -2.2800 1 1.3932 1  798 1249 900 1027 1072 1478 1120 951  1 1 0 0 0 0 0 8 2
0.030 2 2 0 0 -0.4222 0.2000 -0.2215 0.0726 -0.0010 -0.0000 0.054963 0.467798 -2.2800 1 2.1092 1  588 1086 889 975 1068 1254 1059 812  1 1 0 0 0 0 0 13 7
0.035 2 2 0 0 -0.4731 0.2000 -0.3497 0.1501 -0.0016 -0.0001 0.073284 0.468113 -2.4610 1 2.2146 1  834 1057 903 1156 1082 1301 1234 870  1 1 0 0 0 0 0 14 5
0.040 2 2 0 0 -0.4218 0.2000 -0.4016 0.1505 -0.0022 -0.0001 0.091605 0.470410 -4.1800 0 4.1800 0  839 922 902 901 955 1321 1148 939  1 1 0 0 0 0 0 12 3
0.045 2 2 0 0 0.2000 0.0179 -0.3862 0.1205 -0.0028 -0.0002 0.104692 0.471853 -4.1800 0 2.2053 1  980 1028 1018 1057 1124 1306 1280 838  1 1 0 0 0 0 0 13 4
0.050 2 2 0 0 -0.4688 0.2000 -0.1708 0.0811 -0.0030 -0.0002 0.112544 0.472487 -2.4189 1 4.1800 0  824 1110 912 1082 993 1348 1110 973  1 1 0 0 0 0 0 17 0
0.055 2 1 1 0 -0.4588 0.1900 -0.3323 0.1566 -0.0034 -0.0002 0.128247 0.471789 -2.6646 1 1.5224 1  835 1055 940 1065 1022 1281 1091 837  1 1 0 0 0 0 0 20 2
0.060 2 1 1 0 -0.4488 0.1800 -0.3789 0.1996 -0.0038 -0.0003 0.143951 0.472498 -1.9296 0 4.1800 0  835 1004 900 1081 1125 1295 1122 900  1 1 0 0 0 0 0 19 0
0.065 2 1 1 0 -0.4388 0.1700 -0.3826 0.1704 -0.0042 -0.0004 0.159655 0.474062 0.3723 1 4.1800 0  824 835 900 942 1096 1120 1203 1089  1 1 0 0 0 0 0 19 2
0.070 2 1 1 0 -0.4288 0.1600 -0.3217 0.1513 -0.0048 -0.0005 0.177976 0.474856 0.1949 0 4.1800 0  828 1091 897 1125 1092 1281 1238 962  1 1 0 0 0 0 0 18 0
0.075 2 1 1 0 -0.4188 0.1500 -0.3120 0.1371 -0.0052 -0.0005 0.193680 0.476044 -2.1407 1 4.1800 0  830 1032 881 990 1086 1278 1164 1065  1 1 0 0 0 0 0 19 0
0.080 2 1 1 0 -0.4088 0.1400 -0.3095 0.1363 -0.0056 -0.0006 0.209384 0.476176 -4.1800 0 2.6335 1  833 814 903 1061 1087 1155 1163 868  1 1 0 0 0 0 0 16 3
0.085 2 1 1 0 -0.3988 0.1300 -0.2722 0.1391 -0.0062 -0.0008 0.222470 0.476673 -4.1800 0 2.6335 0  833 1028 896 1048 1044 1372 1173 1005  1 1 0 0 0 0 0 16 3
0.090 2 1 1 0 -0.3888 0.1200 -0.2503 0.1310 -0.0066 -0.0008 0.238174 0.477745 -1.9853 1 4.1800 0  832 1062 896 1103 1166 1469 1199 1065  1 1 0 0 0 0 0 20 0
0.095 2 1 1 0 -0.3788 0.1100 -0.2937 0.1270 -0.0070 -0.0009 0.248643 0.478868 -2.4518 1 -1.3290 1  832 1223 894 1002 1085 1320 1202 810  1 1 0 0 0 0 0 20 1
0.100 2 1 1 0 -0.3688 0.1000 -0.3047 0.1156 -0.0074 -0.0010 0.264347 0.479537 -2.2800 1 1.3191 1  833 1249 892 1088 1086 1463 1167 968  1 1 0 0 0 0 0 20 3
0.105 2 1 1 0 -0.3588 0.0900 -0.3144 0.1205 -0.0080 -0.0012 0.277434 0.480070 -2.2665 0 4.1800 0  844 1020 901 1175 1085 1286 1166 941  1 1 0 0 0 0 0 20 2
0.110 2 1 1 0 -0.3488 0.0800 -0.2471 0.1225 -0.0082 -0.0013 0.290520 0.480396 -2.3009 0 1.6209 0  837 1088 898 1053 1082 1307 1153 982  1 1 0 0 0 0 0 20 3
0.115 2 1 1 0 -0.3388 0.0700 -0.2917 0.1160 -0.0086 -0.0014 0.300989 0.481330 -2.3572 1 -0.1463 1  837 1146 897 1145 1094 1190 1169 982  1 1 0 0 0 0 0 20 3
0.120 2 1 1 0 -0.3288 0.0600 -0.2738 0.1189 -0.0090 -0.0015 0.316693 0.481958 -2.8290 0 2.0494 0  833 897 899 895 1089 1182 1169 835  1 1 0 0 0 0 0 19 2
0.125 2 1 1 0 -0.3188 0.0500 -0.2345 0.0974 -0.0094 -0.0016 0.327162 0.482437 -2.2862 1 -1.4912 1  833 1177 898 1053 1083 1286 1186 924  1 1 0 0 0 0 0 20 2
0.130 2 1 1 0 -0.3088 0.0400 -0.2982 0.0783 -0.0097 -0.0018 0.337631 0.482695 -2.2800 1 -1.5018 1  834 1222 899 1143 1088 1294 1162 967  1 1 0 0 0 0 0 20 6
0.135 2 1 1 0 -0.2988 0.0300 -0.2385 0.0840 -0.0101 -0.0019 0.348101 0.482640 -2.3457 1 2.0790 1  837 1048 903 1184 1093 1215 1214 870  1 1 0 0 0 0 0 20 7
0.140 2 1 1 0 -0.2888 0.0200 -0.2722 0.0726 -0.0107 -0.0021 0.361187 0.483135 -2.6673 1 4.1800 0  837 1059 911 942 1085 1112 1155 994  1 1 0 0 0 0 0 20 0
0.145 2 1 1 0 -0.2788 0.0100 -0.2686 0.0665 -0.0113 -0.0023 0.369039 0.482951 -4.1800 0 4.1800 0  834 920 884 825 1090 1147 1159 953  1 1 0 0 0 0 0 12 0
0.150 2 1 1 0 -0.2688 -0.0000 -0.2154 0.0365 -0.0118 -0.0026 0.376891 0.482827 -4.1800 0 4.1800 0  839 972 903 1065 1081 1256 1153 913  1 1 0 0 0 0 0 10 0
0.155 2 1 1 0 -0.2588 -0.0100 -0.2633 0.0252 -0.0124 -0.0028 0.384743 0.483000 -2.4037 1 1.6413 1  831 1112 901 1192 1077 1369 1156 876  1 1 0 0 0 0 0 13 3
0.160 2 1 1 0 -0.2488 -0.0200 -0.2487 0.0239 -0.0128 -0.0029 0.395212 0.482625 -4.1800 0 4.1800 0  835 1010 885 1060 1087 1272 1154 991  1 1 0 0 0 0 0 13 0
0.165 2 1 1 0 -0.2388 -0.0300 -0.2385 0.0239 -0.0133 -0.0032 0.403064 0.482252 -2.0796 1 1.6488 1  835 1007 901 1170 1081 1382 1130 879  1 1 0 0 0 0 0 16 1
0.170 2 1 1 0 -0.2288 -0.0400 -0.2264 0.0239 -0.0137 -0.0033 0.408299 0.482252 -2.1855 0 1.2983 0  828 1108 887 1190 1097 1278 1151 986  1 1 0 0 0 0 0 20 1
0.175 2 1 1 0 -0.2188 -0.0500 -0.2179 -0.0211 -0.0144 -0.0037 0.413533 0.481607 -2.4636 0 1.8363 0  832 934 901 1128 1086 1159 1146 923  1 1 0 0 0 0 0 20 2
0.180 2 1 1 0 -0.2088 -0.0600 -0.2191 -0.0211 -0.0150 -0.0039 0.421385 0.481389 -4.1800 0 2.3894 0  824 927 905 998 1085 1242 1212 1047  1 1 0 0 0 0 0 18 2
0.185 2 1 1 0 -0.1988 -0.0700 -0.2203 -0.0430 -0.0156 -0.0042 0.424002 0.481108 -2.3533 1 1.7972 1  817 1050 902 1215 1072 1293 1158 815  1 1 0 0 0 0 0 20 1
0.190 2 1 1 0 -0.1888 -0.0800 -0.1834 -0.0430 -0.0161 -0.0044 0.431854 0.480694 -2.3533 0 1.7972 0  816 993 879 1122 1075 1217 1147 940  1 1 0 0 0 0 0 20 1
0.195 2 1 1 0 -0.1788 -0.0900 -0.1996 -0.0641 -0.0167 -0.0047 0.434472 0.480618 -2.2800 0 -0.0092 0  809 957 897 971 1077 1264 1158 968  1 1 0 0 0 0 0 20 2
0.200 2 1 1 0 -0.1688 -0.1000 -0.1667 -0.0592 -0.0172 -0.0049 0.437089 0.479901 -0.5724 1 4.1800 0  807 989 882 1125 1070 1299 1151 1075  1 1 0 0 0 0 0 20 0
0.205 2 1 1 0 -0.1588 -0.1100 -0.1826 -0.0613 -0.0179 -0.0053 0.442323 0.479186 -4.1800 0 4.1800 0  803 803 890 910 1070 1128 1149 998  1 1 0 0 0 0 0 18 0
0.210 2 1 1 0 -0.1488 -0.1200 -0.1578 -0.0803 -0.0185 -0.0055 0.444941 0.478948 -2.2800 0 -1.4829 0  794 939 888 945 1056 1145 1146 913  1 1 0 0 0 0 0 20 2
0.215 2 1 1 0 -0.1388 -0.1300 -0.1282 -0.1051 -0.0189 -0.0057 0.444941 0.478839 -1.2635 1 4.1800 0  789 758 883 1076 1067 1134 1121 1051  1 1 0 0 0 0 0 20 0
0.220 2 1 1 0 -0.1288 -0.1400 -0.1578 -0.1059 -0.0194 -0.0060 0.447558 0.478974 -2.2800 0 1.5097 0  780 974 857 1097 1080 1279 1138 901  1 1 0 0 0 0 0 20 1
0.225 2 1 1 0 -0.1188 -0.1500 -0.1197 -0.0925 -0.0200 -0.0062 0.450175 0.478857 -4.1800 0 4.1800 0  776 1036 865 946 1078 1245 1140 955  1 1 0 0 0 0 0 14 0
0.230 2 1 1 0 -0.1088 -0.1600 -0.1193 -0.1164 -0.0205 -0.0065 0.447558 0.478278 -0.5817 0 4.1800 0  777 1009 850 1071 1078 1265 1132 966  1 1 0 0 0 0 0 17 0
0.235 2 1 1 0 -0.0988 -0.1700 -0.1262 -0.1249 -0.0211 -0.0068 0.450175 0.477217 0.5091 0 1.7240 0  781 979 854 1068 1081 1276 1115 991  1 1 0 0 0 0 0 19 1
0.240 2 1 1 0 -0.0888 -0.1800 -0.1168 -0.1099 -0.0216 -0.0070 0.447558 0.476439 -1.2045 0 2.2250 0  782 1036 849 1081 1062 1338 1136 922  1 1 0 0 0 0 0 19 2
0.245 2 1 1 0 -0.0788 -0.1900 -0.1152 -0.1578 -0.0221 -0.0073 0.444941 0.476344 0.6976 1 1.5702 1  796 921 849 1149 1075 1604 1127 1026  1 1 0 0 0 0 0 20 4
0.250 2 1 1 0 -0.0688 -0.2000 -0.0970 -0.1623 -0.0229 -0.0076 0.444941 0.476455 -4.1800 0 2.2224 1  789 875 842 1066 1075 1253 1134 763  1 1 0 0 0 0 0 18 5
0.255 2 1 1 0 -0.0588 -0.2100 -0.0734 -0.1465 -0.0232 -0.0078 0.444941 0.476299 -2.3434 0 -1.4415 0  792 914 839 1011 1100 1308 1156 927  1 1 0 0 0 0 0 19 6
0.260 2 1 1 0 -0.0488 -0.2180 -0.0828 -0.1310 -0.0238 -0.0081 0.442323 0.475858 -0.7118 0 4.1800 0  793 939 848 988 1062 1221 1069 862  1 1 0 0 0 0 0 20 0
0.265 2 1 1 0 -0.0388 -0.2200 -0.0767 -0.1842 -0.0242 -0.0082 0.437089 0.475245 -2.2855 1 -1.5200 1  794 1087 843 1052 1060 1204 1126 942  1 1 0 0 0 0 0 20 1
0.270 2 1 1 0 -0.0288 -0.2200 -0.0698 -0.1903 -0.0249 -0.0086 0.431854 0.474633 -0.5095 1 4.1800 0  796 840 829 1034 1057 1351 1130 986  1 1 0 0 0 0 0 20 0
0.275 2 1 1 0 -0.0188 -0.2200 -0.0568 -0.1866 -0.0255 -0.0088 0.429237 0.474489 0.3425 0 4.1800 0  793 971 844 1010 1056 1226 1124 971  1 1 0 0 0 0 0 20 0
0.280 2 1 1 0 -0.0088 -0.2200 -0.0552 -0.1834 -0.0258 -0.0090 0.424002 0.474360 -2.4374 0 1.7897 0  795 794 851 964 1054 1116 1124 865  1 1 0 0 0 0 0 20 1
0.285 2 1 1 0 0.0012 -0.2200 -0.0385 -0.2239 -0.0266 -0.0093 0.418768 0.473985 0.6830 0 1.6117 0  797 967 862 965 1059 1332 1119 911  1 1 0 0 0 0 0 20 3
0.290 2 1 1 0 0.0112 -0.2200 -0.0385 -0.1931 -0.0269 -0.0095 0.413533 0.473722 1.7567 1 4.1800 0  790 794 862 883 1050 1194 1121 1061  1 1 0 0 0 0 0 20 0
0.295 2 1 1 0 0.0212 -0.2200 -0.0341 -0.1793 -0.0273 -0.0097 0.408299 0.473549 -4.1800 0 2.2265 0  788 995 864 1110 1042 1278 1103 964  1 1 0 0 0 0 0 18 1
0.300 2 1 1 0 0.0312 -0.2200 -0.0239 -0.1939 -0.0279 -0.0099 0.400447 0.473568 -2.4887 1 0.4645 1  790 1044 861 1109 1051 1189 986 899  1 1 0 0 0 0 0 18 4
0.305 2 1 1 0 0.0412 -0.2200 -0.0183 -0.2028 -0.0282 -0.0101 0.395212 0.473220 -1.0146 0 0.2953 0  791 931 862 970 1056 1200 1113 827  1 1 0 0 0 0 0 19 5
0.310 2 1 1 0 0.0492 -0.2160 -0.0150 -0.1866 -0.0288 -0.0103 0.387360 0.472911 -2.1199 0 4.1800 0  792 987 875 947 1065 1278 1108 861  1 1 0 0 0 0 0 18 4
0.315 2 1 1 0 0.0552 -0.2080 -0.0126 -0.1959 -0.0292 -0.0104 0.382126 0.472686 -4.1800 0 4.1263 1  787 891 865 765 1059 1244 1104 872  1 1 0 0 0 0 0 14 3
0.320 2 1 1 0 0.0572 -0.1980 -0.0110 -0.1919 -0.0296 -0.0106 0.376891 0.472600 -1.4278 0 4.1800 0  792 1012 877 1103 1066 1180 1107 910  1 1 0 0 0 0 0 17 0
0.325 2 1 1 0 0.0572 -0.1880 -0.0093 -0.2166 -0.0301 -0.0108 0.369039 0.472641 -2.1506 1 1.8836 1  791 941 877 907 1076 1370 1096 770  1 1 0 0 0 0 0 17 2
0.330 2 1 1 0 0.0572 -0.1780 -0.0085 -0.1931 -0.0305 -0.0110 0.363804 0.472711 -4.1800 0 3.3399 1  788 754 879 829 1069 1102 1090 859  1 1 0 0 0 0 0 14 5
0.335 2 1 1 0 0.0572 -0.1680 0.0081 -0.1615 -0.0309 -0.0111 0.353335 0.472648 -1.1035 1 0.4852 1  788 831 877 1161 1072 1177 1084 840  1 1 0 0 0 0 0 16 7
0.340 2 1 1 0 0.0572 -0.1580 0.0081 -0.1708 -0.0313 -0.0112 0.348101 0.472558 -1.1358 0 1.0861 0  785 975 881 1107 1078 1272 1075 924  1 1 0 0 0 0 0 19 4
0.345 2 1 1 0 0.0572 -0.1480 0.0081 -0.1615 -0.0316 -0.0114 0.342866 0.472689 -1.9110 1 4.1800 0  789 1004 866 1185 1080 1237 1075 1011  1 1 0 0 0 0 0 20 6
0.350 2 1 1 0 0.0572 -0.1380 0.0252 -0.1452 -0.0318 -0.0114 0.335014 0.472997 -2.4268 1 1.4807 1  791 1106 881 951 1084 1309 1075 807  1 1 0 0 0 0 0 20 10
0.355 2 1 1 0 0.0572 -0.1280 0.0252 -0.1347 -0.0320 -0.0115 0.332397 0.473157 -2.2629 0 1.6076 0  788 944 880 1056 1072 1187 1076 882  1 1 0 0 0 0 0 20 11
0.360 2 1 1 0 0.0572 -0.1180 0.0252 -0.1306 -0.0324 -0.0116 0.327162 0.473269 0.3254 1 4.1800 0  793 846 884 973 1091 1305 1073 1061  1 1 0 0 0 0 0 20 7
0.365 2 1 1 0 0.0572 -0.1080 0.0341 -0.1298 -0.0324 -0.0116 0.321928 0.473488 -2.9955 1 2.0489 1  791 960 881 1036 1091 1176 1074 772  1 1 0 0 0 0 0 20 11
0.370 2 1 1 0 0.0572 -0.0980 0.0341 -0.1262 -0.0328 -0.0118 0.316693 0.473786 -3.8869 0 2.0970 0  790 963 888 1085 1083 1257 1075 887  1 1 0 0 0 0 0 20 12
0.375 2 1 1 0 0.0572 -0.0880 0.0369 -0.1213 -0.0328 -0.0118 0.311458 0.473835 -1.9567 1 1.7839 1  793 930 882 1093 1077 1299 1080 819  1 1 0 0 0 0 0 19 14
0.380 2 1 1 0 0.0572 -0.0780 0.0369 -0.1108 -0.0332 -0.0119 0.306224 0.473633 -2.1749 1 1.8672 1  789 931 885 1091 1078 1304 1085 804  1 1 0 0 0 0 0 20 16
0.385 2 1 1 0 0.0612 -0.0680 0.0316 -0.1083 -0.0332 -0.0119 0.300989 0.473510 -1.9074 1 4.1800 0  793 962 886 1019 1091 1071 1082 1056  1 1 0 0 0 0 0 17 16
0.390 2 1 1 0 0.0632 -0.0580 0.0316 -0.1051 -0.0334 -0.0120 0.298372 0.473845 -2.4416 0 1.6814 0  801 901 891 1022 1092 1219 1074 959  1 1 0 0 0 0 0 19 18
0.395 2 1 1 0 0.0692 -0.0500 0.0316 -0.0897 -0.0338 -0.0121 0.293137 0.474319 -1.4547 1 1.6389 1  801 872 890 1241 1094 1229 1073 676  1 1 0 0 0 0 0 20 20
0.400 2 1 1 0 0.0792 -0.0480 0.0256 -0.0755 -0.0338 -0.0121 0.293137 0.474593 -2.1282 1 1.5200 1  797 1112 877 1183 1088 1537 1075 951  1 1 0 0 0 0 0 20 20
0.405 2 1 1 0 0.0892 -0.0420 0.0211 -0.0738 -0.0338 -0.0121 0.287903 0.474596 -4.1800 0 2.0943 1  801 864 892 988 1094 1144 1087 773  1 1 0 0 0 0 0 18 19
0.410 2 1 1 0 0.0992 -0.0380 0.0211 -0.0576 -0.0340 -0.0121 0.285285 0.474023 -4.1800 0 2.2460 0  803 973 879 1062 1090 1262 1080 871  1 1 0 0 0 0 0 17 20
0.415 2 1 1 0 0.1092 -0.0380 0.0211 -0.0515 -0.0340 -0.0121 0.285285 0.473244 -0.8616 1 1.5724 1  800 934 876 1128 1085 1375 1082 866  1 1 0 0 0 0 0 20 20
0.420 2 1 1 0 0.1172 -0.0320 0.0325 -0.0438 -0.0340 -0.0121 0.280051 0.472867 -2.1815 1 1.5868 1  806 1017 877 1127 1087 1393 1079 855  1 1 0 0 0 0 0 20 20
0.425 2 1 1 0 0.1272 -0.0300 0.0325 -0.0491 -0.0342 -0.0122 0.277434 0.472770 -4.1800 0 2.0806 1  807 941 876 918 1086 1201 1081 780  1 1 0 0 0 0 0 16 20
0.430 2 1 1 0 0.1352 -0.0240 0.0353 -0.0491 -0.0340 -0.0121 0.274816 0.472457 2.2800 1 4.1800 0  804 993 895 998 1078 1294 1089 1066  1 1 0 0 0 0 0 11 15
0.435 2 1 1 0 0.1432 -0.0180 0.0353 -0.0491 -0.0342 -0.0122 0.272199 0.471915 -2.3090 0 0.8221 0  808 957 895 1136 1077 1390 1086 989  1 1 0 0 0 0 0 14 12
0.440 2 1 1 0 0.1492 -0.0080 0.0511 -0.0491 -0.0340 -0.0121 0.269582 0.471203 -1.6586 1 1.7498 1  803 924 891 924 1075 1311 1082 870  1 1 0 0 0 0 0 18 13
0.445 2 1 1 0 0.1572 -0.0020 0.0544 -0.0329 -0.0338 -0.0121 0.266964 0.470635 -1.1133 1 1.5763 1  799 852 889 1162 1090 1315 1088 851  1 1 0 0 0 0 0 20 15
0.450 2 1 1 0 0.1652 0.0040 0.0734 -0.0235 -0.0336 -0.0120 0.264347 0.469976 -1.2255 1 4.1800 0  801 844 887 1037 1080 1321 1086 1013  1 1 0 0 0 0 0 20 17
0.455 2 1 1 0 0.1712 0.0140 0.0880 -0.0183 -0.0334 -0.0120 0.261730 0.469302 -2.6868 1 1.9157 1  796 1012 894 944 1090 1360 1081 741  1 1 0 0 0 0 0 20 19
0.460 2 1 1 0 0.1772 0.0240 0.1067 -0.0146 -0.0332 -0.0119 0.259112 0.468462 -2.1810 1 1.5522 1  798 1027 893 1008 1089 1382 1077 869  1 1 0 0 0 0 0 19 20
0.465 2 1 1 0 0.1792 0.0340 0.1172 -0.0126 -0.0328 -0.0118 0.253878 0.468145 0.3388 1 4.1800 0  796 858 878 834 1087 1201 1077 1119  1 1 0 0 0 0 0 20 14
0.470 2 1 1 0 0.1792 0.0440 0.1318 -0.0105 -0.0326 -0.0118 0.251261 0.468343 -2.5080 1 0.7977 1  789 1031 891 1158 1086 1156 936 807  1 1 0 0 0 0 0 20 15
0.475 2 1 1 0 0.1792 0.0540 0.0897 -0.0093 -0.0322 -0.0117 0.246026 0.467998 -2.3634 1 1.5301 1  799 995 875 1112 1091 1364 995 809  1 1 0 0 0 0 0 20 20
0.480 2 1 1 0 0.1812 0.0640 0.1071 0.0085 -0.0318 -0.0116 0.246026 0.467321 -2.3634 0 1.5301 0  801 977 891 1018 1082 1153 1074 823  1 1 0 0 0 0 0 20 20
0.485 2 1 1 0 0.1852 0.0720 0.1533 0.0085 -0.0314 -0.0115 0.240791 0.467096 -4.1800 0 3.0538 1  802 726 890 1072 1089 1158 1066 846  1 1 0 0 0 0 0 18 20
0.490 2 1 1 0 0.1892 0.0800 0.1302 0.0426 -0.0310 -0.0114 0.240791 0.466479 -2.4028 1 1.6279 1  796 1087 883 1121 1078 1450 1048 792  1 1 0 0 0 0 0 20 20
0.495 2 1 1 0 0.1972 0.0880 0.1022 0.0426 -0.0308 -0.0113 0.238174 0.465851 -2.6432 0 1.4836 0  795 994 881 1144 1062 1247 1064 888  1 1 0 0 0 0 0 20 20
0.500 2 1 1 0 0.2052 0.0940 0.1440 0.0588 -0.0302 -0.0112 0.235557 0.466149 -2.4761 1 1.6662 1  795 1007 875 1137 1066 1306 1065 794  1 1 0 0 0 0 0 20 20
0.505 2 1 1 0 0.2092 0.1040 0.1667 0.0544 -0.0296 -0.0110 0.232939 0.465964 -4.1800 0 4.1800 0  795 928 878 999 1050 1213 1075 957  1 1 0 0 0 0 0 18 18
0.510 2 1 1 0 0.2112 0.1140 0.1412 0.0544 -0.0292 -0.0110 0.227705 0.465008 -4.1800 0 2.1751 0  797 897 858 1052 1057 1263 1077 927  1 1 0 0 0 0 0 17 20
0.515 2 1 1 0 0.2172 0.1220 0.1428 0.0584 -0.0286 -0.0108 0.225088 0.464285 -4.1800 0 2.6228 0  791 889 860 994 1062 1172 1094 855  1 1 0 0 0 2 0 15 20
0.520 2 1 1 0 0.2232 0.1280 0.1895 0.0714 -0.0280 -0.0107 0.222470 0.464615 -4.1800 0 2.6829 1  788 692 848 917 1065 1215 1109 800  1 1 0 0 0 0 0 12 19
0.525 2 1 1 0 0.2232 0.1380 0.2110 0.0710 -0.0275 -0.0105 0.219853 0.465379 -2.2800 1 -1.5057 1  793 1084 850 1009 1054 1178 1085 896  1 1 0 0 0 0 0 12 19
0.530 2 1 1 0 0.2232 0.1480 0.1606 0.0706 -0.0269 -0.0104 0.217236 0.465130 -2.3704 1 1.8127 1  783 1029 845 885 1072 1391 1101 879  1 1 0 0 0 0 0 12 19
0.535 2 1 1 0 0.2252 0.1580 0.1558 0.0941 -0.0263 -0.0103 0.214618 0.463920 0.2992 1 4.1800 0  781 945 854 894 1074 1374 1108 1006  1 1 0 0 0 0 0 13 16
0.540 2 1 1 0 0.2332 0.1640 0.1582 0.1258 -0.0255 -0.0101 0.214618 0.463306 -4.1800 0 4.1800 0  783 834 859 1027 1078 1262 1118 1059  1 1 0 0 0 0 0 14 17
0.545 2 1 1 0 0.2412 0.1700 0.2122 0.1355 -0.0245 -0.0099 0.212001 0.463635 0.3674 1 1.8634 1  794 925 862 882 1069 1408 1119 922  1 1 0 0 0 0 0 19 19
0.550 2 1 1 0 0.2492 0.1760 0.1785 0.1185 -0.0239 -0.0098 0.209384 0.463750 -2.4732 1 -1.2408 1  795 1094 868 892 1069 1206 1117 897  1 1 0 0 0 0 0 20 20
0.555 2 1 1 0 0.2552 0.1820 0.1688 0.1059 -0.0233 -0.0096 0.206766 0.462692 -0.4158 0 1.5832 0  804 866 878 1004 1083 1278 1117 852  1 1 0 0 0 0 0 20 20
0.560 2 1 1 0 0.2652 0.1880 0.1533 0.1298 -0.0225 -0.0095 0.206766 0.461895 -2.3157 1 2.0860 1  819 1044 879 1093 1081 1386 1201 869  1 1 0 0 0 0 0 20 17
0.565 2 1 1 0 0.2712 0.1940 0.2536 0.1558 -0.0215 -0.0093 0.204149 0.462128 -2.2946 0 0.0533 0  816 949 883 1068 1071 1360 1139 958  1 1 0 0 0 0 0 20 19
0.570 2 1 1 0 0.2752 0.2020 0.2442 0.1578 -0.0205 -0.0091 0.201532 0.462132 -2.2800 0 -1.5019 0  826 1051 874 1081 1077 1371 1144 951  1 1 0 0 0 0 0 20 16
0.575 2 1 1 0 0.2812 0.2080 0.1919 0.1639 -0.0197 -0.0089 0.201532 0.461492 -2.3034 0 1.5871 0  828 952 890 1049 1083 1233 1177 940  1 1 0 0 0 0 0 20 20
0.580 2 1 1 0 0.2872 0.2160 0.2329 0.1675 -0.0187 -0.0087 0.198915 0.460513 -2.6642 0 4.1800 0  840 1022 898 1026 1076 1394 1158 981  1 1 0 0 0 0 0 20 18
0.585 2 1 1 0 0.2932 0.2240 0.2503 0.1753 -0.0177 -0.0085 0.196297 0.460207 0.6710 0 4.1800 0  843 1036 906 1025 1089 1268 1160 958  1 1 0 0 0 0 0 20 17
0.590 2 1 1 0 0.2972 0.2320 0.2166 0.1826 -0.0167 -0.0083 0.193680 0.459799 -2.4923 1 1.4303 1  847 1202 895 918 1095 1383 1111 952  1 1 0 0 0 0 0 20 20
0.595 2 1 1 0 0.3072 0.2400 0.2426 0.1886 -0.0159 -0.0082 0.193680 0.459338 -0.7970 1 1.2290 1  846 1012 875 1282 1086 1371 1144 892  1 1 0 0 0 0 0 15 19
0.600 2 1 1 0 0.3132 0.2440 0.2227 0.1740 -0.0147 -0.0079 0.193680 0.458856 -4.1800 0 1.9219 0  848 844 891 990 1118 1291 1117 864  1 1 0 0 0 0 0 13 20
0.605 2 1 1 0 0.3192 0.2540 0.2686 0.1959 -0.0135 -0.0077 0.188445 0.458771 -4.1800 0 2.5166 0  846 962 898 1026 1091 1280 1143 961  1 1 0 0 0 0 0 13 20
0.610 2 1 1 0 0.3232 0.2640 0.2722 0.2154 -0.0124 -0.0075 0.188445 0.457997 -4.1800 0 4.1800 0  847 974 895 1096 963 1256 1135 997  1 1 0 0 0 0 0 7 18
0.615 2 1 1 0 0.3272 0.2740 0.2227 0.2239 -0.0114 -0.0073 0.185828 0.456958 -2.5116 1 1.4968 1  850 1135 896 955 1103 1431 1051 866  1 1 0 0 0 0 0 10 18
0.620 2 1 1 0 0.3352 0.2780 0.2564 0.2414 -0.0102 -0.0070 0.185828 0.456426 -2.3544 1 1.5914 1  846 1107 914 1052 1102 1427 1145 913  1 1 0 0 0 0 0 14 20
0.625 2 1 1 0 0.3432 0.2860 0.2795 0.2357 -0.0088 -0.0068 0.183211 0.456152 -4.1800 0 4.1800 0  849 826 917 942 1089 1283 1102 1081  1 1 0 0 0 0 0 15 12
0.630 2 1 1 0 0.3512 0.2920 0.3047 0.2503 -0.0076 -0.0066 0.183211 0.455531 -4.1800 0 4.1800 0  847 768 917 1086 1095 1271 1211 1136  1 1 0 0 0 0 0 14 8
0.635 2 1 1 0 0.3552 0.3000 0.3497 0.2503 -0.0062 -0.0063 0.180593 0.455759 -2.3881 1 1.4207 1  843 1162 916 1101 1098 1427 1081 966  1 1 0 0 0 0 0 16 4
0.640 2 1 1 0 0.3572 0.3100 0.2856 0.2536 -0.0048 -0.0061 0.177976 0.454893 -0.6459 0 4.1800 0  847 988 908 1221 1106 1346 1170 969  1 1 0 0 0 0 0 19 4
0.645 2 1 1 0 0.3652 0.3180 0.2937 0.2815 -0.0034 -0.0058 0.175359 0.454057 -2.3544 0 4.1800 0  840 962 936 1001 1171 1273 1167 918  1 1 0 0 0 0 0 18 3
0.650 2 1 1 0 0.3732 0.3200 0.3120 0.2775 -0.0020 -0.0056 0.177976 0.453835 -2.4855 1 2.8798 1  847 1106 914 1027 985 1449 1270 988  1 1 0 0 0 0 0 19 4
0.655 2 1 1 0 0.3812 0.3220 0.3351 0.2702 -0.0006 -0.0053 0.175359 0.453355 -2.6285 1 2.1808 1  845 1080 914 982 1084 1244 1224 845  1 1 0 0 0 0 0 20 5
0.660 2 1 1 0 0.3872 0.3280 0.3586 0.2738 0.0010 -0.0050 0.175359 0.452874 -4.1800 0 4.1800 0  852 1058 916 996 1119 1297 1167 891  1 1 0 0 0 0 0 18 0
0.665 2 1 1 0 0.3912 0.3380 0.3168 0.2795 0.0024 -0.0048 0.172742 0.452564 0.3669 0 4.1800 0  857 960 921 1123 1108 1343 1165 886  1 1 0 0 0 0 0 19 0
0.670 2 1 1 0 0.3972 0.3438 0.3193 0.3144 0.0040 -0.0045 0.172742 0.451885 -4.1800 0 2.6289 0  850 1010 914 1004 1089 1243 1145 915  1 1 0 0 0 0 0 18 2
0.675 2 1 1 0 0.4000 0.3494 0.3497 0.3047 0.0058 -0.0042 0.170124 0.451597 -4.1800 0 4.1800 0  839 965 909 1041 1116 1273 1177 941  1 1 0 0 0 0 0 17 0
0.680 2 1 1 0 0.4000 0.3474 0.3753 0.3095 0.0072 -0.0040 0.167507 0.451090 -0.6678 1 4.1800 0  835 893 904 1129 1078 1283 1227 1109  1 1 0 0 0 0 0 20 0
0.685 2 1 1 0 0.4000 0.3573 0.3899 0.3120 0.0090 -0.0036 0.164890 0.451709 -2.0005 0 1.5210 0  843 906 900 988 1087 1258 1059 794  1 1 0 0 0 0 0 20 1
0.690 2 1 1 0 0.4000 0.3593 0.3826 0.3270 0.0106 -0.0034 0.164890 0.450945 -2.4132 0 1.3675 0  839 993 905 1150 1096 1311 1160 979  1 1 0 0 0 0 0 20 2
0.695 2 1 1 0 0.4000 0.3612 0.3245 0.3071 0.0122 -0.0031 0.164890 0.449892 -2.8561 1 2.3336 1  836 1002 901 937 1092 1267 1224 858  1 1 0 0 0 0 0 18 2
0.700 2 1 1 0 0.4000 0.3552 0.3379 0.3120 0.0140 -0.0028 0.162272 0.448515 -1.2154 0 2.0618 0  847 966 884 1002 1098 1294 1168 926  1 1 0 0 0 0 0 20 1
0.705 2 1 1 0 0.4000 0.3587 0.3935 0.3465 0.0160 -0.0025 0.162272 0.449153 -4.1800 0 2.0973 0  843 1049 910 1075 1098 1307 1166 953  1 1 0 0 0 0 0 18 2
0.710 2 1 1 0 0.4000 0.3687 0.4057 0.3408 0.0178 -0.0022 0.159655 0.449394 -1.9293 0 4.1800 0  853 1079 913 1058 1094 1398 1232 953  1 1 0 0 0 0 0 20 2
0.715 2 1 1 0 0.4000 0.3627 0.3408 0.3497 0.0194 -0.0019 0.159655 0.449081 -2.8663 0 2.1256 0  865 1007 914 1147 1102 1305 1160 1045  1 1 0 0 0 0 0 20 3
0.720 2 1 1 0 0.4000 0.3607 0.3976 0.3586 0.0212 -0.0017 0.157038 0.448026 -2.3668 1 0.4064 1  852 1169 912 1062 1178 1265 1168 907  1 1 0 0 0 0 0 16 1
0.725 2 1 1 0 0.4000 0.3656 0.3753 0.3351 0.0232 -0.0013 0.157038 0.448288 -2.2909 1 1.2108 1  851 1180 902 1142 1094 1396 1156 942  1 1 0 0 0 0 0 20 5
0.730 2 1 1 0 0.4000 0.3716 0.3976 0.3323 0.0250 -0.0011 0.154420 0.448450 -2.4019 0 1.2591 0  843 1047 907 1063 1089 1268 1100 1002  1 1 0 0 0 0 0 19 4
0.735 2 1 1 0 0.4000 0.3703 0.3753 0.3217 0.0266 -0.0008 0.154420 0.447919 -4.1800 0 4.1800 0  840 781 909 1013 1114 1223 1200 1048  1 1 0 0 0 0 0 17 2
0.740 2 1 1 0 0.4000 0.3603 0.3862 0.3688 0.0286 -0.0005 0.154420 0.447420 -4.1800 0 2.1762 1  832 958 917 932 1127 1340 1184 830  1 1 0 0 0 0 0 17 5
0.745 2 1 1 0 0.4000 0.3543 0.4223 0.3651 0.0304 -0.0002 0.151803 0.447849 -2.2096 1 1.6530 1  833 1064 918 1041 1112 1430 1153 899  1 1 0 0 0 0 0 20 5
0.750 2 1 1 0 0.4000 0.3603 0.3789 0.3436 0.0320 0.0000 0.151803 0.448286 -2.4110 1 -1.3089 1  840 1156 918 1103 1092 1262 1143 872  1 1 0 0 0 0 0 16 2
0.755 2 1 1 0 0.4000 0.3577 0.3436 0.3379 0.0341 0.0003 0.151803 0.447622 0.7053 1 1.5724 1  853 959 909 1042 1068 1454 1128 901  1 1 0 0 0 0 0 14 3
0.760 2 1 1 0 0.4000 0.3517 0.3899 0.3651 0.0359 0.0006 0.149186 0.446920 -4.1800 0 4.1800 0  840 990 886 948 1047 1278 1142 870  1 1 0 0 0 0 0 10 2
0.765 2 1 1 0 0.4000 0.3617 0.3899 0.3720 0.0379 0.0009 0.149186 0.446770 -4.1800 0 2.6129 1  808 850 869 836 1028 1214 1151 838  1 1 0 0 0 0 0 3 1
0.770 2 1 1 0 0.4000 0.3619 0.3935 0.3619 0.0397 0.0012 0.146569 0.447303 -2.4361 0 1.6121 0  788 1048 841 1119 1012 1241 1118 870  1 1 0 0 0 0 0 6 2
0.775 2 1 1 0 0.4000 0.3679 0.3651 0.3497 0.0415 0.0015 0.149186 0.447414 -2.3192 0 1.3558 0  759 855 821 939 985 1257 1050 872  1 1 0 0 0 0 0 10 6
0.780 2 1 1 0 0.4000 0.3659 0.3298 0.3298 0.0433 0.0017 0.146569 0.446669 -2.3799 1 4.1800 0  742 985 790 840 990 1323 1060 877  1 1 0 0 0 0 0 11 0
0.785 2 1 1 0 0.4000 0.3604 0.3935 0.3720 0.0453 0.0020 0.146569 0.446638 -0.4370 0 1.6233 0  738 894 797 1008 982 1237 1047 899  1 1 0 0 0 0 0 11 1
0.790 2 1 1 0 0.4000 0.3624 0.3976 0.3586 0.0471 0.0023 0.143951 0.447394 -4.1800 0 4.1800 0  735 816 792 936 967 1152 1032 928  1 1 0 0 0 1 0 9 0
0.795 2 1 1 0 0.4000 0.3724 0.4057 0.3651 0.0491 0.0026 0.143951 0.447556 -2.4179 1 1.4381 1  736 1099 789 819 958 1234 1034 834  1 1 0 0 0 0 0 14 1
0.800 2 1 1 0 0.4000 0.3704 0.3899 0.3619 0.0507 0.0028 0.143951 0.447642 -2.4892 1 1.5200 1  732 946 793 979 956 1244 902 768  1 1 0 0 0 0 0 17 1
0.805 2 1 1 0 0.4000 0.3644 0.3753 0.3379 0.0525 0.0031 0.141334 0.447827 0.3860 1 2.0623 1  733 809 794 823 962 1240 1037 776  1 1 0 0 0 0 0 20 2
0.810 2 1 1 0 0.4000 0.3744 0.4057 0.3753 0.0545 0.0034 0.141334 0.448442 -2.3844 0 4.1800 0  733 906 802 955 962 1126 1029 790  1 1 0 0 0 1 0 19 0
0.815 2 1 1 0 0.3980 0.3703 0.3651 0.3619 0.0563 0.0036 0.138717 0.448858 -4.1800 0 4.1800 0  734 695 787 954 966 1101 1016 813  1 1 0 0 0 0 0 18 0
0.820 2 1 1 0 0.4000 0.3723 0.3217 0.3651 0.0581 0.0039 0.141334 0.448226 -1.1958 1 1.5200 1  730 779 803 956 974 1232 903 824  1 1 0 0 0 0 0 20 1
0.825 2 1 1 0 0.4000 0.3623 0.4016 0.3826 0.0601 0.0042 0.141334 0.448516 0.5678 0 1.6788 0  735 907 804 922 978 1116 1029 842  1 1 0 0 0 1 0 20 4
0.830 2 1 1 0 0.4000 0.3643 0.3789 0.3753 0.0620 0.0044 0.138717 0.448923 -2.1268 0 1.7222 0  741 791 783 876 978 1106 1029 748  1 1 0 0 0 1 0 19 3
0.835 2 1 1 0 0.4000 0.3668 0.3976 0.3899 0.0640 0.0047 0.138717 0.449088 -4.1800 0 4.1800 0  741 850 812 892 975 1093 1061 847  1 1 0 0 0 1 0 16 0
0.840 2 1 1 0 0.4000 0.3626 0.3720 0.3826 0.0658 0.0049 0.136099 0.448730 -2.7631 0 1.8653 0  735 832 800 921 976 1110 900 796  1 1 0 0 0 1 0 15 1
0.845 2 1 1 0 0.4000 0.3726 0.4179 0.3753 0.0678 0.0052 0.136099 0.449160 -0.6041 1 1.7915 1  734 851 794 982 967 1304 1031 746  1 1 0 0 0 0 0 12 1
0.850 2 1 1 0 0.3980 0.3787 0.3688 0.3789 0.0696 0.0055 0.133482 0.449591 0.5840 1 1.7181 1  738 821 802 966 977 1269 1038 855  1 1 0 0 0 0 0 15 1
0.855 2 1 1 0 0.3980 0.3980 0.3935 0.3720 0.0716 0.0057 0.133482 0.450612 0.8818 1 4.1800 0  738 715 803 918 970 1159 1066 1030  1 1 0 0 0 0 0 19 0
0.860 2 1 1 0 0.4000 0.3880 0.3935 0.3935 0.0734 0.0060 0.136099 0.449950 0.6793 0 1.6035 0  760 875 814 955 1030 1145 923 874  1 1 0 0 0 0 0 20 1
0.865 2 1 1 0 0.4000 0.3780 0.3899 0.3753 0.0754 0.0063 0.136099 0.449623 -2.2048 1 4.1800 0  759 1028 827 945 1001 1148 1057 1025  1 1 0 0 0 0 0 20 0
0.870 2 1 1 0 0.4000 0.3793 0.3976 0.3935 0.0772 0.0065 0.133482 0.449928 -2.3990 1 1.3827 1  763 1141 828 1120 1007 1348 940 922  1 1 0 0 0 0 0 20 1
0.875 2 1 1 0 0.4000 0.3713 0.3408 0.3720 0.0792 0.0068 0.133482 0.450509 -0.7977 1 4.1800 0  766 923 831 1152 1013 1217 1079 986  1 1 0 0 0 0 0 20 0
0.880 2 1 1 0 0.3980 0.3681 0.3935 0.3826 0.0810 0.0070 0.130865 0.450072 0.3949 0 2.0873 0  761 886 829 906 1005 1219 937 844  1 1 0 0 0 0 0 20 1
0.885 2 1 1 0 0.3980 0.3781 0.4097 0.3465 0.0831 0.0073 0.130865 0.451282 -2.3012 1 1.2851 1  758 1029 825 959 1002 1239 1028 835  1 1 0 0 0 0 0 20 1
0.890 2 1 1 0 0.4000 0.3819 0.4138 0.3976 0.0851 0.0075 0.130865 0.451446 -1.9681 1 1.7702 1  761 921 823 902 1000 1288 1063 879  1 1 0 0 0 0 0 20 4
0.895 2 1 1 0 0.3980 0.3779 0.3436 0.3899 0.0869 0.0078 0.128247 0.452027 -2.2800 0 -0.1059 0  757 951 816 969 991 1115 1057 787  1 1 0 0 0 0 0 20 1
0.900 2 1 1 0 0.4000 0.3679 0.3351 0.3862 0.0887 0.0080 0.130865 0.451414 -0.8987 0 2.0562 0  765 827 814 957 992 1256 1156 822  1 1 0 0 0 0 0 20 1
0.905 2 1 1 0 0.4000 0.3631 0.3976 0.3862 0.0907 0.0083 0.130865 0.451781 -4.1800 0 2.5622 1  769 695 812 851 991 1126 1033 754  1 1 0 0 0 0 0 18 3
0.910 2 1 1 0 0.4000 0.3594 0.4268 0.3862 0.0927 0.0085 0.130865 0.452935 0.2509 0 2.3899 0  770 848 810 991 986 1181 1044 772  1 1 0 0 0 0 0 19 4
0.915 2 1 1 0 0.4000 0.3694 0.3935 0.3619 0.0945 0.0088 0.128247 0.453264 -0.8476 1 1.5999 1  774 872 813 1136 989 1334 1045 811  1 1 0 0 0 0 0 20 1
0.920 2 1 1 0 0.4000 0.3714 0.3862 0.3899 0.0963 0.0090 0.130865 0.452765 -2.4571 1 1.5100 1  766 1039 797 912 980 1271 1009 781  1 1 0 0 0 0 0 20 5
0.925 2 1 1 0 0.4000 0.3734 0.3789 0.3976 0.0981 0.0093 0.128247 0.453014 -4.1800 0 4.1800 0  729 884 793 828 919 1043 978 771  1 1 0 0 0 0 0 15 0
0.930 2 1 1 0 0.3920 0.3920 0.4097 0.3862 0.1004 0.0095 0.125630 0.453453 -2.3289 1 -1.3834 1  704 972 775 855 889 1123 943 840  1 1 0 0 0 0 0 15 3
0.935 2 1 1 0 0.4000 0.3900 0.3753 0.4016 0.1022 0.0098 0.128247 0.453112 -2.8691 1 3.2014 1  689 870 746 729 909 1096 948 758  1 1 0 0 0 0 0 17 5
0.940 2 1 1 0 0.4000 0.3800 0.3976 0.3789 0.1042 0.0100 0.128247 0.452573 -4.1800 0 2.2661 0  689 809 750 860 930 1057 945 702  1 1 0 0 0 1 0 16 7
0.945 2 1 1 0 0.4000 0.3700 0.3753 0.3899 0.1062 0.0103 0.128247 0.453030 -4.1800 0 2.3580 1  697 660 766 849 936 1016 956 687  1 1 0 0 0 0 0 14 8
0.950 2 1 1 0 0.4000 0.3760 0.3976 0.3789 0.1080 0.0105 0.125630 0.453689 -2.2800 0 1.4719 0  708 816 787 832 833 1105 992 751  1 1 0 0 0 1 0 13 10
0.955 2 1 1 0 0.4000 0.3830 0.3586 0.3899 0.1100 0.0108 0.125630 0.453625 -0.7445 1 2.1686 1  723 735 799 963 982 1308 1102 749  1 1 0 0 0 0 0 17 11
0.960 2 1 1 0 0.4000 0.3738 0.3976 0.3935 0.1118 0.0110 0.128247 0.453131 -4.1800 0 4.1800 0  732 852 791 773 990 1078 1027 906  1 1 0 0 0 0 0 14 11
0.965 2 1 1 0 0.4000 0.3758 0.4057 0.3935 0.1136 0.0112 0.125630 0.452994 -2.1561 0 1.5628 0  738 863 800 877 990 1068 1029 878  1 1 0 0 0 0 0 15 12
0.970 2 1 1 0 0.4000 0.3750 0.4138 0.3586 0.1156 0.0115 0.125630 0.454082 -4.1800 0 2.2372 0  722 987 793 903 992 1245 989 825  1 1 0 0 0 0 0 15 12
0.975 2 1 1 0 0.4000 0.3709 0.3935 0.3899 0.1177 0.0117 0.125630 0.454149 0.5133 0 1.7101 0  735 977 788 951 996 1208 1054 797  1 1 0 0 0 0 0 15 12
0.980 2 1 1 0 0.3980 0.3703 0.3720 0.3789 0.1195 0.0120 0.123013 0.453951 -2.2800 0 1.8063 0  728 850 793 1001 992 1078 974 868  1 1 0 0 0 0 0 14 11
0.985 2 1 1 0 0.4000 0.3643 0.4016 0.3753 0.1213 0.0122 0.125630 0.454200 -2.2208 0 1.5200 0  726 888 786 820 984 1074 1013 826  1 1 0 0 0 0 0 15 15
0.990 2 1 1 0 0.4000 0.3611 0.4097 0.3826 0.1233 0.0124 0.125630 0.455108 0.2303 1 2.2491 1  723 841 803 867 1025 1271 1098 825  1 1 0 0 0 0 0 18 18
0.995 2 1 1 0 0.4000 0.3620 0.3436 0.3789 0.1251 0.0127 0.123013 0.455229 -2.3675 1 1.5658 1  734 1008 799 919 975 1245 1015 780  1 1 0 0 0 1 0 20 20
1.000 2 1 1 0 0.4000 0.3720 0.3862 0.3525 0.1271 0.0129 0.123013 0.454890 -2.3524 0 1.7604 0  734 881 796 906 931 1112 1025 764  1 1 0 0 0 1 0 15 20
1.005 2 1 1 0 0.4000 0.3780 0.3899 0.3976 0.1289 0.0131 0.125630 0.454875 -4.1800 0 2.3929 1  726 841 795 734 974 1058 1006 707  1 1 0 0 0 0 0 13 20
1.010 2 1 1 0 0.3980 0.3800 0.4179 0.3935 0.1309 0.0134 0.120396 0.456036 -2.2610 0 4.1800 0  724 874 792 856 946 1074 995 812  1 1 0 0 0 1 0 11 15
1.015 2 1 1 0 0.4000 0.3775 0.3899 0.3436 0.1328 0.0136 0.123013 0.456423 -4.1800 0 4.1800 0  713 957 777 964 937 1153 1063 839  1 1 0 0 0 0 0 9 13
1.020 2 1 1 0 0.4000 0.3740 0.3862 0.3862 0.1348 0.0139 0.123013 0.455587 -2.3984 1 4.1800 0  701 954 767 746 952 1187 1017 995  1 1 0 0 0 0 0 9 13
1.025 2 1 1 0 0.4000 0.3654 0.3651 0.3753 0.1366 0.0141 0.125630 0.455949 -4.1800 0 4.1800 0  705 628 778 792 951 1097 1014 870  1 1 0 0 0 0 0 9 7
1.030 2 1 1 0 0.3960 0.3754 0.4057 0.3720 0.1386 0.0143 0.120396 0.456825 -0.7919 1 3.2666 1  700 719 765 934 950 1241 1030 828  1 1 0 0 0 0 0 10 5
1.035 2 1 1 0 0.4000 0.3694 0.3789 0.3899 0.1404 0.0146 0.123013 0.457223 -2.1640 0 4.1800 0  708 824 782 869 940 1074 1027 842  1 1 0 0 0 1 0 12 4
1.040 2 1 1 0 0.4000 0.3646 0.3899 0.3976 0.1424 0.0148 0.123013 0.456774 -1.2634 1 4.1800 0  711 678 784 875 930 1122 1015 929  1 1 0 0 0 0 0 16 0
1.045 2 1 1 0 0.3980 0.3702 0.3688 0.3862 0.1442 0.0150 0.120396 0.457137 -2.4255 0 4.1800 0  714 763 781 898 953 1148 1004 864  1 1 0 0 0 0 0 18 0
1.050 2 1 1 0 0.3980 0.3802 0.4016 0.3935 0.1462 0.0153 0.120396 0.457237 -2.2861 1 1.4827 1  714 1033 783 886 954 1262 1012 813  1 1 0 0 0 0 0 20 3
1.055 2 1 1 0 0.4000 0.3863 0.3826 0.3720 0.1483 0.0155 0.120396 0.457716 -1.9990 1 1.6038 1  708 956 789 982 956 1369 1012 784  1 1 0 0 0 0 0 20 2
1.060 2 1 1 0 0.4000 0.3821 0.4057 0.4016 0.1503 0.0158 0.120396 0.457083 -2.2800 1 1.5102 1  706 1026 790 963 943 1248 1021 856  1 1 0 0 0 0 0 17 1
1.065 2 1 1 0 0.4000 0.3773 0.4016 0.3688 0.1519 0.0160 0.120396 0.456747 -4.1800 0 4.1800 0  710 601 773 879 951 1102 1014 918  1 1 0 0 0 0 0 17 0
1.070 2 1 1 0 0.3960 0.3846 0.4268 0.3826 0.1541 0.0162 0.117778 0.457273 -2.4791 0 1.4276 0  716 920 799 950 964 1120 1018 891  1 1 0 0 0 0 0 17 1
1.075 2 1 1 0 0.3980 0.3826 0.3976 0.3935 0.1559 0.0165 0.120396 0.457834 -4.1800 0 4.1800 0  728 679 781 1062 974 1169 1022 895  1 1 0 0 0 0 0 17 0
1.080 2 1 1 0 0.4000 0.3726 0.3753 0.3753 0.1579 0.0167 0.120396 0.457527 -4.1800 0 4.1800 0  731 626 801 715 957 1119 1087 1018  1 1 0 0 0 0 0 16 0
1.085 2 1 1 0 0.3960 0.3734 0.4138 0.3651 0.1597 0.0169 0.117778 0.457498 -2.2524 1 1.8246 1  724 964 796 871 971 1289 1054 822  1 1 0 0 0 0 0 19 1
1.090 2 1 1 0 0.3957 0.3834 0.3789 0.3935 0.1617 0.0172 0.117778 0.458046 -1.1683 1 4.1800 0  735 725 801 825 982 1144 1097 962  1 1 0 0 0 0 0 20 0
1.095 2 1 1 0 0.4000 0.3931 0.4016 0.4016 0.1638 0.0174 0.117778 0.458494 -1.0103 1 4.1800 0  750 886 804 1066 959 1122 935 936  1 1 0 0 0 0 0 20 0
1.100 2 1 1 0 0.4000 0.3887 0.3826 0.4016 0.1658 0.0176 0.117778 0.458111 -3.2938 1 2.2730 1  771 911 805 864 987 1239 1134 743  1 1 0 0 0 0 0 20 2
1.105 2 1 1 0 0.4000 0.3800 0.3789 0.3753 0.1676 0.0178 0.120396 0.458576 -4.1800 0 2.4412 1  794 900 801 713 977 1164 1049 718  1 1 0 0 0 0 0 18 2
1.110 2 1 1 0 0.3960 0.3820 0.3720 0.3688 0.1696 0.0181 0.115161 0.459145 -2.4330 1 1.4316 1  797 1094 791 981 955 1321 1035 818  1 1 0 0 0 0 0 20 1
1.115 2 1 1 0 0.3940 0.3840 0.3586 0.3935 0.1714 0.0183 0.117778 0.459183 -2.6391 1 1.5797 1  815 1000 792 963 957 1317 1036 826  1 1 0 0 0 0 0 20 4
1.120 2 1 1 0 0.4000 0.3774 0.3789 0.3976 0.1734 0.0185 0.117778 0.458996 -2.7057 0 4.1800 0  835 1007 811 988 966 1162 1040 917  1 1 0 0 0 0 0 19 0
1.125 2 1 1 0 0.4000 0.3762 0.4097 0.3976 0.1754 0.0188 0.117778 0.459838 -2.8389 1 4.1800 0  841 1040 820 953 962 1226 1051 944  1 1 0 0 0 0 0 19 0
1.130 2 1 1 0 0.3980 0.3775 0.4312 0.3789 0.1773 0.0190 0.115161 0.460548 0.6950 0 2.0768 0  855 1014 827 976 983 1172 1042 884  1 1 0 0 0 0 0 19 1
1.135 2 1 1 0 0.3940 0.3940 0.3298 0.3753 0.1793 0.0192 0.115161 0.461289 -4.1800 0 4.1800 0  847 929 840 877 983 1186 1060 896  1 1 0 0 0 0 0 18 0
1.140 2 1 1 0 0.4000 0.3960 0.3351 0.3935 0.1811 0.0194 0.117778 0.460638 -4.1800 0 2.9251 1  845 901 835 734 1001 1166 1068 817  1 1 0 0 0 0 0 16 4
1.145 2 1 1 0 0.4000 0.3860 0.3862 0.4179 0.1831 0.0197 0.117778 0.460935 -2.4048 0 1.3135 0  849 926 857 939 1023 1289 1064 857  1 1 0 0 0 0 0 15 6
1.150 2 1 1 0 0.4000 0.3760 0.4179 0.4016 0.1851 0.0199 0.117778 0.461766 -4.1800 0 1.3595 0  842 893 848 1002 1004 1279 1058 823  1 1 0 0 0 0 0 11 8
1.155 2 1 1 0 0.4000 0.3672 0.4138 0.3558 0.1871 0.0201 0.117778 0.462522 -4.1800 0 2.1787 1  834 896 849 840 974 1164 1048 805  1 1 0 0 0 0 0 11 11
1.160 2 1 1 0 0.4000 0.3680 0.3298 0.3899 0.1891 0.0204 0.117778 0.462337 -2.6558 1 1.5967 1  835 1120 826 1085 993 1404 1033 777  1 1 0 0 0 0 0 11 11
1.165 2 1 1 0 0.3960 0.3780 0.3935 0.3862 0.1910 0.0206 0.115161 0.462278 -4.1800 0 4.1800 0  829 852 828 811 989 960 1027 954  1 1 0 0 0 0 0 8 11
1.170 2 1 1 0 0.4000 0.3880 0.3862 0.3935 0.1930 0.0208 0.115161 0.462741 -4.1800 0 0.4011 1  842 981 844 972 985 1105 1008 755  1 1 0 0 0 0 0 9 15
1.175 2 1 1 0 0.4000 0.3919 0.4097 0.4057 0.1950 0.0211 0.115161 0.463306 -4.1800 0 1.6648 1  848 918 833 978 973 1250 1006 776  1 1 0 0 0 0 0 8 20
1.180 2 1 1 0 0.4000 0.3875 0.3935 0.3935 0.1968 0.0213 0.117778 0.463304 -4.1800 0 1.4245 1  849 997 836 911 969 1130 1008 717  1 1 0 0 0 0 0 7 20
1.185 2 1 1 0 0.4000 0.3775 0.3465 0.4057 0.1988 0.0215 0.117778 0.463682 -2.4614 1 1.3872 1  843 1244 841 1027 974 1454 1009 812  1 1 0 0 0 0 0 1 20
1.190 2 1 1 0 0.4000 0.3675 0.3976 0.3899 0.2008 0.0217 0.117778 0.464388 -4.1800 0 2.3384 1  844 954 835 716 977 1143 1075 720  1 1 0 0 0 0 0 0 20
1.195 2 1 1 0 0.4000 0.3735 0.3862 0.3862 0.2026 0.0220 0.115161 0.464592 -4.1800 0 2.3914 1  842 771 820 759 981 1149 1026 788  1 1 0 0 0 0 0 0 20
1.200 2 1 1 0 0.4000 0.3835 0.3935 0.3935 0.2047 0.0222 0.115161 0.464614 -4.1800 0 -1.0233 0  832 988 841 950 1078 1119 1089 971  1 1 0 0 0 0 0 0 20
1.205 2 1 1 0 0.4000 0.3883 0.3826 0.3789 0.2067 0.0224 0.115161 0.464403 -2.5811 0 -0.0772 0  835 813 851 934 993 1239 967 786  1 1 0 0 0 0 0 1 20
1.210 2 1 1 0 0.4000 0.3860 0.3976 0.4057 0.2087 0.0227 0.115161 0.465234 -2.7652 1 1.6086 1  838 1129 854 818 1014 1325 1046 831  1 1 0 0 0 0 0 1 20
1.215 2 1 1 0 0.4000 0.3842 0.3436 0.3586 0.2107 0.0229 0.115161 0.465828 -3.2574 1 1.6491 1  840 1016 854 908 1009 1285 1053 863  1 1 0 0 0 0 0 1 19
1.220 2 1 1 0 0.4000 0.3822 0.3586 0.3899 0.2123 0.0231 0.115161 0.465679 -4.1373 1 1.8532 1  842 1003 850 867 1033 1256 1059 781  1 1 0 0 0 0 0 3 20
1.225 2 1 1 0 0.4000 0.3796 0.4138 0.4057 0.2143 0.0233 0.115161 0.466217 -4.1800 0 2.1171 1  832 957 845 997 1030 1096 1054 716  1 1 0 0 0 0 0 0 19
1.230 2 1 1 0 0.4000 0.3792 0.3862 0.3688 0.2163 0.0235 0.115161 0.466861 -2.8445 1 1.6863 1  821 989 843 973 1008 1313 1062 818  1 1 0 0 0 0 0 2 20
1.235 2 1 1 0 0.4000 0.3789 0.3899 0.3899 0.2184 0.0238 0.115161 0.467174 -2.8212 1 -1.1923 1  819 1028 848 927 1026 1067 1063 793  1 1 0 0 0 0 0 3 20
1.240 2 1 1 0 0.3900 0.3889 0.4016 0.3935 0.2202 0.0240 0.112544 0.466838 -4.1800 0 1.6516 1  815 952 847 958 1017 1339 1044 802  1 1 0 0 0 0 0 0 20
1.245 2 1 1 0 0.3947 0.3980 0.4057 0.3976 0.2222 0.0242 0.112544 0.467624 -4.1800 0 2.1071 1  822 924 851 947 1040 1135 1056 755  1 1 0 0 0 0 0 0 19
1.250 2 1 1 0 0.3990 0.4000 0.3862 0.4016 0.2242 0.0244 0.112544 0.467821 -4.1800 0 4.1800 0  823 794 848 903 1025 1162 1120 979  1 1 0 0 0 0 0 0 18
1.255 2 1 1 0 0.4000 0.3976 0.4057 0.3619 0.2262 0.0247 0.112544 0.468489 -3.2024 1 4.1800 0  821 998 837 882 984 1133 1047 948  1 1 0 0 0 0 0 5 18
1.260 2 1 1 0 0.3900 0.4000 0.3651 0.3862 0.2280 0.0249 0.109926 0.467866 -2.4158 1 1.5810 1  804 1085 804 1048 965 1449 1024 798  1 1 0 0 0 0 0 3 20
1.265 2 1 1 0 0.3880 0.3960 0.3497 0.4057 0.2299 0.0251 0.112544 0.467728 -2.5233 1 -1.4407 1  799 1024 816 940 952 1189 1016 849  1 1 0 0 0 0 0 3 20
1.270 2 1 1 0 0.3940 0.3900 0.3976 0.3976 0.2319 0.0253 0.112544 0.468210 -4.1800 0 4.1800 0  790 872 800 782 984 1146 1010 863  1 1 0 0 0 0 0 0 16
1.275 2 1 1 0 0.4000 0.3832 0.3497 0.3935 0.2339 0.0255 0.112544 0.469064 -4.1800 0 1.6814 1  796 812 815 950 994 1304 1026 780  1 1 0 0 0 0 0 0 20
1.280 2 1 1 0 0.4000 0.3838 0.3935 0.3826 0.2359 0.0258 0.112544 0.468519 -2.8003 1 1.3338 1  795 1022 837 919 1000 1206 907 856  1 1 0 0 0 0 0 4 20
1.285 2 1 1 0 0.4000 0.3843 0.3976 0.3935 0.2379 0.0260 0.112544 0.469372 -4.1800 0 4.1800 0  818 957 842 853 1004 1230 1056 1064  1 1 0 0 0 0 0 2 18
1.290 2 1 1 0 0.4000 0.3848 0.4268 0.4057 0.2399 0.0262 0.112544 0.470214 -2.3595 1 -1.5144 1  820 1204 827 1018 1014 1251 1050 874  1 1 0 0 0 0 0 1 20
1.295 2 1 1 0 0.4000 0.3851 0.3351 0.4097 0.2419 0.0264 0.112544 0.470427 -4.1800 0 1.8980 1  819 940 815 965 1018 1286 1065 777  1 1 0 0 0 0 0 0 19
1.300 2 1 1 0 0.3980 0.3871 0.3558 0.3976 0.2436 0.0266 0.112544 0.469697 -4.1800 0 2.2402 1  818 855 814 922 1010 1212 1088 691  1 1 0 0 0 0 0 0 20
1.305 2 1 1 0 0.4000 0.3823 0.4016 0.3789 0.2456 0.0268 0.112544 0.469938 -4.1800 0 4.1800 0  814 839 833 801 1018 1160 1078 983  1 1 0 0 0 0 0 0 18
1.310 2 1 1 0 0.3980 0.3850 0.4268 0.3899 0.2478 0.0271 0.109926 0.470577 -3.4793 1 1.7858 1  817 969 846 867 1016 1306 1050 789  1 1 0 0 0 0 0 1 16
1.315 2 1 1 0 0.4000 0.3830 0.3862 0.3586 0.2496 0.0273 0.112544 0.471475 -2.5657 1 1.1530 1  815 1150 855 1116 1024 1243 920 819  1 1 0 0 0 0 0 6 20
1.320 2 1 1 0 0.3980 0.3830 0.3497 0.3826 0.2514 0.0275 0.109926 0.471063 -2.5356 1 1.6541 1  819 1206 863 1078 1029 1543 1042 740  1 1 0 0 0 0 0 8 20
1.325 2 1 1 0 0.3880 0.3930 0.3976 0.4016 0.2534 0.0277 0.109926 0.471296 -3.2775 1 0.7494 1  819 996 861 1010 1031 1121 1028 774  1 1 0 0 0 0 0 9 20
1.330 2 1 1 0 0.3908 0.4000 0.4179 0.3862 0.2555 0.0279 0.109926 0.471612 -2.8723 1 1.6396 1  819 1006 867 1044 1011 1338 1020 781  1 1 0 0 0 0 0 13 20
1.335 2 1 1 0 0.3940 0.4000 0.4016 0.4016 0.2575 0.0282 0.109926 0.471333 -2.6972 1 1.3771 1  819 1077 871 861 999 1250 1009 790  1 1 0 0 0 0 0 16 20
1.340 2 1 1 0 0.3965 0.4000 0.3497 0.4057 0.2595 0.0284 0.109926 0.471128 -2.4063 1 1.3785 1  805 1178 877 1056 1003 1388 1012 815  1 1 0 0 0 0 0 15 20
1.345 2 1 1 0 0.3984 0.4000 0.3899 0.3976 0.2615 0.0286 0.109926 0.472094 -2.5618 0 1.5779 0  802 984 891 927 1009 1282 1012 823  1 1 0 0 0 0 0 19 19
1.350 2 1 1 0 0.3998 0.4000 0.3862 0.3720 0.2635 0.0288 0.109926 0.472259 -2.4240 1 1.4771 1  801 1013 875 1135 1008 1319 1009 821  1 1 0 0 0 0 0 17 20
1.355 2 1 1 0 0.4000 0.3991 0.4016 0.4057 0.2655 0.0291 0.109926 0.471620 -2.3606 1 -1.3250 1  799 1079 880 958 1010 1162 1109 942  1 1 0 0 0 0 0 20 20
1.360 2 1 1 0 0.4000 0.3891 0.3826 0.3753 0.2673 0.0293 0.112544 0.470330 -2.4694 1 -1.2578 1  800 1172 878 1055 1009 1220 972 769  1 1 0 0 0 0 0 20 20
1.365 2 1 1 0 0.3960 0.3871 0.4138 0.3619 0.2692 0.0295 0.109926 0.470951 -2.4980 1 -1.2700 1  804 1032 861 979 991 1218 1020 852  1 1 0 0 0 0 0 19 19
1.370 2 1 1 0 0.3957 0.4000 0.4016 0.4057 0.2712 0.0297 0.109926 0.471255 -2.5947 1 4.1800 0  805 1094 864 1061 880 1308 1096 942  1 1 0 0 0 0 0 15 18
1.375 2 1 1 0 0.3992 0.3980 0.3651 0.4016 0.2734 0.0299 0.112544 0.470759 -2.6059 1 4.1800 0  810 1100 868 854 1003 1213 1001 977  1 1 0 0 0 0 0 16 18
1.380 2 1 1 0 0.4000 0.3920 0.3862 0.4138 0.2752 0.0301 0.115161 0.470038 -2.5148 0 1.2241 0  815 902 872 1015 1003 1193 1008 757  1 1 0 0 0 0 0 18 20
1.385 2 1 1 0 0.4000 0.3820 0.4179 0.4057 0.2772 0.0304 0.115161 0.470666 -4.1800 0 4.1800 0  812 892 864 1005 986 1097 1004 792  1 1 0 0 0 0 0 13 18
1.390 2 1 1 0 0.4000 0.3800 0.3651 0.3899 0.2790 0.0306 0.112544 0.470854 -4.1800 0 2.3932 1  809 720 844 906 987 962 1010 784  1 1 0 0 0 0 0 11 19
1.395 2 1 1 0 0.4000 0.3888 0.3789 0.3586 0.2811 0.0308 0.112544 0.470247 -2.3595 1 -1.4305 1  805 1126 861 987 988 1174 1049 859  1 1 0 0 0 0 0 13 20
1.400 2 1 1 0 0.4000 0.3867 0.3753 0.3976 0.2829 0.0310 0.115161 0.469828 -3.6452 1 1.9210 1  807 978 861 1010 967 1146 1024 724  1 1 0 0 0 0 0 11 20
1.405 2 1 1 0 0.4000 0.3910 0.4361 0.4138 0.2851 0.0313 0.112544 0.470117 -4.1800 0 4.1800 0  809 888 867 763 965 1074 1026 877  1 1 0 0 0 0 0 11 18
1.410 2 1 1 0 0.4000 0.3904 0.3862 0.3935 0.2871 0.0315 0.112544 0.470625 -2.6929 0 1.4539 0  813 887 863 970 972 1102 1061 788  1 1 0 0 0 0 0 8 20
1.415 2 1 1 0 0.4000 0.3823 0.3826 0.4057 0.2889 0.0317 0.115161 0.470039 -2.8360 1 -0.7965 1  814 1011 865 974 974 1173 1023 800  1 1 0 0 0 0 0 5 20
1.420 2 1 1 0 0.4000 0.3723 0.4016 0.3935 0.2909 0.0319 0.115161 0.468808 -2.9070 1 1.5788 1  806 992 870 974 986 1214 1037 793  1 1 0 0 0 0 0 8 20
1.425 2 1 1 0 0.4000 0.3652 0.4057 0.3862 0.2929 0.0322 0.115161 0.469216 -4.1800 0 2.0151 1  805 925 849 1041 1004 1128 1056 769  1 1 0 0 0 0 0 5 20
1.430 2 1 1 0 0.4000 0.3684 0.4223 0.3862 0.2950 0.0324 0.115161 0.469815 -2.6068 0 4.1800 0  793 888 848 1003 1021 1216 1062 905  1 1 0 0 0 0 0 6 18
1.435 2 1 1 0 0.3980 0.3725 0.3351 0.3826 0.2968 0.0326 0.112544 0.469418 -4.1800 0 4.1800 0  792 802 842 1017 1024 1290 1075 882  1 1 0 0 0 0 0 6 15
1.440 2 1 1 0 0.3978 0.3745 0.3436 0.3688 0.2986 0.0328 0.115161 0.468737 1.9383 1 4.1800 0  780 872 854 813 1014 1149 1081 1065  1 1 0 0 0 0 0 5 11
1.445 2 1 1 0 0.4000 0.3703 0.3862 0.3976 0.3006 0.0331 0.115161 0.468726 -1.2607 1 2.1147 1  782 806 856 980 1021 1292 1085 846  1 1 0 0 0 0 0 10 13
1.450 2 1 1 0 0.4000 0.3724 0.3976 0.3899 0.3026 0.0333 0.115161 0.469467 -4.1800 0 4.1800 0  777 1006 855 1017 1025 1243 1071 1015  1 1 0 0 0 0 0 7 7
1.455 2 1 1 0 0.4000 0.3740 0.4138 0.4016 0.3046 0.0335 0.115161 0.469920 -2.4293 0 4.1800 0  784 1031 856 970 1047 1237 1090 1003  1 1 0 0 0 0 0 9 3
1.460 2 1 1 0 0.3940 0.3806 0.3525 0.4016 0.3064 0.0337 0.112544 0.469323 0.6844 1 4.1800 0  787 992 847 1034 1049 1394 1114 1055  1 1 0 0 0 0 0 12 0
1.465 2 1 1 0 0.3945 0.3957 0.4097 0.3899 0.3085 0.0340 0.112544 0.469981 0.6838 1 4.1800 0  782 954 858 1026 1051 1475 1177 1064  1 1 0 0 0 0 0 17 0
1.470 2 1 1 0 0.3984 0.4000 0.4057 0.4057 0.3105 0.0342 0.112544 0.470782 2.1746 1 4.1800 0  787 903 862 1012 1046 1293 1146 1174  1 1 0 0 0 0 0 20 0
1.475 2 1 1 0 0.4000 0.3940 0.3753 0.4016 0.3123 0.0344 0.115161 0.470451 2.1557 1 4.1800 0  791 877 859 958 1061 1241 1126 1148  1 1 0 0 0 0 0 20 0
1.480 2 1 1 0 0.4000 0.3840 0.3976 0.4016 0.3143 0.0346 0.115161 0.469775 2.1020 1 4.1800 0  789 963 863 944 1079 1152 1148 1149  1 1 0 0 0 0 0 20 0
1.485 2 1 1 0 0.4000 0.3740 0.3826 0.3651 0.3163 0.0349 0.115161 0.470101 1.9441 1 4.1800 0  796 876 870 933 1044 1219 1268 1274  1 1 0 0 0 0 0 20 0
1.490 2 1 1 0 0.4000 0.3718 0.4016 0.3976 0.3183 0.0351 0.115161 0.470453 2.0749 1 4.1800 0  804 1067 872 937 1063 1319 1312 1520  1 1 0 0 0 0 0 20 0
1.495 2 1 1 0 0.4000 0.3735 0.3899 0.3789 0.3203 0.0353 0.115161 0.470173 1.4706 1 4.1800 0  808 875 876 1025 1080 1299 1454 1297  1 1 0 0 0 0 0 20 0
1.500 2 1 1 0 0.3960 0.3784 0.3862 0.3862 0.3222 0.0355 0.112544 0.470005 2.1097 1 4.1800 0  818 928 884 1094 1084 1324 1276 1378  1 1 0 0 0 0 0 20 0
1.505 2 1 1 0 0.3938 0.3939 0.3753 0.4016 0.3242 0.0358 0.112544 0.470293 1.6527 1 4.1800 0  817 1057 867 1091 1087 1501 1466 1454  1 1 0 0 0 0 0 20 0
1.510 2 1 1 0 0.3979 0.4000 0.4097 0.4097 0.3262 0.0360 0.112544 0.470397 1.6190 1 4.1800 0  821 950 883 1019 1122 1378 1577 1489  1 1 0 0 0 0 0 20 0
1.515 2 1 1 0 0.4000 0.3975 0.3688 0.4138 0.3280 0.0362 0.115161 0.470240 1.5370 1 4.1800 0  830 1015 888 1091 1085 1388 1566 1419  1 1 0 0 0 0 0 20 0
1.520 2 1 1 0 0.4000 0.3875 0.4057 0.4097 0.3300 0.0364 0.115161 0.469785 1.2542 1 4.1800 0  823 968 889 1122 1105 1540 1619 1456  1 1 0 0 0 0 0 20 0
1.525 2 1 1 0 0.4000 0.3775 0.4223 0.3935 0.3320 0.0367 0.115161 0.469949 0.9860 1 4.1800 0  829 1178 878 1119 1104 1717 1673 1534  1 1 0 0 0 0 0 20 0
1.530 2 1 1 0 0.4000 0.3705 0.3465 0.3688 0.3340 0.0369 0.115161 0.470318 1.4169 1 4.1800 0  832 971 903 1067 1113 1512 1729 1558  1 1 0 0 0 0 0 20 0
1.535 2 1 1 0 0.4000 0.3725 0.3720 0.3935 0.3361 0.0371 0.115161 0.470036 1.3464 1 4.1800 0  845 1048 934 1061 1155 1602 1686 1571  1 1 0 0 0 0 0 20 0
1.540 2 1 1 0 0.4000 0.3740 0.3935 0.3976 0.3377 0.0373 0.115161 0.469904 1.0520 1 4.1800 0  835 829 879 1076 1133 1632 1839 1664  1 1 0 0 0 0 0 20 0
1.545 2 1 1 0 0.4000 0.3752 0.4097 0.3826 0.3397 0.0375 0.115161 0.470768 1.0674 1 4.1800 0  826 946 892 1048 1152 1702 1856 1596  1 1 0 0 0 0 0 20 0
1.550 2 1 1 0 0.4000 0.3755 0.3935 0.4016 0.3417 0.0378 0.115161 0.471571 1.1050 1 4.1800 0  817 1043 887 1068 1167 1680 1885 1645  1 1 0 0 0 0 0 20 0
1.555 2 1 1 0 0.4000 0.3736 0.3351 0.3826 0.3437 0.0380 0.115161 0.471157 0.8129 1 4.1800 0  814 1090 876 1071 1192 1879 1894 1598  1 1 0 0 0 0 0 20 0
1.560 2 1 1 0 0.4000 0.3736 0.3976 0.3976 0.3457 0.0382 0.115161 0.470895 0.5721 1 4.1800 0  807 715 872 1080 1230 1786 1924 1569  1 1 0 0 0 0 0 20 0
1.565 2 1 1 0 0.3940 0.3802 0.3935 0.3935 0.3475 0.0384 0.112544 0.471449 0.7219 1 4.1800 0  810 1131 865 1077 1259 1884 1919 1555  1 1 0 0 0 0 0 20 0
1.570 2 1 1 0 0.3950 0.3980 0.4223 0.4097 0.3496 0.0387 0.112544 0.472387 0.5417 1 4.1800 0  795 866 857 1043 1296 2037 1928 1540  1 1 0 0 0 0 0 20 0
1.575 2 1 1 0 0.3989 0.4000 0.3351 0.3976 0.3516 0.0389 0.112544 0.472341 0.4463 1 4.1800 0  784 980 853 943 1352 2087 1907 1526  1 1 0 0 0 0 0 20 0
1.580 2 1 1 0 0.4000 0.3920 0.3408 0.3826 0.3534 0.0391 0.115161 0.471990 0.4113 1 4.1800 0  778 972 850 1000 1403 2090 1921 1601  1 1 0 0 0 0 0 20 0
1.585 2 1 1 0 0.4000 0.3820 0.4097 0.4057 0.3554 0.0393 0.115161 0.472480 0.2520 1 4.1800 0  769 812 829 984 1447 1935 2022 1669  1 1 0 0 0 0 0 20 0
1.590 2 1 1 0 0.3960 0.3880 0.4138 0.3826 0.3576 0.0396 0.112544 0.472790 0.1032 1 4.1800 0  760 836 827 1171 1489 2336 1916 1475  1 1 0 0 0 0 0 20 0
1.595 2 1 1 0 0.3960 0.3860 0.3826 0.3789 0.3592 0.0398 0.112544 0.472920 0.0314 1 4.1800 0  768 756 832 1087 1530 2014 1914 1618  1 1 0 0 0 0 0 20 0
1.600 2 1 1 0 0.3995 0.4000 0.3651 0.4057 0.3613 0.0400 0.112544 0.472919 0.1085 1 4.1800 0  801 1007 862 1152 1570 2126 1914 1662  1 1 0 0 0 0 0 20 0
1.605 2 1 1 0 0.4000 0.3976 0.3976 0.3976 0.3633 0.0402 0.112544 0.473834 -0.0370 1 4.1800 0  830 912 896 1219 1635 2040 1911 1655  1 1 0 0 0 0 0 20 0
1.610 2 1 1 0 0.4000 0.3954 0.3651 0.4016 0.3653 0.0405 0.112544 0.474320 -0.0912 1 4.1800 0  865 1137 944 1299 1690 2091 1920 1630  1 1 0 0 0 0 0 20 0
1.615 2 1 1 0 0.4000 0.3937 0.3935 0.3976 0.3673 0.0407 0.112544 0.473936 -0.3380 1 4.1800 0  884 1260 972 1423 1734 2219 1884 1481  1 1 0 0 0 0 0 20 0
1.620 2 1 1 0 0.4000 0.3837 0.4016 0.4057 0.3691 0.0409 0.115161 0.472454 -0.2143 1 4.1800 0  898 1102 990 1372 1771 2152 1926 1539  1 1 0 0 0 0 0 20 0
1.625 2 1 1 0 0.4000 0.3737 0.3789 0.3826 0.3711 0.0411 0.115161 0.472629 -0.4483 1 4.1800 0  902 906 994 1391 1779 2024 1928 1546  1 1 0 0 0 0 0 20 0
1.630 2 1 1 0 0.4000 0.3672 0.4057 0.3899 0.3731 0.0414 0.115161 0.473384 -0.3819 1 4.1800 0  893 1171 1024 1443 1808 2221 1912 1484  1 1 0 0 0 0 0 20 0
1.635 2 1 1 0 0.3952 0.3758 0.3899 0.3899 0.3750 0.0416 0.112544 0.472466 -0.8116 1 4.1800 0  888 761 1032 1429 1804 2070 1956 1521  1 1 0 0 0 0 0 20 0
1.640 2 1 1 0 0.4000 0.3698 0.3720 0.3976 0.3768 0.0418 0.115161 0.472115 -0.2373 1 4.1800 0  913 1000 1067 1356 1802 2115 1963 1520  1 1 0 0 0 0 0 20 0
1.645 2 1 1 0 0.4000 0.3691 0.4223 0.4016 0.3788 0.0420 0.115161 0.471902 -0.7908 1 4.1800 0  878 1105 1081 1615 1818 2053 1923 1547  1 1 0 0 0 0 0 20 0
1.650 2 1 1 0 0.3980 0.3730 0.4223 0.3688 0.3810 0.0423 0.112544 0.472022 -0.7420 1 4.1800 0  873 907 1117 1442 1817 2113 1924 1508  1 1 0 0 0 0 0 20 0
1.655 2 1 1 0 0.3920 0.3830 0.3862 0.3688 0.3826 0.0424 0.112544 0.472122 -0.9468 1 4.1800 0  875 1229 1155 1683 1818 2227 1925 1529  1 1 0 0 0 0 0 20 0
1.660 2 1 1 0 0.4000 0.3930 0.3323 0.3976 0.3846 0.0427 0.112544 0.471668 -1.0590 1 4.1800 0  872 1121 1192 1840 1814 2297 1931 1639  1 1 0 0 0 0 0 20 0
1.665 2 1 1 0 0.4000 0.3945 0.4097 0.4016 0.3866 0.0429 0.112544 0.472320 -1.2730 1 3.7556 1  864 1195 1237 1690 1817 2047 1883 1435  1 1 0 0 0 0 0 20 3
1.670 2 1 1 0 0.4000 0.3928 0.3789 0.4016 0.3887 0.0431 0.112544 0.472546 -1.3176 1 4.1800 0  870 828 1263 1749 1806 2206 1912 1459  1 1 0 0 0 0 0 20 0
1.675 2 1 1 0 0.4000 0.3915 0.3935 0.3789 0.3907 0.0434 0.112544 0.472426 -1.6619 1 2.8842 1  862 1250 1369 1836 1909 2253 1882 1341  1 1 0 0 0 0 0 20 4
1.680 2 1 1 0 0.4000 0.3905 0.3899 0.3688 0.3923 0.0435 0.112544 0.471153 -1.6720 1 3.3807 1  864 1257 1367 1801 1861 2292 1902 1419  1 1 0 0 0 0 0 20 9
1.685 2 1 1 0 0.3960 0.3941 0.4312 0.3935 0.3945 0.0438 0.109926 0.471752 -1.5029 1 2.9267 1  874 1097 1404 1731 1812 2031 1918 1354  1 1 0 0 0 0 0 20 14
1.690 2 1 1 0 0.3860 0.4000 0.3651 0.3826 0.3965 0.0440 0.109926 0.472151 -1.7452 1 2.5049 1  881 1257 1434 1740 1799 2074 1833 1215  1 1 0 0 0 0 0 20 19
1.695 2 1 1 0 0.3871 0.3980 0.3497 0.4016 0.3983 0.0442 0.112544 0.472521 -1.7114 1 2.7624 1  895 1256 1444 1693 1819 2050 1801 1312  1 1 0 0 0 0 0 20 20
1.700 2 1 1 0 0.3866 0.4000 0.3976 0.3935 0.4002 0.0444 0.109926 0.471969 -1.6912 1 2.0912 1  909 1239 1485 1734 1819 2084 1664 1087  1 1 0 0 0 0 0 20 20
1.705 2 1 1 0 0.3906 0.4000 0.3826 0.3826 0.4022 0.0446 0.109926 0.471671 -1.9874 1 2.2412 1  931 1400 1501 1774 1798 2015 1746 1174  1 1 0 0 0 0 0 20 20
1.710 2 1 1 0 0.3937 0.4000 0.3935 0.3862 0.4042 0.0449 0.109926 0.471871 -1.7155 1 2.1281 1  955 1281 1509 1712 1805 2014 1716 1117  1 1 0 0 0 0 0 20 20
1.715 2 1 1 0 0.3960 0.4000 0.3465 0.3862 0.4062 0.0451 0.109926 0.472350 -2.2804 1 1.9020 1  993 1807 1514 1788 1820 2338 1647 1106  1 1 0 0 0 0 0 20 20
1.720 2 1 1 0 0.3884 0.4000 0.4057 0.4016 0.4080 0.0453 0.107309 0.471656 -2.3502 1 1.9751 1  1045 1566 1521 1805 1800 2037 1630 1015  1 1 0 0 0 0 0 20 20
1.725 2 1 1 0 0.3784 0.4000 0.4016 0.4016 0.4100 0.0455 0.107309 0.471917 -1.8326 1 1.8349 1  1089 1307 1520 1701 1812 1957 1554 995  1 1 0 0 0 0 0 20 20
1.730 2 1 1 0 0.3844 0.3920 0.3899 0.3862 0.4118 0.0457 0.109926 0.471601 -2.9079 1 1.7894 1  1145 1369 1504 1698 1810 1954 1491 946  1 1 0 0 0 0 0 20 20
1.735 2 1 1 0 0.3960 0.3912 0.3899 0.4016 0.4139 0.0459 0.109926 0.470931 -2.6606 1 1.6117 1  1184 1715 1524 1737 1795 2025 1453 1040  1 1 0 0 0 0 0 20 20
1.740 2 1 1 0 0.4000 0.3902 0.3789 0.4016 0.4157 0.0461 0.112544 0.469710 -2.8135 1 1.6351 1  1221 1734 1522 1784 1802 2134 1413 1027  1 1 0 0 0 0 0 20 20
1.745 2 1 1 0 0.4000 0.3922 0.4097 0.4138 0.4179 0.0464 0.109926 0.469239 -3.1811 1 1.3211 1  1259 1605 1521 1611 1791 1804 1361 1011  1 1 0 0 0 0 0 20 20
1.750 2 1 1 0 0.4000 0.3973 0.4097 0.3976 0.4199 0.0466 0.109926 0.467711 -3.2822 1 1.1157 1  1303 1700 1530 1896 1783 1759 1300 1082  1 1 0 0 0 0 0 20 20
1.755 2 1 1 0 0.4000 0.3893 0.3436 0.4138 0.4217 0.0468 0.112544 0.466509 -4.1800 0 1.4458 1  1338 1686 1514 1772 1755 1787 1261 843  1 1 0 0 0 0 0 16 20
1.760 2 1 1 0 0.4000 0.3793 0.3298 0.3688 0.4235 0.0470 0.115161 0.465704 -4.1800 0 1.1672 1  1374 1660 1530 1757 1719 1670 1088 935  1 1 0 0 0 0 0 6 20
1.765 2 1 1 0 0.4000 0.3693 0.4097 0.3862 0.4256 0.0472 0.115161 0.466407 -4.1800 0 1.1488 1  1395 1565 1528 1557 1699 1647 1196 877  1 1 0 0 0 0 0 0 20
1.770 2 1 1 0 0.4000 0.3593 0.3436 0.3688 0.4276 0.0475 0.115161 0.466663 -4.1800 0 1.2627 1  1400 1620 1522 1708 1663 1712 1250 901  1 1 0 0 0 0 0 0 20
1.775 2 1 1 0 0.4000 0.3613 0.3720 0.3619 0.4294 0.0477 0.112544 0.465972 -4.1800 0 0.8222 1  1411 1525 1519 1546 1650 1484 1188 909  1 1 0 0 0 0 0 0 20
1.780 2 1 1 0 0.4000 0.3593 0.3789 0.3862 0.4312 0.0479 0.115161 0.465434 -4.1800 0 0.7862 1  1426 1687 1516 1624 1624 1555 1179 979  1 1 0 0 0 0 0 0 20
1.785 2 1 1 0 0.4000 0.3621 0.4179 0.3899 0.4332 0.0481 0.115161 0.465951 -4.1800 0 0.5712 1  1431 1694 1515 1650 1533 1412 1133 938  1 1 0 0 0 0 0 0 20
1.790 2 1 1 0 0.3980 0.3710 0.4057 0.3826 0.4350 0.0483 0.112544 0.466361 -4.1800 0 0.6088 1  1426 1534 1520 1671 1479 1437 1138 855  1 1 0 0 0 0 0 0 20
1.795 2 1 1 0 0.3980 0.3810 0.3323 0.3935 0.4370 0.0485 0.112544 0.466279 -4.1800 0 0.3482 1  1423 1716 1522 1677 1415 1425 1128 881  1 1 0 0 0 0 0 0 20
1.800 2 1 1 0 0.4000 0.3750 0.3436 0.3688 0.4389 0.0488 0.115161 0.465537 -4.1800 0 -0.0390 1  1417 1570 1517 1501 1367 1281 1184 1033  1 1 0 0 0 0 0 0 20
1.805 2 1 1 0 0.3973 0.3730 0.4057 0.3753 0.4407 0.0490 0.112544 0.465564 -4.1800 0 0.1043 1  1426 1504 1508 1612 1328 1318 1136 938  1 1 0 0 0 0 0 0 20
1.810 2 1 1 0 0.3973 0.3830 0.3465 0.3688 0.4427 0.0492 0.112544 0.465624 -4.1800 0 0.0424 1  1420 1785 1501 1615 1282 1441 1133 952  1 1 0 0 0 0 0 0 20
1.815 2 1 1 0 0.4000 0.3850 0.3379 0.3862 0.4445 0.0494 0.115161 0.465244 -4.1800 0 0.0610 1  1412 1846 1505 1610 1272 1445 1118 898  1 1 0 0 0 0 0 0 20
1.820 2 1 1 0 0.4000 0.3910 0.3720 0.4016 0.4463 0.0496 0.112544 0.464607 -4.1800 0 0.0853 1  1418 1635 1502 1756 1239 1518 1172 999  1 1 0 0 0 0 0 0 20
1.825 2 1 1 0 0.4000 0.3810 0.4057 0.3935 0.4481 0.0498 0.115161 0.464788 -4.1800 0 -0.2504 1  1422 1606 1476 1379 1197 1300 1155 824  1 1 0 0 0 0 0 0 20
1.830 2 1 1 0 0.4000 0.3710 0.3408 0.3497 0.4501 0.0500 0.115161 0.465587 -4.1800 0 -0.4824 1  1419 1878 1473 1365 1166 1371 1150 939  1 1 0 0 0 0 0 0 20
1.835 2 1 1 0 0.3943 0.3770 0.3651 0.3497 0.4520 0.0503 0.112544 0.465246 -4.1800 0 -0.3766 1  1420 1731 1459 1419 1202 1305 1183 950  1 1 0 0 0 0 0 0 20
1.840 2 1 1 0 0.4000 0.3750 0.3586 0.3899 0.4538 0.0505 0.115161 0.464443 -4.1800 0 -0.5732 1  1425 1742 1448 1250 1131 1452 1032 881  1 1 0 0 0 0 0 0 20
1.845 2 1 1 0 0.4000 0.3693 0.4097 0.3826 0.4558 0.0507 0.115161 0.464801 -4.1800 0 -0.6037 1  1424 1607 1463 1249 1155 1411 1158 896  1 1 0 0 0 0 0 0 20
1.850 2 1 1 0 0.3940 0.3779 0.3976 0.3720 0.4576 0.0509 0.112544 0.465703 -4.1800 0 -0.6390 1  1425 1561 1404 1213 1168 1228 1035 1064  1 1 0 0 0 0 0 0 20
1.855 2 1 1 0 0.3960 0.3920 0.3720 0.3862 0.4594 0.0511 0.115161 0.465504 -4.1800 0 -0.6495 1  1433 1567 1370 1236 1096 1286 1142 851  1 1 0 0 0 0 0 0 20
1.860 2 1 1 0 0.4000 0.3820 0.3351 0.4057 0.4614 0.0513 0.115161 0.465100 -4.1800 0 -0.6074 1  1430 1767 1340 1278 1025 1268 1036 983  1 1 0 0 0 0 0 0 20
1.865 2 1 1 0 0.4000 0.3720 0.3976 0.3826 0.4630 0.0515 0.115161 0.464837 -4.1800 0 -0.8376 1  1433 1564 1305 1145 1079 1268 1139 864  1 1 0 0 0 0 0 0 20
1.870 2 1 1 0 0.4000 0.3728 0.3862 0.3826 0.4651 0.0518 0.115161 0.465551 -4.1800 0 -0.5127 1  1422 1582 1252 1310 1081 1296 1135 814  1 1 0 0 0 0 0 0 20
1.875 2 1 1 0 0.4000 0.3746 0.3619 0.3586 0.4671 0.0520 0.115161 0.465637 -4.1800 0 -1.0199 1  1420 1702 1237 1084 1166 1310 1084 1032  1 1 0 0 0 0 0 0 20
1.880 2 1 1 0 0.4000 0.3760 0.3558 0.3826 0.4687 0.0522 0.115161 0.465386 -4.1800 0 -1.1217 1  1422 1658 1192 1272 1079 1349 1116 891  1 1 0 0 0 0 0 0 20
1.885 2 1 1 0 0.4000 0.3771 0.4016 0.3826 0.4707 0.0524 0.115161 0.465577 -4.1800 0 -1.1298 1  1420 1356 1160 1004 1065 1256 1113 836  1 1 0 0 0 0 0 0 20
1.890 2 1 1 0 0.4000 0.3779 0.3688 0.3558 0.4727 0.0526 0.115161 0.466480 -4.1800 0 -1.2808 1  1408 1565 1123 1072 1061 1322 1105 918  1 1 0 0 0 0 0 0 20
1.895 2 1 1 0 0.4000 0.3781 0.3323 0.3379 0.4743 0.0528 0.115161 0.466649 -4.1800 0 -1.3018 1  1408 1550 1083 1014 1083 1376 1152 852  1 1 0 0 0 0 0 0 20
1.900 2 1 1 0 0.4000 0.3769 0.3619 0.3935 0.4763 0.0531 0.115161 0.466116 -4.1800 0 -1.3650 1  1405 1601 1051 1042 1082 1314 1189 898  1 1 0 0 0 0 0 0 20
1.905 2 1 1 0 0.4000 0.3753 0.3862 0.3753 0.4779 0.0533 0.115161 0.466005 -4.1800 0 -1.4315 1  1397 1497 1029 1064 1073 1270 1157 880  1 1 0 0 0 0 0 0 20
1.910 2 1 1 0 0.4000 0.3807 0.3826 0.3525 0.4800 0.0535 0.115161 0.467058 -4.1800 0 -1.3704 1  1391 1526 991 883 1089 1343 1149 1093  1 1 0 0 0 0 0 0 20
1.915 2 1 1 0 0.4000 0.3807 0.3935 0.3826 0.4820 0.0537 0.115161 0.467714 -4.1800 0 -1.6465 1  1376 1360 973 1149 1083 1270 1133 898  1 1 0 0 0 0 0 0 20
1.920 2 1 1 0 0.4000 0.3808 0.3651 0.3935 0.4836 0.0539 0.115161 0.467495 -4.1800 0 -1.4860 1  1362 1430 934 926 1061 1255 983 908  1 1 0 0 0 0 0 0 20
1.925 2 1 1 0 0.4000 0.3808 0.3351 0.3826 0.4856 0.0541 0.115161 0.467027 -4.1800 0 -2.0088 1  1335 1105 895 863 1019 1113 1067 933  1 1 0 0 0 0 0 0 20
1.930 2 1 1 0 0.4000 0.3808 0.4016 0.3935 0.4876 0.0544 0.115161 0.467465 -4.1800 0 -1.4796 1  1310 1392 860 827 1022 1270 1075 905  1 1 0 0 0 0 0 0 20
1.935 2 1 1 0 0.4000 0.3748 0.3899 0.3753 0.4894 0.0546 0.117778 0.467900 -4.1800 0 -2.1974 1  1284 929 829 878 1011 1227 1078 806  1 1 0 0 0 0 0 0 20
1.940 2 1 1 0 0.4000 0.3688 0.3753 0.3976 0.4912 0.0548 0.115161 0.467830 -4.1800 0 -1.8576 1  1254 1175 823 1117 1009 1209 1082 845  1 1 0 0 0 0 0 0 20
1.945 2 1 1 0 0.4000 0.3668 0.3525 0.3753 0.4931 0.0550 0.117778 0.467372 -4.1800 0 -1.5928 1  1213 1301 850 1074 1018 1242 1057 1001  1 1 0 0 0 0 0 0 20
1.950 2 1 1 0 0.4000 0.3568 0.4223 0.3558 0.4951 0.0552 0.117778 0.468364 -4.1800 0 -1.9769 1  1174 1073 852 947 1024 1262 1092 823  1 1 0 0 0 0 0 0 20
1.955 2 1 1 0 0.4000 0.3668 0.3688 0.3586 0.4969 0.0555 0.115161 0.469052 -4.1800 0 -2.2800 1  1134 868 859 994 1031 1293 1098 902  1 1 0 0 0 0 0 0 20
1.960 2 1 1 0 0.4000 0.3768 0.3688 0.3789 0.4989 0.0557 0.115161 0.469208 -4.1800 0 -2.0305 1  1090 1000 849 1034 1029 1312 1182 806  1 1 0 0 0 0 0 0 20
1.965 2 1 1 0 0.4000 0.3748 0.3720 0.3862 0.5005 0.0559 0.115161 0.468299 -4.1800 0 -2.1949 1  1049 819 850 796 1019 1137 1123 927  1 1 0 0 0 0 0 0 20
1.970 2 1 1 0 0.4000 0.3848 0.3753 0.3862 0.5025 0.0561 0.115161 0.468498 -4.1800 0 1.4703 1  1008 938 832 976 1041 1416 1088 858  1 1 0 0 0 0 0 0 20
1.975 2 1 1 0 0.4000 0.3876 0.4097 0.3976 0.5045 0.0563 0.115161 0.469651 -4.1800 0 1.4618 1  968 937 845 1008 1044 1396 1070 889  1 1 0 0 0 0 0 0 20
1.980 2 1 1 0 0.4000 0.3810 0.3935 0.3651 0.5064 0.0566 0.117778 0.469674 -4.1800 0 4.1800 0  923 912 843 863 1000 1304 1113 971  1 1 0 0 0 0 0 0 18
1.985 2 1 1 0 0.4000 0.3790 0.3026 0.3619 0.5082 0.0568 0.115161 0.469204 -4.1800 0 1.9417 1  892 884 830 1063 1039 1239 1088 777  1 1 0 0 0 0 0 0 16
1.990 2 1 1 0 0.4000 0.3690 0.3619 0.3862 0.5100 0.0570 0.117778 0.468995 -4.1800 0 4.1800 0  856 828 848 996 1033 1335 1100 951  1 1 0 0 0 0 0 0 16
1.995 2 1 1 0 0.4000 0.3599 0.3935 0.3862 0.5120 0.0572 0.117778 0.470293 -4.1800 0 4.1800 0  833 857 842 1098 1022 1209 1090 860  1 1 0 0 0 5 0 0 16
2.000 2 1 1 0 0.4000 0.3685 0.3753 0.3525 0.5138 0.0574 0.115161 0.470521 -4.1800 0 3.0825 1  815 723 845 929 1014 1205 1143 861  1 1 0 0 0 0 0 0 20
2.005 2 2 1 0 0.3960 0.3625 0.3323 0.3862 0.5156 0.0576 0.117778 0.470920 -2.5752 0 4.1800 0  801 921 847 1042 1025 1290 1092 865  1 1 0 0 0 1 0 2 16
2.010 2 2 1 0 0.3860 0.3585 0.3976 0.3789 0.5174 0.0579 0.115161 0.471162 -2.5369 1 1.8650 1  796 968 851 879 1000 1333 1085 873  1 1 0 0 0 0 0 3 17
2.015 2 2 1 0 0.3820 0.3525 0.4016 0.3753 0.5192 0.0581 0.117778 0.472774 -4.1800 0 3.4333 1  784 708 844 784 1013 1146 1068 830  1 1 0 0 0 0 0 3 20
2.020 2 2 1 0 0.3740 0.3505 0.3720 0.3465 0.5211 0.0583 0.115161 0.473473 -2.8231 0 4.1800 0  786 1037 826 1023 1017 1358 1088 887  1 1 0 0 0 1 0 2 17
2.025 2 2 1 0 0.3660 0.3485 0.3193 0.3436 0.5227 0.0585 0.115161 0.474287 -1.4690 0 2.8866 0  781 988 842 987 1021 1260 1083 859  1 1 0 0 0 1 0 5 20
2.030 2 2 1 0 0.3560 0.3385 0.3688 0.3720 0.5247 0.0587 0.115161 0.473390 -4.1800 0 4.1800 0  775 762 845 916 992 1214 1100 932  1 1 0 0 0 0 0 2 16
2.035 2 2 1 0 0.3520 0.3325 0.3862 0.3619 0.5263 0.0589 0.115161 0.473093 -2.2176 1 4.1800 0  772 1051 844 1044 1002 1385 1076 975  1 1 0 0 0 1 0 4 15
2.040 2 2 1 0 0.3420 0.3245 0.3720 0.3408 0.5283 0.0591 0.115161 0.474111 -1.0231 1 4.1800 0  770 770 836 1134 1019 1061 1069 1046  1 1 0 0 0 0 0 4 15
2.045 2 2 1 0 0.3320 0.3145 0.3753 0.3525 0.5299 0.0593 0.115161 0.475567 -2.5475 0 4.1800 0  778 995 830 1004 1030 1148 1063 1019  1 1 0 0 0 1 0 1 13
2.050 2 2 1 0 0.3220 0.3065 0.3298 0.3497 0.5315 0.0595 0.115161 0.476252 -2.6129 0 4.1800 0  774 895 838 1022 1070 1271 1101 930  1 1 0 0 0 1 0 2 7
2.055 8 1 2 0 0.3120 0.2965 0.3408 0.3379 0.5332 0.0597 0.115161 0.477055 -4.1800 0 2.1841 0  775 931 832 1085 1028 1260 1076 893  1 1 0 0 0 1 0 0 8
2.060 8 1 2 0 0.3040 0.2865 0.3002 0.3323 0.5348 0.0599 0.115161 0.477457 0.3928 0 4.1800 0  795 861 841 966 1041 1267 1084 825  1 1 0 0 0 4 0 1 6
2.065 8 1 2 0 0.2960 0.2765 0.3465 0.3351 0.5364 0.0601 0.115161 0.477891 -1.1893 1 4.1800 0  793 828 854 1085 1037 1273 1095 921  1 1 0 0 0 1 0 3 4
2.070 8 1 2 0 0.2900 0.2665 0.2982 0.3379 0.5382 0.0603 0.117778 0.479043 -2.6972 0 2.0021 0  784 969 861 965 1049 1292 1103 923  1 1 0 0 0 4 0 4 5
2.075 8 1 2 0 0.2840 0.2585 0.2759 0.2856 0.5396 0.0604 0.115161 0.479953 0.7821 1 4.1800 0  790 799 851 887 1052 1258 1114 1087  1 1 0 0 0 3 0 4 2
2.080 8 1 2 0 0.2780 0.2545 0.2982 0.3002 0.5412 0.0606 0.115161 0.481342 2.1609 0 4.1800 0  795 1003 868 1034 1066 1349 1121 924  1 1 0 0 0 4 0 6 0
2.085 8 1 2 0 0.2700 0.2485 0.3217 0.2982 0.5428 0.0608 0.115161 0.482679 -4.1800 0 2.5599 1  812 698 868 982 1056 1088 1129 782  1 1 0 0 0 3 0 3 1
2.090 8 1 2 0 0.2600 0.2385 0.3071 0.2982 0.5440 0.0609 0.115161 0.484013 -1.0795 1 0.2910 1  834 930 896 1142 1077 1159 1129 864  1 1 0 0 0 0 0 8 3
2.095 8 1 2 0 0.2500 0.2285 0.3002 0.2876 0.5456 0.0611 0.115161 0.486062 -2.5082 0 1.5388 0  835 1026 907 1067 1079 1226 1137 881  1 1 0 0 0 1 0 7 5
2.100 8 1 2 0 0.2400 0.2185 0.2398 0.2580 0.5469 0.0613 0.115161 0.487525 -2.0107 1 1.5371 1  844 1071 890 1135 1092 1479 1145 951  1 1 0 0 0 2 0 9 7
2.105 8 1 2 0 0.2300 0.2085 0.2458 0.2633 0.5481 0.0614 0.115161 0.489356 -2.2987 1 1.1964 1  838 1167 883 1097 1091 1372 1144 982  1 1 0 0 0 1 0 12 7
2.110 8 1 2 0 0.2200 0.2025 0.2759 0.2487 0.5495 0.0616 0.112544 0.490022 -1.0988 0 4.1800 0  828 1085 894 1083 1086 1268 1154 991  1 1 0 0 0 3 0 11 3
2.115 8 1 2 0 0.2100 0.1965 0.2385 0.2503 0.5507 0.0617 0.112544 0.491285 -2.2800 1 1.2989 1  822 1145 876 1082 1077 1364 1161 966  1 1 0 0 0 2 0 14 2
2.120 8 1 2 0 0.2040 0.1905 0.2633 0.2215 0.5519 0.0619 0.112544 0.492418 2.1631 0 4.1800 0  812 927 884 960 1061 1311 1151 1004  1 1 0 0 0 3 0 16 0
2.125 8 1 2 0 0.1980 0.1865 0.2239 0.2426 0.5531 0.0620 0.112544 0.493805 -2.3265 0 4.1800 0  809 888 858 1004 1059 1233 1141 961  1 1 0 0 0 6 0 17 0
2.130 8 1 2 0 0.1825 0.1805 0.2304 0.2329 0.5543 0.0621 0.112544 0.494745 -2.3973 0 1.2507 0  789 926 865 1059 1050 1351 1131 981  1 1 0 0 0 9 0 18 1
2.135 8 1 2 0 0.1765 0.1725 0.2276 0.2110 0.5553 0.0622 0.115161 0.496054 -1.9731 1 4.1800 0  787 997 859 1012 1040 1377 1126 962  1 1 0 0 0 10 0 20 0
2.140 8 1 2 0 0.1685 0.1625 0.1842 0.2049 0.5563 0.0624 0.112544 0.496879 -4.1800 0 4.1800 0  790 845 860 1038 1030 1298 1125 953  1 1 0 0 0 11 0 16 0
2.145 8 1 2 0 0.1585 0.1545 0.1886 0.1748 0.5573 0.0625 0.115161 0.497762 -2.4064 1 -1.3190 1  795 1063 864 972 1023 1238 1119 837  1 1 0 0 0 14 0 17 1
2.150 8 1 2 0 0.1485 0.1445 0.2057 0.1874 0.5583 0.0626 0.112544 0.498914 -2.5968 0 3.5285 0  797 896 864 958 1009 1216 1125 943  1 1 0 0 0 15 0 19 1
