%% logfile from robot Ella (8)
% Ella (8)
%  1    time 0.039 sec
%  2  3  4  5   (mission 0), state 2, entered (thread 1, line 0), events 0x0 (bit-flags)
%  6  7 Motor velocity ref left, right: 0.0000 -0.0800
%  8  9 Wheel velocity [m/s] left, right: 0.0000 -0.0389
% 10 11 12 13 Pose x,y,h,tilt [m,m,rad,rad]: -0.000405679 1.06178e-06 -0.00523459 0.496147
% 14 .. 35 Line sensor: left 0.721418 1, right 4.180000 0, values 648 879 790 945 1125 1826 1858 1591, white 1, used 1, LEDhigh=0, xb=0 xw=0 xbc=0 xwc=0 lvl=20 lvr=0
0.089 2 1 1 0 -0.0458 -0.0240 -0.0239 -0.0304 -0.0016 0.0000 -0.010469 0.499465 0.7847 1 4.1800 0  723 874 846 954 1142 1836 1940 1589  1 1 0 0 0 0 0 20 0
0.139 2 1 1 0 -0.0277 0.0000 -0.0073 -0.0312 -0.0018 0.0000 -0.013086 0.496992 0.3189 1 4.1800 0  827 878 877 956 1448 1846 2010 1584  1 1 0 0 0 0 0 20 0
0.189 2 1 1 0 -0.0240 0.0000 0.0110 -0.0061 -0.0018 0.0000 -0.013086 0.495520 0.7100 1 4.1800 0  705 879 736 962 1173 1843 1740 1589  1 1 0 0 0 0 0 20 0
0.239 2 1 1 0 0.0000 -0.0163 -0.0527 -0.0032 -0.0022 0.0000 -0.007852 0.495822 0.7630 1 4.1800 0  636 876 675 952 1033 1846 1928 1584  1 1 0 0 0 0 0 20 0
0.289 2 1 1 0 -0.0140 0.0000 0.0320 -0.0032 -0.0024 0.0000 -0.010469 0.496294 0.6967 1 4.1800 0  722 872 796 959 1214 1847 1878 1586  1 1 0 0 0 0 0 20 0
0.339 2 1 1 0 -0.0120 0.0000 0.0219 -0.0032 -0.0024 0.0000 -0.010469 0.496176 0.7280 1 4.1800 0  770 871 838 951 1226 1844 1904 1583  1 1 0 0 0 0 0 20 0
0.389 2 1 1 0 0.0000 -0.0180 -0.0284 -0.0028 -0.0028 0.0000 -0.005235 0.496905 0.6271 1 4.1800 0  933 909 888 976 1341 1839 1970 1585  1 1 0 0 0 0 0 20 0
0.439 2 1 1 0 -0.0055 0.0000 -0.0134 -0.0024 -0.0030 0.0000 -0.007852 0.496181 0.7440 1 4.1800 0  732 872 817 957 1191 1844 1933 1594  1 1 0 0 0 0 0 20 0
0.489 2 1 1 0 -0.0070 0.0000 -0.0049 -0.0024 -0.0030 0.0000 -0.007852 0.496039 0.7514 1 4.1800 0  736 883 808 956 1191 1832 1930 1585  1 1 0 0 0 0 0 20 0
0.539 2 1 1 0 -0.0071 0.0000 -0.0028 -0.0024 -0.0030 0.0000 -0.007852 0.496144 0.7463 1 4.1800 0  733 875 811 951 1190 1837 1930 1589  1 1 0 0 0 0 0 20 0
0.589 2 1 1 0 -0.0071 0.0000 -0.0020 -0.0020 -0.0030 0.0000 -0.007852 0.496309 0.7357 1 4.1800 0  734 870 807 962 1198 1840 1930 1576  1 1 0 0 0 0 0 20 0
0.639 2 1 1 0 -0.0071 0.0000 -0.0016 -0.0016 -0.0030 0.0000 -0.007852 0.496356 0.7474 1 4.1800 0  732 876 806 950 1186 1839 1923 1589  1 1 0 0 0 0 0 20 0
0.689 2 1 1 0 -0.0071 0.0000 -0.0012 -0.0012 -0.0030 0.0000 -0.007852 0.496406 0.7470 1 4.1800 0  725 867 781 958 1179 1836 1916 1588  1 1 0 0 0 0 0 20 0
0.739 2 1 1 0 -0.0071 0.0000 -0.0012 -0.0008 -0.0030 0.0000 -0.007852 0.496411 0.7360 1 4.1800 0  726 865 810 962 1196 1840 1939 1585  1 1 0 0 0 0 0 20 0
0.789 2 1 1 0 -0.0071 0.0000 -0.0008 -0.0008 -0.0030 0.0000 -0.007852 0.496440 0.7396 1 4.1800 0  727 877 813 959 1187 1836 1924 1586  1 1 0 0 0 0 0 20 0
0.839 2 1 1 0 -0.0071 0.0000 -0.0008 -0.0008 -0.0030 0.0000 -0.007852 0.496480 0.7565 1 4.1800 0  731 868 810 949 1174 1835 1927 1569  1 1 0 0 0 0 0 20 0
0.889 2 1 1 0 -0.0071 0.0000 -0.0008 -0.0008 -0.0030 0.0000 -0.007852 0.496537 0.7479 1 4.1800 0  732 870 804 952 1189 1836 1923 1590  1 1 0 0 0 0 0 20 0
0.939 2 1 1 0 -0.0071 0.0000 -0.0004 -0.0004 -0.0030 0.0000 -0.007852 0.496541 0.7065 1 4.1800 0  669 881 823 959 1173 1822 1925 1597  1 1 0 0 0 0 0 20 0
0.989 2 1 1 0 -0.0071 0.0000 -0.0004 -0.0004 -0.0030 0.0000 -0.007852 0.496568 0.7246 1 4.1800 0  718 868 801 954 1191 1842 1933 1589  1 1 0 0 0 0 0 20 0
1.039 2 1 1 0 -0.0071 0.0000 -0.0004 -0.0004 -0.0030 0.0000 -0.007852 0.496590 0.7457 1 4.1800 0  727 870 806 955 1186 1839 1928 1593  1 1 0 0 0 0 0 20 0
1.089 2 1 1 0 -0.0071 0.0000 -0.0004 -0.0004 -0.0030 0.0000 -0.007852 0.496626 0.7278 1 4.1800 0  711 869 753 958 1176 1838 1898 1588  1 1 0 0 0 0 0 20 0
1.139 2 1 1 0 -0.0071 0.0000 -0.0004 -0.0004 -0.0030 0.0000 -0.007852 0.496785 0.7412 1 4.1800 0  727 874 812 958 1188 1834 1924 1587  1 1 0 0 0 0 0 20 0
1.189 2 1 1 0 -0.0071 0.0000 -0.0004 -0.0004 -0.0030 0.0000 -0.007852 0.496846 0.7808 1 4.1800 0  764 875 814 961 1199 1836 1940 1591  1 1 0 0 0 0 0 20 0
1.239 2 1 1 0 -0.0071 0.0000 -0.0004 -0.0004 -0.0030 0.0000 -0.007852 0.496829 0.7749 1 4.1800 0  757 870 803 954 1196 1841 1948 1590  1 1 0 0 0 0 0 20 0
1.289 2 1 1 0 -0.0071 0.0000 -0.0004 -0.0004 -0.0030 0.0000 -0.007852 0.496804 0.7414 1 4.1800 0  731 878 820 961 1185 1840 1926 1581  1 1 0 0 0 0 0 20 0
1.339 2 1 1 0 -0.0071 0.0000 -0.0004 -0.0004 -0.0030 0.0000 -0.007852 0.496829 0.7266 1 4.1800 0  714 868 751 961 1175 1838 1901 1588  1 1 0 0 0 0 0 20 0
1.389 2 1 1 0 -0.0071 0.0000 -0.0004 -0.0004 -0.0030 0.0000 -0.007852 0.496867 0.7265 1 4.1800 0  714 869 752 959 1174 1841 1902 1588  1 1 0 0 0 0 0 20 0
1.439 2 1 1 0 -0.0071 0.0000 -0.0000 -0.0000 -0.0030 0.0000 -0.007852 0.496888 0.7153 1 4.1800 0  712 867 737 955 1168 1844 1893 1589  1 1 0 0 0 0 0 20 0
1.489 2 1 1 0 -0.0071 0.0000 -0.0000 -0.0000 -0.0030 0.0000 -0.007852 0.496838 0.7103 1 4.1800 0  711 870 725 960 1162 1843 1884 1590  1 1 0 0 0 0 0 20 0
1.539 2 1 1 0 -0.0071 0.0000 -0.0000 -0.0000 -0.0030 0.0000 -0.007852 0.496900 0.7184 1 4.1800 0  718 876 730 960 1158 1837 1885 1585  1 1 0 0 0 0 0 20 0
1.589 2 1 1 0 -0.0071 0.0000 -0.0000 -0.0000 -0.0030 0.0000 -0.007852 0.496963 0.7573 1 4.1800 0  730 867 816 955 1176 1838 1922 1591  1 1 0 0 0 0 0 20 0
1.639 2 1 1 0 -0.0071 0.0000 -0.0000 -0.0000 -0.0030 0.0000 -0.007852 0.496955 0.7461 1 4.1800 0  730 868 806 957 1186 1839 1928 1590  1 1 0 0 0 0 0 20 0
1.689 2 1 1 0 -0.0071 0.0000 -0.0000 -0.0000 -0.0030 0.0000 -0.007852 0.496971 0.7030 1 4.1800 0  785 874 741 959 1189 1843 1910 1593  1 1 0 0 0 0 0 20 0
1.739 2 1 1 0 -0.0071 0.0000 -0.0000 -0.0000 -0.0030 0.0000 -0.007852 0.496987 0.7168 1 4.1800 0  714 877 801 957 1196 1844 1937 1590  1 1 0 0 0 0 0 20 0
1.789 2 1 1 0 -0.0071 0.0000 -0.0000 -0.0000 -0.0030 0.0000 -0.007852 0.497055 0.7212 1 4.1800 0  720 875 741 959 1173 1839 1892 1592  1 1 0 0 0 0 0 20 0
1.839 2 1 1 0 -0.0071 0.0000 -0.0000 -0.0000 -0.0030 0.0000 -0.007852 0.497063 0.7447 1 4.1800 0  728 865 810 956 1181 1844 1925 1590  1 1 0 0 0 0 0 20 0
1.889 2 1 1 0 -0.0071 0.0000 -0.0000 -0.0000 -0.0030 0.0000 -0.007852 0.497139 0.7384 1 4.1800 0  727 878 816 960 1186 1836 1919 1584  1 1 0 0 0 0 0 20 0
1.939 2 1 1 0 -0.0071 0.0000 -0.0000 -0.0000 -0.0030 0.0000 -0.007852 0.497175 0.7113 1 4.1800 0  713 872 799 963 1202 1841 1937 1592  1 1 0 0 0 0 0 20 0
1.989 2 1 1 0 -0.0071 0.0000 -0.0000 -0.0000 -0.0030 0.0000 -0.007852 0.497190 0.7181 1 4.1800 0  773 869 752 956 1188 1842 1908 1594  1 1 0 0 0 0 0 20 0
2.039 2 1 1 0 -0.0071 0.0000 -0.0000 -0.0000 -0.0030 0.0000 -0.007852 0.497216 0.7168 1 4.1800 0  716 871 800 959 1201 1838 1935 1592  1 1 0 0 0 0 0 20 0
2.089 2 1 4 256 0.0649 -0.0200 0.0730 -0.0000 -0.0024 0.0000 -0.015704 0.497232 0.6775 1 4.1800 0  823 873 876 952 1288 1838 1958 1589  1 1 0 0 0 0 0 20 0
2.139 2 1 4 0 0.1489 -0.0152 0.0811 -0.0000 -0.0014 -0.0000 -0.028790 0.492612 -4.1800 0 4.1800 0  1129 882 713 961 1323 1858 1727 1587  1 1 0 0 0 0 0 18 0
2.189 2 1 4 0 0.2000 0.0188 0.1578 -0.0000 0.0016 -0.0001 -0.068050 0.487996 0.4067 1 4.1800 0  919 894 760 971 1368 1932 1952 1591  1 1 0 0 0 0 0 20 0
2.239 2 1 4 0 0.2000 0.0530 0.1826 0.0000 0.0059 -0.0005 -0.117778 0.488264 0.2910 1 4.1800 0  740 888 961 1012 1442 2004 1848 1629  1 1 0 0 0 0 0 20 0
2.289 2 1 4 0 0.2000 0.1010 0.1639 0.0751 0.0111 -0.0013 -0.154421 0.487737 0.2117 1 4.1800 0  721 887 810 1077 1439 2073 1882 1571  1 1 0 0 0 0 0 20 0
2.339 2 1 4 0 0.2000 0.1540 0.1748 0.1290 0.0173 -0.0023 -0.172742 0.488296 0.2040 1 4.1800 0  894 877 937 1128 1484 2095 2121 1584  1 1 0 0 0 0 0 20 0
2.389 2 1 4 0 0.1940 0.1892 0.1363 0.1623 0.0247 -0.0036 -0.180594 0.486450 -0.0899 1 4.1800 0  870 912 818 1234 1636 2187 1880 1599  1 1 0 0 0 0 0 20 0
2.439 2 1 4 0 0.1700 0.2000 0.1412 0.1959 0.0331 -0.0051 -0.175359 0.486339 -0.2327 1 4.1800 0  779 893 885 1288 1779 2116 1938 1623  1 1 0 0 0 0 0 20 0
2.489 2 1 4 0 0.1321 0.2000 0.1323 0.1976 0.0411 -0.0065 -0.159655 0.488070 -0.3399 1 4.1800 0  843 888 998 1346 1835 2097 2067 1578  1 1 0 0 0 0 0 20 0
2.539 2 1 4 0 0.1079 0.2000 0.0957 0.1716 0.0485 -0.0076 -0.130865 0.489157 -0.3861 1 4.1800 0  782 874 950 1363 1814 2112 1949 1585  1 1 0 0 0 0 0 20 0
2.589 2 1 4 0 0.0996 0.2000 0.1185 0.1996 0.0557 -0.0084 -0.099457 0.490051 -0.4074 1 4.1800 0  781 880 856 1373 1808 2110 1917 1567  1 1 0 0 0 0 0 20 0
2.639 2 1 4 0 0.0904 0.2000 0.0657 0.2089 0.0624 -0.0090 -0.065432 0.489745 -0.3825 1 4.1800 0  758 865 947 1357 1875 2114 1851 1589  1 1 0 0 0 0 0 20 0
2.689 2 1 4 0 0.1020 0.2000 0.0892 0.1558 0.0689 -0.0093 -0.028790 0.489046 -0.5386 1 4.1800 0  517 865 678 1321 1620 2110 1805 1602  1 1 0 0 0 0 0 20 0
2.739 2 1 4 0 0.1137 0.2000 0.0641 0.1826 0.0754 -0.0094 0.002617 0.488060 -0.2744 1 4.1800 0  803 876 764 1270 1798 2122 2085 1643  1 1 0 0 0 0 0 20 0
2.789 2 1 4 0 0.1249 0.2000 0.1116 0.1404 0.0823 -0.0093 0.028790 0.486600 -0.2513 1 4.1800 0  723 844 724 1217 1841 2095 1956 1516  1 1 0 0 0 0 0 20 0
2.839 2 1 4 0 0.1287 0.2000 0.0872 0.2049 0.0896 -0.0090 0.054963 0.485174 -0.2695 1 4.1800 0  616 822 683 1193 1800 2110 1995 1582  1 1 0 0 0 0 0 20 0
2.889 2 1 4 0 0.1541 0.2000 0.1270 0.1939 0.0967 -0.0085 0.078519 0.484122 -0.0694 1 4.1800 0  717 836 783 1133 1684 2091 1959 1620  1 1 0 0 0 0 0 20 0
2.939 2 1 4 0 0.1777 0.2000 0.1103 0.1785 0.1045 -0.0078 0.096840 0.482071 0.0353 1 4.1800 0  719 865 849 1097 1547 2069 1896 1551  1 1 0 0 0 0 0 20 0
2.989 2 1 4 0 0.1980 0.2000 0.1533 0.1635 0.1128 -0.0069 0.104692 0.481127 0.0376 1 4.1800 0  721 868 794 1063 1605 2010 1931 1583  1 1 0 0 0 0 0 20 0
3.039 2 1 4 0 0.2000 0.1813 0.1716 0.1724 0.1219 -0.0059 0.112544 0.481561 0.3924 1 4.1800 0  565 878 712 1022 1269 2043 1798 1589  1 1 0 0 0 0 0 20 0
3.089 2 1 4 0 0.2000 0.1513 0.1753 0.1659 0.1301 -0.0050 0.104692 0.482800 0.2627 1 4.1800 0  838 871 953 1001 1463 2016 1832 1582  1 1 0 0 0 0 0 20 0
3.139 2 1 4 0 0.2000 0.1444 0.1874 0.1546 0.1384 -0.0042 0.096840 0.484631 0.4290 1 4.1800 0  726 844 905 1025 1364 1976 1810 1705  1 1 0 0 0 0 0 20 0
3.189 2 1 4 0 0.2000 0.1346 0.1769 0.1274 0.1463 -0.0035 0.083753 0.486287 0.1292 1 4.1800 0  534 864 812 972 1379 1955 1927 1581  1 1 0 0 0 0 0 20 0
3.239 2 1 4 0 0.2000 0.1145 0.1817 0.1132 0.1540 -0.0029 0.062815 0.488375 0.3779 1 4.1800 0  719 859 935 956 1366 1967 1853 1570  1 1 0 0 0 0 0 20 0
3.289 2 1 4 0 0.2000 0.1122 0.1655 0.1160 0.1611 -0.0025 0.044494 0.489651 0.1847 1 4.1800 0  667 861 717 967 1470 1992 1976 1592  1 1 0 0 0 0 0 20 0
3.339 2 1 4 0 0.2000 0.1102 0.1886 0.0957 0.1682 -0.0023 0.020938 0.491391 0.4258 1 4.1800 0  645 857 820 981 1309 2001 2066 1591  1 1 0 0 0 0 0 20 0
3.389 2 1 4 0 0.2000 0.1142 0.1566 0.1047 0.1755 -0.0022 0.000000 0.492018 0.3483 1 4.1800 0  842 861 858 1013 1417 2033 1951 1569  1 1 0 0 0 0 0 20 0
3.439 2 1 4 0 0.2000 0.1242 0.1602 0.1075 0.1826 -0.0023 -0.023556 0.492214 0.3630 1 4.1800 0  613 870 666 1028 1320 2047 2012 1607  1 1 0 0 0 0 0 20 0
3.489 2 1 4 0 0.2000 0.1500 0.2077 0.1278 0.1899 -0.0025 -0.039259 0.492839 0.2874 1 4.1800 0  831 873 874 1064 1438 2058 1879 1580  1 1 0 0 0 0 0 20 0
3.539 2 1 4 0 0.2000 0.1740 0.1793 0.1412 0.1972 -0.0029 -0.049729 0.491460 -0.0515 1 4.1800 0  683 875 799 1113 1633 2084 2120 1584  1 1 0 0 0 0 0 20 0
3.589 2 1 4 0 0.2000 0.1936 0.1748 0.1554 0.2055 -0.0033 -0.052346 0.490450 0.0759 1 4.1800 0  805 894 845 1153 1565 2088 1789 1593  1 1 0 0 0 0 0 20 0
3.639 2 1 4 0 0.2000 0.1850 0.1704 0.1680 0.2138 -0.0037 -0.049729 0.489185 0.0073 1 4.1800 0  788 923 850 1179 1602 2091 1913 1579  1 1 0 0 0 0 0 20 0
3.689 2 1 4 0 0.1990 0.2000 0.1911 0.1874 0.2225 -0.0041 -0.047111 0.488755 -0.0777 1 4.1800 0  833 928 1002 1215 1714 2101 1944 1621  1 1 0 0 0 0 0 20 0
3.739 2 1 4 0 0.1725 0.2000 0.1428 0.2008 0.2314 -0.0045 -0.041877 0.487871 -0.1611 1 4.1800 0  779 932 857 1256 1720 2103 1923 1611  1 1 0 0 0 0 0 20 0
3.789 2 1 4 0 0.1816 0.1980 0.1724 0.1558 0.2395 -0.0048 -0.026173 0.489559 -0.0288 1 4.1800 0  858 972 893 1248 1654 2128 1877 1655  1 1 0 0 0 0 0 20 0
3.839 2 1 4 0 0.1894 0.1980 0.1826 0.1919 0.2480 -0.0049 -0.010469 0.487897 -0.0219 1 4.1800 0  811 971 977 1238 1621 2134 1922 1605  1 1 0 0 0 0 0 20 0
3.889 2 1 4 0 0.1896 0.2000 0.1647 0.1911 0.2565 -0.0050 0.000000 0.487029 -0.2605 1 4.1800 0  759 959 625 1193 1640 2110 1872 1622  1 1 0 0 0 0 0 20 0
3.939 2 1 4 0 0.2000 0.1930 0.2008 0.1826 0.2653 -0.0049 0.002617 0.486863 0.1495 1 4.1800 0  817 930 953 1149 1532 2089 1903 1579  1 1 0 0 0 0 0 20 0
3.989 2 1 4 0 0.1914 0.1918 0.1708 0.1517 0.2736 -0.0049 0.000000 0.485864 -0.1247 1 4.1800 0  719 888 681 1127 1660 2097 1998 1666  1 1 0 0 0 0 0 20 0
4.039 2 1 4 0 0.1651 0.2000 0.1659 0.1858 0.2823 -0.0049 0.002617 0.486915 -0.1263 1 4.1800 0  768 908 946 1257 1639 2096 2091 1599  1 1 0 0 0 0 0 20 0
4.089 2 2 1 0 0.2151 0.2420 0.1533 0.1931 0.2908 -0.0048 0.013086 0.486531 0.0741 1 4.1800 0  901 1053 980 1236 1644 2086 1829 1597  1 1 0 0 0 0 0 20 0
4.139 2 2 1 0 0.2906 0.2866 0.2037 0.2329 0.3010 -0.0046 0.023556 0.480560 0.0649 1 4.1800 0  917 1035 956 1215 1653 2089 1857 1586  1 1 0 0 0 0 0 20 0
4.189 2 2 1 0 0.2980 0.2959 0.3002 0.2471 0.3137 -0.0044 0.020938 0.476282 0.0038 1 4.1800 0  889 1012 907 1205 1669 2062 1904 1587  1 1 0 0 0 0 0 20 0
4.239 2 2 1 0 0.2893 0.2980 0.2856 0.2897 0.3273 -0.0041 0.018321 0.475767 0.2067 1 4.1800 0  756 979 893 1210 1441 2100 1803 1586  1 1 0 0 0 0 0 20 0
4.289 2 2 1 0 0.2899 0.2940 0.2775 0.2937 0.3415 -0.0039 0.018321 0.475838 0.0320 1 4.1800 0  809 994 982 1219 1575 2099 1892 1585  1 1 0 0 0 0 0 20 0
4.339 2 2 1 0 0.3000 0.2950 0.2738 0.2957 0.3553 -0.0036 0.023556 0.475643 0.0100 1 4.1800 0  1027 1022 843 1137 1669 2080 1933 1619  1 1 0 0 0 0 0 20 0
4.389 2 2 1 0 0.3000 0.2621 0.2856 0.2702 0.3687 -0.0032 0.028790 0.472830 0.0766 1 4.1800 0  827 957 1004 1119 1647 2072 1946 1571  1 1 0 0 0 0 0 20 0
4.439 2 2 1 0 0.3000 0.2601 0.2442 0.2600 0.3819 -0.0028 0.026173 0.470400 0.1612 1 4.1800 0  855 985 860 1112 1556 2058 1929 1601  1 1 0 0 0 0 0 20 0
4.489 2 2 1 0 0.3000 0.2520 0.2600 0.2665 0.3953 -0.0025 0.020938 0.468567 0.3569 1 4.1800 0  737 973 807 1090 1402 2061 1959 1558  1 1 0 0 0 0 0 20 0
4.539 2 2 1 0 0.3000 0.2565 0.2836 0.2146 0.4084 -0.0023 0.013086 0.469761 0.1813 1 4.1800 0  822 937 863 1107 1545 2072 1922 1599  1 1 0 0 0 0 0 20 0
4.589 2 2 1 0 0.3000 0.2357 0.2937 0.2385 0.4214 -0.0022 0.002617 0.469455 0.1837 1 4.1800 0  756 971 1011 1057 1508 2077 1934 1583  1 1 0 0 0 0 0 20 0
4.639 2 2 1 0 0.3000 0.2285 0.2227 0.2357 0.4342 -0.0022 -0.010469 0.471712 0.1592 1 4.1800 0  688 896 1003 1045 1478 2101 1997 1654  1 1 0 0 0 0 0 20 0
4.689 2 2 1 0 0.3000 0.2289 0.2519 0.1996 0.4470 -0.0024 -0.023556 0.474893 -0.0099 1 4.1800 0  621 898 783 1043 1574 2112 1969 1488  1 1 0 0 0 0 0 20 0
4.739 2 2 1 0 0.2980 0.2633 0.2759 0.2649 0.4598 -0.0028 -0.036642 0.477324 -0.0941 1 4.1800 0  809 885 696 1072 1726 2090 1941 1636  1 1 0 0 0 0 0 20 0
4.789 2 2 1 0 0.3000 0.2723 0.3193 0.2617 0.4729 -0.0034 -0.049729 0.477256 0.0351 1 4.1800 0  738 911 815 1114 1596 2145 2013 1631  1 1 0 0 0 0 0 20 0
4.839 2 2 1 0 0.2994 0.2980 0.2357 0.3002 0.4865 -0.0041 -0.047111 0.478429 -0.0628 1 4.1800 0  821 921 935 1220 1676 2140 1825 1716  1 1 0 0 0 0 0 20 0
4.889 2 2 1 0 0.2980 0.2980 0.2897 0.2876 0.5007 -0.0048 -0.047111 0.479631 -0.1279 1 4.1800 0  691 1002 1035 1232 1545 2111 2015 1633  1 1 0 0 0 0 0 20 0
4.939 2 2 1 0 0.2980 0.2947 0.3002 0.2937 0.5147 -0.0054 -0.044494 0.479887 -0.2264 1 4.1800 0  697 1037 922 1245 1684 2110 1953 1669  1 1 0 0 0 0 0 20 0
4.989 2 2 1 0 0.2920 0.2940 0.2982 0.2937 0.5289 -0.0060 -0.039259 0.480228 -0.0316 1 4.1800 0  806 1011 835 1243 1587 2098 1939 1603  1 1 0 0 0 0 0 20 0
5.039 2 2 1 0 0.2759 0.3000 0.2564 0.3168 0.5428 -0.0065 -0.031408 0.481383 -0.2057 1 4.1800 0  728 990 981 1240 1741 2142 2058 1611  1 1 0 0 0 0 0 20 0
5.089 2 2 1 0 0.2969 0.2960 0.2385 0.2815 0.5568 -0.0068 -0.018321 0.482111 0.0179 1 4.1800 0  842 1013 1007 1222 1640 2126 2022 1559  1 1 0 0 0 0 0 20 0
5.139 2 2 1 0 0.2940 0.2817 0.2917 0.2649 0.5708 -0.0071 -0.010469 0.482834 -0.1658 1 4.1800 0  578 990 843 1145 1567 2054 1946 1603  1 1 0 0 0 0 0 20 0
5.189 2 2 1 0 0.2722 0.3000 0.2276 0.2795 0.5846 -0.0072 -0.005235 0.483787 -0.1650 1 4.1800 0  1055 926 853 1254 1783 2199 1963 1623  1 1 0 0 0 0 0 20 0
5.239 2 2 1 0 0.1820 0.3000 0.2101 0.3002 0.5976 -0.0071 0.015704 0.489031 -0.6305 1 4.1800 0  763 947 959 1482 1944 2146 1903 1646  1 1 0 0 0 0 0 20 0
5.289 2 2 1 0 0.0820 0.3000 0.1156 0.2937 0.6089 -0.0067 0.062815 0.497381 -0.8546 1 4.1800 0  868 984 1091 1665 1837 2149 1924 1544  1 1 0 0 0 0 0 20 0
5.339 2 2 1 0 0.0276 0.3000 0.0535 0.3071 0.6184 -0.0058 0.133482 0.501745 -0.7873 1 4.1800 0  890 982 1000 1709 1906 2162 1984 1542  1 1 0 0 0 0 0 20 0
5.389 2 2 1 0 0.0092 0.3000 0.0247 0.2876 0.6262 -0.0044 0.219853 0.504046 -0.9311 1 4.1800 0  985 966 1120 1686 1820 2218 1894 1523  1 1 0 0 0 0 0 20 3
5.439 2 2 1 0 0.0394 0.3000 0.0061 0.2759 0.6331 -0.0025 0.311458 0.504215 -0.8641 1 4.1800 0  707 934 1012 1587 1864 2140 1953 1533  1 1 0 0 0 0 0 20 0
5.489 2 2 1 0 0.0702 0.3000 0.0329 0.3002 0.6403 0.0001 0.389977 0.500275 -0.7084 1 4.1800 0  719 932 985 1477 1829 2134 1863 1573  1 1 0 0 0 0 0 20 0
5.539 2 2 1 0 0.1119 0.3000 0.0787 0.2937 0.6481 0.0036 0.463262 0.497100 -0.4806 1 4.1800 0  682 917 795 1371 1871 2129 1945 1590  1 1 0 0 0 0 0 20 0
5.589 2 2 1 0 0.1549 0.3000 0.1306 0.2897 0.6561 0.0080 0.523459 0.494231 -0.0896 1 4.1800 0  857 900 858 1227 1672 2109 1975 1592  1 1 0 0 0 0 0 20 0
5.639 2 2 1 0 0.2206 0.3000 0.1850 0.2795 0.6651 0.0135 0.570570 0.488094 0.0740 1 4.1800 0  971 896 716 1088 1506 2067 1995 1568  1 1 0 0 0 0 0 20 0
5.689 2 2 1 0 0.2726 0.2860 0.2503 0.2897 0.6750 0.0201 0.599359 0.484760 0.0558 1 4.1800 0  739 898 863 1052 1608 1960 1922 1584  1 1 0 0 0 0 0 20 0
5.739 2 2 1 0 0.3000 0.2140 0.2580 0.2316 0.6854 0.0272 0.604594 0.482778 0.7286 1 4.1800 0  846 924 836 1066 1272 1849 1928 1601  1 1 0 0 0 0 0 20 0
5.789 2 2 1 0 0.3000 0.1453 0.2458 0.1817 0.6957 0.0342 0.581039 0.486825 1.0104 1 4.1800 0  988 948 1023 1124 1193 1731 1897 1614  1 1 0 0 0 0 0 20 0
5.839 2 2 1 0 0.3000 0.0733 0.2917 0.1010 0.7046 0.0398 0.533928 0.492676 0.9825 1 4.1800 0  810 974 981 1133 1319 1686 1894 1588  1 1 0 0 0 0 0 20 0
5.889 2 2 1 0 0.3000 0.0291 0.2856 0.0430 0.7124 0.0441 0.465879 0.496791 1.0472 1 4.1800 0  817 1031 1042 1107 1199 1704 1975 1643  1 1 0 0 0 0 0 20 0
5.939 2 2 1 0 0.3000 0.0546 0.2937 0.0535 0.7198 0.0474 0.387360 0.500814 -4.1800 0 4.1800 0  1206 1019 931 1093 1244 1831 1791 1622  1 1 0 0 0 0 0 18 0
5.989 2 2 1 0 0.3000 0.0978 0.2633 0.0686 0.7276 0.0503 0.316693 0.504092 0.5932 1 4.1800 0  740 987 954 1084 1256 2021 1968 1652  1 1 0 0 0 0 0 20 0
6.039 2 2 1 0 0.3000 0.1698 0.2775 0.1290 0.7366 0.0529 0.259113 0.504787 0.0381 1 4.1800 0  790 992 765 1106 1577 2051 1917 1668  1 1 0 0 0 0 0 20 0
6.089 2 2 0 0 0.2440 0.1863 0.2458 0.1436 0.7468 0.0554 0.222470 0.504490 0.0669 1 4.1800 0  856 1019 890 1188 1617 2136 2070 1648  1 1 0 0 0 0 0 20 0
6.139 2 2 0 0 0.1940 0.1976 0.2227 0.2049 0.7567 0.0575 0.212001 0.507772 -0.2575 1 4.1800 0  906 1014 785 1283 1739 2137 2115 1595  1 1 0 0 0 0 0 20 0
6.189 2 2 0 0 0.1860 0.2000 0.1667 0.1826 0.7658 0.0595 0.217236 0.509957 -0.1251 1 4.1800 0  934 1024 1109 1280 1823 2139 2066 1604  1 1 0 0 0 0 0 20 0
6.239 2 2 0 0 0.1651 0.2000 0.1485 0.2037 0.7745 0.0615 0.227705 0.509624 -0.2035 1 4.1800 0  891 999 900 1319 1787 2108 2011 1614  1 1 0 0 0 0 0 20 0
6.289 2 2 0 0 0.1248 0.2000 0.1428 0.2049 0.7828 0.0634 0.243409 0.511255 -0.3162 1 4.1800 0  904 943 1000 1363 1899 2120 2034 1513  1 1 0 0 0 0 0 20 0
6.339 2 2 0 0 0.1019 0.2000 0.0966 0.1793 0.7901 0.0653 0.266964 0.513023 -0.4086 1 4.1800 0  777 935 861 1381 1685 2111 1797 1584  1 1 0 0 0 0 0 20 0
6.389 2 2 0 0 0.1078 0.2000 0.0937 0.1968 0.7969 0.0673 0.295755 0.514369 -0.4623 1 4.1800 0  725 958 964 1359 1797 2108 1882 1590  1 1 0 0 0 0 0 20 0
6.439 2 2 0 0 0.1263 0.2000 0.0872 0.1708 0.8031 0.0693 0.321928 0.512024 -0.2704 1 4.1800 0  824 974 908 1345 1789 2118 1947 1604  1 1 0 0 0 0 0 20 0
6.489 2 2 0 0 0.1241 0.2000 0.0856 0.1740 0.8098 0.0716 0.350718 0.510873 -0.4324 1 4.1800 0  760 963 672 1318 1811 2107 1982 1638  1 1 0 0 0 0 0 20 0
6.539 2 2 0 0 0.1253 0.2000 0.0884 0.2166 0.8164 0.0742 0.379508 0.509377 -0.2046 1 4.1800 0  861 936 1074 1287 1814 2106 1975 1586  1 1 0 0 0 0 0 20 0
6.589 2 2 0 0 0.1308 0.2000 0.0828 0.1635 0.8232 0.0769 0.405681 0.507784 -0.3527 1 4.1800 0  580 927 793 1232 1795 2107 1953 1569  1 1 0 0 0 0 0 20 0
6.639 2 2 0 0 0.1509 0.2000 0.1249 0.2110 0.8299 0.0799 0.426620 0.506687 -0.1348 1 4.1800 0  842 916 754 1189 1681 2100 2017 1587  1 1 0 0 0 0 0 20 0
6.689 2 2 0 0 0.1944 0.1980 0.1675 0.1769 0.8372 0.0833 0.442323 0.505790 0.0584 1 4.1800 0  848 920 890 1128 1614 2080 1911 1583  1 1 0 0 0 0 0 20 0
6.739 2 2 0 0 0.2000 0.1606 0.1546 0.1801 0.8451 0.0871 0.450175 0.504607 0.1489 1 4.1800 0  863 956 868 1058 1597 2023 1870 1626  1 1 0 0 0 0 0 20 0
6.789 2 2 0 0 0.2000 0.1422 0.1850 0.1513 0.8524 0.0906 0.439706 0.504824 0.3538 1 4.1800 0  847 966 741 1037 1378 2023 1792 1704  1 1 0 0 0 0 0 20 0
6.839 2 2 0 0 0.2000 0.1300 0.2028 0.1302 0.8598 0.0940 0.424002 0.506103 0.1081 1 4.1800 0  683 937 833 1047 1485 2006 1886 1568  1 1 0 0 0 0 0 20 0
6.889 2 2 0 0 0.2000 0.1242 0.1732 0.1225 0.8664 0.0969 0.397829 0.506289 0.4339 1 4.1800 0  628 895 720 1029 1267 2031 1749 1562  1 1 0 0 0 0 0 20 0
6.939 2 2 0 0 0.2000 0.1321 0.2089 0.1282 0.8734 0.0998 0.374274 0.505819 0.3539 1 4.1800 0  772 891 806 1029 1395 2044 1882 1560  1 1 0 0 0 0 0 20 0
6.989 2 2 0 0 0.2000 0.1321 0.1931 0.1164 0.8804 0.1024 0.350718 0.505661 0.1557 1 4.1800 0  706 895 646 1047 1406 2054 2156 1564  1 1 0 0 0 0 0 20 0
7.039 2 2 0 0 0.2000 0.1455 0.1826 0.1051 0.8875 0.1049 0.327162 0.505262 -0.0271 1 4.1800 0  672 890 750 1071 1635 2052 2009 1556  1 1 0 0 0 0 0 20 0
7.089 2 2 0 0 0.2000 0.1670 0.1842 0.1160 0.8952 0.1075 0.311458 0.503561 0.1145 1 4.1800 0  834 880 835 1085 1555 2072 1899 1585  1 1 0 0 0 0 0 20 0
7.139 2 2 0 0 0.1955 0.2000 0.1996 0.1485 0.9033 0.1101 0.300989 0.501666 -0.1707 1 4.1800 0  900 874 677 1128 1735 2079 1932 1571  1 1 0 0 0 0 0 20 0
7.189 2 2 0 0 0.1886 0.2000 0.1655 0.1817 0.9118 0.1127 0.300989 0.499488 -0.1209 1 4.1800 0  709 861 734 1141 1718 2078 2061 1574  1 1 0 0 0 0 0 20 0
7.239 2 2 0 0 0.1656 0.2000 0.1826 0.1817 0.9204 0.1153 0.300989 0.500415 -0.1753 1 4.1800 0  767 853 820 1197 1829 2088 2067 1587  1 1 0 0 0 0 0 20 0
7.289 2 2 0 0 0.1577 0.2000 0.1602 0.1866 0.9287 0.1180 0.308841 0.501214 -0.1799 1 4.1800 0  756 857 807 1232 1744 2118 1776 1570  1 1 0 0 0 0 0 20 0
7.339 2 2 0 0 0.1411 0.2000 0.1314 0.1753 0.9364 0.1205 0.319310 0.501741 -0.2094 1 4.1800 0  739 873 883 1249 1750 2110 1917 1601  1 1 0 0 0 0 0 20 0
7.389 2 2 0 0 0.1391 0.2000 0.1189 0.1602 0.9437 0.1229 0.335014 0.502861 -0.2075 1 4.1800 0  744 883 876 1260 1720 2118 1914 1615  1 1 0 0 0 0 0 20 0
7.439 2 2 0 0 0.1255 0.2000 0.0994 0.1655 0.9508 0.1255 0.353335 0.502217 -0.1997 1 4.1378 1  883 886 946 1251 1805 2085 2042 1474  1 1 0 0 0 0 0 20 1
7.489 2 2 0 0 0.1583 0.2000 0.1156 0.1809 0.9574 0.1280 0.371656 0.501730 -0.2405 1 4.1800 0  600 886 777 1171 1716 2095 1908 1596  1 1 0 0 0 0 0 20 0
7.539 2 2 0 0 0.1736 0.2000 0.1485 0.1379 0.9642 0.1307 0.387360 0.500376 -0.0793 1 4.1800 0  730 904 816 1126 1733 2143 1995 1554  1 1 0 0 0 0 0 20 0
7.589 2 2 0 0 0.1721 0.2000 0.1456 0.1817 0.9717 0.1338 0.397829 0.499879 -0.0632 1 4.1800 0  836 879 852 1134 1746 2074 2109 1584  1 1 0 0 0 0 0 20 0
7.639 2 2 0 0 0.1694 0.2000 0.1440 0.1708 0.9790 0.1369 0.405681 0.500316 0.0370 1 4.1800 0  701 870 745 1153 1516 2121 1897 1580  1 1 0 0 0 0 0 20 0
7.689 2 2 0 0 0.1738 0.2000 0.1517 0.2057 0.9864 0.1401 0.416150 0.500309 0.0082 1 4.1800 0  779 848 841 1132 1609 2052 2057 1561  1 1 0 0 0 0 0 20 0
7.739 2 2 0 0 0.1781 0.2000 0.1391 0.1740 0.9940 0.1435 0.429237 0.499343 -0.0299 1 4.1800 0  618 876 736 1099 1530 2049 1897 1616  1 1 0 0 0 0 0 20 0
7.789 2 2 0 0 0.2000 0.1742 0.1274 0.1801 1.0017 0.1471 0.439706 0.497425 0.2722 1 4.1800 0  708 913 855 1085 1417 1932 1852 1607  1 1 0 0 0 0 0 20 0
7.839 2 2 0 0 0.2000 0.1537 0.1688 0.1554 1.0094 0.1507 0.434472 0.497255 0.2244 1 4.1800 0  563 912 715 1071 1313 1999 1855 1580  1 1 0 0 0 0 0 20 0
7.889 2 2 0 0 0.2000 0.1369 0.1850 0.1408 1.0170 0.1542 0.426620 0.497813 0.3505 1 4.1800 0  864 921 855 1058 1436 1995 1744 1579  1 1 0 0 0 0 0 20 0
7.939 2 2 0 0 0.2000 0.1314 0.1931 0.1383 1.0240 0.1573 0.410916 0.498951 0.1929 1 4.1800 0  879 936 1013 1044 1562 1980 2034 1580  1 1 0 0 0 0 0 20 0
7.989 2 2 0 0 0.2000 0.1122 0.1505 0.1108 1.0311 0.1603 0.395212 0.499918 0.2099 1 4.1800 0  908 944 940 1050 1552 1975 1925 1673  1 1 0 0 0 0 0 20 0
8.039 2 2 0 0 0.2000 0.0990 0.1680 0.1233 1.0377 0.1630 0.371656 0.501176 0.3599 1 4.1800 0  751 937 759 1057 1386 2016 1950 1586  1 1 0 0 0 0 0 20 0
8.089 2 2 1 0 0.2320 0.1510 0.1740 0.1355 1.0445 0.1656 0.350718 0.500546 0.1064 1 4.1800 0  831 941 895 1082 1630 2056 1890 1693  1 1 0 0 0 0 0 20 0
8.139 2 2 1 0 0.2740 0.2250 0.2227 0.1696 1.0528 0.1685 0.332397 0.496008 -0.0077 1 4.1800 0  929 945 782 1097 1661 2084 1992 1657  1 1 0 0 0 0 0 20 0
8.189 2 2 1 0 0.2980 0.2690 0.2487 0.2414 1.0635 0.1721 0.316693 0.491149 -0.0307 1 4.1800 0  657 933 830 1122 1557 2093 1929 1642  1 1 0 0 0 0 0 20 0
8.239 2 2 1 0 0.2960 0.2836 0.2686 0.2617 1.0761 0.1761 0.308841 0.488769 -0.1562 1 4.1800 0  615 915 836 1139 1646 2107 2034 1708  1 1 0 0 0 0 0 20 0
8.289 2 2 1 0 0.2978 0.2905 0.2722 0.2917 1.0894 0.1804 0.306224 0.487802 0.0353 1 4.1800 0  919 938 865 1169 1630 2114 1906 1492  1 1 0 0 0 0 0 20 0
8.339 2 2 1 0 0.2905 0.3000 0.2856 0.2897 1.1030 0.1847 0.311458 0.487847 -0.1112 1 4.1800 0  925 921 921 1173 1879 2129 1952 1616  1 1 0 0 0 0 0 20 0
8.389 2 2 1 0 0.2770 0.3000 0.2665 0.3002 1.1165 0.1890 0.316693 0.487648 -0.1755 1 4.1800 0  662 907 919 1226 1556 2125 1875 1622  1 1 0 0 0 0 0 20 0
8.439 2 2 1 0 0.2770 0.3000 0.2937 0.2665 1.1297 0.1935 0.329780 0.487154 -0.0892 1 4.1800 0  915 923 766 1211 1592 2148 1935 1520  1 1 0 0 0 0 0 20 0
8.489 2 2 1 0 0.2883 0.2960 0.2345 0.3047 1.1427 0.1981 0.345483 0.486562 -0.1467 1 4.1800 0  656 912 821 1169 1642 2180 2057 1665  1 1 0 0 0 0 0 20 0
8.539 2 2 1 0 0.2854 0.3000 0.2580 0.3071 1.1559 0.2029 0.353335 0.485753 -0.1073 1 4.1800 0  687 899 770 1157 1657 2168 2058 1642  1 1 0 0 0 0 0 20 0
8.589 2 2 1 0 0.2866 0.3000 0.3026 0.2957 1.1688 0.2077 0.363804 0.485446 -0.0820 1 4.1800 0  908 913 855 1180 1756 2035 1912 1658  1 1 0 0 0 0 0 20 0
8.639 2 2 1 0 0.2980 0.2920 0.2759 0.3095 1.1819 0.2127 0.371656 0.485944 -0.1221 1 4.1800 0  678 974 862 1171 1638 2048 1916 1642  1 1 0 0 0 0 0 20 0
8.689 2 2 1 0 0.3000 0.2477 0.2442 0.2738 1.1949 0.2178 0.374274 0.485949 0.1694 1 4.1800 0  822 969 811 1105 1512 2072 1774 1710  1 1 0 0 0 0 0 20 0
8.739 2 2 1 0 0.3000 0.2410 0.3071 0.2487 1.2074 0.2227 0.363804 0.488895 -0.0273 1 4.1800 0  675 943 788 1093 1613 2041 2015 1595  1 1 0 0 0 0 0 20 0
8.789 2 2 1 0 0.3000 0.2432 0.3120 0.2548 1.2199 0.2274 0.353335 0.490072 0.1361 1 4.1800 0  701 954 806 1104 1479 2044 1998 1586  1 1 0 0 0 0 0 20 0
8.839 2 2 1 0 0.3000 0.2344 0.2304 0.2369 1.2321 0.2318 0.342866 0.491093 0.3601 1 4.1800 0  1036 961 932 1111 1461 2045 1921 1593  1 1 0 0 0 0 0 20 0
8.889 2 2 1 0 0.3000 0.2539 0.2564 0.2548 1.2444 0.2361 0.332397 0.492011 0.2210 1 4.1800 0  830 960 862 1174 1500 2074 1971 1535  1 1 0 0 0 0 0 20 0
8.939 2 2 1 0 0.2980 0.2657 0.2795 0.2252 1.2569 0.2403 0.319310 0.492690 0.0154 1 4.1800 0  889 966 956 1148 1711 2075 1960 1580  1 1 0 0 0 0 0 20 0
8.989 2 2 1 0 0.3000 0.2567 0.2856 0.2580 1.2696 0.2445 0.314076 0.491884 0.1813 1 4.1800 0  899 979 953 1126 1574 2064 1909 1608  1 1 0 0 0 0 0 20 0
9.039 2 2 1 0 0.3000 0.2679 0.2795 0.2458 1.2823 0.2486 0.308841 0.489493 0.0031 1 4.1800 0  788 994 923 1181 1628 2115 1936 1693  1 1 0 0 0 0 0 20 0
9.089 2 2 1 0 0.3000 0.2858 0.2600 0.2795 1.2955 0.2527 0.303607 0.488536 0.0319 1 4.1800 0  1020 1021 929 1227 1659 2113 1950 1592  1 1 0 0 0 0 0 20 0
9.139 2 2 1 0 0.3000 0.2724 0.2759 0.2759 1.3087 0.2569 0.303607 0.487977 0.0240 1 4.1800 0  857 1041 929 1180 1691 2252 1931 1641  1 1 0 0 0 0 0 20 0
9.189 2 2 1 0 0.3000 0.2821 0.2536 0.2722 1.3214 0.2609 0.303607 0.488802 -0.0071 1 4.1800 0  853 1009 867 1162 1694 2142 2080 1701  1 1 0 0 0 0 0 20 0
9.239 2 2 1 0 0.2965 0.2969 0.2775 0.2759 1.3346 0.2650 0.303607 0.487005 -0.0820 1 4.1800 0  1007 966 871 1222 1727 2131 1951 1634  1 1 0 0 0 0 0 20 0
9.289 2 2 1 0 0.3000 0.2873 0.2548 0.2957 1.3477 0.2691 0.308841 0.487145 0.1704 1 4.1800 0  805 1005 865 1182 1519 2141 2038 1498  1 1 0 0 0 0 0 20 0
9.339 2 2 1 0 0.3000 0.2546 0.2775 0.2458 1.3609 0.2733 0.303607 0.488642 0.2345 1 4.1800 0  894 995 738 1091 1422 2094 1993 1603  1 1 0 0 0 0 0 20 0
9.389 2 2 1 0 0.3000 0.2847 0.2665 0.2649 1.3741 0.2774 0.298372 0.490430 0.0129 1 4.1800 0  800 857 766 1142 1571 2167 1805 1724  1 1 0 0 0 0 0 20 0
9.439 2 2 1 0 0.3000 0.2885 0.2815 0.2686 1.3874 0.2815 0.300989 0.491182 -0.0094 1 4.1800 0  709 881 812 1099 1616 2102 1896 1590  1 1 0 0 0 0 0 20 0
9.489 2 2 1 0 0.3000 0.2980 0.2836 0.2600 1.4012 0.2858 0.303607 0.491749 0.0700 1 4.1800 0  708 860 821 1089 1547 2101 2022 1527  1 1 0 0 0 0 0 20 0
9.539 2 2 1 0 0.2994 0.2867 0.2815 0.2937 1.4145 0.2900 0.306224 0.491627 -0.0576 1 4.1800 0  916 844 737 1087 1693 2075 2001 1535  1 1 0 0 0 0 0 20 0
9.589 2 2 1 0 0.3000 0.2779 0.2686 0.2836 1.4281 0.2943 0.306224 0.492657 0.3554 1 4.1800 0  720 856 752 1077 1381 2112 1909 1597  1 1 0 0 0 0 0 20 0
9.639 2 2 1 0 0.2972 0.2868 0.3245 0.2702 1.4416 0.2986 0.306224 0.492445 -0.0886 1 4.1800 0  701 856 683 1075 1689 2128 1967 1576  1 1 0 0 0 0 0 20 0
9.689 2 2 1 0 0.2966 0.3000 0.2982 0.2876 1.4551 0.3029 0.311458 0.490481 -0.0637 1 4.1800 0  638 872 773 1129 1559 2095 1894 1687  1 1 0 0 0 0 0 20 0
9.739 2 2 1 0 0.3000 0.2805 0.2738 0.2775 1.4687 0.3073 0.311458 0.490351 -0.0398 1 4.1800 0  903 886 788 1100 1715 2198 1936 1503  1 1 0 0 0 0 0 20 0
9.789 2 2 1 0 0.2980 0.2728 0.2536 0.2458 1.4818 0.3115 0.311458 0.490301 -0.0191 1 4.1800 0  780 920 732 1099 1612 2103 2023 1643  1 1 0 0 0 0 0 20 0
9.839 2 2 1 0 0.3000 0.2578 0.2957 0.2702 1.4949 0.3157 0.306224 0.491464 0.0265 1 4.1800 0  733 921 753 1097 1584 2185 2021 1803  1 1 0 0 0 0 0 20 0
9.889 2 2 1 0 0.3000 0.2314 0.2458 0.2252 1.5073 0.3196 0.300989 0.491473 0.0774 1 4.1800 0  587 928 934 1062 1430 2062 2021 1542  1 1 0 0 0 0 0 20 0
9.939 2 2 1 0 0.3000 0.2158 0.2617 0.2288 1.5189 0.3231 0.285286 0.492203 0.4201 1 4.1800 0  722 964 800 1083 1362 2051 2000 1568  1 1 0 0 0 0 0 20 0
9.989 2 2 1 0 0.3000 0.2308 0.2815 0.2134 1.5308 0.3265 0.266964 0.493010 0.1409 1 4.1800 0  831 982 897 1132 1584 2038 2059 1542  1 1 0 0 0 0 0 20 0
10.039 2 2 1 0 0.3000 0.2200 0.3047 0.1939 1.5426 0.3296 0.246026 0.494348 -0.1038 1 4.1800 0  559 986 847 1085 1557 2082 1952 1610  1 1 0 0 0 0 0 20 0
10.089 2 2 0 0 0.2620 0.1756 0.2759 0.1748 1.5542 0.3324 0.227705 0.495404 0.3081 1 4.1800 0  889 954 919 1063 1490 2066 1961 1588  1 1 0 0 0 0 0 20 0
10.139 2 2 0 0 0.2000 0.1716 0.2089 0.1639 1.5644 0.3346 0.209384 0.500456 -0.0419 1 4.1800 0  752 882 779 1134 1660 2074 1943 1559  1 1 0 0 0 0 0 20 0
10.189 2 2 0 0 0.2000 0.1773 0.1903 0.1708 1.5735 0.3365 0.204149 0.503823 0.0401 1 4.1800 0  817 896 897 1153 1606 2124 1880 1630  1 1 0 0 0 0 0 20 0
10.240 2 2 0 0 0.1928 0.2000 0.1436 0.1834 1.5818 0.3383 0.204149 0.503037 -0.1266 1 4.1800 0  1032 897 924 1189 1795 2104 1938 1592  1 1 0 0 0 0 0 20 0
10.290 2 2 0 0 0.1846 0.2000 0.1753 0.1919 1.5904 0.3400 0.206767 0.502296 -0.1147 1 4.1800 0  790 916 852 1230 1717 2115 1877 1633  1 1 0 0 0 0 0 20 0
10.340 2 2 0 0 0.1691 0.2000 0.1716 0.1817 1.5991 0.3419 0.212001 0.503084 -0.2012 1 4.1800 0  777 924 996 1258 1788 2113 1938 1571  1 1 0 0 0 0 0 20 0
10.390 2 2 0 0 0.1554 0.2000 0.1615 0.2049 1.6074 0.3437 0.222470 0.502648 -0.2715 1 4.1800 0  665 919 762 1261 1605 2115 1950 1583  1 1 0 0 0 0 0 20 0
10.440 2 2 0 0 0.1515 0.2000 0.1404 0.1590 1.6151 0.3455 0.235557 0.501961 -0.2326 1 4.1800 0  691 912 745 1254 1624 2113 1841 1554  1 1 0 0 0 0 0 20 0
10.490 2 2 0 0 0.1672 0.2000 0.1347 0.1850 1.6230 0.3475 0.251261 0.500306 -0.0747 1 4.1800 0  900 928 929 1243 1666 2121 1951 1582  1 1 0 0 0 0 0 20 0
10.540 2 2 0 0 0.1711 0.2000 0.1570 0.1675 1.6308 0.3495 0.261730 0.499259 -0.0335 1 4.1800 0  823 945 930 1255 1619 2100 1902 1594  1 1 0 0 0 0 0 20 0
10.590 2 2 0 0 0.1633 0.2000 0.1570 0.2089 1.6385 0.3516 0.274816 0.498963 -0.1833 1 4.1800 0  770 941 848 1245 1738 2096 1908 1582  1 1 0 0 0 0 0 20 0
10.640 2 2 0 0 0.1633 0.2000 0.1452 0.1404 1.6463 0.3539 0.285286 0.497929 -0.1327 1 4.1800 0  818 949 940 1237 1788 2057 1944 1561  1 1 0 0 0 0 0 20 0
10.690 2 2 0 0 0.1791 0.2000 0.1347 0.1886 1.6540 0.3562 0.300989 0.496000 -0.0192 1 4.1800 0  866 957 899 1193 1699 2128 2042 1618  1 1 0 0 0 0 0 20 0
10.740 2 2 0 0 0.1960 0.2000 0.1477 0.1968 1.6620 0.3588 0.314076 0.494824 -0.0377 1 4.1800 0  951 965 991 1167 1767 2127 1926 1733  1 1 0 0 0 0 0 20 0
10.790 2 2 0 0 0.2000 0.1867 0.1732 0.1947 1.6702 0.3615 0.321928 0.494030 0.2785 1 4.1800 0  719 971 881 1143 1413 2121 2106 1647  1 1 0 0 0 0 0 20 0
10.840 2 2 0 0 0.2000 0.1606 0.1408 0.1635 1.6781 0.3642 0.324545 0.492913 0.4070 1 4.1800 0  795 980 874 1110 1416 2112 2134 1525  1 1 0 0 0 0 0 20 0
10.890 2 2 0 0 0.2000 0.1588 0.1777 0.1606 1.6856 0.3667 0.321928 0.493326 0.1224 1 4.1800 0  823 963 851 1103 1584 2087 2170 1649  1 1 0 0 0 0 0 20 0
10.940 2 2 0 0 0.1980 0.1612 0.1655 0.1355 1.6928 0.3690 0.314076 0.493113 0.0696 1 4.1800 0  730 957 902 1106 1559 2108 2046 1672  1 1 0 0 0 0 0 20 0
10.990 2 2 0 0 0.2000 0.1391 0.1542 0.1323 1.7001 0.3714 0.303607 0.493871 0.1618 1 4.1800 0  871 960 970 1126 1574 2088 2033 1651  1 1 0 0 0 0 0 20 0
11.040 2 2 0 0 0.2000 0.1325 0.1732 0.1497 1.7073 0.3736 0.295755 0.494597 0.2911 1 4.1800 0  759 978 923 1126 1440 2093 2035 1615  1 1 0 0 0 0 0 20 0
11.090 2 2 0 0 0.2000 0.1322 0.1793 0.1282 1.7143 0.3757 0.280051 0.495287 0.0493 1 4.1800 0  667 971 708 1116 1497 2083 1999 1630  1 1 0 0 0 0 0 20 0
11.140 2 2 0 0 0.1980 0.1296 0.1667 0.1156 1.7215 0.3777 0.266964 0.495219 0.1241 1 4.1800 0  783 968 897 1129 1553 2070 1985 1603  1 1 0 0 0 0 0 20 0
11.190 2 2 0 0 0.2000 0.1309 0.1602 0.1217 1.7284 0.3795 0.248643 0.494767 0.1686 1 4.1800 0  882 963 886 1090 1581 2048 2034 1532  1 1 0 0 0 0 0 20 0
11.240 2 2 0 0 0.2000 0.0958 0.1696 0.1156 1.7351 0.3811 0.232940 0.496387 0.3106 1 4.1800 0  889 977 981 1083 1488 2069 1921 1574  1 1 0 0 0 0 0 20 0
11.290 2 2 0 0 0.2000 0.1313 0.1469 0.1172 1.7418 0.3826 0.212001 0.496705 0.4671 1 4.1800 0  981 971 1003 1068 1414 2099 1888 1597  1 1 0 0 0 0 0 20 0
11.340 2 2 0 0 0.2000 0.1373 0.1919 0.1099 1.7487 0.3841 0.193680 0.497236 0.0745 1 4.1800 0  856 940 989 1122 1637 2117 1952 1599  1 1 0 0 0 0 0 20 0
11.390 2 2 0 0 0.2000 0.1695 0.2101 0.1286 1.7563 0.3855 0.177976 0.497883 -0.0330 1 4.1800 0  772 904 957 1155 1680 2119 1944 1691  1 1 0 0 0 0 0 20 0
11.440 2 2 0 0 0.2000 0.1839 0.1501 0.1866 1.7645 0.3870 0.175359 0.497271 0.1875 1 4.1800 0  765 911 1001 1170 1480 2130 2016 1611  1 1 0 0 0 0 0 20 0
11.490 2 2 0 0 0.2000 0.1923 0.1801 0.1919 1.7729 0.3884 0.175359 0.497670 -0.0664 1 4.1800 0  756 910 917 1166 1681 2104 1934 1593  1 1 0 0 0 0 0 20 0
11.540 2 2 0 0 0.1937 0.2000 0.1748 0.1639 1.7817 0.3900 0.180594 0.496281 -0.3337 1 4.1800 0  753 905 567 1190 1758 2126 2011 1597  1 1 0 0 0 0 0 20 0
11.590 2 2 0 0 0.1740 0.2000 0.1505 0.2049 1.7904 0.3916 0.185828 0.496619 -0.2437 1 4.1800 0  830 889 748 1235 1802 2107 2042 1593  1 1 0 0 0 0 0 20 0
11.640 2 2 0 0 0.1650 0.1980 0.1594 0.1931 1.7988 0.3933 0.196297 0.496868 -0.0336 1 4.1800 0  872 865 978 1245 1542 2127 2012 1610  1 1 0 0 0 0 0 20 0
11.690 2 2 0 0 0.1663 0.2000 0.1469 0.1724 1.8068 0.3949 0.212001 0.497981 -0.1699 1 4.1800 0  771 862 921 1205 1810 2142 2045 1606  1 1 0 0 0 0 0 20 0
11.740 2 2 0 0 0.1738 0.2000 0.1452 0.2101 1.8149 0.3968 0.230322 0.497599 -0.1570 1 4.1800 0  698 857 840 1174 1741 2153 1964 1603  1 1 0 0 0 0 0 20 0
11.790 2 2 0 0 0.1689 0.2000 0.1716 0.1761 1.8226 0.3986 0.243409 0.496529 -0.1435 1 4.1800 0  818 808 855 1123 1842 2134 1921 1675  1 1 0 0 0 0 0 20 0
11.840 2 2 0 0 0.1801 0.2000 0.1704 0.1769 1.8306 0.4007 0.256495 0.496239 -0.0902 1 4.1800 0  668 788 719 1104 1684 2118 1933 1589  1 1 0 0 0 0 0 20 0
11.890 2 2 0 0 0.1796 0.2000 0.1659 0.1988 1.8386 0.4028 0.269582 0.496757 -0.0829 1 4.1800 0  669 770 975 1097 1687 2125 1965 1599  1 1 0 0 0 0 0 20 0
11.940 2 2 0 0 0.1864 0.2000 0.1732 0.1623 1.8466 0.4051 0.282668 0.496194 -0.0442 1 4.1800 0  639 773 769 1052 1639 2114 1951 1608  1 1 0 0 0 0 0 20 0
11.990 2 2 0 0 0.1920 0.2000 0.1590 0.1931 1.8546 0.4074 0.290520 0.493886 -0.0476 1 4.1800 0  575 800 860 1040 1567 2135 1982 1623  1 1 0 0 0 0 0 20 0
12.040 2 2 0 0 0.2000 0.1920 0.2008 0.1753 1.8630 0.4100 0.293137 0.493509 0.0277 1 4.1800 0  766 826 916 1039 1649 2105 2150 1625  1 1 0 0 0 0 0 20 0
12.090 2 2 1 0 0.2360 0.2139 0.1834 0.1777 1.8713 0.4125 0.295755 0.492969 0.1030 1 4.1800 0  742 838 708 1042 1503 2098 2002 1594  1 1 0 0 0 0 0 20 0
12.140 2 2 1 0 0.2980 0.2559 0.2191 0.1939 1.8810 0.4154 0.290520 0.488270 0.1351 1 4.1800 0  727 860 685 1026 1464 2092 2010 1579  1 1 0 0 0 0 0 20 0
12.190 2 2 1 0 0.3000 0.2440 0.2239 0.2548 1.8925 0.4188 0.287903 0.484230 0.3291 1 4.1800 0  811 881 799 971 1431 1957 1945 1618  1 1 0 0 0 0 0 20 0
12.240 2 2 1 0 0.3000 0.2205 0.2702 0.2191 1.9046 0.4223 0.272199 0.485248 0.1387 1 4.1800 0  908 855 934 951 1592 2057 1922 1632  1 1 0 0 0 0 0 20 0
12.290 2 2 1 0 0.3000 0.2191 0.2815 0.2154 1.9169 0.4256 0.253878 0.488193 0.2015 1 4.1800 0  755 840 750 963 1489 2042 2047 1624  1 1 0 0 0 0 0 20 0
12.340 2 2 1 0 0.3000 0.2031 0.3144 0.2122 1.9287 0.4286 0.232940 0.490466 0.1632 1 4.1800 0  730 857 674 975 1455 2067 2071 1570  1 1 0 0 0 0 0 20 0
12.390 2 2 1 0 0.2980 0.2504 0.2442 0.1858 1.9406 0.4313 0.217236 0.490456 0.0284 1 4.1800 0  951 845 753 1059 1616 2108 2063 1538  1 1 0 0 0 0 0 20 0
12.440 2 2 1 0 0.3000 0.2703 0.2876 0.2276 1.9535 0.4340 0.204149 0.490641 -0.0063 1 4.1800 0  799 903 749 1093 1623 2121 1890 1635  1 1 0 0 0 0 0 20 0
12.490 2 2 1 0 0.2969 0.2736 0.2982 0.2442 1.9668 0.4367 0.196297 0.489691 -0.1890 1 4.1800 0  564 933 788 1104 1705 2130 1898 1588  1 1 0 0 0 0 0 20 0
12.540 2 2 1 0 0.2791 0.3000 0.2686 0.2917 1.9806 0.4394 0.188445 0.489998 -0.2240 1 4.1800 0  735 897 739 1218 1778 2203 2167 1735  1 1 0 0 0 0 0 20 0
12.590 2 2 1 0 0.2157 0.3000 0.2276 0.2759 1.9939 0.4420 0.196297 0.490827 -0.4055 1 4.1800 0  904 900 793 1366 1914 2152 2023 1656  1 1 0 0 0 0 0 20 0
12.640 2 2 1 0 0.1542 0.3000 0.1623 0.2815 2.0058 0.4445 0.222470 0.495623 -0.5619 1 4.1800 0  832 922 886 1497 1898 2132 1827 1566  1 1 0 0 0 0 0 20 0
12.690 2 2 1 0 0.0964 0.3000 0.1164 0.2957 2.0164 0.4471 0.269582 0.500585 -0.7670 1 4.1800 0  705 913 939 1566 1861 2132 1978 1558  1 1 0 0 0 0 0 20 0
12.741 2 2 1 0 0.0977 0.3000 0.0921 0.2633 2.0257 0.4499 0.327162 0.502443 -0.6461 1 4.1800 0  793 889 905 1537 1871 2145 1989 1531  1 1 0 0 0 0 0 20 0
12.791 2 2 1 0 0.0941 0.3000 0.0669 0.2759 2.0341 0.4531 0.395212 0.499282 -0.6086 1 3.7197 1  668 877 807 1459 1810 2140 1986 1421  1 1 0 0 0 0 0 20 1
12.841 2 2 1 0 0.1421 0.3000 0.0933 0.2876 2.0422 0.4568 0.458027 0.497591 -0.3696 1 4.1800 0  902 865 827 1351 1793 2123 1908 1579  1 1 0 0 0 0 0 20 0
12.891 2 2 1 0 0.1795 0.3000 0.1456 0.2775 2.0507 0.4612 0.507756 0.494438 -0.2396 1 4.1800 0  874 860 835 1258 1867 2121 1953 1699  1 1 0 0 0 0 0 20 0
12.941 2 2 1 0 0.2077 0.3000 0.1623 0.2759 2.0599 0.4666 0.547014 0.492581 -0.1410 1 4.1800 0  767 843 787 1147 1932 2189 1986 1730  1 1 0 0 0 0 0 20 0
12.991 2 2 1 0 0.2402 0.3000 0.1724 0.2836 2.0697 0.4728 0.581039 0.490053 0.0105 1 4.1800 0  831 827 769 1074 1641 2165 1857 1520  1 1 0 0 0 0 0 20 0
13.041 2 2 1 0 0.2599 0.3000 0.2665 0.2876 2.0798 0.4797 0.607211 0.488204 0.1060 1 4.1800 0  860 821 876 1027 1559 2078 1989 1605  1 1 0 0 0 0 0 20 0
13.091 2 2 1 0 0.2860 0.2984 0.2548 0.3095 2.0905 0.4873 0.625532 0.485013 0.1105 1 4.1800 0  690 795 660 970 1493 2066 1976 1628  1 1 0 0 0 0 0 20 0
13.141 2 2 1 0 0.2980 0.2880 0.2580 0.2722 2.1018 0.4955 0.633383 0.484504 -0.0068 1 4.1800 0  523 813 687 957 1535 2030 1997 1591  1 1 0 0 0 0 0 20 0
13.191 2 2 1 0 0.3000 0.2688 0.3217 0.2702 2.1133 0.5039 0.633383 0.482490 0.2654 1 4.1800 0  710 835 776 948 1447 2027 2002 1614  1 1 0 0 0 0 0 20 0
13.241 2 2 1 0 0.3000 0.2507 0.2876 0.2617 2.1245 0.5120 0.622914 0.483170 0.2832 1 4.1800 0  647 848 768 982 1383 2034 1877 1623  1 1 0 0 0 0 0 20 0
13.291 2 2 1 0 0.3000 0.2672 0.2982 0.2617 2.1356 0.5198 0.604594 0.484903 0.1791 1 4.1800 0  746 861 827 1011 1527 2102 1978 1628  1 1 0 0 0 0 0 20 0
13.341 2 2 1 0 0.2819 0.3000 0.2876 0.2686 2.1470 0.5276 0.594125 0.487278 -0.0692 1 4.1800 0  842 884 796 1160 1691 2181 1990 1635  1 1 0 0 0 0 0 20 0
13.391 2 2 1 0 0.2711 0.3000 0.2876 0.2937 2.1584 0.5353 0.594125 0.489677 0.0209 1 4.1800 0  849 903 847 1180 1608 2143 1978 1579  1 1 0 0 0 0 0 20 0
13.441 2 2 1 0 0.2111 0.3000 0.2077 0.3002 2.1697 0.5429 0.607211 0.490232 -0.3491 1 4.1800 0  656 904 873 1283 1677 2157 1964 1646  1 1 0 0 0 0 0 20 0
13.491 2 2 1 0 0.1778 0.3000 0.2146 0.2876 2.1801 0.5503 0.630766 0.494402 -0.5164 1 4.1800 0  590 918 773 1333 1737 2011 1955 1525  1 1 0 0 0 0 0 20 0
13.541 2 2 1 0 0.1724 0.3000 0.1793 0.2836 2.1892 0.5572 0.662173 0.497338 -0.3237 1 4.1800 0  861 916 831 1344 1802 2079 1929 1608  1 1 0 0 0 0 0 20 0
13.591 2 2 1 0 0.1706 0.3000 0.1193 0.2836 2.1977 0.5641 0.704049 0.496890 -0.3857 1 4.1800 0  938 895 745 1327 1739 2144 1954 1745  1 1 0 0 0 0 0 20 0
13.641 2 2 1 0 0.1891 0.3000 0.1542 0.2548 2.2062 0.5716 0.745925 0.495520 -0.2434 1 4.1800 0  922 903 859 1289 1882 2147 1957 1705  1 1 0 0 0 0 0 20 0
13.691 2 2 1 0 0.2009 0.3000 0.1420 0.2957 2.2142 0.5793 0.785183 0.492266 -0.1813 1 4.1800 0  868 886 841 1223 1935 2201 1980 1733  1 1 0 0 0 0 0 20 0
13.741 2 2 1 0 0.2152 0.3000 0.1659 0.2897 2.2224 0.5878 0.821825 0.489022 -0.1429 1 4.1800 0  799 897 871 1191 1920 2127 1905 1742  1 1 0 0 0 0 0 20 0
13.791 2 2 1 0 0.2167 0.3000 0.2345 0.2897 2.2305 0.5968 0.853231 0.487766 -0.1278 1 4.1800 0  751 903 774 1206 1669 2154 1911 1495  1 1 0 0 0 0 0 20 0
13.841 2 2 1 0 0.2290 0.3000 0.2122 0.2795 2.2384 0.6061 0.884638 0.487054 -0.0142 1 4.1800 0  793 903 769 1155 1589 2147 1996 1630  1 1 0 0 0 0 0 20 0
13.891 2 2 1 0 0.2499 0.3000 0.1996 0.2795 2.2463 0.6162 0.913428 0.484867 0.0782 1 4.1800 0  715 900 722 1099 1501 2133 2001 1682  1 1 0 0 0 0 0 20 0
13.941 2 2 1 0 0.2772 0.2960 0.2580 0.3095 2.2542 0.6267 0.936983 0.482855 0.4701 1 4.1800 0  780 898 772 1040 1325 2181 2019 1659  1 1 0 0 0 0 0 20 0
13.991 2 2 1 0 0.2960 0.2960 0.2471 0.3095 2.2624 0.6378 0.947452 0.480905 0.1788 1 4.1800 0  788 898 956 1027 1552 2294 2283 1729  1 1 0 0 0 0 0 20 0
14.041 2 2 1 0 0.2939 0.3000 0.2722 0.3120 2.2705 0.6492 0.955304 0.482040 0.0234 1 4.1800 0  855 913 783 1078 1639 2156 1881 1726  1 1 0 0 0 0 0 20 0
14.091 2 2 0 0 0.2386 0.2700 0.2617 0.2937 2.2786 0.6609 0.965773 0.484058 0.0114 1 4.1800 0  761 919 878 1143 1623 2143 1947 1649  1 1 0 0 0 0 0 20 0
14.141 2 2 0 0 0.1506 0.2140 0.1817 0.2487 2.2852 0.6706 0.986711 0.489673 -0.0302 1 4.1800 0  871 928 910 1219 1647 2166 1834 1648  1 1 0 0 0 0 0 20 0
14.191 2 2 0 0 0.1183 0.2000 0.1116 0.2069 2.2902 0.6783 1.010266 0.497926 -0.2418 1 4.1800 0  711 926 847 1247 1768 2146 2088 1634  1 1 0 0 0 0 0 20 0
14.241 2 2 0 0 0.1194 0.2000 0.0933 0.1939 2.2943 0.6850 1.033823 0.500740 -0.1019 1 4.1800 0  784 935 1080 1230 1686 2145 1970 1580  1 1 0 0 0 0 0 20 0
14.291 2 2 0 0 0.1203 0.2000 0.0836 0.1469 2.2977 0.6908 1.057379 0.498439 -0.1435 1 4.1800 0  909 930 979 1217 1858 2153 1922 1654  1 1 0 0 0 0 0 20 0
14.341 2 2 0 0 0.1308 0.2000 0.1249 0.1903 2.3011 0.6970 1.086170 0.498757 -0.0843 1 4.1800 0  636 918 769 1181 1498 2153 2016 1622  1 1 0 0 0 0 0 20 0
14.391 2 2 0 0 0.1407 0.2000 0.1245 0.1777 2.3043 0.7034 1.104491 0.495445 -0.0689 1 4.1800 0  769 916 898 1154 1733 2226 1967 1742  1 1 0 0 0 0 0 20 0
14.441 2 2 0 0 0.1571 0.2000 0.0941 0.2179 2.3076 0.7101 1.128047 0.494057 0.0130 1 4.1800 0  853 907 844 1143 1656 2133 1926 1509  1 1 0 0 0 0 0 20 0
14.491 2 2 0 0 0.1571 0.2000 0.1185 0.1769 2.3109 0.7173 1.146369 0.493009 -0.0640 1 4.1800 0  873 906 876 1152 1757 2138 1956 1633  1 1 0 0 0 0 0 20 0
14.541 2 2 0 0 0.1437 0.2000 0.1278 0.1817 2.3141 0.7245 1.164690 0.493222 -0.0543 1 4.1800 0  755 915 773 1153 1646 2135 1974 1643  1 1 0 0 0 0 0 20 0
14.591 2 2 0 0 0.1453 0.2000 0.1290 0.1817 2.3171 0.7318 1.188247 0.492524 -0.0625 1 4.1800 0  834 903 962 1173 1720 2143 1818 1620  1 1 0 0 0 0 0 20 0
14.641 2 2 0 0 0.1503 0.2000 0.1440 0.1708 2.3199 0.7390 1.209186 0.491086 -0.0692 1 4.1800 0  687 915 951 1164 1590 2135 1985 1630  1 1 0 0 0 0 0 20 0
14.691 2 2 0 0 0.1555 0.2000 0.1164 0.1976 2.3226 0.7463 1.230124 0.489697 -0.0564 1 4.1800 0  811 927 1002 1157 1764 2158 2005 1613  1 1 0 0 0 0 0 20 0
14.741 2 2 0 0 0.1739 0.1960 0.1387 0.2069 2.3252 0.7537 1.248446 0.488414 0.2394 1 4.1800 0  806 954 754 1131 1422 2155 2088 1644  1 1 0 0 0 0 0 20 0
14.791 2 2 0 0 0.1854 0.2000 0.1696 0.1761 2.3278 0.7618 1.264150 0.487207 0.0467 1 4.1800 0  857 960 954 1123 1687 2152 2149 1650  1 1 0 0 0 0 0 20 0
14.841 2 2 0 0 0.1736 0.2000 0.1436 0.2077 2.3304 0.7702 1.277237 0.486045 -0.0290 1 4.1800 0  653 949 847 1134 1535 2195 2084 1663  1 1 0 0 0 0 0 20 0
14.891 2 2 0 0 0.1857 0.1940 0.1339 0.1947 2.3327 0.7781 1.290324 0.486523 0.1370 1 4.1800 0  1003 948 924 1132 1581 2229 1989 1719  1 1 0 0 0 0 0 20 0
14.941 2 2 0 0 0.1687 0.2000 0.1391 0.1809 2.3350 0.7863 1.306028 0.487218 -0.2074 1 4.1800 0  714 910 609 1130 1696 2208 2151 1698  1 1 0 0 0 0 0 20 0
14.991 2 2 0 0 0.1685 0.2000 0.1473 0.2077 2.3371 0.7942 1.321732 0.486486 -0.0585 1 4.1800 0  834 889 770 1131 1679 2156 2090 1635  1 1 0 0 0 0 0 20 0
15.041 2 2 0 0 0.1541 0.2000 0.1432 0.2089 2.3391 0.8023 1.340054 0.486238 -0.0828 1 4.1800 0  676 874 823 1120 1661 2170 1986 1644  1 1 0 0 0 0 0 20 0
15.091 2 2 0 0 0.1574 0.2000 0.1229 0.1886 2.3408 0.8100 1.358375 0.486439 -0.0617 1 4.1800 0  749 856 931 1116 1739 2175 2177 1648  1 1 0 0 0 0 0 20 0
15.141 2 2 0 0 0.1605 0.2000 0.1217 0.1667 2.3424 0.8177 1.381931 0.487427 -0.0334 1 4.1800 0  706 811 913 1101 1655 2170 2091 1712  1 1 0 0 0 0 0 20 0
15.192 2 2 0 0 0.1688 0.2000 0.1351 0.1659 2.3438 0.8255 1.395018 0.487714 -0.0489 1 4.1800 0  634 839 693 1082 1599 2161 1960 1711  1 1 0 0 0 0 0 20 0
15.242 2 2 0 0 0.1704 0.2000 0.1489 0.1578 2.3452 0.8335 1.410722 0.487939 -0.0652 1 4.1800 0  942 822 811 1076 1759 2154 1970 1627  1 1 0 0 0 0 0 20 0
15.292 2 2 0 0 0.1717 0.2000 0.1501 0.2028 2.3465 0.8417 1.423809 0.488936 -0.0163 1 4.1800 0  817 812 822 1072 1665 2208 2105 1691  1 1 0 0 0 0 0 20 0
15.342 2 2 0 0 0.1628 0.2000 0.1391 0.1850 2.3476 0.8500 1.436896 0.489287 0.0189 1 4.1800 0  657 816 679 1030 1571 2113 2142 1744  1 1 0 0 0 0 0 20 0
15.392 2 2 0 0 0.1703 0.2000 0.1331 0.1996 2.3487 0.8582 1.455217 0.491100 0.0136 1 4.1800 0  700 809 889 1074 1612 2181 1953 1690  1 1 0 0 0 0 0 20 0
15.442 2 2 0 0 0.1524 0.2000 0.1404 0.2069 2.3496 0.8663 1.465687 0.492819 -0.2194 1 4.1800 0  487 814 711 1108 1563 2141 1916 1604  1 1 0 0 0 0 0 20 0
15.492 2 2 0 0 0.1530 0.2000 0.1363 0.1866 2.3503 0.8744 1.486626 0.492807 -0.0696 1 4.1800 0  698 843 906 1136 1650 2135 1969 1608  1 1 0 0 0 0 0 20 0
15.542 2 2 0 0 0.1439 0.2000 0.1018 0.1866 2.3509 0.8822 1.504947 0.493294 0.0342 1 4.1800 0  834 849 830 1144 1572 2132 1926 1618  1 1 0 0 0 0 0 20 0
15.592 2 2 0 0 0.1385 0.2000 0.1298 0.1988 2.3514 0.8899 1.525886 0.492909 -0.1093 1 4.1800 0  777 856 720 1155 1645 2194 1911 1682  1 1 0 0 0 0 0 20 0
15.642 2 2 0 0 0.1366 0.2000 0.1278 0.1542 2.3516 0.8976 1.546825 0.493577 -0.1106 1 4.1800 0  855 830 772 1148 1744 2144 1883 1508  1 1 0 0 0 0 0 20 0
15.692 2 2 0 0 0.1498 0.2000 0.1404 0.1834 2.3517 0.9056 1.570381 0.493418 -0.0510 1 4.1800 0  787 842 819 1152 1653 2136 1968 1628  1 1 0 0 0 0 0 20 0
15.742 2 2 0 0 0.1396 0.2000 0.1108 0.1761 2.3517 0.9131 1.588703 0.492993 -0.1111 1 4.1800 0  730 826 896 1150 1735 2206 2006 1671  1 1 0 0 0 0 0 20 0
15.792 2 2 0 0 0.1262 0.2000 0.1051 0.1753 2.3515 0.9208 1.609642 0.491883 -0.1539 1 4.1800 0  707 819 756 1179 1741 2232 2066 1692  1 1 0 0 0 0 0 20 0
15.842 2 2 0 0 0.1126 0.2000 0.1051 0.1939 2.3511 0.9279 1.633198 0.492162 -0.1966 1 4.1800 0  746 827 650 1163 1659 2227 1936 1683  1 1 0 0 0 0 0 20 0
15.892 2 2 0 0 0.1427 0.2000 0.1408 0.1680 2.3506 0.9349 1.651519 0.490990 -0.0797 1 4.1800 0  752 872 654 1130 1540 2145 1876 1610  1 1 0 0 0 0 0 20 0
15.942 2 2 0 0 0.1418 0.2000 0.1172 0.1740 2.3499 0.9424 1.669841 0.489781 -0.0650 1 4.1800 0  774 867 876 1156 1701 2136 1946 1612  1 1 0 0 0 0 0 20 0
15.992 2 2 0 0 0.1271 0.2000 0.1217 0.1895 2.3491 0.9499 1.688162 0.489730 -0.1188 1 4.1800 0  799 858 930 1193 1717 2154 1965 1632  1 1 0 0 0 0 0 20 0
16.042 2 2 0 0 0.1166 0.2000 0.0998 0.1809 2.3482 0.9571 1.709101 0.490090 -0.1951 1 4.1800 0  804 849 708 1182 1737 2167 2071 1631  1 1 0 0 0 0 0 20 0
16.092 2 2 1 0 0.1604 0.2360 0.1420 0.2028 2.3471 0.9643 1.735275 0.489198 -0.1482 1 4.1800 0  587 846 728 1131 1590 2080 1921 1630  1 1 0 0 0 0 0 20 0
16.142 2 2 1 0 0.2384 0.2900 0.1546 0.2264 2.3455 0.9731 1.761448 0.483062 0.0119 1 4.1800 0  726 845 1014 1094 1627 2143 1988 1683  1 1 0 0 0 0 0 20 0
16.192 2 2 1 0 0.2668 0.3000 0.2564 0.2856 2.3431 0.9848 1.779770 0.478126 0.0212 1 4.1800 0  743 839 792 1024 1686 2134 2035 1639  1 1 0 0 0 0 0 20 0
16.242 2 2 1 0 0.2845 0.3000 0.2252 0.3120 2.3403 0.9973 1.798091 0.474143 0.0794 1 4.1800 0  587 867 660 1010 1464 2168 2140 1694  1 1 0 0 0 0 0 20 0
16.292 2 2 1 0 0.2798 0.3000 0.2369 0.2957 2.3372 1.0105 1.805943 0.471433 0.0067 1 4.1800 0  605 873 591 1039 1474 2098 1907 1686  1 1 0 0 0 0 0 20 0
16.342 2 2 1 0 0.2896 0.2980 0.2077 0.3026 2.3340 1.0233 1.824265 0.471914 0.1733 1 4.1800 0  800 850 693 1046 1431 2077 1939 1578  1 1 0 0 0 0 0 20 0
16.392 2 2 1 0 0.2955 0.3000 0.2536 0.3026 2.3305 1.0367 1.834734 0.472258 0.0959 1 4.1800 0  844 872 832 1044 1604 2067 2202 1596  1 1 0 0 0 0 0 20 0
16.442 2 2 1 0 0.2980 0.2879 0.3047 0.2633 2.3269 1.0498 1.842587 0.473485 0.0646 1 4.1800 0  776 876 751 1038 1587 2089 1941 1611  1 1 0 0 0 0 0 20 0
16.492 2 2 1 0 0.2760 0.3000 0.2077 0.3168 2.3230 1.0634 1.853056 0.476781 -0.1175 1 4.1800 0  590 848 730 1081 1645 2180 2021 1770  1 1 0 0 0 0 0 20 0
16.542 2 2 1 0 0.2523 0.3000 0.2414 0.2759 2.3190 1.0768 1.866143 0.480172 -0.1501 1 4.1800 0  662 935 759 1184 1625 2220 1892 1675  1 1 0 0 0 0 0 20 0
16.592 2 2 1 0 0.2140 0.3000 0.1976 0.3026 2.3150 1.0894 1.889699 0.481544 -2.4764 1 4.1800 0  1362 1648 1408 1767 1907 2230 2073 1691  1 1 0 0 0 0 3 20 0
16.641 2 1 8 0 0.1820 0.2660 0.1606 0.2836 2.3111 1.1009 1.921107 0.486355 -3.7284 0 4.1800 0  1389 1682 1655 1851 1985 2232 1990 1711  1 1 0 0 0 0 19 20 0
16.691 2 1 8 0 0.2820 0.1660 0.2345 0.2134 2.3071 1.1114 1.934194 0.486670 -2.2800 0 4.1800 0  1435 1650 1532 1841 1929 2264 2029 1669  1 1 0 0 1 0 20 20 0
16.741 2 1 4 0 0.2560 0.1540 0.2548 0.1420 2.3038 1.1207 1.900168 0.487047 -0.8106 1 4.1800 0  824 1042 1055 1622 1996 2201 2136 1671  1 1 0 0 0 0 0 20 0
16.791 2 1 4 0 0.1560 0.2540 0.1769 0.1809 2.3007 1.1300 1.879230 0.494629 -0.9260 1 4.1800 0  654 860 996 1636 1930 2167 1967 1524  1 1 0 0 0 0 0 20 0
16.841 2 1 4 0 0.0560 0.3000 0.0759 0.2775 2.2978 1.1388 1.915873 0.499391 -1.1619 1 2.8940 1  707 897 1149 1767 1890 2210 1988 1289  1 1 0 0 0 0 0 20 20
16.891 2 1 4 0 -0.0378 0.3000 0.0276 0.2665 2.2949 1.1462 1.986541 0.504192 -0.8853 1 3.9575 1  969 875 1035 1668 1933 2207 2013 1461  1 1 0 0 0 0 0 20 20
16.941 2 1 4 0 -0.0002 0.3000 -0.0097 0.2897 2.2918 1.1523 2.080766 0.504031 -0.6600 1 4.1800 0  713 856 902 1494 1989 2179 1948 1611  1 1 0 0 0 0 0 20 0
16.991 2 1 4 0 0.0896 0.3000 0.0442 0.2759 2.2878 1.1589 2.159287 0.500438 -0.2414 1 4.1800 0  795 875 865 1302 1687 2130 2027 1487  1 1 0 0 0 0 0 20 0
17.041 2 1 4 0 0.1696 0.3000 0.1067 0.2775 2.2825 1.1663 2.219486 0.493436 -0.0720 1 4.1800 0  1058 946 911 1145 1837 2116 1957 1611  1 1 0 0 0 0 0 20 0
17.091 2 1 4 0 0.2246 0.2960 0.1351 0.2876 2.2759 1.1746 2.261364 0.488157 0.1667 1 4.1800 0  957 963 884 1075 1587 2025 1942 1621  1 1 0 0 0 0 0 20 0
17.141 2 1 4 0 0.3000 0.2420 0.2548 0.2398 2.2683 1.1836 2.271833 0.482028 0.8009 1 4.1800 0  914 938 887 1033 1230 1863 2222 1667  1 1 0 0 0 0 0 20 0
17.191 2 1 4 0 0.3000 0.1540 0.2738 0.1801 2.2608 1.1926 2.250895 0.483350 0.5962 1 4.1800 0  889 908 669 998 1288 1630 1931 1628  1 1 0 0 0 0 0 20 0
17.241 2 1 4 0 0.3000 0.0540 0.3120 0.0994 2.2545 1.2008 2.201165 0.488384 1.1255 1 4.1800 0  735 891 691 966 995 1548 1769 1672  1 1 0 0 0 0 0 20 0
17.291 2 1 4 0 0.3000 -0.0181 0.2815 0.0239 2.2502 1.2072 2.122644 0.493180 1.3052 1 4.1800 0  728 863 807 957 995 1479 1814 1583  1 1 0 0 0 0 0 20 0
17.341 2 1 4 0 0.3000 -0.0339 0.2239 -0.0101 2.2469 1.2131 2.036271 0.497358 1.2754 1 4.1800 0  960 910 858 943 1287 1529 1873 1638  1 1 0 0 0 0 0 20 0
17.391 2 1 4 0 0.3000 0.0023 0.2633 -0.0069 2.2442 1.2192 1.949898 0.502639 0.8886 1 4.1800 0  931 976 763 968 1164 1714 2019 1733  1 1 0 0 0 0 0 20 0
17.441 2 1 4 0 0.3000 0.0520 0.2759 0.0252 2.2417 1.2260 1.871377 0.503745 0.7984 1 4.1800 0  769 982 939 1070 1182 1848 2044 1671  1 1 0 0 0 0 0 20 0
17.491 2 1 4 0 0.3000 0.0945 0.2458 0.0690 2.2396 1.2339 1.798091 0.504641 0.4894 1 4.1800 0  836 975 746 1100 1313 1973 2190 1676  1 1 0 0 0 0 0 20 0
17.541 2 1 4 0 0.3000 0.1657 0.2856 0.1059 2.2379 1.2428 1.732657 0.505413 0.1739 1 4.1800 0  947 971 890 1126 1566 2050 1920 1640  1 1 0 0 0 0 0 20 0
17.591 2 1 4 0 0.3000 0.2503 0.2600 0.1761 2.2364 1.2535 1.693397 0.505011 -0.1155 1 4.1800 0  799 943 913 1210 1774 2155 1911 1608  1 1 0 0 0 0 0 20 0
17.641 2 1 4 0 0.2838 0.3000 0.2580 0.2600 2.2350 1.2662 1.675076 0.503101 -0.2241 1 4.1800 0  820 900 926 1291 1761 2174 1971 1655  1 1 0 0 0 0 0 20 0
17.691 2 1 4 0 0.2328 0.3000 0.2288 0.2856 2.2336 1.2795 1.680310 0.503584 -0.4156 1 4.1800 0  759 897 885 1376 2000 2182 1974 1638  1 1 0 0 0 0 0 20 0
17.741 2 1 4 0 0.1870 0.3000 0.1886 0.2982 2.2320 1.2922 1.703866 0.505694 -0.5812 1 4.1800 0  646 878 779 1427 1827 2163 1942 1693  1 1 0 0 0 0 0 20 0
17.791 2 1 4 0 0.1516 0.3000 0.1659 0.3047 2.2303 1.3038 1.740510 0.506853 -0.6159 1 4.1800 0  706 843 861 1472 1912 2265 2076 1808  1 1 0 0 0 0 0 20 0
17.841 2 1 4 0 0.1767 0.3000 0.1578 0.2897 2.2282 1.3146 1.787622 0.506512 -0.3217 1 4.1800 0  877 828 870 1301 1829 2210 2041 1695  1 1 0 0 0 0 0 20 0
17.891 2 1 4 0 0.2573 0.2960 0.1769 0.2738 2.2255 1.3256 1.824265 0.500842 -0.0816 1 4.1800 0  860 842 711 1074 1720 2150 1978 1621  1 1 0 0 0 0 0 20 0
17.941 2 1 4 0 0.3000 0.2487 0.2426 0.2357 2.2222 1.3379 1.837352 0.493769 0.3927 1 4.1800 0  900 851 872 982 1389 2086 2065 1670  1 1 0 0 0 0 0 20 0
17.991 2 1 4 0 0.3000 0.1946 0.2759 0.2166 2.2189 1.3501 1.826882 0.492314 0.6571 1 4.1800 0  747 860 744 963 1188 1942 1717 1621  1 1 0 0 0 0 0 20 0
18.041 2 1 4 0 0.3000 0.1560 0.2471 0.1748 2.2160 1.3615 1.800709 0.496470 0.7604 1 4.1800 0  574 851 587 949 940 1854 2106 1663  1 1 0 0 0 0 0 20 0
18.091 2 2 0 0 0.2860 0.0825 0.2600 0.1108 2.2139 1.3714 1.764066 0.498740 0.7292 1 4.1800 0  801 847 769 935 1233 1800 1916 1690  1 1 0 0 0 0 0 20 0
18.141 2 2 0 0 0.2240 0.0085 0.2398 0.0556 2.2126 1.3792 1.703866 0.504650 0.7527 1 4.1800 0  779 903 750 927 1129 1874 2024 1598  1 1 0 0 0 0 0 20 0
18.191 2 2 0 0 0.2000 -0.0211 0.1947 -0.0126 2.2121 1.3842 1.638433 0.512000 0.7397 1 4.1800 0  929 928 938 924 1102 1988 1980 1721  1 1 0 0 0 0 0 20 0
18.241 2 2 0 0 0.2000 0.0180 0.1895 0.0061 2.2119 1.3887 1.586086 0.514223 0.4954 1 4.1800 0  897 920 806 938 1342 2018 2206 1698  1 1 0 0 0 0 0 20 0
18.291 2 2 0 0 0.2000 0.0417 0.1947 0.0219 2.2119 1.3936 1.538973 0.515061 0.2725 1 4.1800 0  873 935 936 968 1489 2045 2037 1656  1 1 0 0 0 0 0 20 0
18.341 2 2 0 0 0.2000 0.0619 0.2028 0.0471 2.2122 1.3988 1.497095 0.515067 0.1458 1 4.1800 0  791 967 882 1033 1589 2084 1952 1606  1 1 0 0 0 0 0 20 0
18.391 2 2 0 0 0.2000 0.0961 0.1688 0.0621 2.2127 1.4043 1.463070 0.514453 0.0601 1 4.1800 0  762 965 914 1092 1611 2106 1890 1597  1 1 0 0 0 0 0 20 0
18.440 2 2 0 0 0.2000 0.1476 0.1866 0.1047 2.2135 1.4105 1.439513 0.514153 -0.0522 1 4.1800 0  861 951 761 1181 1588 2120 1972 1645  1 1 0 0 0 0 0 20 0
18.490 2 2 0 0 0.2000 0.1756 0.1286 0.1278 2.2145 1.4180 1.426427 0.511467 -0.1031 1 4.1800 0  835 945 940 1271 1680 2140 1940 1711  1 1 0 0 0 0 0 20 0
18.540 2 2 0 0 0.1880 0.1980 0.1627 0.1886 2.2158 1.4264 1.426427 0.510524 -0.0284 1 4.1800 0  801 947 847 1295 1537 2128 1888 1604  1 1 0 0 0 0 0 20 0
18.590 2 2 0 0 0.1657 0.2000 0.1627 0.1826 2.2170 1.4350 1.434279 0.510078 -0.5129 1 4.1800 0  570 930 739 1324 1729 2134 1955 1590  1 1 0 0 0 0 0 20 0
18.640 2 2 0 0 0.1567 0.2000 0.1615 0.2122 2.2181 1.4433 1.447366 0.511607 -0.2765 1 4.1800 0  845 925 913 1337 1774 2136 1995 1537  1 1 0 0 0 0 0 20 0
18.690 2 2 0 0 0.1392 0.2000 0.1355 0.1716 2.2189 1.4509 1.468304 0.511162 -0.2696 1 4.1800 0  790 914 866 1332 1716 2181 1976 1648  1 1 0 0 0 0 0 20 0
18.740 2 2 0 0 0.1414 0.2000 0.1302 0.1793 2.2197 1.4588 1.491861 0.509570 -0.3292 1 4.1800 0  837 925 819 1337 1880 2235 2115 1705  1 1 0 0 0 0 0 20 0
18.790 2 2 0 0 0.1538 0.2000 0.1156 0.2037 2.2202 1.4665 1.512800 0.506888 -0.2857 1 4.1800 0  737 934 880 1287 1831 2271 2197 1721  1 1 0 0 0 0 0 20 0
18.840 2 2 0 0 0.1765 0.2000 0.1566 0.1473 2.2206 1.4746 1.528504 0.504660 -0.1517 1 4.1800 0  996 927 772 1171 1794 2153 2100 1665  1 1 0 0 0 0 0 20 0
18.890 2 2 0 0 0.2000 0.1847 0.1623 0.1903 2.2209 1.4831 1.538973 0.502167 0.0077 1 4.1800 0  576 920 656 1110 1428 2131 1972 1634  1 1 0 0 0 0 0 20 0
18.940 2 2 0 0 0.2000 0.1493 0.1367 0.1590 2.2212 1.4914 1.541590 0.501187 0.2728 1 4.1800 0  840 915 942 1087 1482 2103 1742 1635  1 1 0 0 0 0 0 20 0
18.990 2 2 0 0 0.2000 0.1404 0.1546 0.1436 2.2214 1.4993 1.533738 0.500893 0.3154 1 4.1800 0  913 913 879 1054 1462 2085 2009 1623  1 1 0 0 0 0 0 20 0
19.040 2 2 0 0 0.2000 0.1290 0.1602 0.1051 2.2217 1.5066 1.518034 0.501483 0.5901 1 4.1800 0  827 914 995 1045 1295 2059 1880 1636  1 1 0 0 0 0 0 20 0
19.090 2 2 0 0 0.2000 0.1105 0.1655 0.1262 2.2222 1.5135 1.497095 0.501840 -4.1800 0 4.1800 0  1163 897 871 1028 1609 2061 1920 1648  1 1 0 0 0 0 0 19 0
19.140 2 2 0 0 0.2000 0.1025 0.1489 0.0941 2.2227 1.5198 1.484009 0.500716 0.1004 1 4.1800 0  619 902 778 1020 1472 2059 2037 1676  1 1 0 0 0 0 0 20 0
19.190 2 2 0 0 0.2000 0.1161 0.1578 0.1059 2.2233 1.5260 1.470922 0.500555 0.5394 1 4.1800 0  742 906 720 1027 1235 2082 1972 1681  1 1 0 0 0 0 0 20 0
19.240 2 2 0 0 0.2000 0.1041 0.1233 0.0852 2.2239 1.5321 1.449983 0.501443 0.2432 1 4.1800 0  786 905 710 1040 1409 2143 2133 1601  1 1 0 0 0 0 0 20 0
19.290 2 2 0 0 0.2000 0.1146 0.1347 0.0961 2.2247 1.5383 1.436896 0.501789 0.3269 1 4.1800 0  766 926 849 1022 1439 2125 2021 1784  1 1 0 0 0 0 0 20 0
19.340 2 2 0 0 0.2000 0.0867 0.1680 0.0815 2.2256 1.5444 1.415957 0.503210 0.1441 1 4.1800 0  906 909 718 1000 1498 1995 2095 1679  1 1 0 0 0 0 0 20 0
19.390 2 2 0 0 0.2000 0.0589 0.1521 0.0320 2.2265 1.5496 1.389784 0.504976 0.3812 1 4.1800 0  876 903 825 984 1417 1973 1944 1563  1 1 0 0 0 0 0 20 0
19.440 2 2 0 0 0.2000 0.0242 0.1753 0.0227 2.2275 1.5547 1.353141 0.507365 0.4571 1 4.1800 0  756 897 831 984 1369 1996 1967 1640  1 1 0 0 0 0 0 20 0
19.490 2 2 0 0 0.2000 0.0285 0.1497 0.0150 2.2286 1.5591 1.300793 0.508264 0.2472 1 4.1800 0  844 919 774 1024 1457 2050 2077 1647  1 1 0 0 0 0 0 20 0
19.540 2 2 0 0 0.2000 0.0685 0.1761 0.0219 2.2300 1.5639 1.256298 0.509180 0.1801 1 4.1800 0  1181 1106 1142 1207 1640 2133 2001 1657  1 1 0 0 0 0 0 20 0
19.590 2 2 0 0 0.1980 0.1005 0.1497 0.0426 2.2317 1.5687 1.217038 0.508711 -4.1800 0 4.1800 0  1467 1560 1377 1664 1955 2228 2006 1695  1 1 0 0 0 0 0 11 0
19.640 2 1 8 0 0.1000 0.2000 0.0905 0.1396 2.2338 1.5742 1.203951 0.510059 -4.1800 0 4.1800 0  1464 1687 1540 1832 1948 2283 2105 1710  1 1 0 0 0 0 11 9 0
19.690 2 1 8 0 0.0040 0.2000 0.0507 0.1761 2.2358 1.5795 1.235359 0.513722 -2.2800 0 4.1800 0  1474 1691 1527 1815 1911 2252 2111 1637  1 1 0 0 1 0 20 11 0
19.740 2 1 8 0 0.1000 0.1260 0.0604 0.1379 2.2374 1.5845 1.272002 0.514439 -2.5659 0 4.1800 0  1574 1689 1607 1802 1958 2187 2049 1725  1 1 0 0 1 0 20 14 0
19.790 8 1 10 0 0.1640 0.1050 0.1359 0.0941 2.2387 1.5888 1.277237 0.509808 -4.1800 0 4.1800 0  1474 1677 1446 1813 1813 2208 1896 1675  1 1 0 0 1 0 15 2 0
19.840 8 1 10 0 0.0780 0.0870 0.0641 0.0807 2.2401 1.5933 1.269385 0.512873 -4.1800 0 4.1800 0  1454 1659 1528 1765 1867 2190 2000 1556  1 1 0 0 1 0 19 5 0
19.890 8 1 10 0 0.0070 0.0230 0.0345 0.0130 2.2406 1.5948 1.269385 0.519590 -4.1800 0 4.1800 0  1647 1639 1570 1743 2044 2174 2082 1678  1 1 0 0 1 0 20 4 0
19.940 8 1 10 0 0.0000 -0.0152 -0.0264 -0.0126 2.2405 1.5946 1.272002 0.521326 -4.1800 0 4.1800 0  1484 1640 1544 1744 1993 2178 2078 1684  1 1 0 0 1 0 19 0 0
19.990 8 1 10 0 0.0000 -0.0349 -0.0166 -0.0146 2.2404 1.5942 1.266768 0.520011 -2.2228 0 4.1800 0  1581 1650 1493 1748 1881 2170 1913 1674  1 1 0 0 1 0 20 1 0
20.040 8 1 10 0 0.0000 -0.0319 0.0316 -0.0073 2.2405 1.5944 1.264150 0.518334 -4.1800 0 4.1800 0  1504 1651 1405 1748 1962 2176 2027 1677  1 1 0 0 1 0 19 0 0
20.090 8 1 10 0 0.0000 -0.0479 -0.0414 -0.0114 2.2403 1.5938 1.261533 0.518451 -2.2766 0 4.1800 0  1450 1645 1518 1742 1813 2172 1904 1647  1 1 0 0 1 0 20 1 0
20.140 8 1 10 0 0.0000 -0.0530 -0.0166 -0.0239 2.2401 1.5935 1.256298 0.517203 -4.1800 0 4.1800 0  1597 1658 1524 1755 1796 2182 2048 1686  1 1 0 0 1 0 20 4 0
20.190 8 1 10 0 -0.0019 -0.0264 -0.0053 -0.0503 2.2399 1.5927 1.245829 0.516596 -4.1800 0 4.1800 0  1600 1659 1530 1767 1881 2195 2084 1692  1 1 0 0 1 0 20 7 0
20.240 8 1 10 0 0.0000 -0.0583 -0.0032 -0.0118 2.2398 1.5925 1.243211 0.515769 -4.0132 0 4.1800 0  1448 1662 1678 1780 1912 2193 2046 1677  1 1 0 0 1 0 20 10 0
