%% logfile from robot Ella (8)
% Ella (8)
%  1    time 0.006 sec
%  2  3  4  5   (mission 0), state 2, entered (thread 2, line 0), events 0x1 (bit-flags)
%  6  7 Motor velocity ref left, right: 0.0120 0.0140
%  8  9 Wheel velocity [m/s] left, right: -0.0000 0.0000
% 10 11 12 13 Pose x,y,h,tilt [m,m,rad,rad]: 0 0 0 0.505324
% 14 .. 35 Line sensor: left -4.180000 0, right 4.180000 0, values 769 902 844 1077 1603 2137 1898 1566, white 1, used 1, LEDhigh=0, xb=0 xw=0 xbc=0 xwc=0 lvl=0 lvr=0
0.016 2 2 0 0 0.0320 0.0340 -0.0000 0.0000 0.0000 0.0000 0.000000 0.505344 -4.1800 0 4.1800 0  766 885 852 1190 1603 2231 1897 1534  1 1 0 0 0 0 0 0 0
0.026 2 2 0 0 0.0520 0.0540 -0.0000 0.0000 0.0002 0.0000 0.002617 0.505371 -4.1800 0 4.1800 0  767 896 848 1034 1611 1872 1899 1523  1 1 0 0 0 0 0 0 0
0.036 2 2 0 0 0.0720 0.0740 0.0645 0.0897 0.0010 0.0000 0.002617 0.505385 -4.1800 0 4.1800 0  756 873 847 1123 1598 2073 1896 1650  1 1 0 0 0 0 0 0 0
0.046 2 2 0 0 0.0920 0.0940 0.0507 0.0637 0.0014 0.0000 0.002617 0.503822 -4.1800 0 4.1800 0  766 686 851 1078 1603 1976 1869 1567  1 1 0 0 0 0 0 0 0
0.056 2 1 1 0 1.9789 1.9789 0.1465 0.0308 0.0020 0.0000 0.000000 0.502679 -4.1800 0 4.1800 0  816 1013 1108 1032 1696 2337 1912 1563  1 1 0 0 0 0 2 1 0
0.066 2 1 1 0 2.1681 2.1721 0.5266 0.4771 0.0057 0.0000 0.000000 0.498337 -4.1800 0 4.1800 0  1061 996 1106 1114 1668 2269 2119 1646  1 1 0 0 0 0 10 0 0
0.076 2 1 1 0 2.3542 2.3482 0.6239 0.7241 0.0120 0.0000 0.002617 0.488463 -4.1800 0 4.1800 0  798 1000 1101 1110 1652 2248 2111 1634  1 1 0 0 0 0 16 0 0
0.086 2 1 1 0 2.5257 2.4997 0.7651 0.9217 0.0197 0.0001 0.013086 0.472766 -4.1800 0 4.1800 0  907 1007 1038 1144 1680 2250 1918 1570  1 1 0 0 1 0 20 0 0
0.096 2 1 1 0 2.6919 2.6459 0.8276 1.0961 0.0288 0.0002 0.020938 0.451263 -4.1800 0 4.1800 0  835 977 1166 1115 1627 1957 1860 1365  1 1 0 0 1 0 20 0 0
0.106 2 1 1 0 2.8257 2.7597 1.0402 1.1590 0.0393 0.0005 0.031408 0.424628 -4.1800 0 4.1800 0  820 992 1066 1040 1585 2257 1864 1511  1 1 0 0 1 0 20 0 0
0.116 2 1 1 0 2.9219 2.8359 1.0673 1.2292 0.0503 0.0009 0.041877 0.391385 -4.1800 0 4.1800 0  982 1003 837 1233 1456 2064 1837 1543  1 1 0 0 1 0 16 0 0
0.126 2 1 1 0 2.9641 2.8581 1.1931 1.2292 0.0620 0.0014 0.047111 0.351063 -4.1800 0 4.1800 0  813 747 1149 1137 1566 2042 1860 1453  1 1 0 0 1 0 19 0 0
0.136 2 1 1 0 2.9658 2.8398 1.2678 1.3521 0.0742 0.0020 0.052346 0.302592 -2.2800 0 4.1800 0  741 1003 1122 1160 1589 2164 1780 1469  1 1 0 0 1 0 20 1 0
0.146 2 1 1 0 2.8282 2.6822 1.3083 1.3521 0.0868 0.0027 0.057580 0.246693 -2.2800 0 4.1800 0  736 1013 1197 1158 1517 2068 1691 1384  1 1 0 0 1 0 20 3 0
0.156 2 1 1 0 2.6042 2.4382 1.3521 1.3521 0.0999 0.0035 0.060198 0.181648 -2.2550 1 4.1800 0  621 938 1060 1043 1361 1895 1450 1265  1 1 0 0 1 0 19 5 0
0.166 2 1 1 0 2.3309 2.1469 1.5022 1.5022 0.1139 0.0043 0.062815 0.109116 -1.4608 1 4.1800 0  610 786 905 1068 1208 1532 1249 1188  1 1 0 0 1 0 11 8 0
0.176 2 1 1 0 1.9818 1.7858 1.5602 1.5602 0.1287 0.0053 0.065432 0.029073 -1.1942 1 4.1800 0  649 704 827 826 1030 1385 1067 951  1 1 0 0 1 0 1 4 0
0.186 2 1 1 0 1.5096 1.3156 1.6227 1.5022 0.1434 0.0062 0.062815 -0.061478 -0.1429 1 4.1800 0  539 515 597 681 918 1065 873 761  1 1 0 0 0 0 0 14 0
0.196 2 1 1 0 1.0542 0.8943 1.3988 1.1931 0.1574 0.0071 0.054963 -0.156808 -0.2325 1 4.1800 0  297 394 450 542 713 661 759 589  1 1 0 0 0 0 0 20 3
0.206 2 1 1 0 0.6463 0.5265 1.0142 0.8450 0.1675 0.0076 0.044494 -0.245565 -1.1489 1 3.2041 1  240 120 359 357 575 599 667 411  1 1 0 0 0 0 0 20 7
0.216 2 1 1 0 0.2671 0.1873 0.6239 0.5201 0.1746 0.0079 0.036642 -0.332164 -0.2255 1 3.0403 1  181 101 103 262 460 561 372 270  1 1 0 0 0 0 0 20 5
0.226 2 1 1 0 -0.1142 -0.1540 0.2458 0.1696 0.1781 0.0080 0.034025 -0.414921 -0.2222 1 2.9805 1  113 212 141 286 527 523 471 310  1 1 0 0 0 0 0 20 9
0.236 2 1 1 0 -0.4943 -0.4982 -0.1310 0.0389 0.1783 0.0080 0.031408 -0.492764 -4.1800 0 2.6493 1  268 168 204 243 435 487 438 256  1 1 0 0 0 0 0 18 9
0.246 2 1 1 0 -1.0448 -1.0406 -0.4223 -0.4312 0.1750 0.0079 0.031408 -0.564929 -4.1800 0 2.6026 1  372 156 365 165 256 458 443 273  1 1 0 0 0 0 0 18 13
0.256 2 1 1 0 -0.2160 -0.2151 -0.6872 -0.7116 0.1688 0.0077 0.028790 -0.589625 -0.2139 1 4.1800 0  96 4 52 125 245 136 152 146  1 1 0 0 0 0 0 20 17
0.266 2 1 1 0 -0.6334 -0.6046 -0.3558 -0.4828 0.1641 0.0076 0.020938 -0.561953 -1.3472 1 4.1800 0  -36 45 222 170 303 246 269 272  1 1 0 0 0 0 0 20 15
0.276 2 1 1 0 -0.7022 -0.6914 -0.5408 -0.3436 0.1596 0.0075 0.031408 -0.538014 -4.1800 0 1.4043 1  306 143 271 209 152 368 43 149  1 1 0 0 0 0 0 19 19
0.286 2 1 1 0 -0.6594 -0.6647 -0.2937 -0.5554 0.1556 0.0074 0.020938 -0.508313 -1.9714 1 4.1800 0  111 258 194 222 308 398 320 320  1 1 0 0 0 0 0 20 17
0.296 2 1 1 0 -0.8105 -0.7908 -0.6994 -0.5132 0.1505 0.0073 0.023556 -0.471851 -4.1800 0 4.1800 0  320 221 66 249 422 395 311 337  1 1 0 0 0 0 0 19 19
0.306 2 1 1 0 -0.8345 -0.8487 -0.6239 -0.7801 0.1436 0.0071 0.023556 -0.437694 -1.9004 1 2.3385 1  69 208 96 286 162 402 296 149  1 1 0 0 0 0 0 20 20
0.316 2 1 1 0 -0.8033 -0.7816 -0.6239 -0.5631 0.1373 0.0070 0.015704 -0.392012 -1.5009 1 3.0583 1  175 214 421 302 193 517 515 334  1 1 0 0 0 0 0 20 20
0.326 2 1 1 0 -0.6304 -0.6467 -0.5071 -0.5266 0.1319 0.0068 0.023556 -0.338396 -0.5496 1 3.0616 1  170 150 96 334 349 515 406 269  1 1 0 0 0 0 0 20 20
0.336 2 1 1 0 -0.4866 -0.4886 -0.4884 -0.5408 0.1270 0.0067 0.018321 -0.277021 -0.5123 1 2.6193 1  195 240 298 413 487 538 547 322  1 1 0 0 0 0 0 20 19
0.346 2 1 1 0 -0.2471 -0.2560 -0.3753 -0.2982 0.1227 0.0067 0.020938 -0.205400 -0.5039 1 4.1800 0  230 289 350 511 570 646 621 545  1 1 0 0 0 0 0 20 17
0.356 2 1 1 0 -0.0727 -0.1016 -0.1911 -0.2028 0.1205 0.0066 0.023556 -0.142163 -0.8714 1 3.9530 1  256 293 383 661 633 510 705 508  1 1 0 0 0 0 0 20 15
0.366 2 1 1 0 0.0001 -0.0309 -0.0884 -0.1826 0.1187 0.0066 0.020938 -0.089219 0.0606 1 4.1800 0  275 451 421 488 694 866 799 685  1 1 0 0 0 0 0 20 11
0.376 2 1 1 0 0.0440 0.0405 -0.0426 -0.0929 0.1181 0.0066 0.018321 -0.049131 -0.0308 1 4.1800 0  301 520 444 625 727 1051 866 650  1 1 0 0 0 0 0 20 13
0.386 2 1 1 0 0.0125 -0.0004 -0.0381 -0.0312 0.1179 0.0066 0.015704 -0.022192 -0.4276 1 3.9704 1  311 439 467 667 786 911 902 650  1 1 0 0 0 0 0 20 13
0.396 2 1 1 0 -0.0163 -0.0182 -0.0296 -0.0706 0.1175 0.0066 0.015704 -0.009341 -0.0660 1 4.1800 0  331 542 483 648 807 1043 911 789  1 1 0 0 0 0 0 20 7
0.406 2 1 1 0 0.0227 0.0094 -0.0239 -0.0260 0.1175 0.0066 0.015704 0.001181 0.1555 1 4.1800 0  344 554 495 583 819 1066 955 868  1 1 0 0 0 0 0 20 1
0.416 2 1 1 0 0.0810 0.0630 0.0162 0.0191 0.1179 0.0066 0.015704 0.011255 -0.4598 1 3.1031 1  356 494 501 747 832 1035 977 657  1 1 0 0 0 0 0 20 2
0.426 2 1 1 0 0.1540 0.1356 0.1221 0.0759 0.1189 0.0066 0.013086 0.021013 -0.0918 1 4.1800 0  368 429 516 690 848 951 976 915  1 1 0 0 0 0 0 20 0
0.436 2 1 1 0 0.1902 0.1559 0.0714 0.1659 0.1201 0.0066 0.018321 0.026999 0.0975 1 4.1800 0  370 515 526 587 875 1108 1011 947  1 1 0 0 0 0 0 20 0
0.446 2 1 1 0 0.2043 0.1499 0.1517 0.1262 0.1213 0.0066 0.018321 0.030813 -0.1181 1 4.1800 0  381 203 530 501 861 927 1018 898  1 1 0 0 0 0 0 20 0
0.456 2 1 1 0 0.2112 0.1618 0.1753 0.1124 0.1227 0.0066 0.015704 0.030028 -0.0210 1 4.1800 0  381 649 540 677 880 1152 1026 791  1 1 0 0 0 0 0 20 0
0.466 2 1 1 0 0.2434 0.2220 0.2179 0.1659 0.1246 0.0067 0.013086 0.029373 -0.1815 1 4.1800 0  380 541 537 746 868 1089 1080 803  1 1 0 0 0 0 0 20 0
0.476 2 1 1 0 0.2278 0.2143 0.1947 0.1732 0.1262 0.0067 0.013086 0.024571 -0.2851 1 4.1800 0  381 578 540 766 875 1170 1016 964  1 1 0 0 0 0 0 20 0
0.486 2 1 1 0 0.2255 0.2192 0.1968 0.1947 0.1284 0.0067 0.010469 0.018562 -0.5427 1 4.1800 0  387 474 534 829 860 1197 1002 810  1 1 0 0 0 0 0 20 0
0.496 2 1 1 0 0.2195 0.2236 0.2252 0.2110 0.1304 0.0067 0.010469 0.010430 -0.0302 1 3.0758 1  374 487 528 646 852 1057 987 666  1 1 0 0 0 0 0 20 2
0.506 2 1 1 0 0.2199 0.2176 0.2398 0.2049 0.1329 0.0068 0.010469 0.002367 -0.0655 1 4.1800 0  366 491 518 711 846 1119 965 865  1 1 0 0 0 0 0 20 0
0.516 2 1 1 0 0.2124 0.2023 0.1968 0.2239 0.1349 0.0068 0.010469 -0.006229 -0.4754 1 4.1800 0  363 548 512 797 831 1203 946 763  1 1 0 0 0 0 0 20 0
0.526 2 1 1 0 0.1943 0.1780 0.2179 0.1903 0.1369 0.0068 0.010469 -0.015401 0.1195 1 4.1800 0  348 536 502 601 817 1057 936 819  1 1 0 0 0 0 0 20 0
0.536 2 1 1 0 0.1615 0.1434 0.1704 0.1704 0.1390 0.0068 0.010469 -0.025170 -0.3813 1 4.1800 0  344 491 494 688 799 970 916 706  1 1 0 0 0 0 0 20 1
0.546 2 1 1 0 0.1364 0.1302 0.1740 0.1680 0.1406 0.0068 0.010469 -0.035042 -0.2866 1 4.1800 0  338 443 482 654 790 958 892 706  1 1 0 0 0 0 0 20 3
0.556 2 1 1 0 0.1687 0.1666 0.1976 0.1761 0.1424 0.0069 0.007852 -0.040822 -0.1077 1 4.1800 0  333 386 476 659 773 839 863 792  1 1 0 0 0 0 0 20 0
0.566 2 1 1 0 0.1622 0.1552 0.1834 0.1895 0.1440 0.0069 0.007852 -0.045592 -0.1745 1 3.4950 1  332 425 466 613 763 859 868 615  1 1 0 0 0 0 0 20 3
0.576 2 1 1 0 0.1410 0.1310 0.1667 0.1590 0.1456 0.0069 0.007852 -0.050526 0.0515 1 2.4853 1  324 397 470 474 764 896 864 471  1 1 0 0 0 0 0 20 3
0.586 2 1 1 0 0.1067 0.0925 0.1408 0.1185 0.1469 0.0069 0.007852 -0.056442 -0.2727 1 4.1800 0  326 401 455 626 745 920 862 683  1 1 0 0 0 0 0 20 0
0.596 2 1 1 0 0.0890 0.0712 0.1006 0.1176 0.1481 0.0069 0.007852 -0.062230 -0.1794 1 4.1800 0  316 416 455 608 730 883 845 688  1 1 0 0 0 0 0 20 3
0.606 2 1 1 0 0.0949 0.0882 0.1172 0.0872 0.1491 0.0069 0.005235 -0.064595 -0.0710 1 4.1800 0  312 368 460 602 738 912 839 741  1 1 0 0 0 0 0 20 0
0.616 2 1 1 0 0.0754 0.0787 0.0957 0.0905 0.1499 0.0069 0.005235 -0.067107 -0.3020 1 4.1800 0  310 399 445 612 732 886 828 668  1 1 0 0 0 0 0 20 0
0.626 2 1 1 0 0.0606 0.0566 0.0617 0.0807 0.1509 0.0069 0.007852 -0.069471 -0.3896 1 4.1800 0  316 392 447 622 729 875 825 633  1 1 0 0 0 0 0 20 2
0.636 2 1 1 0 0.0432 0.0420 0.0828 0.0576 0.1515 0.0069 0.005235 -0.071036 -0.1996 1 2.8179 1  301 322 443 532 722 816 819 502  1 1 0 0 0 0 0 20 2
0.646 2 1 1 0 0.0254 0.0174 0.0564 0.0398 0.1519 0.0069 0.005235 -0.073388 -0.2604 1 4.1800 0  306 430 440 578 719 839 796 607  1 1 0 0 0 0 0 20 0
0.656 2 1 1 0 0.0194 0.0054 0.0341 0.0438 0.1523 0.0069 0.005235 -0.073586 -0.8116 1 4.1800 0  302 239 439 594 711 846 816 598  1 1 0 0 0 0 0 20 1
0.666 2 1 1 0 -0.0120 0.0018 0.0458 0.0284 0.1525 0.0069 0.002617 -0.074055 -0.1235 1 2.6667 1  297 385 439 542 723 870 817 493  1 1 0 0 0 0 0 20 3
0.676 2 1 1 0 -0.0029 0.0035 0.0243 0.0166 0.1525 0.0069 0.002617 -0.072943 -0.4806 1 4.1800 0  301 340 441 602 722 756 815 626  1 1 0 0 0 0 0 20 1
0.686 2 1 1 0 -0.0100 -0.0067 0.0150 -0.0118 0.1523 0.0069 0.000000 -0.070786 -1.1977 1 4.1800 0  302 106 445 521 725 571 823 642  1 1 0 0 0 0 0 20 0
0.696 2 1 1 0 -0.0614 -0.0441 -0.0110 -0.0118 0.1521 0.0069 0.002617 -0.070483 -0.7001 1 4.1800 0  303 420 444 756 729 916 821 705  1 1 0 0 0 0 0 20 0
0.706 2 1 1 0 -0.0720 -0.0667 -0.0110 -0.0223 0.1519 0.0069 0.000000 -0.070506 0.1293 1 4.1800 0  303 438 445 563 725 806 814 760  1 1 0 0 0 0 0 20 0
0.716 2 1 1 0 -0.0913 -0.0777 -0.0227 -0.0454 0.1515 0.0069 0.000000 -0.070269 -0.2088 1 3.0742 1  300 298 442 542 711 940 826 591  1 1 0 0 0 0 0 20 1
0.726 2 1 1 0 -0.1094 -0.1011 -0.0418 -0.0349 0.1511 0.0069 0.000000 -0.069874 -0.6236 1 4.1800 0  304 510 444 838 738 944 822 918  1 1 0 0 0 0 0 20 0
0.736 2 1 1 0 -0.1302 -0.1225 -0.0527 -0.0726 0.1505 0.0069 -0.002617 -0.069333 -0.4762 1 4.1800 0  310 389 446 688 730 901 746 728  1 1 0 0 0 0 0 20 0
0.746 2 1 1 0 -0.1388 -0.1367 -0.0803 -0.0686 0.1499 0.0069 0.000000 -0.068072 -0.1153 1 4.1800 0  306 371 452 603 732 705 822 713  1 1 0 0 0 0 0 20 0
0.756 2 1 1 0 -0.1463 -0.1385 -0.0990 -0.1067 0.1489 0.0069 -0.002617 -0.065388 -0.3817 1 4.1800 0  304 386 454 698 739 879 829 789  1 1 0 0 0 0 0 20 0
0.766 2 1 1 0 -0.1590 -0.1432 -0.0840 -0.1018 0.1481 0.0069 -0.002617 -0.061734 -0.8481 1 3.6497 1  307 271 453 660 728 847 840 577  1 1 0 0 0 0 0 20 3
0.776 2 1 1 0 -0.1877 -0.1715 -0.1566 -0.1201 0.1467 0.0069 0.000000 -0.058542 -0.7621 1 3.3045 1  310 357 462 715 738 896 846 578  1 1 0 0 0 0 0 20 5
0.786 2 1 1 0 -0.2000 -0.1809 -0.1473 -0.1602 0.1452 0.0069 -0.002617 -0.055080 0.1332 1 4.1800 0  319 358 460 476 757 667 853 766  1 1 0 0 0 0 0 20 1
0.796 2 1 1 0 -0.1931 -0.1774 -0.1327 -0.1351 0.1440 0.0069 -0.002617 -0.050596 -0.3060 1 3.3805 1  317 420 468 613 759 898 834 585  1 1 0 0 0 0 0 20 5
0.806 2 1 1 0 -0.2160 -0.2007 -0.1740 -0.1858 0.1422 0.0070 -0.005235 -0.046483 -0.1841 1 4.1800 0  329 412 469 656 747 899 925 685  1 1 0 0 0 0 0 20 0
0.816 2 1 1 0 -0.2155 -0.2043 -0.1724 -0.1659 0.1406 0.0070 -0.005235 -0.042527 -0.0578 1 4.1800 0  321 471 475 543 777 732 863 659  1 1 0 0 0 0 0 20 2
0.826 2 1 1 0 -0.2090 -0.2018 -0.1809 -0.1809 0.1390 0.0070 -0.005235 -0.037443 -0.0292 1 4.1800 0  336 427 485 636 773 924 889 761  1 1 0 0 0 0 0 20 0
0.836 2 1 1 0 -0.2131 -0.2099 -0.1602 -0.1858 0.1371 0.0070 -0.002617 -0.032529 -0.7004 1 4.1800 0  337 265 486 754 789 916 891 885  1 1 0 0 0 0 0 20 0
0.846 2 1 1 0 -0.2404 -0.2252 -0.1675 -0.2101 0.1353 0.0070 -0.005235 -0.028252 -0.6598 1 4.1800 0  342 437 488 780 798 1022 904 692  1 1 0 0 0 0 0 20 0
0.856 2 1 1 0 -0.2632 -0.2329 -0.2227 -0.1895 0.1333 0.0070 -0.005235 -0.024119 -0.2873 1 3.7466 1  340 434 488 664 808 869 911 654  1 1 0 0 0 0 0 20 2
0.866 2 1 1 0 -0.2455 -0.2170 -0.1858 -0.1968 0.1312 0.0070 -0.005235 -0.018524 -0.7098 1 4.1800 0  351 524 497 904 808 1139 923 746  1 1 0 0 0 0 0 20 0
0.876 2 1 1 0 -0.2502 -0.2274 -0.2252 -0.2110 0.1290 0.0070 -0.002617 -0.012866 -0.7649 1 4.1800 0  341 543 501 875 817 1070 931 761  1 1 0 0 0 0 0 20 0
0.886 2 1 1 0 -0.2585 -0.2316 -0.2369 -0.2028 0.1268 0.0070 -0.005235 -0.007884 -0.4038 1 3.0825 1  354 327 500 644 824 932 939 601  1 1 0 0 0 0 0 20 1
0.896 2 1 1 0 -0.2562 -0.2315 -0.2215 -0.2166 0.1245 0.0070 -0.002617 -0.003277 -0.6069 1 4.1800 0  352 497 509 816 827 1116 952 774  1 1 0 0 0 0 0 20 0
0.906 2 1 1 0 -0.2561 -0.2374 -0.2398 -0.2264 0.1225 0.0070 -0.002617 0.001456 -0.7616 1 4.1800 0  360 450 511 880 833 1063 963 765  1 1 0 0 0 0 0 20 0
0.916 2 1 1 0 -0.2409 -0.2341 -0.1996 -0.2134 0.1201 0.0070 -0.002617 0.006066 -0.5754 1 4.1800 0  354 357 510 765 836 963 968 846  1 1 0 0 0 0 0 20 0
0.926 2 1 1 0 -0.2471 -0.2399 -0.2288 -0.2239 0.1181 0.0071 -0.002617 0.009711 -0.7574 1 4.1800 0  362 567 510 969 844 1107 984 1002  1 1 0 0 0 0 0 20 0
0.936 2 1 1 0 -0.2574 -0.2485 -0.2519 -0.2215 0.1156 0.0071 -0.002617 0.012733 -0.0618 1 3.9307 1  369 435 513 627 847 971 982 707  1 1 0 0 0 0 0 20 1
0.946 2 1 1 0 -0.2540 -0.2439 -0.2442 -0.2191 0.1134 0.0071 0.000000 0.016509 -0.7128 1 4.1800 0  364 518 509 930 850 1130 994 903  1 1 0 0 0 0 0 20 0
0.956 2 1 1 0 -0.2611 -0.2433 -0.2101 -0.2122 0.1112 0.0071 -0.002617 0.019778 -0.0584 1 4.1800 0  361 508 508 707 840 1081 1005 840  1 1 0 0 0 0 0 20 0
0.966 2 1 1 0 -0.2590 -0.2400 -0.2089 -0.2227 0.1087 0.0071 -0.002617 0.023123 -0.5734 1 4.1800 0  363 448 509 822 849 1054 1010 822  1 1 0 0 0 0 0 20 0
0.976 2 1 1 0 -0.2511 -0.2341 -0.2519 -0.2264 0.1065 0.0071 0.000000 0.027022 -0.1585 1 4.1800 0  361 547 514 699 863 1004 1015 750  1 1 0 0 0 0 0 20 0
0.986 2 1 1 0 -0.2513 -0.2422 -0.2028 -0.2414 0.1041 0.0071 0.000000 0.030482 -0.6611 1 4.1800 0  373 392 518 807 877 1020 1025 810  1 1 0 0 0 0 0 20 0
0.996 2 1 1 0 -0.2666 -0.2436 -0.2487 -0.2398 0.1018 0.0071 -0.002617 0.033015 -0.1322 1 4.1800 0  390 541 526 744 868 1099 1033 895  1 1 0 0 0 0 0 20 0
1.006 2 1 1 0 -0.2546 -0.2336 -0.2519 -0.2288 0.0994 0.0071 -0.002617 0.036135 -0.5136 1 4.1800 0  390 425 517 789 870 1095 1043 924  1 1 0 0 0 0 0 20 0
1.016 2 1 1 0 -0.2330 -0.2330 -0.2519 -0.2304 0.0972 0.0071 0.000000 0.039490 0.1296 1 4.1800 0  397 468 530 523 890 994 1049 1000  1 1 0 0 0 0 0 20 0
1.026 2 1 1 0 -0.2411 -0.2372 -0.2345 -0.2536 0.0947 0.0071 0.000000 0.041949 -0.5241 1 3.1366 1  409 619 537 849 897 1313 1055 718  1 1 0 0 0 0 0 20 1
1.036 2 1 1 0 -0.2510 -0.2370 -0.2122 -0.2329 0.0925 0.0071 -0.002617 0.043584 -0.1718 1 4.1800 0  412 492 540 743 898 1224 1065 774  1 1 0 0 0 0 0 20 0
1.046 2 1 1 0 -0.2636 -0.2376 -0.2471 -0.2252 0.0901 0.0071 -0.002617 0.045025 -0.4588 1 4.1800 0  421 443 560 777 908 1113 1063 945  1 1 0 0 0 0 0 20 0
1.056 2 1 1 0 -0.2630 -0.2384 -0.2166 -0.2252 0.0878 0.0071 0.000000 0.046870 -0.4708 1 3.4459 1  429 430 571 770 910 1027 1072 723  1 1 0 0 0 0 0 20 1
1.066 2 1 1 0 -0.2515 -0.2304 -0.2288 -0.2276 0.0854 0.0071 0.000000 0.049073 -0.0719 1 4.1800 0  430 522 576 726 911 1114 1073 913  1 1 0 0 0 0 0 20 0
1.076 2 1 1 0 -0.2477 -0.2366 -0.2665 -0.2369 0.0830 0.0071 0.000000 0.051044 -0.1774 1 3.6955 1  434 549 592 774 931 1232 1077 828  1 1 0 0 0 0 0 20 1
1.086 2 1 1 0 -0.2266 -0.2280 -0.2304 -0.2203 0.0809 0.0071 0.000000 0.052970 -0.4548 1 4.1800 0  439 445 587 774 927 1224 1078 1042  1 1 0 0 0 0 0 20 0
1.096 2 1 1 0 -0.2400 -0.2423 -0.2442 -0.2276 0.0785 0.0071 0.000000 0.053393 -0.6173 1 4.1800 0  445 558 597 899 929 1128 1142 933  1 1 0 0 0 0 0 20 0
1.106 2 1 1 0 -0.2426 -0.2406 -0.2166 -0.2227 0.0763 0.0071 -0.002617 0.053518 -0.6486 1 4.1800 0  444 585 590 920 930 1169 953 1009  1 1 0 0 0 0 0 20 0
1.116 2 1 1 0 -0.2376 -0.2376 -0.2458 -0.2288 0.0740 0.0071 0.000000 0.054710 -0.1317 1 4.1800 0  448 594 601 771 937 1208 1087 862  1 1 0 0 0 0 0 20 0
1.126 2 1 1 0 -0.2452 -0.2392 -0.2252 -0.2357 0.0718 0.0071 -0.002617 0.055151 -0.7788 1 4.1800 0  449 566 599 1013 937 1226 1087 1144  1 1 0 0 0 0 0 20 0
1.136 2 1 1 0 -0.2529 -0.2349 -0.2536 -0.2191 0.0694 0.0071 -0.002617 0.056017 -0.9013 1 4.1800 0  456 412 606 905 942 1024 1085 943  1 1 0 0 0 0 0 20 0
1.146 2 1 1 0 -0.2276 -0.2276 -0.2398 -0.2316 0.0671 0.0071 0.000000 0.057889 0.0001 1 4.1800 0  458 549 602 683 947 1077 1091 854  1 1 0 0 0 0 0 20 0
1.156 2 1 1 0 -0.2278 -0.2258 -0.1947 -0.2101 0.0649 0.0071 -0.002617 0.059231 -0.0224 1 4.1800 0  460 542 613 690 948 1077 1096 968  1 1 0 0 0 0 0 20 0
1.166 2 1 1 0 -0.2441 -0.2401 -0.2264 -0.2369 0.0627 0.0071 0.000000 0.059917 -0.0395 1 4.1800 0  463 611 611 747 943 1071 1237 820  1 1 0 0 0 0 0 20 0
1.176 2 1 1 0 -0.2424 -0.2284 -0.2276 -0.2239 0.0605 0.0071 -0.002617 0.060780 -0.5617 1 4.1800 0  459 525 614 846 941 1125 1104 1007  1 1 0 0 0 0 0 20 0
1.186 2 1 1 0 -0.2336 -0.2295 -0.2458 -0.2239 0.0582 0.0071 0.000000 0.062114 -0.1952 1 4.1800 0  464 524 620 752 963 1092 1099 819  1 1 0 0 0 0 0 20 0
1.196 2 1 1 0 -0.2392 -0.2292 -0.2122 -0.2471 0.0560 0.0071 -0.002617 0.063151 -0.1082 1 4.1800 0  461 541 617 732 955 1267 1129 792  1 1 0 0 0 0 0 20 0
1.206 2 1 1 0 -0.2446 -0.2319 -0.2239 -0.2154 0.0536 0.0072 -0.002617 0.063442 -0.8122 1 4.1800 0  465 681 623 1067 964 1257 1103 1087  1 1 0 0 0 0 0 20 0
1.216 2 1 1 0 -0.2277 -0.2254 -0.2357 -0.2264 0.0513 0.0072 0.000000 0.064472 -0.6471 1 4.1800 0  463 631 618 923 966 1383 1117 743  1 1 0 0 0 0 0 20 0
1.226 2 1 1 0 -0.2345 -0.2247 -0.2288 -0.2215 0.0491 0.0072 -0.002617 0.065457 -0.0096 1 4.1800 0  477 593 628 720 965 1186 1116 1176  1 1 0 0 0 0 0 20 0
1.236 2 1 1 0 -0.2341 -0.2259 -0.2369 -0.2069 0.0469 0.0072 0.000000 0.065916 -0.3068 1 4.1800 0  470 438 627 734 972 928 1118 1011  1 1 0 0 0 0 0 20 0
1.246 2 1 1 0 -0.2240 -0.2239 -0.2458 -0.2110 0.0446 0.0071 0.002617 0.066861 -0.3743 1 2.7818 1  475 636 630 846 972 1182 1121 703  1 1 0 0 0 0 0 20 2
1.256 2 1 1 0 -0.2240 -0.2239 -0.1947 -0.2227 0.0424 0.0071 0.000000 0.067643 -0.7889 1 4.1800 0  475 628 626 1028 957 1261 1122 753  1 1 0 0 0 0 0 20 0
1.266 2 1 1 0 -0.2218 -0.2278 -0.2008 -0.2134 0.0404 0.0071 0.000000 0.068083 -0.0166 1 4.1800 0  474 587 639 707 977 1109 1121 874  1 1 0 0 0 0 0 20 0
1.276 2 1 1 0 -0.2179 -0.2267 -0.2345 -0.2122 0.0381 0.0071 0.002617 0.068807 -0.8763 1 4.0511 1  475 448 639 871 978 1134 1122 757  1 1 0 0 0 0 0 20 1
1.286 2 1 1 0 -0.2131 -0.2162 -0.1919 -0.2215 0.0361 0.0071 0.002617 0.069335 -0.7081 1 4.1800 0  480 651 637 962 966 1186 1121 800  1 1 0 0 0 0 0 20 0
1.296 2 1 1 0 -0.2235 -0.2223 -0.1939 -0.2252 0.0337 0.0071 0.002617 0.069653 -0.3231 1 4.1800 0  469 566 637 815 988 1009 1128 937  1 1 0 0 0 0 0 20 0
1.306 2 1 1 0 -0.2226 -0.2196 -0.2316 -0.2154 0.0316 0.0071 0.002617 0.070295 -0.4043 1 4.1800 0  472 444 636 763 988 907 1125 1033  1 1 0 0 0 0 0 20 0
1.316 2 1 1 0 -0.2142 -0.2114 -0.1931 -0.2057 0.0296 0.0071 0.002617 0.070656 -0.6928 1 4.1800 0  480 530 646 875 988 1118 1124 899  1 1 0 0 0 0 0 20 0
1.326 2 1 1 0 -0.2113 -0.2105 -0.2122 -0.2154 0.0274 0.0071 0.005235 0.071862 -0.6036 1 4.1800 0  475 686 645 903 995 1332 1130 971  1 1 0 0 0 0 0 20 0
1.336 2 1 1 0 -0.2174 -0.2133 -0.2252 -0.1903 0.0254 0.0071 0.005235 0.072352 -0.4875 1 4.1800 0  468 614 647 863 1003 1115 1137 953  1 1 0 0 0 0 0 20 0
1.346 2 1 1 0 -0.2275 -0.2149 -0.1919 -0.2276 0.0231 0.0071 0.002617 0.072623 -0.5809 1 4.1800 0  473 575 645 877 990 1180 1131 885  1 1 0 0 0 0 0 20 0
1.356 2 1 1 0 -0.2127 -0.1992 -0.2154 -0.1996 0.0211 0.0071 0.002617 0.073567 -0.7549 1 4.1800 0  471 517 643 890 982 1300 1142 1033  1 1 0 0 0 0 0 20 0
1.366 2 1 1 0 -0.1954 -0.2114 -0.1874 -0.1976 0.0193 0.0071 0.005235 0.074472 -0.6783 1 4.1800 0  470 422 637 778 997 971 1143 807  1 1 0 0 0 0 0 20 0
1.376 2 1 1 0 -0.2036 -0.1971 -0.1939 -0.2154 0.0170 0.0071 0.002617 0.075432 -0.6733 1 4.1800 0  463 733 633 926 992 1191 1150 907  1 1 0 0 0 0 0 20 0
1.386 2 1 1 0 -0.2095 -0.1931 -0.2008 -0.1903 0.0150 0.0071 0.002617 0.075877 -0.6209 1 4.1800 0  475 621 636 914 1002 1129 1153 880  1 1 0 0 0 0 0 20 0
1.396 2 1 1 0 -0.1956 -0.2104 -0.2191 -0.1793 0.0132 0.0071 0.005235 0.075921 -0.1377 1 4.1800 0  469 708 626 767 996 1165 1150 891  1 1 0 0 0 0 0 20 0
1.406 2 1 1 0 -0.1875 -0.2000 -0.1769 -0.2049 0.0112 0.0071 0.005235 0.076143 0.0455 1 4.1800 0  486 594 623 644 989 1306 1157 815  1 1 0 0 0 0 0 20 0
1.416 2 1 1 0 -0.1861 -0.1986 -0.2049 -0.1858 0.0091 0.0070 0.005235 0.076289 -0.0970 1 4.1800 0  468 477 624 654 982 1162 1158 896  1 1 0 0 0 0 0 20 0
1.426 2 1 1 0 -0.1978 -0.1818 -0.1850 -0.1911 0.0073 0.0070 0.002617 0.076270 -0.0447 1 4.1800 0  473 657 619 712 1006 1295 1166 1007  1 1 0 0 0 0 0 20 0
1.436 2 1 1 0 -0.1938 -0.1801 -0.1627 -0.1761 0.0055 0.0070 0.005235 0.075988 -0.5134 1 4.0234 1  472 638 624 878 1009 1337 1169 779  1 1 0 0 0 0 0 20 2
1.446 2 1 1 0 -0.1755 -0.1581 -0.1517 -0.1785 0.0039 0.0070 0.000000 0.077213 -0.3247 1 4.1800 0  465 362 622 693 996 1094 1177 889  1 1 0 0 0 0 0 20 0
1.456 2 1 1 0 -0.1626 -0.1513 -0.1432 -0.1529 0.0024 0.0070 0.002617 0.077630 -0.2641 1 4.1800 0  468 622 628 809 1017 1397 1183 852  1 1 0 0 0 0 0 20 0
1.466 2 1 1 0 -0.1431 -0.1343 -0.1456 -0.1465 0.0008 0.0070 0.002617 0.078953 -0.2158 1 4.1800 0  461 615 629 784 1021 1282 1186 1148  1 1 0 0 0 0 0 20 3
1.476 2 1 1 0 -0.1281 -0.1205 -0.1318 -0.1172 -0.0004 0.0070 0.002617 0.080040 -0.4775 1 4.1800 0  463 728 627 860 1017 1230 1192 948  1 1 0 0 0 0 0 20 0
1.486 2 1 1 0 -0.1296 -0.1162 -0.1205 -0.1440 -0.0018 0.0070 0.000000 0.080916 -0.2642 1 4.1800 0  471 751 632 809 1033 1332 1191 1012  1 1 0 0 0 0 0 20 0
1.496 2 1 1 0 -0.1273 -0.1138 -0.1059 -0.1176 -0.0030 0.0070 0.000000 0.080788 -0.1785 1 4.1800 0  466 561 623 754 1016 1348 1187 953  1 1 0 0 0 0 0 20 0
1.506 2 1 1 0 -0.1404 -0.1349 -0.1225 -0.1432 -0.0045 0.0070 0.002617 0.078875 -0.4819 1 4.1800 0  470 686 626 867 1027 1275 1192 966  1 1 0 0 0 0 0 20 0
1.516 2 1 1 0 -0.1431 -0.1428 -0.1359 -0.1331 -0.0057 0.0070 0.002617 0.076312 -0.0169 1 4.1800 0  466 626 618 662 1027 1315 1187 978  1 1 0 0 0 0 0 20 0
1.526 2 1 1 0 -0.1368 -0.1273 -0.1067 -0.1473 -0.0071 0.0070 0.000000 0.074822 -0.3387 1 4.1800 0  457 586 622 823 1022 1263 1179 712  1 1 0 0 0 0 0 20 0
1.536 2 1 1 0 -0.1475 -0.1229 -0.1448 -0.1067 -0.0083 0.0070 0.000000 0.073356 -0.9079 1 4.1800 0  455 425 616 910 1009 1262 1178 966  1 1 0 0 0 0 0 20 0
1.546 2 1 1 0 -0.1241 -0.1039 -0.1055 -0.0974 -0.0093 0.0070 0.002617 0.073234 -0.5548 1 4.1800 0  456 705 617 879 1018 1304 1181 926  1 1 0 0 0 0 0 20 0
1.556 2 1 1 0 -0.0973 -0.1001 -0.1229 -0.1075 -0.0105 0.0070 0.002617 0.073491 -0.4264 1 4.1800 0  460 553 610 831 1009 1263 1186 891  1 1 0 0 0 0 0 20 0
1.566 2 1 1 0 -0.0857 -0.0868 -0.0807 -0.1079 -0.0114 0.0070 0.002617 0.073423 -0.1561 1 4.1800 0  460 543 613 737 996 1208 1186 917  1 1 0 0 0 0 0 20 0
1.576 2 1 1 0 -0.0758 -0.0776 -0.0751 -0.0625 -0.0122 0.0070 0.002617 0.073174 -0.3776 1 4.1800 0  457 503 608 793 1015 1170 1183 961  1 1 0 0 0 0 0 20 0
1.586 2 1 1 0 -0.0858 -0.0898 -0.1124 -0.0515 -0.0128 0.0070 0.005235 0.071528 -0.2119 1 4.1800 0  456 569 605 779 1002 1199 1180 895  1 1 0 0 0 0 0 20 0
1.596 2 1 1 0 -0.1113 -0.1153 -0.1051 -0.1302 -0.0138 0.0070 0.002617 0.068573 -0.4964 1 4.1800 0  456 540 608 840 1000 1271 1170 829  1 1 0 0 0 0 0 20 0
1.606 2 1 1 0 -0.1376 -0.1235 -0.1095 -0.1164 -0.0150 0.0070 0.002617 0.065033 -0.7251 1 4.1800 0  453 617 602 970 998 1309 1167 917  1 1 0 0 0 0 0 20 0
1.616 2 1 1 0 -0.1513 -0.1419 -0.1558 -0.1160 -0.0162 0.0070 0.002617 0.061111 -0.2009 1 4.1800 0  455 628 597 783 986 1229 1144 963  1 1 0 0 0 0 0 20 0
1.626 2 1 1 0 -0.1087 -0.0976 -0.0734 -0.1108 -0.0172 0.0070 0.000000 0.061047 -0.1878 1 4.1800 0  450 577 589 771 993 1094 1156 935  1 1 0 0 0 0 0 20 0
1.636 2 1 1 0 -0.1109 -0.0878 -0.0998 -0.0665 -0.0180 0.0070 0.000000 0.061159 0.0139 1 2.8163 1  460 751 597 664 988 1248 1159 701  1 1 0 0 0 0 0 20 1
1.646 2 1 1 0 -0.0940 -0.0967 -0.1310 -0.0633 -0.0189 0.0070 0.005235 0.061113 -0.3580 1 4.1800 0  460 570 603 826 983 1204 1159 919  1 1 0 0 0 0 0 20 0
1.656 2 1 1 0 -0.0907 -0.1036 -0.0840 -0.1103 -0.0199 0.0070 0.002617 0.060652 -0.1415 1 4.1800 0  456 641 602 759 988 1226 1166 886  1 1 0 0 0 0 0 20 0
1.666 2 1 1 0 -0.1053 -0.0968 -0.0694 -0.1152 -0.0209 0.0070 0.000000 0.059635 -0.2180 1 4.1800 0  462 595 607 794 991 1159 1163 922  1 1 0 0 0 0 0 20 0
1.676 2 1 1 0 -0.1175 -0.1040 -0.1164 -0.0832 -0.0219 0.0070 0.002617 0.058098 -0.0905 1 4.1800 0  459 623 609 741 981 1272 1156 941  1 1 0 0 0 0 0 20 0
1.686 2 1 1 0 -0.0995 -0.0886 -0.0828 -0.0905 -0.0227 0.0070 0.002617 0.058036 -0.2089 1 3.9439 1  463 587 608 792 990 1396 1160 775  1 1 0 0 0 0 0 20 1
1.696 2 1 1 0 -0.1044 -0.0949 -0.0949 -0.0945 -0.0235 0.0070 0.002617 0.057513 -0.2493 1 4.1800 0  458 680 610 801 990 1218 1165 994  1 1 0 0 0 0 0 20 0
1.706 2 1 1 0 -0.1093 -0.0999 -0.0884 -0.0925 -0.0245 0.0070 0.000000 0.056819 -0.4447 1 4.1800 0  461 634 613 852 989 1277 1154 1008  1 1 0 0 0 0 0 20 0
1.716 2 1 1 0 -0.1059 -0.0998 -0.0905 -0.0746 -0.0253 0.0070 0.000000 0.055862 -0.1452 1 4.1800 0  461 624 617 773 972 1301 1155 847  1 1 0 0 0 0 0 20 0
1.726 2 1 1 0 -0.1072 -0.1014 -0.0872 -0.1148 -0.0264 0.0070 0.002617 0.055399 -0.0039 1 4.1800 0  464 638 611 688 985 1375 1161 929  1 1 0 0 0 0 0 20 0
1.736 2 1 1 0 -0.1188 -0.1010 -0.0682 -0.1034 -0.0274 0.0070 0.000000 0.054845 -0.2779 1 4.1800 0  453 525 613 776 990 1229 1155 865  1 1 0 0 0 0 0 20 0
1.746 2 1 1 0 -0.1232 -0.0962 -0.1043 -0.0751 -0.0282 0.0070 0.000000 0.054374 -0.2566 1 3.2768 1  461 549 617 784 992 1306 1156 810  1 1 0 0 0 0 0 20 1
1.756 2 1 1 0 -0.1127 -0.0851 -0.0811 -0.0892 -0.0290 0.0070 0.000000 0.055350 -0.6296 1 4.1800 0  454 499 612 848 990 1239 1156 954  1 1 0 0 0 0 0 20 0
1.766 2 1 1 0 -0.1010 -0.0909 -0.1075 -0.0888 -0.0300 0.0070 0.002617 0.055785 -0.8974 1 4.1800 0  455 328 613 739 1003 1048 1166 962  1 1 0 0 0 0 0 20 0
1.776 2 1 1 0 -0.0870 -0.0790 -0.0673 -0.0856 -0.0306 0.0070 0.000000 0.056294 -0.5505 1 4.1800 0  458 679 612 881 991 1216 1149 784  1 1 0 0 0 0 0 20 0
1.786 2 1 1 0 -0.0807 -0.0827 -0.0665 -0.0617 -0.0312 0.0070 0.002617 0.056363 -0.4547 1 4.1800 0  464 588 604 858 998 1396 1172 1065  1 1 0 0 0 0 0 20 0
1.796 2 1 1 0 -0.0890 -0.0850 -0.0734 -0.0600 -0.0320 0.0070 0.002617 0.055724 -0.1451 1 4.1800 0  454 651 610 755 996 1297 1174 804  1 1 0 0 0 0 0 20 0
1.806 2 1 1 0 -0.1040 -0.1020 -0.0970 -0.0897 -0.0331 0.0070 0.005235 0.054402 -0.0585 1 4.1800 0  460 732 615 713 996 1239 1169 916  1 1 0 0 0 0 0 20 0
1.816 2 1 1 0 -0.1010 -0.0853 -0.0596 -0.0897 -0.0339 0.0070 0.000000 0.053806 -0.1270 1 4.1800 0  448 549 636 713 1023 1276 1171 973  1 1 0 0 0 0 0 20 0
1.826 2 1 1 0 -0.0900 -0.0782 -0.0799 -0.0540 -0.0345 0.0070 0.002617 0.053819 -0.6814 1 4.1800 0  455 751 612 936 999 1411 1168 930  1 1 0 0 0 0 0 20 0
1.836 2 1 1 0 -0.0728 -0.0633 -0.0710 -0.0556 -0.0349 0.0070 0.002617 0.055055 -0.5343 1 4.1800 0  457 509 608 829 1001 1261 1172 988  1 1 0 0 0 0 0 20 0
1.846 2 1 1 0 -0.0739 -0.0644 -0.0742 -0.0665 -0.0357 0.0069 0.002617 0.055373 -0.1077 1 3.6310 1  458 577 615 733 1008 1023 1181 763  1 1 0 0 0 0 0 20 1
1.856 2 1 1 0 -0.0671 -0.0679 -0.0751 -0.0535 -0.0363 0.0069 0.005235 0.055250 -0.3083 1 4.1800 0  462 519 611 781 1001 1111 1180 893  1 1 0 0 0 0 0 20 0
1.866 2 1 1 0 -0.0825 -0.0612 -0.0349 -0.0775 -0.0367 0.0069 0.000000 0.055331 -0.3930 1 4.1800 0  462 578 612 838 1007 1258 1176 959  1 1 0 0 0 0 0 20 0
1.876 2 1 1 0 -0.1017 -0.0657 -0.0775 -0.0535 -0.0375 0.0069 0.000000 0.054656 -0.1925 1 4.1800 0  455 627 615 772 1010 1051 1181 804  1 1 0 0 0 0 0 20 0
1.886 2 1 1 0 -0.0643 -0.0572 -0.0961 -0.0337 -0.0381 0.0069 0.002617 0.054497 -0.0882 1 4.1800 0  454 668 615 719 1005 1369 1185 907  1 1 0 0 0 0 0 20 0
1.896 2 1 1 0 -0.0495 -0.0374 -0.0316 -0.0633 -0.0383 0.0069 0.000000 0.055631 -0.1605 1 4.1800 0  454 517 614 714 1008 1231 1169 989  1 1 0 0 0 0 0 20 0
1.906 2 1 1 0 -0.0681 -0.0401 -0.0183 -0.0552 -0.0387 0.0069 0.000000 0.055436 -0.4738 1 4.1800 0  449 446 614 774 1009 1108 1185 858  1 1 0 0 0 0 0 20 0
1.916 2 1 1 0 -0.0752 -0.0591 -0.0974 -0.0365 -0.0393 0.0069 0.002617 0.053851 -0.4560 1 4.1800 0  457 656 611 852 1004 1225 1179 933  1 1 0 0 0 0 0 20 0
1.926 2 1 1 0 -0.0700 -0.0673 -0.0722 -0.0730 -0.0402 0.0069 0.002617 0.051630 -0.3535 1 4.1800 0  456 425 613 741 1006 1066 1185 911  1 1 0 0 0 0 0 20 0
1.936 2 1 1 0 -0.0895 -0.0710 -0.0325 -0.0702 -0.0406 0.0069 -0.002617 0.049884 -0.3228 1 4.1800 0  449 445 608 743 982 1071 1178 910  1 1 0 0 0 0 0 20 0
1.946 2 1 1 0 -0.1006 -0.0812 -0.0742 -0.0377 -0.0410 0.0069 0.002617 0.047736 -0.4848 1 4.1800 0  449 641 601 855 995 1239 1178 841  1 1 0 0 0 0 0 20 0
1.956 2 1 1 0 -0.0550 -0.0381 -0.0503 -0.0531 -0.0416 0.0069 0.000000 0.048940 -0.3390 1 4.1800 0  447 470 605 762 1003 1140 1172 927  1 1 0 0 0 0 0 20 0
1.966 2 1 1 0 -0.0553 -0.0216 -0.0223 -0.0349 -0.0416 0.0069 0.000000 0.050754 -0.5193 1 4.1800 0  450 716 611 864 979 1401 1180 1036  1 1 0 0 0 0 0 20 0
1.976 2 1 1 0 -0.0396 -0.0214 -0.0653 -0.0345 -0.0422 0.0069 0.002617 0.052024 -0.3630 1 4.1800 0  458 578 614 831 1001 1266 1190 1021  1 1 0 0 0 0 0 20 0
1.986 2 1 1 0 -0.0247 -0.0401 -0.0544 -0.0941 -0.0424 0.0069 0.005235 0.052709 -0.1092 1 4.1800 0  459 681 611 736 1007 1337 1188 877  1 1 0 0 0 0 0 20 0
1.996 2 1 1 0 -0.0388 -0.0464 -0.0231 -0.0304 -0.0424 0.0069 0.005235 0.051856 -0.1841 1 2.5670 1  453 499 606 715 1003 1248 1182 611  1 1 0 0 0 0 0 20 2
2.006 2 2 1 0 -0.1228 -0.1279 -0.0166 -0.0252 -0.0428 0.0069 0.005235 0.048173 -2.1109 1 4.1800 0  448 830 601 914 984 1429 1185 944  1 1 0 0 0 0 0 20 0
2.016 2 2 1 0 -0.1982 -0.2029 -0.1968 -0.1387 -0.0444 0.0069 0.005235 0.044419 -0.9082 1 4.1800 0  443 406 597 924 992 1201 1164 992  1 1 0 0 0 0 0 20 0
2.026 2 2 1 0 -0.1261 -0.1221 -0.1043 -0.0702 -0.0452 0.0069 0.005235 0.048709 -0.2726 1 4.1800 0  443 548 598 788 996 1118 1179 943  1 1 0 0 0 0 0 20 0
2.036 2 2 1 0 -0.1170 -0.0972 -0.0357 -0.1067 -0.0458 0.0069 0.002617 0.057966 -0.4002 1 4.1800 0  460 473 608 780 1011 1334 1200 1030  1 1 0 0 0 0 0 20 0
2.046 2 2 1 0 -0.1312 -0.0998 -0.1473 -0.1026 -0.0471 0.0069 0.002617 0.067174 -0.3297 1 4.1800 0  473 490 624 769 1025 1229 1227 968  1 1 0 0 0 0 0 20 0
2.056 2 1 4 256 -0.1149 -0.0921 -0.1136 -0.0872 -0.0481 0.0069 0.005235 0.076349 -0.6293 1 4.1800 0  483 573 643 892 1051 1260 1244 884  1 1 0 0 0 0 0 20 0
2.066 2 1 4 0 -0.1245 -0.0858 -0.1172 -0.0872 -0.0491 0.0069 0.007852 0.085308 -0.2668 1 4.1800 0  500 698 655 834 1067 1361 1265 918  1 1 0 0 0 0 0 20 0
2.076 2 1 4 0 -0.1454 -0.0987 -0.1290 -0.1245 -0.0503 0.0069 0.007852 0.093568 -0.6084 1 4.1800 0  506 716 666 926 1086 1430 1288 967  1 1 0 0 0 0 0 20 0
2.086 2 1 4 0 -0.1601 -0.0933 -0.1582 -0.0941 -0.0517 0.0069 0.010469 0.100749 -0.3976 1 4.1800 0  530 735 683 889 1104 1324 1305 1051  1 1 0 0 0 0 0 20 0
2.096 2 1 4 0 -0.1233 -0.0563 -0.0986 -0.0775 -0.0523 0.0069 0.013086 0.110353 -0.2746 1 4.1800 0  536 678 687 866 1116 1319 1331 1075  1 1 0 0 0 0 0 20 0
2.106 2 1 4 0 -0.1188 -0.0398 -0.1193 -0.0771 -0.0533 0.0069 0.015704 0.119533 -0.6634 1 4.1800 0  557 652 709 931 1137 1397 1356 1048  1 1 0 0 0 0 0 20 0
2.116 2 1 4 0 -0.1188 -0.0198 -0.1347 -0.0661 -0.0544 0.0068 0.018321 0.128112 -0.4670 1 4.1800 0  577 792 727 934 1151 1470 1368 1091  1 1 0 0 0 0 0 20 0
2.126 2 1 4 0 -0.1102 -0.0032 -0.1055 -0.0499 -0.0552 0.0068 0.023556 0.135620 -2.1587 1 4.1800 0  583 897 739 955 1163 1619 1388 1119  1 1 0 0 0 0 0 20 0
2.136 2 1 4 0 -0.1123 0.0146 -0.1087 -0.0260 -0.0556 0.0068 0.028790 0.142241 -2.1673 1 4.1800 0  594 903 753 970 1178 1645 1406 1149  1 1 0 0 0 0 0 20 0
2.146 2 1 4 0 -0.0969 0.0340 -0.1043 -0.0158 -0.0562 0.0068 0.036642 0.147834 -0.5486 1 4.1800 0  605 752 755 959 1160 1639 1421 1078  1 1 0 0 0 0 0 20 0
2.156 2 1 4 0 -0.0711 0.0638 -0.0824 -0.0114 -0.0566 0.0068 0.041877 0.153251 -0.7808 1 4.1800 0  606 806 768 1051 1184 1559 1449 1140  1 1 0 0 0 0 0 20 0
2.166 2 1 4 0 -0.0515 0.0954 -0.0418 0.0110 -0.0566 0.0068 0.047111 0.158639 -0.0548 1 4.1800 0  618 703 780 803 1193 1454 1457 998  1 1 0 0 0 0 0 20 0
2.176 2 1 4 0 -0.0445 0.1104 -0.0641 0.0665 -0.0566 0.0068 0.057580 0.162145 -0.4904 1 4.1800 0  629 789 786 966 1196 1530 1467 1265  1 1 0 0 0 0 0 20 0
2.186 2 1 4 0 -0.0287 0.1382 -0.0560 0.0645 -0.0566 0.0068 0.062815 0.165445 0.0000 1 4.1800 0  633 798 799 857 1205 1564 1468 1063  1 1 0 0 0 0 0 20 0
2.196 2 1 4 0 -0.0020 0.1770 -0.0418 0.1136 -0.0562 0.0068 0.073284 0.168505 -0.6360 1 4.1800 0  641 834 808 1000 1191 1534 1485 1180  1 1 0 0 0 0 0 20 0
2.206 2 1 4 0 0.0003 0.1753 -0.0203 0.0998 -0.0558 0.0068 0.078519 0.169609 -0.3688 1 4.1800 0  651 818 808 966 1191 1444 1483 1147  1 1 0 0 0 0 0 20 0
2.216 2 1 4 0 0.0457 0.2166 -0.0134 0.1655 -0.0550 0.0069 0.088988 0.169617 -0.1752 1 4.1800 0  646 750 803 890 1174 1513 1352 1050  1 1 0 0 0 0 0 20 0
2.226 2 1 4 0 0.0588 0.2337 -0.0101 0.1521 -0.0542 0.0070 0.099457 0.169890 -1.9100 1 4.1800 0  644 882 806 1009 1159 1534 1486 1274  1 1 0 0 0 0 0 20 0
2.236 2 1 4 0 0.0722 0.2511 0.0093 0.2077 -0.0532 0.0071 0.107309 0.168089 -0.0122 1 4.1800 0  649 796 811 877 1152 1354 1482 1165  1 1 0 0 0 0 0 20 0
2.246 2 1 4 0 0.1109 0.2859 0.0284 0.2069 -0.0519 0.0072 0.117778 0.167899 0.0000 1 4.1800 0  654 810 808 777 1134 1315 1492 989  1 1 0 0 0 0 0 19 0
2.256 2 1 4 0 0.1231 0.2941 0.0462 0.2580 -0.0507 0.0074 0.128248 0.164916 -0.0767 1 4.1800 0  645 733 800 842 1113 1467 1442 1112  1 1 0 0 0 0 0 20 0
2.266 2 1 4 0 0.1343 0.3032 0.0803 0.2276 -0.0491 0.0076 0.138717 0.161678 -0.1906 1 4.1800 0  640 754 799 897 1096 1479 1468 1189  1 1 0 0 0 0 0 19 0
2.276 2 1 4 0 0.1458 0.3147 0.0840 0.2649 -0.0473 0.0079 0.151803 0.156754 -0.2641 1 4.1800 0  631 703 795 880 1096 1536 1527 1201  1 1 0 0 0 0 0 20 0
2.286 2 1 4 0 0.1798 0.3436 0.1331 0.2982 -0.0451 0.0082 0.159655 0.152766 -0.4251 1 4.1800 0  633 836 776 955 1030 1398 1333 1229  1 1 0 0 0 0 0 20 0
2.296 2 1 4 0 0.1768 0.3446 0.0921 0.3144 -0.0433 0.0085 0.172742 0.147305 -2.3523 1 4.1800 0  620 867 780 752 1015 1457 1408 1109  1 1 0 0 0 0 0 20 0
2.306 2 1 4 0 0.1677 0.3355 0.1412 0.2957 -0.0413 0.0089 0.183211 0.140965 0.0951 1 4.1800 0  607 790 761 773 978 1274 1375 1215  1 1 0 0 0 0 0 20 0
2.316 2 1 4 0 0.1897 0.3534 0.1448 0.3351 -0.0389 0.0093 0.193680 0.134729 -2.1612 1 4.1800 0  599 846 748 747 946 1330 1339 1061  1 1 0 0 0 0 0 20 0
2.326 2 1 4 0 0.1946 0.3504 0.1347 0.3193 -0.0367 0.0098 0.206767 0.128495 -2.2462 1 4.1800 0  594 906 744 791 920 1332 1307 1085  1 1 0 0 0 0 0 20 0
2.336 2 1 4 0 0.2268 0.3651 0.1542 0.3465 -0.0342 0.0103 0.219853 0.121909 -2.0767 1 4.1800 0  587 876 734 892 890 1463 1248 1051  1 1 0 0 0 0 0 20 0
2.346 2 1 4 0 0.2459 0.3623 0.1911 0.3465 -0.0316 0.0109 0.227705 0.116749 0.5498 1 4.1800 0  575 716 720 790 867 1234 1211 989  1 1 0 0 0 0 0 20 0
2.356 2 1 4 0 0.2346 0.3190 0.1769 0.3379 -0.0292 0.0115 0.238174 0.108753 0.6895 1 4.1800 0  556 693 703 808 832 1100 1173 969  1 1 0 0 0 0 0 20 0
2.366 2 1 4 0 0.2350 0.2974 0.2037 0.3120 -0.0267 0.0121 0.246026 0.101837 -1.9891 1 4.1800 0  542 767 686 618 808 1052 1103 1014  1 1 0 0 0 0 0 20 0
2.376 2 1 4 0 0.2418 0.2861 0.2345 0.3168 -0.0241 0.0128 0.253878 0.094842 1.2568 1 4.1800 0  534 676 682 749 792 961 1081 867  1 1 0 0 0 0 0 20 0
2.386 2 1 4 0 0.2682 0.2825 0.2316 0.3047 -0.0214 0.0135 0.259113 0.090482 1.3623 1 4.1800 0  523 604 677 711 764 865 1039 958  1 1 0 0 0 0 0 20 0
2.396 2 1 4 0 0.2622 0.2445 0.2316 0.2686 -0.0188 0.0142 0.261730 0.084630 1.3461 1 4.1800 0  519 653 675 663 742 889 1008 884  1 1 0 0 0 0 0 20 0
2.406 2 1 4 0 0.2649 0.2153 0.2089 0.2519 -0.0167 0.0147 0.264347 0.079463 0.9124 1 4.1800 0  519 626 672 747 729 1022 964 901  1 1 0 0 0 0 0 20 0
2.416 2 1 4 0 0.2778 0.2282 0.2897 0.2154 -0.0141 0.0154 0.261730 0.075764 -1.9248 1 4.1800 0  526 811 673 829 724 1040 936 853  1 1 0 0 0 0 0 20 0
2.426 2 1 4 0 0.2887 0.2150 0.2357 0.2487 -0.0118 0.0161 0.261730 0.073952 1.3971 1 4.1800 0  521 604 663 650 722 825 1027 799  1 1 0 0 0 0 0 20 0
2.436 2 1 4 0 0.3051 0.1995 0.2665 0.2101 -0.0094 0.0167 0.261730 0.072430 -4.1800 0 4.1800 0  522 474 654 680 718 848 901 728  1 1 0 0 0 0 0 19 0
2.446 2 1 4 0 0.3310 0.2094 0.3144 0.2122 -0.0071 0.0173 0.256495 0.071469 1.6931 1 4.1800 0  529 621 647 674 728 859 897 832  1 1 0 0 0 0 0 20 0
2.456 2 1 4 0 0.3342 0.2108 0.2937 0.2203 -0.0047 0.0179 0.251261 0.071389 -0.4158 1 4.1800 0  523 590 644 825 716 884 898 799  1 1 0 0 0 0 0 20 0
2.466 2 1 4 0 0.3364 0.2050 0.2775 0.2166 -0.0023 0.0185 0.246026 0.070638 -2.2805 1 4.1800 0  522 922 644 720 729 1039 860 818  1 1 0 0 0 0 0 20 0
2.476 2 1 4 0 0.3594 0.2180 0.2957 0.1988 0.0002 0.0192 0.238174 0.071145 1.7201 1 4.1800 0  517 628 651 631 742 811 864 817  1 1 0 0 0 0 0 20 0
2.486 2 1 4 0 0.3569 0.2015 0.3168 0.2089 0.0028 0.0198 0.235557 0.070956 -2.0627 1 4.1800 0  515 831 653 766 749 1144 891 813  1 1 0 0 0 0 0 20 0
2.496 2 1 4 0 0.3666 0.1972 0.3465 0.1866 0.0051 0.0203 0.225088 0.070357 -4.1800 0 4.1800 0  522 400 662 575 754 691 886 781  1 1 0 0 0 0 0 19 0
2.506 2 1 4 0 0.3816 0.1962 0.3144 0.1817 0.0079 0.0210 0.214618 0.070870 1.8644 1 4.1800 0  525 655 636 866 705 825 887 874  1 1 0 0 0 0 0 20 0
2.516 2 1 4 0 0.3935 0.2041 0.3826 0.1850 0.0107 0.0215 0.204149 0.069939 1.1684 1 4.1800 0  528 648 661 641 648 902 892 788  1 1 0 0 0 0 0 20 0
2.526 2 1 4 0 0.4136 0.2121 0.3976 0.1655 0.0135 0.0221 0.188445 0.069984 2.0992 1 4.1800 0  538 746 662 771 779 943 840 858  1 1 0 0 0 0 0 20 0
2.536 2 1 4 0 0.4007 0.2033 0.3408 0.2110 0.0163 0.0226 0.177976 0.067997 0.7448 1 4.1800 0  532 652 662 760 784 1044 918 809  1 1 0 0 0 0 0 20 0
2.546 2 1 4 0 0.4278 0.2503 0.4097 0.1988 0.0193 0.0231 0.164890 0.067270 0.2590 1 4.1800 0  538 602 669 675 810 886 800 749  1 1 0 0 0 0 0 20 0
2.556 2 1 4 0 0.4183 0.2329 0.3525 0.2239 0.0223 0.0236 0.151803 0.065368 1.9140 1 4.1800 0  538 737 676 796 778 925 898 857  1 1 0 0 0 0 0 20 0
2.566 2 1 4 0 0.4427 0.2692 0.4556 0.2471 0.0255 0.0241 0.141334 0.063218 1.4135 1 4.1800 0  522 708 669 570 790 841 905 858  1 1 0 0 0 0 0 20 0
2.576 2 1 4 0 0.4189 0.2334 0.4138 0.2357 0.0287 0.0245 0.130865 0.059735 0.2816 1 4.1800 0  528 668 674 462 787 808 906 920  1 1 0 0 0 0 0 20 0
2.586 2 1 4 0 0.4409 0.2534 0.4556 0.2179 0.0319 0.0249 0.115161 0.057333 -1.9021 1 4.1800 0  527 741 674 778 778 939 903 714  1 1 0 0 0 0 0 20 0
2.596 2 1 4 0 0.4395 0.2420 0.4454 0.2487 0.0354 0.0253 0.102075 0.053845 1.9194 1 4.1800 0  529 734 681 781 781 901 840 753  1 1 0 0 0 0 0 20 0
2.606 2 1 4 0 0.4626 0.2592 0.4556 0.2252 0.0388 0.0256 0.088988 0.052278 -0.6216 1 4.1800 0  535 687 689 908 781 982 889 790  1 1 0 0 0 0 0 20 0
2.616 2 1 4 0 0.4684 0.2510 0.4556 0.2414 0.0422 0.0259 0.075902 0.049769 1.8097 1 4.1800 0  537 668 687 701 757 828 897 951  1 1 0 0 0 0 0 20 0
2.626 2 1 4 0 0.4632 0.2538 0.4507 0.2649 0.0457 0.0261 0.062815 0.047190 1.6846 1 4.1800 0  534 660 685 667 775 861 895 910  1 1 0 0 0 0 0 20 0
2.636 2 1 4 0 0.4676 0.2582 0.4828 0.2414 0.0491 0.0263 0.049729 0.044458 -2.1727 1 4.1800 0  532 813 690 753 778 912 894 751  1 1 0 0 0 0 0 20 0
2.646 2 1 4 0 0.4671 0.2537 0.4406 0.2519 0.0528 0.0265 0.034025 0.041872 1.3570 1 4.1800 0  528 597 685 697 673 806 898 685  1 1 0 0 0 0 0 20 0
2.656 2 1 4 0 0.4861 0.2607 0.4828 0.2536 0.0562 0.0266 0.020938 0.039671 1.6417 1 4.1800 0  532 640 675 839 762 855 932 834  1 1 0 0 0 0 0 20 0
2.666 2 1 4 0 0.4736 0.2482 0.4771 0.2548 0.0601 0.0266 0.007852 0.036359 1.3392 1 4.1800 0  528 566 672 806 763 895 912 900  1 1 0 0 0 0 0 20 0
2.676 2 1 4 0 0.4724 0.2309 0.3976 0.2458 0.0635 0.0266 -0.005235 0.033808 1.2378 1 4.1800 0  524 573 669 490 734 810 913 809  1 1 0 0 0 0 0 20 0
2.686 2 1 4 0 0.4833 0.2519 0.4771 0.2580 0.0672 0.0266 -0.020938 0.030855 1.5683 1 4.1800 0  519 635 662 583 741 798 895 852  1 1 0 0 0 0 0 20 0
2.696 2 1 4 0 0.4963 0.2469 0.4714 0.2633 0.0708 0.0265 -0.036642 0.028615 1.2338 1 4.1800 0  514 639 657 662 741 928 925 820  1 1 0 0 0 0 0 20 0
2.706 2 1 4 0 0.5009 0.2515 0.4828 0.2345 0.0744 0.0263 -0.052346 0.026846 -0.4175 1 4.1800 0  515 783 632 878 735 959 940 836  1 1 0 0 0 0 0 20 0
2.716 2 1 4 0 0.4978 0.2304 0.4771 0.2503 0.0781 0.0261 -0.068050 0.023225 -2.0698 1 4.1800 0  504 837 651 760 736 1160 956 857  1 1 0 0 0 0 0 20 0
2.726 2 1 4 0 0.5034 0.2185 0.4828 0.2414 0.0819 0.0258 -0.086371 0.021145 0.8546 1 4.1800 0  499 788 647 749 743 1041 880 1003  1 1 0 0 0 0 0 20 0
2.736 2 1 4 0 0.5199 0.2310 0.4945 0.2264 0.0856 0.0254 -0.107309 0.019038 1.2546 1 4.1800 0  497 565 638 700 736 893 993 974  1 1 0 0 0 0 0 20 0
2.746 2 1 4 0 0.5236 0.2267 0.5335 0.2134 0.0892 0.0250 -0.123013 0.016134 1.2708 1 4.1800 0  496 620 635 684 735 927 1001 1197  1 1 0 0 0 0 0 20 0
2.756 2 1 4 0 0.5310 0.2321 0.5201 0.2442 0.0930 0.0245 -0.141334 0.014632 0.9779 1 4.1800 0  491 715 619 687 715 983 1027 816  1 1 0 0 0 0 0 20 0
2.766 2 1 4 0 0.5550 0.2521 0.5335 0.2357 0.0968 0.0239 -0.159655 0.013489 1.2948 1 3.6868 1  479 685 610 640 715 880 1051 767  1 1 0 0 0 0 0 20 1
2.776 2 1 4 0 0.5583 0.2674 0.5554 0.2665 0.1006 0.0233 -0.177976 0.011267 0.8978 1 4.1800 0  471 670 585 634 746 978 1083 823  1 1 0 0 0 0 0 20 0
2.786 2 1 4 0 0.5423 0.2594 0.5201 0.2722 0.1044 0.0226 -0.196297 0.009122 0.3569 1 4.1800 0  456 528 581 530 786 899 985 1039  1 1 0 0 0 0 0 20 0
2.796 2 1 4 0 0.5413 0.2784 0.5631 0.2442 0.1082 0.0218 -0.214618 0.005665 0.3551 1 4.1800 0  437 582 582 585 813 1001 1118 898  1 1 0 0 0 0 0 20 0
2.806 2 1 4 0 0.5292 0.2883 0.5554 0.2795 0.1123 0.0208 -0.232939 0.001627 0.1058 1 4.1800 0  436 679 587 752 850 1296 1125 920  1 1 0 0 0 0 0 20 0
2.816 2 1 4 0 0.5050 0.2881 0.5266 0.2702 0.1163 0.0199 -0.248643 -0.002808 -0.6778 1 4.1800 0  442 448 596 831 887 1080 1129 952  1 1 0 0 0 0 0 20 0
2.826 2 1 4 0 0.4916 0.2987 0.5408 0.2982 0.1202 0.0188 -0.264347 -0.007555 -0.2394 1 4.1800 0  441 547 605 797 903 1123 1097 991  1 1 0 0 0 0 0 20 0
2.836 2 1 4 0 0.4529 0.2914 0.4609 0.2856 0.1239 0.0178 -0.277434 -0.012370 -0.0049 1 4.1800 0  457 593 619 737 926 991 1113 825  1 1 0 0 0 0 0 20 0
2.846 2 1 4 0 0.4211 0.2916 0.4361 0.2836 0.1276 0.0167 -0.290520 -0.016774 -0.1569 1 4.1800 0  449 578 621 776 947 1293 1093 839  1 1 0 0 0 0 0 20 0
2.856 2 1 4 0 0.4267 0.3292 0.4828 0.3217 0.1313 0.0156 -0.303607 -0.019665 -0.5364 1 4.1800 0  450 504 636 818 986 1175 1075 973  1 1 0 0 0 0 0 20 0
2.866 2 1 4 0 0.3953 0.3273 0.4507 0.2957 0.1352 0.0144 -0.314076 -0.021880 -0.4387 1 4.1800 0  446 574 652 832 995 1154 963 773  1 1 0 0 0 0 0 20 0
2.876 2 1 4 0 0.3854 0.3474 0.4268 0.3217 0.1386 0.0132 -0.319310 -0.022871 -0.9727 1 4.1800 0  448 474 667 921 1027 1222 986 896  1 1 0 0 0 0 0 20 0
2.886 2 1 4 0 0.3493 0.3533 0.3976 0.3047 0.1421 0.0121 -0.324545 -0.023352 -0.7833 1 4.1800 0  446 606 692 896 1044 1341 1077 820  1 1 0 0 0 0 0 20 0
2.896 2 1 4 0 0.3171 0.3531 0.3976 0.3095 0.1456 0.0109 -0.329780 -0.023767 -0.8340 1 4.1800 0  450 719 710 895 1062 1296 956 778  1 1 0 0 0 0 0 20 2
2.906 2 1 4 0 0.2850 0.3590 0.3586 0.3298 0.1488 0.0098 -0.332397 -0.023431 -1.0141 1 4.1800 0  444 740 721 965 1061 1146 964 762  1 1 0 0 0 0 0 20 0
2.916 2 1 4 0 0.2540 0.3680 0.3270 0.3558 0.1521 0.0086 -0.329780 -0.021745 -1.1295 1 3.3346 1  445 619 745 951 1066 1139 1032 738  1 1 0 0 0 0 0 20 2
2.926 2 1 4 0 0.2546 0.4075 0.3168 0.3976 0.1553 0.0075 -0.327162 -0.018748 -1.2253 1 2.9934 1  438 584 763 1032 1075 1217 1008 704  1 1 0 0 0 0 0 20 10
2.936 2 1 4 0 0.2284 0.4013 0.2815 0.3826 0.1584 0.0065 -0.321928 -0.015679 -1.2565 1 4.1800 0  443 616 770 1042 1056 1125 975 901  1 1 0 0 0 0 0 20 16
2.946 2 1 4 0 0.2223 0.4153 0.2686 0.3976 0.1615 0.0055 -0.311458 -0.012523 -1.2770 1 2.2810 1  427 579 771 917 1025 1211 948 557  1 1 0 0 0 0 0 20 20
2.956 2 1 4 0 0.2134 0.4264 0.2369 0.4138 0.1646 0.0045 -0.300989 -0.009047 -1.5635 1 2.1805 1  425 608 781 1089 1078 1306 930 381  1 1 0 0 0 0 0 20 20
2.966 2 1 4 0 0.2027 0.4356 0.2304 0.4312 0.1677 0.0036 -0.290520 -0.006247 -1.3107 1 2.2739 1  430 575 786 1141 1081 1227 913 585  1 1 0 0 0 0 0 20 20
2.976 2 1 4 0 0.1935 0.4464 0.1919 0.4223 0.1708 0.0027 -0.274816 -0.003444 -2.0157 1 2.2626 1  435 784 799 1003 1070 1244 896 601  1 1 0 0 0 0 0 20 20
2.986 2 1 4 0 0.1975 0.4704 0.2077 0.4454 0.1737 0.0018 -0.261730 -0.000351 -1.3524 1 4.1800 0  430 548 813 779 1089 1103 897 743  1 1 0 0 0 0 0 20 18
2.996 2 1 4 0 0.1880 0.4810 0.2122 0.4507 0.1771 0.0010 -0.243409 0.002401 -2.0033 1 1.7349 1  434 779 811 960 1073 1196 765 579  1 1 0 0 0 0 0 20 20
3.006 2 1 4 0 0.1852 0.4981 0.2028 0.4828 0.1802 0.0002 -0.227705 0.004522 -1.5049 1 2.0638 1  442 676 815 1059 1167 1135 891 497  1 1 0 0 0 0 0 20 20
3.016 2 1 4 0 0.1726 0.5055 0.1801 0.4945 0.1834 -0.0005 -0.206766 0.005837 -1.3759 1 2.2646 1  436 498 816 1183 1086 1152 896 556  1 1 0 0 0 0 0 20 20
3.026 2 1 4 0 0.1670 0.5200 0.1602 0.5006 0.1868 -0.0011 -0.188445 0.006684 -1.4999 1 2.3266 1  430 660 813 1159 1091 1155 904 608  1 1 0 0 0 0 0 20 20
3.036 2 1 4 0 0.1621 0.5350 0.1570 0.5132 0.1902 -0.0017 -0.164890 0.007160 -1.5540 1 4.1800 0  427 691 797 1023 1095 1094 873 723  1 1 0 0 0 0 0 20 19
3.046 2 1 4 0 0.1539 0.5469 0.1623 0.5335 0.1936 -0.0023 -0.141334 0.006811 -1.7981 1 2.4039 1  416 724 805 989 1125 1230 1028 564  1 1 0 0 0 0 0 20 20
3.056 2 1 4 0 0.1551 0.5623 0.1290 0.5554 0.1972 -0.0027 -0.115161 0.005765 -1.7535 1 3.6241 1  412 723 769 1079 1083 1102 994 727  1 1 0 0 0 0 0 20 20
3.066 2 1 4 0 0.1788 0.5830 0.1635 0.5793 0.2008 -0.0031 -0.088988 0.004253 -1.2998 1 4.1800 0  409 602 758 1139 1106 1297 1021 800  1 1 0 0 0 0 0 20 18
3.076 2 1 4 0 0.1860 0.5862 0.1777 0.5878 0.2045 -0.0034 -0.062815 0.002669 -1.2498 1 4.1800 0  396 577 740 909 1073 1049 862 761  1 1 0 0 0 0 0 20 16
3.086 2 1 4 0 0.1955 0.5828 0.1647 0.5793 0.2081 -0.0036 -0.036642 -0.000894 -1.1383 1 2.3774 1  396 665 715 1016 1062 1069 994 548  1 1 0 0 0 0 0 20 16
3.096 2 1 4 0 0.1922 0.5674 0.1582 0.5964 0.2120 -0.0037 -0.013086 -0.005919 -1.0903 1 4.1800 0  377 536 692 959 1051 1140 886 794  1 1 0 0 0 0 0 20 10
3.106 2 1 4 0 0.2142 0.5694 0.2028 0.5712 0.2158 -0.0037 0.015704 -0.011305 -0.8479 1 4.1800 0  365 419 652 790 1023 983 1011 855  1 1 0 0 0 0 0 20 12
3.116 2 1 4 0 0.2051 0.5403 0.1801 0.5712 0.2197 -0.0036 0.039259 -0.018096 -0.8207 1 3.8951 1  372 568 632 879 1014 1223 1000 730  1 1 0 0 0 0 0 20 14
3.126 2 1 4 0 0.1999 0.5212 0.2101 0.5631 0.2233 -0.0034 0.065432 -0.025015 -0.2864 1 3.4488 1  354 599 589 733 956 1272 1004 708  1 1 0 0 0 0 0 20 20
3.136 2 1 4 0 0.2006 0.5019 0.2069 0.5554 0.2272 -0.0031 0.088988 -0.031737 -0.1250 1 4.1800 0  359 574 558 672 941 1171 922 725  1 1 0 0 0 0 0 20 16
3.146 2 1 4 0 0.2079 0.4930 0.1769 0.5631 0.2308 -0.0027 0.109926 -0.037494 -0.2537 1 4.1800 0  347 475 535 724 908 1101 986 833  1 1 0 0 0 0 0 20 8
3.156 2 1 4 0 0.1998 0.4690 0.1704 0.5408 0.2344 -0.0023 0.136099 -0.043359 -0.0748 1 4.1800 0  341 438 510 658 885 1160 976 856  1 1 0 0 0 0 0 20 0
3.166 2 1 4 0 0.1995 0.4486 0.1895 0.5006 0.2379 -0.0018 0.154421 -0.048427 -0.5758 1 4.1800 0  336 408 484 773 854 909 990 739  1 1 0 0 0 0 0 20 0
3.176 2 1 4 0 0.2104 0.4435 0.1903 0.4945 0.2415 -0.0012 0.175359 -0.052379 -0.7257 1 4.1800 0  334 497 470 906 828 1121 977 761  1 1 0 0 0 0 0 20 0
3.186 2 1 4 0 0.2059 0.4190 0.1911 0.4714 0.2448 -0.0005 0.193680 -0.056435 0.0179 1 4.1800 0  325 435 451 633 787 1108 952 794  1 1 0 0 0 0 0 20 0
3.196 2 1 4 0 0.1962 0.3894 0.2016 0.4556 0.2478 0.0001 0.212001 -0.059597 0.3322 1 4.1800 0  321 523 443 567 743 1137 935 846  1 1 0 0 0 0 0 20 0
3.206 2 1 4 0 0.1871 0.3662 0.1801 0.4312 0.2510 0.0008 0.227705 -0.062730 -0.0221 1 4.1800 0  320 334 435 573 714 951 924 743  1 1 0 0 0 0 0 20 0
3.216 2 1 4 0 0.1890 0.3361 0.1655 0.4057 0.2537 0.0014 0.243409 -0.063870 0.0597 1 2.7097 1  311 509 420 625 681 837 909 547  1 1 0 0 0 0 0 20 1
3.226 2 1 4 0 0.1932 0.3063 0.1959 0.3525 0.2567 0.0022 0.256495 -0.063953 0.4698 1 3.1486 1  313 398 417 502 636 835 893 601  1 1 0 0 0 0 0 20 1
3.236 2 1 4 0 0.1833 0.2645 0.1724 0.3525 0.2590 0.0028 0.266964 -0.063932 1.4447 1 4.1800 0  310 349 422 434 616 673 874 892  1 1 0 0 0 0 0 20 0
3.246 2 1 4 0 0.1857 0.2268 0.1748 0.2937 0.2616 0.0035 0.274816 -0.063099 0.9356 1 4.1800 0  309 377 412 437 586 862 859 986  1 1 0 0 0 0 0 20 0
3.256 2 1 4 0 0.1934 0.2005 0.1817 0.2686 0.2637 0.0041 0.282668 -0.060435 1.0020 1 4.1800 0  317 363 421 394 560 746 851 730  1 1 0 0 0 0 0 20 0
3.266 2 1 4 0 0.2055 0.1767 0.1777 0.2600 0.2659 0.0048 0.285286 -0.056467 0.8344 1 4.1800 0  318 226 421 350 546 660 838 732  1 1 0 0 0 0 0 20 0
3.276 2 1 4 0 0.2181 0.1572 0.2179 0.2016 0.2678 0.0053 0.290520 -0.051521 1.5353 1 4.1800 0  320 415 420 495 543 715 835 875  1 1 0 0 0 0 0 20 0
3.286 2 1 4 0 0.1997 0.1069 0.1708 0.1708 0.2696 0.0059 0.287903 -0.046849 0.7996 1 4.1800 0  319 379 425 524 533 774 835 675  1 1 0 0 0 0 0 20 0
3.296 2 1 4 0 0.2295 0.1027 0.1931 0.1554 0.2711 0.0063 0.287903 -0.041003 1.3672 1 4.1800 0  333 516 434 473 543 653 835 694  1 1 0 0 0 0 0 20 0
3.306 2 1 4 0 0.2557 0.1057 0.2110 0.1432 0.2729 0.0068 0.280051 -0.033199 0.8376 1 4.1800 0  343 229 439 459 550 694 850 761  1 1 0 0 0 0 0 20 0
3.316 2 1 4 0 0.2415 0.0715 0.2191 0.1039 0.2744 0.0073 0.274816 -0.027153 0.8967 1 4.1800 0  342 367 456 505 562 766 861 724  1 1 0 0 0 0 0 20 0
3.326 2 1 4 0 0.2530 0.0750 0.2101 0.0990 0.2758 0.0077 0.266964 -0.020419 1.2611 1 4.1800 0  347 444 466 470 563 732 873 731  1 1 0 0 0 0 0 20 0
3.336 2 1 4 0 0.2840 0.0900 0.2795 0.0836 0.2776 0.0081 0.253878 -0.012530 0.7160 1 4.1800 0  362 422 474 404 583 814 888 722  1 1 0 0 0 0 0 20 0
3.346 2 1 4 0 0.2816 0.0916 0.2414 0.0742 0.2791 0.0085 0.243409 -0.005426 0.7083 1 2.6175 1  372 588 477 455 600 861 909 538  1 1 0 0 0 0 0 20 1
3.356 2 1 4 0 0.2868 0.0848 0.2686 0.0945 0.2807 0.0089 0.232940 0.000400 1.1191 1 4.1800 0  376 448 491 544 612 856 929 856  1 1 0 0 0 0 0 20 0
3.366 2 1 4 0 0.3052 0.1032 0.2702 0.0880 0.2825 0.0093 0.219853 0.006137 0.7456 1 4.1800 0  379 627 496 663 622 1052 931 888  1 1 0 0 0 0 0 20 0
3.376 2 1 4 0 0.3164 0.1224 0.2775 0.1026 0.2845 0.0098 0.209384 0.011654 0.6772 1 4.1800 0  391 420 504 483 641 1010 1010 934  1 1 0 0 0 0 0 20 0
3.386 2 1 4 0 0.3148 0.1175 0.2775 0.0937 0.2863 0.0101 0.196297 0.015352 0.8093 1 4.1800 0  395 436 518 564 659 923 987 863  1 1 0 0 0 0 0 20 0
3.396 2 1 4 0 0.3267 0.1360 0.3026 0.0966 0.2885 0.0106 0.183211 0.018671 0.8841 1 3.5565 1  406 506 523 471 668 847 1000 701  1 1 0 0 0 0 0 20 1
3.406 2 1 4 0 0.3217 0.1263 0.3071 0.1059 0.2903 0.0109 0.170124 0.020827 1.1622 1 4.1800 0  400 566 530 547 680 878 1017 915  1 1 0 0 0 0 0 20 0
3.416 2 1 4 0 0.3323 0.1329 0.3436 0.1176 0.2925 0.0112 0.157038 0.021791 0.7421 1 4.1800 0  404 660 534 511 683 935 1019 769  1 1 0 0 0 0 0 20 0
3.426 2 1 4 0 0.3558 0.1613 0.3497 0.1440 0.2947 0.0116 0.143951 0.024076 0.7369 1 4.1800 0  415 529 538 427 698 855 1037 969  1 1 0 0 0 0 0 20 0
3.436 2 1 4 0 0.3311 0.1366 0.3245 0.1079 0.2969 0.0119 0.130865 0.024322 0.3188 1 4.1800 0  412 322 538 525 702 992 1083 924  1 1 0 0 0 0 0 20 0
3.446 2 1 4 0 0.3566 0.1621 0.3298 0.1667 0.2993 0.0122 0.120396 0.024691 0.3956 1 4.1800 0  415 379 553 620 716 952 1029 963  1 1 0 0 0 0 0 20 0
3.456 2 1 4 0 0.3398 0.1532 0.2836 0.1533 0.3017 0.0125 0.104692 0.024654 0.7084 1 4.1800 0  414 606 553 493 699 945 1057 810  1 1 0 0 0 0 0 20 0
3.466 2 1 4 0 0.3410 0.1564 0.3144 0.1152 0.3039 0.0127 0.091605 0.023453 -0.4651 1 4.1800 0  424 542 562 835 725 1006 1064 1006  1 1 0 0 0 0 0 20 0
3.476 2 1 4 0 0.3602 0.1816 0.3217 0.1809 0.3066 0.0129 0.083753 0.023488 0.2775 1 4.1800 0  436 542 563 309 725 910 1075 802  1 1 0 0 0 0 0 20 0
3.486 2 1 4 0 0.3403 0.1658 0.3586 0.1270 0.3090 0.0131 0.068050 0.021431 0.1889 1 4.1800 0  437 359 559 605 744 896 1134 930  1 1 0 0 0 0 0 20 0
3.496 2 1 4 0 0.3543 0.1877 0.3619 0.1761 0.3114 0.0132 0.057580 0.020441 0.5554 1 4.1800 0  441 626 559 644 757 1139 1075 899  1 1 0 0 0 0 0 20 0
3.506 2 1 4 0 0.3356 0.1810 0.3351 0.1578 0.3138 0.0134 0.047111 0.018910 0.2745 1 4.1800 0  441 424 557 552 775 913 1078 942  1 1 0 0 0 0 0 20 0
3.516 2 1 4 0 0.3483 0.1938 0.3720 0.1996 0.3167 0.0135 0.036642 0.017205 0.6754 1 4.1800 0  437 597 556 712 778 977 1077 1033  1 1 0 0 0 0 0 20 0
3.526 2 1 4 0 0.3379 0.2014 0.3497 0.1724 0.3191 0.0136 0.026173 0.016132 -0.5587 1 4.1800 0  424 624 549 874 789 1155 1084 1096  1 1 0 0 0 0 0 20 0
3.536 2 1 4 0 0.3318 0.2052 0.3651 0.1817 0.3220 0.0136 0.015704 0.014197 0.5009 1 4.1800 0  423 585 545 744 784 1018 1074 859  1 1 0 0 0 0 0 20 0
3.546 2 1 4 0 0.3269 0.2088 0.3497 0.1834 0.3244 0.0137 0.005235 0.012774 -0.0799 1 4.1800 0  416 334 534 637 790 875 1106 859  1 1 0 0 0 0 0 20 0
3.556 2 1 4 0 0.3107 0.1932 0.3379 0.1939 0.3270 0.0137 -0.002617 0.010339 -0.4357 1 3.1002 1  404 506 542 811 805 1040 1071 712  1 1 0 0 0 0 0 20 1
3.566 2 1 4 0 0.3062 0.1937 0.3379 0.1834 0.3295 0.0136 -0.013086 0.008518 0.4561 1 4.1800 0  415 528 529 618 789 984 1075 793  1 1 0 0 0 0 0 20 0
3.576 2 1 4 0 0.3110 0.1983 0.3298 0.1724 0.3321 0.0136 -0.020938 0.007589 0.3629 1 4.1800 0  413 599 527 677 799 1024 1071 950  1 1 0 0 0 0 0 20 0
3.586 2 1 4 0 0.3016 0.2008 0.3193 0.1667 0.3343 0.0135 -0.028790 0.007199 0.1422 1 4.1800 0  406 448 516 687 791 1074 1066 992  1 1 0 0 0 0 0 20 0
3.596 2 1 4 0 0.3013 0.2086 0.3298 0.1976 0.3370 0.0135 -0.036642 0.006756 0.3110 1 4.1800 0  413 501 516 577 807 1131 1076 971  1 1 0 0 0 0 0 20 0
3.606 2 1 4 0 0.2776 0.1889 0.3002 0.1753 0.3392 0.0134 -0.044494 0.005903 0.2717 1 4.1800 0  399 482 515 565 811 1044 1081 959  1 1 0 0 0 0 0 20 0
3.616 2 1 4 0 0.2701 0.1894 0.2548 0.1785 0.3416 0.0133 -0.049729 0.005120 0.2478 1 4.1800 0  409 485 515 582 819 1071 1083 842  1 1 0 0 0 0 0 20 0
3.626 2 1 4 0 0.2670 0.1823 0.2917 0.1793 0.3441 0.0131 -0.054963 0.004938 0.2814 1 4.1800 0  409 544 510 586 825 1207 1083 1003  1 1 0 0 0 0 0 20 0
3.636 2 1 4 0 0.2668 0.1994 0.2759 0.1959 0.3461 0.0130 -0.060198 0.005333 0.1182 1 4.1800 0  395 379 518 500 836 927 1080 1028  1 1 0 0 0 0 0 20 0
3.646 2 1 4 0 0.2561 0.2007 0.2471 0.1708 0.3485 0.0129 -0.065432 0.006073 0.0359 1 4.1800 0  402 641 518 724 847 1160 1081 896  1 1 0 0 0 0 0 20 0
3.656 2 1 4 0 0.2596 0.2062 0.2759 0.2028 0.3509 0.0127 -0.070667 0.007036 0.1124 1 4.1800 0  398 534 521 662 856 1133 1085 927  1 1 0 0 0 0 0 20 0
3.666 2 1 4 0 0.2433 0.1976 0.2665 0.1777 0.3530 0.0125 -0.075902 0.007417 0.1295 1 4.1800 0  399 497 525 619 867 1136 1091 842  1 1 0 0 0 0 0 20 0
3.676 2 1 4 0 0.2358 0.2037 0.2536 0.2049 0.3552 0.0124 -0.078519 0.008070 -0.3189 1 4.1800 0  399 519 524 786 869 1216 1096 881  1 1 0 0 0 0 0 20 0
3.686 2 1 4 0 0.2316 0.1994 0.2345 0.1850 0.3572 0.0122 -0.083753 0.009040 0.0302 1 4.1800 0  397 543 527 683 877 1215 1098 866  1 1 0 0 0 0 0 20 0
3.696 2 1 4 0 0.2164 0.1962 0.2345 0.1996 0.3592 0.0120 -0.083753 0.009759 -0.4236 1 4.1800 0  400 556 526 807 886 1346 1093 849  1 1 0 0 0 0 0 20 0
3.706 2 1 4 0 0.2139 0.1978 0.2037 0.1874 0.3614 0.0119 -0.086371 0.010991 0.0110 1 4.1800 0  398 429 530 598 891 1172 1100 938  1 1 0 0 0 0 0 20 0
3.716 2 1 4 0 0.2107 0.1966 0.2179 0.1850 0.3635 0.0117 -0.086371 0.012920 -0.0972 1 2.9703 1  404 526 532 728 905 1148 1105 698  1 1 0 0 0 0 0 20 1
3.726 2 1 4 0 0.1985 0.1931 0.2037 0.2008 0.3653 0.0115 -0.088988 0.014605 -0.0857 1 4.1800 0  407 671 539 725 908 1434 1103 991  1 1 0 0 0 0 0 20 0
3.736 2 1 4 0 0.1973 0.1959 0.2077 0.1988 0.3673 0.0113 -0.088988 0.016643 -0.2074 1 4.1800 0  411 489 540 746 914 1143 1114 855  1 1 0 0 0 0 0 20 0
3.746 2 1 4 0 0.2044 0.2027 0.1895 0.1919 0.3693 0.0112 -0.088988 0.019182 -0.2350 1 4.1800 0  409 417 538 703 921 1095 1098 857  1 1 0 0 0 0 0 20 0
3.756 2 1 4 0 0.1950 0.2150 0.2110 0.1931 0.3711 0.0110 -0.091605 0.022506 -0.4486 1 4.1800 0  415 513 553 818 917 1077 1121 876  1 1 0 0 0 0 0 20 1
3.766 2 1 4 0 0.1732 0.2012 0.1570 0.1850 0.3730 0.0108 -0.088988 0.024386 -0.3633 1 4.1800 0  413 419 550 743 928 1105 1126 1032  1 1 0 0 0 0 0 20 0
3.776 2 1 4 0 0.1916 0.2056 0.2016 0.1959 0.3748 0.0107 -0.086371 0.027121 -0.1657 1 4.1800 0  417 570 558 745 953 1133 1141 835  1 1 0 0 0 0 0 20 0
3.786 2 1 4 0 0.1983 0.2263 0.1826 0.2122 0.3768 0.0105 -0.086371 0.030504 -0.2100 1 3.9804 1  419 477 573 726 956 1210 1139 759  1 1 0 0 0 0 0 20 1
3.796 2 1 4 0 0.1687 0.2070 0.1724 0.1911 0.3786 0.0103 -0.083753 0.032831 -0.5884 1 3.5158 1  417 470 574 829 971 1268 1156 736  1 1 0 0 0 0 0 20 2
3.806 2 1 4 0 0.1872 0.2224 0.1688 0.2089 0.3804 0.0102 -0.081136 0.035085 -0.1727 1 4.1800 0  433 409 585 651 975 1121 1156 954  1 1 0 0 0 0 0 20 0
3.816 2 1 4 0 0.1940 0.2231 0.1696 0.2179 0.3825 0.0100 -0.081136 0.037313 0.0087 1 4.1800 0  434 461 595 558 965 1182 1154 827  1 1 0 0 0 0 0 20 0
3.826 2 1 4 0 0.1879 0.2369 0.2077 0.2069 0.3843 0.0099 -0.078519 0.039918 -0.2307 1 4.1800 0  443 615 604 785 977 1200 1160 887  1 1 0 0 0 0 0 20 0
3.836 2 1 4 0 0.1906 0.2393 0.1436 0.2316 0.3863 0.0097 -0.073284 0.042015 -0.2883 1 4.1800 0  445 586 609 801 998 1279 1170 799  1 1 0 0 0 0 0 20 0
3.846 2 1 4 0 0.1840 0.2363 0.1740 0.2134 0.3883 0.0096 -0.073284 0.043833 -0.2982 1 4.1800 0  448 691 612 806 1001 1326 1167 989  1 1 0 0 0 0 0 20 0
3.856 2 1 4 0 0.1825 0.2428 0.1343 0.2442 0.3904 0.0094 -0.068050 0.045033 -0.2354 1 4.1800 0  454 556 612 778 1006 1304 1176 974  1 1 0 0 0 0 0 20 0
3.866 2 1 4 0 0.1902 0.2521 0.1874 0.2227 0.3922 0.0093 -0.065432 0.046420 -0.2042 1 4.1800 0  462 578 622 780 1010 1266 1175 923  1 1 0 0 0 0 0 20 0
3.876 2 1 4 0 0.2008 0.2668 0.1874 0.2276 0.3944 0.0092 -0.062815 0.048407 -0.0680 1 4.1800 0  461 541 623 674 1008 1231 1187 866  1 1 0 0 0 0 0 20 0
3.886 2 1 4 0 0.2003 0.2757 0.1777 0.2426 0.3964 0.0090 -0.057580 0.049837 -0.3010 1 4.1800 0  472 594 634 823 1017 1211 1198 957  1 1 0 0 0 0 0 20 0
3.896 2 1 4 0 0.1977 0.2732 0.1578 0.2633 0.3989 0.0089 -0.052346 0.050121 -0.1368 1 4.1800 0  468 635 638 766 995 1274 1200 832  1 1 0 0 0 0 0 20 0
3.906 2 1 4 0 0.1917 0.2792 0.1939 0.2722 0.4009 0.0088 -0.047111 0.050137 -0.4139 1 4.1800 0  466 743 638 847 1017 1484 1213 1057  1 1 0 0 0 0 0 20 0
3.916 2 1 4 0 0.2118 0.2953 0.2089 0.2649 0.4033 0.0087 -0.041877 0.051069 -0.2335 1 4.1800 0  474 694 637 808 998 1241 1212 846  1 1 0 0 0 0 0 20 0
3.926 2 1 4 0 0.2151 0.3026 0.1809 0.2957 0.4055 0.0086 -0.034025 0.051532 -0.5505 1 4.1800 0  479 501 641 817 1027 1298 1216 910  1 1 0 0 0 0 0 20 0
3.936 2 1 4 0 0.2205 0.3039 0.1809 0.3002 0.4080 0.0085 -0.028790 0.051097 -0.1783 1 4.1800 0  476 670 637 783 1018 1157 1190 878  1 1 0 0 0 0 0 20 0
3.946 2 1 4 0 0.2054 0.3048 0.1968 0.2957 0.4104 0.0085 -0.023556 0.049926 -0.4698 1 4.1800 0  478 658 641 868 1004 1192 1202 1048  1 1 0 0 0 0 0 20 0
3.956 2 1 4 0 0.2127 0.3121 0.2264 0.2795 0.4128 0.0084 -0.018321 0.049618 -0.3526 1 4.1800 0  480 746 643 844 1017 1293 1205 905  1 1 0 0 0 0 0 20 0
3.966 2 1 4 0 0.2201 0.3195 0.2154 0.2957 0.4153 0.0084 -0.013086 0.049430 -0.1743 1 4.1800 0  520 637 653 804 1038 1303 1239 943  1 1 0 0 0 0 0 20 0
3.976 2 1 4 0 0.2141 0.3216 0.1635 0.3120 0.4179 0.0084 -0.005235 0.047870 -0.6486 1 4.1800 0  487 563 639 893 1006 1240 1206 901  1 1 0 0 0 0 0 20 0
3.986 2 1 4 0 0.2188 0.3222 0.2203 0.3217 0.4205 0.0083 0.002617 0.046071 -0.5092 1 4.1800 0  485 655 632 886 991 1224 1236 919  1 1 0 0 0 0 0 20 0
3.996 2 1 4 0 0.2394 0.3388 0.2049 0.3217 0.4230 0.0084 0.007852 0.045218 -0.2924 1 4.1800 0  484 521 637 780 977 1226 1207 862  1 1 0 0 0 0 0 20 0
4.006 2 2 0 0 0.2574 0.3528 0.2154 0.3298 0.4258 0.0084 0.018321 0.043567 0.0381 1 4.1800 0  483 506 630 564 976 1152 1208 998  1 1 0 0 0 0 0 20 0
4.016 2 2 0 0 0.2791 0.3625 0.2357 0.3525 0.4287 0.0085 0.023556 0.041292 0.0365 1 4.1800 0  485 697 624 724 953 1192 1189 871  1 1 0 0 0 0 0 20 0
4.026 2 2 0 0 0.2701 0.3435 0.2536 0.3558 0.4313 0.0085 0.031408 0.037139 0.1250 1 4.1669 1  480 599 620 662 932 1195 1187 783  1 1 0 0 0 0 0 20 1
4.036 2 2 0 0 0.2736 0.3451 0.2536 0.3379 0.4345 0.0086 0.036642 0.034046 -0.4660 1 4.1800 0  470 608 611 865 918 1131 1175 932  1 1 0 0 0 0 0 20 0
4.046 2 2 0 0 0.2811 0.3365 0.2775 0.3651 0.4376 0.0088 0.044494 0.029249 0.1186 1 4.1800 0  470 591 599 729 894 1146 1146 1007  1 1 0 0 0 0 0 20 0
4.056 2 2 0 0 0.2796 0.3191 0.3144 0.3558 0.4406 0.0089 0.047111 0.023658 0.1795 1 4.1800 0  458 576 589 721 867 1143 1139 978  1 1 0 0 0 0 0 20 0
4.066 2 2 0 0 0.2938 0.3073 0.2836 0.3323 0.4439 0.0091 0.052346 0.018826 0.2447 1 4.1800 0  450 599 576 605 862 1246 1126 953  1 1 0 0 0 0 0 20 0
4.076 2 2 0 0 0.2788 0.2982 0.2398 0.3245 0.4469 0.0092 0.054963 0.012698 0.0793 1 4.1800 0  448 492 563 704 835 1021 1101 1009  1 1 0 0 0 0 0 20 0
4.086 2 2 0 0 0.2766 0.2780 0.2795 0.3071 0.4495 0.0094 0.057580 0.006301 0.1884 1 4.1800 0  422 486 547 627 830 1144 1096 864  1 1 0 0 0 0 0 20 0
4.096 2 2 0 0 0.2815 0.2515 0.2937 0.2937 0.4526 0.0095 0.060198 0.001011 0.3468 1 4.1800 0  418 565 544 600 809 1125 1080 883  1 1 0 0 0 0 0 20 0
4.106 2 2 0 0 0.2782 0.2374 0.2329 0.2876 0.4554 0.0097 0.060198 -0.003457 1.3025 1 4.1800 0  415 538 533 584 797 826 1069 864  1 1 0 0 0 0 0 20 0
4.116 2 2 0 0 0.2923 0.2475 0.3120 0.2759 0.4582 0.0099 0.060198 -0.005832 0.3897 1 4.1800 0  416 521 534 764 794 1123 1070 790  1 1 0 0 0 0 0 20 0
4.126 2 2 0 0 0.2785 0.2256 0.2856 0.2617 0.4609 0.0100 0.057580 -0.007219 0.2279 1 4.1800 0  397 654 536 727 801 1127 1051 925  1 1 0 0 0 0 0 20 0
4.136 2 2 0 0 0.2691 0.2162 0.2548 0.2536 0.4633 0.0102 0.057580 -0.009497 0.3047 1 3.1065 1  403 518 541 577 813 942 1053 713  1 1 0 0 0 0 0 20 1
4.146 2 2 0 0 0.2844 0.2236 0.2957 0.2345 0.4659 0.0103 0.054963 -0.009542 0.2827 1 4.1800 0  411 596 554 683 812 1173 1047 835  1 1 0 0 0 0 0 20 0
4.156 2 2 0 0 0.2822 0.2153 0.2633 0.2345 0.4686 0.0105 0.052346 -0.009041 0.2957 1 4.1800 0  406 515 562 598 816 939 1053 978  1 1 0 0 0 0 0 20 0
4.166 2 2 0 0 0.2616 0.1988 0.2166 0.2166 0.4708 0.0106 0.049729 -0.009643 0.1989 1 4.1800 0  413 509 574 723 813 1070 1048 866  1 1 0 0 0 0 0 20 0
4.176 2 2 0 0 0.2768 0.2088 0.2917 0.2049 0.4732 0.0107 0.044494 -0.009483 0.3632 1 4.1800 0  430 543 586 594 813 822 1050 1037  1 1 0 0 0 0 0 20 0
4.186 2 2 0 0 0.2916 0.2196 0.2937 0.2203 0.4757 0.0108 0.044494 -0.008188 0.4258 1 4.1800 0  437 653 581 630 808 1002 1061 786  1 1 0 0 0 0 0 20 0
4.196 2 2 0 0 0.2798 0.1998 0.2385 0.2146 0.4781 0.0109 0.039259 -0.007178 0.4028 1 4.1800 0  440 631 583 596 804 1198 1069 862  1 1 0 0 0 0 0 20 0
4.206 2 2 0 0 0.2978 0.2104 0.2982 0.2008 0.4805 0.0110 0.034025 -0.005872 0.4370 1 4.1800 0  446 572 582 650 811 1037 1123 844  1 1 0 0 0 0 0 20 0
4.216 2 2 0 0 0.2802 0.1888 0.2617 0.1988 0.4828 0.0111 0.031408 -0.005397 0.3864 1 4.1800 0  451 655 580 686 821 1219 1068 937  1 1 0 0 0 0 0 20 0
4.226 2 2 0 0 0.2709 0.1835 0.2600 0.1988 0.4850 0.0111 0.028790 -0.005891 0.4230 1 4.1800 0  447 587 579 653 809 1129 1076 894  1 1 0 0 0 0 0 20 0
4.236 2 2 0 0 0.2923 0.2093 0.3047 0.1976 0.4874 0.0112 0.018321 -0.004984 0.3292 1 3.8920 1  442 575 571 633 830 1081 1067 769  1 1 0 0 0 0 0 20 1
4.246 2 2 0 0 0.2826 0.2116 0.2686 0.2069 0.4896 0.0112 0.015704 -0.004679 0.2869 1 4.1800 0  439 578 567 590 839 1030 1081 918  1 1 0 0 0 0 0 20 0
4.256 2 2 0 0 0.2618 0.1968 0.2503 0.1858 0.4919 0.0113 0.013086 -0.005469 0.2393 1 4.1800 0  439 493 566 554 834 1057 1080 781  1 1 0 0 0 0 0 20 0
4.266 2 2 0 0 0.2725 0.2116 0.2617 0.2146 0.4943 0.0113 0.007852 -0.005586 -0.0954 1 4.1800 0  425 416 554 684 841 1179 1087 977  1 1 0 0 0 0 0 20 0
4.276 2 2 0 0 0.2741 0.2152 0.2600 0.2166 0.4967 0.0113 0.002617 -0.005216 0.2550 1 4.1800 0  424 546 559 600 845 998 1087 974  1 1 0 0 0 0 0 20 0
4.286 2 2 0 0 0.2588 0.2034 0.2738 0.1931 0.4990 0.0113 -0.000000 -0.006307 0.2580 1 3.3994 1  422 539 552 622 838 1043 1082 742  1 1 0 0 0 0 0 20 1
4.296 2 2 0 0 0.2655 0.2241 0.2795 0.2191 0.5014 0.0113 -0.005235 -0.006582 0.0539 1 4.1800 0  426 363 546 543 839 804 1086 893  1 1 0 0 0 0 0 20 0
4.306 2 2 0 0 0.2528 0.2148 0.2288 0.2122 0.5038 0.0113 -0.005235 -0.006812 0.2626 1 4.1800 0  419 525 545 584 839 1142 1086 863  1 1 0 0 0 0 0 20 0
