%% logfile from robot Susanne (58)
% Susanne (58)
%  1    time 0.004 sec
%  2  3  4  5   (mission 0), state 2, entered (thread 2, line 0), events 0x1 (bit-flags)
%  6  7 Motor velocity ref left, right: 0.0100 0.0100
%  8  9 Motor voltage [V] left, right: 0.2 0.2
% 10 11 12 13 Pose x,y,h,tilt [m,m,rad,rad]: 0 0 0 0.459563
% 14 .. 34 Line sensor: left 0.029046 1, right 4.180000 0, values 1170 1332 1443 1750 2240 2371 2045 1864, white 1, used 1, LEDhigh=0, xb=0 xw=0 xbc=0 xwc=0 lvl=20 lvr=0
% 35    Battery voltage [V]: 11.42
0.009 2 2 0 0 0.0200 0.0180 0.4 0.4 0.0000 0.0000 0.000000 0.459593 0.0330 1 4.1800 0  1169 1337 1452 1743 2244 2369 2057 1870  1 1 0 0 0 0 0 20 0 11.42 
0.014 2 2 0 0 0.0300 0.0280 0.6 0.5 0.0000 0.0000 0.000000 0.459617 0.0344 1 4.1800 0  1168 1326 1443 1745 2232 2374 2045 1866  1 1 0 0 0 0 0 20 0 11.42 
0.019 2 2 0 0 0.0400 0.0360 0.8 0.7 0.0000 0.0000 0.000000 0.459633 0.0516 1 4.1800 0  1168 1345 1449 1747 2219 2370 2049 1883  1 1 0 0 0 0 0 20 0 11.42 
0.024 2 2 0 0 0.0500 0.0440 1.0 0.9 0.0000 0.0000 0.000000 0.459670 0.0505 1 4.1800 0  1164 1340 1447 1744 2218 2372 2050 1851  1 1 0 0 0 0 0 20 0 11.42 
0.029 2 2 0 0 0.0580 0.0580 1.1 1.1 0.0000 0.0000 0.000000 0.459647 0.0332 1 4.1800 0  1164 1331 1442 1737 2243 2370 2042 1884  1 1 0 0 0 0 0 20 0 11.42 
0.034 2 2 0 0 0.0680 0.0640 1.3 1.2 0.0000 0.0000 0.000000 0.459390 0.0276 1 4.1800 0  1170 1322 1456 1746 2249 2377 2047 1886  1 1 0 0 0 0 0 20 0 11.42 
0.039 2 2 0 0 0.0780 0.0700 1.5 1.4 0.0002 0.0000 0.002591 0.458941 0.0412 1 4.1800 0  1171 1329 1442 1745 2214 2368 2047 1844  1 1 0 0 0 0 0 20 0 11.41 
0.044 2 2 0 0 0.0880 0.0800 1.7 1.6 0.0002 0.0000 0.002591 0.458474 0.0458 1 4.1800 0  1165 1307 1462 1743 2225 2375 2045 1874  1 1 0 0 0 0 0 20 0 11.41 
0.049 2 2 0 0 0.0980 0.0900 1.9 1.8 0.0004 0.0000 0.000000 0.458069 0.0391 1 4.1800 0  1169 1322 1459 1754 2223 2372 2047 1863  1 1 0 0 0 0 0 20 0 11.41 
0.054 2 1 1 0 0.1080 0.0960 2.1 1.5 0.0006 0.0000 0.002591 0.457540 0.0395 1 4.1800 0  1167 1320 1449 1747 2231 2376 2045 1879  1 1 0 0 0 0 0 20 0 11.41 
0.059 2 1 1 0 0.1180 0.0980 2.3 1.5 0.0006 0.0000 0.002591 0.456854 0.0417 1 4.1800 0  1169 1314 1453 1748 2230 2370 2039 1891  1 1 0 0 0 0 0 20 0 11.41 
0.064 2 1 1 0 0.1280 0.1040 2.1 1.4 0.0010 0.0000 0.002591 0.456130 0.0622 1 4.1800 0  1167 1318 1449 1748 2204 2375 2042 1865  1 1 0 0 0 0 0 20 0 11.41 
0.069 2 1 1 0 0.1380 0.1140 2.3 1.6 0.0010 0.0000 0.002591 0.455564 0.0336 1 4.1800 0  1157 1304 1436 1741 2212 2347 2047 1852  1 1 0 0 0 0 0 20 0 11.41 
0.074 2 1 1 0 0.1480 0.1160 2.5 1.6 0.0012 0.0000 0.005182 0.455373 0.0582 1 4.1800 0  1167 1301 1459 1739 2217 2353 2041 1873  1 1 0 0 0 0 0 20 0 11.41 
0.079 2 1 1 0 0.1500 0.1240 2.4 1.6 0.0016 0.0000 0.005182 0.455065 0.0234 1 4.1800 0  1164 1338 1453 1738 2254 2371 2041 1874  1 1 0 0 0 0 0 20 0 11.41 
0.084 2 1 1 0 0.1560 0.1280 2.3 1.7 0.0018 0.0000 0.002591 0.454202 0.0599 1 4.1800 0  1158 1305 1427 1734 2209 2362 2043 1909  1 1 0 0 0 0 0 20 0 11.41 
0.089 2 1 1 0 0.1580 0.1360 2.0 1.9 0.0022 0.0000 0.002591 0.453277 0.0461 1 4.1800 0  1157 1312 1444 1731 2225 2369 2041 1880  1 1 0 0 0 0 0 20 0 11.41 
0.094 2 1 1 0 0.1580 0.1460 2.0 1.9 0.0026 0.0000 0.002591 0.452634 0.0196 1 4.1800 0  1153 1326 1420 1734 2249 2343 2046 1868  1 1 0 0 0 0 0 20 0 11.41 
0.099 2 1 1 0 0.1640 0.1560 2.1 2.1 0.0028 0.0000 0.000000 0.452173 0.0268 1 4.1800 0  1160 1334 1438 1732 2240 2373 2042 1859  1 1 0 0 0 0 0 20 0 11.40 
0.104 2 1 1 0 0.1720 0.1660 2.1 2.3 0.0032 0.0000 0.000000 0.452034 -0.0021 1 4.1800 0  1143 1332 1469 1733 2249 2400 2048 1855  1 1 0 0 0 0 0 20 0 11.40 
0.109 2 1 1 0 0.1740 0.1760 1.7 2.5 0.0036 0.0000 0.000000 0.451728 0.0314 1 4.1800 0  1148 1319 1434 1726 2228 2358 2045 1858  1 1 0 0 0 0 0 20 0 11.40 
0.114 2 1 1 0 0.1740 0.1860 1.8 2.4 0.0040 0.0000 0.000000 0.450914 0.0180 1 4.1800 0  1153 1321 1420 1725 2232 2341 2042 1843  1 1 0 0 0 0 0 20 0 11.40 
0.119 2 1 1 0 0.1820 0.1920 2.2 2.1 0.0046 0.0000 0.002591 0.450349 0.0478 1 4.1800 0  1158 1313 1435 1729 2221 2357 2042 1863  1 1 0 0 0 0 0 20 0 11.41 
0.124 2 1 1 0 0.1920 0.2020 1.9 2.6 0.0052 0.0000 0.000000 0.450313 0.0316 1 4.1800 0  1159 1326 1411 1727 2226 2363 2040 1867  1 1 0 0 0 0 0 20 0 11.40 
0.129 2 1 1 0 0.1960 0.2120 1.9 2.7 0.0058 0.0000 -0.002591 0.449901 0.0072 1 4.1800 0  1143 1327 1463 1720 2244 2390 2048 1849  1 1 0 0 0 0 0 20 0 11.39 
0.134 2 1 1 0 0.2020 0.2160 2.3 2.1 0.0064 0.0000 0.000000 0.448899 0.0382 1 4.1800 0  1148 1321 1434 1728 2226 2362 2045 1875  1 1 0 0 0 0 0 20 0 11.40 
0.139 2 1 1 0 0.2100 0.2200 2.3 2.5 0.0068 0.0000 0.000000 0.448048 -0.0115 1 4.1800 0  1130 1328 1428 1732 2228 2377 2039 1839  1 1 0 0 0 0 0 20 0 11.39 
0.144 2 1 1 0 0.2140 0.2260 2.1 2.5 0.0076 0.0000 0.000000 0.447587 0.0283 1 4.1800 0  1156 1332 1421 1728 2228 2357 2040 1852  1 1 0 0 0 0 0 20 0 11.38 
0.149 2 1 1 0 0.2180 0.2320 2.1 2.5 0.0084 0.0000 0.000000 0.447256 0.0223 1 4.1800 0  1149 1324 1432 1726 2226 2351 2037 1850  1 1 0 0 0 0 0 20 0 11.39 
0.154 2 1 1 0 0.2360 0.2360 2.8 2.4 0.0088 0.0000 0.000000 0.446617 -0.0167 1 4.1800 0  1121 1320 1426 1722 2230 2374 2038 1833  1 1 0 0 0 0 0 20 0 11.39 
0.159 2 1 1 0 0.2460 0.2420 2.8 2.2 0.0096 0.0000 0.000000 0.446174 0.0218 1 4.1800 0  1122 1317 1399 1716 2208 2370 2042 1862  1 1 0 0 0 0 0 20 0 11.39 
0.164 2 1 1 0 0.2500 0.2480 2.5 2.3 0.0104 0.0000 0.000000 0.445505 0.0335 1 4.1800 0  1112 1318 1398 1708 2206 2357 2036 1866  1 1 0 0 0 0 0 20 0 11.39 
0.169 2 1 1 0 0.2500 0.2471 2.6 2.2 0.0114 0.0000 0.002591 0.444818 0.0848 1 4.1800 0  1151 1322 1403 1683 2210 2357 2034 1879  1 1 0 0 0 0 0 20 0 11.39 
0.174 2 1 1 0 0.2484 0.2500 1.9 2.4 0.0125 0.0000 0.000000 0.444479 0.0662 1 4.1800 0  1138 1324 1427 1695 2198 2322 2042 1859  1 1 0 0 0 0 0 20 0 11.39 
0.179 2 1 1 0 0.2475 0.2500 2.0 2.1 0.0133 0.0000 0.000000 0.444022 0.0977 1 4.1800 0  1174 1320 1421 1703 2199 2346 2039 1861  1 1 0 0 0 0 0 20 0 11.39 
0.184 2 1 1 0 0.2482 0.2500 2.2 1.9 0.0141 0.0000 0.000000 0.443456 0.0476 1 4.1800 0  1120 1329 1394 1695 2190 2341 2036 1853  1 1 0 0 0 0 0 20 0 11.40 
0.189 2 1 1 0 0.2460 0.2500 1.9 2.4 0.0149 0.0000 0.000000 0.443140 0.0640 1 4.1800 0  1126 1324 1401 1689 2188 2309 2039 1851  1 1 0 0 0 0 0 20 0 11.38 
0.194 2 1 1 0 0.2469 0.2500 1.8 2.0 0.0161 0.0000 0.000000 0.442859 0.0867 1 4.1800 0  1137 1317 1405 1670 2187 2348 2027 1850  1 1 0 0 0 0 0 20 0 11.40 
0.199 2 1 1 0 0.2476 0.2500 2.1 1.6 0.0169 0.0000 0.000000 0.442201 0.0875 1 4.1800 0  1153 1314 1419 1686 2196 2380 2038 1855  1 1 0 0 0 0 0 20 0 11.40 
0.204 2 1 1 0 0.2500 0.2460 2.4 1.8 0.0179 0.0000 0.002591 0.441917 0.0944 1 4.1800 0  1194 1318 1395 1711 2187 2350 2032 1851  1 1 0 0 0 0 0 20 0 11.40 
0.209 2 1 1 0 0.2480 0.2480 1.4 2.2 0.0189 0.0000 0.000000 0.442224 0.0910 1 4.1800 0  1155 1315 1399 1681 2192 2378 2028 1852  1 1 0 0 0 0 0 20 0 11.40 
0.214 2 1 1 0 0.2426 0.2500 1.2 1.7 0.0201 0.0000 0.000000 0.442084 0.1091 1 4.1800 0  1144 1305 1378 1649 2185 2361 2032 1850  1 1 0 0 0 0 0 20 0 11.40 
0.219 2 1 1 0 0.2442 0.2500 2.0 1.5 0.0209 0.0000 0.000000 0.441833 0.1017 1 4.1800 0  1162 1315 1388 1672 2188 2331 2036 1851  1 1 0 0 0 0 0 20 0 11.41 
0.224 2 1 1 0 0.2455 0.2500 1.3 2.2 0.0221 0.0000 0.000000 0.441946 0.0903 1 4.1800 0  1144 1312 1393 1682 2183 2350 2035 1852  1 1 0 0 0 0 0 20 0 11.41 
0.229 2 1 1 0 0.2439 0.2500 1.6 2.0 0.0231 0.0000 -0.002591 0.441917 0.1038 1 4.1800 0  1168 1308 1385 1700 2175 2350 2038 1850  1 1 0 0 0 0 0 20 0 11.41 
0.234 2 1 1 0 0.2499 0.2492 1.9 1.3 0.0241 0.0000 0.000000 0.441548 0.1029 1 4.1800 0  1150 1308 1387 1675 2174 2344 2043 1848  1 1 0 0 0 0 0 20 0 11.41 
0.239 2 1 1 0 0.2500 0.2494 1.6 1.7 0.0253 0.0000 0.000000 0.441583 0.1176 1 4.1800 0  1145 1312 1391 1653 2175 2338 2020 1856  1 1 0 0 0 0 0 20 0 11.40 
0.244 2 1 1 0 0.2480 0.2500 1.7 2.3 0.0263 0.0000 -0.002591 0.441677 0.1399 1 4.1800 0  1177 1305 1386 1640 2173 2342 2012 1851  1 1 0 0 0 0 0 20 0 11.41 
0.249 2 1 1 0 0.2500 0.2472 1.7 1.2 0.0273 0.0000 0.000000 0.441569 0.1251 1 4.1800 0  1168 1318 1378 1653 2173 2341 2000 1846  1 1 0 0 0 0 0 20 0 11.41 
0.254 2 1 1 0 0.2500 0.2476 1.2 1.6 0.0285 0.0000 0.000000 0.441682 0.0923 1 4.1800 0  1178 1316 1387 1702 2180 2335 2009 1844  1 1 0 0 0 0 0 20 0 11.41 
0.259 2 1 1 0 0.2440 0.2500 1.3 2.0 0.0295 0.0000 -0.002591 0.441773 0.0993 1 4.1800 0  1161 1305 1385 1678 2184 2342 2042 1843  1 1 0 0 0 0 0 20 0 11.41 
0.264 2 1 1 0 0.2340 0.2500 1.2 1.3 0.0307 0.0000 -0.002591 0.441542 0.0901 1 4.1800 0  1145 1304 1381 1665 2187 2346 2022 1847  1 1 0 0 0 0 0 20 0 11.41 
0.269 2 1 1 0 0.2320 0.2480 1.7 1.6 0.0317 0.0000 0.000000 0.441862 0.0814 1 4.1800 0  1186 1289 1378 1696 2189 2343 2033 1846  1 1 0 0 0 0 0 20 0 11.41 
0.274 2 1 1 0 0.2292 0.2500 0.8 1.9 0.0327 0.0000 -0.002591 0.442120 0.0885 1 4.1800 0  1170 1282 1382 1681 2188 2348 2030 1844  1 1 0 0 0 0 0 20 0 11.42 
0.279 2 1 1 0 0.2310 0.2500 1.4 1.4 0.0339 -0.0000 -0.002591 0.442030 0.0809 1 4.1800 0  1142 1295 1374 1681 2188 2342 2017 1851  1 1 0 0 0 0 0 20 0 11.41 
0.284 2 1 1 0 0.2304 0.2500 1.0 1.6 0.0351 -0.0000 -0.002591 0.442698 0.0836 1 4.1800 0  1155 1302 1379 1700 2182 2340 2015 1847  1 1 0 0 0 0 0 20 0 11.42 
0.289 2 1 1 0 0.2317 0.2500 0.8 1.8 0.0363 -0.0000 -0.002591 0.443258 0.0874 1 4.1800 0  1173 1279 1375 1668 2189 2337 2021 1839  1 1 0 0 0 0 0 20 0 11.42 
0.294 2 1 1 0 0.2316 0.2500 1.0 1.6 0.0374 -0.0000 -0.005182 0.443508 0.0773 1 4.1800 0  1170 1273 1382 1708 2183 2333 2050 1843  1 1 0 0 0 0 0 20 0 11.42 
0.299 2 1 1 0 0.2336 0.2500 1.4 1.5 0.0384 -0.0000 -0.002591 0.443711 0.1139 1 4.1800 0  1142 1258 1379 1663 2162 2335 2018 1854  1 1 0 0 0 0 0 20 0 11.42 
0.304 2 1 1 0 0.2356 0.2500 1.1 1.7 0.0396 -0.0000 -0.002591 0.443738 0.0964 1 4.1800 0  1149 1285 1379 1684 2184 2339 2021 1857  1 1 0 0 0 0 0 20 0 11.42 
0.309 2 1 1 0 0.2376 0.2500 1.6 1.3 0.0408 -0.0000 -0.002591 0.443428 0.0755 1 4.1800 0  1160 1263 1375 1718 2177 2341 2053 1860  1 1 0 0 0 0 0 20 0 11.42 
0.314 2 1 1 0 0.2443 0.2500 1.9 1.5 0.0416 -0.0000 -0.002591 0.443579 0.1015 1 4.1800 0  1134 1283 1376 1661 2188 2346 2020 1869  1 1 0 0 0 0 0 20 0 11.42 
0.319 2 1 1 0 0.2449 0.2500 1.1 1.6 0.0428 -0.0000 -0.002591 0.444154 0.1050 1 4.1800 0  1144 1255 1375 1669 2170 2344 2025 1859  1 1 0 0 0 0 0 20 0 11.42 
0.324 2 1 1 0 0.2448 0.2500 1.4 1.5 0.0440 -0.0000 -0.002591 0.444409 0.0870 1 4.1800 0  1147 1281 1374 1671 2182 2347 2020 1841  1 1 0 0 0 0 0 20 0 11.42 
0.329 2 1 1 0 0.2468 0.2500 1.1 1.5 0.0452 -0.0000 -0.002591 0.444393 0.0912 1 4.1800 0  1129 1275 1376 1662 2179 2345 2032 1854  1 1 0 0 0 0 0 20 0 11.42 
0.334 2 1 1 0 0.2448 0.2500 1.4 1.5 0.0462 -0.0000 -0.005182 0.444324 0.1125 1 4.1800 0  1135 1268 1372 1647 2181 2337 2050 1863  1 1 0 0 0 0 0 20 0 11.41 
0.339 2 1 1 0 0.2428 0.2500 1.4 1.8 0.0474 -0.0000 -0.005182 0.444283 0.0962 1 4.1800 0  1118 1265 1360 1659 2172 2347 2050 1861  1 1 0 0 0 0 0 20 0 11.41 
0.344 2 1 1 0 0.2448 0.2480 1.6 1.4 0.0484 -0.0000 -0.002591 0.444201 0.1048 1 4.1800 0  1112 1237 1358 1649 2164 2343 2023 1862  1 1 0 0 0 0 0 20 0 11.41 
0.349 2 1 1 0 0.2500 0.2485 2.0 1.6 0.0496 -0.0001 -0.002591 0.444505 0.0817 1 4.1800 0  1106 1249 1362 1647 2150 2341 2026 1832  1 1 0 0 0 0 0 20 0 11.42 
0.354 2 1 1 0 0.2480 0.2500 1.1 1.5 0.0506 -0.0001 -0.005182 0.445117 0.0531 1 4.1800 0  1102 1292 1353 1642 2181 2342 2027 1825  1 1 0 0 0 0 0 20 0 11.42 
0.359 2 1 1 0 0.2480 0.2500 0.5 1.6 0.0518 -0.0001 -0.005182 0.445170 0.1169 1 4.1800 0  1096 1260 1343 1633 2150 2341 2029 1873  1 1 0 0 0 0 0 20 0 11.42 
0.364 2 1 1 0 0.2380 0.2500 1.1 1.4 0.0530 -0.0001 -0.005182 0.444872 0.1090 1 4.1800 0  1089 1266 1339 1620 2152 2345 2024 1861  1 1 0 0 0 0 0 20 0 11.42 
0.369 2 1 1 0 0.2320 0.2500 1.1 1.8 0.0542 -0.0001 -0.005182 0.445072 0.1386 1 4.1800 0  1082 1227 1339 1618 2123 2338 2027 1867  1 1 0 0 0 0 0 20 0 11.42 
0.374 2 1 1 0 0.2220 0.2500 1.1 1.7 0.0550 -0.0001 -0.005182 0.445453 0.0853 1 4.1800 0  1082 1258 1334 1616 2169 2343 2030 1857  1 1 0 0 0 0 0 20 0 11.42 
0.379 2 1 1 0 0.2232 0.2500 1.3 1.2 0.0562 -0.0001 -0.005182 0.445804 0.1243 1 4.1800 0  1087 1234 1335 1611 2120 2344 2039 1836  1 1 0 0 0 0 0 20 0 11.42 
0.384 2 1 1 0 0.2252 0.2480 1.4 1.3 0.0574 -0.0001 -0.005182 0.446647 0.1310 1 4.1800 0  1076 1243 1326 1605 2131 2347 2030 1888  1 1 0 0 0 0 0 20 0 11.42 
0.389 2 1 1 0 0.2232 0.2500 0.7 1.6 0.0586 -0.0001 -0.005182 0.447001 0.1170 1 4.1800 0  1076 1227 1302 1604 2128 2342 2031 1850  1 1 0 0 0 0 0 20 0 11.42 
0.394 2 1 1 0 0.2252 0.2480 1.0 1.2 0.0596 -0.0001 -0.002591 0.447059 0.1229 1 4.1800 0  1068 1246 1296 1594 2134 2343 2032 1864  1 1 0 0 0 0 0 20 0 11.42 
0.399 2 1 1 0 0.2312 0.2440 1.5 1.6 0.0608 -0.0001 -0.002591 0.447312 0.1012 1 4.1800 0  1062 1248 1317 1583 2119 2339 2020 1828  1 1 0 0 0 0 0 20 0 11.42 
0.404 2 1 1 0 0.2292 0.2468 0.8 1.8 0.0618 -0.0001 -0.005182 0.447773 0.1010 1 4.1800 0  1054 1197 1298 1574 2125 2336 2022 1836  1 1 0 0 0 0 0 20 0 11.42 
0.409 2 1 1 0 0.2232 0.2500 1.1 1.4 0.0631 -0.0001 -0.005182 0.448394 0.1028 1 4.1800 0  1051 1210 1306 1571 2111 2328 2018 1826  1 1 0 0 0 0 0 20 0 11.42 
0.414 2 1 1 0 0.2252 0.2480 1.4 1.4 0.0641 -0.0001 -0.002591 0.448489 0.1209 1 4.1800 0  1042 1203 1259 1566 2090 2317 2025 1827  1 1 0 0 0 0 0 20 0 11.42 
0.419 2 1 1 0 0.2312 0.2452 1.3 1.9 0.0653 -0.0001 -0.002591 0.448380 0.1421 1 4.1800 0  1037 1181 1292 1559 2097 2331 2019 1859  1 1 0 0 0 0 0 20 0 11.42 
0.424 2 1 1 0 0.2332 0.2492 1.3 1.2 0.0663 -0.0001 -0.005182 0.448710 0.1121 1 4.1800 0  1030 1197 1280 1555 2123 2324 2013 1858  1 1 0 0 0 0 0 20 0 11.42 
0.429 2 1 1 0 0.2472 0.2500 1.1 1.5 0.0675 -0.0001 -0.005182 0.449290 0.1116 1 4.1800 0  1024 1170 1276 1549 2104 2306 2006 1842  1 1 0 0 0 0 0 20 0 11.42 
0.434 2 1 1 0 0.2492 0.2484 1.6 1.8 0.0685 -0.0001 -0.002591 0.449653 0.0928 1 4.1800 0  1026 1172 1261 1555 2116 2313 2006 1835  1 1 0 0 0 0 0 20 0 11.41 
0.439 2 1 1 0 0.2432 0.2480 1.3 1.3 0.0697 -0.0001 -0.002591 0.449530 0.1022 1 4.1800 0  1021 1166 1283 1566 2094 2309 1998 1835  1 1 0 0 0 0 0 20 0 11.42 
0.444 2 1 1 0 0.2412 0.2500 1.3 1.6 0.0707 -0.0001 -0.005182 0.449542 0.0812 1 4.1800 0  1021 1177 1284 1569 2085 2308 2001 1803  1 1 0 0 0 0 0 20 0 11.41 
0.449 2 1 1 0 0.2352 0.2480 2.1 1.8 0.0717 -0.0001 -0.002591 0.449125 0.0878 1 4.1800 0  1015 1172 1259 1563 2102 2311 1996 1832  1 1 0 0 0 0 0 20 0 11.41 
0.454 2 1 1 0 0.2332 0.2480 1.3 1.6 0.0729 -0.0001 -0.002591 0.449210 0.0937 1 4.1800 0  1020 1163 1283 1565 2106 2325 1998 1838  1 1 0 0 0 0 0 20 0 11.41 
0.459 2 1 1 0 0.2272 0.2500 0.7 1.7 0.0739 -0.0002 -0.005182 0.449992 0.0630 1 4.1800 0  1018 1162 1285 1569 2115 2313 1999 1819  1 1 0 0 0 0 0 20 0 11.41 
0.464 2 1 1 0 0.2214 0.2500 1.2 1.8 0.0751 -0.0002 -0.005182 0.450370 0.0735 1 4.1800 0  1016 1163 1243 1570 2109 2303 2002 1827  1 1 0 0 0 0 0 20 0 11.41 
0.469 2 1 1 0 0.2242 0.2500 1.0 1.6 0.0763 -0.0002 -0.005182 0.450238 0.0583 1 4.1800 0  1012 1158 1259 1574 2115 2333 2005 1823  1 1 0 0 0 0 0 20 0 11.41 
0.474 2 1 1 0 0.2257 0.2500 0.9 1.6 0.0771 -0.0002 -0.005182 0.450539 0.0727 1 4.1800 0  1012 1154 1254 1579 2111 2315 2000 1837  1 1 0 0 0 0 0 20 0 11.41 
0.479 2 1 1 0 0.2258 0.2500 1.4 1.6 0.0783 -0.0002 -0.005182 0.450820 0.0452 1 4.1800 0  1003 1146 1279 1574 2111 2319 2003 1815  1 1 0 0 0 0 0 20 0 11.42 
0.484 2 1 1 0 0.2292 0.2500 1.4 1.4 0.0795 -0.0002 -0.005182 0.450665 0.0204 1 4.1800 0  983 1152 1273 1578 2114 2310 2005 1814  1 1 0 0 0 0 0 20 0 11.41 
0.489 2 1 1 0 0.2279 0.2500 1.2 1.7 0.0803 -0.0002 -0.005182 0.450774 0.0217 1 4.1800 0  979 1138 1229 1580 2120 2290 2002 1825  1 1 0 0 0 0 0 20 0 11.41 
0.494 2 1 1 0 0.2279 0.2500 1.1 1.7 0.0815 -0.0002 -0.005182 0.450962 0.0320 1 4.1800 0  992 1140 1285 1583 2121 2325 2011 1826  1 1 0 0 0 0 0 20 0 11.41 
0.499 2 1 1 0 0.2248 0.2500 0.9 1.6 0.0827 -0.0002 -0.005182 0.451309 0.0299 1 4.1800 0  988 1136 1267 1583 2124 2315 2010 1830  1 1 0 0 0 0 0 20 0 11.41 
0.504 2 1 1 0 0.2275 0.2480 1.0 1.6 0.0837 -0.0002 -0.002591 0.451239 0.0315 1 4.1800 0  989 1138 1261 1595 2123 2297 2020 1838  1 1 0 0 0 0 0 20 0 11.41 
0.509 2 1 1 0 0.2266 0.2500 1.3 1.6 0.0847 -0.0002 -0.005182 0.451259 0.0320 1 4.1800 0  985 1131 1282 1591 2121 2335 2016 1838  1 1 0 0 0 0 0 20 0 11.41 
0.514 2 1 1 0 0.2269 0.2500 1.1 1.8 0.0859 -0.0002 -0.005182 0.451295 0.0305 1 4.1800 0  980 1137 1275 1590 2114 2324 2015 1835  1 1 0 0 0 0 0 20 0 11.41 
0.519 2 1 1 0 0.2291 0.2480 1.3 1.6 0.0870 -0.0002 -0.002591 0.451018 0.0187 1 4.1800 0  973 1142 1270 1600 2110 2303 2014 1834  1 1 0 0 0 0 0 20 0 11.41 
0.524 2 1 1 0 0.2271 0.2500 1.8 1.5 0.0880 -0.0002 -0.005182 0.450989 0.0135 1 4.1800 0  966 1142 1283 1591 2115 2321 2006 1833  1 1 0 0 0 0 0 20 0 11.41 
0.529 2 1 1 0 0.2331 0.2440 1.2 1.2 0.0890 -0.0002 -0.002591 0.451508 0.0363 1 4.1800 0  986 1131 1282 1581 2109 2295 1993 1825  1 1 0 0 0 0 0 20 0 11.41 
0.534 2 1 1 0 0.2451 0.2455 1.1 1.6 0.0902 -0.0002 -0.002591 0.451939 0.0413 1 4.1800 0  991 1145 1288 1580 2107 2331 2001 1823  1 1 0 0 0 0 0 20 0 11.40 
0.539 2 1 1 0 0.2431 0.2482 2.0 1.6 0.0912 -0.0002 -0.005182 0.451768 0.0446 1 4.1800 0  997 1163 1313 1573 2102 2315 1995 1812  1 1 0 0 0 0 0 20 0 11.40 
0.544 2 1 1 0 0.2451 0.2497 1.1 1.5 0.0924 -0.0002 -0.005182 0.451498 0.0194 1 4.1800 0  987 1156 1289 1598 2115 2305 2014 1824  1 1 0 0 0 0 0 20 0 11.41 
0.549 2 1 1 0 0.2391 0.2500 1.3 1.7 0.0936 -0.0002 -0.005182 0.451262 0.0029 1 4.1800 0  962 1159 1317 1587 2120 2336 2022 1826  1 1 0 0 0 0 0 20 0 11.41 
0.554 2 1 1 0 0.2331 0.2480 1.6 1.3 0.0946 -0.0002 -0.002591 0.450936 0.0104 1 4.1800 0  971 1166 1304 1591 2120 2316 2009 1829  1 1 0 0 0 0 0 20 0 11.40 
0.559 2 1 1 0 0.2351 0.2464 1.3 1.4 0.0958 -0.0003 -0.002591 0.450964 0.0577 1 4.1800 0  1037 1175 1323 1609 2127 2319 1995 1831  1 1 0 0 0 0 0 20 0 11.40 
0.564 2 1 1 0 0.2464 0.2500 0.9 1.7 0.0968 -0.0003 -0.005182 0.451489 0.0278 1 4.1800 0  1000 1173 1311 1601 2124 2320 2020 1829  1 1 0 0 0 0 0 20 0 11.41 
0.569 2 1 1 0 0.2364 0.2500 1.0 1.7 0.0980 -0.0003 -0.005182 0.451695 0.0809 1 4.1800 0  1036 1171 1302 1580 2122 2328 2023 1833  1 1 0 0 0 0 0 20 0 11.40 
0.574 2 1 1 0 0.2304 0.2500 1.3 1.4 0.0992 -0.0003 -0.005182 0.451797 0.0516 1 4.1800 0  1019 1188 1309 1597 2129 2334 2027 1836  1 1 0 0 0 0 0 20 0 11.41 
0.579 2 1 1 0 0.2204 0.2500 0.8 1.7 0.1002 -0.0003 -0.007773 0.451836 0.0811 1 4.1800 0  1047 1179 1309 1598 2125 2342 2027 1836  1 1 0 0 0 0 0 20 0 11.41 
0.584 2 1 1 0 0.2226 0.2500 1.1 1.5 0.1012 -0.0003 -0.005182 0.451703 0.1067 1 4.1800 0  1074 1184 1317 1629 2127 2339 2057 1834  1 1 0 0 0 0 0 20 0 11.41 
0.589 2 1 1 0 0.2230 0.2500 1.2 1.3 0.1024 -0.0003 -0.005182 0.452036 0.0568 1 4.1800 0  1018 1198 1321 1601 2131 2339 2043 1834  1 1 0 0 0 0 0 20 0 11.41 
0.594 2 1 1 0 0.2226 0.2500 1.0 2.0 0.1036 -0.0003 -0.005182 0.452330 0.0693 1 4.1800 0  1067 1201 1335 1624 2143 2332 2019 1837  1 1 0 0 0 0 0 20 0 11.41 
0.599 2 1 1 0 0.2250 0.2480 1.0 1.3 0.1046 -0.0003 -0.002591 0.452170 0.0481 1 4.1800 0  1045 1202 1332 1630 2146 2334 2040 1837  1 1 0 0 0 0 0 20 0 11.41 
0.604 2 1 1 0 0.2270 0.2460 1.2 1.2 0.1058 -0.0003 -0.002591 0.452125 0.0299 1 4.1800 0  1021 1216 1336 1613 2155 2339 2032 1844  1 1 0 0 0 0 0 20 0 11.42 
0.609 2 1 1 0 0.2250 0.2480 0.7 1.8 0.1068 -0.0003 -0.005182 0.452314 0.0302 1 4.1800 0  1050 1206 1349 1646 2158 2335 2034 1842  1 1 0 0 0 0 0 20 0 11.42 
0.614 2 1 1 0 0.2185 0.2500 0.8 1.5 0.1080 -0.0003 -0.005182 0.452568 0.0357 1 4.1800 0  1057 1212 1347 1654 2148 2331 2034 1834  1 1 0 0 0 0 0 20 0 11.42 
0.619 2 1 1 0 0.2210 0.2480 1.6 1.4 0.1090 -0.0003 -0.002591 0.452790 0.0299 1 4.1800 0  1053 1224 1346 1643 2157 2324 2009 1836  1 1 0 0 0 0 0 20 0 11.41 
0.624 2 1 1 0 0.2186 0.2500 0.9 1.6 0.1100 -0.0003 -0.005182 0.452846 0.0187 1 4.1800 0  1036 1220 1348 1637 2157 2328 2013 1837  1 1 0 0 0 0 0 20 0 11.42 
0.629 2 1 1 0 0.2229 0.2473 1.3 1.5 0.1112 -0.0003 -0.005182 0.452571 0.0162 1 4.1800 0  1036 1216 1353 1645 2154 2327 2002 1838  1 1 0 0 0 0 0 20 0 11.41 
0.634 2 1 1 0 0.2249 0.2473 1.0 1.6 0.1123 -0.0003 -0.002591 0.452696 0.0148 1 4.1800 0  1052 1223 1356 1669 2161 2331 2034 1844  1 1 0 0 0 0 0 20 0 11.42 
0.639 2 1 1 0 0.2309 0.2493 1.0 1.5 0.1135 -0.0003 -0.002591 0.452969 0.0386 1 4.1800 0  1037 1211 1352 1642 2150 2329 2031 1853  1 1 0 0 0 0 0 20 0 11.41 
0.644 2 1 1 0 0.2329 0.2500 1.1 1.6 0.1147 -0.0003 -0.002591 0.453069 0.0499 1 4.1800 0  1040 1229 1360 1637 2142 2326 2026 1851  1 1 0 0 0 0 0 20 0 11.42 
0.649 2 1 1 0 0.2309 0.2500 1.0 1.6 0.1157 -0.0003 -0.005182 0.453064 0.0335 1 4.1800 0  1044 1239 1366 1655 2152 2334 2023 1852  1 1 0 0 0 0 0 20 0 11.42 
0.654 2 1 1 0 0.2329 0.2500 1.5 1.5 0.1167 -0.0003 -0.002591 0.452774 0.0433 1 4.1800 0  1047 1279 1367 1655 2153 2333 2019 1859  1 1 0 0 0 0 0 20 0 11.42 
0.659 2 1 1 0 0.2349 0.2500 1.5 1.3 0.1179 -0.0003 -0.002591 0.452302 0.0361 1 4.1800 0  1061 1258 1374 1669 2156 2335 2046 1851  1 1 0 0 0 0 0 20 0 11.41 
0.664 2 1 1 0 0.2432 0.2500 1.5 1.5 0.1191 -0.0004 -0.002591 0.452089 0.0142 1 4.1800 0  1040 1279 1385 1655 2152 2333 2024 1838  1 1 0 0 0 0 0 20 0 11.42 
0.669 2 1 1 0 0.2430 0.2480 1.4 1.4 0.1201 -0.0004 0.000000 0.451864 0.0395 1 4.1800 0  1055 1268 1379 1661 2153 2337 2032 1852  1 1 0 0 0 0 0 20 0 11.41 
0.674 2 1 1 0 0.2370 0.2500 1.3 1.5 0.1211 -0.0004 -0.002591 0.452174 0.0716 1 4.1800 0  1064 1251 1377 1644 2150 2345 2038 1860  1 1 0 0 0 0 0 20 0 11.42 
0.679 2 1 1 0 0.2345 0.2500 0.9 1.5 0.1223 -0.0004 -0.002591 0.452386 0.0839 1 4.1800 0  1076 1254 1384 1654 2133 2350 2043 1851  1 1 0 0 0 0 0 20 0 11.42 
0.684 2 1 1 0 0.2336 0.2500 1.3 1.2 0.1235 -0.0004 -0.002591 0.452178 0.0867 1 4.1800 0  1073 1278 1388 1652 2122 2356 2042 1844  1 1 0 0 0 0 0 20 0 11.42 
0.689 2 1 1 0 0.2329 0.2500 1.0 1.6 0.1247 -0.0004 -0.002591 0.452158 0.0882 1 4.1800 0  1080 1252 1382 1655 2149 2353 2027 1866  1 1 0 0 0 0 0 20 0 11.42 
0.694 2 1 1 0 0.2323 0.2500 1.1 1.6 0.1255 -0.0004 -0.002591 0.451958 0.0794 1 4.1800 0  1077 1248 1381 1653 2154 2359 2031 1864  1 1 0 0 0 0 0 20 0 11.42 
0.699 2 1 1 0 0.2320 0.2500 1.8 1.6 0.1267 -0.0004 -0.002591 0.451834 0.0735 1 4.1800 0  1080 1248 1383 1655 2153 2356 2035 1856  1 1 0 0 0 0 0 20 0 11.42 
0.704 2 1 1 0 0.2340 0.2480 1.0 1.5 0.1279 -0.0004 -0.002591 0.452135 0.0726 1 4.1800 0  1078 1256 1390 1654 2149 2351 2028 1853  1 1 0 0 0 0 0 20 0 11.41 
0.709 2 1 1 0 0.2320 0.2500 0.4 1.7 0.1291 -0.0004 -0.002591 0.452533 0.0736 1 4.1800 0  1088 1279 1386 1654 2169 2352 2046 1862  1 1 0 0 0 0 0 20 0 11.42 
0.714 2 1 1 0 0.2271 0.2480 1.7 1.2 0.1301 -0.0004 0.000000 0.452423 0.0684 1 4.1800 0  1081 1263 1377 1652 2157 2352 2034 1852  1 1 0 0 0 0 0 20 0 11.42 
0.719 2 1 1 0 0.2251 0.2500 0.9 1.5 0.1311 -0.0004 -0.002591 0.452547 0.1018 1 4.1800 0  1086 1268 1380 1651 2131 2360 2045 1854  1 1 0 0 0 0 0 20 0 11.42 
0.724 2 1 1 0 0.2233 0.2500 0.9 1.6 0.1323 -0.0004 -0.002591 0.452504 0.1075 1 4.1800 0  1091 1292 1381 1650 2145 2353 2048 1870  1 1 0 0 0 0 0 20 0 11.42 
0.729 2 1 1 0 0.2228 0.2500 0.9 1.2 0.1335 -0.0004 -0.002591 0.452563 0.0551 1 4.1800 0  1091 1258 1374 1638 2178 2356 2034 1839  1 1 0 0 0 0 0 20 0 11.42 
0.734 2 1 1 0 0.2248 0.2480 1.0 1.4 0.1345 -0.0004 0.000000 0.452801 0.1032 1 4.1800 0  1097 1277 1378 1633 2163 2347 2035 1865  1 1 0 0 0 0 0 20 0 11.42 
0.739 2 1 1 0 0.2268 0.2460 0.9 1.6 0.1357 -0.0004 0.000000 0.452742 0.1066 1 4.1800 0  1099 1269 1376 1634 2163 2342 2032 1882  1 1 0 0 0 0 0 20 0 11.42 
0.744 2 1 1 0 0.2288 0.2445 1.1 1.0 0.1370 -0.0004 0.000000 0.452825 0.1253 1 4.1800 0  1099 1268 1372 1639 2125 2339 2031 1851  1 1 0 0 0 0 0 20 0 11.41 
0.749 2 1 1 0 0.2445 0.2485 1.6 1.5 0.1380 -0.0004 -0.002591 0.453024 0.1068 1 4.1800 0  1105 1260 1372 1640 2144 2345 2029 1847  1 1 0 0 0 0 0 20 0 11.42 
0.754 2 1 1 0 0.2425 0.2500 0.8 1.8 0.1392 -0.0004 -0.002591 0.452969 0.1278 1 4.1800 0  1100 1281 1360 1631 2139 2352 2031 1862  1 1 0 0 0 0 0 20 0 11.42 
0.759 2 1 1 0 0.2365 0.2500 1.2 1.2 0.1404 -0.0004 -0.002591 0.452928 0.0918 1 4.1800 0  1119 1266 1374 1631 2186 2358 2037 1853  1 1 0 0 0 0 0 20 0 11.42 
0.764 2 1 1 0 0.2345 0.2480 1.4 1.3 0.1414 -0.0004 0.000000 0.452550 0.1345 1 4.1800 0  1114 1265 1366 1637 2148 2345 2043 1893  1 1 0 0 0 0 0 20 0 11.42 
0.769 2 1 1 0 0.2325 0.2500 1.4 1.7 0.1424 -0.0004 -0.002591 0.452078 0.0978 1 4.1800 0  1113 1308 1360 1630 2189 2354 2042 1884  1 1 0 0 0 0 0 20 0 11.42 
0.774 2 1 1 0 0.2460 0.2497 1.6 1.5 0.1436 -0.0004 -0.002591 0.452031 0.1160 1 4.1800 0  1116 1259 1328 1632 2171 2333 2038 1884  1 1 0 0 0 0 0 20 0 11.41 
0.779 2 1 1 0 0.2480 0.2500 0.9 1.5 0.1448 -0.0004 -0.002591 0.452392 0.1025 1 4.1800 0  1102 1256 1346 1638 2168 2361 2042 1877  1 1 0 0 0 0 0 20 0 11.42 
0.784 2 1 1 0 0.2460 0.2500 1.5 1.8 0.1460 -0.0004 -0.002591 0.452437 0.0856 1 4.1800 0  1101 1252 1375 1642 2183 2360 2052 1877  1 1 0 0 0 0 0 20 0 11.42 
0.789 2 1 1 0 0.2360 0.2500 1.0 1.4 0.1472 -0.0004 -0.002591 0.451854 0.0888 1 4.1800 0  1106 1246 1332 1643 2184 2372 2060 1921  1 1 0 0 0 0 0 20 0 11.42 
0.794 2 1 1 0 0.2300 0.2500 0.9 1.4 0.1480 -0.0004 -0.002591 0.451563 0.0789 1 4.1800 0  1095 1243 1347 1641 2185 2381 2060 1887  1 1 0 0 0 0 0 20 0 11.42 
0.799 2 1 1 0 0.2240 0.2500 1.8 1.6 0.1492 -0.0004 -0.002591 0.451475 0.0827 1 4.1800 0  1098 1254 1357 1639 2178 2375 2059 1856  1 1 0 0 0 0 0 20 0 11.41 
0.804 2 1 1 0 0.2260 0.2480 1.4 1.6 0.1502 -0.0004 0.000000 0.451457 0.0886 1 4.1800 0  1093 1238 1332 1641 2172 2353 2067 1863  1 1 0 0 0 0 0 20 0 11.41 
0.809 2 1 1 0 0.2210 0.2480 0.8 1.3 0.1514 -0.0004 0.000000 0.451890 0.0765 1 4.1800 0  1084 1229 1361 1641 2176 2407 2060 1879  1 1 0 0 0 0 0 20 0 11.41 
0.814 2 1 1 0 0.2230 0.2460 1.2 1.4 0.1526 -0.0004 0.000000 0.452305 0.0831 1 4.1800 0  1092 1228 1296 1640 2175 2345 2059 1893  1 1 0 0 0 0 0 20 0 11.42 
0.819 2 1 1 0 0.2210 0.2480 0.9 1.6 0.1536 -0.0004 -0.002591 0.452438 0.0807 1 4.1800 0  1086 1223 1342 1637 2176 2353 2069 1879  1 1 0 0 0 0 0 20 0 11.41 
0.824 2 1 1 0 0.2190 0.2500 0.5 1.4 0.1548 -0.0004 -0.002591 0.452593 0.0856 1 4.1800 0  1088 1221 1318 1638 2172 2365 2064 1885  1 1 0 0 0 0 0 20 0 11.41 
0.829 2 1 1 0 0.2210 0.2480 1.3 1.3 0.1558 -0.0004 0.000000 0.452834 0.0798 1 4.1800 0  1080 1217 1339 1635 2172 2369 2058 1877  1 1 0 0 0 0 0 20 0 11.41 
0.834 2 1 1 0 0.2270 0.2472 1.2 1.7 0.1570 -0.0004 0.000000 0.453002 0.0672 1 4.1800 0  1064 1217 1353 1634 2170 2390 2057 1886  1 1 0 0 0 0 0 20 0 11.41 
0.839 2 1 1 0 0.2370 0.2492 1.4 1.6 0.1578 -0.0004 0.000000 0.452880 0.0779 1 4.1800 0  1071 1225 1324 1630 2168 2362 2053 1890  1 1 0 0 0 0 0 20 0 11.41 
0.844 2 1 1 0 0.2435 0.2500 1.6 1.4 0.1590 -0.0004 0.000000 0.452710 0.0731 1 4.1800 0  1075 1228 1323 1634 2175 2351 2056 1898  1 1 0 0 0 0 0 20 0 11.41 
0.849 2 1 1 0 0.2418 0.2500 1.0 1.7 0.1602 -0.0004 0.000000 0.453038 0.0791 1 4.1800 0  1066 1228 1335 1632 2160 2364 2057 1872  1 1 0 0 0 0 0 20 0 11.41 
0.854 2 1 1 0 0.2431 0.2500 1.5 1.4 0.1615 -0.0004 0.000000 0.453085 0.0823 1 4.1800 0  1065 1229 1308 1628 2158 2351 2052 1877  1 1 0 0 0 0 0 20 0 11.40 
0.859 2 1 1 0 0.2404 0.2500 1.2 1.6 0.1625 -0.0004 -0.002591 0.452886 0.0968 1 4.1800 0  1075 1229 1349 1629 2152 2380 2055 1874  1 1 0 0 0 0 0 20 0 11.41 
0.864 2 1 1 0 0.2424 0.2500 1.2 1.7 0.1635 -0.0004 0.000000 0.452915 0.0766 1 4.1800 0  1053 1237 1347 1626 2153 2355 2058 1877  1 1 0 0 0 0 0 20 0 11.41 
0.869 2 1 1 0 0.2415 0.2500 1.6 1.5 0.1647 -0.0004 0.000000 0.452714 0.1005 1 4.1800 0  1081 1242 1330 1631 2153 2333 2057 1879  1 1 0 0 0 0 0 20 0 11.40 
0.874 2 1 1 0 0.2406 0.2500 1.5 1.0 0.1659 -0.0004 0.000000 0.452526 0.1309 1 4.1800 0  1098 1241 1357 1601 2154 2387 2052 1871  1 1 0 0 0 0 0 20 0 11.41 
0.879 2 1 1 0 0.2426 0.2480 1.1 1.6 0.1669 -0.0004 0.002591 0.452855 0.0984 1 4.1800 0  1068 1242 1367 1621 2148 2326 2050 1870  1 1 0 0 0 0 0 20 0 11.41 
0.884 2 1 1 0 0.2366 0.2500 0.7 1.6 0.1679 -0.0004 0.000000 0.453242 0.1306 1 4.1800 0  1106 1240 1350 1623 2151 2359 2053 1864  1 1 0 0 0 0 0 20 0 11.41 
0.889 2 1 1 0 0.2346 0.2500 1.2 1.3 0.1691 -0.0004 0.000000 0.453227 0.1145 1 4.1800 0  1090 1241 1330 1621 2153 2328 2047 1869  1 1 0 0 0 0 0 20 0 11.41 
0.894 2 1 1 0 0.2317 0.2500 1.0 1.5 0.1703 -0.0004 0.000000 0.453319 0.1254 1 4.1800 0  1093 1243 1356 1601 2155 2347 2041 1871  1 1 0 0 0 0 0 20 0 11.41 
0.899 2 1 1 0 0.2316 0.2500 1.0 1.5 0.1715 -0.0004 0.000000 0.453321 0.0937 1 4.1800 0  1082 1232 1355 1627 2156 2364 2040 1863  1 1 0 0 0 0 0 20 0 11.41 
0.904 2 1 1 0 0.2324 0.2500 1.3 1.2 0.1727 -0.0004 0.000000 0.453125 0.0819 1 4.1800 0  1065 1240 1348 1621 2163 2379 2045 1868  1 1 0 0 0 0 0 20 0 11.41 
0.909 2 1 1 0 0.2344 0.2480 1.7 1.5 0.1737 -0.0004 0.002591 0.453248 0.0971 1 4.1800 0  1112 1242 1341 1658 2172 2341 2060 1868  1 1 0 0 0 0 0 20 0 11.40 
0.914 2 1 1 0 0.2324 0.2480 1.0 1.3 0.1749 -0.0004 0.002591 0.453468 0.0828 1 4.1800 0  1082 1250 1347 1630 2174 2362 2056 1876  1 1 0 0 0 0 0 20 0 11.41 
0.919 2 1 1 0 0.2304 0.2500 1.2 1.5 0.1759 -0.0004 0.000000 0.453665 0.0363 1 4.1800 0  1056 1240 1344 1651 2185 2358 2055 1871  1 1 0 0 0 0 0 20 0 11.41 
0.924 2 1 1 0 0.2364 0.2440 1.0 1.6 0.1771 -0.0004 0.000000 0.454026 0.0387 1 4.1800 0  1065 1239 1345 1637 2204 2366 2055 1870  1 1 0 0 0 0 0 20 0 11.41 
0.929 2 1 1 0 0.2344 0.2460 1.1 1.4 0.1783 -0.0004 0.000000 0.454093 0.0506 1 4.1800 0  1081 1245 1346 1651 2196 2372 2064 1878  1 1 0 0 0 0 0 20 0 11.41 
0.934 2 1 1 0 0.2364 0.2440 1.4 1.2 0.1793 -0.0004 0.002591 0.453920 0.0589 1 4.1800 0  1104 1244 1347 1664 2202 2390 2056 1883  1 1 0 0 0 0 0 20 0 11.41 
0.939 2 1 1 0 0.2304 0.2480 1.1 1.5 0.1805 -0.0004 0.002591 0.453816 0.0604 1 4.1800 0  1100 1239 1343 1646 2209 2381 2079 1883  1 1 0 0 0 0 0 20 0 11.41 
0.944 2 1 1 0 0.2284 0.2500 1.5 1.5 0.1815 -0.0004 0.000000 0.453867 0.0280 1 4.1800 0  1083 1242 1347 1677 2205 2378 2065 1881  1 1 0 0 0 0 0 20 0 11.41 
0.949 2 1 1 0 0.2420 0.2420 1.7 1.2 0.1825 -0.0004 0.002591 0.454002 0.0436 1 4.1800 0  1102 1233 1343 1677 2208 2371 2021 1876  1 1 0 0 0 0 0 20 0 11.41 
0.954 2 1 1 0 0.2500 0.2460 1.2 1.5 0.1837 -0.0004 0.002591 0.454436 0.0248 1 4.1800 0  1112 1234 1354 1705 2219 2370 2027 1871  1 1 0 0 0 0 0 20 0 11.41 
0.959 2 1 1 0 0.2500 0.2466 1.6 1.2 0.1849 -0.0004 0.002591 0.454659 0.0158 1 4.1800 0  1111 1239 1360 1719 2216 2374 2062 1873  1 1 0 0 0 0 0 20 0 11.42 
0.964 2 1 1 0 0.2500 0.2460 1.2 1.3 0.1862 -0.0004 0.002591 0.454246 0.0052 1 4.1800 0  1119 1232 1372 1735 2215 2377 2062 1875  1 1 0 0 0 0 0 20 0 11.42 
0.969 2 1 1 0 0.2480 0.2480 0.9 1.4 0.1874 -0.0004 0.002591 0.453987 0.0039 1 4.1800 0  1122 1244 1380 1738 2226 2374 2079 1871  1 1 0 0 0 0 0 20 0 11.42 
0.974 2 1 1 0 0.2460 0.2500 1.6 1.5 0.1884 -0.0004 0.000000 0.453631 -0.0231 1 4.1800 0  1093 1237 1392 1731 2230 2378 2068 1872  1 1 0 0 0 0 0 20 0 11.41 
0.979 2 1 1 0 0.2500 0.2462 1.5 1.4 0.1894 -0.0004 0.002591 0.453577 0.0016 1 4.1800 0  1093 1248 1390 1707 2223 2368 2019 1870  1 1 0 0 0 0 0 20 0 11.42 
0.984 2 1 1 0 0.2500 0.2487 1.4 1.3 0.1906 -0.0004 0.002591 0.453975 -0.0296 1 4.1800 0  1087 1237 1390 1745 2214 2360 2052 1867  1 1 0 0 0 0 0 20 0 11.42 
0.989 2 1 1 0 0.2500 0.2491 1.2 1.6 0.1918 -0.0004 0.002591 0.454181 -0.0027 1 4.1800 0  1093 1239 1400 1732 2203 2339 2067 1861  1 1 0 0 0 0 0 20 0 11.41 
0.994 2 1 1 0 0.2500 0.2482 1.6 1.4 0.1930 -0.0004 0.002591 0.454308 0.0205 1 4.1800 0  1106 1246 1421 1710 2180 2319 2002 1842  1 1 0 0 0 0 0 20 0 11.42 
0.999 2 1 1 0 0.2480 0.2480 1.0 1.2 0.1942 -0.0004 0.002591 0.454141 0.0291 1 4.1800 0  1119 1253 1411 1722 2173 2284 1988 1840  1 1 0 0 0 0 0 20 0 11.42 
1.004 2 1 1 0 0.2420 0.2500 1.4 1.5 0.1952 -0.0004 0.000000 0.454016 0.0162 1 4.1800 0  1076 1258 1418 1695 2162 2250 1967 1836  1 1 0 0 0 0 0 20 0 11.42 
1.009 2 1 1 0 0.2400 0.2500 1.3 1.6 0.1964 -0.0004 0.000000 0.453980 0.0412 1 4.1800 0  1096 1261 1419 1667 2149 2224 1920 1816  1 1 0 0 0 0 0 20 0 11.41 
1.014 2 1 1 0 0.2460 0.2440 1.4 1.1 0.1974 -0.0004 0.002591 0.453953 -0.0115 1 4.1800 0  1094 1277 1424 1703 2160 2205 1918 1806  1 1 0 0 0 0 0 20 0 11.42 
1.019 2 1 1 0 0.2500 0.2455 1.4 1.4 0.1986 -0.0004 0.002591 0.454228 -0.0403 1 4.1800 0  1074 1262 1428 1697 2153 2206 1839 1791  1 1 0 0 0 0 0 20 0 11.42 
1.024 2 1 1 0 0.2460 0.2500 1.2 1.5 0.2000 -0.0004 0.000000 0.454311 -0.0739 1 4.1800 0  1090 1312 1439 1703 2158 2211 1854 1781  1 1 0 0 0 0 0 20 0 11.42 
1.029 2 1 1 0 0.2400 0.2500 0.8 1.4 0.2012 -0.0004 0.000000 0.454303 -0.0531 1 4.1800 0  1101 1311 1431 1712 2168 2232 1893 1773  1 1 0 0 0 0 0 20 0 11.42 
1.034 2 1 1 0 0.2300 0.2500 1.2 1.6 0.2024 -0.0004 0.000000 0.454366 -0.0636 1 4.1800 0  1101 1321 1434 1695 2195 2263 1896 1768  1 1 0 0 0 0 0 20 0 11.42 
1.039 2 1 1 0 0.2257 0.2500 1.0 1.6 0.2032 -0.0004 0.000000 0.454426 -0.0476 1 4.1800 0  1109 1343 1438 1702 2198 2296 1933 1757  1 1 0 0 0 0 0 20 0 11.42 
1.044 2 1 1 0 0.2278 0.2500 1.2 1.0 0.2044 -0.0004 0.000000 0.454493 -0.0315 1 4.1800 0  1116 1332 1435 1701 2200 2331 1965 1794  1 1 0 0 0 0 0 20 0 11.42 
1.049 2 1 1 0 0.2288 0.2500 1.5 1.5 0.2056 -0.0004 0.000000 0.454846 -0.0194 1 4.1800 0  1128 1339 1432 1706 2219 2353 1981 1787  1 1 0 0 0 0 0 20 0 11.42 
1.054 2 1 1 0 0.2283 0.2500 0.7 1.4 0.2068 -0.0004 0.000000 0.455156 0.0011 1 4.1800 0  1141 1338 1428 1707 2223 2365 2016 1824  1 1 0 0 0 0 0 20 0 11.42 
1.059 2 1 1 0 0.2303 0.2480 1.1 1.2 0.2078 -0.0004 0.002591 0.455194 0.0520 1 4.1800 0  1143 1356 1428 1701 2198 2369 2016 1844  1 1 0 0 0 0 0 20 0 11.42 
1.064 2 1 1 0 0.2284 0.2480 1.0 1.5 0.2090 -0.0004 0.002591 0.455289 0.0559 1 4.1800 0  1143 1355 1429 1692 2228 2369 2035 1897  1 1 0 0 0 0 0 20 0 11.42 
1.069 2 1 1 0 0.2286 0.2480 0.8 1.3 0.2102 -0.0004 0.002591 0.455443 0.0707 1 4.1800 0  1150 1345 1439 1700 2213 2373 2052 1885  1 1 0 0 0 0 0 20 0 11.42 
1.074 2 1 1 0 0.2278 0.2480 1.0 1.2 0.2115 -0.0004 0.002591 0.455778 0.0832 1 4.1800 0  1160 1343 1422 1695 2193 2376 2046 1844  1 1 0 0 0 0 0 20 0 11.42 
1.079 2 1 1 0 0.2298 0.2460 1.0 1.4 0.2127 -0.0004 0.002591 0.456219 0.0716 1 4.1800 0  1159 1336 1425 1692 2218 2373 2037 1859  1 1 0 0 0 0 0 20 0 11.41 
1.084 2 1 1 0 0.2278 0.2480 1.4 1.3 0.2137 -0.0004 0.000000 0.456128 0.0680 1 4.1800 0  1165 1352 1415 1700 2208 2382 2043 1826  1 1 0 0 0 0 0 20 0 11.41 
1.089 2 1 1 0 0.2338 0.2436 1.0 1.4 0.2149 -0.0004 0.000000 0.456226 0.0628 1 4.1800 0  1176 1328 1411 1706 2239 2389 2045 1861  1 1 0 0 0 0 0 20 0 11.42 
1.094 2 1 1 0 0.2358 0.2418 0.9 1.5 0.2159 -0.0004 0.002591 0.456654 0.0775 1 4.1800 0  1180 1338 1415 1714 2221 2390 2059 1837  1 1 0 0 0 0 0 20 0 11.41 
1.099 2 1 1 0 0.2418 0.2426 1.2 1.3 0.2171 -0.0004 0.002591 0.456910 0.0618 1 4.1800 0  1179 1318 1419 1706 2242 2399 2058 1843  1 1 0 0 0 0 0 20 0 11.42 
1.104 2 1 1 0 0.2438 0.2432 1.4 1.2 0.2183 -0.0004 0.002591 0.456894 0.0656 1 4.1800 0  1178 1319 1415 1713 2240 2403 2066 1852  1 1 0 0 0 0 0 20 0 11.41 
1.109 2 1 1 0 0.2418 0.2452 1.7 1.3 0.2193 -0.0004 0.000000 0.456722 0.0370 1 4.1800 0  1176 1364 1416 1722 2265 2414 2086 1838  1 1 0 0 0 0 0 20 0 11.42 
1.114 2 1 1 0 0.2478 0.2471 1.7 1.6 0.2205 -0.0004 0.000000 0.456296 0.0140 1 4.1800 0  1180 1327 1419 1728 2295 2400 2107 1904  1 1 0 0 0 0 0 20 0 11.42 
1.119 2 1 1 0 0.2500 0.2459 1.3 1.3 0.2215 -0.0003 0.002591 0.456291 0.0131 1 4.1800 0  1178 1321 1391 1734 2277 2447 2106 1918  1 1 0 0 0 0 0 20 0 11.41 
1.124 2 1 1 0 0.2500 0.2475 1.3 1.7 0.2227 -0.0003 0.002591 0.456573 -0.0046 1 4.1800 0  1176 1316 1428 1754 2290 2451 2135 1909  1 1 0 0 0 0 0 20 0 11.42 
1.129 2 1 1 0 0.2500 0.2470 1.3 1.5 0.2239 -0.0003 0.002591 0.456671 -0.0237 1 4.1800 0  1169 1334 1425 1755 2307 2472 2133 1931  1 1 0 0 0 0 0 20 0 11.42 
1.134 2 1 1 0 0.2480 0.2490 1.9 1.5 0.2249 -0.0003 0.000000 0.456499 -0.0445 1 4.1800 0  1168 1340 1416 1768 2322 2465 2144 1938  1 1 0 0 0 0 0 20 0 11.42 
1.139 2 1 1 0 0.2480 0.2480 1.2 1.3 0.2261 -0.0003 0.000000 0.456429 -0.0409 1 4.1800 0  1166 1318 1445 1774 2306 2459 2137 1962  1 1 0 0 0 0 0 20 0 11.42 
1.144 2 1 1 0 0.2500 0.2477 1.6 1.5 0.2271 -0.0003 0.002591 0.456059 -0.0665 1 4.1800 0  1164 1337 1417 1787 2326 2434 2122 1958  1 1 0 0 0 0 0 20 0 11.42 
1.149 2 1 1 0 0.2500 0.2480 1.5 1.3 0.2283 -0.0003 0.002591 0.455881 -0.0629 1 4.1800 0  1152 1308 1412 1789 2299 2422 2103 1901  1 1 0 0 0 0 0 20 0 11.41 
1.154 2 1 1 0 0.2500 0.2480 1.2 1.2 0.2295 -0.0003 0.002591 0.456061 -0.0508 1 4.1800 0  1160 1301 1431 1791 2290 2393 2078 1889  1 1 0 0 0 0 0 20 0 11.41 
1.159 2 1 1 0 0.2500 0.2486 1.1 1.7 0.2307 -0.0003 0.002591 0.456318 -0.0755 1 4.1800 0  1146 1299 1425 1806 2284 2404 2065 1898  1 1 0 0 0 0 0 20 0 11.42 
1.164 2 1 1 0 0.2480 0.2480 0.9 1.4 0.2319 -0.0003 0.002591 0.456372 -0.1059 1 4.1800 0  1146 1295 1427 1821 2308 2389 2065 1890  1 1 0 0 0 0 0 20 0 11.42 
1.169 2 1 1 0 0.2420 0.2480 1.6 1.0 0.2331 -0.0003 0.002591 0.456025 -0.1502 1 4.1800 0  1142 1292 1456 1844 2336 2386 2053 1876  1 1 0 0 0 0 0 20 0 11.42 
1.174 2 1 1 0 0.2360 0.2500 1.1 1.6 0.2341 -0.0003 0.000000 0.455999 -0.1678 1 4.1800 0  1136 1292 1439 1853 2338 2415 2054 1877  1 1 0 0 0 0 0 20 0 11.41 
1.179 2 1 1 0 0.2300 0.2500 1.3 1.4 0.2353 -0.0003 0.000000 0.456120 -0.2181 1 4.1800 0  1129 1295 1453 1876 2353 2367 2052 1860  1 1 0 0 0 0 0 20 0 11.41 
1.184 2 1 1 0 0.2320 0.2480 1.2 1.1 0.2366 -0.0003 0.000000 0.456275 -0.2479 1 4.1800 0  1123 1291 1464 1891 2366 2395 2056 1861  1 1 0 0 0 0 0 20 0 11.42 
1.189 2 1 1 0 0.2340 0.2460 1.0 1.5 0.2376 -0.0003 0.002591 0.456578 -0.2600 1 4.1800 0  1123 1293 1476 1903 2373 2406 2058 1875  1 1 0 0 0 0 0 20 0 11.42 
1.194 2 1 1 0 0.2320 0.2480 1.2 1.2 0.2388 -0.0003 0.002591 0.456638 -0.2895 1 4.1800 0  1127 1308 1484 1924 2384 2401 2059 1881  1 1 0 0 0 0 0 20 0 11.41 
1.199 2 1 1 0 0.2340 0.2460 0.9 1.3 0.2400 -0.0003 0.002591 0.456673 -0.3243 1 4.1800 0  1129 1305 1454 1946 2395 2380 2056 1875  1 1 0 0 0 0 0 20 0 11.41 
1.204 2 1 1 0 0.2280 0.2500 1.1 1.6 0.2410 -0.0003 0.000000 0.456841 -0.3677 1 4.1800 0  1133 1317 1483 1973 2406 2415 2066 1874  1 1 0 0 0 0 0 20 0 11.42 
1.209 2 1 1 0 0.2243 0.2500 0.8 1.6 0.2422 -0.0003 0.000000 0.457254 -0.3720 1 4.1800 0  1145 1322 1486 1983 2405 2408 2069 1872  1 1 0 0 0 0 0 20 0 11.41 
1.214 2 1 1 0 0.2258 0.2500 1.3 1.1 0.2434 -0.0003 0.000000 0.457274 -0.3935 1 4.1800 0  1140 1320 1506 1991 2416 2413 2060 1873  1 1 0 0 0 0 0 20 0 11.41 
1.219 2 1 1 0 0.2278 0.2480 1.6 1.6 0.2444 -0.0003 0.002591 0.457583 -0.4265 1 4.1800 0  1133 1323 1512 2004 2424 2400 2057 1872  1 1 0 0 0 0 0 20 0 11.41 
1.224 2 1 1 0 0.2298 0.2460 0.8 1.3 0.2456 -0.0003 0.002591 0.457695 -0.4479 1 4.1800 0  1130 1326 1495 2016 2428 2376 2055 1867  1 1 0 0 0 0 0 20 0 11.41 
1.229 2 1 1 0 0.2318 0.2440 1.2 1.5 0.2468 -0.0003 0.002591 0.457855 -0.4919 1 4.1800 0  1135 1323 1529 2037 2430 2379 2048 1860  1 1 0 0 0 0 0 20 0 11.41 
1.234 2 1 1 0 0.2298 0.2460 0.8 1.5 0.2478 -0.0003 0.000000 0.458264 -0.5416 1 4.1800 0  1122 1321 1514 2060 2441 2371 2043 1854  1 1 0 0 0 0 0 20 0 11.40 
1.239 2 1 1 0 0.2237 0.2500 1.2 1.5 0.2490 -0.0003 0.000000 0.458494 -0.5575 1 4.1800 0  1131 1325 1527 2065 2443 2392 2037 1840  1 1 0 0 0 0 0 20 0 11.41 
1.244 2 1 1 0 0.2257 0.2480 1.2 1.3 0.2500 -0.0003 0.002591 0.458343 -0.5591 1 4.1800 0  1127 1327 1538 2063 2449 2361 2043 1839  1 1 0 0 0 0 0 20 0 11.41 
1.249 2 1 1 0 0.2440 0.2430 1.4 1.4 0.2512 -0.0003 0.002591 0.458410 -0.6084 1 4.1800 0  1134 1328 1554 2094 2458 2368 2034 1832  1 1 0 0 0 0 0 20 0 11.40 
1.254 2 1 1 0 0.2460 0.2436 1.7 1.3 0.2524 -0.0003 0.002591 0.458515 -0.6580 1 4.1800 0  1114 1329 1549 2117 2470 2367 2028 1828  1 1 0 0 0 0 0 20 0 11.40 
1.259 2 1 1 0 0.2480 0.2470 1.3 1.6 0.2534 -0.0003 0.000000 0.458667 -0.6725 1 4.1800 0  1116 1326 1550 2140 2476 2349 2035 1824  1 1 0 0 0 0 0 20 0 11.40 
1.264 2 1 1 0 0.2460 0.2490 1.3 1.5 0.2546 -0.0003 0.000000 0.458802 -0.6551 1 4.1800 0  1175 1337 1564 2185 2488 2363 2048 1823  1 1 0 0 0 0 0 20 0 11.40 
1.269 2 1 1 0 0.2480 0.2470 1.3 1.4 0.2556 -0.0003 0.002591 0.458639 -0.7209 1 4.1800 0  1113 1332 1571 2180 2504 2377 2039 1821  1 1 0 0 0 0 0 20 0 11.41 
1.274 2 1 1 0 0.2460 0.2480 1.3 1.5 0.2568 -0.0003 0.002591 0.458401 -0.7113 1 4.1800 0  1154 1339 1600 2194 2501 2382 2042 1816  1 1 0 0 0 0 0 20 0 11.41 
1.279 2 1 1 0 0.2440 0.2500 1.7 1.5 0.2578 -0.0003 0.000000 0.458249 -0.7227 1 4.1800 0  1155 1346 1608 2204 2505 2391 2044 1814  1 1 0 0 0 0 0 20 0 11.41 
1.284 2 1 1 0 0.2380 0.2500 1.2 1.7 0.2590 -0.0003 0.000000 0.458035 -0.7920 1 4.1800 0  1099 1343 1626 2189 2509 2388 2032 1807  1 1 0 0 0 0 0 20 0 11.40 
1.289 2 1 1 0 0.2400 0.2480 1.3 1.5 0.2600 -0.0003 0.002591 0.457883 -0.7461 1 4.1800 0  1182 1345 1642 2259 2506 2377 2075 1795  1 1 0 0 0 0 0 20 0 11.41 
1.294 2 1 1 0 0.2380 0.2480 1.1 1.6 0.2613 -0.0003 0.002591 0.458175 -0.8370 1 4.1800 0  1136 1348 1650 2282 2507 2391 2033 1791  1 1 0 0 0 0 0 20 0 11.41 
1.299 2 1 1 0 0.2280 0.2500 0.9 1.5 0.2623 -0.0003 0.000000 0.458339 -0.8132 1 4.1800 0  1172 1353 1676 2267 2507 2397 2038 1784  1 1 0 0 0 0 0 20 0 11.41 
1.304 2 1 1 0 0.2260 0.2500 1.5 1.5 0.2635 -0.0003 0.000000 0.458256 -0.8251 1 4.1800 0  1151 1353 1686 2275 2509 2395 2066 1768  1 1 0 0 0 0 0 20 0 11.41 
1.309 2 1 1 0 0.2251 0.2500 0.9 1.4 0.2647 -0.0003 0.000000 0.458253 -0.8838 1 4.1800 0  1141 1352 1704 2295 2520 2391 2047 1768  1 1 0 0 0 0 0 20 0 11.42 
1.314 2 1 1 0 0.2271 0.2480 1.2 1.5 0.2657 -0.0003 0.002591 0.458292 -0.8992 1 4.1800 0  1152 1357 1728 2297 2518 2395 2049 1758  1 1 0 0 0 0 0 20 0 11.38 
1.319 2 1 1 0 0.2258 0.2480 1.1 1.4 0.2669 -0.0003 0.002591 0.458578 -0.9219 1 4.1800 0  1139 1346 1726 2320 2517 2405 2025 1753  1 1 0 0 0 0 0 20 0 11.42 
1.324 2 1 1 0 0.2278 0.2460 1.1 1.1 0.2681 -0.0003 0.002591 0.458577 -0.9409 1 4.1800 0  1140 1369 1742 2305 2518 2397 2036 1756  1 1 0 0 0 0 0 20 0 11.41 
1.329 2 1 1 0 0.2298 0.2440 1.0 1.4 0.2691 -0.0003 0.000000 0.458738 -0.9295 1 4.1800 0  1174 1354 1757 2349 2516 2408 2056 1752  1 1 0 0 0 0 0 20 0 11.42 
1.334 2 1 1 0 0.2400 0.2440 1.0 1.5 0.2703 -0.0003 0.000000 0.459099 -0.9542 1 4.1800 0  1162 1354 1767 2347 2507 2398 2055 1747  1 1 0 0 0 0 0 20 0 11.42 
1.339 2 1 1 0 0.2340 0.2500 1.3 1.2 0.2715 -0.0003 0.000000 0.459241 -0.9945 1 4.1800 0  1145 1355 1776 2352 2510 2387 2046 1736  1 1 0 0 0 0 0 20 0 11.42 
1.344 2 1 1 0 0.2360 0.2480 1.3 1.5 0.2725 -0.0003 0.002591 0.459226 -1.0050 1 4.1800 0  1152 1336 1794 2335 2505 2390 2049 1734  1 1 0 0 0 0 0 20 0 11.42 
1.349 2 1 1 0 0.2340 0.2480 1.1 1.5 0.2737 -0.0003 0.002591 0.459015 -1.0568 1 4.1800 0  1144 1388 1809 2365 2492 2393 2019 1722  1 1 0 0 0 0 0 20 0 11.42 
1.354 2 1 1 0 0.2360 0.2460 1.5 1.1 0.2749 -0.0003 0.002591 0.458726 -1.0994 1 4.0789 1  1143 1374 1831 2396 2515 2392 2037 1706  1 1 0 0 0 0 0 20 1 11.42 
1.359 2 1 1 0 0.2420 0.2460 1.3 1.4 0.2759 -0.0003 0.000000 0.458935 -1.1444 1 3.9162 1  1139 1370 1850 2408 2488 2384 2031 1690  1 1 0 0 0 0 0 20 6 11.41 
1.364 2 1 1 0 0.2440 0.2440 1.2 1.6 0.2769 -0.0003 0.002591 0.459466 -1.1448 1 3.5837 1  1149 1405 1862 2424 2518 2397 2036 1668  1 1 0 0 0 0 0 20 11 11.42 
1.369 2 1 1 0 0.2420 0.2481 1.0 1.5 0.2783 -0.0003 0.000000 0.459649 -1.1618 1 3.4474 1  1139 1371 1872 2427 2526 2396 2053 1667  1 1 0 0 0 0 0 20 16 11.42 
1.374 2 1 1 0 0.2400 0.2480 1.0 1.5 0.2793 -0.0003 0.002591 0.459448 -1.1984 1 3.4994 1  1146 1406 1888 2442 2510 2399 2022 1652  1 1 0 0 0 0 0 20 20 11.42 
1.379 2 1 1 0 0.2300 0.2500 1.0 1.7 0.2803 -0.0003 0.000000 0.459380 -1.2257 1 3.5300 1  1142 1371 1903 2456 2522 2392 2031 1651  1 1 0 0 0 0 0 20 20 11.41 
1.384 2 1 1 0 0.2244 0.2500 1.2 1.1 0.2815 -0.0003 0.000000 0.459358 -1.2250 1 3.2796 1  1155 1365 1920 2453 2503 2409 2033 1633  1 1 0 0 0 0 0 20 20 11.42 
1.389 2 1 1 0 0.2281 0.2460 1.6 1.4 0.2825 -0.0003 0.002591 0.459393 -1.2594 1 3.2675 1  1152 1461 1933 2451 2558 2399 2008 1624  1 1 0 0 0 0 0 20 20 11.42 
1.394 2 1 1 0 0.2261 0.2480 0.8 1.6 0.2839 -0.0003 0.000000 0.459588 -1.2762 1 3.2168 1  1153 1413 1944 2448 2536 2393 2016 1609  1 1 0 0 0 0 0 20 20 11.42 
1.399 2 1 1 0 0.2253 0.2480 1.0 1.3 0.2849 -0.0003 0.002591 0.459711 -1.3191 1 3.1316 1  1152 1448 1956 2450 2520 2397 2002 1594  1 1 0 0 0 0 0 20 20 11.41 
1.404 2 1 1 0 0.2233 0.2500 1.0 1.4 0.2860 -0.0003 0.000000 0.459833 -1.3225 1 3.1017 1  1156 1425 1968 2455 2513 2395 2019 1595  1 1 0 0 0 0 0 20 20 11.42 
1.409 2 1 1 0 0.2230 0.2500 0.8 1.6 0.2872 -0.0003 0.000000 0.459962 -1.3417 1 2.9230 1  1150 1445 1976 2452 2531 2391 1988 1548  1 1 0 0 0 0 0 20 20 11.42 
1.414 2 1 1 0 0.2229 0.2500 1.0 1.5 0.2884 -0.0003 0.000000 0.459904 -1.3699 1 2.8619 1  1152 1472 1989 2458 2533 2391 2001 1536  1 1 0 0 0 0 0 20 20 11.42 
1.419 2 1 1 0 0.2249 0.2480 1.5 1.3 0.2894 -0.0003 0.002591 0.459933 -1.3856 1 3.0127 1  1143 1455 1994 2449 2521 2384 1980 1561  1 1 0 0 0 0 0 20 20 11.42 
1.424 2 1 1 0 0.2309 0.2420 1.2 1.3 0.2906 -0.0003 0.002591 0.459752 -1.4141 1 2.9021 1  1142 1454 2006 2449 2481 2377 1982 1531  1 1 0 0 0 0 0 20 20 11.42 
1.429 2 1 1 0 0.2460 0.2440 1.6 1.6 0.2918 -0.0003 0.002591 0.459559 -1.4525 1 2.9263 1  1143 1478 2028 2451 2499 2378 1966 1534  1 1 0 0 0 0 0 20 20 11.42 
1.434 2 1 1 0 0.2480 0.2483 1.1 1.7 0.2928 -0.0003 0.000000 0.459820 -1.4721 1 2.8069 1  1139 1485 2047 2469 2515 2380 1947 1501  1 1 0 0 0 0 0 20 20 11.42 
1.439 2 1 1 0 0.2480 0.2480 1.2 1.5 0.2940 -0.0003 0.000000 0.459852 -1.5114 1 2.7192 1  1142 1516 2058 2456 2508 2373 1943 1472  1 1 0 0 0 0 0 20 20 11.42 
1.444 2 1 1 0 0.2460 0.2500 1.2 1.5 0.2952 -0.0003 0.000000 0.459455 -1.4929 1 2.8699 1  1143 1477 2069 2465 2487 2374 1937 1506  1 1 0 0 0 0 0 20 20 11.41 
1.449 2 1 1 0 0.2360 0.2500 1.1 1.9 0.2960 -0.0003 0.000000 0.458822 -1.5292 1 2.6852 1  1142 1503 2087 2475 2499 2372 1932 1444  1 1 0 0 0 0 0 20 20 11.42 
1.454 2 1 1 0 0.2340 0.2500 1.5 1.3 0.2972 -0.0003 0.000000 0.458491 -1.5953 1 2.6335 1  1138 1546 2120 2472 2506 2368 1918 1437  1 1 0 0 0 0 0 20 20 11.42 
1.459 2 1 1 0 0.2280 0.2500 1.1 1.6 0.2984 -0.0003 0.000000 0.458395 -1.5758 1 2.6036 1  1137 1543 2116 2475 2525 2369 1896 1433  1 1 0 0 0 0 0 20 20 11.42 
1.464 2 1 1 0 0.2300 0.2480 1.0 1.5 0.2994 -0.0003 0.002591 0.458672 -1.5946 1 2.5454 1  1134 1559 2134 2476 2542 2374 1886 1415  1 1 0 0 0 0 0 20 20 11.41 
1.469 2 1 1 0 0.2262 0.2480 1.3 1.3 0.3006 -0.0003 0.002591 0.458961 -1.6269 1 2.4966 1  1142 1572 2143 2475 2516 2377 1870 1388  1 1 0 0 0 0 0 20 20 11.42 
1.474 2 1 1 0 0.2242 0.2500 0.8 1.7 0.3016 -0.0003 0.000000 0.459127 -1.6396 1 2.4718 1  1145 1584 2132 2472 2506 2370 1853 1377  1 1 0 0 0 0 0 20 20 11.42 
1.479 2 1 1 0 0.2234 0.2500 0.3 1.5 0.3028 -0.0003 0.000000 0.458959 -1.6573 1 2.3893 1  1143 1598 2151 2469 2522 2360 1842 1340  1 1 0 0 0 0 0 20 20 11.42 
1.484 2 1 1 0 0.2264 0.2480 1.1 1.3 0.3040 -0.0002 0.000000 0.458858 -1.6775 1 2.3737 1  1145 1599 2184 2470 2517 2364 1829 1335  1 1 0 0 0 0 0 20 20 11.42 
1.489 2 1 1 0 0.2284 0.2460 1.0 1.5 0.3050 -0.0002 0.002591 0.458756 -1.7273 1 2.3191 1  1159 1631 2222 2479 2509 2354 1813 1312  1 1 0 0 0 0 0 20 20 11.42 
1.494 2 1 1 0 0.2304 0.2440 1.4 1.3 0.3062 -0.0002 0.002591 0.458680 -1.7689 1 2.3121 1  1155 1655 2219 2477 2503 2354 1799 1310  1 1 0 0 0 0 0 20 20 11.42 
1.499 2 1 1 0 0.2440 0.2428 1.4 1.3 0.3074 -0.0002 0.002591 0.458805 -1.7910 1 2.2587 1  1164 1681 2225 2491 2513 2317 1791 1291  1 1 0 0 0 0 0 20 20 11.42 
1.504 2 1 1 0 0.2500 0.2459 1.5 1.6 0.3082 -0.0002 0.002591 0.459019 -1.7905 1 2.2095 1  1173 1691 2249 2507 2501 2348 1781 1277  1 1 0 0 0 0 0 20 20 11.41 
1.509 2 1 1 0 0.2460 0.2500 0.8 1.7 0.3096 -0.0002 0.000000 0.459253 -1.7947 1 2.1679 1  1187 1708 2274 2525 2521 2354 1767 1281  1 1 0 0 0 0 0 20 20 11.41 
1.514 2 1 1 0 0.2360 0.2500 1.2 1.3 0.3109 -0.0002 0.000000 0.459088 -1.8470 1 2.1300 1  1195 1742 2310 2545 2539 2362 1754 1277  1 1 0 0 0 0 0 20 20 11.42 
1.519 2 1 1 0 0.2340 0.2480 1.6 1.7 0.3119 -0.0002 0.002591 0.458840 -1.8633 1 2.0901 1  1205 1757 2311 2560 2574 2357 1739 1273  1 1 0 0 0 0 0 20 20 11.41 
1.524 2 1 1 0 0.2243 0.2500 1.0 1.4 0.3129 -0.0002 0.000000 0.458573 -1.8815 1 2.0379 1  1228 1780 2301 2571 2569 2331 1737 1248  1 1 0 0 0 0 0 20 20 11.42 
1.529 2 1 1 0 0.2249 0.2500 1.3 1.4 0.3141 -0.0002 0.000000 0.458535 -1.8888 1 2.0111 1  1242 1791 2330 2571 2583 2366 1729 1232  1 1 0 0 0 0 0 20 20 11.41 
1.534 2 1 1 0 0.2238 0.2500 0.8 2.0 0.3153 -0.0002 0.000000 0.458875 -1.9056 1 1.9923 1  1257 1808 2346 2566 2587 2354 1728 1229  1 1 0 0 0 0 0 20 20 11.42 
1.539 2 1 1 0 0.2270 0.2480 0.8 1.3 0.3163 -0.0002 0.002591 0.459164 -1.9257 1 1.9807 1  1275 1829 2341 2559 2587 2369 1732 1230  1 1 0 0 0 0 0 20 20 11.42 
1.544 2 1 1 0 0.2278 0.2480 1.2 1.3 0.3175 -0.0002 0.002591 0.459187 -1.9697 1 1.9845 1  1270 1853 2336 2550 2588 2367 1733 1217  1 1 0 0 0 0 0 20 20 11.41 
1.549 2 1 1 0 0.2258 0.2500 0.8 1.8 0.3185 -0.0002 0.000000 0.459000 -1.9795 1 1.9317 1  1314 1881 2354 2540 2571 2373 1728 1226  1 1 0 0 0 0 0 20 20 11.41 
1.554 2 1 1 0 0.2280 0.2500 1.3 1.4 0.3197 -0.0002 0.000000 0.458950 -2.0330 1 1.9276 1  1339 1903 2342 2531 2555 2390 1720 1213  1 1 0 0 0 0 0 20 20 11.41 
1.559 2 1 1 0 0.2297 0.2500 1.1 1.4 0.3209 -0.0002 0.000000 0.459035 -2.0919 1 1.8954 1  1338 1933 2358 2521 2549 2347 1695 1203  1 1 0 0 0 0 0 20 20 11.41 
1.564 2 1 1 0 0.2317 0.2480 1.2 1.5 0.3219 -0.0002 0.002591 0.459057 -2.1417 1 1.8715 1  1361 1946 2340 2518 2539 2347 1673 1185  1 1 0 0 0 0 0 20 20 11.41 
1.569 2 1 1 0 0.2280 0.2500 1.7 1.5 0.3229 -0.0002 0.000000 0.459085 -2.1963 1 1.8385 1  1390 1966 2360 2519 2531 2345 1651 1173  1 1 0 0 0 0 0 20 20 11.41 
1.574 2 1 1 0 0.2277 0.2500 0.8 1.7 0.3241 -0.0002 0.000000 0.459146 -2.2449 1 1.8205 1  1406 1993 2339 2524 2530 2308 1641 1162  1 1 0 0 0 0 0 20 20 11.41 
1.579 2 1 1 0 0.2262 0.2500 0.9 1.6 0.3253 -0.0002 0.000000 0.459295 -2.2823 1 1.7893 1  1424 2011 2348 2530 2539 2293 1625 1155  1 1 0 0 0 0 0 20 20 11.41 
1.584 2 1 1 0 0.2280 0.2500 1.1 1.5 0.3265 -0.0002 0.000000 0.459380 -2.3195 1 1.7522 1  1442 2023 2350 2528 2534 2301 1598 1147  1 1 0 0 0 0 0 20 20 11.41 
1.589 2 1 1 0 0.2308 0.2480 1.1 1.3 0.3275 -0.0002 0.002591 0.459277 -2.3638 1 1.7298 1  1464 2033 2343 2528 2530 2273 1584 1137  1 1 0 0 0 0 0 20 20 11.41 
1.594 2 1 1 0 0.2289 0.2480 0.9 1.5 0.3287 -0.0002 0.002591 0.459110 -2.4111 1 1.7055 1  1476 2054 2347 2514 2527 2238 1567 1131  1 1 0 0 0 0 0 20 20 11.41 
1.599 2 1 1 0 0.2269 0.2500 1.2 1.3 0.3297 -0.0002 0.000000 0.458857 -2.4311 1 1.6812 1  1484 2076 2368 2496 2526 2259 1547 1134  1 1 0 0 0 0 0 20 20 11.41 
1.604 2 1 1 0 0.2329 0.2440 1.1 1.4 0.3307 -0.0002 0.002591 0.459106 -2.4719 1 1.6503 1  1503 2098 2363 2525 2516 2239 1530 1123  1 1 0 0 0 0 0 20 20 11.41 
1.609 2 1 1 0 0.2349 0.2420 1.2 1.3 0.3319 -0.0002 0.002591 0.459578 -2.5568 1 1.6340 1  1534 2117 2367 2499 2514 2206 1510 1105  1 1 0 0 0 0 0 20 20 11.40 
1.614 2 1 1 0 0.2369 0.2410 1.1 1.5 0.3331 -0.0002 0.002591 0.459763 -2.7476 1 1.5939 1  1619 2132 2348 2519 2508 2183 1489 1099  1 1 0 0 0 0 0 20 20 11.41 
1.619 2 1 1 0 0.2349 0.2432 1.3 1.4 0.3341 -0.0002 0.000000 0.459603 -2.8509 1 1.5413 1  1649 2139 2365 2505 2512 2170 1440 1095  1 1 0 0 0 0 0 20 20 11.41 
1.624 2 1 1 0 0.2289 0.2492 1.0 1.2 0.3354 -0.0002 0.000000 0.459355 -2.8230 1 1.5276 1  1641 2169 2355 2500 2501 2143 1437 1093  1 1 0 0 0 0 0 20 20 11.41 
1.629 2 1 1 0 0.2309 0.2472 1.2 1.6 0.3364 -0.0002 0.002591 0.459019 -2.9898 1 1.4980 1  1683 2161 2358 2489 2489 2134 1401 1080  1 1 0 0 0 0 0 20 20 11.41 
1.634 2 1 1 0 0.2329 0.2452 1.6 1.6 0.3376 -0.0002 0.002591 0.459127 -3.1386 1 1.4327 1  1720 2180 2361 2496 2486 2099 1349 1073  1 1 0 0 0 0 0 20 20 11.41 
1.639 2 1 1 0 0.2426 0.2461 1.3 1.5 0.3386 -0.0002 0.000000 0.459722 -3.1595 1 1.3862 1  1729 2193 2359 2512 2480 2056 1344 1070  1 1 0 0 0 0 0 20 20 11.41 
1.644 2 1 1 0 0.2486 0.2451 1.2 1.5 0.3396 -0.0002 0.002591 0.460142 -3.2368 1 1.3801 1  1741 2191 2355 2505 2466 2040 1354 1070  1 1 0 0 0 0 0 20 20 11.41 
1.649 2 1 1 0 0.2500 0.2456 1.7 1.7 0.3408 -0.0002 0.002591 0.460183 -3.5850 1 1.3293 1  1795 2202 2349 2490 2448 2024 1293 1066  1 1 0 0 0 0 0 20 20 11.41 
1.654 2 1 1 0 0.2440 0.2480 1.6 1.2 0.3420 -0.0002 0.002591 0.459678 -3.9246 1 1.2542 1  1835 2213 2356 2497 2437 1980 1255 1066  1 1 0 0 0 0 0 20 20 11.41 
1.659 2 1 1 0 0.2380 0.2500 1.4 1.6 0.3430 -0.0002 0.000000 0.459346 -3.5954 1 1.2227 1  1806 2214 2358 2474 2426 1960 1265 1072  1 1 0 0 0 0 0 20 20 11.41 
1.664 2 1 1 0 0.2280 0.2500 1.0 1.8 0.3442 -0.0002 0.000000 0.459680 -3.9193 1 1.1604 1  1837 2213 2351 2511 2415 1924 1246 1080  1 1 0 0 0 0 0 20 20 11.41 
1.669 2 1 1 0 0.2265 0.2500 1.5 1.2 0.3454 -0.0002 0.000000 0.459567 -4.1800 0 1.1106 1  1899 2223 2355 2468 2395 1899 1194 1076  1 1 0 0 0 0 0 10 20 11.41 
1.674 2 1 1 0 0.2301 0.2480 1.2 1.5 0.3464 -0.0002 0.002591 0.459828 -4.1800 0 1.0332 1  1884 2232 2364 2471 2386 1863 1228 1087  1 1 0 0 0 0 0 0 20 11.41 
1.679 2 1 1 0 0.2274 0.2500 0.8 1.8 0.3474 -0.0002 0.000000 0.460057 -4.1800 0 0.9715 1  1925 2224 2355 2488 2364 1826 1163 1087  1 1 0 0 0 0 0 0 20 11.42 
1.684 2 1 1 0 0.2291 0.2500 1.3 1.3 0.3486 -0.0002 0.000000 0.460226 -4.1800 0 0.9389 1  1949 2236 2352 2486 2341 1790 1179 1080  1 1 0 0 0 0 0 0 20 11.39 
1.689 2 1 1 0 0.2305 0.2500 1.0 1.6 0.3498 -0.0002 0.000000 0.460768 -4.1800 0 0.8762 1  1939 2224 2344 2469 2313 1753 1183 1079  1 1 0 0 0 0 0 0 20 11.42 
1.694 2 1 1 0 0.2289 0.2500 1.0 1.8 0.3508 -0.0002 -0.002591 0.461226 -4.1800 0 0.8378 1  1967 2249 2354 2490 2291 1708 1161 1074  1 1 0 0 0 0 0 0 20 11.41 
1.699 2 1 1 0 0.2326 0.2500 1.1 1.4 0.3520 -0.0002 -0.002591 0.461382 -4.1800 0 0.8052 1  1972 2230 2353 2461 2267 1689 1160 1077  1 1 0 0 0 0 0 0 20 11.42 
1.704 2 1 1 0 0.2372 0.2500 1.3 1.4 0.3530 -0.0002 0.000000 0.461193 -4.1800 0 0.7613 1  1991 2207 2348 2439 2238 1652 1138 1079  1 1 0 0 0 0 0 0 20 11.42 
1.709 2 1 1 0 0.2369 0.2500 1.4 1.7 0.3542 -0.0002 0.000000 0.461359 -4.1800 0 0.7088 1  1972 2221 2345 2447 2225 1624 1174 1085  1 1 0 0 0 0 0 0 20 11.42 
1.714 2 1 1 0 0.2389 0.2500 1.0 1.6 0.3554 -0.0002 0.000000 0.461745 -4.1800 0 0.6651 1  1983 2217 2349 2446 2172 1598 1152 1077  1 1 0 0 0 0 0 0 20 11.42 
1.719 2 1 1 0 0.2369 0.2500 1.4 1.4 0.3564 -0.0002 -0.002591 0.462142 -4.1800 0 0.5904 1  1979 2214 2335 2425 2151 1569 1218 1078  1 1 0 0 0 0 0 0 20 11.42 
1.724 2 1 1 0 0.2349 0.2500 1.0 1.7 0.3576 -0.0002 -0.002591 0.462425 -4.1800 0 0.5412 1  1988 2180 2327 2425 2101 1539 1181 1079  1 1 0 0 0 0 0 0 20 11.42 
1.729 2 1 1 0 0.2369 0.2500 1.3 1.2 0.3586 -0.0002 0.000000 0.462310 -4.1800 0 0.4915 1  1981 2205 2326 2412 2064 1504 1172 1076  1 1 0 0 0 0 0 0 20 11.42 
1.734 2 1 1 0 0.2429 0.2500 2.0 1.3 0.3599 -0.0002 0.000000 0.462202 -4.1800 0 0.4355 1  1994 2183 2321 2402 2042 1482 1193 1063  1 1 0 0 0 0 0 0 20 11.42 
1.739 2 1 1 0 0.2449 0.2500 1.3 1.6 0.3611 -0.0002 0.000000 0.462238 -4.1800 0 0.4186 1  1985 2207 2327 2370 2011 1460 1160 1065  1 1 0 0 0 0 0 0 20 11.42 
1.744 2 1 1 0 0.2414 0.2500 1.3 1.6 0.3621 -0.0002 -0.002591 0.462554 -4.1800 0 0.3383 1  1985 2174 2321 2364 1982 1444 1196 1077  1 1 0 0 0 0 0 0 20 11.42 
1.749 2 1 1 0 0.2394 0.2500 0.9 1.4 0.3633 -0.0002 -0.002591 0.462937 -4.1800 0 0.2850 1  1982 2175 2314 2345 1935 1435 1175 1058  1 1 0 0 0 0 0 0 20 11.42 
1.754 2 1 1 0 0.2414 0.2500 1.2 1.5 0.3643 -0.0002 0.000000 0.462960 -4.1800 0 0.2389 1  1985 2228 2315 2335 1902 1422 1151 1057  1 1 0 0 0 0 0 0 20 11.42 
1.759 2 1 1 0 0.2394 0.2500 1.2 1.7 0.3655 -0.0002 0.000000 0.463206 -4.1800 0 0.2002 1  1997 2214 2310 2319 1887 1419 1166 1053  1 1 0 0 0 0 0 0 20 11.42 
1.764 2 1 1 0 0.2374 0.2500 1.3 1.5 0.3665 -0.0002 -0.002591 0.463028 -4.1800 0 0.1929 1  1988 2199 2305 2297 1876 1417 1171 1047  1 1 0 0 0 0 0 0 20 11.42 
1.769 2 1 1 0 0.2354 0.2500 1.8 1.5 0.3677 -0.0002 -0.002591 0.463276 -4.1800 0 0.1476 1  1989 2209 2302 2271 1838 1402 1170 1032  1 1 0 0 0 0 0 0 20 11.42 
1.774 2 1 1 0 0.2414 0.2500 1.5 1.5 0.3687 -0.0002 0.000000 0.463636 -4.1800 0 0.0965 1  1997 2170 2303 2259 1808 1400 1176 1034  1 1 0 0 0 0 0 0 20 11.41 
1.779 2 1 1 0 0.2462 0.2500 1.1 1.6 0.3699 -0.0002 0.000000 0.464140 -4.1800 0 0.0904 1  1995 2212 2295 2231 1819 1381 1152 1051  1 1 0 0 0 0 0 0 20 11.42 
1.784 2 1 1 0 0.2462 0.2500 1.1 1.3 0.3711 -0.0002 0.000000 0.464287 -4.1800 0 0.0650 1  1986 2222 2298 2219 1805 1378 1150 1044  1 1 0 0 0 0 0 0 20 11.42 
1.789 2 1 1 0 0.2463 0.2500 1.1 1.5 0.3723 -0.0002 0.000000 0.464281 -4.1800 0 0.0074 1  1993 2176 2288 2198 1743 1373 1142 1035  1 1 0 0 0 0 0 0 20 11.42 
1.794 2 1 1 0 0.2403 0.2500 1.5 1.9 0.3733 -0.0002 -0.002591 0.464278 -4.1800 0 -0.0204 1  1991 2224 2278 2167 1728 1365 1133 1016  1 1 0 0 0 0 0 0 20 11.41 
1.799 2 1 1 0 0.2383 0.2500 1.3 1.1 0.3745 -0.0002 -0.002591 0.464056 -4.1800 0 -0.0561 1  1985 2200 2286 2137 1710 1369 1135 1047  1 1 0 0 0 0 0 0 20 11.41 
1.804 2 1 1 0 0.2443 0.2500 1.4 1.5 0.3755 -0.0002 0.000000 0.464054 -4.1800 0 -0.1036 1  1988 2191 2280 2111 1642 1364 1136 998  1 1 0 0 0 0 0 0 20 11.42 
1.809 2 1 1 0 0.2463 0.2500 1.4 1.5 0.3767 -0.0002 0.000000 0.464209 -4.1800 0 -0.1751 1  1993 2161 2252 2082 1600 1358 1131 1017  1 1 0 0 0 0 0 0 20 11.41 
1.814 2 1 1 0 0.2473 0.2500 1.1 1.1 0.3779 -0.0002 0.000000 0.464547 -4.1800 0 -0.2082 1  1979 2174 2254 2045 1576 1353 1125 1012  1 1 0 0 0 0 0 0 20 11.42 
1.819 2 1 1 0 0.2453 0.2500 1.6 1.6 0.3791 -0.0002 0.000000 0.464765 -4.1800 0 -0.2438 1  1986 2183 2237 2009 1582 1357 1114 997  1 1 0 0 0 0 0 0 20 11.42 
1.824 2 1 1 0 0.2353 0.2500 0.8 1.5 0.3801 -0.0002 -0.002591 0.464645 -4.1800 0 -0.3094 1  1984 2176 2217 1977 1535 1350 1115 1008  1 1 0 0 0 0 0 0 20 11.42 
1.829 2 1 1 0 0.2333 0.2500 1.3 1.2 0.3813 -0.0002 -0.002591 0.464646 -4.1800 0 -0.3513 1  1981 2180 2220 1950 1519 1350 1121 1007  1 1 0 0 0 0 0 0 20 11.42 
1.834 2 1 1 0 0.2353 0.2500 1.1 1.5 0.3825 -0.0002 -0.002591 0.464821 -4.1800 0 -0.3933 1  1973 2169 2182 1908 1492 1317 1115 988  1 1 0 0 0 0 0 0 20 11.41 
1.839 2 1 1 0 0.2373 0.2498 1.3 1.4 0.3835 -0.0002 0.000000 0.464630 -4.1800 0 -0.4747 1  1973 2193 2192 1873 1501 1338 1114 1011  1 1 0 0 0 0 0 0 20 11.42 
1.844 2 1 1 0 0.2466 0.2500 1.4 1.2 0.3848 -0.0002 0.000000 0.464824 -4.1800 0 -0.5198 1  1962 2190 2183 1843 1486 1329 1118 1003  1 1 0 0 0 0 0 0 20 11.42 
1.849 2 1 1 0 0.2448 0.2500 0.9 1.5 0.3860 -0.0002 0.000000 0.465094 -4.1800 0 -0.5432 1  1959 2170 2159 1818 1451 1333 1118 1008  1 1 0 0 0 0 0 0 20 11.42 
1.854 2 1 1 0 0.2436 0.2500 1.6 1.3 0.3872 -0.0002 0.000000 0.465230 -4.1800 0 -0.5887 1  1967 2185 2132 1796 1463 1324 1113 1035  1 1 0 0 0 0 0 0 20 11.41 
1.859 2 1 1 0 0.2431 0.2500 1.2 1.4 0.3884 -0.0002 0.000000 0.465015 -4.1800 0 -0.6336 1  1967 2160 2085 1764 1439 1299 1103 996  1 1 0 0 0 0 0 0 20 11.42 
1.864 2 1 1 0 0.2411 0.2500 1.4 1.5 0.3896 -0.0002 0.000000 0.465009 -4.1800 0 -0.6644 1  1960 2151 2084 1728 1444 1326 1099 1006  1 1 0 0 0 0 0 0 20 11.42 
1.869 2 1 1 0 0.2418 0.2480 1.6 1.1 0.3906 -0.0002 0.002591 0.464789 -4.1800 0 -0.6791 1  1951 2149 2087 1696 1413 1333 1094 1001  1 1 0 0 0 0 0 0 20 11.40 
1.874 2 1 1 0 0.2438 0.2460 1.5 1.2 0.3918 -0.0002 0.002591 0.464683 -4.1800 0 -0.7452 1  1956 2149 2041 1665 1405 1303 1098 995  1 1 0 0 0 0 0 0 20 11.41 
1.879 2 1 1 0 0.2458 0.2440 1.5 1.3 0.3928 -0.0002 0.000000 0.465011 -4.1800 0 -0.8037 1  1964 2146 1994 1647 1412 1284 1103 994  1 1 0 0 0 0 0 0 20 11.41 
1.884 2 1 1 0 0.2478 0.2420 1.2 1.4 0.3940 -0.0002 0.000000 0.465228 -4.1800 0 -0.8558 1  1957 2136 1959 1614 1416 1286 1098 999  1 1 0 0 0 0 0 0 20 11.41 
1.889 2 1 1 0 0.2500 0.2397 1.7 1.2 0.3950 -0.0002 0.002591 0.464980 -4.1800 0 -0.8585 1  1958 2149 1961 1593 1412 1282 1101 981  1 1 0 0 0 0 0 0 20 11.42 
1.894 2 1 1 0 0.2500 0.2413 1.5 1.5 0.3962 -0.0002 0.002591 0.464791 -4.1800 0 -0.8552 1  1960 2125 1981 1572 1413 1345 1093 984  1 1 0 0 0 0 0 0 20 11.42 
1.899 2 1 1 0 0.2500 0.2442 1.6 1.2 0.3974 -0.0002 0.002591 0.464810 -4.1800 0 -0.9444 1  1941 2119 1896 1546 1409 1325 1094 985  1 1 0 0 0 0 0 0 20 11.42 
1.904 2 1 1 0 0.2500 0.2438 2.2 1.3 0.3984 -0.0002 0.005182 0.464707 -4.1800 0 -1.0425 1  1960 2100 1845 1520 1411 1278 1088 1000  1 1 0 0 0 0 0 0 20 11.41 
1.909 2 1 1 0 0.2500 0.2458 1.2 1.3 0.3996 -0.0002 0.005182 0.464531 -4.1800 0 -1.0125 1  1952 2081 1857 1507 1406 1304 1086 976  1 1 0 0 0 0 0 0 20 11.41 
1.914 2 1 1 0 0.2480 0.2478 1.5 1.5 0.4006 -0.0002 0.002591 0.464670 -4.1800 0 -1.1005 1  1953 2069 1803 1491 1404 1306 1093 973  1 1 0 0 0 0 0 0 20 11.41 
1.919 2 1 1 0 0.2480 0.2458 1.2 1.2 0.4018 -0.0002 0.002591 0.465092 -4.1800 0 -1.0956 1  1941 2046 1801 1465 1399 1333 1081 975  1 1 0 0 0 0 0 0 20 11.41 
1.924 2 1 1 0 0.2460 0.2478 1.4 1.3 0.4030 -0.0002 0.002591 0.465028 -4.1800 0 -1.1774 1  1932 2027 1748 1462 1399 1301 1079 972  1 1 0 0 0 0 0 0 20 11.41 
1.929 2 1 1 0 0.2500 0.2418 1.6 1.4 0.4040 -0.0002 0.005182 0.464670 -4.1800 0 -1.2389 1  1940 2019 1716 1437 1396 1272 1079 977  1 1 0 0 0 0 0 0 20 11.40 
1.934 2 1 1 0 0.2500 0.2398 1.9 1.1 0.4052 -0.0002 0.005182 0.464821 -4.1800 0 -1.2056 1  1910 1998 1715 1444 1392 1310 1071 966  1 1 0 0 0 0 0 0 20 11.41 
1.939 2 1 1 0 0.2500 0.2372 1.6 0.9 0.4064 -0.0002 0.005182 0.464784 -4.1800 0 -1.2706 1  1903 1982 1665 1419 1387 1278 1065 961  1 1 0 0 0 0 0 0 20 11.41 
1.944 2 1 1 0 0.2500 0.2352 1.8 1.2 0.4074 -0.0002 0.007773 0.464570 -4.1800 0 -1.3617 1  1943 1967 1627 1411 1390 1291 1072 961  1 1 0 0 0 0 0 0 20 11.41 
1.949 2 1 1 0 0.2500 0.2412 1.8 1.1 0.4086 -0.0002 0.007773 0.465043 -4.1800 0 -1.3584 1  1927 1958 1616 1418 1392 1279 1060 956  1 1 0 0 0 0 0 0 20 11.40 
1.954 2 1 1 0 0.2500 0.2392 1.3 1.2 0.4099 -0.0002 0.007773 0.465154 -4.1800 0 -1.4264 1  1950 1934 1572 1388 1391 1267 1047 951  1 1 0 0 0 0 0 0 20 11.41 
1.959 2 1 1 0 0.2480 0.2412 1.5 1.4 0.4109 -0.0002 0.005182 0.465155 -4.1800 0 -1.4436 1  1941 1918 1557 1409 1383 1277 1069 946  1 1 0 0 0 0 0 0 20 11.40 
1.964 2 1 1 0 0.2460 0.2432 1.3 1.0 0.4121 -0.0002 0.005182 0.465270 -4.1800 0 -1.4851 1  1951 1898 1539 1399 1385 1256 1052 949  1 1 0 0 0 0 0 0 20 11.41 
1.969 2 1 1 0 0.2500 0.2372 1.7 1.0 0.4131 -0.0002 0.007773 0.465134 -4.1800 0 -1.5172 1  1961 1884 1511 1397 1382 1270 1042 939  1 1 0 0 0 0 0 0 20 11.40 
1.974 2 1 1 0 0.2500 0.2292 1.9 1.2 0.4143 -0.0001 0.007773 0.465161 -4.1800 0 -1.5293 1  1925 1867 1476 1388 1379 1244 1060 944  1 1 0 0 0 0 0 0 20 11.41 
1.979 2 1 1 0 0.2500 0.2272 1.8 0.9 0.4153 -0.0001 0.010364 0.465138 -4.1800 0 -1.5834 1  1940 1831 1449 1373 1376 1272 1053 936  1 1 0 0 0 0 0 0 20 11.41 
1.984 2 1 1 0 0.2500 0.2252 1.5 1.0 0.4165 -0.0001 0.010364 0.465094 -4.1800 0 -1.6043 1  1915 1803 1423 1393 1367 1262 1054 937  1 1 0 0 0 0 0 0 20 11.41 
1.989 2 1 1 0 0.2500 0.2232 1.4 1.1 0.4177 -0.0001 0.010364 0.465205 -4.1800 0 -1.5733 1  1838 1776 1401 1335 1363 1249 1037 939  1 1 0 0 0 0 0 0 20 11.41 
1.994 2 1 1 0 0.2500 0.2252 1.2 0.9 0.4187 -0.0001 0.007773 0.465553 -4.1800 0 -1.6586 1  1872 1730 1377 1388 1364 1254 1052 928  1 1 0 0 0 0 0 0 20 11.40 
1.999 2 1 1 0 0.2500 0.2192 2.1 1.0 0.4197 -0.0001 0.010364 0.465489 -4.1800 0 -1.6308 1  1795 1693 1355 1371 1351 1243 1047 920  1 1 0 0 0 0 0 0 20 11.41 
2.004 2 2 1 0 0.2560 0.2252 1.8 1.1 0.4209 -0.0001 0.010364 0.465429 -4.1800 0 -1.6853 1  1802 1655 1340 1348 1356 1256 1013 913  1 1 0 0 0 0 0 0 20 11.40 
2.009 2 2 1 0 0.2640 0.2352 1.6 1.1 0.4221 -0.0001 0.010364 0.465773 -4.1800 0 -1.6930 1  1761 1613 1331 1357 1347 1223 1019 903  1 1 0 0 0 0 0 0 20 11.41 
2.014 2 2 1 0 0.2700 0.2452 2.2 1.3 0.4233 -0.0001 0.010364 0.465137 -4.1800 0 -1.7127 1  1722 1577 1305 1347 1343 1213 1028 900  1 1 0 0 0 0 0 0 20 11.41 
2.019 2 2 1 0 0.2780 0.2552 1.7 1.7 0.4243 -0.0000 0.007773 0.464633 -4.1800 0 -1.7558 1  1702 1540 1299 1345 1339 1217 1005 901  1 1 0 0 0 0 0 0 20 11.41 
2.024 2 2 1 0 0.2860 0.2652 1.5 1.4 0.4255 -0.0000 0.007773 0.463639 -4.1800 0 -1.7880 1  1672 1502 1290 1355 1324 1221 1024 896  1 1 0 0 0 0 0 0 20 11.40 
2.029 2 2 1 0 0.2940 0.2752 2.1 1.7 0.4267 -0.0000 0.007773 0.462536 -4.1800 0 -1.8554 1  1650 1466 1285 1361 1320 1233 1007 904  1 1 0 0 0 0 0 0 20 11.40 
2.034 2 2 1 0 0.3020 0.2852 2.6 2.1 0.4277 -0.0000 0.010364 0.461621 -4.1800 0 -1.9257 1  1612 1417 1275 1336 1325 1207 1003 910  1 1 0 0 0 0 0 0 20 11.40 
2.039 2 2 1 0 0.3100 0.2952 2.7 2.2 0.4289 -0.0000 0.010364 0.461237 -4.1800 0 -1.9491 1  1589 1386 1272 1328 1319 1184 991 906  1 1 0 0 0 0 0 0 20 11.40 
2.044 2 2 1 0 0.3200 0.3052 2.8 2.7 0.4301 0.0000 0.010364 0.461036 -4.1800 0 -1.9342 1  1547 1378 1264 1331 1317 1176 1003 910  1 1 0 0 0 0 0 0 20 11.40 
2.049 2 2 1 0 0.3300 0.3112 2.9 2.3 0.4313 0.0000 0.010364 0.460430 -4.1800 0 -2.0049 1  1548 1349 1280 1329 1310 1189 1024 917  1 1 0 0 0 0 0 0 20 11.40 
2.054 2 1 2 0 0.3400 0.3212 2.6 2.5 0.4325 0.0000 0.010364 0.459796 -4.1800 0 -2.0118 1  1515 1310 1258 1327 1288 1185 982 916  1 1 0 0 0 0 0 0 20 11.40 
2.059 2 1 2 0 0.3500 0.3312 3.1 2.6 0.4337 0.0000 0.010364 0.459618 -4.1800 0 -1.9971 1  1452 1292 1250 1307 1291 1168 988 926  1 1 0 0 0 0 0 0 20 11.39 
2.064 2 1 2 0 0.3500 0.3341 2.9 2.8 0.4354 0.0001 0.010364 0.459783 -4.1800 0 -2.0017 1  1372 1256 1249 1291 1277 1166 996 947  1 1 0 0 0 0 0 0 20 11.40 
2.069 2 1 2 0 0.3500 0.3341 2.9 2.7 0.4366 0.0001 0.010364 0.460149 -4.1800 0 -1.9872 1  1364 1242 1233 1273 1281 1157 968 953  1 1 0 0 0 0 0 0 20 11.39 
2.074 2 1 2 0 0.3500 0.3341 3.5 2.2 0.4378 0.0001 0.010364 0.460335 -4.1800 0 -2.0823 1  1353 1204 1240 1331 1265 1153 1052 961  1 1 0 0 0 0 0 0 20 11.38 
2.079 2 1 2 0 0.3500 0.3331 2.8 2.3 0.4392 0.0001 0.012956 0.459934 -4.1800 0 -2.0005 1  1248 1187 1224 1272 1232 1145 1023 973  1 1 0 0 0 0 0 0 20 11.40 
2.084 2 1 2 0 0.3500 0.3342 2.3 2.1 0.4406 0.0001 0.010364 0.459523 -4.1800 0 -2.0271 1  1221 1169 1211 1282 1233 1149 1038 994  1 1 0 0 0 0 0 0 20 11.41 
2.089 2 1 2 0 0.3500 0.3362 2.1 2.3 0.4422 0.0001 0.010364 0.459519 -4.1800 0 -1.9129 1  1164 1166 1206 1243 1225 1149 1019 976  1 1 0 0 0 0 0 0 15 11.41 
2.094 2 1 2 0 0.3500 0.3393 2.1 2.4 0.4438 0.0002 0.010364 0.459381 -4.1800 0 4.1800 0  1145 1184 1195 1264 1250 1150 1057 1011  1 1 0 0 0 0 0 0 8 11.41 
2.099 2 1 2 0 0.3500 0.3359 1.8 2.1 0.4452 0.0002 0.012956 0.459161 -4.1800 0 4.1800 0  1083 1162 1185 1231 1228 1162 1039 1004  1 1 0 0 0 0 0 0 0 11.41 
2.104 2 1 2 0 0.3500 0.3387 2.5 2.1 0.4466 0.0002 0.010364 0.458312 -4.1800 0 4.1800 0  1046 1150 1176 1213 1226 1171 1072 1016  1 1 0 0 0 0 0 0 0 11.41 
2.109 2 1 2 0 0.3500 0.3383 2.1 2.1 0.4482 0.0002 0.010364 0.457772 -4.1800 0 4.1800 0  1037 1122 1170 1240 1221 1185 1086 1016  1 1 0 0 0 0 0 0 0 11.41 
2.114 2 1 2 0 0.3500 0.3388 2.0 2.1 0.4498 0.0002 0.010364 0.457868 -4.1800 0 4.1800 0  1028 1144 1169 1213 1220 1194 1075 999  1 1 0 0 0 0 0 0 0 11.41 
2.119 2 1 2 0 0.3500 0.3368 2.3 1.7 0.4514 0.0002 0.010364 0.457889 -4.1800 0 4.1800 0  1030 1127 1141 1230 1243 1213 1093 999  1 1 0 0 0 0 0 0 0 11.42 
2.124 2 1 2 0 0.3500 0.3348 2.3 1.9 0.4530 0.0003 0.010364 0.457534 1.3763 1 4.1800 0  1016 1092 1136 1231 1231 1230 1109 1033  1 1 0 0 0 0 0 3 0 11.42 
2.129 2 1 2 0 0.3480 0.3368 2.0 1.6 0.4544 0.0003 0.007773 0.456813 -4.1800 0 4.1800 0  1023 1134 1155 1226 1262 1241 1112 1002  1 1 0 0 0 0 0 5 0 11.42 
2.134 2 1 2 0 0.3460 0.3388 1.6 2.2 0.4560 0.0003 0.007773 0.456650 0.9920 1 4.1800 0  1013 1097 1150 1223 1264 1259 1126 1006  1 1 0 0 0 0 0 7 0 11.41 
2.139 2 1 2 0 0.3411 0.3488 0.7 2.1 0.4576 0.0003 0.007773 0.457117 0.8104 1 4.1800 0  1011 1105 1151 1229 1272 1266 1115 997  1 1 0 0 0 0 0 9 0 11.41 
2.144 2 1 7 256 0.3464 0.3500 1.9 1.9 0.4593 0.0003 0.007773 0.457210 0.7200 0 4.1800 0  1010 1105 1149 1237 1264 1275 1092 959  1 1 0 0 0 1 0 12 0 11.41 
2.149 2 1 8 0 0.3437 0.3500 1.6 1.8 0.4611 0.0003 0.005182 0.457028 0.4275 0 4.1800 0  998 1093 1142 1241 1266 1284 1094 988  1 1 0 0 0 1 0 15 0 11.42 
2.154 2 1 8 0 0.3457 0.3500 1.6 2.0 0.4627 0.0003 0.005182 0.456279 0.0343 0 4.1800 0  988 1083 1158 1249 1305 1292 1093 957  1 1 0 0 0 2 0 18 0 11.42 
2.159 2 1 8 0 0.3460 0.3500 1.3 1.9 0.4643 0.0003 0.005182 0.455969 -0.0422 1 4.1800 0  987 1087 1151 1261 1334 1301 1083 974  1 1 0 0 0 0 0 20 0 11.42 
2.164 2 1 8 0 0.3400 0.3500 1.1 2.1 0.4659 0.0003 0.005182 0.456443 -0.2529 1 4.1800 0  984 1075 1138 1271 1347 1303 1085 996  1 1 0 0 0 0 0 20 0 11.41 
2.169 2 1 8 0 0.3300 0.3500 1.3 1.7 0.4675 0.0004 0.005182 0.456647 -0.4158 1 4.1800 0  977 1069 1141 1287 1363 1304 1078 974  1 1 0 0 0 0 0 20 0 11.42 
2.174 2 1 8 0 0.3297 0.3500 1.6 2.4 0.4691 0.0004 0.005182 0.456137 -0.4490 1 4.1800 0  960 1098 1152 1304 1396 1314 1088 979  1 1 0 0 0 0 0 20 0 11.42 
2.179 2 1 8 0 0.3352 0.3500 1.6 2.2 0.4707 0.0004 0.005182 0.455536 -0.6441 1 4.1800 0  953 1057 1134 1321 1372 1294 1091 985  1 1 0 0 0 0 0 20 0 11.41 
2.184 2 1 8 0 0.3349 0.3500 1.7 2.1 0.4725 0.0004 0.002591 0.455843 -0.7034 1 2.5864 1  948 1067 1155 1339 1400 1312 1084 953  1 1 0 0 0 0 0 20 4 11.42 
2.189 2 1 8 0 0.3379 0.3500 1.7 1.7 0.4741 0.0004 0.002591 0.456500 -0.7357 1 4.1800 0  948 1093 1169 1347 1413 1311 1083 976  1 1 0 0 0 0 0 20 6 11.41 
2.194 2 1 8 0 0.3319 0.3500 2.4 2.0 0.4757 0.0004 0.002591 0.457178 -1.0411 1 2.2619 1  945 1077 1200 1367 1394 1298 1080 927  1 1 0 0 0 0 0 20 11 11.42 
2.199 2 1 8 0 0.3339 0.3498 2.9 1.8 0.4775 0.0004 0.005182 0.456692 -0.9631 1 3.2320 1  942 1081 1194 1375 1411 1320 1069 960  1 1 0 0 0 0 0 20 13 11.42 
2.204 2 1 8 0 0.3484 0.3500 1.8 1.8 0.4791 0.0004 0.005182 0.456406 -0.8489 1 1.9511 1  948 1103 1184 1378 1425 1301 1070 953  1 1 0 0 0 0 0 20 9 11.41 
2.209 2 1 8 0 0.3463 0.3500 1.7 1.9 0.4807 0.0004 0.005182 0.456765 -1.0266 1 1.8299 1  949 1092 1208 1380 1411 1294 1060 931  1 1 0 0 0 0 0 20 11 11.42 
2.214 2 1 8 0 0.3441 0.3500 2.1 1.9 0.4823 0.0004 0.005182 0.457327 -0.9938 1 1.7902 1  958 1105 1205 1378 1402 1284 1060 930  1 1 0 0 0 0 0 20 13 11.42 
