%% logfile from robot Susanne (58)
% Susanne (58)
%  1    time 0.003 sec
%  2  3  4  5   (mission 0), state 2, entered (thread 1, line 0), events 0x0 (bit-flags)
%  6  7 Motor velocity ref left, right: 0.0000 0.0000
%  8  9 Motor voltage [V] left, right: 0.0 0.0
% 10 11 12 13 Pose x,y,h,tilt [m,m,rad,rad]: 0 0 0 0.441798
% 14 .. 34 Line sensor: left 0.000000 0, right 0.000000 0, values 1114 1234 1316 1424 1423 1338 1124 1010, white 1, used 1, LEDhigh=0, xb=0 xw=0 xbc=0 xwc=0 lvl=0 lvr=0
% 35    Battery voltage [V]: 11.46
0.008 2 1 0 0 0.0000 0.0000 0.0 0.0 0.0000 0.0000 0.000000 0.441938 0.0000 0 0.0000 0  1110 1231 1319 1422 1440 1333 1115 1010  1 1 0 0 0 0 0 0 0 11.46 
0.013 2 1 0 0 0.0000 0.0000 0.0 0.0 0.0000 0.0000 0.000000 0.442080 0.0000 0 0.0000 0  1104 1232 1314 1422 1443 1335 1120 1006  1 1 0 0 0 0 0 0 0 11.45 
0.018 2 1 0 0 0.0000 0.0000 0.0 0.0 0.0000 0.0000 0.000000 0.442226 0.0000 0 0.0000 0  1113 1233 1314 1428 1440 1335 1116 1005  1 1 0 0 0 0 0 0 0 11.46 
0.023 2 1 0 0 0.0000 0.0000 0.0 0.0 0.0000 0.0000 0.000000 0.442376 0.0000 0 0.0000 0  1115 1230 1315 1429 1439 1333 1120 1012  1 1 0 0 0 0 0 0 0 11.46 
0.028 2 1 0 0 0.0000 0.0000 0.0 0.0 0.0000 0.0000 0.000000 0.442503 0.0000 0 0.0000 0  1101 1229 1316 1422 1441 1333 1118 1009  1 1 0 0 0 0 0 0 0 11.45 
0.033 2 1 0 0 0.0000 0.0000 0.0 0.0 0.0000 0.0000 0.000000 0.442640 0.0000 0 0.0000 0  1105 1232 1316 1421 1443 1337 1117 1008  1 1 0 0 0 0 0 0 0 11.46 
0.038 2 1 0 0 0.0000 0.0000 0.0 0.0 0.0000 0.0000 0.000000 0.442778 0.0000 0 0.0000 0  1104 1234 1314 1423 1441 1331 1121 1010  1 1 0 0 0 0 0 0 0 11.46 
0.043 2 1 0 0 0.0000 0.0000 0.0 0.0 0.0000 0.0000 0.000000 0.442921 0.0000 0 0.0000 0  1111 1235 1314 1424 1444 1334 1118 1009  1 1 0 0 0 0 0 0 0 11.46 
0.048 2 1 0 0 0.0000 0.0000 0.0 0.0 0.0000 0.0000 0.000000 0.443059 0.0000 0 0.0000 0  1114 1234 1315 1423 1441 1334 1122 1009  1 1 0 0 0 0 0 0 0 11.45 
0.053 2 1 1 0 0.0060 0.0060 0.1 0.1 0.0000 0.0000 0.000000 0.443210 0.0000 0 0.0000 0  1115 1230 1314 1422 1445 1337 1120 1007  1 1 0 0 0 0 0 0 0 11.45 
0.058 2 1 1 0 0.0160 0.0160 0.3 0.3 0.0000 0.0000 0.000000 0.443351 0.0000 0 0.0000 0  1103 1235 1311 1425 1440 1330 1117 1015  1 1 0 0 0 0 0 0 0 11.45 
0.063 2 1 1 0 0.0260 0.0260 0.5 0.5 0.0000 0.0000 0.000000 0.443489 0.0000 0 0.0000 0  1104 1244 1318 1426 1434 1320 1115 1006  1 1 0 0 0 0 0 0 0 11.46 
0.068 2 1 1 0 0.0360 0.0360 0.7 0.7 0.0000 0.0000 0.000000 0.443640 0.0000 0 0.0000 0  1107 1234 1318 1445 1440 1333 1105 1007  1 1 0 0 0 0 0 0 0 11.45 
0.073 2 1 1 0 0.0460 0.0460 0.9 0.9 0.0000 0.0000 0.000000 0.443774 0.0000 0 0.0000 0  1109 1235 1316 1420 1440 1338 1122 1008  1 1 0 0 0 0 0 0 0 11.46 
0.078 2 1 1 0 0.0560 0.0560 1.1 1.1 0.0000 0.0000 0.000000 0.443907 0.0000 0 0.0000 0  1079 1227 1316 1407 1424 1335 1133 1005  1 1 0 0 0 0 0 0 0 11.44 
0.083 2 1 1 0 0.0660 0.0580 1.3 1.1 0.0002 0.0000 0.002591 0.444037 0.0000 0 0.0000 0  1118 1234 1317 1447 1443 1337 1114 1005  1 1 0 0 0 0 0 0 0 11.45 
0.088 2 1 1 0 0.0760 0.0580 1.5 0.4 0.0004 0.0000 0.005182 0.444180 0.0000 0 0.0000 0  1087 1245 1316 1414 1434 1318 1112 1010  1 1 0 0 0 0 0 0 0 11.45 
0.093 2 1 1 0 0.0860 0.0640 1.7 0.5 0.0006 0.0000 0.002591 0.444320 0.0000 0 0.0000 0  1124 1232 1300 1426 1436 1320 1114 1010  1 1 0 0 0 0 0 0 0 11.45 
0.098 2 1 1 0 0.0900 0.0740 0.4 0.9 0.0008 0.0000 0.000000 0.444402 0.0000 0 0.0000 0  1104 1238 1320 1418 1420 1335 1118 1009  1 1 0 0 0 0 0 0 0 11.45 
0.103 2 1 1 0 0.0900 0.0840 0.4 1.2 0.0010 0.0000 -0.002591 0.444242 0.0000 0 0.0000 0  1116 1240 1318 1414 1434 1321 1121 989  1 1 0 0 0 0 0 0 0 11.45 
0.108 2 1 1 0 0.0900 0.0940 0.8 1.5 0.0014 0.0000 -0.002591 0.442906 0.0000 0 0.0000 0  1095 1240 1318 1414 1422 1337 1102 1006  1 1 0 0 0 0 0 0 0 11.45 
0.113 2 1 1 0 0.0900 0.1040 1.0 1.7 0.0014 0.0000 -0.002591 0.442257 0.0000 0 0.0000 0  1102 1231 1300 1427 1447 1323 1142 1006  1 1 0 0 0 0 0 0 0 11.45 
0.118 2 1 1 0 0.0960 0.1140 1.4 1.9 0.0014 0.0000 -0.002591 0.443010 0.0000 0 0.0000 0  1109 1209 1314 1406 1429 1336 1124 989  1 1 0 0 0 0 0 0 0 11.45 
0.123 2 1 1 0 0.1060 0.1200 1.7 1.9 0.0016 0.0000 0.000000 0.443352 0.0000 0 0.0000 0  1093 1219 1318 1427 1436 1317 1127 1007  1 1 0 0 0 0 0 0 0 11.45 
0.128 2 1 1 0 0.1160 0.1200 2.0 1.9 0.0016 0.0000 0.000000 0.442653 0.0000 0 0.0000 0  1103 1229 1317 1415 1448 1340 1099 1004  1 1 0 0 0 0 0 0 0 11.45 
0.133 2 1 1 0 0.1260 0.1240 2.2 1.7 0.0020 0.0000 0.000000 0.441625 0.0000 0 0.0000 0  1100 1219 1324 1404 1430 1328 1124 1005  1 1 0 0 0 0 0 0 0 11.44 
0.138 2 1 1 0 0.1360 0.1320 2.4 1.8 0.0022 0.0000 0.002591 0.441124 0.0000 0 0.0000 0  1108 1236 1318 1413 1445 1322 1123 1012  1 1 0 0 0 0 0 0 0 11.43 
0.143 2 1 1 0 0.1440 0.1440 2.2 2.1 0.0024 0.0000 0.000000 0.440830 0.0000 0 0.0000 0  1105 1213 1321 1405 1432 1335 1103 1013  1 1 0 0 0 0 0 0 0 11.44 
0.148 2 1 1 0 0.1540 0.1480 2.4 2.1 0.0026 0.0000 0.002591 0.440436 0.0000 0 0.0000 0  1115 1214 1324 1429 1433 1331 1095 1014  1 1 0 0 0 0 0 0 0 11.44 
0.153 2 1 1 0 0.1620 0.1580 2.5 2.1 0.0030 0.0000 0.002591 0.440247 0.0000 0 0.0000 0  1108 1241 1320 1410 1435 1320 1102 992  1 1 0 0 0 0 0 0 0 11.44 
0.158 2 1 1 0 0.1700 0.1600 2.2 2.2 0.0034 0.0000 0.002591 0.440239 0.0000 0 0.0000 0  1118 1235 1317 1412 1439 1336 1130 1012  1 1 0 0 0 0 0 0 0 11.44 
0.163 2 1 1 0 0.1780 0.1660 2.4 2.3 0.0036 0.0000 0.000000 0.439547 0.0000 0 0.0000 0  1133 1237 1318 1439 1436 1332 1135 1006  1 1 0 0 0 0 0 0 0 11.44 
0.168 2 1 1 0 0.1880 0.1760 2.6 2.0 0.0042 0.0000 0.002591 0.438357 0.0000 0 0.0000 0  1124 1219 1321 1439 1415 1331 1139 975  1 1 0 0 0 0 0 0 0 11.44 
0.173 2 1 1 0 0.1980 0.1840 2.7 2.1 0.0046 0.0000 0.002591 0.437681 0.0000 0 0.0000 0  1121 1233 1322 1422 1435 1338 1120 999  1 1 0 0 0 0 0 0 0 11.44 
0.178 2 1 1 0 0.2080 0.1920 2.6 2.4 0.0050 0.0000 0.002591 0.437365 0.0000 0 0.0000 0  1133 1267 1345 1456 1455 1315 1119 988  1 1 0 0 0 0 0 0 0 11.43 
0.183 2 1 1 0 0.2160 0.2000 2.9 2.5 0.0054 0.0000 0.002591 0.436876 0.0000 0 0.0000 0  1103 1234 1322 1409 1432 1332 1119 999  1 1 0 0 0 0 0 0 0 11.44 
0.188 2 1 1 0 0.2220 0.2060 2.9 2.1 0.0060 0.0000 0.005182 0.436367 0.0000 0 0.0000 0  1099 1224 1326 1418 1419 1335 1104 1027  1 1 0 0 0 0 0 0 0 11.44 
0.193 2 1 1 0 0.2280 0.2100 2.6 2.3 0.0066 0.0000 0.002591 0.436034 0.0000 0 0.0000 0  1100 1242 1302 1394 1448 1313 1111 1006  1 1 0 0 0 0 0 0 0 11.44 
0.198 2 1 1 0 0.2300 0.2180 2.6 2.8 0.0070 0.0000 0.002591 0.435658 0.0000 0 0.0000 0  1089 1217 1318 1422 1442 1330 1115 1003  1 1 0 0 0 0 0 0 0 11.44 
0.203 2 1 1 0 0.2380 0.2280 2.4 2.4 0.0078 0.0000 0.002591 0.435204 0.0000 0 0.0000 0  1090 1214 1320 1416 1421 1332 1139 998  1 1 0 0 0 0 0 0 0 11.44 
0.208 2 1 1 0 0.2460 0.2380 2.9 2.3 0.0086 0.0000 0.002591 0.434541 0.0000 0 0.0000 0  1092 1238 1313 1403 1395 1334 1139 982  1 1 0 0 0 0 0 0 0 11.44 
0.213 2 1 1 0 0.2560 0.2480 2.5 2.7 0.0094 0.0000 0.002591 0.433696 0.0000 0 0.0000 0  1086 1205 1304 1410 1419 1333 1137 1020  1 1 0 0 0 0 0 0 0 11.44 
0.218 2 1 1 0 0.2620 0.2580 2.9 3.0 0.0100 0.0000 0.000000 0.433365 0.0000 0 0.0000 0  1076 1203 1314 1414 1414 1338 1128 1012  1 1 0 0 0 0 0 0 0 11.44 
0.223 2 1 1 0 0.2660 0.2680 2.5 3.0 0.0108 0.0000 0.000000 0.433227 0.0000 0 0.0000 0  1082 1185 1294 1412 1422 1335 1135 1002  1 1 0 0 0 0 0 0 0 11.44 
0.228 2 1 1 0 0.2700 0.2740 3.2 3.0 0.0116 0.0000 0.000000 0.432612 0.0000 0 0.0000 0  1076 1230 1311 1405 1404 1313 1133 1003  1 1 0 0 0 0 0 0 0 11.44 
0.233 2 1 1 0 0.2780 0.2760 3.1 2.4 0.0127 0.0000 0.002591 0.431705 0.0000 0 0.0000 0  1077 1233 1310 1411 1444 1330 1121 1019  1 1 0 0 0 0 0 0 0 11.44 
0.238 2 1 1 0 0.2860 0.2820 2.8 3.0 0.0135 0.0000 0.002591 0.431276 0.0000 0 0.0000 0  1070 1200 1289 1408 1414 1328 1138 1031  1 1 0 0 0 0 0 0 0 11.44 
0.243 2 1 1 0 0.2900 0.2880 2.4 2.8 0.0145 0.0000 0.000000 0.431004 0.0000 0 0.0000 0  1069 1223 1309 1409 1438 1324 1114 1009  1 1 0 0 0 0 0 0 0 11.44 
0.248 2 1 1 0 0.2960 0.2920 2.6 2.6 0.0155 0.0000 0.002591 0.430417 0.0000 0 0.0000 0  1057 1158 1307 1411 1390 1321 1133 1018  1 1 0 0 0 0 0 0 0 11.44 
0.253 2 1 1 0 0.3000 0.2980 2.9 2.4 0.0165 0.0000 0.000000 0.429937 0.0000 0 0.0000 0  1060 1178 1298 1413 1403 1301 1135 1023  1 1 0 0 0 0 0 0 0 11.44 
0.258 2 1 1 0 0.3040 0.3040 2.2 2.9 0.0177 0.0000 0.000000 0.429566 0.0000 0 0.0000 0  1047 1171 1323 1406 1417 1328 1127 1029  1 1 0 0 0 0 0 0 0 11.44 
0.263 2 1 1 0 0.3080 0.3140 2.4 3.0 0.0185 0.0000 0.000000 0.428900 0.0000 0 0.0000 0  1045 1197 1295 1405 1403 1331 1132 1011  1 1 0 0 0 0 0 0 0 11.43 
0.268 2 1 1 0 0.3180 0.3220 3.4 2.8 0.0197 0.0000 0.000000 0.427829 0.0000 0 0.0000 0  1031 1147 1286 1402 1400 1320 1133 1030  1 1 0 0 0 0 0 0 0 11.43 
0.273 2 1 1 0 0.3280 0.3300 2.7 2.9 0.0209 0.0000 0.000000 0.427477 0.0000 0 0.0000 0  1023 1153 1274 1399 1407 1326 1128 995  1 1 0 0 0 0 0 0 0 11.43 
0.278 2 1 1 0 0.3340 0.3360 2.2 2.9 0.0221 0.0000 0.000000 0.427476 0.0000 0 0.0000 0  1021 1162 1259 1392 1424 1315 1129 1035  1 1 0 0 0 0 0 0 0 11.43 
0.283 2 1 1 0 0.3400 0.3420 2.8 2.9 0.0233 0.0000 0.000000 0.426802 0.0000 0 0.0000 0  1028 1146 1285 1386 1418 1346 1128 994  1 1 0 0 0 0 0 0 0 11.42 
0.288 2 1 1 0 0.3480 0.3500 2.7 2.9 0.0249 0.0000 0.000000 0.426222 0.0000 0 0.0000 0  1032 1162 1262 1385 1420 1335 1135 1025  1 1 0 0 0 0 0 0 0 11.43 
0.293 2 1 1 0 0.3580 0.3600 3.3 2.9 0.0261 0.0000 0.000000 0.425493 0.0000 0 0.0000 0  1025 1139 1246 1377 1390 1326 1140 1020  1 1 0 0 0 0 0 0 0 11.42 
0.298 2 1 1 0 0.3660 0.3660 3.0 3.0 0.0273 0.0000 0.000000 0.424343 0.0000 0 0.0000 0  1011 1151 1233 1363 1412 1312 1137 1003  1 1 0 0 0 0 0 0 0 11.42 
0.303 2 1 1 0 0.3740 0.3740 3.1 2.9 0.0289 0.0000 0.000000 0.423781 0.0000 0 0.0000 0  1001 1161 1250 1356 1399 1306 1134 1030  1 1 0 0 0 0 0 0 0 11.43 
0.308 2 1 1 0 0.3820 0.3740 3.3 2.9 0.0303 0.0000 0.002591 0.423393 0.0000 0 0.0000 0  1012 1131 1277 1366 1378 1345 1127 1029  1 1 0 0 0 0 0 0 0 11.42 
0.313 2 1 1 0 0.3863 0.3757 3.0 2.4 0.0317 0.0000 0.000000 0.423178 0.0000 0 0.0000 0  1010 1131 1252 1352 1372 1315 1127 1014  1 1 0 0 0 0 0 0 0 11.43 
0.318 2 1 1 0 0.3883 0.3806 2.9 2.9 0.0333 0.0000 0.000000 0.423003 0.0000 0 0.0000 0  1037 1144 1239 1344 1365 1293 1122 1025  1 1 0 0 0 0 0 0 0 11.43 
0.323 2 1 1 0 0.3863 0.3866 3.2 3.0 0.0349 0.0000 0.000000 0.422306 0.0000 0 0.0000 0  1055 1166 1246 1342 1367 1276 1119 1011  1 1 0 0 0 0 0 0 0 11.42 
0.328 2 1 1 0 0.3888 0.3886 2.9 2.8 0.0363 0.0000 0.002591 0.421446 0.0000 0 0.0000 0  1068 1197 1262 1361 1372 1304 1138 1039  1 1 0 0 0 0 0 0 0 11.42 
0.333 2 1 1 0 0.3948 0.3826 2.9 2.4 0.0380 0.0000 0.002591 0.420873 0.0000 0 0.0000 0  1116 1249 1299 1381 1376 1297 1130 1014  1 1 0 0 0 0 0 0 0 11.42 
0.338 2 1 1 0 0.4000 0.3804 2.7 2.9 0.0396 0.0001 0.002591 0.420974 0.0000 0 0.0000 0  1130 1258 1319 1419 1395 1291 1116 1040  1 1 0 0 0 0 0 0 0 11.43 
0.343 2 1 1 0 0.4000 0.3832 2.3 2.7 0.0412 0.0001 0.002591 0.421254 0.0000 0 0.0000 0  1105 1274 1336 1450 1420 1255 1103 1025  1 1 0 0 0 0 0 0 0 11.42 
0.348 2 1 1 0 0.3980 0.3861 2.6 2.6 0.0428 0.0001 0.002591 0.420982 0.0000 0 0.0000 0  1130 1271 1369 1479 1437 1316 1113 991  1 1 0 0 0 0 0 0 0 11.43 
0.353 2 1 1 0 0.3960 0.3880 3.0 2.7 0.0446 0.0001 0.000000 0.420174 0.0000 0 0.0000 0  1108 1268 1376 1510 1489 1348 1126 1026  1 1 0 0 0 0 0 0 0 11.42 
0.358 2 1 1 0 0.4000 0.3844 2.6 2.4 0.0464 0.0001 0.002591 0.419691 0.0000 0 0.0000 0  1110 1273 1390 1498 1501 1377 1149 1000  1 1 0 0 0 0 0 0 0 11.43 
0.363 2 1 1 0 0.4000 0.3851 1.9 2.4 0.0480 0.0001 0.002591 0.420403 0.0000 0 0.0000 0  1116 1256 1366 1494 1514 1419 1190 1057  1 1 0 0 0 0 0 0 0 11.43 
0.368 2 1 1 0 0.3920 0.3935 1.9 2.6 0.0498 0.0001 0.000000 0.420636 0.0000 0 0.0000 0  1115 1260 1380 1476 1507 1421 1202 1074  1 1 0 0 0 0 0 0 0 11.44 
0.373 2 1 1 0 0.3842 0.4000 2.0 2.4 0.0514 0.0001 0.000000 0.420208 0.0000 0 0.0000 0  1132 1284 1377 1476 1498 1415 1210 1087  1 1 0 0 0 0 0 0 0 11.43 
0.378 2 1 1 0 0.3875 0.4000 2.5 2.5 0.0534 0.0001 0.000000 0.419295 0.0000 0 0.0000 0  1131 1280 1391 1484 1507 1431 1222 1100  1 1 0 0 0 0 0 0 0 11.43 
0.383 2 1 1 0 0.3890 0.4000 2.3 2.3 0.0550 0.0001 0.000000 0.419493 0.0000 0 0.0000 0  1137 1283 1402 1528 1550 1468 1241 1098  1 1 0 0 0 0 0 0 0 11.43 
0.388 2 1 1 0 0.3890 0.4000 1.6 2.7 0.0568 0.0001 -0.002591 0.420387 0.0000 0 0.0000 0  1138 1288 1380 1504 1528 1415 1213 1097  1 1 0 0 0 0 0 0 0 11.43 
0.393 2 1 1 0 0.3790 0.4000 1.9 2.4 0.0588 0.0001 -0.002591 0.420870 0.0000 0 0.0000 0  1119 1288 1384 1489 1532 1450 1218 1094  1 1 0 0 0 0 0 0 0 11.43 
0.398 2 1 1 0 0.3988 0.3988 1.8 2.3 0.0606 0.0001 0.000000 0.420208 0.0000 0 0.0000 0  1149 1301 1395 1514 1509 1433 1229 1106  1 1 0 0 0 0 0 0 0 11.43 
0.403 2 1 1 0 0.4000 0.3967 2.2 2.3 0.0623 0.0001 0.000000 0.419651 0.0000 0 0.0000 0  1171 1308 1397 1513 1528 1438 1237 1122  1 1 0 0 0 0 0 0 0 11.43 
0.408 2 1 1 0 0.4000 0.3976 1.6 2.2 0.0643 0.0001 0.000000 0.419982 0.0000 0 0.0000 0  1164 1318 1414 1512 1513 1429 1223 1110  1 1 0 0 0 0 0 0 0 11.44 
0.413 2 1 1 0 0.3940 0.4000 2.5 2.3 0.0661 0.0001 -0.002591 0.420112 0.0000 0 0.0000 0  1159 1306 1423 1518 1541 1447 1225 1109  1 1 0 0 0 0 1 0 0 11.44 
0.418 2 1 1 0 0.3840 0.4000 2.0 2.0 0.0681 0.0001 -0.002591 0.419260 0.0000 0 0.0000 0  1116 1292 1425 1522 1552 1479 1228 1101  1 1 0 0 0 0 0 0 0 11.44 
0.423 2 1 1 0 0.3780 0.4000 1.7 2.8 0.0697 0.0001 -0.002591 0.418768 0.0000 0 0.0000 0  1144 1285 1421 1519 1567 1464 1245 1106  1 1 0 0 0 0 0 0 0 11.43 
0.428 2 1 1 0 0.3793 0.4000 1.8 2.0 0.0717 0.0000 -0.002591 0.418724 0.0000 0 0.0000 0  1150 1298 1385 1495 1562 1462 1250 1117  1 1 0 0 0 0 0 0 0 11.45 
0.433 2 1 1 0 0.3819 0.4000 1.8 2.5 0.0737 0.0000 -0.002591 0.419115 0.0000 0 0.0000 0  1169 1291 1383 1520 1551 1475 1222 1116  1 1 0 0 0 0 0 0 0 11.44 
0.438 2 1 1 0 0.3839 0.4000 2.3 2.1 0.0757 0.0000 -0.002591 0.419256 0.0000 0 0.0000 0  1171 1306 1394 1515 1531 1428 1231 1125  1 1 0 0 0 0 0 0 0 11.44 
0.443 2 1 1 0 0.3855 0.4000 2.5 1.9 0.0773 0.0000 -0.002591 0.418530 0.0000 0 0.0000 0  1145 1314 1403 1526 1531 1415 1214 1114  1 1 0 0 0 0 0 0 0 11.43 
0.448 2 1 1 0 0.3866 0.4000 2.1 1.9 0.0793 0.0000 -0.002591 0.418264 0.0000 0 0.0000 0  1178 1308 1409 1530 1538 1441 1188 1076  1 1 0 0 0 0 0 0 0 11.44 
0.453 2 1 1 0 0.3875 0.4000 1.6 2.2 0.0813 0.0000 -0.002591 0.418583 0.0000 0 0.0000 0  1178 1316 1418 1553 1545 1414 1212 1074  1 1 0 0 0 0 0 0 0 11.44 
0.458 2 1 1 0 0.3861 0.4000 1.9 2.3 0.0831 0.0000 -0.005182 0.418784 0.0000 0 0.0000 0  1173 1322 1430 1555 1534 1430 1238 1095  1 1 0 0 0 0 0 0 0 11.44 
0.463 2 1 1 0 0.3899 0.4000 2.0 2.1 0.0849 0.0000 -0.002591 0.417917 0.0000 0 0.0000 0  1174 1325 1445 1605 1565 1443 1228 1097  1 1 0 0 0 0 1 0 0 11.44 
0.468 2 1 1 0 0.3900 0.4000 2.3 2.1 0.0870 0.0000 -0.002591 0.418192 0.0000 0 0.0000 0  1160 1311 1437 1577 1579 1461 1252 1096  1 1 0 0 0 0 0 0 0 11.45 
0.473 2 1 1 0 0.3901 0.4000 1.9 2.9 0.0890 0.0000 -0.002591 0.418697 0.0000 0 0.0000 0  1135 1296 1414 1565 1584 1471 1245 1104  1 1 0 0 0 0 0 0 0 11.44 
0.478 2 1 1 0 0.3890 0.4000 1.7 2.3 0.0906 0.0000 -0.002591 0.419046 0.0000 0 0.0000 0  1125 1281 1400 1510 1558 1466 1241 1118  1 1 0 0 0 0 0 0 0 11.44 
0.483 2 1 1 0 0.3893 0.4000 2.5 2.1 0.0926 -0.0000 -0.002591 0.418706 0.0000 0 0.0000 0  1124 1303 1394 1513 1536 1454 1255 1119  1 1 0 0 0 0 0 0 0 11.45 
0.488 2 1 1 0 0.3895 0.4000 1.6 2.2 0.0946 -0.0000 -0.002591 0.418528 0.0000 0 0.0000 0  1106 1276 1386 1496 1524 1427 1234 1109  1 1 0 0 0 0 0 0 0 11.45 
0.493 2 1 1 0 0.3896 0.4000 2.1 2.0 0.0966 -0.0000 -0.002591 0.419028 0.0000 0 0.0000 0  1117 1261 1374 1492 1526 1439 1258 1107  1 1 0 0 0 0 0 0 0 11.45 
0.498 2 1 1 0 0.3876 0.4000 2.7 2.1 0.0982 -0.0000 -0.002591 0.418643 0.0000 0 0.0000 0  1106 1248 1364 1501 1524 1429 1238 1103  1 1 0 0 0 0 0 0 0 11.45 
0.503 2 1 1 0 0.3927 0.4000 1.9 2.0 0.1002 -0.0000 -0.002591 0.417883 0.0000 0 0.0000 0  1085 1232 1358 1497 1509 1425 1203 1099  1 1 0 0 0 0 0 0 0 11.45 
0.508 2 1 1 0 0.3920 0.4000 1.9 2.0 0.1022 -0.0000 -0.002591 0.417746 0.0000 0 0.0000 0  1041 1210 1338 1459 1525 1429 1218 1088  1 1 0 0 0 0 0 0 0 11.45 
0.513 2 1 1 0 0.3896 0.4000 1.6 2.2 0.1040 -0.0000 -0.005182 0.418240 0.0000 0 0.0000 0  1028 1176 1311 1433 1520 1422 1203 1092  1 1 0 0 0 0 0 0 0 11.45 
0.518 2 1 1 0 0.3836 0.4000 1.6 2.0 0.1058 -0.0000 -0.002591 0.418236 0.0000 0 0.0000 0  1015 1145 1273 1431 1501 1426 1226 1102  1 1 0 0 0 0 0 0 0 11.45 
0.523 2 1 1 0 0.3936 0.4000 2.8 2.1 0.1078 -0.0001 -0.002591 0.417837 0.0000 0 0.0000 0  1011 1140 1245 1400 1431 1395 1223 1074  1 1 0 0 0 0 0 0 0 11.45 
0.528 2 1 1 0 0.3942 0.4000 1.7 2.1 0.1098 -0.0001 -0.002591 0.417924 0.0000 0 0.0000 0  1007 1126 1229 1373 1388 1352 1204 1080  1 1 0 0 0 0 0 0 0 11.45 
0.533 2 1 1 0 0.3953 0.3980 1.9 2.1 0.1117 -0.0001 0.000000 0.418333 0.0000 0 0.0000 0  1002 1113 1229 1351 1368 1320 1152 1054  1 1 0 0 0 0 0 0 0 11.45 
0.538 2 1 1 0 0.3910 0.4000 2.1 2.1 0.1135 -0.0001 -0.002591 0.418734 0.0000 0 0.0000 0  1001 1127 1221 1331 1373 1293 1135 1040  1 1 0 0 0 0 0 0 0 11.45 
0.543 2 1 1 0 0.3905 0.4000 1.9 2.0 0.1155 -0.0001 -0.002591 0.418049 0.0000 0 0.0000 0  1002 1110 1223 1340 1357 1285 1082 1024  1 1 0 0 0 0 0 0 0 11.45 
0.548 2 1 1 0 0.3922 0.3980 2.5 1.9 0.1173 -0.0001 0.000000 0.417628 0.0000 0 0.0000 0  1014 1113 1222 1336 1367 1282 1102 998  1 1 0 0 0 0 0 0 0 11.45 
0.553 2 1 1 0 0.3942 0.3960 2.7 2.0 0.1193 -0.0001 0.000000 0.418137 0.0000 0 0.0000 0  1020 1139 1232 1338 1324 1280 1072 963  1 1 0 0 0 0 0 0 0 11.45 
0.558 2 1 1 0 0.3882 0.4000 1.7 2.2 0.1213 -0.0001 -0.005182 0.418815 0.0000 0 0.0000 0  1017 1160 1235 1339 1366 1284 1073 931  1 1 0 0 0 0 0 0 0 11.45 
0.563 2 1 1 0 0.3886 0.4000 2.2 2.0 0.1231 -0.0001 -0.002591 0.418424 0.0000 0 0.0000 0  1014 1144 1231 1335 1366 1283 1068 965  1 1 0 0 0 0 0 0 0 11.45 
0.568 2 1 1 0 0.3886 0.4000 1.7 1.9 0.1251 -0.0001 -0.002591 0.418312 0.0000 0 0.0000 0  1015 1141 1235 1339 1357 1275 1086 967  1 1 0 0 0 0 0 0 0 11.45 
0.573 2 1 1 0 0.3905 0.3980 1.7 2.0 0.1269 -0.0001 0.000000 0.418842 0.0000 0 0.0000 0  1014 1149 1236 1316 1382 1283 1087 969  1 1 0 0 0 0 0 0 0 11.45 
0.578 2 1 1 0 0.3860 0.4000 1.5 2.1 0.1287 -0.0001 -0.002591 0.419420 0.0000 0 0.0000 0  1022 1161 1245 1345 1362 1264 1090 986  1 1 0 0 0 0 0 0 0 11.45 
0.583 2 1 1 0 0.3864 0.4000 1.6 2.1 0.1307 -0.0001 -0.002591 0.420214 0.0000 0 0.0000 0  1031 1160 1243 1350 1345 1265 1086 955  1 1 0 0 0 0 0 0 0 11.45 
0.588 2 1 1 0 0.3868 0.4000 2.0 2.0 0.1327 -0.0001 -0.002591 0.420720 0.0000 0 0.0000 0  1031 1169 1237 1348 1357 1286 1114 988  1 1 0 0 0 0 0 0 0 11.44 
0.593 2 1 1 0 0.3870 0.4000 1.5 2.0 0.1347 -0.0001 -0.002591 0.420907 0.0000 0 0.0000 0  1034 1168 1241 1342 1371 1270 1086 963  1 1 0 0 0 0 0 0 0 11.45 
0.598 2 1 1 0 0.3851 0.4000 2.7 2.3 0.1366 -0.0001 -0.005182 0.421514 0.0000 0 0.0000 0  1038 1169 1225 1343 1355 1256 1089 963  1 1 0 0 0 0 0 0 0 11.45 
0.603 2 1 1 0 0.3831 0.4000 2.9 1.8 0.1384 -0.0001 -0.002591 0.421512 0.0000 0 0.0000 0  1032 1159 1271 1336 1355 1278 1087 969  1 1 0 0 0 0 0 0 0 11.45 
0.608 2 1 1 0 0.3913 0.4000 1.7 2.0 0.1404 -0.0001 -0.002591 0.421480 0.0000 0 0.0000 0  1028 1177 1244 1364 1358 1264 1089 942  1 1 0 0 0 0 0 0 0 11.45 
0.613 2 1 1 0 0.3904 0.4000 1.6 2.0 0.1424 -0.0001 -0.002591 0.422455 0.0000 0 0.0000 0  1034 1174 1266 1376 1399 1266 1087 936  1 1 0 0 0 0 0 0 0 11.45 
0.618 2 1 1 0 0.3897 0.4000 1.6 1.8 0.1444 -0.0001 -0.002591 0.423047 0.0000 0 0.0000 0  1022 1147 1269 1374 1386 1279 1086 995  1 1 0 0 0 0 0 0 0 11.45 
0.623 2 1 1 0 0.3955 0.3940 2.1 1.8 0.1462 -0.0001 0.000000 0.422811 0.0000 0 0.0000 0  1017 1172 1275 1382 1380 1299 1100 972  1 1 0 0 0 0 0 0 0 11.45 
0.628 2 1 1 0 0.3855 0.4000 1.7 1.8 0.1480 -0.0002 -0.002591 0.422584 0.0000 0 0.0000 0  1013 1161 1252 1380 1404 1301 1106 991  1 1 0 0 0 0 0 0 0 11.45 
0.633 2 1 1 0 0.3856 0.4000 1.6 2.1 0.1500 -0.0002 -0.002591 0.423126 0.0000 0 0.0000 0  1007 1146 1274 1379 1410 1314 1126 1002  1 1 0 0 0 0 0 0 0 11.45 
0.638 2 1 1 0 0.3878 0.3980 1.9 2.1 0.1518 -0.0002 0.000000 0.423786 0.0000 0 0.0000 0  1013 1143 1295 1373 1401 1340 1125 977  1 1 0 0 0 0 0 0 0 11.45 
0.643 2 1 1 0 0.3978 0.3880 2.4 1.8 0.1538 -0.0002 0.000000 0.423780 0.0000 0 0.0000 0  1012 1151 1251 1372 1396 1298 1122 986  1 1 0 0 0 0 0 0 0 11.45 
0.648 2 1 1 0 0.4000 0.3882 1.8 1.5 0.1558 -0.0002 0.000000 0.423454 0.0000 0 0.0000 0  1004 1147 1264 1378 1368 1310 1103 1003  1 1 0 0 0 0 0 0 0 11.45 
0.653 2 1 1 0 0.4000 0.3920 2.7 1.8 0.1578 -0.0002 0.000000 0.424130 0.0000 0 0.0000 0  1013 1151 1267 1374 1375 1303 1129 1006  1 1 0 0 0 0 0 0 0 11.44 
0.658 2 1 1 0 0.3920 0.4000 1.4 2.1 0.1596 -0.0002 -0.002591 0.424970 0.0000 0 0.0000 0  1015 1150 1236 1382 1395 1265 1123 996  1 1 0 0 0 0 0 0 0 11.44 
0.663 2 1 1 0 0.3900 0.3960 2.1 1.9 0.1615 -0.0002 0.000000 0.424616 0.0000 0 0.0000 0  1006 1139 1264 1376 1386 1315 1115 1017  1 1 0 0 0 0 0 0 0 11.44 
0.668 2 1 1 0 0.4000 0.3928 1.8 1.6 0.1635 -0.0002 0.000000 0.424296 0.0000 0 0.0000 0  959 1119 1237 1382 1389 1263 1107 992  1 1 0 0 0 0 0 0 0 11.44 
0.673 2 1 1 0 0.4000 0.3957 1.8 1.9 0.1655 -0.0002 0.000000 0.424885 0.0000 0 0.0000 0  920 1090 1215 1384 1388 1292 1104 991  1 1 0 0 0 0 0 0 0 11.44 
0.678 2 1 1 0 0.3960 0.4000 1.5 2.0 0.1673 -0.0002 -0.002591 0.425510 0.0000 0 0.0000 0  972 1081 1208 1346 1387 1306 1100 1001  1 1 0 0 0 0 0 0 0 11.44 
0.683 2 1 1 0 0.3860 0.4000 1.6 2.1 0.1693 -0.0002 -0.002591 0.425890 0.0000 0 0.0000 0  967 1076 1143 1297 1363 1277 1103 982  1 1 0 0 0 0 0 0 0 11.44 
0.688 2 1 1 0 0.3880 0.3940 1.7 1.7 0.1711 -0.0002 0.000000 0.425615 0.0000 0 0.0000 0  998 1088 1177 1269 1327 1306 1104 959  1 1 0 0 0 0 0 0 0 11.44 
0.693 2 1 1 0 0.3980 0.3946 1.9 1.7 0.1731 -0.0002 0.000000 0.425781 0.0000 0 0.0000 0  1015 1102 1152 1262 1296 1226 1091 994  1 1 0 0 0 0 0 0 0 11.45 
0.698 2 1 1 0 0.4000 0.3972 1.7 2.1 0.1751 -0.0002 0.000000 0.426384 0.0000 0 0.0000 0  1027 1121 1187 1266 1268 1223 1064 972  1 1 0 0 0 0 0 0 0 11.44 
0.703 2 1 1 0 0.4000 0.3992 3.1 1.8 0.1771 -0.0002 0.000000 0.426595 0.0000 0 0.0000 0  1018 1134 1212 1294 1289 1225 1003 927  1 1 0 0 0 0 0 0 0 11.44 
0.708 2 1 1 0 0.3920 0.4000 1.7 1.9 0.1789 -0.0002 -0.002591 0.426496 0.0000 0 0.0000 0  989 1144 1249 1316 1312 1220 1016 894  1 1 0 0 0 0 0 0 0 11.44 
0.713 2 1 1 0 0.3820 0.4000 1.6 2.0 0.1809 -0.0002 -0.002591 0.427272 0.0000 0 0.0000 0  1041 1137 1232 1352 1341 1275 1041 901  1 1 0 0 0 0 0 0 0 11.44 
0.718 2 1 1 0 0.3880 0.3930 1.5 1.9 0.1827 -0.0002 0.000000 0.428066 0.0000 0 0.0000 0  994 1150 1257 1349 1363 1310 1077 936  1 1 0 0 0 0 0 0 0 11.44 
0.723 2 1 1 0 0.4000 0.3960 2.0 1.9 0.1847 -0.0002 0.000000 0.428108 0.0000 0 0.0000 0  1010 1139 1224 1338 1382 1297 1101 966  1 1 0 0 0 0 0 0 0 11.43 
0.728 2 1 1 0 0.4000 0.3984 1.8 2.0 0.1868 -0.0002 0.000000 0.428143 0.0000 0 0.0000 0  998 1138 1225 1334 1379 1271 1103 982  1 1 0 0 0 0 0 0 0 11.44 
0.733 2 1 1 0 0.3960 0.4000 1.6 2.1 0.1886 -0.0002 -0.002591 0.428637 0.0000 0 0.0000 0  1011 1124 1217 1329 1366 1282 1083 986  1 1 0 0 0 0 0 0 0 11.44 
0.738 2 1 1 0 0.3860 0.4000 2.0 2.2 0.1906 -0.0002 -0.002591 0.428940 0.0000 0 0.0000 0  997 1125 1218 1321 1359 1295 1103 984  1 1 0 0 0 0 0 0 0 11.45 
0.743 2 1 1 0 0.3920 0.3944 2.1 2.0 0.1924 -0.0002 0.000000 0.428856 0.0000 0 0.0000 0  999 1138 1225 1349 1371 1289 1121 966  1 1 0 0 0 0 0 0 0 11.43 
0.748 2 1 1 0 0.4000 0.3972 1.8 1.8 0.1944 -0.0002 0.000000 0.428921 0.0000 0 0.0000 0  1004 1139 1235 1342 1373 1302 1112 984  1 1 0 0 0 0 0 0 0 11.44 
0.753 2 1 1 0 0.3960 0.4000 2.7 2.1 0.1962 -0.0002 -0.002591 0.429506 0.0000 0 0.0000 0  975 1133 1231 1344 1387 1305 1114 985  1 1 0 0 0 0 0 0 0 11.45 
0.758 2 1 1 0 0.3860 0.4000 1.2 2.2 0.1982 -0.0002 -0.002591 0.430318 0.0000 0 0.0000 0  977 1126 1223 1350 1380 1295 1100 992  1 1 0 0 0 0 0 0 0 11.44 
0.763 2 1 1 0 0.3760 0.4000 1.7 2.1 0.2002 -0.0002 -0.002591 0.430446 0.0000 0 0.0000 0  1026 1115 1216 1366 1375 1296 1088 988  1 1 0 0 0 0 0 0 0 11.44 
0.768 2 1 1 0 0.3673 0.4000 1.3 2.1 0.2020 -0.0002 -0.005182 0.430255 0.0000 0 0.0000 0  981 1101 1201 1328 1371 1287 1136 984  1 1 0 0 0 0 0 0 0 11.44 
0.773 2 1 1 0 0.3773 0.4000 1.5 2.1 0.2038 -0.0002 -0.002591 0.430691 0.0000 0 0.0000 0  981 1115 1195 1331 1350 1292 1092 983  1 1 0 0 0 0 0 0 0 11.45 
0.778 2 1 1 0 0.3812 0.4000 1.6 2.0 0.2058 -0.0002 -0.002591 0.431355 0.0000 0 0.0000 0  996 1112 1191 1314 1326 1274 1087 975  1 1 0 0 0 0 0 0 0 11.44 
0.783 2 1 1 0 0.3819 0.4000 1.6 2.2 0.2078 -0.0002 -0.002591 0.431703 0.0000 0 0.0000 0  1005 1118 1199 1326 1343 1248 1078 983  1 1 0 0 0 0 0 0 0 11.44 
0.788 2 1 1 0 0.3719 0.4000 1.6 1.7 0.2096 -0.0002 -0.005182 0.432052 0.0000 0 0.0000 0  1023 1113 1202 1352 1342 1261 1091 984  1 1 0 0 0 0 0 0 0 11.45 
0.793 2 1 1 0 0.3619 0.4000 0.9 2.0 0.2117 -0.0002 -0.005182 0.431993 0.0000 0 0.0000 0  981 1105 1211 1312 1325 1250 1075 943  1 1 0 0 0 0 0 0 0 11.44 
0.798 2 1 1 0 0.3610 0.4000 1.8 2.3 0.2135 -0.0003 -0.002591 0.432234 0.0000 0 0.0000 0  996 1101 1203 1337 1356 1268 1124 974  1 1 0 0 0 0 0 0 0 11.45 
0.803 2 1 1 0 0.3670 0.4000 2.6 1.8 0.2155 -0.0003 -0.002591 0.432356 0.0000 0 0.0000 0  982 1116 1201 1327 1351 1266 1080 974  1 1 0 0 0 0 0 0 0 11.45 
0.808 2 1 1 0 0.3770 0.4000 1.6 2.1 0.2175 -0.0003 -0.002591 0.432754 0.0000 0 0.0000 0  956 1106 1208 1316 1355 1263 1105 970  1 1 0 0 0 0 0 0 0 11.44 
0.813 2 1 1 0 0.3790 0.4000 1.6 1.8 0.2191 -0.0003 -0.002591 0.433244 0.0000 0 0.0000 0  989 1122 1212 1339 1358 1227 1110 977  1 1 0 0 0 0 0 0 0 11.44 
0.818 2 1 1 0 0.3890 0.4000 1.4 2.2 0.2211 -0.0003 -0.002591 0.433690 0.0000 0 0.0000 0  1020 1117 1214 1366 1364 1254 1106 972  1 1 0 0 0 0 0 0 0 11.45 
0.823 2 1 1 0 0.3894 0.4000 1.9 1.9 0.2231 -0.0003 -0.002591 0.434034 0.0000 0 0.0000 0  1025 1129 1216 1322 1358 1246 1066 947  1 1 0 0 0 0 0 0 0 11.44 
0.828 2 1 1 0 0.3925 0.3960 1.9 1.7 0.2249 -0.0003 0.000000 0.433917 0.0000 0 0.0000 0  1025 1151 1235 1335 1356 1269 1021 967  1 1 0 0 0 0 0 0 0 11.44 
0.833 2 1 1 0 0.3980 0.3900 2.0 1.8 0.2267 -0.0003 -0.002591 0.434247 0.0000 0 0.0000 0  1016 1147 1218 1345 1332 1251 1075 971  1 1 0 0 0 0 0 0 0 11.45 
0.838 2 1 1 0 0.3880 0.4000 1.7 2.0 0.2287 -0.0003 -0.002591 0.434604 0.0000 0 0.0000 0  1020 1170 1233 1355 1330 1270 1065 973  1 1 0 0 0 0 0 0 0 11.44 
0.843 2 1 1 0 0.3801 0.4000 1.8 2.1 0.2307 -0.0003 -0.002591 0.434808 0.0000 0 0.0000 0  1052 1141 1241 1364 1363 1273 1079 951  1 1 0 0 0 0 0 0 0 11.45 
0.848 2 1 1 0 0.3805 0.4000 1.8 2.1 0.2327 -0.0003 -0.002591 0.434150 0.0000 0 0.0000 0  1050 1166 1242 1340 1356 1281 1104 970  1 1 0 0 0 0 0 0 0 11.45 
0.853 2 1 1 0 0.3905 0.3900 1.6 1.8 0.2345 -0.0003 0.000000 0.434339 0.0000 0 0.0000 0  1070 1188 1250 1376 1370 1286 1079 948  1 1 0 0 0 0 0 0 0 11.45 
0.858 2 1 1 0 0.3805 0.4000 1.4 2.2 0.2364 -0.0003 -0.002591 0.434876 0.0000 0 0.0000 0  1092 1192 1256 1357 1388 1288 1089 951  1 1 0 0 0 0 0 0 0 11.45 
0.863 2 1 1 0 0.3770 0.4000 1.4 1.9 0.2384 -0.0003 -0.002591 0.435342 0.0000 0 0.0000 0  1100 1219 1254 1356 1416 1299 1067 959  1 1 0 0 0 0 0 0 0 11.45 
0.868 2 1 1 0 0.3780 0.4000 1.5 1.9 0.2404 -0.0003 -0.002591 0.434392 0.0000 0 0.0000 0  1116 1204 1252 1365 1389 1292 1089 989  1 1 0 0 0 0 0 0 0 11.45 
0.873 2 1 1 0 0.3862 0.3920 1.9 1.7 0.2422 -0.0003 0.000000 0.434074 0.0000 0 0.0000 0  1113 1238 1255 1358 1384 1293 1125 988  1 1 0 0 0 0 0 0 0 11.45 
0.878 2 1 1 0 0.3802 0.3980 1.6 1.8 0.2440 -0.0003 -0.002591 0.433011 0.0000 0 0.0000 0  1118 1221 1232 1353 1347 1278 1100 989  1 1 0 0 0 0 0 0 0 11.45 
0.883 2 1 1 0 0.3754 0.4000 1.6 2.1 0.2460 -0.0003 -0.002591 0.432458 0.0000 0 0.0000 0  1122 1205 1265 1342 1376 1293 1103 968  1 1 0 0 0 0 0 0 0 11.45 
0.888 2 1 1 0 0.3767 0.4000 1.4 1.8 0.2480 -0.0003 -0.002591 0.432970 0.0000 0 0.0000 0  1118 1233 1275 1365 1396 1290 1110 1014  1 1 0 0 0 0 0 0 0 11.45 
0.893 2 1 1 0 0.3755 0.4000 1.6 2.2 0.2498 -0.0003 -0.005182 0.433690 0.0000 0 0.0000 0  1109 1226 1287 1377 1400 1301 1114 976  1 1 0 0 0 0 0 0 0 11.45 
0.898 2 1 1 0 0.3775 0.4000 1.7 2.0 0.2516 -0.0003 -0.002591 0.434215 0.0000 0 0.0000 0  1111 1195 1305 1392 1404 1313 1113 998  1 1 0 0 0 0 0 0 0 11.45 
0.903 2 1 1 0 0.3819 0.4000 1.7 2.2 0.2536 -0.0004 -0.002591 0.433958 0.0000 0 0.0000 0  1102 1230 1307 1394 1393 1313 1111 992  1 1 0 0 0 0 0 0 0 11.45 
0.908 2 1 1 0 0.3837 0.3980 1.8 2.1 0.2554 -0.0004 0.000000 0.433259 0.0000 0 0.0000 0  1108 1220 1303 1403 1393 1300 1116 973  1 1 0 0 0 0 0 0 0 11.45 
0.913 2 1 1 0 0.3817 0.4000 2.1 2.1 0.2572 -0.0004 -0.002591 0.433217 0.0000 0 0.0000 0  1105 1211 1305 1401 1393 1315 1113 990  1 1 0 0 0 0 0 0 0 11.45 
0.918 2 1 1 0 0.3783 0.4000 1.5 2.5 0.2592 -0.0004 -0.002591 0.433922 0.0000 0 0.0000 0  1110 1227 1280 1389 1444 1319 1106 998  1 1 0 0 0 0 0 0 0 11.45 
0.923 2 1 1 0 0.3788 0.4000 2.0 2.2 0.2613 -0.0004 -0.002591 0.434079 0.0000 0 0.0000 0  1108 1224 1305 1381 1398 1311 1103 963  1 1 0 0 0 0 0 0 0 11.45 
0.928 2 1 1 0 0.3791 0.4000 2.1 2.3 0.2629 -0.0004 -0.002591 0.433709 0.0000 0 0.0000 0  1112 1196 1290 1380 1395 1305 1106 1033  1 1 0 0 0 0 0 0 0 11.45 
0.933 2 1 1 0 0.3794 0.4000 1.4 2.0 0.2649 -0.0004 -0.002591 0.433746 0.0000 0 0.0000 0  1111 1199 1292 1375 1364 1296 1109 969  1 1 0 0 0 0 0 0 0 11.45 
0.938 2 1 1 0 0.3795 0.4000 1.6 2.6 0.2665 -0.0004 -0.002591 0.434325 0.0000 0 0.0000 0  1110 1234 1303 1378 1409 1289 1097 994  1 1 0 0 0 0 0 0 0 11.45 
0.943 2 1 1 0 0.3808 0.4000 2.0 2.2 0.2685 -0.0004 -0.002591 0.435244 0.0000 0 0.0000 0  1101 1188 1288 1359 1323 1278 1086 923  1 1 0 0 0 0 0 0 0 11.45 
0.948 2 1 1 0 0.3806 0.4000 1.9 2.2 0.2705 -0.0004 -0.002591 0.435436 0.0000 0 0.0000 0  1100 1207 1258 1355 1338 1281 1087 954  1 1 0 0 0 0 0 0 0 11.45 
0.953 2 1 1 0 0.3826 0.4000 1.7 2.0 0.2721 -0.0004 -0.002591 0.435070 0.0000 0 0.0000 0  1098 1195 1275 1349 1330 1272 1090 946  1 1 0 0 0 0 0 0 0 11.44 
0.958 2 1 1 0 0.3823 0.4000 1.6 2.4 0.2741 -0.0004 -0.002591 0.435096 0.0000 0 0.0000 0  1091 1189 1259 1353 1334 1268 1088 977  1 1 0 0 0 0 0 0 0 11.45 
0.963 2 1 1 0 0.3779 0.4000 1.4 2.4 0.2759 -0.0004 -0.005182 0.435701 0.0000 0 0.0000 0  1101 1200 1294 1362 1343 1255 1069 971  1 1 0 0 0 0 0 0 0 11.44 
0.968 2 1 1 0 0.3719 0.4000 2.3 2.4 0.2777 -0.0004 -0.002591 0.436240 0.0000 0 0.0000 0  1086 1191 1284 1370 1352 1265 1068 953  1 1 0 0 0 0 0 0 0 11.45 
0.973 2 1 1 0 0.3819 0.4000 2.5 2.0 0.2797 -0.0004 -0.002591 0.436229 0.0000 0 0.0000 0  1086 1191 1292 1384 1370 1281 1064 937  1 1 0 0 0 0 0 0 0 11.45 
0.978 2 1 1 0 0.3839 0.4000 2.4 2.2 0.2813 -0.0004 -0.002591 0.436765 0.0000 0 0.0000 0  1073 1204 1312 1379 1405 1284 1078 962  1 1 0 0 0 0 0 0 0 11.45 
0.983 2 1 1 0 0.3859 0.4000 1.5 2.5 0.2833 -0.0004 -0.002591 0.437344 0.0000 0 0.0000 0  1073 1212 1294 1404 1401 1274 1084 945  1 1 0 0 0 0 0 0 0 11.45 
0.988 2 1 1 0 0.3792 0.4000 2.2 2.4 0.2852 -0.0004 -0.005182 0.437452 0.0000 0 0.0000 0  1083 1233 1331 1407 1408 1299 1092 940  1 1 0 0 0 0 0 0 0 11.44 
0.993 2 1 1 0 0.3692 0.4000 1.5 2.2 0.2872 -0.0005 -0.005182 0.437332 0.0000 0 0.0000 0  1077 1236 1326 1413 1428 1294 1091 984  1 1 0 0 0 0 0 0 0 11.44 
0.998 2 1 1 0 0.3752 0.4000 1.4 2.3 0.2888 -0.0005 -0.005182 0.437693 0.0000 0 0.0000 0  1092 1234 1315 1410 1401 1267 1087 952  1 1 0 0 0 0 0 0 0 11.44 
1.003 2 1 1 0 0.3652 0.4000 2.2 2.5 0.2908 -0.0005 -0.005182 0.438531 0.0000 0 0.0000 0  1098 1223 1287 1416 1405 1288 1103 978  1 1 0 0 0 0 0 0 0 11.44 
1.008 2 1 1 0 0.3632 0.4000 2.6 2.2 0.2926 -0.0005 -0.002591 0.438937 0.0000 0 0.0000 0  1093 1230 1320 1413 1390 1306 1084 997  1 1 0 0 0 0 0 0 0 11.44 
1.013 2 1 1 0 0.3579 0.4000 1.4 2.2 0.2944 -0.0005 -0.005182 0.438728 0.0000 0 0.0000 0  1077 1240 1330 1413 1397 1301 1107 1002  1 1 0 0 0 0 0 0 0 11.44 
1.018 2 1 1 0 0.3620 0.4000 1.5 2.0 0.2962 -0.0005 -0.002591 0.439112 0.0000 0 0.0000 0  1053 1224 1292 1420 1402 1296 1101 1000  1 1 0 0 0 0 0 0 0 11.44 
1.023 2 1 1 0 0.3640 0.4000 1.1 2.5 0.2980 -0.0005 -0.005182 0.439984 0.0000 0 0.0000 0  1023 1188 1313 1417 1401 1305 1111 1013  1 1 0 0 0 0 0 0 0 11.44 
1.028 2 1 1 0 0.3599 0.4000 1.3 2.5 0.3000 -0.0005 -0.005182 0.441508 0.0000 0 0.0000 0  1021 1158 1315 1419 1414 1326 1118 1009  1 1 0 0 0 0 0 0 0 11.43 
1.033 2 1 1 0 0.3594 0.4000 1.7 2.3 0.3016 -0.0005 -0.005182 0.442230 0.0000 0 0.0000 0  1042 1164 1254 1391 1417 1294 1115 1010  1 1 0 0 0 0 0 0 0 11.42 
1.038 2 1 1 0 0.3647 0.4000 1.7 1.8 0.3034 -0.0005 -0.002591 0.443540 0.0000 0 0.0000 0  1060 1170 1252 1370 1410 1345 1129 1008  1 1 0 0 0 0 0 0 0 11.44 
1.043 2 1 1 0 0.3747 0.4000 2.1 2.0 0.3054 -0.0005 -0.002591 0.443765 0.0000 0 0.0000 0  1077 1196 1281 1365 1378 1318 1128 1015  1 1 0 0 0 0 0 0 0 11.43 
1.048 2 1 1 0 0.3847 0.3960 2.1 2.3 0.3072 -0.0005 0.000000 0.443422 0.0000 0 0.0000 0  1077 1205 1265 1363 1365 1271 1131 1019  1 1 0 0 0 0 0 0 0 11.44 
1.053 2 1 1 0 0.3844 0.4000 1.7 2.1 0.3090 -0.0005 -0.002591 0.443437 0.0000 0 0.0000 0  1068 1214 1294 1367 1353 1241 1108 997  1 1 0 0 0 0 0 0 0 11.44 
1.058 2 1 1 0 0.3827 0.4000 1.4 2.1 0.3111 -0.0005 -0.002591 0.443532 0.0000 0 0.0000 0  1052 1201 1305 1383 1361 1239 1092 996  1 1 0 0 0 0 0 0 0 11.43 
1.063 2 1 1 0 0.3813 0.4000 1.6 2.2 0.3131 -0.0005 -0.002591 0.444088 0.0000 0 0.0000 0  1087 1215 1297 1395 1379 1250 1063 947  1 1 0 0 0 0 0 0 0 11.46 
1.068 2 1 1 0 0.3824 0.3980 2.2 2.0 0.3149 -0.0006 0.000000 0.444457 0.0000 0 0.0000 0  1075 1213 1319 1395 1388 1298 1057 943  1 1 0 0 0 0 0 0 0 11.43 
1.073 2 1 1 0 0.3781 0.4000 2.7 2.1 0.3167 -0.0006 -0.002591 0.444221 0.0000 0 0.0000 0  1046 1217 1321 1423 1425 1313 1090 963  1 1 0 0 0 0 0 0 0 11.44 
1.078 2 1 1 0 0.3798 0.3980 2.4 1.7 0.3185 -0.0006 0.000000 0.443898 0.0000 0 0.0000 0  1067 1225 1325 1434 1432 1304 1112 998  1 1 0 0 0 0 0 0 0 11.43 
1.083 2 1 1 0 0.3904 0.3904 1.6 1.8 0.3205 -0.0006 0.000000 0.444367 0.0000 0 0.0000 0  1103 1238 1319 1422 1422 1329 1133 998  1 1 0 0 0 0 0 0 0 11.43 
1.088 2 1 1 0 0.4000 0.3972 2.1 2.0 0.3225 -0.0006 0.000000 0.445104 0.0000 0 0.0000 0  1124 1249 1329 1418 1420 1329 1133 1028  1 1 0 0 0 0 0 0 0 11.43 
1.093 2 1 1 0 0.3920 0.4000 2.1 2.4 0.3243 -0.0006 -0.002591 0.445301 0.0000 0 0.0000 0  1118 1253 1322 1373 1410 1323 1109 1037  1 1 0 0 0 0 0 0 0 11.43 
1.098 2 1 1 0 0.3996 0.4000 2.1 2.0 0.3261 -0.0006 0.000000 0.444919 0.0000 0 0.0000 0  1112 1231 1318 1404 1390 1317 1139 1033  1 1 0 0 0 0 0 0 0 11.43 
1.103 2 1 1 0 0.3961 0.4000 2.4 2.1 0.3281 -0.0006 0.000000 0.445735 0.0000 0 0.0000 0  1099 1220 1322 1402 1401 1327 1124 1045  1 1 0 0 0 0 0 0 0 11.44 
1.108 2 1 1 0 0.3918 0.4000 1.7 2.2 0.3299 -0.0006 -0.002591 0.446970 0.0000 0 0.0000 0  1100 1220 1293 1394 1382 1292 1111 1038  1 1 0 0 0 0 0 0 0 11.43 
1.113 2 1 1 0 0.3938 0.4000 2.1 2.2 0.3317 -0.0006 0.000000 0.447301 0.0000 0 0.0000 0  1106 1205 1290 1384 1380 1281 1099 1038  1 1 0 0 0 0 0 0 0 11.43 
1.118 2 1 1 0 0.3924 0.4000 2.0 2.4 0.3337 -0.0006 0.000000 0.446397 0.0000 0 0.0000 0  1098 1207 1281 1371 1381 1281 1108 1047  1 1 0 0 0 0 0 0 0 11.44 
1.123 2 1 1 0 0.3904 0.4000 1.5 1.8 0.3358 -0.0006 0.000000 0.446711 0.0000 0 0.0000 0  1112 1210 1283 1374 1368 1314 1106 1065  1 1 0 0 0 0 0 0 0 11.44 
1.128 2 1 1 0 0.3889 0.4000 2.0 1.9 0.3378 -0.0006 0.000000 0.447246 0.0000 0 0.0000 0  1092 1214 1288 1367 1377 1311 1131 1091  1 1 0 0 0 0 0 0 0 11.45 
1.133 2 1 1 0 0.3789 0.4000 1.4 2.7 0.3396 -0.0006 -0.002591 0.446923 0.0000 0 0.0000 0  1082 1209 1288 1351 1377 1306 1134 1121  1 1 0 0 0 0 0 0 0 11.45 
1.138 2 1 1 0 0.3889 0.4000 1.8 1.9 0.3414 -0.0006 0.000000 0.446487 0.0000 0 0.0000 0  1090 1209 1285 1381 1388 1305 1173 1179  1 1 0 0 0 0 0 0 0 11.44 
1.143 2 1 1 0 0.3902 0.4000 2.3 2.2 0.3434 -0.0006 0.000000 0.446766 2.2253 1 4.1800 0  1093 1202 1285 1389 1382 1325 1151 1254  1 1 0 0 0 0 0 3 0 11.45 
1.148 2 1 1 0 0.3887 0.4000 1.6 2.0 0.3454 -0.0006 0.000000 0.446789 1.9631 1 4.1800 0  1079 1198 1285 1399 1389 1338 1277 1339  1 1 0 0 0 0 0 8 0 11.44 
1.153 2 1 1 0 0.3875 0.4000 2.1 2.0 0.3474 -0.0006 0.000000 0.446870 1.9926 1 4.1800 0  1084 1196 1284 1399 1407 1361 1323 1440  1 1 0 0 0 0 0 13 0 11.45 
1.158 2 1 1 0 0.3891 0.3960 2.8 1.8 0.3492 -0.0006 0.002591 0.446200 1.8531 1 4.1800 0  1091 1192 1291 1409 1408 1406 1420 1534  1 1 0 0 0 0 0 18 0 11.45 
1.163 2 1 1 0 0.3873 0.4000 1.5 2.0 0.3510 -0.0006 0.000000 0.445790 1.8398 1 4.1800 0  1067 1213 1290 1397 1447 1418 1471 1622  1 1 0 0 0 0 0 20 0 11.44 
1.168 2 1 1 0 0.3865 0.4000 1.6 2.4 0.3530 -0.0006 0.000000 0.446565 1.6637 1 4.1800 0  1089 1196 1300 1461 1464 1494 1587 1682  1 1 0 0 0 0 0 20 0 11.45 
1.173 2 1 1 0 0.3858 0.4000 1.7 2.1 0.3550 -0.0006 0.000000 0.446558 1.5823 1 4.1800 0  1076 1204 1305 1404 1482 1552 1624 1728  1 1 0 0 0 0 0 20 0 11.45 
1.178 2 1 1 0 0.3874 0.3980 2.2 1.6 0.3568 -0.0006 0.002591 0.445625 1.4745 1 4.1800 0  1069 1224 1311 1416 1519 1640 1693 1760  1 1 0 0 0 0 0 20 0 11.45 
1.183 2 1 1 0 0.3974 0.3880 2.6 1.7 0.3588 -0.0006 0.002591 0.445793 1.2767 1 4.1800 0  1070 1206 1322 1424 1565 1745 1781 1781  1 1 0 0 0 0 0 20 0 11.45 
1.188 2 1 1 0 0.4000 0.3899 1.7 1.7 0.3609 -0.0006 0.002591 0.446061 1.0851 1 4.1800 0  1083 1247 1335 1469 1641 1844 1875 1794  1 1 0 0 0 0 0 20 0 11.44 
1.193 2 1 1 0 0.3900 0.3999 2.1 2.5 0.3627 -0.0006 0.000000 0.446048 0.8661 1 4.1800 0  1081 1244 1335 1484 1710 1936 1925 1797  1 1 0 0 0 0 0 20 0 11.45 
1.198 2 1 1 0 0.3800 0.4000 1.4 1.8 0.3647 -0.0006 0.000000 0.445780 0.6641 1 4.1800 0  1102 1223 1357 1544 1803 2050 1962 1797  1 1 0 0 0 0 0 20 0 11.45 
1.203 2 1 1 0 0.3771 0.4000 1.9 1.7 0.3667 -0.0006 0.000000 0.444405 0.4689 1 4.1800 0  1125 1264 1380 1593 1913 2125 1994 1799  1 1 0 0 0 0 0 20 0 11.44 
1.208 2 1 1 0 0.3820 0.3960 2.4 1.9 0.3685 -0.0006 0.002591 0.444158 0.2594 1 4.1800 0  1132 1260 1414 1668 2017 2223 1985 1815  1 1 0 0 0 0 0 20 0 11.45 
1.213 2 1 1 0 0.3880 0.3900 1.8 1.9 0.3705 -0.0006 0.002591 0.444057 0.0577 1 4.1800 0  1147 1323 1462 1737 2154 2281 1953 1831  1 1 0 0 0 0 0 20 0 11.45 
1.218 2 1 1 0 0.3980 0.3940 2.3 1.8 0.3725 -0.0006 0.002591 0.443703 -0.1882 1 4.1800 0  1158 1357 1521 1877 2263 2311 2022 1815  1 1 0 0 0 0 0 20 0 11.45 
1.223 2 1 1 0 0.4000 0.3961 2.0 1.7 0.3741 -0.0005 0.002591 0.444510 -0.4295 1 4.1800 0  1180 1343 1575 1998 2328 2310 2000 1819  1 1 0 0 0 0 0 20 0 11.45 
1.228 2 1 1 0 0.4000 0.3991 1.7 1.9 0.3761 -0.0005 0.002591 0.444963 -0.6339 1 4.1800 0  1187 1388 1645 2103 2379 2338 2005 1823  1 1 0 0 0 0 0 20 0 11.45 
1.233 2 1 1 0 0.3987 0.4000 2.6 2.0 0.3781 -0.0005 0.002591 0.444783 -0.7586 1 4.1800 0  1205 1386 1719 2167 2427 2348 1979 1825  1 1 0 0 0 0 0 20 0 11.45 
1.238 2 1 1 0 0.3970 0.4000 2.1 1.7 0.3801 -0.0005 0.002591 0.443716 -0.9432 1 4.1800 0  1216 1468 1802 2265 2452 2342 2013 1826  1 1 0 0 0 0 0 20 0 11.45 
1.243 2 1 1 0 0.3957 0.4000 2.3 1.8 0.3821 -0.0005 0.002591 0.443099 -1.1285 1 4.1800 0  1233 1505 1895 2351 2497 2364 2019 1829  1 1 0 0 0 0 0 20 0 11.45 
1.248 2 1 1 0 0.4000 0.3920 2.1 1.9 0.3839 -0.0005 0.005182 0.442719 -1.3176 1 4.1800 0  1250 1547 1986 2391 2496 2377 2013 1800  1 1 0 0 0 0 0 20 0 11.45 
1.253 2 1 1 0 0.4000 0.3860 2.0 1.6 0.3860 -0.0005 0.005182 0.442311 -1.4604 1 4.1800 0  1281 1633 2072 2437 2523 2387 2010 1825  1 1 0 0 0 0 0 20 0 11.45 
1.258 2 1 1 0 0.4000 0.3823 3.0 1.6 0.3880 -0.0005 0.005182 0.441217 -1.6530 1 4.1800 0  1328 1741 2174 2487 2507 2394 2045 1780  1 1 0 0 0 0 0 20 0 11.45 
1.263 2 1 1 0 0.3980 0.3876 1.8 1.9 0.3898 -0.0005 0.002591 0.440566 -1.7772 1 4.1800 0  1389 1822 2244 2491 2525 2392 2019 1780  1 1 0 0 0 0 0 20 0 11.45 
1.268 2 1 1 0 0.3880 0.3976 1.7 1.9 0.3918 -0.0005 0.002591 0.441244 -1.9280 1 3.9630 1  1447 1919 2296 2509 2548 2393 2015 1742  1 1 0 0 0 0 0 20 1 11.45 
1.273 2 1 1 0 0.3820 0.4000 1.6 2.2 0.3938 -0.0005 0.002591 0.441117 -1.9608 1 3.0521 1  1524 1970 2321 2504 2542 2390 1999 1697  1 1 0 0 0 0 0 20 6 11.45 
1.278 2 1 1 0 0.3920 0.3900 1.9 1.8 0.3956 -0.0005 0.005182 0.440445 -2.0297 1 2.4443 1  1591 2027 2342 2509 2516 2385 1975 1624  1 1 0 0 0 0 0 20 11 11.45 
1.283 2 1 1 0 0.4000 0.3877 2.6 1.6 0.3976 -0.0005 0.005182 0.440234 -2.2255 1 2.0987 1  1681 2128 2342 2508 2518 2362 1939 1542  1 1 0 0 0 0 0 20 16 11.45 
1.288 2 1 1 0 0.3980 0.3920 1.6 1.8 0.3994 -0.0005 0.002591 0.440602 -2.5574 1 2.0235 1  1766 2156 2346 2513 2527 2356 1890 1488  1 1 0 0 0 0 0 20 20 11.45 
1.293 2 1 1 0 0.3880 0.4000 2.2 2.1 0.4014 -0.0004 0.002591 0.441005 -3.2064 1 1.9481 1  1843 2172 2358 2506 2521 2337 1835 1437  1 1 0 0 0 0 0 20 20 11.44 
1.298 2 1 1 0 0.3860 0.3960 2.2 2.0 0.4032 -0.0004 0.005182 0.440877 -4.1800 0 1.8450 1  1910 2178 2356 2497 2496 2303 1766 1369  1 1 0 0 0 0 0 14 20 11.45 
1.303 2 1 1 0 0.3960 0.3879 1.7 1.7 0.4052 -0.0004 0.005182 0.440606 -4.1800 0 1.7714 1  1949 2186 2368 2501 2480 2268 1711 1302  1 1 0 0 0 0 0 4 20 11.45 
1.308 2 1 1 0 0.3980 0.3921 2.6 2.2 0.4070 -0.0004 0.002591 0.441050 -4.1800 0 1.6335 1  1963 2199 2361 2493 2484 2223 1659 1294  1 1 0 0 0 0 0 0 20 11.45 
1.313 2 1 1 0 0.3880 0.4000 2.1 2.3 0.4090 -0.0004 0.002591 0.441703 -4.1800 0 1.5452 1  1972 2195 2344 2498 2454 2175 1605 1260  1 1 0 0 0 0 0 0 20 11.45 
1.318 2 1 1 0 0.3795 0.4000 1.7 1.9 0.4111 -0.0004 0.002591 0.441661 -4.1800 0 1.3674 1  1983 2216 2377 2485 2422 2097 1546 1231  1 1 0 0 0 0 0 0 20 11.45 
1.323 2 1 1 0 0.3823 0.4000 1.6 2.1 0.4131 -0.0004 0.002591 0.441682 -4.1800 0 1.1742 1  1976 2211 2337 2480 2407 2017 1472 1222  1 1 0 0 0 0 0 0 20 11.45 
1.328 2 1 1 0 0.3818 0.4000 1.7 2.1 0.4147 -0.0004 0.002591 0.441706 -4.1800 0 0.9582 1  1985 2194 2299 2457 2335 1947 1416 1242  1 1 0 0 0 0 0 0 20 11.45 
1.333 2 1 1 0 0.3842 0.4000 2.1 2.1 0.4167 -0.0004 0.002591 0.441805 -4.1800 0 0.7533 1  1978 2196 2301 2424 2260 1821 1364 1208  1 1 0 0 0 0 0 0 20 11.44 
1.338 2 1 1 0 0.3860 0.4000 1.4 1.8 0.4187 -0.0004 0.002591 0.442204 -4.1800 0 0.5479 1  1974 2174 2290 2372 2137 1743 1353 1183  1 1 0 0 0 0 0 0 20 11.45 
1.343 2 1 1 0 0.3875 0.4000 2.2 1.8 0.4207 -0.0004 0.002591 0.442416 -4.1800 0 0.3126 1  1956 2167 2294 2298 2029 1658 1326 1178  1 1 0 0 0 0 0 0 20 11.45 
1.348 2 1 1 0 0.3886 0.4000 1.6 2.3 0.4227 -0.0004 0.002591 0.442405 -4.1800 0 0.1274 1  1958 2155 2266 2213 1947 1573 1315 1159  1 1 0 0 0 0 0 0 20 11.43 
1.353 2 1 1 0 0.3786 0.4000 1.9 2.0 0.4245 -0.0004 0.000000 0.442346 -4.1800 0 -0.1211 1  1945 2145 2223 2130 1825 1545 1299 1145  1 1 0 0 0 0 0 0 20 11.44 
1.358 2 1 1 0 0.3686 0.4000 1.4 2.0 0.4265 -0.0004 0.000000 0.441786 -4.1800 0 -0.3136 1  1925 2114 2173 2022 1749 1515 1277 1155  1 1 0 0 0 0 0 0 20 11.44 
1.363 2 1 1 0 0.3710 0.3966 1.5 2.1 0.4283 -0.0004 0.002591 0.441602 -4.1800 0 -0.5296 1  1924 2092 2088 1929 1661 1479 1269 1169  1 1 0 0 0 0 0 0 20 11.44 
1.368 2 1 1 0 0.3810 0.3966 1.7 1.9 0.4303 -0.0004 0.002591 0.442218 -4.1800 0 -0.6741 1  1900 2064 2056 1824 1603 1500 1248 1136  1 1 0 0 0 0 0 0 20 11.44 
1.373 2 1 1 0 0.3926 0.4000 1.7 2.1 0.4321 -0.0004 0.000000 0.442646 -4.1800 0 -0.9356 1  1891 2020 1925 1692 1556 1450 1235 1125  1 1 0 0 0 0 0 0 20 11.44 
1.378 2 1 1 0 0.3826 0.4000 2.1 1.7 0.4342 -0.0004 0.000000 0.442559 -4.1800 0 -1.1220 1  1867 1957 1814 1617 1537 1434 1210 1126  1 1 0 0 0 0 0 0 20 11.45 
1.383 2 1 1 0 0.3806 0.3960 2.2 1.9 0.4360 -0.0004 0.002591 0.441914 -4.1800 0 -1.3756 1  1856 1889 1693 1533 1511 1413 1204 1093  1 1 0 0 0 0 0 0 20 11.44 
1.388 2 1 1 0 0.4000 0.3962 1.7 1.7 0.4380 -0.0004 0.002591 0.441819 -4.1800 0 -1.5384 1  1797 1803 1558 1472 1473 1404 1206 1109  1 1 0 0 0 0 0 0 20 11.44 
1.393 2 1 1 0 0.4000 0.3987 2.2 2.0 0.4400 -0.0004 0.002591 0.442154 -4.1800 0 -1.7126 1  1784 1702 1454 1430 1449 1392 1197 1086  1 1 0 0 0 0 0 0 20 11.44 
1.398 2 1 1 0 0.3960 0.4000 1.9 2.0 0.4418 -0.0004 0.000000 0.442676 -4.1800 0 -1.8595 1  1736 1599 1331 1408 1440 1378 1161 1071  1 1 0 0 0 0 0 0 20 11.44 
1.403 2 1 1 0 0.3860 0.4000 2.0 2.1 0.4438 -0.0004 0.000000 0.441894 -4.1800 0 -1.8865 1  1644 1518 1291 1411 1446 1332 1163 1071  1 1 0 0 0 0 0 0 20 11.43 
1.408 2 1 1 0 0.3760 0.4000 1.7 2.2 0.4458 -0.0004 0.000000 0.442014 -4.1800 0 -2.0067 1  1598 1436 1283 1427 1471 1331 1148 1050  1 1 0 0 0 0 0 0 20 11.44 
1.413 2 1 1 0 0.3716 0.4000 1.4 2.2 0.4476 -0.0004 -0.002591 0.442349 -4.1800 0 -2.0742 1  1516 1372 1294 1464 1494 1365 1136 1020  1 1 0 0 0 0 0 0 20 11.44 
1.418 2 1 1 0 0.3616 0.4000 1.3 2.5 0.4496 -0.0004 -0.002591 0.442366 -4.1800 0 -2.1580 1  1444 1297 1299 1482 1508 1409 1155 1012  1 1 0 0 0 0 0 0 20 11.43 
1.423 2 1 1 0 0.3596 0.4000 1.3 2.1 0.4514 -0.0004 0.000000 0.442376 -4.1800 0 -2.2068 1  1320 1264 1319 1503 1529 1427 1189 1047  1 1 0 0 0 0 0 0 20 11.43 
1.428 2 1 1 0 0.3696 0.4000 2.1 2.0 0.4534 -0.0004 0.000000 0.442879 -4.1800 0 -2.2068 0  1234 1246 1327 1513 1559 1446 1228 1076  1 1 0 0 0 3 0 0 20 11.44 
1.433 2 1 1 0 0.3676 0.4000 1.3 2.8 0.4552 -0.0004 -0.002591 0.442948 -4.1800 0 -2.2068 0  1196 1253 1332 1526 1572 1461 1238 1095  1 1 0 0 0 8 0 0 20 11.44 
1.438 2 1 1 0 0.3696 0.4000 1.3 2.0 0.4570 -0.0004 0.000000 0.443228 -4.1800 0 -2.2068 0  1160 1270 1341 1510 1570 1451 1233 1100  1 1 0 0 0 13 0 0 20 11.44 
1.443 2 1 1 0 0.3796 0.4000 2.2 2.2 0.4591 -0.0004 0.000000 0.443183 -4.1800 0 -2.2068 0  1172 1286 1361 1526 1547 1468 1237 1101  1 1 0 0 0 18 0 0 20 11.44 
1.448 2 1 1 0 0.3889 0.4000 1.8 2.1 0.4611 -0.0004 0.000000 0.443285 -4.1800 0 -2.2068 0  1151 1308 1376 1523 1552 1473 1263 1107  1 1 0 1 0 20 0 0 20 11.44 
1.453 2 1 1 0 0.3824 0.4000 1.9 2.0 0.4629 -0.0004 -0.002591 0.443501 -4.1800 0 -2.2068 0  1168 1321 1384 1537 1569 1462 1248 1123  1 1 0 1 0 20 0 0 20 11.44 
1.458 2 1 1 0 0.3724 0.4000 1.7 1.8 0.4649 -0.0004 -0.002591 0.443729 -4.1800 0 -2.2068 0  1188 1332 1398 1534 1540 1462 1259 1123  1 1 0 1 0 20 0 0 20 11.44 
1.463 2 1 1 0 0.3624 0.4000 1.3 2.0 0.4669 -0.0004 -0.002591 0.443745 -4.1800 0 -2.2068 0  1176 1344 1408 1499 1540 1472 1227 1118  1 1 0 1 0 20 0 0 20 11.44 
1.468 2 1 1 0 0.3689 0.3984 1.5 2.4 0.4687 -0.0004 0.000000 0.443700 -4.1800 0 -2.2068 0  1186 1353 1425 1539 1535 1453 1234 1080  1 1 0 1 0 20 0 0 20 11.44 
1.473 2 1 1 0 0.3749 0.4000 1.5 2.2 0.4705 -0.0004 -0.002591 0.444099 -4.1800 0 -2.2068 0  1218 1354 1434 1496 1532 1436 1218 1098  1 1 0 1 0 20 0 0 20 11.45 
1.478 2 1 1 0 0.3649 0.4000 2.2 2.0 0.4725 -0.0004 -0.002591 0.443987 -4.1800 0 -2.2068 0  1190 1373 1435 1526 1530 1407 1210 1092  1 1 0 1 0 20 0 0 20 11.44 
1.483 2 1 1 0 0.3709 0.3988 2.3 2.8 0.4743 -0.0004 0.000000 0.444059 -4.1800 0 -2.2068 0  1250 1363 1426 1527 1519 1411 1204 1082  1 1 0 1 0 20 0 0 20 11.44 
1.488 2 1 1 0 0.3809 0.3988 1.6 2.0 0.4763 -0.0004 0.000000 0.444685 -4.1800 0 -2.2068 0  1238 1379 1428 1524 1533 1390 1192 1075  1 1 0 1 0 20 0 0 20 11.44 
1.493 2 1 1 0 0.3829 0.4000 1.7 2.2 0.4779 -0.0004 0.000000 0.445190 -4.1800 0 -2.2068 0  1277 1370 1426 1515 1516 1420 1166 1072  1 1 0 1 0 19 0 0 20 11.44 
1.498 2 1 1 0 0.3923 0.4000 2.2 2.1 0.4799 -0.0004 0.000000 0.445533 -4.1800 0 -2.2068 0  1257 1361 1429 1523 1518 1422 1209 1071  1 1 0 1 0 16 0 0 20 11.44 
1.503 2 1 1 0 0.3902 0.4000 1.6 1.8 0.4819 -0.0004 0.000000 0.445235 -4.1800 0 -2.2068 0  1242 1363 1424 1531 1530 1416 1170 1071  1 1 0 1 0 20 0 0 20 11.44 
1.508 2 1 1 0 0.3885 0.4000 2.5 1.8 0.4840 -0.0004 0.000000 0.444854 -4.1800 0 -2.2068 0  1258 1344 1413 1530 1532 1432 1200 1070  1 1 0 1 0 20 0 0 20 11.45 
1.513 2 1 1 0 0.3872 0.4000 1.6 2.2 0.4860 -0.0004 0.000000 0.444977 -4.1800 0 -2.2068 0  1254 1345 1408 1501 1530 1431 1185 1077  1 1 0 1 0 20 0 0 20 11.44 
1.518 2 1 1 0 0.3888 0.4000 2.0 2.2 0.4876 -0.0004 0.000000 0.444495 -4.1800 0 -2.2068 0  1252 1354 1402 1511 1535 1432 1215 1080  1 1 0 1 0 20 0 0 20 11.45 
1.523 2 1 1 0 0.3875 0.4000 2.0 2.3 0.4896 -0.0004 0.000000 0.444164 -4.1800 0 -2.2068 0  1236 1350 1390 1508 1506 1430 1188 1075  1 1 0 1 0 20 0 0 20 11.44 
1.528 2 1 1 0 0.3864 0.4000 1.4 1.9 0.4916 -0.0004 0.000000 0.444563 -4.1800 0 -2.2068 0  1232 1354 1398 1475 1531 1428 1180 1078  1 1 0 1 0 20 0 0 20 11.44 
1.533 2 1 1 0 0.3924 0.3940 1.7 2.1 0.4932 -0.0004 0.000000 0.445106 -4.1800 0 -2.2068 0  1241 1330 1396 1537 1524 1424 1197 1080  1 1 0 1 0 20 0 0 20 11.45 
1.538 2 1 1 0 0.3824 0.4000 1.8 2.3 0.4952 -0.0004 0.000000 0.445041 -4.1800 0 -2.2068 0  1242 1328 1401 1509 1518 1417 1201 1078  1 1 0 1 0 20 0 0 20 11.44 
1.543 2 1 1 0 0.3808 0.4000 1.8 2.0 0.4972 -0.0004 0.000000 0.444295 -4.1800 0 -2.2068 0  1231 1365 1396 1530 1518 1412 1231 1076  1 1 0 1 0 20 0 0 20 11.45 
1.548 2 1 1 0 0.3908 0.3900 1.7 1.9 0.4990 -0.0004 0.002591 0.444597 -4.1800 0 -2.2068 0  1220 1331 1394 1516 1492 1404 1170 1061  1 1 0 1 0 20 0 0 20 11.45 
1.553 2 1 1 0 0.4000 0.3920 1.8 1.8 0.5010 -0.0004 0.002591 0.445134 -4.1800 0 -2.2068 0  1190 1324 1403 1491 1506 1396 1191 1054  1 1 0 1 0 20 0 0 20 11.45 
1.558 2 1 1 0 0.3900 0.4000 1.7 2.0 0.5028 -0.0004 0.000000 0.445226 -4.1800 0 -2.2068 0  1188 1321 1410 1502 1479 1402 1189 1032  1 1 0 1 0 20 0 0 20 11.45 
1.563 2 1 1 0 0.3840 0.3980 2.1 1.7 0.5046 -0.0004 0.002591 0.444373 -4.1800 0 -2.2068 0  1180 1323 1435 1545 1504 1404 1164 1051  1 1 0 1 0 20 0 0 20 11.45 
1.568 2 1 1 0 0.3940 0.3932 1.9 2.0 0.5066 -0.0004 0.002591 0.444258 -4.1800 0 -2.2068 0  1168 1389 1458 1555 1541 1408 1190 1054  1 1 0 1 0 20 0 0 20 11.45 
1.573 2 1 1 0 0.4000 0.3969 1.9 2.3 0.5087 -0.0004 0.002591 0.444791 -4.1800 0 -2.2068 0  1177 1344 1474 1576 1551 1416 1199 1047  1 1 0 1 0 18 0 0 20 11.44 
1.578 2 1 1 0 0.3960 0.4000 1.6 2.0 0.5105 -0.0004 0.000000 0.445109 -4.1800 0 -2.2068 0  1179 1348 1483 1590 1555 1444 1193 1055  1 1 0 1 0 13 0 0 20 11.45 
1.583 2 1 1 0 0.3860 0.4000 1.7 1.8 0.5125 -0.0004 0.000000 0.444651 -4.1800 0 -2.2068 0  1202 1395 1492 1593 1573 1474 1233 1051  1 1 0 1 0 8 0 0 20 11.45 
1.588 2 1 1 0 0.3960 0.3967 1.9 2.2 0.5143 -0.0004 0.002591 0.443983 -4.1800 0 -2.2068 0  1211 1384 1515 1611 1593 1504 1261 1075  1 1 0 1 0 11 0 0 20 11.45 
1.593 2 1 1 0 0.4000 0.3996 1.9 2.2 0.5163 -0.0004 0.002591 0.443953 -4.1800 0 -2.2068 0  1223 1445 1525 1619 1642 1505 1296 1130  1 1 0 1 0 6 0 0 20 11.44 
1.598 2 1 1 0 0.3966 0.4000 1.6 2.3 0.5181 -0.0003 0.000000 0.443968 -4.1800 0 -2.2068 0  1216 1400 1540 1638 1603 1529 1292 1110  1 1 0 1 0 1 0 0 20 11.45 
1.603 2 1 1 0 0.3866 0.4000 1.7 2.0 0.5201 -0.0003 0.000000 0.444071 -4.1800 0 -2.2068 0  1221 1393 1533 1651 1617 1540 1308 1166  1 1 0 0 0 0 0 0 20 11.45 
1.608 2 1 1 0 0.3766 0.4000 1.3 1.9 0.5221 -0.0003 0.000000 0.443697 -4.1800 0 -2.2068 0  1230 1392 1511 1653 1654 1534 1321 1151  1 1 0 0 0 0 0 0 20 11.45 
1.613 2 1 1 0 0.3724 0.4000 2.4 2.1 0.5241 -0.0003 0.000000 0.443680 -4.1800 0 -2.2068 0  1240 1427 1513 1647 1669 1564 1309 1141  1 1 0 0 0 0 0 0 20 11.45 
1.618 2 1 1 0 0.3745 0.4000 1.3 2.1 0.5261 -0.0003 0.000000 0.443517 -4.1800 0 -2.2068 0  1244 1451 1515 1636 1690 1556 1317 1151  1 1 0 0 0 0 0 0 20 11.45 
1.623 2 1 1 0 0.3645 0.4000 1.5 2.0 0.5279 -0.0004 -0.002591 0.443321 -4.1800 0 -2.2068 0  1249 1423 1523 1637 1649 1551 1317 1147  1 1 0 0 0 0 0 0 20 11.45 
1.628 2 1 1 0 0.3705 0.4000 1.3 1.8 0.5297 -0.0004 0.000000 0.443188 -4.1800 0 -2.2068 0  1248 1399 1531 1642 1641 1545 1313 1148  1 1 0 0 0 0 0 0 20 11.45 
1.633 2 1 1 0 0.3805 0.4000 1.5 2.1 0.5317 -0.0004 0.000000 0.443413 -4.1800 0 -2.2068 0  1241 1389 1522 1642 1646 1549 1311 1157  1 1 0 0 0 0 0 0 20 11.45 
1.638 2 1 1 0 0.3832 0.4000 1.6 2.2 0.5338 -0.0004 0.000000 0.443612 -4.1800 0 -2.2068 0  1259 1426 1516 1644 1658 1526 1316 1197  1 1 0 0 0 0 0 0 20 11.45 
1.643 2 1 1 0 0.3810 0.4000 1.5 2.1 0.5356 -0.0004 -0.002591 0.444054 -4.1800 0 -2.2068 0  1248 1409 1505 1623 1656 1535 1308 1169  1 1 0 0 0 0 0 0 20 11.45 
1.648 2 1 1 0 0.3851 0.4000 1.5 2.0 0.5374 -0.0004 0.000000 0.444173 -4.1800 0 -2.2068 0  1240 1402 1511 1637 1658 1530 1303 1186  1 1 0 0 0 0 0 0 20 11.45 
1.653 2 1 1 0 0.3844 0.4000 1.6 2.1 0.5394 -0.0004 0.000000 0.444773 -4.1800 0 -2.2068 0  1224 1397 1485 1626 1653 1514 1294 1170  1 1 0 0 0 0 0 0 20 11.45 
1.658 2 1 1 0 0.3838 0.4000 1.6 2.0 0.5414 -0.0004 0.000000 0.444844 -4.1800 0 -2.2068 0  1214 1363 1495 1616 1622 1516 1290 1140  1 1 0 0 0 0 0 0 20 11.45 
1.663 2 1 1 0 0.3855 0.3980 2.3 1.7 0.5432 -0.0004 0.002591 0.444294 -4.1800 0 -2.2068 0  1215 1351 1488 1593 1584 1507 1286 1133  1 1 0 0 0 0 0 0 20 11.45 
1.668 2 1 1 0 0.3955 0.3880 1.9 1.7 0.5452 -0.0004 0.002591 0.444573 -4.1800 0 -2.2068 0  1224 1371 1492 1596 1618 1509 1281 1158  1 1 0 0 0 0 0 0 20 11.45 
1.673 2 1 1 0 0.3960 0.3936 1.8 1.9 0.5470 -0.0003 0.000000 0.445283 -4.1800 0 -2.2068 0  1232 1362 1479 1590 1583 1499 1279 1172  1 1 0 0 0 0 0 0 20 11.45 
1.678 2 1 1 0 0.3860 0.4000 1.5 2.0 0.5490 -0.0003 0.000000 0.445662 -4.1800 0 -2.2068 0  1238 1368 1473 1581 1569 1478 1267 1143  1 1 0 0 0 2 0 0 20 11.44 
1.683 2 1 1 0 0.3760 0.4000 1.7 1.8 0.5510 -0.0003 0.000000 0.445191 -4.1800 0 -2.2068 0  1231 1381 1473 1581 1580 1432 1260 1111  1 1 0 0 0 1 0 0 20 11.45 
1.688 2 1 1 0 0.3860 0.3908 1.6 1.9 0.5528 -0.0003 0.002591 0.445523 -4.1800 0 -2.2068 0  1240 1410 1483 1578 1556 1454 1252 1100  1 1 0 0 0 6 0 0 20 11.44 
1.693 2 1 1 0 0.3988 0.3953 2.0 2.1 0.5548 -0.0003 0.002591 0.446286 -4.1800 0 -2.2068 0  1244 1388 1484 1576 1558 1461 1235 1109  1 1 0 0 0 11 0 0 20 11.45 
1.698 2 1 1 0 0.3888 0.4000 1.6 2.2 0.5566 -0.0003 0.000000 0.446724 -4.1800 0 -2.2068 0  1224 1385 1499 1579 1542 1451 1220 1059  1 1 0 0 0 12 0 0 20 11.44 
1.703 2 1 1 0 0.3788 0.4000 1.8 1.9 0.5587 -0.0003 0.000000 0.446613 -4.1800 0 -2.2068 0  1214 1372 1486 1570 1580 1456 1215 1081  1 1 0 0 0 17 0 0 20 11.44 
1.708 2 1 1 0 0.3736 0.4000 1.3 1.9 0.5607 -0.0003 0.000000 0.446512 -4.1800 0 -2.2068 0  1223 1363 1410 1591 1556 1416 1219 1095  1 1 0 1 0 20 0 0 20 11.44 
1.713 2 1 1 0 0.3920 0.3920 1.4 1.9 0.5625 -0.0003 0.002591 0.447096 -4.1800 0 -2.2068 0  1209 1354 1446 1575 1580 1453 1219 1075  1 1 0 1 0 20 0 0 20 11.44 
1.718 2 1 1 0 0.4000 0.3966 2.0 2.2 0.5645 -0.0003 0.002591 0.447408 -4.1800 0 -2.2068 0  1197 1347 1415 1564 1571 1461 1219 1097  1 1 0 1 0 20 0 0 20 11.44 
1.723 2 1 1 0 0.3900 0.4000 1.9 2.0 0.5663 -0.0003 0.000000 0.447098 -4.1800 0 -2.2068 0  1162 1330 1484 1563 1581 1484 1213 1071  1 1 0 1 0 20 0 0 20 11.44 
1.728 2 1 1 0 0.3800 0.4000 1.3 1.8 0.5683 -0.0003 0.000000 0.447182 -4.1800 0 -2.2068 0  1120 1292 1457 1565 1556 1482 1224 1086  1 1 0 1 0 17 0 0 20 11.45 
1.733 2 1 1 0 0.3860 0.3935 1.8 1.9 0.5701 -0.0003 0.002591 0.447503 -4.1800 0 -2.2068 0  1084 1259 1400 1548 1566 1473 1225 1088  1 1 0 1 0 12 0 0 20 11.44 
1.738 2 1 1 0 0.4000 0.3975 1.8 2.2 0.5721 -0.0003 0.002591 0.447874 -4.1800 0 -2.2068 0  1106 1247 1354 1514 1563 1458 1221 1119  1 1 0 1 0 7 0 0 20 11.44 
1.743 2 1 1 0 0.3995 0.4000 2.4 2.0 0.5741 -0.0003 0.002591 0.447825 -4.1800 0 -2.2068 0  1109 1252 1312 1480 1523 1437 1229 1096  1 1 0 1 0 10 0 0 20 11.44 
1.748 2 1 1 0 0.3975 0.3988 2.3 1.8 0.5757 -0.0003 0.002591 0.447585 -4.1800 0 -2.2068 0  1118 1245 1377 1473 1492 1447 1222 1093  1 1 0 1 0 15 0 0 20 11.44 
1.753 2 1 1 0 0.3985 0.4000 1.8 2.1 0.5777 -0.0003 0.002591 0.447987 -4.1800 0 -2.2068 0  1087 1268 1361 1455 1469 1371 1196 1092  1 1 0 1 0 20 0 0 20 11.44 
1.758 2 1 1 0 0.3965 0.4000 1.7 1.9 0.5797 -0.0003 0.002591 0.448381 -4.1800 0 -2.2068 0  1115 1269 1332 1441 1444 1364 1172 1079  1 1 0 1 0 20 0 0 20 11.44 
1.763 2 1 1 0 0.3949 0.4000 1.9 1.8 0.5817 -0.0003 0.002591 0.448061 -4.1800 0 -2.2068 0  1109 1271 1348 1437 1456 1362 1150 1050  1 1 0 1 0 20 0 0 20 11.44 
1.768 2 1 1 0 0.3937 0.4000 1.8 2.1 0.5838 -0.0003 0.002591 0.448066 -4.1800 0 -2.2068 0  1089 1246 1352 1430 1446 1365 1137 1034  1 1 0 1 0 20 0 0 20 11.44 
1.773 2 1 1 0 0.3909 0.4000 1.7 2.1 0.5856 -0.0003 0.000000 0.448301 -4.1800 0 -2.2068 0  1114 1242 1347 1422 1471 1383 1141 1032  1 1 0 1 0 20 0 0 20 11.44 
1.778 2 1 1 0 0.3809 0.4000 1.4 2.0 0.5876 -0.0003 0.000000 0.448512 -4.1800 0 -2.2068 0  1081 1244 1347 1471 1481 1394 1173 1041  1 1 0 1 0 20 0 0 20 11.43 
1.783 2 1 1 0 0.3829 0.3984 1.9 1.9 0.5894 -0.0003 0.002591 0.448562 -4.1800 0 -2.2068 0  1113 1250 1345 1469 1473 1380 1172 1043  1 1 0 1 0 20 0 0 20 11.44 
1.788 2 1 1 0 0.3977 0.4000 1.7 2.2 0.5914 -0.0003 0.002591 0.448762 -4.1800 0 -2.2068 0  1089 1235 1331 1426 1456 1367 1164 1040  1 1 0 1 0 20 0 0 20 11.44 
1.793 2 1 1 0 0.3959 0.4000 1.9 2.2 0.5934 -0.0003 0.002591 0.449405 -4.1800 0 -2.2068 0  1093 1236 1337 1428 1432 1346 1160 1040  1 1 0 1 0 20 0 0 20 11.44 
1.798 2 1 1 0 0.3859 0.4000 1.4 2.2 0.5952 -0.0003 0.000000 0.449860 -4.1800 0 -2.2068 0  1126 1248 1335 1436 1433 1326 1155 1043  1 1 0 1 0 20 0 0 20 11.44 
1.803 2 1 1 0 0.3759 0.4000 1.7 1.9 0.5972 -0.0003 0.000000 0.449954 -4.1800 0 -2.2068 0  1124 1242 1362 1433 1418 1351 1153 1038  1 1 0 1 0 20 0 0 20 11.44 
1.808 2 1 1 0 0.3695 0.4000 1.5 1.8 0.5992 -0.0003 0.000000 0.449913 -4.1800 0 -2.2068 0  1099 1257 1336 1442 1436 1305 1154 1035  1 1 0 1 0 20 0 0 20 11.44 
1.813 2 1 1 0 0.3795 0.3940 1.4 1.7 0.6010 -0.0003 0.002591 0.449979 -4.1800 0 -2.2068 0  1090 1238 1343 1418 1442 1356 1156 1038  1 1 0 1 0 20 0 0 20 11.45 
1.818 2 1 1 0 0.3980 0.3980 1.9 2.1 0.6030 -0.0003 0.002591 0.450204 -4.1800 0 -2.2068 0  1080 1233 1342 1459 1449 1360 1120 1037  1 1 0 1 0 20 0 0 20 11.44 
1.823 2 1 1 0 0.3880 0.4000 1.7 1.9 0.6048 -0.0003 0.000000 0.450706 -4.1800 0 -2.2068 0  1124 1242 1325 1482 1454 1318 1162 1035  1 1 0 1 0 20 0 0 20 11.44 
1.828 2 1 1 0 0.3780 0.4000 1.2 1.8 0.6068 -0.0003 0.000000 0.450476 -4.1800 0 -2.2068 0  1075 1239 1347 1457 1451 1346 1174 1033  1 1 0 1 0 20 0 0 20 11.44 
1.833 2 1 1 0 0.3716 0.4000 1.2 2.0 0.6089 -0.0003 0.000000 0.450380 -4.1800 0 -2.2068 0  1083 1242 1342 1446 1463 1373 1163 1013  1 1 0 1 0 20 0 0 20 11.44 
1.838 2 1 1 0 0.3785 0.3940 1.5 2.2 0.6107 -0.0003 0.002591 0.450716 -4.1800 0 -2.2068 0  1085 1246 1339 1452 1440 1364 1160 1039  1 1 0 1 0 20 0 0 20 11.45 
1.843 2 1 1 0 0.3984 0.3959 2.3 2.0 0.6127 -0.0003 0.002591 0.450785 -4.1800 0 -2.2068 0  1086 1255 1337 1451 1460 1352 1152 1039  1 1 0 1 0 20 0 0 20 11.44 
1.848 2 1 1 0 0.3960 0.4000 1.9 2.0 0.6145 -0.0003 0.000000 0.450942 -4.1800 0 -2.2068 0  1129 1231 1335 1476 1462 1374 1149 1041  1 1 0 1 0 20 0 0 20 11.44 
1.853 2 1 1 0 0.3860 0.4000 1.4 2.1 0.6165 -0.0003 0.000000 0.451348 -4.1800 0 -2.2068 0  1118 1234 1336 1491 1450 1359 1148 1045  1 1 0 1 0 20 0 0 20 11.44 
1.858 2 1 1 0 0.3760 0.4000 1.1 1.9 0.6185 -0.0003 0.000000 0.451455 -4.1800 0 -2.2068 0  1088 1225 1334 1426 1471 1365 1160 1039  1 1 0 1 0 20 0 0 20 11.45 
1.863 2 1 1 0 0.3729 0.4000 2.7 1.9 0.6205 -0.0003 0.000000 0.450996 -4.1800 0 -2.2068 0  1091 1230 1333 1451 1458 1363 1154 1045  1 1 0 1 0 20 0 0 20 11.45 
1.868 2 1 1 0 0.3780 0.3960 1.7 2.0 0.6223 -0.0003 0.002591 0.450659 -4.1800 0 -2.2068 0  1104 1237 1322 1421 1462 1377 1128 1043  1 1 0 1 0 20 0 0 20 11.45 
1.873 2 1 1 0 0.3760 0.3980 1.4 2.1 0.6241 -0.0002 0.000000 0.451013 -4.1800 0 -2.2068 0  1091 1236 1309 1448 1463 1359 1155 1039  1 1 0 1 0 20 0 0 20 11.44 
1.878 2 1 1 0 0.3731 0.4000 1.3 2.0 0.6261 -0.0002 0.000000 0.451511 -4.1800 0 -2.2068 0  1107 1227 1330 1448 1471 1372 1163 1016  1 1 0 1 0 20 0 0 20 11.44 
1.883 2 1 1 0 0.3748 0.4000 1.3 2.0 0.6281 -0.0002 0.000000 0.451891 -4.1800 0 -2.2068 0  1110 1255 1346 1454 1484 1375 1130 1034  1 1 0 1 0 20 0 0 20 11.45 
1.888 2 1 1 0 0.3761 0.4000 1.4 2.2 0.6301 -0.0002 0.000000 0.452078 -4.1800 0 -2.2068 0  1124 1249 1344 1467 1470 1376 1149 1033  1 1 0 1 0 20 0 0 20 11.45 
1.893 2 1 1 0 0.3771 0.4000 1.4 2.0 0.6321 -0.0002 0.000000 0.451824 -4.1800 0 -2.2068 0  1138 1269 1347 1470 1489 1381 1177 1046  1 1 0 1 0 20 0 0 20 11.45 
1.898 2 1 1 0 0.3693 0.4000 1.6 2.2 0.6340 -0.0003 -0.002591 0.451802 -4.1800 0 -2.2068 0  1176 1303 1358 1489 1498 1375 1178 1050  1 1 0 1 0 20 0 0 20 11.45 
1.903 2 1 1 0 0.3593 0.4000 0.9 1.9 0.6360 -0.0003 -0.002591 0.451797 -4.1800 0 -2.2068 0  1177 1296 1352 1487 1521 1394 1175 1065  1 1 0 1 0 20 0 0 20 11.45 
1.908 2 1 1 0 0.3693 0.4000 1.2 1.8 0.6378 -0.0003 0.000000 0.451708 -4.1800 0 -2.2068 0  1191 1316 1392 1507 1501 1413 1167 1043  1 1 0 1 0 20 0 0 20 11.45 
1.913 2 1 1 0 0.3793 0.4000 2.6 1.7 0.6398 -0.0003 0.000000 0.451692 -4.1800 0 -2.2068 0  1202 1357 1403 1508 1517 1410 1196 1031  1 1 0 1 0 18 0 0 20 11.45 
1.918 2 1 1 0 0.3849 0.4000 1.5 2.1 0.6418 -0.0003 0.000000 0.451548 -4.1800 0 -2.2068 0  1205 1357 1432 1523 1534 1420 1179 1043  1 1 0 1 0 19 0 0 20 11.44 
1.923 2 1 1 0 0.3839 0.4000 1.8 2.1 0.6438 -0.0003 0.000000 0.451619 -4.1800 0 -2.2068 0  1204 1378 1439 1535 1572 1435 1206 1075  1 1 0 1 0 14 0 0 20 11.45 
1.928 2 1 1 0 0.3832 0.4000 1.5 1.8 0.6458 -0.0003 0.000000 0.451337 -4.1800 0 -2.2068 0  1204 1346 1435 1569 1564 1432 1225 1069  1 1 0 1 0 11 0 0 20 11.45 
1.933 2 1 1 0 0.3892 0.3940 1.7 2.1 0.6474 -0.0003 0.000000 0.451499 -4.1800 0 -2.2068 0  1204 1334 1430 1570 1586 1450 1245 1104  1 1 0 1 0 6 0 0 20 11.45 
1.938 2 1 1 0 0.3792 0.4000 1.4 2.2 0.6494 -0.0003 0.000000 0.451450 -4.1800 0 -2.2068 0  1209 1330 1449 1587 1597 1476 1238 1117  1 1 0 1 0 1 0 0 20 11.45 
1.943 2 1 1 0 0.3781 0.4000 1.6 2.0 0.6514 -0.0003 0.000000 0.451138 -4.1800 0 -2.2068 0  1206 1324 1457 1570 1602 1483 1242 1087  1 1 0 0 0 0 0 0 20 11.45 
1.948 2 1 1 0 0.3805 0.3980 1.6 2.0 0.6532 -0.0003 0.002591 0.450680 -4.1800 0 -2.2068 0  1203 1361 1456 1589 1568 1495 1275 1145  1 1 0 0 0 0 0 0 20 11.45 
1.953 2 1 1 0 0.3900 0.3900 1.8 1.8 0.6552 -0.0002 0.002591 0.450889 -4.1800 0 -2.2068 0  1210 1312 1463 1581 1568 1498 1270 1159  1 1 0 0 0 0 0 0 20 11.45 
1.958 2 1 1 0 0.3920 0.3973 1.5 2.0 0.6570 -0.0002 0.000000 0.451362 -4.1800 0 -2.2068 0  1205 1358 1464 1565 1579 1503 1258 1153  1 1 0 0 0 0 0 0 20 11.45 
1.963 2 1 1 0 0.3820 0.4000 2.6 2.0 0.6591 -0.0002 0.000000 0.451559 -4.1800 0 -2.2068 0  1210 1361 1446 1578 1569 1484 1293 1146  1 1 0 0 0 0 0 0 20 11.45 
1.968 2 1 1 0 0.3729 0.4000 1.2 2.1 0.6611 -0.0002 0.000000 0.451017 -4.1800 0 -2.2068 0  1203 1355 1469 1577 1608 1498 1291 1129  1 1 0 0 0 0 0 0 20 11.45 
1.973 2 1 1 0 0.3744 0.4000 1.5 2.3 0.6631 -0.0002 0.000000 0.450947 -4.1800 0 -2.2068 0  1201 1376 1467 1587 1625 1499 1290 1160  1 1 0 0 0 0 2 0 20 11.45 
1.978 2 1 1 0 0.3734 0.4000 1.1 2.0 0.6649 -0.0002 -0.002591 0.451399 -4.1800 0 -2.2068 0  1197 1349 1468 1578 1569 1502 1283 1143  1 1 0 0 0 0 0 0 20 11.45 
1.983 2 1 1 0 0.3754 0.4000 1.4 2.1 0.6667 -0.0002 0.000000 0.451790 -4.1800 0 -2.2068 0  1200 1324 1462 1590 1575 1502 1296 1176  1 1 0 0 0 0 0 0 20 11.45 
1.988 2 1 1 0 0.3801 0.4000 1.7 2.1 0.6687 -0.0002 0.000000 0.452117 -4.1800 0 -2.2068 0  1194 1350 1468 1585 1596 1507 1294 1141  1 1 0 0 0 0 0 0 20 11.45 
1.993 2 1 1 0 0.3800 0.4000 1.4 2.0 0.6707 -0.0002 0.000000 0.452428 -4.1800 0 -2.2068 0  1190 1333 1468 1580 1559 1499 1286 1152  1 1 0 0 0 0 0 0 20 11.45 
1.998 2 1 1 0 0.3800 0.4000 1.8 2.3 0.6727 -0.0002 0.000000 0.452926 -4.1800 0 -2.2068 0  1187 1341 1462 1569 1590 1510 1281 1160  1 1 0 0 0 0 0 0 20 11.45 
2.003 2 1 1 0 0.3786 0.4000 1.7 2.0 0.6743 -0.0002 0.000000 0.453338 -4.1800 0 -2.2068 0  1190 1353 1467 1567 1588 1504 1292 1147  1 1 0 0 0 0 0 0 20 11.45 
2.008 2 1 1 0 0.3789 0.4000 1.6 1.9 0.6763 -0.0002 0.000000 0.453575 -4.1800 0 -2.2068 0  1178 1340 1453 1569 1553 1487 1284 1155  1 1 0 0 0 0 0 0 20 11.45 
2.013 2 1 1 0 0.3791 0.4000 2.6 1.7 0.6783 -0.0002 0.000000 0.453759 -4.1800 0 -2.2068 0  1184 1333 1451 1567 1566 1478 1249 1126  1 1 0 0 0 0 0 0 20 11.45 
2.018 2 1 1 0 0.3792 0.4000 1.4 2.1 0.6803 -0.0002 0.000000 0.454193 -4.1800 0 -2.2068 0  1186 1329 1447 1577 1584 1487 1276 1118  1 1 0 0 0 0 0 0 20 11.45 
2.023 2 1 1 0 0.3853 0.3940 1.7 2.1 0.6821 -0.0002 0.002591 0.454290 -4.1800 0 -2.2068 0  1180 1319 1465 1573 1555 1470 1251 1130  1 1 0 0 0 0 0 0 20 11.44 
2.028 2 1 1 0 0.3953 0.3919 1.7 1.7 0.6842 -0.0002 0.002591 0.453764 -4.1800 0 -2.2068 0  1183 1354 1426 1575 1593 1463 1252 1129  1 1 0 0 0 0 0 0 20 11.45 
2.033 2 1 1 0 0.4000 0.3964 1.8 2.6 0.6862 -0.0002 0.002591 0.454234 -4.1800 0 -2.2068 0  1181 1342 1439 1568 1576 1497 1261 1134  1 1 0 0 0 0 0 0 20 11.44 
2.038 2 1 1 0 0.3940 0.4000 1.5 2.2 0.6880 -0.0002 0.000000 0.455135 -4.1800 0 -2.2068 0  1184 1337 1431 1562 1585 1462 1269 1128  1 1 0 0 0 0 0 0 20 11.45 
2.043 2 1 1 0 0.3840 0.4000 1.6 2.0 0.6900 -0.0002 0.000000 0.455484 -4.1800 0 -2.2068 0  1168 1331 1426 1547 1566 1480 1265 1155  1 1 0 0 0 0 0 0 20 11.44 
2.048 2 1 1 0 0.3948 0.3948 1.9 2.0 0.6918 -0.0002 0.002591 0.454880 -4.1800 0 -2.2068 0  1159 1326 1452 1545 1562 1496 1262 1132  1 1 0 0 0 0 0 0 20 11.45 
2.053 8 1 2 0 0.3980 0.3968 1.8 1.9 0.6938 -0.0002 0.002591 0.455105 -4.1800 0 -2.2068 0  1157 1290 1436 1540 1532 1483 1254 1120  1 1 0 0 0 4 0 0 20 11.44 
2.058 8 1 2 0 0.3880 0.3868 1.3 1.6 0.6958 -0.0002 0.002591 0.455761 -4.1800 0 -2.2068 0  1164 1303 1416 1542 1561 1494 1253 1117  1 1 0 0 0 3 0 0 20 11.44 
2.063 8 1 2 0 0.3780 0.3808 2.7 1.6 0.6976 -0.0002 0.000000 0.456166 -4.1800 0 -2.2068 0  1160 1311 1423 1544 1563 1467 1243 1109  1 1 0 0 0 6 0 0 20 11.44 
2.068 8 1 2 0 0.3680 0.3808 1.4 1.7 0.6996 -0.0002 0.000000 0.455355 -4.1800 0 -2.2068 0  1143 1299 1422 1535 1566 1475 1254 1114  1 1 0 0 0 3 0 0 20 11.44 
2.073 8 1 2 0 0.3640 0.3640 1.3 1.5 0.7014 -0.0002 0.002591 0.455334 -4.1800 0 -2.2068 0  1119 1285 1416 1537 1554 1494 1251 1098  1 1 0 0 0 0 0 0 20 11.45 
2.078 8 1 2 0 0.3540 0.3540 0.8 1.3 0.7034 -0.0002 0.002591 0.456064 -4.1800 0 -2.2068 0  1084 1242 1405 1532 1558 1482 1249 1095  1 1 0 0 0 0 0 0 20 11.45 
2.083 8 1 2 0 0.3440 0.3520 0.9 1.5 0.7052 -0.0002 0.000000 0.456807 -4.1800 0 -2.2068 0  1090 1221 1362 1530 1560 1448 1254 1107  1 1 0 0 0 0 0 0 20 11.45 
2.088 8 1 2 0 0.3340 0.3440 0.8 1.1 0.7068 -0.0002 0.000000 0.457527 -4.1800 0 -2.2068 0  1103 1226 1350 1498 1549 1459 1252 1126  1 1 0 0 0 0 0 0 20 11.45 
2.093 8 1 2 0 0.3240 0.3440 1.2 1.3 0.7089 -0.0002 0.000000 0.458084 -4.1800 0 -2.2068 0  1096 1221 1302 1453 1519 1415 1250 1103  1 1 0 0 0 0 0 0 20 11.45 
2.098 8 1 2 0 0.3220 0.3360 1.4 1.1 0.7107 -0.0002 0.002591 0.458321 -4.1800 0 -2.2068 0  1109 1229 1329 1422 1487 1440 1243 1117  1 1 0 0 0 0 0 0 20 11.44 
2.103 8 1 2 0 0.3180 0.3300 1.5 1.2 0.7123 -0.0002 0.002591 0.458836 -4.1800 0 -2.2068 0  1128 1247 1338 1436 1447 1413 1231 1114  1 1 0 0 0 1 0 0 20 11.45 
2.108 8 1 2 0 0.3100 0.3200 1.4 1.0 0.7139 -0.0002 0.002591 0.459301 -4.1800 0 -2.2068 0  1133 1262 1362 1447 1442 1370 1203 1126  1 1 0 0 0 0 0 0 20 11.44 
2.113 8 1 2 0 0.3020 0.3100 1.6 0.9 0.7157 -0.0002 0.005182 0.459734 -4.1800 0 -2.2068 0  1149 1291 1376 1465 1459 1362 1166 1104  1 1 0 0 0 1 0 0 20 11.45 
2.118 8 1 2 0 0.2940 0.3000 1.7 0.9 0.7173 -0.0002 0.005182 0.460516 -4.1800 0 -2.2068 0  1155 1290 1370 1508 1496 1362 1150 1056  1 1 0 0 0 4 0 0 20 11.45 
2.123 8 1 2 0 0.2860 0.2900 0.5 1.2 0.7191 -0.0002 0.002591 0.461336 -4.1800 0 -2.2068 0  1181 1307 1405 1512 1515 1397 1149 1023  1 1 0 0 0 0 0 0 20 11.45 
2.128 8 1 2 0 0.2780 0.2820 0.3 1.0 0.7207 -0.0002 0.002591 0.462355 -4.1800 0 -2.2068 0  1160 1313 1421 1531 1573 1474 1190 1050  1 1 0 0 0 0 0 0 20 11.44 
2.133 8 1 2 0 0.2680 0.2740 0.2 0.8 0.7221 -0.0002 0.000000 0.463539 -4.1800 0 -2.2068 0  1156 1326 1425 1564 1595 1489 1250 1096  1 1 0 0 0 0 0 0 20 11.45 
2.138 8 1 2 0 0.2580 0.2720 0.0 0.9 0.7237 -0.0002 0.000000 0.464607 -4.1800 0 -2.2068 0  1155 1338 1450 1573 1628 1522 1291 1129  1 1 0 0 0 0 0 0 20 11.45 
2.143 8 1 2 0 0.2500 0.2700 0.2 1.1 0.7253 -0.0002 0.000000 0.465460 -4.1800 0 -2.2068 0  1166 1337 1447 1577 1640 1536 1315 1147  1 1 0 0 0 0 0 0 20 11.44 
2.148 8 1 2 0 0.2400 0.2680 0.2 1.1 0.7265 -0.0002 0.000000 0.466007 -4.1800 0 -2.2068 0  1165 1326 1448 1593 1640 1539 1312 1143  1 1 0 0 0 0 0 0 20 11.46 
2.153 8 1 2 0 0.2300 0.2600 0.3 0.9 0.7281 -0.0002 0.000000 0.466863 -4.1800 0 -2.2068 0  1151 1326 1442 1586 1621 1544 1325 1160  1 1 0 0 0 0 0 0 20 11.45 
2.158 8 1 2 0 0.2200 0.2540 0.1 0.6 0.7295 -0.0002 -0.002591 0.467799 -4.1800 0 -2.2068 0  1154 1317 1433 1559 1612 1535 1331 1176  1 1 0 0 0 0 0 0 20 11.45 
2.163 8 1 2 0 0.2140 0.2460 -0.1 0.6 0.7309 -0.0002 0.000000 0.468702 -4.1800 0 -2.2068 0  1140 1311 1408 1563 1618 1515 1297 1173  1 1 0 0 0 0 0 0 20 11.45 
2.168 8 1 2 0 0.2100 0.2400 0.2 0.6 0.7321 -0.0002 0.000000 0.469818 -4.1800 0 -2.2068 0  1143 1305 1416 1539 1603 1515 1289 1165  1 1 0 0 0 0 0 0 20 11.45 
2.173 8 1 2 0 0.2020 0.2300 0.1 0.5 0.7338 -0.0002 0.000000 0.470390 -4.1800 0 -2.2068 0  1146 1303 1408 1547 1583 1503 1291 1159  1 1 0 0 0 0 0 0 20 11.45 
2.178 8 1 2 0 0.1940 0.2200 -0.1 0.6 0.7350 -0.0002 0.000000 0.471343 -4.1800 0 -2.2068 0  1144 1322 1397 1535 1585 1480 1279 1154  1 1 0 0 0 0 0 0 20 11.45 
2.183 8 1 2 0 0.1840 0.2100 0.5 0.5 0.7362 -0.0002 0.000000 0.472219 -4.1800 0 -2.2068 0  1139 1305 1395 1530 1576 1483 1260 1144  1 1 0 0 0 0 0 0 20 11.45 
2.188 8 1 2 0 0.1760 0.2000 -0.2 0.2 0.7374 -0.0002 0.000000 0.473142 -4.1800 0 -2.2068 0  1130 1296 1368 1513 1558 1453 1255 1139  1 1 0 0 0 0 0 0 20 11.45 
2.193 8 1 2 0 0.1660 0.1920 -0.2 0.7 0.7384 -0.0002 -0.002591 0.474421 -4.1800 0 -2.2068 0  1143 1282 1373 1494 1546 1449 1256 1133  1 1 0 0 0 0 0 0 20 11.45 
2.198 8 1 2 0 0.1560 0.1820 -0.1 0.2 0.7394 -0.0002 0.000000 0.475190 -4.1800 0 -2.2068 0  1146 1275 1358 1489 1529 1447 1240 1127  1 1 0 0 0 2 0 0 20 11.45 
2.203 8 1 2 0 0.1460 0.1720 -0.4 0.2 0.7406 -0.0002 0.000000 0.475395 -4.1800 0 -2.2068 0  1142 1260 1352 1475 1518 1437 1227 1118  1 1 0 0 0 3 0 0 20 11.45 
2.208 8 1 2 0 0.1360 0.1640 -1.0 0.2 0.7416 -0.0002 -0.002591 0.476615 -4.1800 0 -2.2068 0  1130 1255 1346 1476 1515 1429 1212 1082  1 1 0 0 0 8 0 0 20 11.45 
2.213 8 1 2 0 0.1320 0.1580 -0.1 0.4 0.7426 -0.0002 0.000000 0.477322 -4.1800 0 -2.2068 0  1130 1242 1346 1467 1506 1421 1215 1093  1 1 0 0 0 9 0 0 20 11.45 
