%% logfile from robot Susanne (58)
% Susanne (58)
%  1    time 0.003 sec
%  2  3  4  5   (mission 0), state 2, entered (thread 1, line 0), events 0x0 (bit-flags)
%  6  7 Motor velocity ref left, right: 0.0000 0.0000
%  8  9 Motor voltage [V] left, right: 0.0 0.0
% 10 11 12 13 Pose x,y,h,tilt [m,m,rad,rad]: 0 0 0 0.469417
% 14 .. 34 Line sensor: left -4.180000 0, right 1.073022 0, values 1281 1441 1553 1685 1681 1562 1310 1159, white 1, used 1, LEDhigh=0, xb=0 xw=0 xbc=0 xwc=0 lvl=18 lvr=3
% 35    Battery voltage [V]: 11.44
0.008 2 1 0 0 0.0000 0.0000 0.0 0.0 0.0000 0.0000 0.000000 0.469405 -4.1800 0 1.0730 0  1287 1442 1548 1674 1681 1559 1313 1160  1 1 0 0 0 0 0 18 3 11.44 
0.013 2 1 0 0 0.0000 0.0000 0.0 0.0 0.0000 0.0000 0.000000 0.469409 -4.1800 0 1.0730 0  1280 1437 1548 1673 1687 1557 1300 1161  1 1 0 0 0 0 0 18 3 11.44 
0.018 2 1 0 0 0.0000 0.0000 0.0 0.0 0.0000 0.0000 0.000000 0.469413 -4.1800 0 1.0730 0  1274 1442 1556 1677 1680 1560 1298 1160  1 1 0 0 0 0 0 18 3 11.44 
0.023 2 1 0 0 0.0000 0.0000 0.0 0.0 0.0000 0.0000 0.000000 0.469416 -4.1800 0 1.0730 0  1273 1447 1552 1674 1679 1564 1298 1165  1 1 0 0 0 0 0 18 3 11.44 
0.028 2 1 0 0 0.0000 0.0000 0.0 0.0 0.0000 0.0000 0.000000 0.469423 -4.1800 0 1.0730 0  1285 1446 1549 1683 1676 1558 1313 1162  1 1 0 0 0 0 0 18 3 11.44 
0.033 2 1 0 0 0.0000 0.0000 0.0 0.0 0.0000 0.0000 0.000000 0.469424 -4.1800 0 1.0730 0  1277 1444 1551 1678 1678 1556 1308 1158  1 1 0 0 0 0 0 18 3 11.44 
0.038 2 1 0 0 0.0000 0.0000 0.0 0.0 0.0000 0.0000 0.000000 0.469435 -4.1800 0 1.0730 0  1275 1435 1548 1675 1684 1554 1300 1160  1 1 0 0 0 0 0 18 3 11.44 
0.043 2 1 0 0 0.0000 0.0000 0.0 0.0 0.0000 0.0000 0.000000 0.469446 -4.1800 0 1.0730 0  1274 1440 1547 1678 1676 1559 1304 1157  1 1 0 0 0 0 0 18 3 11.44 
0.048 2 1 0 0 0.0000 0.0000 0.0 0.0 0.0000 0.0000 0.000000 0.469460 -4.1800 0 1.0730 0  1277 1442 1550 1676 1682 1553 1305 1162  1 1 0 0 0 0 0 18 3 11.44 
0.053 2 1 1 0 0.0060 0.0060 0.1 0.1 0.0000 0.0000 0.000000 0.469476 -4.1800 0 1.0730 0  1275 1438 1548 1678 1673 1559 1311 1162  1 1 0 0 0 0 0 18 3 11.44 
0.058 2 1 1 0 0.0160 0.0160 0.3 0.3 0.0000 0.0000 0.000000 0.469469 -4.1800 0 1.0730 0  1274 1438 1517 1636 1653 1538 1296 1160  1 1 0 0 0 0 0 18 3 11.44 
0.063 2 1 1 0 0.0260 0.0260 0.5 0.5 0.0000 0.0000 0.000000 0.469490 -4.1800 0 1.0730 0  1273 1438 1547 1678 1675 1558 1306 1159  1 1 0 0 0 0 0 18 3 11.44 
0.068 2 1 1 0 0.0360 0.0360 0.7 0.7 0.0000 0.0000 0.000000 0.469495 -4.1800 0 1.0730 0  1273 1438 1552 1678 1676 1551 1303 1190  1 1 0 0 0 0 0 18 3 11.44 
0.073 2 1 1 0 0.0460 0.0460 0.9 0.9 0.0000 0.0000 0.000000 0.469484 -3.0762 1 1.5429 1  1284 1448 1547 1676 1681 1563 1310 1146  1 1 0 0 0 0 0 19 4 11.44 
0.078 2 1 1 0 0.0560 0.0560 1.1 1.1 0.0000 0.0000 0.000000 0.469474 -2.7042 0 1.4844 0  1274 1464 1550 1673 1683 1554 1299 1164  1 1 0 0 0 0 0 20 5 11.44 
0.083 2 1 1 0 0.0660 0.0660 1.3 1.3 0.0000 0.0000 0.000000 0.469259 -2.6123 0 1.3490 0  1270 1452 1552 1678 1690 1557 1299 1136  1 1 0 0 0 0 0 20 6 11.43 
0.088 2 1 1 0 0.0760 0.0660 1.5 1.3 0.0002 0.0000 0.002591 0.468720 -2.6085 0 1.2703 0  1275 1469 1552 1682 1699 1560 1310 1158  1 1 0 0 0 0 0 20 7 11.43 
0.093 2 1 1 0 0.0860 0.0680 1.7 1.3 0.0002 0.0000 0.002591 0.468095 -2.6085 0 1.2703 0  1276 1434 1555 1678 1692 1561 1305 1169  1 1 0 0 0 0 0 20 7 11.43 
0.098 2 1 1 0 0.0900 0.0780 1.8 1.5 0.0004 0.0000 0.000000 0.467478 -2.6085 0 1.2703 0  1279 1429 1555 1675 1689 1554 1301 1164  1 1 0 0 0 0 0 20 7 11.43 
0.103 2 1 1 0 0.0900 0.0880 1.8 1.7 0.0004 0.0000 0.000000 0.466880 -2.5308 0 1.2685 0  1275 1440 1560 1675 1683 1555 1305 1175  1 1 0 0 0 0 0 20 10 11.44 
0.108 2 1 1 0 0.0980 0.0900 1.9 1.5 0.0006 0.0000 0.002591 0.466339 -2.5308 0 1.2685 0  1285 1425 1555 1674 1666 1562 1301 1147  1 1 0 0 0 0 0 20 10 11.43 
0.113 2 1 1 0 0.1040 0.0940 1.6 1.5 0.0008 0.0000 0.000000 0.465862 -4.1800 0 1.4786 0  1279 1438 1551 1674 1694 1562 1306 1162  1 1 0 0 0 0 0 14 13 11.43 
0.118 2 1 1 0 0.1060 0.1020 1.7 1.5 0.0010 0.0000 0.002591 0.465352 -2.5426 0 1.1591 0  1279 1454 1552 1679 1676 1561 1311 1166  1 1 0 0 0 0 0 16 15 11.44 
0.123 2 1 1 0 0.1160 0.1040 1.9 1.6 0.0010 0.0000 0.002591 0.465015 -2.5426 0 1.1591 0  1277 1451 1529 1672 1678 1540 1302 1158  1 1 0 0 0 0 0 16 15 11.43 
0.128 2 1 1 0 0.1160 0.1140 1.8 1.8 0.0012 0.0000 0.000000 0.465051 -2.5426 0 1.1591 0  1277 1453 1563 1671 1698 1562 1304 1186  1 1 0 0 0 0 0 16 15 11.43 
0.133 2 1 1 0 0.1200 0.1200 1.5 1.8 0.0016 0.0000 0.000000 0.464821 -2.5426 0 1.1591 0  1270 1441 1543 1671 1682 1566 1301 1167  1 1 0 0 0 0 0 16 15 11.43 
0.138 2 1 1 0 0.1260 0.1300 1.6 1.9 0.0020 0.0000 0.000000 0.464274 -4.1800 0 1.7265 0  1275 1427 1550 1667 1660 1572 1306 1144  1 1 0 0 0 0 0 14 16 11.43 
0.143 2 1 1 0 0.1360 0.1400 1.8 2.1 0.0020 0.0000 0.000000 0.464123 -4.1800 0 1.7265 0  1281 1436 1547 1673 1671 1580 1309 1190  1 1 0 0 0 0 0 14 16 11.43 
0.148 2 1 1 0 0.1460 0.1500 2.1 2.1 0.0024 0.0000 0.000000 0.464274 -4.1800 0 1.7265 0  1267 1436 1547 1670 1665 1576 1305 1167  1 1 0 0 0 0 0 14 16 11.43 
0.153 2 1 1 0 0.1560 0.1600 2.2 2.4 0.0028 0.0000 0.000000 0.463946 -4.1800 0 1.7265 0  1279 1449 1546 1668 1682 1567 1308 1146  1 1 0 0 0 0 0 14 16 11.42 
0.158 2 1 1 0 0.1620 0.1700 1.9 2.6 0.0030 0.0000 -0.002591 0.463072 -4.1800 0 1.7265 0  1276 1419 1546 1671 1667 1556 1314 1195  1 1 0 0 0 0 0 14 16 11.42 
0.163 2 1 1 0 0.1680 0.1800 2.0 2.5 0.0034 0.0000 -0.002591 0.462058 -4.1800 0 1.7265 0  1285 1420 1564 1667 1666 1590 1314 1207  1 1 0 0 0 0 0 14 16 11.42 
0.168 2 1 1 0 0.1840 0.1860 2.5 2.4 0.0038 0.0000 -0.002591 0.461109 -4.1800 0 1.7265 0  1280 1455 1546 1667 1697 1570 1323 1159  1 1 0 0 0 0 0 14 16 11.42 
0.173 2 1 1 0 0.1900 0.1960 2.4 2.6 0.0042 0.0000 -0.002591 0.460855 -4.1800 0 1.7265 0  1282 1420 1552 1667 1666 1577 1324 1198  1 1 0 0 0 0 1 14 16 11.41 
0.178 2 1 1 0 0.2020 0.2020 2.3 2.5 0.0048 -0.0000 0.000000 0.460565 -4.1800 0 1.7265 0  1286 1443 1543 1670 1690 1575 1333 1190  1 1 0 0 0 0 0 14 16 11.40 
0.183 2 1 1 0 0.2100 0.2100 2.6 2.2 0.0052 -0.0000 0.000000 0.459686 -4.1800 0 1.7265 0  1279 1449 1526 1666 1710 1559 1337 1170  1 1 0 0 0 0 0 14 16 11.41 
0.188 2 1 1 0 0.2160 0.2160 2.7 2.5 0.0060 -0.0000 0.000000 0.458901 -4.1800 0 1.7265 0  1276 1441 1554 1660 1691 1601 1333 1186  1 1 0 0 0 0 0 14 16 11.41 
0.193 2 1 1 0 0.2220 0.2240 2.2 2.9 0.0066 -0.0000 -0.002591 0.458227 -4.1800 0 1.7265 0  1287 1448 1526 1668 1719 1556 1341 1182  1 1 0 0 0 0 0 14 16 11.40 
0.198 2 1 1 0 0.2220 0.2340 2.3 2.9 0.0070 -0.0000 -0.002591 0.457228 -4.1800 0 1.7265 0  1258 1440 1527 1668 1695 1594 1340 1191  1 1 0 0 0 0 0 14 16 11.40 
0.203 2 1 1 0 0.2300 0.2360 3.1 2.5 0.0076 -0.0000 0.000000 0.456303 -4.1800 0 1.7265 0  1275 1441 1541 1677 1697 1574 1337 1171  1 1 0 0 0 0 0 14 16 11.40 
0.208 2 1 1 0 0.2360 0.2400 2.4 2.7 0.0084 -0.0000 0.000000 0.456085 -4.1800 0 1.7265 0  1253 1439 1528 1669 1696 1588 1347 1188  1 1 0 0 0 0 0 14 16 11.39 
0.213 2 1 1 0 0.2440 0.2420 2.7 2.1 0.0092 -0.0000 0.000000 0.455929 -4.1800 0 1.7265 0  1281 1443 1536 1676 1694 1588 1343 1179  1 1 0 0 0 0 0 14 16 11.41 
0.218 2 1 1 0 0.2540 0.2520 2.5 2.2 0.0100 -0.0000 0.000000 0.455303 -4.1800 0 1.7265 0  1266 1441 1562 1673 1691 1567 1342 1190  1 1 0 0 0 0 0 14 16 11.43 
0.223 2 1 1 0 0.2620 0.2620 2.7 3.0 0.0108 -0.0000 0.000000 0.454222 -4.1800 0 1.7265 0  1260 1435 1519 1646 1694 1557 1351 1209  1 1 0 0 0 0 0 14 16 11.40 
0.228 2 1 1 0 0.2660 0.2680 2.5 2.8 0.0116 -0.0000 0.000000 0.453337 -4.1800 0 1.7265 0  1233 1437 1542 1633 1686 1575 1338 1228  1 1 0 0 0 0 0 14 16 11.40 
0.233 2 1 1 0 0.2700 0.2740 2.5 2.1 0.0127 -0.0000 -0.002591 0.453176 -2.1602 1 4.1800 0  1215 1433 1509 1655 1683 1562 1346 1231  1 1 0 0 0 0 0 16 12 11.41 
0.238 2 1 1 0 0.2800 0.2780 2.6 2.7 0.0137 -0.0000 0.000000 0.453163 -2.1184 0 3.4846 0  1221 1417 1532 1668 1678 1571 1344 1228  1 1 0 0 0 0 0 18 14 11.40 
0.243 2 1 1 0 0.2860 0.2840 2.7 3.3 0.0145 -0.0000 0.000000 0.452195 -2.0324 1 4.1800 0  1192 1403 1516 1661 1675 1536 1347 1215  1 1 0 0 0 0 0 20 9 11.40 
0.248 2 1 1 0 0.2880 0.2920 2.8 2.7 0.0153 -0.0000 0.000000 0.451084 -2.0739 1 4.1800 0  1142 1391 1528 1664 1672 1531 1341 1212  1 1 0 0 0 0 0 20 0 11.39 
0.253 2 1 1 0 0.2980 0.2940 2.9 2.4 0.0165 -0.0000 0.000000 0.450663 -1.8749 1 4.1800 0  1176 1374 1549 1653 1660 1579 1340 1204  1 1 0 0 0 0 0 20 0 11.40 
0.258 2 1 1 0 0.3060 0.3040 2.6 2.8 0.0175 -0.0000 -0.002591 0.450107 -1.8139 1 4.1800 0  1148 1354 1499 1647 1661 1545 1350 1207  1 1 0 0 0 0 0 20 0 11.40 
0.263 2 1 1 0 0.3120 0.3100 2.9 3.1 0.0185 -0.0000 0.000000 0.449308 -1.1886 1 4.1800 0  1166 1325 1482 1666 1622 1498 1316 1194  1 1 0 0 0 0 0 20 0 11.39 
0.268 2 1 1 0 0.3180 0.3160 2.5 2.1 0.0197 -0.0000 0.000000 0.449017 -1.6857 1 4.1800 0  1113 1320 1492 1649 1653 1561 1337 1202  1 1 0 0 0 0 0 20 0 11.40 
0.273 2 1 1 0 0.3280 0.3260 2.5 2.8 0.0209 -0.0000 0.000000 0.448529 -1.4821 1 4.1800 0  1103 1297 1457 1613 1657 1551 1339 1199  1 1 0 0 0 0 0 20 0 11.40 
0.278 2 1 1 0 0.3380 0.3360 3.8 3.6 0.0221 -0.0000 0.000000 0.447340 -1.4099 1 4.1800 0  1105 1298 1450 1632 1654 1554 1344 1198  1 1 0 0 0 0 0 20 0 11.40 
0.283 2 1 1 0 0.3460 0.3460 2.8 2.5 0.0233 -0.0000 0.000000 0.446481 -1.0601 1 4.1800 0  1091 1274 1409 1589 1651 1532 1316 1185  1 1 0 0 0 0 0 20 0 11.40 
0.288 2 1 1 0 0.3560 0.3560 3.2 3.0 0.0245 -0.0000 0.000000 0.445726 -0.9634 1 4.1800 0  1106 1261 1394 1606 1639 1536 1337 1186  1 1 0 0 0 0 0 20 0 11.40 
0.293 2 1 1 0 0.3640 0.3660 2.8 3.4 0.0259 -0.0000 -0.002591 0.445178 -0.6404 1 3.6320 1  1091 1252 1368 1558 1615 1548 1364 1185  1 1 0 0 0 0 0 20 5 11.39 
0.298 2 1 1 0 0.3740 0.3740 2.6 2.8 0.0273 -0.0000 0.000000 0.444978 -1.0732 1 4.1800 0  1037 1242 1376 1506 1591 1553 1327 1184  1 1 0 0 0 0 0 20 0 11.40 
0.303 2 1 1 0 0.3820 0.3820 3.0 3.0 0.0289 -0.0000 0.000000 0.443799 -0.6051 1 4.1800 0  1062 1246 1365 1490 1564 1552 1293 1180  1 1 0 0 0 0 0 20 0 11.39 
0.308 2 1 1 0 0.3800 0.3880 2.5 3.0 0.0303 -0.0000 -0.002591 0.442134 -0.4239 1 4.1800 0  1062 1210 1332 1477 1547 1489 1315 1179  1 1 0 0 0 0 0 20 0 11.40 
0.313 2 1 1 0 0.3780 0.3921 2.8 3.0 0.0319 -0.0000 -0.002591 0.440330 -0.3269 1 4.1800 0  1054 1208 1339 1451 1519 1501 1277 1167  1 1 0 0 0 0 0 20 0 11.40 
0.318 2 1 1 0 0.3800 0.3901 2.8 2.8 0.0333 -0.0000 0.000000 0.438646 0.0586 1 4.1800 0  1067 1170 1303 1427 1500 1437 1299 1167  1 1 0 0 0 0 0 20 0 11.41 
0.323 2 1 1 0 0.3820 0.3896 2.9 2.9 0.0349 -0.0000 0.000000 0.438671 -0.1738 1 4.1800 0  1012 1189 1293 1407 1465 1405 1244 1153  1 1 0 0 0 0 0 20 0 11.41 
0.328 2 1 1 0 0.3800 0.3916 2.9 2.9 0.0365 -0.0000 0.000000 0.438921 -4.1800 0 4.1800 0  1027 1187 1283 1407 1444 1376 1188 1140  1 1 0 0 0 0 0 18 0 11.41 
0.333 2 1 1 0 0.3821 0.3936 3.4 3.0 0.0382 -0.0000 0.000000 0.438357 -4.1800 0 4.1800 0  1056 1172 1272 1399 1430 1380 1178 1111  1 1 0 0 0 0 0 14 0 11.42 
0.338 2 1 1 0 0.3841 0.3916 3.5 2.4 0.0398 -0.0000 0.000000 0.438340 -0.5987 1 4.1800 0  1027 1160 1266 1400 1421 1348 1150 1078  1 1 0 0 0 0 0 19 0 11.41 
0.343 2 1 1 0 0.3901 0.3866 3.5 3.1 0.0414 -0.0000 0.000000 0.438769 -0.5082 1 4.1800 0  1037 1159 1256 1383 1411 1338 1179 1065  1 1 0 0 0 0 0 20 0 11.42 
0.348 2 1 1 0 0.3961 0.3881 2.5 2.8 0.0430 -0.0000 0.000000 0.439077 -0.1166 1 4.1800 0  1027 1163 1251 1351 1412 1342 1150 1064  1 1 0 0 0 0 0 20 0 11.42 
0.353 2 1 1 0 0.3940 0.3952 2.3 2.8 0.0448 -0.0000 -0.002591 0.439768 -0.3894 1 4.1800 0  1024 1140 1248 1380 1396 1352 1165 1084  1 1 0 0 0 0 0 17 0 11.42 
0.358 2 1 1 0 0.3980 0.3905 2.4 2.1 0.0464 -0.0000 -0.002591 0.439162 0.1120 1 4.1800 0  1015 1149 1240 1367 1411 1366 1206 1102  1 1 0 0 0 0 0 20 0 11.42 
0.363 2 1 1 0 0.4000 0.3885 2.5 2.2 0.0482 -0.0000 0.000000 0.438415 0.4499 1 4.1800 0  1023 1169 1226 1350 1413 1369 1204 1104  1 1 0 0 0 0 0 20 0 11.42 
0.368 2 1 1 0 0.3960 0.3932 2.3 2.3 0.0500 -0.0000 -0.002591 0.438138 0.3653 1 4.1800 0  990 1144 1219 1336 1393 1374 1224 1113  1 1 0 0 0 0 0 20 0 11.43 
0.373 2 1 1 0 0.3940 0.3952 2.4 2.5 0.0518 -0.0000 0.000000 0.438245 0.4586 1 4.1800 0  1002 1140 1217 1308 1392 1378 1195 1110  1 1 0 0 0 0 0 20 0 11.43 
0.378 2 1 1 0 0.3880 0.4000 2.4 2.7 0.0536 -0.0000 -0.002591 0.438135 -4.1800 0 4.1800 0  998 1159 1221 1359 1392 1382 1219 1092  1 1 0 0 0 0 0 18 0 11.43 
0.383 2 1 1 0 0.3940 0.3940 2.3 2.6 0.0552 -0.0000 -0.002591 0.437999 0.4514 1 4.1800 0  1021 1138 1219 1355 1410 1383 1220 1116  1 1 0 0 0 0 0 20 0 11.43 
0.388 2 1 1 0 0.3960 0.3920 2.0 2.3 0.0570 -0.0001 0.000000 0.437774 0.2396 1 4.1800 0  1005 1168 1219 1346 1412 1388 1201 1111  1 1 0 0 0 0 0 20 0 11.43 
0.393 2 1 1 0 0.3980 0.3900 2.9 2.1 0.0588 -0.0001 -0.002591 0.438177 0.0505 1 4.1800 0  993 1171 1221 1335 1426 1387 1211 1111  1 1 0 0 0 0 0 20 0 11.43 
0.398 2 1 1 0 0.3880 0.4000 1.9 3.1 0.0608 -0.0001 -0.002591 0.438179 0.0759 1 4.1800 0  978 1112 1217 1328 1415 1385 1201 1115  1 1 0 0 0 0 0 20 0 11.43 
0.403 2 1 1 0 0.3900 0.3980 2.0 2.4 0.0625 -0.0001 -0.002591 0.437968 -0.0058 1 4.1800 0  985 1138 1213 1334 1424 1387 1205 1108  1 1 0 0 0 0 0 20 0 11.43 
0.408 2 1 1 0 0.3810 0.4000 1.9 2.4 0.0645 -0.0001 -0.002591 0.437600 -0.2341 1 4.1800 0  993 1107 1211 1359 1445 1397 1219 1103  1 1 0 0 0 0 0 20 0 11.43 
0.413 2 1 1 0 0.3856 0.3960 1.4 2.1 0.0661 -0.0001 -0.002591 0.438009 -0.2157 1 4.1800 0  986 1139 1204 1346 1429 1398 1201 1092  1 1 0 0 0 0 0 20 0 11.44 
0.418 2 1 1 0 0.3826 0.4000 1.5 2.3 0.0681 -0.0001 -0.002591 0.438546 -0.0434 1 4.1800 0  992 1141 1209 1351 1438 1402 1201 1119  1 1 0 0 0 0 0 20 0 11.43 
0.423 2 1 1 0 0.3849 0.4000 2.0 2.0 0.0701 -0.0001 -0.002591 0.438150 -0.5012 1 4.1800 0  986 1116 1218 1367 1447 1397 1201 1066  1 1 0 0 0 0 0 20 0 11.43 
0.428 2 1 1 0 0.3860 0.4000 2.1 2.0 0.0717 -0.0001 -0.002591 0.437273 -0.4153 1 4.1800 0  994 1112 1218 1370 1444 1393 1211 1082  1 1 0 0 0 0 0 20 0 11.43 
0.433 2 1 1 0 0.3891 0.4000 1.6 2.2 0.0737 -0.0001 -0.002591 0.435503 -0.2589 1 4.1800 0  989 1144 1214 1365 1446 1390 1194 1111  1 1 0 0 0 0 0 20 0 11.43 
0.438 2 1 1 0 0.3899 0.4000 1.6 2.5 0.0757 -0.0001 -0.002591 0.434978 -0.4740 1 4.1800 0  985 1125 1232 1379 1446 1380 1200 1107  1 1 0 0 0 0 0 20 0 11.43 
0.443 2 1 1 0 0.3799 0.4000 1.4 2.4 0.0775 -0.0001 -0.005182 0.435808 -0.5846 1 4.1800 0  986 1177 1236 1385 1490 1379 1189 1099  1 1 0 0 0 0 0 20 0 11.43 
0.448 2 1 1 0 0.3699 0.4000 2.2 2.4 0.0791 -0.0001 -0.005182 0.436230 -0.8688 1 4.1800 0  980 1085 1232 1388 1416 1376 1177 1056  1 1 0 0 0 0 0 20 0 11.43 
0.453 2 1 1 0 0.3680 0.4000 1.9 2.0 0.0811 -0.0001 -0.005182 0.436861 -0.8863 1 4.1800 0  966 1105 1222 1388 1451 1368 1171 1050  1 1 0 0 0 0 0 20 0 11.43 
0.458 2 1 1 0 0.3768 0.3940 2.1 2.2 0.0829 -0.0001 -0.002591 0.437388 -0.8645 1 4.1800 0  959 1112 1211 1391 1435 1363 1173 1063  1 1 0 0 0 0 0 20 0 11.44 
0.463 2 1 1 0 0.3700 0.4000 1.3 2.3 0.0847 -0.0001 -0.005182 0.437067 -1.2054 1 3.5176 1  961 1132 1250 1395 1442 1358 1176 1023  1 1 0 0 0 0 0 20 2 11.43 
0.468 2 1 1 0 0.3704 0.4000 1.5 2.4 0.0865 -0.0001 -0.007773 0.436682 -1.0385 1 4.1800 0  947 1101 1223 1386 1440 1345 1161 1046  1 1 0 0 0 0 0 20 0 11.43 
0.473 2 1 1 0 0.3684 0.4000 1.7 2.1 0.0884 -0.0002 -0.005182 0.437102 -0.8794 1 4.1800 0  963 1088 1220 1392 1428 1350 1164 1066  1 1 0 0 0 0 0 20 0 11.43 
0.478 2 1 1 0 0.3784 0.4000 1.5 2.3 0.0904 -0.0002 -0.005182 0.437766 -0.8660 1 4.1800 0  971 1097 1211 1375 1418 1346 1153 1043  1 1 0 0 0 0 0 20 0 11.43 
0.483 2 1 1 0 0.3772 0.4000 2.1 2.3 0.0922 -0.0002 -0.007773 0.438219 -0.9589 1 4.1800 0  990 1105 1235 1375 1394 1341 1150 1023  1 1 0 0 0 0 0 20 0 11.43 
0.488 2 1 1 0 0.3832 0.4000 2.4 2.7 0.0940 -0.0002 -0.005182 0.437921 -1.2973 1 3.6207 1  1004 1138 1264 1388 1403 1302 1146 1013  1 1 0 0 0 0 0 20 2 11.43 
0.493 2 1 1 0 0.3808 0.4000 1.6 2.4 0.0958 -0.0002 -0.007773 0.437531 -4.1800 0 4.1800 0  1016 1147 1280 1390 1404 1335 1139 1004  1 1 0 0 0 2 0 18 0 11.43 
0.498 2 1 1 0 0.3788 0.4000 1.0 2.2 0.0978 -0.0002 -0.007773 0.437732 -1.0110 1 4.1800 0  1015 1154 1260 1389 1399 1333 1134 1044  1 1 0 0 0 1 0 18 0 11.43 
0.503 2 1 1 0 0.3808 0.4000 1.7 2.8 0.0994 -0.0002 -0.007773 0.438138 -0.8516 1 4.1800 0  1021 1155 1264 1387 1390 1323 1143 1057  1 1 0 0 0 0 0 20 0 11.43 
0.508 2 1 1 0 0.3708 0.4000 1.8 2.4 0.1014 -0.0002 -0.007773 0.437965 -0.8124 0 4.1800 0  1020 1176 1253 1383 1407 1321 1143 1029  1 1 0 0 0 3 0 20 0 11.43 
0.513 2 1 1 0 0.3768 0.4000 1.7 2.5 0.1032 -0.0002 -0.005182 0.437298 -0.6534 1 4.1800 0  1019 1144 1251 1384 1379 1302 1145 1066  1 1 0 0 0 4 0 20 0 11.43 
0.518 2 1 1 0 0.3708 0.4000 2.0 2.3 0.1050 -0.0003 -0.007773 0.437696 -1.5021 1 4.1800 0  1012 1159 1280 1375 1384 1294 1143 1039  1 1 0 0 0 5 0 20 0 11.43 
0.523 2 1 1 0 0.3608 0.4000 1.1 2.3 0.1070 -0.0003 -0.007773 0.438205 -0.8213 1 4.1800 0  1008 1154 1245 1370 1398 1317 1133 1044  1 1 0 0 0 4 0 20 0 11.42 
0.528 2 1 1 0 0.3631 0.4000 1.2 2.6 0.1086 -0.0003 -0.007773 0.438766 -1.7289 1 4.1800 0  1002 1161 1273 1365 1391 1322 1134 1032  1 1 0 0 0 3 0 20 0 11.42 
0.533 2 1 1 0 0.3650 0.4000 2.1 2.2 0.1106 -0.0003 -0.007773 0.438785 -0.8680 0 4.1800 0  1015 1159 1211 1365 1397 1284 1131 1022  1 1 0 0 0 4 0 20 0 11.42 
0.538 2 1 1 0 0.3665 0.4000 1.8 2.2 0.1123 -0.0003 -0.007773 0.438518 -0.8680 0 4.1800 0  1017 1149 1248 1373 1398 1347 1133 1010  1 1 0 0 0 9 0 20 0 11.43 
0.543 2 1 1 0 0.3675 0.4000 1.2 2.2 0.1143 -0.0003 -0.007773 0.438339 -0.9778 0 4.1800 0  1023 1151 1271 1376 1410 1362 1137 1014  1 1 0 0 0 10 0 20 0 11.42 
0.548 2 1 1 0 0.3661 0.4000 2.5 2.5 0.1161 -0.0003 -0.010364 0.438651 -1.1195 1 4.1800 0  1010 1156 1262 1381 1409 1353 1137 1029  1 1 0 0 0 9 0 20 0 11.42 
0.553 2 1 1 0 0.3641 0.4000 2.9 2.4 0.1179 -0.0004 -0.007773 0.438320 -1.7559 1 4.1800 0  994 1160 1276 1376 1408 1349 1125 1026  1 1 0 0 0 4 0 20 0 11.42 
0.558 2 1 1 0 0.3731 0.4000 1.6 1.8 0.1199 -0.0004 -0.007773 0.438493 -1.9089 1 4.1800 0  970 1152 1276 1375 1411 1347 1120 1004  1 1 0 0 0 1 0 20 0 11.42 
0.563 2 1 1 0 0.3712 0.4000 1.6 2.2 0.1215 -0.0004 -0.007773 0.439687 -0.9468 1 3.6580 1  993 1148 1233 1382 1409 1348 1125 1001  1 1 0 0 0 0 0 20 2 11.42 
0.568 2 1 1 0 0.3709 0.4000 1.6 2.2 0.1235 -0.0004 -0.007773 0.440754 -1.3179 1 4.1800 0  996 1142 1255 1376 1408 1340 1120 1001  1 1 0 0 0 0 0 20 0 11.42 
0.573 2 1 1 0 0.3694 0.4000 2.3 2.2 0.1251 -0.0004 -0.007773 0.441100 -0.9800 0 3.8918 0  1013 1140 1240 1378 1409 1333 1115 1010  1 1 0 0 0 1 0 20 3 11.42 
0.578 2 1 1 0 0.3774 0.3955 2.2 1.9 0.1269 -0.0004 -0.005182 0.441121 -0.7085 1 2.8073 1  1016 1149 1229 1378 1411 1356 1123 999  1 1 0 0 0 0 0 20 2 11.42 
0.583 2 1 1 0 0.3874 0.3975 1.6 2.0 0.1289 -0.0004 -0.005182 0.440891 -0.7085 0 2.8073 0  1019 1158 1242 1380 1414 1319 1131 999  1 1 0 0 0 5 0 20 2 11.43 
0.588 2 1 1 0 0.3974 0.3940 1.7 2.1 0.1307 -0.0004 -0.002591 0.440604 -1.0779 0 2.9361 0  1027 1160 1249 1378 1411 1312 1130 998  1 1 0 0 0 8 0 20 3 11.42 
0.593 2 1 1 0 0.3874 0.4000 2.0 2.5 0.1325 -0.0005 -0.005182 0.440362 -1.9367 0 2.9852 0  1037 1167 1250 1377 1409 1329 1137 1002  1 1 0 0 0 11 0 20 4 11.44 
0.598 2 1 1 0 0.3832 0.4000 1.8 2.1 0.1345 -0.0005 -0.005182 0.440348 -1.9988 1 3.6637 1  986 1165 1288 1388 1405 1327 1135 1003  1 1 0 0 0 10 0 20 7 11.42 
0.603 2 1 1 0 0.3845 0.3980 1.4 1.8 0.1366 -0.0005 -0.005182 0.440370 -1.0396 1 3.3057 1  1005 1166 1246 1396 1411 1309 1124 999  1 1 0 0 0 9 0 19 10 11.42 
0.608 2 1 1 0 0.3785 0.4000 1.6 2.8 0.1382 -0.0005 -0.005182 0.440950 -1.9319 0 3.2589 0  1035 1168 1267 1412 1412 1315 1123 999  1 1 0 0 0 12 0 20 11 11.42 
0.613 2 1 1 0 0.3763 0.4000 1.7 2.1 0.1402 -0.0005 -0.005182 0.440559 -1.9319 0 3.2589 0  1030 1179 1255 1388 1417 1318 1128 994  1 1 0 0 0 17 0 20 11 11.43 
0.618 2 1 1 0 0.3801 0.3960 1.8 2.3 0.1420 -0.0005 -0.002591 0.439813 -1.9319 0 3.2589 0  1089 1176 1281 1409 1413 1335 1134 994  1 1 0 0 0 20 0 20 11 11.42 
0.623 2 1 1 0 0.3938 0.3938 2.4 1.8 0.1440 -0.0005 -0.002591 0.440009 -1.0171 0 2.4864 0  1036 1180 1261 1378 1411 1323 1151 1004  1 1 0 1 0 20 0 20 12 11.44 
0.628 2 1 1 0 0.3838 0.4000 1.7 2.0 0.1458 -0.0005 -0.005182 0.440354 -1.0171 0 2.4864 0  1054 1179 1277 1361 1410 1317 1126 1010  1 1 0 1 0 20 0 20 12 11.42 
0.633 2 1 1 0 0.3738 0.4000 1.7 2.0 0.1478 -0.0005 -0.005182 0.440781 -1.0171 0 2.4864 0  1039 1188 1266 1380 1404 1312 1146 1020  1 1 0 1 0 20 0 20 12 11.43 
0.638 2 1 1 0 0.3742 0.3960 2.4 2.0 0.1496 -0.0005 -0.002591 0.440075 -1.0171 0 2.4864 0  1036 1199 1278 1387 1403 1323 1127 1033  1 1 0 1 0 20 0 20 12 11.43 
0.643 2 1 1 0 0.3802 0.3961 1.6 2.0 0.1514 -0.0005 -0.005182 0.440108 -1.0171 0 2.4864 0  1067 1192 1294 1415 1407 1341 1142 1040  1 1 0 1 0 20 0 20 12 11.42 
0.648 2 1 1 0 0.3702 0.4000 1.8 2.3 0.1534 -0.0005 -0.005182 0.441297 -1.0171 0 2.4864 0  1056 1193 1278 1381 1407 1324 1143 1044  1 1 0 1 0 17 0 20 12 11.43 
0.653 2 1 1 0 0.3802 0.3968 2.8 1.9 0.1552 -0.0006 -0.002591 0.442160 -1.0171 0 2.4864 0  1075 1198 1281 1387 1408 1339 1151 1065  1 1 0 1 0 12 0 20 12 11.44 
0.658 2 1 1 0 0.3902 0.3988 3.5 2.6 0.1568 -0.0006 -0.002591 0.441984 1.8347 1 4.1800 0  1070 1197 1283 1412 1421 1321 1173 1110  1 1 0 1 0 7 0 20 4 11.42 
0.663 2 1 1 0 0.3913 0.4000 1.7 2.1 0.1588 -0.0006 -0.002591 0.442254 1.3488 1 4.1800 0  1034 1189 1280 1416 1429 1372 1197 1158  1 1 0 1 0 2 0 20 0 11.42 
0.668 2 1 1 0 0.3891 0.4000 1.6 2.1 0.1608 -0.0006 -0.002591 0.443516 1.9562 1 4.1800 0  1059 1184 1287 1427 1430 1370 1221 1234  1 1 0 0 0 0 0 20 0 11.43 
0.673 2 1 1 0 0.3873 0.4000 1.8 2.5 0.1629 -0.0006 -0.002591 0.444644 1.7922 1 4.1800 0  1062 1153 1272 1402 1430 1383 1298 1340  1 1 0 0 0 0 0 20 0 11.43 
0.678 2 1 1 0 0.3853 0.4000 2.1 2.2 0.1645 -0.0006 -0.002591 0.443925 1.8964 1 4.1800 0  1071 1170 1272 1387 1444 1406 1356 1460  1 1 0 0 0 0 0 20 0 11.42 
0.683 2 1 1 0 0.3890 0.3940 1.8 1.8 0.1663 -0.0006 -0.000000 0.444152 1.7926 1 4.1800 0  1137 1191 1275 1380 1461 1464 1453 1570  1 1 0 0 0 0 0 20 0 11.42 
0.688 2 1 1 0 0.3990 0.3892 2.0 1.4 0.1683 -0.0006 -0.000000 0.444298 1.6542 1 4.1800 0  1171 1236 1290 1397 1464 1517 1560 1655  1 1 0 0 0 0 0 20 0 11.43 
0.693 2 1 1 0 0.4000 0.3941 1.8 2.1 0.1703 -0.0006 -0.000000 0.444139 1.5068 1 4.1800 0  1171 1269 1301 1411 1500 1600 1668 1711  1 1 0 0 0 0 0 20 0 11.43 
0.698 2 1 1 0 0.4000 0.3980 2.1 2.1 0.1723 -0.0006 -0.000000 0.444309 1.3129 1 4.1800 0  1243 1327 1342 1389 1544 1715 1781 1746  1 1 0 0 0 0 0 20 0 11.41 
0.703 2 1 1 0 0.3990 0.4000 2.0 1.8 0.1743 -0.0006 -0.000000 0.444081 1.1484 1 4.1800 0  1237 1377 1392 1455 1627 1844 1856 1767  1 1 0 0 0 0 0 20 0 11.43 
0.708 2 1 1 0 0.4000 0.3900 1.8 2.4 0.1761 -0.0006 0.002591 0.444524 0.9530 1 4.1800 0  1259 1400 1449 1545 1739 1977 1909 1782  1 1 0 0 0 0 0 20 0 11.43 
0.713 2 1 1 0 0.3900 0.4000 1.8 2.3 0.1779 -0.0006 -0.000000 0.444849 0.7033 1 4.1800 0  1284 1465 1524 1678 1910 2113 1932 1790  1 1 0 0 0 0 0 20 0 11.43 
0.718 2 1 1 0 0.3892 0.4000 2.1 2.0 0.1799 -0.0006 -0.000000 0.444770 0.2313 1 4.1800 0  1274 1527 1610 1818 2093 2232 1969 1799  1 1 0 0 0 0 0 20 0 11.43 
0.723 2 1 1 0 0.3951 0.3940 2.0 1.8 0.1817 -0.0006 0.002591 0.444268 -0.2018 1 4.1800 0  1276 1506 1673 1988 2268 2317 2030 1808  1 1 0 0 0 0 0 20 0 11.43 
0.728 2 1 1 0 0.4000 0.3840 1.9 1.5 0.1837 -0.0006 0.002591 0.444925 -0.5577 1 4.1800 0  1304 1525 1753 2133 2393 2363 2036 1823  1 1 0 0 0 0 0 20 0 11.43 
0.733 2 1 1 0 0.4000 0.3872 1.8 1.7 0.1857 -0.0006 0.002591 0.445510 -0.8314 1 4.1800 0  1305 1535 1832 2252 2462 2390 2010 1823  1 1 0 0 0 0 0 20 0 11.43 
0.738 2 1 1 0 0.4000 0.3908 2.6 1.8 0.1878 -0.0006 0.002591 0.445273 -1.0456 1 4.1800 0  1340 1585 1941 2361 2491 2402 2024 1830  1 1 0 0 0 0 0 20 0 11.43 
0.743 2 1 1 0 0.4000 0.3835 2.6 1.8 0.1896 -0.0005 0.005182 0.444660 -1.3032 1 4.1800 0  1371 1686 2054 2423 2545 2415 2048 1837  1 1 0 0 0 0 0 20 0 11.43 
0.748 2 1 1 0 0.3960 0.3815 1.8 1.9 0.1914 -0.0005 0.002591 0.445181 -1.5453 1 4.1800 0  1388 1771 2145 2454 2548 2418 2064 1851  1 1 0 0 0 0 0 20 0 11.43 
0.753 2 1 1 0 0.3960 0.3998 1.9 2.1 0.1934 -0.0005 0.002591 0.445728 -1.8018 1 4.1800 0  1460 1891 2238 2491 2551 2419 2040 1860  1 1 0 0 0 0 0 20 0 11.43 
0.758 2 1 1 0 0.3962 0.4000 2.2 2.7 0.1954 -0.0005 0.002591 0.445400 -1.8378 1 4.1800 0  1528 1939 2298 2534 2548 2421 2070 1859  1 1 0 0 0 0 0 20 0 11.43 
0.763 2 1 1 0 0.4000 0.3900 2.0 1.6 0.1972 -0.0005 0.005182 0.445095 -1.9946 1 4.1800 0  1617 2035 2334 2529 2566 2419 2037 1834  1 1 0 0 0 0 0 20 0 11.43 
0.768 2 1 1 0 0.4000 0.3800 2.1 1.9 0.1992 -0.0005 0.005182 0.445597 -2.1228 1 4.1800 0  1719 2126 2355 2528 2546 2418 2045 1830  1 1 0 0 0 0 0 20 0 11.44 
0.773 2 1 1 0 0.3900 0.3900 1.9 2.2 0.2010 -0.0005 0.002591 0.446084 -2.1748 1 4.1800 0  1808 2171 2368 2548 2549 2418 2048 1830  1 1 0 0 0 0 0 20 0 11.43 
0.778 2 1 1 0 0.3894 0.4000 2.1 1.9 0.2030 -0.0005 0.002591 0.445844 -2.2355 1 2.1718 1  1896 2205 2370 2530 2548 2407 2027 1796  1 1 0 0 0 0 0 20 4 11.43 
0.783 2 1 1 0 0.3978 0.3920 2.2 1.6 0.2048 -0.0005 0.005182 0.445440 -3.0916 1 2.0105 1  1958 2247 2379 2534 2547 2402 2011 1747  1 1 0 0 0 0 0 20 7 11.43 
0.788 2 1 1 0 0.4000 0.3820 1.8 1.6 0.2068 -0.0005 0.005182 0.445763 -4.1800 0 2.0220 1  1988 2241 2392 2527 2549 2390 1978 1670  1 1 0 0 0 0 0 14 12 11.43 
0.793 2 1 1 0 0.3980 0.3844 2.0 1.9 0.2086 -0.0005 0.002591 0.445919 -4.1800 0 1.9861 1  2001 2255 2388 2527 2523 2369 1921 1566  1 1 0 0 0 0 0 4 17 11.43 
0.798 2 1 1 0 0.3880 0.3944 1.7 2.1 0.2106 -0.0005 0.002591 0.445006 -4.1800 0 1.6968 1  2005 2233 2381 2516 2527 2334 1842 1532  1 1 0 0 0 0 0 0 20 11.43 
0.803 2 1 1 0 0.3866 0.4000 1.5 1.9 0.2127 -0.0005 0.002591 0.443424 -4.1800 0 1.7518 1  2010 2259 2364 2510 2506 2293 1773 1400  1 1 0 0 0 0 0 0 20 11.43 
0.808 2 1 1 0 0.3891 0.4000 1.2 2.6 0.2147 -0.0005 0.002591 0.443200 -4.1800 0 1.6138 1  2006 2232 2385 2504 2504 2236 1687 1329  1 1 0 0 0 0 0 0 20 11.43 
0.813 2 1 1 0 0.3911 0.4000 1.6 2.2 0.2167 -0.0005 0.002591 0.443925 -4.1800 0 1.4210 1  2000 2238 2344 2493 2447 2154 1609 1297  1 1 0 0 0 0 0 0 20 11.43 
0.818 2 1 1 0 0.3858 0.4000 2.0 2.2 0.2185 -0.0004 -0.000000 0.444447 -4.1800 0 1.2338 1  1996 2227 2355 2469 2407 2059 1518 1250  1 1 0 0 0 0 0 0 20 11.43 
0.823 2 1 1 0 0.3878 0.4000 1.9 2.2 0.2203 -0.0004 0.002591 0.443889 -4.1800 0 0.9761 1  1981 2185 2336 2437 2307 1956 1428 1238  1 1 0 0 0 0 0 0 20 11.43 
0.828 2 1 1 0 0.3978 0.4000 2.0 1.9 0.2223 -0.0004 0.002591 0.443681 -4.1800 0 0.8041 1  1973 2205 2316 2391 2258 1861 1375 1200  1 1 0 0 0 0 0 0 20 11.43 
0.833 2 1 1 0 0.3992 0.4000 1.6 2.0 0.2243 -0.0004 0.002591 0.443335 -4.1800 0 0.5792 1  1958 2195 2260 2322 2148 1746 1342 1173  1 1 0 0 0 0 0 0 20 11.43 
0.838 2 1 1 0 0.3931 0.4000 1.5 2.1 0.2261 -0.0004 -0.000000 0.443422 -4.1800 0 0.3400 1  1953 2145 2241 2236 2017 1671 1319 1136  1 1 0 0 0 0 0 0 20 11.43 
0.843 2 1 1 0 0.3831 0.4000 1.4 2.1 0.2281 -0.0004 -0.000000 0.443623 -4.1800 0 0.0539 1  1937 2131 2192 2130 1905 1616 1311 1148  1 1 0 0 0 0 0 0 20 11.43 
0.848 2 1 1 0 0.3741 0.4000 1.3 2.2 0.2301 -0.0004 -0.000000 0.443742 -4.1800 0 -0.2852 1  1919 2112 2114 2021 1826 1602 1305 1171  1 1 0 0 0 0 0 0 20 11.43 
0.853 2 1 1 0 0.3777 0.4000 1.3 2.0 0.2321 -0.0004 -0.000000 0.443866 -4.1800 0 -0.6112 1  1904 2041 1980 1910 1741 1572 1302 1134  1 1 0 0 0 0 0 0 20 11.43 
0.858 2 1 1 0 0.3779 0.4000 2.8 2.1 0.2339 -0.0004 -0.002591 0.443595 -4.1800 0 -0.8989 1  1878 1985 1922 1804 1725 1577 1304 1151  1 1 0 0 0 0 0 0 20 11.43 
0.863 2 1 1 0 0.3839 0.4000 1.8 2.1 0.2358 -0.0004 -0.000000 0.443385 -4.1800 0 -1.2689 1  1846 1918 1788 1727 1677 1533 1302 1154  1 1 0 0 0 0 0 0 20 11.43 
0.868 2 1 1 0 0.3861 0.4000 1.7 2.1 0.2378 -0.0004 -0.000000 0.443800 -4.1800 0 -1.4800 1  1806 1810 1694 1677 1648 1555 1294 1157  1 1 0 0 0 0 0 0 20 11.43 
0.873 2 1 1 0 0.3870 0.4000 1.5 2.2 0.2398 -0.0004 -0.000000 0.444431 -4.1800 0 -1.6159 1  1747 1728 1633 1640 1627 1509 1277 1149  1 1 0 0 0 0 0 0 20 11.43 
0.878 2 1 1 0 0.3856 0.4000 1.7 2.1 0.2416 -0.0004 -0.002591 0.444426 -4.1800 0 -1.7066 1  1649 1633 1528 1608 1594 1459 1251 1162  1 1 0 0 0 0 0 0 20 11.42 
0.883 2 1 1 0 0.3756 0.4000 1.5 1.8 0.2436 -0.0004 -0.002591 0.444304 -4.1800 0 -1.7690 1  1539 1534 1499 1596 1578 1451 1228 1117  1 1 0 0 0 0 0 0 20 11.43 
0.888 2 1 1 0 0.3816 0.4000 1.9 1.9 0.2454 -0.0004 -0.000000 0.444580 -4.1800 0 -1.6920 1  1429 1453 1488 1576 1554 1434 1201 1103  1 1 0 0 0 0 0 0 20 11.43 
0.893 2 1 1 0 0.3916 0.4000 1.6 2.2 0.2474 -0.0004 -0.000000 0.445225 -4.1800 0 -1.2486 1  1340 1399 1479 1560 1542 1422 1192 1098  1 1 0 0 0 0 0 0 20 11.43 
0.898 2 1 1 0 0.3937 0.4000 1.8 2.3 0.2494 -0.0004 -0.000000 0.445621 -4.1800 0 0.4805 1  1239 1362 1446 1553 1520 1397 1183 1069  1 1 0 0 0 0 0 0 20 11.43 
0.903 2 1 1 0 0.3855 0.4000 1.6 1.8 0.2512 -0.0004 -0.002591 0.445582 -4.1800 0 0.3213 0  1212 1353 1448 1544 1510 1368 1181 1052  1 1 0 0 0 4 0 0 20 11.43 
0.908 2 1 1 0 0.3755 0.4000 2.5 2.0 0.2532 -0.0005 -0.002591 0.445656 -4.1800 0 0.8134 0  1202 1353 1421 1540 1512 1379 1188 1055  1 1 0 0 0 7 0 0 20 11.43 
0.913 2 1 1 0 0.3678 0.4000 1.2 2.2 0.2552 -0.0005 -0.002591 0.445703 -4.1800 0 0.8134 0  1210 1353 1429 1524 1511 1388 1188 1059  1 1 0 0 0 12 0 0 20 11.43 
0.918 2 1 1 0 0.3765 0.3946 1.6 1.9 0.2570 -0.0005 -0.000000 0.445470 -4.1800 0 1.4020 0  1193 1366 1457 1542 1519 1425 1198 1065  1 1 0 0 0 13 0 0 20 11.43 
0.923 2 1 1 0 0.3946 0.3946 1.7 2.0 0.2590 -0.0005 -0.000000 0.444917 -4.1800 0 0.8633 1  1219 1373 1442 1544 1538 1414 1184 1042  1 1 0 0 0 10 0 0 20 11.43 
0.928 2 1 1 0 0.3983 0.4000 1.8 1.8 0.2611 -0.0005 -0.000000 0.445288 -2.7820 1 0.9105 1  1192 1379 1433 1560 1557 1419 1191 1049  1 1 0 0 0 5 0 4 20 11.43 
0.933 2 1 1 0 0.3882 0.4000 1.4 1.9 0.2629 -0.0005 -0.002591 0.446100 -3.1254 1 1.4957 1  1211 1380 1427 1559 1568 1469 1209 1060  1 1 0 0 0 0 0 9 20 11.42 
0.938 2 1 1 0 0.3822 0.3980 2.0 1.8 0.2647 -0.0005 -0.000000 0.446387 -2.9257 0 1.5729 0  1196 1375 1467 1577 1586 1476 1231 1082  1 1 0 0 0 3 0 11 20 11.42 
0.943 2 1 1 0 0.4000 0.3984 2.2 1.9 0.2667 -0.0005 -0.000000 0.445455 -2.9257 0 1.5729 0  1203 1379 1470 1594 1603 1504 1254 1127  1 1 0 0 0 8 0 11 20 11.42 
0.948 2 1 1 0 0.3987 0.4000 1.9 2.0 0.2687 -0.0005 -0.000000 0.444568 -2.9257 0 1.5729 0  1200 1381 1486 1603 1610 1532 1287 1128  1 1 0 0 0 13 0 11 20 11.42 
0.953 2 1 1 0 0.3965 0.4000 1.5 1.8 0.2707 -0.0005 -0.000000 0.444449 -2.9257 0 1.5729 0  1187 1380 1497 1587 1614 1532 1278 1137  1 1 0 0 0 18 0 11 20 11.42 
0.958 2 1 1 0 0.3948 0.4000 2.8 2.8 0.2727 -0.0005 -0.000000 0.443062 -2.9257 0 1.5729 0  1212 1378 1474 1580 1612 1517 1285 1144  1 1 0 1 0 20 0 11 20 11.42 
0.963 2 1 1 0 0.3960 0.3980 1.8 2.3 0.2743 -0.0005 -0.000000 0.441563 -2.9257 0 1.5729 0  1203 1395 1483 1586 1609 1535 1284 1153  1 1 0 1 0 20 0 11 20 11.42 
0.968 2 1 1 0 0.3890 0.4000 1.6 2.2 0.2763 -0.0005 -0.000000 0.441421 -2.9257 0 1.5729 0  1271 1409 1507 1615 1606 1523 1274 1156  1 1 0 1 0 20 0 11 20 11.42 
0.973 2 1 1 0 0.3889 0.4000 1.6 2.3 0.2783 -0.0005 -0.000000 0.442108 -2.9257 0 1.5729 0  1243 1417 1489 1589 1609 1523 1297 1169  1 1 0 1 0 20 0 11 20 11.42 
0.978 2 1 1 0 0.3828 0.4000 1.8 2.3 0.2801 -0.0005 -0.002591 0.442722 -2.9257 0 1.5729 0  1257 1423 1501 1592 1617 1513 1305 1163  1 1 0 1 0 20 0 11 20 11.41 
0.983 2 1 1 0 0.3768 0.4000 1.6 2.0 0.2819 -0.0005 -0.000000 0.443023 -2.9257 0 1.5729 0  1263 1411 1497 1623 1620 1520 1292 1163  1 1 0 1 0 20 0 11 20 11.42 
0.988 2 1 1 0 0.3868 0.4000 2.0 2.1 0.2839 -0.0005 -0.000000 0.443006 -2.9257 0 1.5729 0  1234 1387 1485 1580 1634 1531 1265 1159  1 1 0 1 0 20 0 11 20 11.43 
0.993 2 1 1 0 0.3888 0.4000 1.7 2.2 0.2858 -0.0005 -0.002591 0.443057 -2.0793 0 4.0155 0  1221 1369 1487 1626 1635 1540 1288 1154  1 1 0 1 0 20 0 12 20 11.42 
0.998 2 1 1 0 0.3788 0.4000 1.3 2.4 0.2878 -0.0005 -0.002591 0.443401 -2.0793 0 4.0155 0  1210 1350 1460 1614 1627 1554 1334 1161  1 1 0 1 0 20 0 12 20 11.43 
1.003 2 1 1 0 0.3688 0.4000 1.1 2.2 0.2896 -0.0005 -0.005182 0.444081 -4.1800 0 4.1800 0  1163 1342 1453 1574 1613 1538 1310 1168  1 1 0 1 0 17 0 4 16 11.42 
1.008 2 1 1 0 0.3588 0.4000 2.3 2.1 0.2916 -0.0005 -0.005182 0.444410 -1.9644 0 4.1800 0  1162 1332 1445 1572 1597 1522 1303 1175  1 1 0 1 0 14 0 5 11 11.43 
1.013 2 1 1 0 0.3488 0.4000 1.0 2.1 0.2936 -0.0005 -0.005182 0.444837 -1.9068 0 4.1800 0  1193 1345 1444 1583 1588 1514 1289 1174  1 1 0 1 0 13 0 8 5 11.45 
1.018 2 1 1 0 0.3494 0.4000 1.1 2.2 0.2952 -0.0005 -0.005182 0.445198 -1.9181 0 4.1800 0  1149 1342 1450 1546 1594 1504 1260 1165  1 1 0 1 0 16 0 9 3 11.43 
1.023 2 1 1 0 0.3541 0.4000 1.1 2.0 0.2972 -0.0005 -0.005182 0.445246 -1.9181 0 4.1800 0  1223 1328 1442 1622 1611 1513 1295 1157  1 1 0 1 0 20 0 9 3 11.43 
1.028 2 1 1 0 0.3551 0.4000 1.6 2.5 0.2988 -0.0005 -0.005182 0.445605 -1.9126 0 4.1800 0  1167 1339 1442 1578 1616 1518 1286 1154  1 1 0 1 0 20 0 10 0 11.42 
1.033 2 1 1 0 0.3584 0.4000 1.3 2.2 0.3008 -0.0005 -0.005182 0.446409 -1.9126 0 4.1800 0  1164 1348 1436 1565 1611 1523 1280 1161  1 1 0 1 0 20 0 10 0 11.43 
1.038 2 1 1 0 0.3684 0.4000 1.4 2.4 0.3026 -0.0005 -0.002591 0.447749 -1.9126 0 4.1800 0  1200 1368 1435 1554 1600 1523 1296 1170  1 1 0 1 0 20 0 10 0 11.44 
1.043 2 1 1 0 0.3584 0.4000 1.9 2.4 0.3044 -0.0006 -0.005182 0.448592 -1.9126 0 4.1800 0  1205 1380 1439 1550 1601 1512 1300 1176  1 1 0 1 0 20 0 10 0 11.43 
1.048 2 1 1 0 0.3662 0.4000 2.0 2.1 0.3062 -0.0006 -0.002591 0.449544 -1.9126 0 4.1800 0  1218 1377 1460 1603 1585 1502 1309 1166  1 1 0 1 0 20 0 10 0 11.43 
1.053 2 1 1 0 0.3722 0.4000 1.5 2.1 0.3080 -0.0006 -0.005182 0.450015 -1.9126 0 4.1800 0  1168 1378 1482 1566 1585 1498 1251 1158  1 1 0 1 0 20 0 10 0 11.43 
1.058 2 1 1 0 0.3742 0.4000 1.3 2.0 0.3098 -0.0006 -0.002591 0.449958 -2.2431 1 4.1800 0  1109 1375 1492 1574 1601 1501 1249 1150  1 1 0 1 0 17 0 14 0 11.43 
1.063 2 1 1 0 0.3842 0.4000 1.9 2.4 0.3119 -0.0006 -0.002591 0.449770 -1.9256 1 4.1800 0  1102 1326 1489 1624 1605 1507 1263 1147  1 1 0 1 0 12 0 19 0 11.43 
1.068 2 1 1 0 0.3782 0.4000 1.6 2.3 0.3137 -0.0006 -0.005182 0.450325 -1.8174 1 4.1800 0  1087 1305 1473 1613 1637 1530 1240 1155  1 1 0 1 0 7 0 20 0 11.43 
1.073 2 1 1 0 0.3802 0.4000 1.7 2.7 0.3155 -0.0006 -0.002591 0.451567 -1.5483 1 4.1800 0  1084 1287 1451 1614 1651 1541 1291 1156  1 1 0 1 0 2 0 20 0 11.43 
1.078 2 1 1 0 0.3782 0.4000 2.1 2.3 0.3173 -0.0006 -0.005182 0.453674 -1.0480 1 3.5504 1  1093 1227 1405 1614 1650 1547 1322 1157  1 1 0 0 0 0 0 20 1 11.43 
1.083 2 1 1 0 0.3682 0.4000 1.4 2.0 0.3193 -0.0006 -0.005182 0.454115 -0.8753 1 4.1800 0  1072 1179 1359 1545 1618 1550 1301 1170  1 1 0 0 0 0 0 20 0 11.43 
1.088 2 1 1 0 0.3782 0.4000 1.5 1.8 0.3211 -0.0006 -0.002591 0.453566 -0.5780 1 4.1800 0  1069 1205 1328 1510 1625 1555 1314 1185  1 1 0 0 0 0 0 20 0 11.43 
1.093 2 1 1 0 0.3882 0.4000 2.3 2.0 0.3231 -0.0006 -0.002591 0.453147 -0.1784 1 4.1800 0  1083 1245 1309 1461 1605 1553 1310 1199  1 1 0 0 0 0 0 20 0 11.43 
1.098 2 1 1 0 0.3844 0.4000 1.6 2.3 0.3249 -0.0006 -0.005182 0.453545 0.0218 1 4.1800 0  1093 1259 1307 1436 1564 1546 1303 1190  1 1 0 0 0 0 0 20 0 11.43 
1.103 2 1 1 0 0.3744 0.4000 1.9 2.4 0.3269 -0.0006 -0.005182 0.454642 0.1495 1 4.1800 0  1080 1227 1306 1421 1518 1517 1303 1158  1 1 0 0 0 0 0 20 0 11.43 
1.108 2 1 1 0 0.3724 0.4000 2.6 2.0 0.3287 -0.0006 -0.002591 0.455449 0.3739 1 4.1800 0  1073 1242 1303 1393 1485 1479 1273 1170  1 1 0 0 0 0 0 20 0 11.43 
1.113 2 1 1 0 0.3824 0.4000 1.7 2.6 0.3307 -0.0006 -0.002591 0.455606 0.6193 1 4.1800 0  1064 1227 1302 1397 1459 1423 1283 1151  1 1 0 0 0 0 0 20 0 11.43 
1.118 2 1 1 0 0.3861 0.4000 1.7 1.9 0.3327 -0.0007 -0.002591 0.455722 1.0711 1 4.1800 0  1068 1164 1300 1405 1404 1381 1250 1136  1 1 0 0 0 0 0 20 0 11.43 
1.123 2 1 1 0 0.3791 0.4000 1.4 2.1 0.3345 -0.0007 -0.005182 0.456038 0.3027 1 4.1800 0  1060 1243 1291 1403 1446 1337 1204 1122  1 1 0 0 0 0 0 20 0 11.43 
1.128 2 1 1 0 0.3855 0.4000 1.7 2.2 0.3364 -0.0007 -0.002591 0.456247 1.8013 0 4.1800 0  1041 1179 1271 1384 1401 1307 1158 1050  1 1 0 0 0 1 0 20 0 11.43 
1.133 2 1 1 0 0.3834 0.4000 2.3 1.8 0.3384 -0.0007 -0.002591 0.456894 1.8013 0 4.1800 0  1032 1143 1240 1361 1359 1264 1072 925  1 1 0 0 0 6 0 20 0 11.43 
1.138 2 1 1 0 0.3817 0.4000 1.5 1.8 0.3404 -0.0007 -0.002591 0.457710 -4.1800 0 1.4393 1  1021 1150 1219 1326 1333 1193 932 793  1 1 0 0 0 1 0 15 5 11.43 
1.143 2 1 1 0 0.3848 0.3960 2.0 1.9 0.3422 -0.0007 -0.000000 0.457963 -4.1800 0 1.4106 1  1009 1148 1187 1274 1263 1094 786 610  1 1 0 0 0 0 0 5 10 11.43 
1.148 2 1 1 0 0.3948 0.3877 2.5 2.1 0.3440 -0.0007 0.002591 0.457804 -4.1800 0 1.1031 1  982 1138 1146 1185 1150 939 639 495  1 1 0 0 0 0 0 0 15 11.43 
1.153 2 1 1 0 0.3980 0.3817 2.0 1.8 0.3458 -0.0007 -0.000000 0.458469 -4.1800 0 0.7512 1  947 1031 1051 1028 919 756 490 372  1 1 0 0 0 0 0 0 20 11.43 
1.158 2 1 1 0 0.3929 0.3917 1.5 1.8 0.3478 -0.0007 -0.000000 0.459027 -4.1800 0 0.2201 1  884 920 920 845 741 575 376 291  1 1 0 0 0 0 0 0 20 11.43 
1.163 2 1 1 0 0.3906 0.4000 2.8 2.8 0.3498 -0.0007 -0.000000 0.459511 -4.1800 0 -0.4392 1  788 814 757 650 569 423 294 238  1 1 0 0 0 0 0 0 20 11.43 
1.168 2 1 1 0 0.3888 0.4000 1.8 1.8 0.3518 -0.0007 -0.000000 0.458703 -4.1800 0 -0.9895 1  680 686 570 477 406 336 254 236  1 1 0 0 0 0 0 0 20 11.43 
1.173 2 1 1 0 0.3942 0.3940 1.7 1.9 0.3536 -0.0007 0.002591 0.458352 -4.1800 0 -1.3820 1  554 517 417 353 322 276 238 225  1 1 0 0 0 0 0 0 20 11.44 
1.178 2 1 1 0 0.4000 0.3851 1.7 1.7 0.3556 -0.0007 0.002591 0.459243 -4.1800 0 -1.5886 1  416 395 288 291 262 262 222 242  1 1 0 0 0 0 0 0 20 11.43 
1.183 2 1 1 0 0.3940 0.3935 1.7 2.0 0.3574 -0.0007 -0.000000 0.459695 -4.1800 0 -1.5773 0  285 293 271 275 244 257 232 175  1 1 0 0 0 1 0 0 20 11.44 
1.188 2 1 1 0 0.3840 0.4000 2.0 1.8 0.3594 -0.0007 -0.000000 0.459033 -4.1800 0 -1.6408 0  232 227 246 252 246 237 212 238  1 1 0 0 0 4 0 0 20 11.43 
1.193 2 1 1 0 0.3774 0.4000 2.0 1.8 0.3615 -0.0007 -0.000000 0.458471 -4.1800 0 -1.6408 0  202 244 229 252 246 221 217 240  1 1 0 0 0 9 0 0 20 11.43 
1.198 2 1 1 0 0.3874 0.3900 1.6 2.1 0.3633 -0.0007 0.002591 0.458838 -4.1800 0 -1.6408 0  190 208 246 246 232 246 212 201  1 1 0 0 0 14 0 0 20 11.43 
1.203 2 1 1 0 0.3980 0.3941 1.9 1.9 0.3653 -0.0007 0.002591 0.459319 -4.1800 0 -1.6408 0  192 218 222 251 255 250 215 246  1 1 0 0 0 19 0 0 20 11.43 
1.208 2 1 1 0 0.4000 0.3976 2.0 1.7 0.3673 -0.0006 0.002591 0.459907 -4.1800 0 -1.6408 0  183 220 234 256 239 246 216 204  1 1 0 1 0 20 0 0 20 11.43 
1.213 2 1 1 0 0.3960 0.3980 2.2 2.7 0.3689 -0.0006 0.002591 0.459150 -4.1800 0 -1.6408 0  175 240 217 258 275 225 221 217  1 1 0 1 0 20 0 0 20 11.43 
1.218 2 1 1 0 0.4000 0.3993 1.9 1.9 0.3709 -0.0006 0.002591 0.459762 -4.1800 0 -1.6408 0  180 218 236 258 260 255 225 225  1 1 0 1 0 20 0 0 20 11.43 
1.223 2 1 1 0 0.3983 0.4000 1.9 2.2 0.3729 -0.0006 0.002591 0.459417 -4.1800 0 -1.6408 0  175 237 243 264 284 289 235 235  1 1 0 1 0 20 0 0 20 11.43 
1.228 2 1 1 0 0.3966 0.4000 1.8 1.7 0.3749 -0.0006 0.002591 0.458538 -4.1800 0 -1.6408 0  177 224 228 275 273 264 247 258  1 1 0 1 0 20 0 0 20 11.43 
1.233 2 1 1 0 0.3952 0.4000 1.7 1.6 0.3769 -0.0006 0.002591 0.457734 1.5241 1 4.1800 0  180 228 246 281 293 281 285 301  1 1 0 1 0 15 0 5 10 11.43 
1.238 2 1 1 0 0.4000 0.3900 1.8 1.8 0.3787 -0.0006 0.005182 0.458061 1.6875 1 4.1800 0  198 239 256 300 304 326 342 395  1 1 0 1 0 10 0 10 0 11.42 
1.243 2 1 1 0 0.4000 0.3800 2.2 1.7 0.3807 -0.0006 0.005182 0.458531 1.4813 1 4.1800 0  206 244 244 320 334 406 458 519  1 1 0 1 0 5 0 15 0 11.43 
1.248 2 1 1 0 0.4000 0.3844 2.3 1.5 0.3827 -0.0006 0.005182 0.458224 1.1444 1 4.1800 0  213 268 311 380 462 545 591 638  1 1 0 1 0 0 0 20 0 11.42 
1.253 2 1 1 0 0.4000 0.3800 1.8 1.6 0.3845 -0.0006 0.007773 0.458305 0.8003 1 4.1800 0  246 308 379 503 601 695 728 755  1 1 0 0 0 0 0 20 0 11.43 
1.258 2 1 1 0 0.4000 0.3700 1.8 1.3 0.3866 -0.0006 0.007773 0.458615 0.0913 1 4.1800 0  275 376 476 664 783 847 856 830  1 1 0 0 0 0 0 20 0 11.43 
1.263 2 1 1 0 0.3962 0.3720 1.5 1.7 0.3884 -0.0006 0.005182 0.459215 -0.4836 1 4.1800 0  365 500 621 844 967 991 934 873  1 1 0 0 0 0 0 20 0 11.43 
1.268 2 1 1 0 0.3962 0.3820 2.2 1.5 0.3904 -0.0005 0.005182 0.458528 -0.8478 1 4.1800 0  482 674 804 1037 1129 1134 995 919  1 1 0 0 0 0 0 20 0 11.43 
1.273 2 1 1 0 0.3978 0.4000 1.9 2.0 0.3924 -0.0005 0.005182 0.458086 -1.5516 1 4.1800 0  634 875 1008 1201 1252 1185 1036 929  1 1 0 0 0 0 0 20 0 11.42 
1.278 2 1 1 0 0.3980 0.3980 1.7 1.8 0.3944 -0.0005 0.005182 0.458246 -2.0853 1 4.1800 0  777 1044 1168 1293 1312 1229 1054 936  1 1 0 0 0 0 0 20 0 11.43 
1.283 2 1 1 0 0.3965 0.4000 1.6 1.9 0.3964 -0.0005 0.005182 0.457630 -2.2271 1 2.4742 1  940 1175 1282 1345 1342 1262 1065 937  1 1 0 0 0 0 0 20 3 11.42 
1.288 2 1 1 0 0.4000 0.3900 2.0 1.6 0.3982 -0.0005 0.007773 0.456503 -2.5071 1 0.5728 1  1049 1254 1333 1415 1375 1254 1050 934  1 1 0 0 0 0 0 20 8 11.42 
1.293 2 1 1 0 0.4000 0.3800 2.4 1.4 0.4002 -0.0005 0.007773 0.456525 -2.9079 1 0.5804 1  1106 1276 1383 1448 1404 1296 1080 953  1 1 0 0 0 0 0 20 13 11.44 
1.298 2 1 1 0 0.4000 0.3782 2.0 1.3 0.4022 -0.0005 0.007773 0.457496 -4.1800 0 0.8000 1  1157 1298 1386 1464 1436 1305 1076 955  1 1 0 0 0 0 0 16 18 11.42 
1.303 2 1 1 0 0.4000 0.3733 2.0 1.6 0.4040 -0.0005 0.010364 0.458409 -3.3983 1 0.8448 1  1138 1302 1395 1493 1471 1300 1079 955  1 1 0 0 0 0 0 18 20 11.42 
1.308 2 1 1 0 0.4000 0.3793 2.3 1.6 0.4058 -0.0004 0.007773 0.458147 -4.1800 0 0.8725 1  1159 1305 1401 1538 1494 1330 1090 958  1 1 0 0 0 0 0 18 20 11.42 
1.313 2 1 1 0 0.4000 0.3879 1.7 1.6 0.4078 -0.0004 0.007773 0.456204 -4.0513 1 1.3709 1  1162 1312 1411 1522 1518 1387 1113 970  1 1 0 0 0 0 0 17 20 11.42 
1.318 2 1 1 0 0.4000 0.3882 1.6 1.4 0.4099 -0.0004 0.007773 0.454174 -3.1702 1 1.7044 1  1154 1317 1417 1524 1535 1427 1155 986  1 1 0 0 0 0 0 20 20 11.42 
1.323 2 1 1 0 0.4000 0.3884 1.6 1.3 0.4119 -0.0004 0.007773 0.452038 -4.1800 0 1.6886 1  1174 1317 1420 1564 1556 1460 1191 1020  1 1 0 0 0 0 0 18 20 11.43 
1.328 2 1 1 0 0.4000 0.3884 1.5 1.6 0.4139 -0.0004 0.007773 0.451536 -2.1466 1 1.9982 1  1135 1323 1421 1556 1551 1462 1225 1045  1 1 0 0 0 0 0 16 20 11.43 
1.333 2 1 1 0 0.4000 0.3884 1.8 2.0 0.4159 -0.0004 0.007773 0.451567 -2.1851 0 2.3589 0  1148 1317 1417 1513 1547 1467 1220 1063  1 1 0 0 0 0 3 18 20 11.43 
1.338 2 1 1 0 0.4000 0.3883 2.0 1.9 0.4179 -0.0003 0.007773 0.452442 -2.1851 0 2.3589 0  1158 1316 1443 1555 1546 1482 1247 1082  1 1 0 0 0 0 8 18 20 11.43 
1.343 2 1 1 0 0.4000 0.3882 2.0 1.8 0.4199 -0.0003 0.007773 0.452571 -2.0883 1 2.7092 1  1115 1320 1431 1554 1554 1466 1240 1097  1 1 0 0 0 0 11 19 20 11.43 
1.348 2 1 1 0 0.4000 0.3862 2.0 1.5 0.4215 -0.0003 0.007773 0.451704 -1.9278 0 2.7107 0  1160 1319 1443 1590 1563 1481 1258 1113  1 1 0 0 0 0 12 20 20 11.42 
1.353 2 1 1 0 0.4000 0.3909 1.7 1.9 0.4235 -0.0003 0.007773 0.450911 -4.1800 0 2.7033 1  1141 1321 1430 1578 1574 1462 1267 1118  1 1 0 0 0 0 15 18 20 11.43 
1.358 2 1 1 0 0.3980 0.3925 2.2 2.0 0.4255 -0.0003 0.007773 0.450870 -2.0621 0 3.0334 0  1160 1330 1420 1522 1566 1470 1239 1112  1 1 0 0 0 0 18 19 20 11.43 
1.363 2 1 1 0 0.3880 0.4000 1.6 2.2 0.4277 -0.0003 0.005182 0.451239 -2.0195 1 2.8569 1  1128 1318 1426 1542 1573 1490 1251 1108  1 1 0 0 1 0 19 20 20 11.42 
1.368 2 1 1 0 0.3862 0.4000 1.8 1.9 0.4293 -0.0003 0.005182 0.450943 -1.9598 0 4.1800 0  1146 1311 1409 1545 1580 1496 1220 1109  1 1 0 0 1 0 19 20 18 11.43 
1.373 2 1 1 0 0.3906 0.4000 1.8 1.8 0.4313 -0.0003 0.005182 0.450759 -2.0402 0 3.1089 0  1175 1320 1411 1557 1576 1483 1239 1117  1 1 0 0 1 0 20 20 19 11.42 
1.378 2 1 1 0 0.3940 0.4000 1.5 2.1 0.4333 -0.0002 0.005182 0.450819 -2.0402 0 3.1089 0  1153 1314 1406 1564 1578 1488 1292 1114  1 1 0 0 1 0 20 20 19 11.42 
1.383 2 1 1 0 0.3943 0.4000 2.1 2.3 0.4352 -0.0002 0.002591 0.450656 -1.9103 1 2.8456 1  1116 1308 1413 1544 1572 1485 1287 1114  1 1 0 0 1 0 19 20 20 11.43 
1.388 2 1 1 0 0.3843 0.4000 1.3 2.0 0.4372 -0.0002 0.002591 0.450780 -1.1290 1 4.1800 0  1090 1264 1377 1536 1566 1482 1244 1115  1 1 0 0 1 0 18 20 16 11.43 
1.393 2 1 1 0 0.3743 0.4000 2.0 1.9 0.4392 -0.0002 0.002591 0.450509 -4.1800 0 3.6923 1  1117 1287 1397 1526 1565 1459 1252 1115  1 1 0 0 1 0 17 17 19 11.44 
1.398 2 1 1 0 0.3816 0.3960 2.0 1.8 0.4410 -0.0002 0.005182 0.450659 -4.1800 0 3.6923 0  1130 1286 1381 1530 1567 1462 1242 1120  1 1 0 0 1 0 20 17 19 11.43 
1.403 2 1 1 0 0.3916 0.3863 1.6 2.0 0.4430 -0.0002 0.005182 0.450713 -0.8929 1 3.2977 1  1119 1287 1385 1511 1553 1460 1273 1121  1 1 0 0 1 0 19 20 19 11.43 
1.408 2 1 1 0 0.3936 0.3913 2.6 1.9 0.4448 -0.0002 0.002591 0.450316 -0.8929 0 3.2977 0  1155 1300 1386 1530 1545 1459 1268 1123  1 1 0 0 1 0 20 20 19 11.43 
1.413 2 1 1 0 0.3836 0.4000 1.9 1.9 0.4468 -0.0002 0.002591 0.449146 -0.8929 0 3.2977 0  1139 1270 1392 1511 1542 1463 1233 1117  1 1 0 0 1 0 20 20 19 11.43 
1.418 2 1 1 0 0.3850 0.4000 1.3 2.1 0.4488 -0.0002 0.002591 0.449229 -0.8929 0 3.2977 0  1172 1299 1392 1535 1556 1449 1238 1115  1 1 0 0 1 0 20 20 19 11.43 
1.423 2 1 1 0 0.3803 0.4000 1.5 2.2 0.4506 -0.0002 0.000000 0.449722 -0.8929 0 3.2977 0  1142 1341 1388 1505 1537 1443 1222 1115  1 1 0 0 1 0 20 20 19 11.43 
1.428 2 1 1 0 0.3703 0.4000 2.1 2.4 0.4526 -0.0002 0.000000 0.450318 -0.8929 0 3.2977 0  1161 1319 1387 1506 1524 1421 1231 1113  1 1 0 0 1 0 20 20 19 11.43 
1.433 2 1 1 0 0.3693 0.3960 2.1 1.9 0.4544 -0.0002 0.002591 0.450183 -0.8929 0 3.2977 0  1140 1308 1382 1492 1495 1404 1190 1106  1 1 0 0 1 0 20 20 19 11.43 
1.438 2 1 1 0 0.3753 0.3979 1.4 2.0 0.4562 -0.0002 0.000000 0.450347 -0.8929 0 3.2977 0  1119 1302 1388 1493 1513 1398 1187 1115  1 1 0 0 1 0 20 20 19 11.43 
1.443 2 1 1 0 0.3710 0.4000 1.9 2.2 0.4582 -0.0002 0.000000 0.450323 -0.8929 0 3.2977 0  1116 1289 1390 1500 1505 1397 1220 1087  1 1 0 0 1 0 20 20 19 11.43 
1.448 2 1 1 0 0.3754 0.4000 1.3 2.1 0.4603 -0.0002 0.000000 0.450244 -0.8929 0 3.2977 0  1103 1297 1388 1504 1520 1399 1196 1106  1 1 0 0 1 0 20 20 19 11.43 
1.453 2 1 1 0 0.3789 0.4000 1.9 2.2 0.4623 -0.0002 0.000000 0.450724 -1.8939 1 2.8417 1  1081 1261 1386 1511 1507 1409 1214 1093  1 1 0 0 1 0 17 20 14 11.44 
1.458 2 1 1 0 0.3806 0.4000 1.8 1.9 0.4641 -0.0002 -0.002591 0.451005 -2.0482 1 4.1800 0  1054 1255 1372 1492 1507 1411 1192 1101  1 1 0 0 1 0 12 20 4 11.43 
1.463 2 1 1 0 0.3746 0.4000 1.8 2.2 0.4661 -0.0002 -0.002591 0.451261 -1.9812 1 4.1800 0  1052 1259 1366 1494 1536 1420 1195 1093  1 1 0 0 1 0 7 20 0 11.43 
1.468 2 1 1 0 0.3646 0.4000 1.0 1.9 0.4681 -0.0002 -0.002591 0.451477 -1.1283 1 4.1800 0  1070 1205 1347 1493 1527 1427 1211 1089  1 1 0 0 1 0 2 20 0 11.43 
1.473 2 1 1 0 0.3640 0.3989 1.5 1.9 0.4699 -0.0002 0.000000 0.451434 -0.6391 1 4.1800 0  1076 1241 1330 1473 1562 1430 1177 1088  1 1 0 0 0 0 0 20 0 11.43 
1.478 2 1 1 0 0.3637 0.4000 1.8 2.2 0.4717 -0.0002 -0.002591 0.451712 -0.8137 1 4.1800 0  1079 1219 1327 1467 1521 1435 1215 1111  1 1 0 0 0 0 0 20 0 11.43 
1.483 2 1 1 0 0.3680 0.4000 1.3 2.2 0.4737 -0.0002 -0.002591 0.452322 -0.8141 1 4.1800 0  1071 1203 1320 1449 1507 1431 1207 1086  1 1 0 0 0 0 0 20 0 11.43 
1.488 2 1 1 0 0.3712 0.4000 1.9 2.1 0.4757 -0.0002 -0.002591 0.452534 -0.7543 1 4.1800 0  1055 1198 1299 1425 1484 1416 1206 1085  1 1 0 0 0 0 0 20 0 11.43 
1.493 2 1 1 0 0.3758 0.3960 2.2 1.9 0.4773 -0.0002 -0.002591 0.452525 -0.6129 1 4.1800 0  1034 1171 1289 1402 1453 1400 1196 1093  1 1 0 0 0 0 0 17 0 11.43 
1.498 2 1 1 0 0.3726 0.4000 1.3 2.4 0.4793 -0.0002 -0.002591 0.452915 -0.4658 1 4.1800 0  1038 1192 1283 1388 1422 1381 1196 1075  1 1 0 0 0 0 0 20 0 11.44 
1.503 2 1 1 0 0.3749 0.4000 1.9 2.1 0.4813 -0.0002 -0.002591 0.453098 -4.1800 0 4.1800 0  1034 1188 1277 1384 1421 1361 1188 1085  1 1 0 0 0 0 0 18 0 11.43 
1.508 2 1 1 0 0.3799 0.3960 2.6 1.8 0.4831 -0.0002 0.000000 0.453228 -4.1800 0 4.1800 0  1032 1146 1277 1378 1384 1335 1187 1076  1 1 0 0 0 0 0 14 0 11.43 
1.513 2 1 1 0 0.3819 0.3943 1.7 2.9 0.4850 -0.0002 -0.002591 0.452900 -4.1800 0 4.1800 0  1033 1182 1250 1377 1400 1315 1144 1055  1 1 0 0 0 0 0 14 0 11.43 
1.518 2 1 1 0 0.3739 0.4000 1.4 1.9 0.4870 -0.0002 -0.002591 0.453485 -0.7931 0 4.1800 0  1026 1158 1278 1375 1376 1301 1128 1031  1 1 0 0 0 2 0 16 0 11.43 
1.523 2 1 1 0 0.3758 0.4000 1.5 2.4 0.4890 -0.0002 -0.002591 0.454138 -0.7931 0 4.1800 0  1026 1161 1259 1373 1405 1291 1108 989  1 1 0 0 0 7 0 16 0 11.43 
1.528 2 1 1 0 0.3841 0.3920 1.9 1.9 0.4908 -0.0002 0.000000 0.454288 -0.7931 0 4.1800 0  1030 1196 1264 1381 1397 1293 1119 992  1 1 0 0 0 12 0 16 0 11.44 
1.533 2 1 1 0 0.3741 0.4000 2.2 2.1 0.4926 -0.0002 -0.002591 0.454085 -0.7931 0 4.1800 0  1025 1182 1267 1377 1398 1299 1112 1002  1 1 0 0 0 17 0 16 0 11.43 
1.538 2 1 1 0 0.3757 0.4000 1.3 1.8 0.4946 -0.0002 -0.002591 0.454652 -0.7931 0 4.1800 0  1030 1178 1262 1376 1387 1289 1102 999  1 1 0 1 0 20 0 16 0 11.43 
1.543 2 1 1 0 0.3823 0.3940 1.4 1.9 0.4964 -0.0002 0.000000 0.454812 -0.7931 0 4.1800 0  1038 1166 1250 1381 1378 1295 1103 982  1 1 0 1 0 20 0 16 0 11.43 
1.548 2 1 1 0 0.3901 0.3941 2.3 2.1 0.4982 -0.0002 -0.002591 0.455098 -0.7931 0 4.1800 0  1035 1171 1287 1380 1392 1309 1097 946  1 1 0 1 0 20 0 16 0 11.43 
1.553 2 1 1 0 0.3801 0.4000 1.5 2.2 0.5002 -0.0003 -0.002591 0.454560 -0.7931 0 4.1800 0  1044 1189 1284 1381 1390 1296 1094 969  1 1 0 1 0 20 0 16 0 11.43 
1.558 2 1 1 0 0.3926 0.3926 1.6 2.0 0.5020 -0.0003 0.000000 0.454835 -0.7931 0 4.1800 0  1051 1186 1275 1384 1398 1294 1093 980  1 1 0 1 0 20 0 16 0 11.43 
1.563 2 1 1 0 0.3980 0.3986 2.9 2.4 0.5038 -0.0003 -0.002591 0.455243 -0.7931 0 4.1800 0  1061 1191 1287 1388 1380 1293 1094 994  1 1 0 1 0 19 0 16 0 11.43 
1.568 2 1 1 0 0.3880 0.4000 1.7 2.4 0.5058 -0.0003 -0.002591 0.455130 -0.7931 0 4.1800 0  1060 1219 1268 1385 1417 1282 1083 987  1 1 0 1 0 19 0 16 0 11.43 
1.573 2 1 1 0 0.3780 0.4000 1.8 2.0 0.5078 -0.0003 -0.002591 0.454617 -0.7931 0 4.1800 0  1060 1186 1287 1387 1412 1257 1082 941  1 1 0 1 0 18 0 16 0 11.43 
1.578 2 1 1 0 0.3840 0.3929 1.4 2.1 0.5097 -0.0003 0.000000 0.455042 -4.1800 0 1.7502 0  1060 1195 1295 1386 1391 1288 1069 935  1 1 0 1 0 13 0 12 2 11.43 
1.583 2 1 1 0 0.3849 0.4000 1.5 2.2 0.5115 -0.0003 -0.002591 0.456078 -2.8828 1 1.5888 1  1047 1193 1281 1386 1378 1274 1068 915  1 1 0 1 0 14 0 13 3 11.42 
1.588 2 1 1 0 0.3749 0.4000 1.6 2.1 0.5135 -0.0003 -0.002591 0.456696 -2.6715 1 1.5681 1  1043 1184 1281 1385 1385 1288 1066 924  1 1 0 1 0 11 0 17 7 11.42 
1.593 2 1 1 0 0.3773 0.3960 2.1 1.7 0.5153 -0.0003 0.000000 0.456284 -2.3909 0 1.3147 0  1047 1176 1256 1362 1378 1267 1075 911  1 1 0 1 0 8 0 19 9 11.43 
1.598 2 1 1 0 0.3960 0.3945 1.8 2.0 0.5173 -0.0003 0.000000 0.456159 -2.7450 1 1.9273 1  1044 1181 1251 1389 1386 1262 1081 920  1 1 0 1 0 3 0 14 13 11.43 
1.603 2 1 1 0 0.3860 0.4000 1.5 2.1 0.5191 -0.0003 -0.002591 0.456767 -2.4503 1 1.9669 1  1021 1179 1281 1381 1388 1274 1076 909  1 1 0 0 0 0 0 16 18 11.42 
1.608 2 1 1 0 0.3760 0.4000 1.4 2.0 0.5211 -0.0003 -0.002591 0.457331 -2.6973 0 1.9228 0  1050 1192 1280 1373 1380 1266 1076 927  1 1 0 0 0 0 0 17 20 11.42 
1.613 2 1 1 0 0.3753 0.3980 1.6 2.1 0.5229 -0.0003 0.000000 0.457160 -2.6731 0 2.0482 0  1057 1190 1256 1369 1369 1250 1082 934  1 1 0 0 0 0 0 14 20 11.42 
1.618 2 1 1 0 0.3728 0.4000 1.6 2.0 0.5247 -0.0003 -0.002591 0.457158 -2.6731 0 2.0482 0  1065 1203 1275 1364 1361 1259 1070 924  1 1 0 0 0 3 0 14 20 11.42 
1.623 2 1 1 0 0.3745 0.4000 1.3 2.1 0.5267 -0.0003 -0.002591 0.457803 -2.6301 1 1.0027 1  1036 1207 1268 1357 1356 1255 1068 922  1 1 0 0 0 0 0 15 20 11.43 
1.628 2 1 1 0 0.3757 0.4000 1.1 2.2 0.5287 -0.0003 -0.002591 0.457979 -3.2122 0 0.5843 0  1062 1200 1268 1353 1347 1274 1063 933  1 1 0 0 0 0 0 12 20 11.42 
1.633 2 1 1 0 0.3804 0.3960 1.7 2.1 0.5305 -0.0003 0.000000 0.458356 -3.2122 0 0.5843 0  1023 1212 1264 1339 1342 1237 1058 930  1 1 0 0 0 0 0 12 20 11.42 
1.638 2 1 1 0 0.3752 0.4000 1.5 2.3 0.5323 -0.0003 -0.002591 0.458583 -2.5727 0 0.7678 0  1036 1205 1287 1357 1337 1238 1047 925  1 1 0 0 0 0 0 13 20 11.42 
1.643 2 1 1 0 0.3762 0.4000 1.7 2.1 0.5344 -0.0003 -0.002591 0.459101 -2.5042 1 0.5921 1  1023 1212 1304 1362 1339 1225 1045 915  1 1 0 0 0 0 0 18 20 11.42 
1.648 2 1 1 0 0.3770 0.4000 1.5 2.2 0.5364 -0.0003 -0.002591 0.459185 -3.1967 1 0.7446 1  1056 1207 1286 1376 1347 1224 1015 911  1 1 0 0 0 0 0 20 20 11.42 
1.653 2 1 1 0 0.3790 0.4000 1.7 2.0 0.5380 -0.0003 -0.002591 0.458623 -3.3759 1 1.2221 1  1055 1197 1307 1384 1349 1259 1023 900  1 1 0 0 0 0 0 17 20 11.42 
1.658 2 1 1 0 0.3801 0.4000 1.6 2.1 0.5400 -0.0003 -0.002591 0.458432 -2.8699 1 0.8054 1  1041 1195 1300 1387 1356 1222 1019 900  1 1 0 0 0 0 0 20 20 11.42 
1.663 2 1 1 0 0.3800 0.4000 1.3 2.1 0.5420 -0.0003 -0.002591 0.458735 -4.1800 0 0.7898 1  1068 1200 1279 1385 1363 1210 996 902  1 1 0 0 0 0 0 15 20 11.41 
1.668 2 1 1 0 0.3719 0.4000 1.5 1.9 0.5438 -0.0003 -0.005182 0.459410 -2.9336 1 0.9535 1  1042 1203 1282 1364 1368 1229 1031 903  1 1 0 0 0 0 0 11 20 11.42 
1.673 2 1 1 0 0.3739 0.4000 2.3 2.1 0.5456 -0.0004 -0.002591 0.458831 -3.9212 1 0.9772 1  1065 1205 1281 1371 1373 1232 1019 903  1 1 0 0 0 0 0 7 20 11.44 
1.678 2 1 1 0 0.3839 0.4000 1.8 1.8 0.5476 -0.0004 -0.002591 0.458161 -4.1800 0 1.0599 1  1090 1216 1295 1402 1372 1254 1035 900  1 1 0 0 0 0 0 0 20 11.41 
1.683 2 1 1 0 0.3825 0.4000 1.6 2.2 0.5492 -0.0004 -0.002591 0.457673 -2.6304 1 0.8791 1  1035 1224 1279 1371 1371 1238 1031 907  1 1 0 0 0 0 0 5 20 11.42 
1.688 2 1 1 0 0.3816 0.4000 1.7 2.1 0.5512 -0.0004 -0.002591 0.457321 -2.9389 1 1.0992 1  1066 1236 1319 1373 1377 1271 1015 916  1 1 0 0 0 0 0 10 20 11.42 
1.693 2 1 1 0 0.3810 0.4000 1.5 2.2 0.5532 -0.0004 -0.002591 0.457736 -2.8879 1 0.7959 1  1069 1245 1311 1392 1383 1248 1049 917  1 1 0 0 0 0 0 12 20 11.43 
1.698 2 1 1 0 0.3805 0.4000 2.0 2.0 0.5552 -0.0004 -0.002591 0.457736 -2.9789 1 0.8876 1  1075 1248 1329 1404 1389 1259 1039 916  1 1 0 0 0 0 0 17 20 11.43 
1.703 2 1 1 0 0.3705 0.4000 1.4 1.8 0.5570 -0.0004 -0.005182 0.457735 -4.1800 0 0.8190 1  1116 1260 1327 1452 1398 1268 1059 917  1 1 0 0 0 0 0 18 20 11.42 
1.708 2 1 1 0 0.3605 0.4000 1.1 2.3 0.5591 -0.0004 -0.005182 0.457425 -3.5439 1 0.7729 1  1118 1282 1347 1426 1404 1272 1047 923  1 1 0 0 0 0 0 11 20 11.44 
1.713 2 1 1 0 0.3665 0.4000 1.1 2.0 0.5609 -0.0004 -0.002591 0.456745 -3.9352 1 0.7403 1  1130 1287 1345 1428 1412 1269 1028 927  1 1 0 0 0 0 0 13 20 11.42 
1.718 2 1 1 0 0.3765 0.4000 1.6 2.0 0.5629 -0.0004 -0.002591 0.456565 -4.1800 0 0.6779 1  1148 1295 1352 1454 1408 1272 1042 928  1 1 0 0 0 0 0 9 20 11.43 
1.723 2 1 1 0 0.3865 0.3980 1.7 1.9 0.5647 -0.0004 0.000000 0.457179 -4.1800 0 0.5326 1  1150 1294 1344 1409 1393 1256 1027 928  1 1 0 0 0 0 0 5 20 11.43 
1.728 2 1 1 0 0.3826 0.4000 2.3 2.1 0.5665 -0.0004 -0.002591 0.457690 -4.1800 0 0.1199 1  1216 1300 1345 1474 1382 1252 1078 941  1 1 0 0 0 0 0 0 20 11.42 
1.733 2 1 1 0 0.3815 0.4000 1.7 2.2 0.5685 -0.0004 -0.002591 0.457295 -4.1800 0 -0.0701 1  1155 1300 1341 1407 1371 1262 1064 955  1 1 0 0 0 0 0 0 20 11.43 
1.738 2 1 1 0 0.3807 0.4000 1.9 2.0 0.5705 -0.0004 -0.002591 0.456343 -4.1800 0 -0.1448 1  1145 1282 1335 1376 1358 1246 1042 974  1 1 0 0 0 0 0 0 20 11.42 
1.743 2 1 1 0 0.3842 0.3960 1.9 2.0 0.5723 -0.0004 0.000000 0.456470 -4.1800 0 -0.0517 1  1163 1261 1334 1409 1356 1242 1099 985  1 1 0 0 0 0 0 0 20 11.43 
1.748 2 1 1 0 0.3771 0.4000 1.6 2.4 0.5741 -0.0004 -0.002591 0.456928 -4.1800 0 -0.6006 1  1143 1271 1326 1353 1349 1240 1089 992  1 1 0 0 0 0 0 0 20 11.43 
1.753 2 1 1 0 0.3771 0.4000 2.3 2.1 0.5761 -0.0004 -0.002591 0.457182 -4.1800 0 -0.6540 1  1136 1247 1313 1355 1336 1254 1082 1001  1 1 0 0 0 0 0 0 20 11.43 
1.758 2 1 1 0 0.3771 0.4000 2.3 2.0 0.5777 -0.0004 -0.002591 0.456550 -4.1800 0 -0.2674 0  1129 1241 1304 1377 1344 1264 1126 1007  1 1 0 0 0 0 0 0 20 11.43 
1.763 2 1 1 0 0.3761 0.4000 1.3 1.8 0.5797 -0.0004 -0.002591 0.456578 -4.1800 0 -0.2674 0  1116 1237 1308 1342 1340 1279 1151 1017  1 1 0 0 0 0 0 0 20 11.43 
1.768 2 1 1 0 0.3763 0.4000 1.6 2.3 0.5817 -0.0005 -0.002591 0.456670 -4.1800 0 -0.2674 0  1113 1216 1300 1370 1348 1286 1133 1034  1 1 0 0 0 0 0 0 20 11.43 
1.773 2 1 1 0 0.3804 0.3960 2.1 1.8 0.5836 -0.0005 0.000000 0.456454 -4.1800 0 -0.2674 0  1089 1242 1306 1343 1340 1291 1153 1047  1 1 0 0 0 0 0 0 20 11.43 
1.778 2 1 1 0 0.3892 0.3932 1.9 2.1 0.5854 -0.0005 -0.002591 0.455977 -4.1800 0 -0.2674 0  1108 1262 1323 1361 1347 1304 1192 1051  1 1 0 0 0 0 0 0 20 11.43 
1.783 2 1 1 0 0.3832 0.4000 2.0 2.0 0.5874 -0.0005 -0.002591 0.456194 -4.1800 0 -0.2674 0  1073 1207 1320 1345 1359 1326 1185 1073  1 1 0 0 0 0 0 0 20 11.43 
1.788 2 1 1 0 0.3732 0.4000 1.3 2.0 0.5894 -0.0005 -0.002591 0.456431 -4.1800 0 -0.2674 0  1075 1212 1324 1365 1356 1343 1164 1067  1 1 0 0 0 0 0 0 20 11.43 
1.793 2 1 1 0 0.3832 0.3940 1.9 1.9 0.5912 -0.0005 0.000000 0.455816 -4.1800 0 4.1800 0  1090 1223 1323 1367 1334 1355 1207 1070  1 1 0 0 0 0 0 0 18 11.43 
1.798 2 1 1 0 0.3996 0.4000 2.6 2.1 0.5932 -0.0005 0.000000 0.455400 -4.1800 0 4.1800 0  1092 1235 1353 1407 1392 1369 1189 1080  1 1 0 0 0 0 1 0 18 11.42 
1.803 2 1 1 0 0.3948 0.4000 1.7 2.3 0.5950 -0.0005 -0.002591 0.455595 -4.1800 0 4.1800 0  1057 1264 1309 1336 1438 1366 1171 1077  1 1 0 0 0 0 0 0 18 11.43 
1.808 2 1 1 0 0.3928 0.4000 2.0 1.9 0.5968 -0.0005 0.000000 0.455951 0.6738 1 4.1800 0  1074 1215 1302 1371 1426 1383 1218 1087  1 1 0 0 0 0 0 1 16 11.43 
1.813 2 1 1 0 0.3956 0.4000 2.9 1.8 0.5988 -0.0005 0.000000 0.455531 -1.9356 0 4.1800 0  1068 1237 1292 1368 1454 1399 1196 1086  1 1 0 0 0 0 0 2 14 11.43 
1.818 2 1 1 0 0.3930 0.4000 1.9 2.2 0.6008 -0.0005 0.000000 0.454870 -4.1800 0 4.1800 0  1062 1198 1282 1395 1458 1404 1193 1089  1 1 0 0 0 0 0 0 10 11.43 
1.823 2 1 1 0 0.3878 0.4000 1.7 2.1 0.6026 -0.0005 -0.002591 0.455326 -0.6778 1 3.5576 1  1045 1177 1285 1414 1468 1413 1201 1060  1 1 0 0 0 0 0 5 6 11.43 
1.828 2 1 1 0 0.3778 0.4000 1.3 2.3 0.6046 -0.0005 -0.002591 0.456123 -1.9365 1 4.1800 0  1027 1230 1286 1435 1514 1416 1206 1081  1 1 0 0 0 0 0 10 2 11.43 
1.833 2 1 1 0 0.3878 0.4000 1.7 2.1 0.6064 -0.0005 0.000000 0.456419 -1.0886 1 4.1800 0  992 1163 1284 1446 1501 1427 1208 1084  1 1 0 0 0 0 0 15 0 11.43 
1.838 2 1 1 0 0.3929 0.4000 2.6 2.0 0.6085 -0.0005 0.000000 0.456042 -1.3578 1 4.1800 0  959 1152 1295 1456 1520 1429 1210 1086  1 1 0 0 0 0 0 20 0 11.43 
1.843 2 1 1 0 0.3909 0.4000 1.6 1.9 0.6105 -0.0005 0.000000 0.455876 -1.3662 1 4.1800 0  953 1123 1306 1471 1523 1430 1226 1100  1 1 0 0 0 0 0 20 0 11.43 
1.848 2 1 1 0 0.3876 0.4000 2.1 2.1 0.6123 -0.0005 -0.002591 0.456108 -1.2788 1 3.1859 1  965 1101 1300 1480 1506 1439 1212 1041  1 1 0 0 0 0 0 20 1 11.43 
1.853 2 1 1 0 0.3856 0.4000 2.1 2.4 0.6141 -0.0005 0.000000 0.456558 -1.0071 1 4.1800 0  987 1160 1296 1484 1560 1437 1213 1082  1 1 0 0 0 0 0 20 0 11.43 
1.858 2 1 1 0 0.3912 0.4000 2.1 2.0 0.6161 -0.0005 0.000000 0.456437 -0.8251 1 4.1800 0  1003 1141 1262 1466 1534 1443 1209 1101  1 1 0 0 0 0 0 20 0 11.43 
1.863 2 1 1 0 0.3941 0.3960 1.7 1.6 0.6179 -0.0005 0.002591 0.456862 -0.6793 1 3.9587 1  1028 1132 1245 1436 1491 1434 1212 1070  1 1 0 0 0 0 0 20 1 11.41 
1.868 2 1 1 0 0.4000 0.3860 2.8 1.9 0.6199 -0.0005 0.002591 0.457406 -0.3208 1 4.1800 0  1047 1159 1255 1396 1500 1426 1207 1097  1 1 0 0 0 0 0 20 0 11.43 
1.873 2 1 1 0 0.3940 0.3905 1.5 1.9 0.6217 -0.0005 0.000000 0.457896 -0.0030 1 4.1250 1  1060 1153 1253 1370 1437 1420 1202 1059  1 1 0 0 0 0 0 20 1 11.43 
1.878 2 1 1 0 0.3840 0.4000 2.0 2.2 0.6237 -0.0005 0.000000 0.457380 0.2504 1 4.1800 0  1083 1214 1244 1350 1417 1409 1200 1060  1 1 0 0 0 0 0 20 0 11.43 
1.883 2 1 1 0 0.3796 0.4000 1.5 1.8 0.6257 -0.0005 0.000000 0.457368 0.9505 1 4.1800 0  1096 1202 1266 1334 1362 1382 1201 1132  1 1 0 0 0 0 0 20 0 11.43 
1.888 2 1 1 0 0.3860 0.3940 1.5 1.9 0.6275 -0.0005 0.002591 0.458008 -4.1800 0 4.1800 0  1115 1244 1260 1325 1355 1313 1191 1083  1 1 0 0 0 0 0 16 0 11.43 
1.893 2 1 1 0 0.3960 0.3901 1.6 1.9 0.6295 -0.0005 0.002591 0.458500 -4.1800 0 4.1800 0  1126 1223 1289 1346 1342 1297 1175 1077  1 1 0 0 0 0 0 6 0 11.44 
1.898 2 1 1 0 0.3980 0.3955 1.8 1.9 0.6313 -0.0005 0.000000 0.458916 -4.1800 0 4.1800 0  1138 1277 1298 1365 1355 1272 1142 1092  1 1 0 0 0 0 0 0 0 11.44 
1.903 2 1 1 0 0.3880 0.4000 1.8 2.3 0.6334 -0.0005 0.000000 0.458620 -4.1800 0 4.1800 0  1139 1282 1337 1388 1362 1252 1113 1050  1 1 0 0 0 0 0 0 0 11.43 
1.908 2 1 1 0 0.3780 0.4000 1.0 1.8 0.6354 -0.0005 0.000000 0.458639 -3.9034 1 4.1800 0  1136 1284 1357 1415 1388 1261 1099 1048  1 1 0 0 0 0 0 5 0 11.43 
1.913 2 1 1 0 0.3760 0.4000 2.3 2.0 0.6374 -0.0005 0.000000 0.459024 -3.2760 1 0.0781 1  1136 1298 1352 1435 1389 1267 1084 1020  1 1 0 0 0 0 0 10 2 11.43 
1.918 2 1 1 0 0.3776 0.4000 1.7 2.1 0.6394 -0.0005 0.000000 0.458926 -3.9898 0 0.3362 0  1144 1277 1359 1459 1430 1293 1112 1020  1 1 0 0 0 0 0 8 6 11.43 
1.923 2 1 1 0 0.3744 0.4000 1.6 2.0 0.6412 -0.0005 -0.002591 0.459225 -3.9898 0 0.3362 0  1143 1288 1394 1484 1446 1339 1154 1017  1 1 0 0 0 0 0 8 6 11.43 
1.928 2 1 1 0 0.3644 0.4000 1.1 2.3 0.6432 -0.0005 -0.002591 0.459977 -2.8646 0 0.5890 0  1142 1300 1417 1518 1484 1406 1191 1108  1 1 0 0 0 0 3 9 7 11.43 
1.933 2 1 1 0 0.3744 0.4000 1.2 2.1 0.6450 -0.0005 0.000000 0.459968 -2.8646 0 0.5890 0  1138 1301 1378 1541 1507 1402 1226 1092  1 1 0 0 0 0 4 9 7 11.43 
1.938 2 1 1 0 0.3844 0.4000 2.3 2.0 0.6470 -0.0005 0.000000 0.460001 -2.8646 0 0.5890 0  1144 1316 1412 1550 1531 1433 1249 1082  1 1 0 0 0 0 0 9 7 11.43 
1.943 2 1 1 0 0.3860 0.4000 1.4 1.9 0.6490 -0.0005 0.000000 0.459851 -2.8646 0 0.5890 0  1142 1330 1420 1538 1557 1454 1264 1121  1 1 0 0 0 0 0 9 7 11.43 
1.948 2 1 1 0 0.3854 0.4000 2.0 2.2 0.6510 -0.0005 0.000000 0.459982 -2.8646 0 0.5890 0  1149 1323 1408 1541 1561 1493 1272 1136  1 1 0 0 0 0 0 9 7 11.43 
1.953 2 1 1 0 0.3773 0.4000 1.3 2.4 0.6528 -0.0005 -0.002591 0.460188 -2.8646 0 0.5890 0  1158 1308 1432 1540 1559 1477 1279 1132  1 1 0 0 0 0 3 9 7 11.43 
1.958 2 1 1 0 0.3673 0.4000 1.7 1.9 0.6548 -0.0005 -0.002591 0.460649 -2.8646 0 0.5890 0  1150 1304 1429 1539 1561 1462 1273 1147  1 1 0 0 0 0 6 9 7 11.43 
1.963 2 1 1 0 0.3603 0.4000 1.0 1.7 0.6568 -0.0005 -0.002591 0.460869 -2.8646 0 0.5890 0  1169 1316 1406 1530 1559 1492 1276 1142  1 1 0 0 0 0 9 9 7 11.43 
1.968 2 1 1 0 0.3663 0.3990 1.3 2.2 0.6587 -0.0005 0.000000 0.461037 -2.8646 0 0.5890 0  1173 1317 1405 1528 1549 1496 1274 1121  1 1 0 0 0 0 10 9 7 11.42 
1.973 2 1 1 0 0.3723 0.4000 1.6 2.0 0.6605 -0.0005 -0.002591 0.461514 -2.8646 0 0.5890 0  1163 1327 1387 1516 1552 1479 1271 1150  1 1 0 0 0 0 9 9 7 11.42 
1.978 2 1 1 0 0.3623 0.4000 1.3 2.3 0.6625 -0.0005 -0.002591 0.461243 -2.8646 0 0.5890 0  1156 1317 1403 1492 1548 1500 1281 1150  1 1 0 0 0 0 12 9 7 11.42 
1.983 2 1 1 0 0.3644 0.4000 1.9 1.8 0.6645 -0.0005 -0.002591 0.461485 -2.8646 0 0.5890 0  1162 1314 1405 1504 1536 1467 1267 1140  1 1 0 0 0 0 11 9 7 11.44 
1.988 2 1 1 0 0.3729 0.3977 2.2 2.0 0.6663 -0.0005 0.000000 0.461936 -2.8646 0 0.5890 0  1155 1323 1418 1494 1535 1476 1257 1139  1 1 0 0 0 0 10 9 7 11.42 
1.993 2 1 1 0 0.3829 0.3977 1.4 2.2 0.6683 -0.0005 0.000000 0.462445 -2.8646 0 0.5890 0  1161 1325 1383 1502 1536 1459 1252 1132  1 1 0 0 0 0 13 9 7 11.42 
1.998 2 1 1 0 0.3849 0.4000 2.1 2.1 0.6701 -0.0005 -0.002591 0.463050 -2.8646 0 0.5890 0  1152 1316 1398 1497 1541 1456 1244 1127  1 1 0 0 0 0 16 9 7 11.42 
2.003 2 1 1 0 0.3749 0.4000 1.3 2.4 0.6721 -0.0005 -0.002591 0.463698 -2.8646 0 0.5890 0  1189 1303 1386 1506 1555 1491 1265 1123  1 1 0 0 1 0 20 9 7 11.41 
2.008 2 1 1 0 0.3649 0.4000 1.5 1.8 0.6741 -0.0005 -0.002591 0.463764 -2.8646 0 0.5890 0  1164 1306 1374 1495 1549 1478 1234 1119  1 1 0 0 1 0 20 9 7 11.42 
2.013 2 1 1 0 0.3651 0.4000 1.2 1.9 0.6761 -0.0005 -0.002591 0.463236 -2.8646 0 0.5890 0  1160 1301 1352 1465 1559 1442 1232 1114  1 1 0 0 1 0 15 9 7 11.42 
2.018 2 1 1 0 0.3679 0.3989 1.6 2.7 0.6777 -0.0005 -0.002591 0.462950 -2.8646 0 0.5890 0  1148 1300 1388 1493 1563 1478 1241 1110  1 1 0 0 1 0 12 9 7 11.42 
2.023 2 1 1 0 0.3660 0.4000 1.6 2.0 0.6797 -0.0005 -0.002591 0.463218 -0.5052 0 3.6766 0  1130 1277 1347 1489 1562 1466 1232 1107  1 1 0 0 1 0 7 10 8 11.44 
2.028 2 1 1 0 0.3675 0.4000 1.3 2.3 0.6817 -0.0005 -0.002591 0.464160 -0.5052 0 3.6766 0  1141 1264 1335 1512 1559 1482 1226 1098  1 1 0 0 1 0 2 10 8 11.42 
2.033 2 1 1 0 0.3775 0.3960 1.3 1.9 0.6836 -0.0005 0.000000 0.464583 -0.5052 0 3.6766 0  1121 1258 1337 1482 1556 1467 1237 1091  1 1 0 0 0 0 0 10 8 11.42 
2.038 2 1 1 0 0.3875 0.4000 2.6 2.0 0.6856 -0.0005 0.000000 0.464563 -0.7063 0 2.9749 0  1127 1253 1349 1496 1555 1449 1235 1093  1 1 0 0 0 0 0 13 11 11.42 
2.043 2 1 1 0 0.3926 0.4000 1.6 1.9 0.6876 -0.0005 0.000000 0.463925 -0.8002 1 2.3629 1  1122 1249 1369 1523 1555 1492 1227 1090  1 1 0 0 0 0 0 18 13 11.42 
2.048 2 1 1 0 0.3883 0.4000 2.0 2.0 0.6894 -0.0005 -0.002591 0.464273 -1.1074 1 3.2664 1  1093 1253 1371 1512 1552 1470 1241 1097  1 1 0 0 0 0 0 20 17 11.43 
2.053 8 1 2 0 0.3863 0.3980 2.0 2.4 0.6912 -0.0005 0.000000 0.464804 -1.5641 1 4.1800 0  1095 1262 1387 1497 1541 1457 1222 1103  1 1 0 0 0 0 0 20 14 11.42 
2.058 8 1 2 0 0.3763 0.3880 1.7 1.8 0.6932 -0.0005 0.000000 0.464391 -1.1920 1 2.8439 1  1119 1268 1394 1542 1538 1450 1262 1104  1 1 0 0 0 0 0 20 16 11.42 
2.063 8 1 2 0 0.3683 0.3780 1.9 1.3 0.6950 -0.0005 0.002591 0.463623 -2.0115 1 4.1800 0  1100 1288 1416 1518 1541 1448 1228 1110  1 1 0 0 0 0 0 20 15 11.43 
2.068 8 1 2 0 0.3663 0.3700 2.5 2.2 0.6968 -0.0005 0.000000 0.463739 -2.0921 0 4.1800 0  1112 1286 1424 1520 1540 1430 1209 1106  1 1 0 0 0 0 0 20 9 11.43 
2.073 8 1 2 0 0.3563 0.3700 0.9 1.5 0.6988 -0.0005 0.000000 0.464363 -2.0155 0 4.1800 0  1124 1298 1432 1540 1537 1422 1207 1099  1 1 0 0 0 0 0 20 9 11.43 
2.078 8 1 2 0 0.3463 0.3600 1.1 1.7 0.7008 -0.0005 0.000000 0.464927 -2.1737 0 4.1800 0  1126 1312 1446 1547 1542 1415 1195 1091  1 1 0 0 0 0 0 20 5 11.43 
2.083 8 1 2 0 0.3443 0.3500 0.7 1.1 0.7026 -0.0005 0.002591 0.465059 -2.1737 0 4.1800 0  1132 1323 1437 1552 1541 1415 1226 1080  1 1 0 0 0 0 0 20 5 11.43 
2.088 8 1 2 0 0.3343 0.3500 1.0 1.2 0.7044 -0.0005 0.000000 0.465010 -2.1763 0 1.0541 0  1140 1339 1452 1549 1545 1422 1201 1070  1 1 0 0 0 0 0 20 7 11.43 
2.093 8 1 2 0 0.3303 0.3303 0.9 0.8 0.7062 -0.0005 0.002591 0.464864 -2.2554 0 1.0248 0  1143 1348 1457 1533 1555 1431 1180 1060  1 1 0 0 0 0 0 20 9 11.43 
2.098 8 1 2 0 0.3223 0.3223 1.0 0.9 0.7079 -0.0005 0.002591 0.465025 -2.2803 0 0.8380 0  1155 1357 1453 1542 1561 1452 1183 1058  1 1 0 0 0 0 0 20 11 11.44 
2.103 8 1 2 0 0.3123 0.3143 1.2 0.9 0.7097 -0.0005 0.000000 0.465739 -2.3068 0 1.2702 0  1150 1360 1447 1554 1563 1452 1212 1061  1 1 0 0 0 0 0 20 14 11.43 
2.108 8 1 2 0 0.3023 0.3063 1.2 0.9 0.7115 -0.0005 0.002591 0.466179 -2.3648 1 1.5776 1  1164 1360 1450 1569 1565 1459 1221 1061  1 1 0 0 0 0 0 20 16 11.44 
2.113 8 1 2 0 0.2923 0.2963 1.2 0.9 0.7131 -0.0005 0.002591 0.466600 -2.3648 0 1.5776 0  1183 1351 1449 1563 1561 1466 1232 1075  1 1 0 0 0 0 0 20 16 11.44 
2.118 8 1 2 0 0.2823 0.2883 1.3 0.8 0.7147 -0.0005 0.002591 0.466798 -2.1151 0 1.1018 0  1186 1368 1457 1581 1572 1476 1244 1082  1 1 0 0 0 0 0 20 17 11.44 
2.123 8 1 2 0 0.2723 0.2823 1.2 1.0 0.7163 -0.0005 0.002591 0.467748 -2.1151 0 1.1018 0  1180 1379 1465 1567 1574 1479 1234 1090  1 1 0 0 0 0 0 20 17 11.44 
2.128 8 1 2 0 0.2643 0.2803 0.3 1.1 0.7177 -0.0005 0.000000 0.468526 -2.1151 0 1.1018 0  1191 1392 1458 1565 1574 1474 1236 1094  1 1 0 0 0 0 0 20 17 11.44 
2.133 8 1 2 0 0.2563 0.2783 0.7 1.1 0.7193 -0.0005 0.000000 0.469675 -2.1151 0 1.1018 0  1174 1361 1453 1563 1577 1478 1242 1097  1 1 0 0 0 0 0 20 17 11.44 
2.138 8 1 2 0 0.2503 0.2743 0.9 0.6 0.7207 -0.0005 0.002591 0.470238 -2.1151 0 1.1018 0  1180 1356 1456 1568 1578 1479 1245 1106  1 1 0 0 0 0 2 20 17 11.44 
2.143 8 1 2 0 0.2443 0.2703 0.2 0.8 0.7221 -0.0005 0.000000 0.470988 -2.1151 0 1.1018 0  1197 1366 1450 1576 1569 1471 1228 1093  1 1 0 0 0 0 3 20 17 11.44 
2.148 8 1 2 0 0.2363 0.2623 0.3 0.6 0.7237 -0.0005 0.000000 0.471644 -2.1151 0 1.1018 0  1191 1345 1451 1573 1566 1479 1245 1098  1 1 0 0 0 0 6 20 17 11.44 
2.153 8 1 2 0 0.2343 0.2543 0.6 0.3 0.7251 -0.0005 0.002591 0.472294 -2.1151 0 1.1018 0  1200 1355 1451 1571 1587 1485 1245 1106  1 1 0 0 0 0 11 20 17 11.44 
2.158 8 1 2 0 0.2343 0.2443 0.4 0.4 0.7265 -0.0005 0.005182 0.473401 -2.1151 0 1.1018 0  1196 1357 1445 1575 1589 1482 1246 1103  1 1 0 0 0 0 12 20 17 11.43 
2.163 8 1 2 0 0.2283 0.2343 0.9 0.3 0.7277 -0.0005 0.005182 0.473949 -2.1151 0 1.1018 0  1189 1352 1446 1565 1585 1490 1241 1099  1 1 0 0 0 0 9 20 17 11.44 
2.168 8 1 2 0 0.2283 0.2243 0.7 0.6 0.7293 -0.0005 0.005182 0.475103 -2.1151 0 1.1018 0  1181 1352 1447 1563 1582 1497 1251 1113  1 1 0 0 0 0 10 20 17 11.44 
2.173 8 1 2 0 0.2243 0.2163 0.4 0.5 0.7305 -0.0005 0.005182 0.475422 -2.1151 0 1.1018 0  1187 1354 1452 1563 1584 1498 1254 1108  1 1 0 0 0 0 9 20 17 11.44 
2.178 8 1 2 0 0.2143 0.2083 0.5 0.6 0.7317 -0.0005 0.005182 0.475398 -2.1151 0 1.1018 0  1182 1351 1446 1571 1591 1487 1260 1114  1 1 0 0 0 0 10 20 17 11.44 
2.183 8 1 2 0 0.2043 0.2023 0.4 0.3 0.7330 -0.0005 0.005182 0.476231 -2.1151 0 1.1018 0  1187 1343 1448 1572 1586 1485 1257 1116  1 1 0 0 0 0 13 20 17 11.44 
2.188 8 1 2 0 0.1943 0.1943 1.0 0.3 0.7342 -0.0005 0.005182 0.477013 -2.1151 0 1.1018 0  1181 1339 1440 1561 1585 1483 1256 1121  1 1 0 0 0 0 14 20 17 11.44 
2.193 8 1 2 0 0.1843 0.1863 0.1 0.9 0.7352 -0.0004 0.002591 0.477597 -2.1151 0 1.1018 0  1182 1343 1440 1568 1572 1485 1253 1114  1 1 0 0 0 0 13 20 17 11.44 
2.198 8 1 2 0 0.1743 0.1763 0.1 0.2 0.7362 -0.0004 0.005182 0.478470 -2.1151 0 1.1018 0  1177 1350 1441 1565 1581 1486 1256 1115  1 1 0 0 0 0 12 20 17 11.44 
2.203 8 1 2 0 0.1643 0.1723 0.0 0.2 0.7372 -0.0004 0.002591 0.479336 -2.1151 0 1.1018 0  1176 1345 1440 1565 1582 1489 1253 1123  1 1 0 0 0 0 9 20 17 11.44 
2.208 8 1 2 0 0.1563 0.1623 -0.1 0.6 0.7380 -0.0004 0.002591 0.479621 -2.1151 0 1.1018 0  1173 1336 1440 1565 1581 1490 1273 1138  1 1 0 0 0 0 8 20 17 11.43 
2.213 8 1 2 0 0.1463 0.1623 -0.3 0.7 0.7390 -0.0004 0.000000 0.480007 -2.1151 0 1.1018 0  1175 1331 1442 1557 1591 1492 1258 1150  1 1 0 0 0 0 7 20 17 11.44 
