%% logfile from robot Karla (10)
% Karla (10)
%  1    time 2.003 sec
%  2  3 Wheel velocity [m/s] left, right: 0.0157 0.0149
%  4  5  6  7 Pose x,y,h,tilt [m,m,rad,rad]: -0.00542184 -8.29923e-05 0.00259112 -0.0102989
%  8 .. 28 Edge sensor: left -1.322261 0, right 2.010937 0, values 577 821 932 937 896 817 761 603, white 1, used 1, LEDhigh=0, xb=0 xw=0 xbc=0 xwc=0 lvl=0 lvr=0       whitelevel=[884 1280 1410 1427 1392 1268 1229 999]       blacklevel=[119 163 174 182 180 171 150 124]
%  8  9 Get data time [us]: 100 +ctrl 450
2.006 0.0137 0.0133 -0.0054 -0.0001 0.002591 -0.010785 -1.3223 0 2.0109 0  576 810 933 940 926 814 763 624  1 1 0 0 0 0 0 0 0 100 450 
2.009 0.0125 0.0125 -0.0052 -0.0001 0.005182 -0.010956 -1.3223 0 2.0109 0  578 816 930 940 912 818 768 628  1 1 0 0 0 0 0 0 0 100 460 
2.012 0.0120 0.0125 -0.0050 -0.0001 0.002591 -0.010870 -1.3223 0 2.0109 0  573 806 930 935 909 820 758 617  1 1 0 0 0 0 0 0 0 100 450 
2.015 0.0120 0.0125 -0.0050 -0.0001 0.002591 -0.010723 -1.3223 0 2.0109 0  579 811 932 943 937 817 758 652  1 1 0 0 0 0 0 0 0 100 450 
2.018 0.0586 0.0510 -0.0046 -0.0001 0.002591 -0.010358 -1.3223 0 2.0109 0  580 848 932 940 943 819 783 632  1 1 0 0 0 0 0 0 0 100 460 
2.021 0.0586 0.0831 -0.0044 -0.0001 0.005182 -0.009785 -1.3223 0 2.0109 0  572 843 931 944 906 822 768 585  1 1 0 0 0 0 0 0 0 100 470 
2.024 0.0928 0.0831 -0.0042 -0.0001 0.002591 -0.009359 -1.3223 0 2.0109 0  576 856 929 942 910 822 771 579  1 1 0 0 0 0 0 0 0 100 450 
2.027 0.0711 0.0659 -0.0042 -0.0001 0.002591 -0.009628 -1.3223 0 2.0109 0  574 823 931 940 912 817 768 620  1 1 0 0 0 0 0 0 0 100 450 
2.030 0.0462 0.0442 -0.0042 -0.0001 0.002591 -0.010671 -1.3223 0 2.0109 0  572 823 925 938 915 818 766 609  1 1 0 0 0 0 0 0 0 100 450 
2.033 0.0341 0.0329 -0.0042 -0.0001 0.002591 -0.011958 -1.3223 0 2.0109 0  572 820 920 935 919 814 762 610  1 1 0 0 0 0 0 0 0 100 450 
2.036 0.0273 0.0265 -0.0042 -0.0001 0.002591 -0.013274 -1.3223 0 2.0109 0  572 814 920 931 908 812 757 610  1 1 0 0 0 0 0 0 0 100 460 
2.039 0.0225 0.0221 -0.0042 -0.0001 0.002591 -0.014432 -1.3223 0 2.0109 0  566 817 920 929 906 812 760 605  1 1 0 0 0 0 0 0 0 100 450 
2.042 0.0193 0.0189 -0.0042 -0.0001 0.002591 -0.015028 -1.3223 0 2.0109 0  568 808 917 927 905 804 762 606  1 1 0 0 0 0 0 0 0 100 450 
2.045 0.0169 0.0165 -0.0042 -0.0001 0.002591 -0.015466 -1.3223 0 2.0109 0  566 819 917 924 905 808 761 604  1 1 0 0 0 0 0 0 0 100 460 
2.048 0.0149 0.0145 -0.0042 -0.0001 0.002591 -0.015949 -1.3223 0 2.0109 0  534 788 898 923 906 817 766 615  1 1 0 0 0 0 0 0 0 100 450 
2.051 0.0133 0.0133 -0.0042 -0.0001 0.002591 -0.015981 -1.3223 0 2.0109 0  568 816 912 928 904 810 757 619  1 1 0 0 0 0 0 0 0 100 450 
2.054 0.0120 0.0120 -0.0042 -0.0001 0.002591 -0.016124 -1.3223 0 2.0109 0  568 811 913 925 919 805 757 602  1 1 0 0 0 0 0 0 0 100 450 
2.057 0.0112 0.0108 -0.0042 -0.0001 0.002591 -0.015867 -1.3223 0 2.0109 0  568 827 914 928 888 809 758 588  1 1 0 0 0 0 0 0 0 100 450 
2.060 0.0100 0.0100 -0.0042 -0.0001 0.002591 -0.015516 -1.3223 0 2.0109 0  564 814 916 925 905 808 761 603  1 1 0 0 0 0 0 0 0 100 450 
2.063 0.0096 0.0092 -0.0042 -0.0001 0.002591 -0.015266 -1.3223 0 2.0109 0  568 816 916 928 906 812 760 605  1 1 0 0 0 0 0 0 0 100 450 
2.066 0.0088 0.0088 -0.0042 -0.0001 0.002591 -0.015026 -1.3223 0 2.0109 0  567 817 914 924 906 811 759 615  1 1 0 0 0 0 0 0 0 100 450 
2.069 0.0080 0.0080 -0.0042 -0.0001 0.002591 -0.014775 -1.3223 0 2.0109 0  571 816 916 926 909 808 761 602  1 1 0 0 0 0 0 0 0 100 450 
2.072 0.0076 0.0076 -0.0042 -0.0001 0.002591 -0.014758 -1.3223 0 2.0109 0  569 811 917 931 914 808 762 603  1 1 0 0 0 0 0 0 0 100 440 
2.075 0.0072 0.0072 -0.0042 -0.0001 0.002591 -0.014833 -1.3223 0 2.0109 0  567 813 923 930 907 811 758 623  1 1 0 0 0 0 0 0 0 100 440 
2.078 0.0068 0.0068 -0.0042 -0.0001 0.002591 -0.014904 -1.3223 0 2.0109 0  573 810 930 931 896 799 765 592  1 1 0 0 0 0 0 0 0 100 450 
2.081 0.0064 0.0064 -0.0042 -0.0001 0.002591 -0.015059 -1.3223 0 2.0109 0  570 811 930 934 925 816 762 619  1 1 0 0 0 0 0 0 0 100 450 
2.084 -0.0064 0.0060 -0.0044 -0.0001 0.005182 -0.015149 -1.3223 0 2.0109 0  572 840 923 931 925 821 763 630  1 1 0 0 0 0 0 0 0 100 460 
2.087 -0.0064 -0.0060 -0.0046 -0.0001 0.002591 -0.015169 -1.3223 0 2.0109 0  563 813 916 929 896 809 763 590  1 1 0 0 0 0 0 0 0 100 460 
2.090 -0.0719 -0.0060 -0.0048 -0.0001 0.005182 -0.015094 -1.3223 0 2.0109 0  569 816 920 926 905 813 760 616  1 1 0 0 0 0 0 0 0 100 460 
2.093 -0.0719 -0.0811 -0.0050 -0.0001 0.002591 -0.014911 -1.3223 0 2.0109 0  575 815 951 932 906 815 765 584  1 1 0 0 0 0 0 0 0 100 450 
2.096 -0.0956 -0.1064 -0.0054 -0.0001 0.002591 -0.014751 -1.3223 0 2.0109 0  573 817 936 933 909 820 761 605  1 1 0 0 0 0 0 0 0 100 460 
2.099 -0.0707 -0.0948 -0.0054 -0.0001 0.002591 -0.014048 -1.3223 0 2.0109 0  573 815 915 934 910 818 760 619  1 1 0 0 0 0 0 0 0 100 460 
2.102 -0.0619 -0.0655 -0.0058 -0.0001 0.002591 -0.012446 -1.3223 0 2.0109 0  575 821 909 938 931 823 763 619  1 1 0 0 0 0 0 0 0 100 450 
2.105 -0.0619 -0.0655 -0.0058 -0.0001 0.002591 -0.010197 -1.3223 0 2.0109 0  574 825 929 939 916 815 770 614  1 1 0 0 0 0 0 0 0 100 460 
2.108 -0.0490 -0.0562 -0.0058 -0.0001 0.002591 -0.008228 -1.3223 0 2.0109 0  580 827 921 948 924 824 770 620  1 1 0 0 0 0 0 0 0 100 460 
2.111 -0.0357 -0.0398 -0.0058 -0.0001 0.002591 -0.006763 -1.3223 0 2.0109 0  585 837 945 951 925 825 776 627  1 1 0 0 0 0 0 0 0 100 440 
2.114 -0.0281 -0.0305 -0.0058 -0.0001 0.002591 -0.005009 -1.3223 0 2.0109 0  581 839 915 955 929 834 786 606  1 1 0 0 0 0 0 0 0 100 450 
2.117 -0.0233 -0.0249 -0.0058 -0.0001 0.002591 -0.003301 -1.3223 0 2.0109 0  588 848 951 961 954 857 784 650  1 1 0 0 0 0 0 0 0 100 440 
2.120 -0.0197 -0.0209 -0.0058 -0.0001 0.002591 -0.002101 -1.3223 0 2.0109 0  585 852 989 959 947 841 788 615  1 1 0 0 0 0 0 0 0 100 450 
2.123 -0.0173 -0.0181 -0.0058 -0.0001 0.002591 -0.000856 -1.3223 0 2.0109 0  586 858 969 965 959 835 787 643  1 1 0 0 0 0 0 0 0 100 460 
2.126 -0.0165 -0.0177 -0.0062 -0.0001 0.002591 0.000293 -1.3223 0 2.0109 0  600 859 935 969 946 821 790 632  1 1 0 0 0 0 0 0 0 100 450 
2.129 -0.1125 -0.0984 -0.0066 -0.0001 0.002591 0.001175 -1.3223 0 2.0109 0  600 854 975 972 943 805 792 616  1 1 0 0 0 0 0 0 0 100 450 
2.132 -0.1590 -0.1301 -0.0070 -0.0001 0.002591 0.002034 -1.3223 0 2.0109 0  596 863 975 971 946 846 792 623  1 1 0 0 0 0 0 0 0 100 450 
2.135 -0.1161 -0.1189 -0.0074 -0.0001 0.002591 0.002668 -1.3223 0 2.0109 0  603 861 961 979 944 837 793 635  1 1 0 0 0 0 0 0 0 100 450 
2.138 -0.0904 -0.0968 -0.0074 -0.0001 0.002591 0.004628 -1.3223 0 2.0109 0  606 865 966 982 956 855 800 641  1 1 0 0 0 0 0 0 0 100 470 
2.141 -0.0538 -0.0767 -0.0076 -0.0001 0.000000 0.007874 -1.3223 0 2.0109 0  615 878 989 989 959 864 805 647  1 1 0 0 0 0 0 0 0 100 420 
2.144 -0.0382 -0.0767 -0.0076 -0.0001 0.000000 0.010950 -1.3223 0 2.0109 0  618 883 990 993 969 856 811 650  1 1 0 0 0 0 0 0 0 100 420 
2.147 -0.0329 -0.0506 -0.0078 -0.0001 0.002591 0.013227 -1.3223 0 2.0109 0  624 889 1020 1006 977 853 814 659  1 1 0 0 0 0 0 0 0 100 450 
2.150 -0.0329 -0.0365 -0.0078 -0.0001 0.002591 0.015609 -1.3223 0 2.0109 0  616 891 990 1016 976 862 821 663  1 1 0 0 0 0 0 0 0 100 450 
2.153 -0.0329 -0.0285 -0.0078 -0.0001 0.002591 0.018454 -1.3223 0 2.0109 0  641 899 1007 1021 982 868 824 668  1 1 0 0 0 0 0 0 0 100 450 
2.156 -0.0462 -0.0245 -0.0082 -0.0001 0.002591 0.020917 -1.3223 0 2.0109 0  615 907 1012 1020 988 887 825 670  1 1 0 0 0 0 0 0 0 100 460 
2.159 -0.0462 -0.0245 -0.0082 -0.0001 0.002591 0.022881 -1.3223 0 2.0109 0  640 913 1021 1033 996 881 831 675  1 1 0 0 0 0 0 0 0 100 450 
2.162 -0.0771 -0.0623 -0.0086 -0.0001 0.002591 0.025182 -1.3223 0 2.0109 0  645 919 1035 1036 998 899 832 679  1 1 0 0 0 0 0 0 0 100 460 
2.165 -0.0803 -0.0623 -0.0088 -0.0001 0.005182 0.027308 -1.3223 0 2.0109 0  649 922 1023 1043 1007 905 835 682  1 1 0 0 0 0 0 0 0 100 460 
2.168 -0.0803 -0.0948 -0.0090 -0.0001 0.002591 0.029219 -1.3223 0 2.0109 0  665 932 1050 1055 1014 911 838 693  1 1 0 0 0 0 0 0 0 100 450 
2.171 -0.0687 -0.1205 -0.0094 -0.0001 0.002591 0.031147 -1.3223 0 2.0109 0  662 933 1062 1052 1013 888 846 689  1 1 0 0 0 0 0 0 0 100 450 
2.174 -0.1161 -0.1253 -0.0098 -0.0001 0.002591 0.032797 -1.3223 0 2.0109 0  663 936 1066 1057 1019 873 846 690  1 1 0 0 0 0 0 0 0 100 450 
2.177 -0.1161 -0.1261 -0.0100 -0.0001 0.000000 0.034325 -1.3223 0 2.0109 0  655 943 1054 1063 1022 867 853 693  1 1 0 0 0 0 0 0 0 100 430 
2.180 -0.1237 -0.1185 -0.0104 -0.0001 0.000000 0.036005 -1.3223 0 2.0109 0  660 949 1060 1067 1028 903 857 698  1 1 0 0 0 0 0 0 0 100 420 
2.183 -0.0815 -0.1133 -0.0108 -0.0001 0.000000 0.038483 -1.3223 0 2.0109 0  686 959 1055 1082 1040 920 860 708  1 1 0 0 0 0 0 0 0 100 430 
2.186 -0.0815 -0.1133 -0.0108 -0.0001 0.000000 0.041531 -1.3223 0 2.0109 0  686 968 1077 1088 1045 910 866 710  1 1 0 0 0 0 0 0 0 100 420 
2.189 -0.0574 -0.0872 -0.0110 -0.0001 -0.002591 0.044277 -1.3223 0 2.0109 0  674 968 1082 1092 1048 908 870 712  1 1 0 0 0 0 0 0 0 100 450 
2.192 -0.0490 -0.0819 -0.0112 -0.0001 0.000000 0.046600 -1.3223 0 2.0109 0  687 977 1095 1099 1053 928 878 718  1 1 0 0 0 0 0 0 0 100 420 
2.195 -0.0490 -0.0506 -0.0112 -0.0001 0.000000 0.049303 -1.3223 0 2.0109 0  705 983 1097 1075 1060 946 882 720  1 1 0 0 0 0 0 0 0 100 420 
2.198 -0.0739 -0.0365 -0.0114 -0.0001 0.002591 0.052119 -1.3223 0 2.0109 0  707 995 1110 1110 1069 948 888 724  1 1 0 0 0 0 0 0 0 100 450 
2.201 -0.0775 -0.0345 -0.0118 -0.0001 0.002591 0.054793 -1.3223 0 2.0109 0  690 1002 1108 1112 1075 948 892 729  1 1 0 0 0 0 0 0 0 100 460 
2.204 -0.0775 -0.0345 -0.0118 -0.0001 0.002591 0.057024 -1.3223 0 2.0109 0  708 1011 1116 1121 1076 931 899 731  1 1 0 0 0 0 0 0 0 100 450 
2.207 -0.0659 -0.0530 -0.0122 -0.0001 0.002591 0.059510 -1.3223 0 2.0109 0  704 1009 1141 1124 1085 976 902 740  1 1 0 0 0 0 0 0 0 100 470 
2.210 -0.0659 -0.0530 -0.0122 -0.0001 0.002591 0.061861 -1.3223 0 2.0109 0  724 1019 1147 1128 1089 918 912 738  1 1 0 0 0 0 0 0 0 100 450 
2.213 -0.0655 -0.0908 -0.0125 -0.0001 0.000000 0.064154 -1.3223 0 2.0109 0  689 1026 1139 1131 1097 956 912 744  1 1 0 0 0 0 0 0 0 100 420 
2.216 -0.0522 -0.1036 -0.0129 -0.0001 0.000000 0.066278 -1.3223 0 2.0109 0  716 1036 1150 1151 1102 962 923 745  1 1 0 0 0 0 0 0 0 100 420 
2.219 -0.0522 -0.0944 -0.0131 -0.0001 -0.002591 0.068349 -4.1800 0 0.2765 1  742 1035 1157 1161 1103 960 922 756  1 1 0 0 0 0 0 0 1 100 500 
2.222 -0.0851 -0.0944 -0.0133 -0.0001 0.000000 0.070468 -4.1800 0 0.3850 1  758 1043 1159 1145 1110 966 899 755  1 1 0 0 0 0 0 0 4 100 450 
2.225 -0.0932 -0.0639 -0.0135 -0.0001 0.002591 0.072552 -4.1800 0 0.2612 1  751 1055 1164 1163 1117 966 936 761  1 1 0 0 0 0 0 0 7 100 490 
2.228 -0.1064 -0.0606 -0.0139 -0.0001 0.002591 0.074535 -4.1800 0 -0.4515 1  753 1058 1172 1147 1119 996 935 761  1 1 0 0 0 0 0 0 10 100 500 
2.231 -0.1064 -0.0606 -0.0139 -0.0001 0.002591 0.076588 -4.1800 0 0.3992 1  761 1062 1184 1167 1130 1011 935 768  1 1 0 0 0 0 0 0 13 100 490 
2.234 -0.0779 -0.0462 -0.0141 -0.0001 0.005182 0.078885 -4.1800 0 -0.4868 1  766 1070 1185 1157 1130 1001 938 775  1 1 0 0 0 0 0 0 16 100 490 
2.237 -0.0779 -0.0406 -0.0143 -0.0001 0.002591 0.081078 -4.1800 0 0.0586 1  769 1083 1196 1184 1135 985 949 774  1 1 0 0 0 0 0 0 19 100 490 
2.240 -0.0659 -0.0406 -0.0145 -0.0001 0.005182 0.083127 -4.1800 0 0.2306 1  768 1089 1205 1196 1136 982 960 778  1 1 0 0 0 0 0 0 20 100 490 
2.243 -0.0659 -0.0542 -0.0147 -0.0001 0.002591 0.085213 -4.1800 0 0.5493 1  753 1092 1208 1180 1150 1000 953 784  1 1 0 0 0 0 0 0 20 100 500 
2.246 -0.0538 -0.0542 -0.0147 -0.0001 0.002591 0.087435 -4.1800 0 0.4049 1  761 1106 1216 1203 1152 1008 967 790  1 1 0 0 0 0 0 0 20 100 480 
2.249 -0.0386 -0.0542 -0.0147 -0.0001 0.002591 0.089780 -4.1800 0 0.3626 1  775 1108 1226 1216 1159 1011 969 792  1 1 0 0 0 0 0 0 20 100 490 
2.252 -0.0349 -0.0426 -0.0149 -0.0001 0.005182 0.092204 -4.1800 0 0.4126 1  775 1107 1237 1215 1165 1017 972 799  1 1 0 0 0 0 0 0 20 100 490 
2.255 -0.0349 -0.0321 -0.0149 -0.0001 0.005182 0.094703 -4.1800 0 0.3827 1  776 1118 1240 1224 1171 1024 986 800  1 1 0 0 0 0 0 0 20 100 480 
2.258 -0.0349 -0.0273 -0.0151 -0.0001 0.002591 0.097295 -4.1800 0 0.2822 1  781 1127 1249 1231 1173 1024 989 802  1 1 0 0 0 0 0 0 20 100 500 
2.261 -0.0349 -0.0273 -0.0151 -0.0001 0.002591 0.099728 -4.1800 0 0.2135 1  789 1134 1263 1241 1182 1033 996 809  1 1 0 0 0 0 0 0 20 100 490 
2.264 -0.0285 -0.0273 -0.0151 -0.0001 0.002591 0.102065 -4.1800 0 0.1515 1  780 1142 1271 1251 1185 1040 1003 814  1 1 0 0 0 0 0 0 20 100 500 
2.267 -0.0237 -0.0273 -0.0151 -0.0001 0.002591 0.104578 -4.1800 0 0.1560 1  790 1153 1280 1258 1192 1046 1005 818  1 1 0 0 0 0 0 0 20 100 490 
2.270 -0.0201 -0.0273 -0.0151 -0.0001 0.002591 0.106871 -4.1800 0 0.1248 1  801 1157 1292 1267 1201 1050 1013 826  1 1 0 0 0 0 0 0 20 100 490 
2.273 -0.0173 -0.0253 -0.0151 -0.0001 0.002591 0.108919 -4.1800 0 0.1248 0  808 1168 1297 1246 1204 1055 1018 826  1 1 0 0 0 0 3 0 14 100 450 
2.276 -0.0169 -0.0213 -0.0153 -0.0001 0.005182 0.110749 -4.1800 0 0.1248 0  807 1178 1303 1277 1216 1061 1022 833  1 1 0 0 0 0 6 0 8 100 450 
2.279 -0.0169 -0.0181 -0.0153 -0.0001 0.005182 0.112550 -4.1800 0 0.1248 0  814 1185 1307 1284 1218 1064 1031 835  1 1 0 0 0 0 9 0 2 100 450 
2.282 -0.0169 -0.0161 -0.0153 -0.0001 0.005182 0.114430 -4.1800 0 0.1248 0  825 1181 1315 1299 1225 1067 1030 844  1 1 0 0 0 0 12 0 0 100 450 
2.285 -0.0422 -0.0141 -0.0155 -0.0001 0.007773 0.116330 -4.1800 0 0.1248 0  827 1188 1325 1295 1227 1071 1022 838  1 1 0 0 0 0 15 0 0 100 460 
2.288 -0.0422 -0.0129 -0.0155 -0.0001 0.007773 0.118228 -4.1800 0 0.1248 0  824 1191 1331 1299 1235 1078 1039 851  1 1 0 0 0 0 18 0 0 100 460 
2.291 -0.0422 -0.0116 -0.0155 -0.0001 0.007773 0.120092 -4.1800 0 0.1248 0  833 1199 1335 1304 1239 1083 1043 857  1 1 0 0 1 0 20 0 0 100 450 
2.294 -0.0378 -0.0108 -0.0157 -0.0001 0.010364 0.121976 -4.1800 0 0.1248 0  835 1213 1347 1305 1243 1085 1050 855  1 1 0 0 1 0 20 0 0 100 460 
2.297 -0.0378 -0.0100 -0.0157 -0.0001 0.010364 0.123843 -4.1800 0 0.1248 0  841 1210 1352 1311 1252 1092 1065 858  1 1 0 0 1 0 20 0 0 100 450 
2.300 -0.0378 -0.0092 -0.0157 -0.0001 0.010364 0.125693 -4.1800 0 0.1248 0  843 1215 1358 1316 1256 1093 1066 863  1 1 0 0 1 0 20 0 0 100 450 
2.303 -0.0378 -0.0084 -0.0157 -0.0001 0.010364 0.127539 -4.1800 0 0.1248 0  843 1225 1363 1301 1262 1101 1051 865  1 1 0 0 1 0 20 0 0 100 450 
2.306 -0.0321 -0.0080 -0.0157 -0.0001 0.010364 0.129480 -4.1800 0 0.1248 0  851 1240 1368 1311 1266 1102 1044 866  1 1 0 0 1 0 20 0 0 100 450 
2.309 -0.0257 -0.0076 -0.0157 -0.0001 0.010364 0.131353 -4.1800 0 0.1248 0  854 1240 1375 1339 1278 1109 1077 870  1 1 0 0 1 0 20 0 0 100 450 
2.312 -0.0217 -0.0072 -0.0157 -0.0001 0.010364 0.132866 -4.1800 0 0.1248 0  852 1268 1378 1352 1278 1116 1074 878  1 1 0 0 1 0 20 0 0 100 440 
2.315 -0.0185 -0.0068 -0.0157 -0.0001 0.010364 0.134203 -4.1800 0 0.1248 0  886 1263 1386 1338 1287 1116 1048 875  1 1 0 0 1 0 20 0 0 100 450 
2.318 -0.0161 0.0064 -0.0155 -0.0001 0.012956 0.135652 -4.1800 0 0.1248 0  877 1276 1395 1335 1291 1122 1085 881  1 1 0 0 1 0 20 0 0 100 460 
2.321 -0.0145 0.0064 -0.0155 -0.0001 0.012956 0.137209 -4.1800 0 0.1248 0  884 1292 1402 1368 1294 1123 1077 880  1 1 0 0 1 0 20 0 0 100 450 
2.324 -0.0129 0.0064 -0.0155 -0.0001 0.012956 0.138900 -4.1800 0 0.1248 0  878 1306 1404 1377 1287 1126 1063 880  1 1 0 0 1 0 20 0 0 100 450 
2.327 -0.0116 0.0064 -0.0155 -0.0001 0.012956 0.140809 -4.1800 0 0.1248 0  873 1277 1410 1373 1313 1131 1104 891  1 1 0 0 1 0 20 0 0 100 450 
2.330 0.0112 0.0064 -0.0153 -0.0001 0.010364 0.142787 -4.1800 0 0.1248 0  883 1282 1422 1372 1318 1139 1105 887  1 1 0 0 1 0 20 0 0 100 460 
2.333 0.0112 0.0064 -0.0153 -0.0001 0.010364 0.144768 -4.1800 0 0.1248 0  882 1289 1430 1381 1320 1139 1094 901  1 1 0 0 1 0 20 0 0 100 460 
2.336 0.0112 0.0241 -0.0151 -0.0001 0.012956 0.146654 -4.1800 0 0.1248 0  888 1320 1437 1381 1324 1145 1113 908  1 1 0 0 1 0 20 0 0 100 450 
2.339 0.0112 0.0241 -0.0151 -0.0001 0.012956 0.148341 -4.1800 0 0.1248 0  896 1316 1435 1406 1333 1151 1116 917  1 1 0 0 1 0 20 0 0 100 450 
2.342 0.0112 0.0241 -0.0151 -0.0001 0.012956 0.149905 -4.1800 0 0.1248 0  920 1334 1443 1380 1347 1150 1097 916  1 1 0 0 1 0 20 0 0 100 450 
2.345 0.0297 0.0241 -0.0149 -0.0001 0.010364 0.151437 -4.1800 0 0.1248 0  902 1342 1450 1400 1361 1159 1115 912  1 1 0 0 1 0 20 0 0 100 450 
2.348 0.0297 0.0241 -0.0149 -0.0001 0.010364 0.152906 -4.1800 0 0.1248 0  884 1354 1458 1400 1342 1160 1102 917  1 1 0 0 1 0 20 0 0 100 450 
2.351 0.0494 0.0229 -0.0147 -0.0001 0.007773 0.154427 -4.1800 0 0.1248 0  932 1299 1460 1417 1354 1165 1113 921  1 1 0 0 1 0 20 0 0 100 460 
2.354 0.0494 0.0221 -0.0145 -0.0001 0.010364 0.155971 -4.1800 0 0.1248 0  941 1274 1466 1427 1337 1171 1114 909  1 1 0 0 1 0 20 0 0 100 450 
2.357 0.0494 0.0221 -0.0145 -0.0001 0.010364 0.157324 -4.1800 0 0.1248 0  920 1340 1460 1403 1326 1169 1118 892  1 1 0 0 1 0 20 0 0 100 450 
2.360 0.0590 0.0570 -0.0141 -0.0001 0.010364 0.158432 -4.1800 0 0.1248 0  933 1357 1462 1411 1338 1142 1113 924  1 1 0 0 1 0 20 0 0 100 450 
2.363 0.0590 0.0570 -0.0141 -0.0001 0.010364 0.159163 -4.1800 0 0.1248 0  929 1343 1469 1422 1377 1176 1143 940  1 1 0 0 1 0 20 0 0 100 450 
2.366 0.0667 0.0538 -0.0139 -0.0001 0.007773 0.159874 -4.1800 0 0.1248 0  927 1344 1480 1437 1357 1181 1147 904  1 1 0 0 1 0 20 0 0 100 450 
2.369 0.0787 0.0398 -0.0135 -0.0001 0.007773 0.160558 -4.1800 0 0.1248 0  929 1326 1470 1432 1379 1179 1152 934  1 1 0 0 1 0 20 0 0 100 460 
2.372 0.0787 0.0398 -0.0135 -0.0001 0.007773 0.161400 -4.1800 0 0.1248 0  936 1386 1486 1425 1414 1192 1136 937  1 1 0 0 1 0 20 0 0 100 450 
2.375 0.0787 0.0779 -0.0131 -0.0001 0.007773 0.162427 -4.1800 0 0.1248 0  940 1401 1484 1434 1343 1190 1129 901  1 1 0 0 1 0 20 0 0 100 450 
2.378 0.1004 0.0779 -0.0129 -0.0001 0.005182 0.163431 -4.1800 0 0.1248 0  945 1368 1488 1438 1380 1192 1134 928  1 1 0 0 1 0 20 0 0 100 470 
2.381 0.1004 0.0884 -0.0127 -0.0001 0.007773 0.164259 -4.1800 0 0.1248 0  941 1352 1493 1452 1385 1196 1154 944  1 1 0 0 1 0 20 0 0 100 450 
2.384 0.0992 0.0916 -0.0122 -0.0001 0.007773 0.164876 -4.1800 0 0.1248 0  941 1382 1496 1455 1378 1191 1152 924  1 1 0 0 1 0 20 0 0 100 450 
2.387 0.1265 0.0984 -0.0118 -0.0001 0.007773 0.165580 -4.1800 0 0.1248 0  945 1379 1504 1457 1391 1194 1131 930  1 1 0 0 1 0 20 0 0 100 460 
2.390 0.1257 0.0984 -0.0116 -0.0001 0.005182 0.166293 -4.1800 0 0.1248 0  949 1361 1502 1465 1400 1202 1137 947  1 1 0 0 1 0 20 0 0 100 460 
2.393 0.1530 0.1173 -0.0112 -0.0001 0.005182 0.166793 -4.1800 0 0.1248 0  948 1347 1505 1448 1395 1200 1139 967  1 1 0 0 1 0 20 0 0 100 460 
2.396 0.1679 0.1197 -0.0106 -0.0001 0.002591 0.166799 -4.1800 0 0.1248 0  940 1368 1504 1444 1418 1207 1180 1003  1 1 0 0 1 0 20 0 0 100 460 
2.399 0.1329 0.1201 -0.0102 -0.0001 0.002591 0.166495 -4.1800 0 0.1248 0  942 1428 1507 1458 1410 1208 1150 943  1 1 0 0 1 0 20 0 0 100 460 
2.402 0.1470 0.1157 -0.0098 -0.0001 0.002591 0.165965 -4.1800 0 0.1248 0  939 1405 1506 1454 1389 1203 1165 931  1 1 0 0 1 0 20 0 0 100 460 
2.405 0.1526 0.1213 -0.0094 -0.0001 0.002591 0.165409 -4.1800 0 0.1248 0  935 1382 1481 1458 1379 1211 1131 922  1 1 0 0 1 0 20 0 0 100 460 
2.408 0.1562 0.1269 -0.0090 -0.0001 0.002591 0.164972 -4.1800 0 0.1248 0  934 1373 1509 1448 1378 1210 1127 916  1 1 0 0 1 0 20 0 0 100 450 
2.411 0.1398 0.1574 -0.0086 -0.0001 0.002591 0.165096 -4.1800 0 0.1248 0  932 1382 1508 1447 1389 1213 1145 919  1 1 0 0 1 0 20 0 0 100 450 
2.414 0.2478 0.2181 -0.0078 -0.0001 0.002591 0.165494 -4.1800 0 0.1248 0  929 1376 1515 1445 1390 1223 1143 933  1 1 0 0 1 0 20 0 0 100 460 
2.417 0.1847 0.2217 -0.0070 -0.0001 0.002591 0.165547 -4.1800 0 0.1248 0  928 1392 1499 1442 1346 1213 1162 929  1 1 0 0 1 0 20 0 0 100 470 
2.420 0.2217 0.1988 -0.0066 -0.0001 0.002591 0.165122 -4.1800 0 0.1248 0  970 1408 1507 1418 1364 1188 1117 919  1 1 0 0 1 0 20 0 0 100 450 
2.423 0.2080 0.1731 -0.0060 -0.0001 0.000000 0.164092 -4.1800 0 0.1248 0  924 1358 1496 1440 1433 1220 1154 917  1 1 0 0 1 0 20 0 0 100 460 
2.426 0.1486 0.1382 -0.0056 -0.0001 0.000000 0.162532 -4.1800 0 0.1248 0  933 1366 1527 1451 1371 1236 1151 869  1 1 0 0 1 0 20 0 0 100 420 
2.429 0.1868 0.1366 -0.0052 -0.0001 0.000000 0.160772 -4.1800 0 0.1248 0  920 1353 1512 1438 1367 1228 1151 893  1 1 0 0 1 0 20 0 0 100 420 
2.432 0.2241 0.2241 -0.0044 -0.0001 0.000000 0.159201 -4.1800 0 0.1248 0  913 1381 1508 1434 1357 1239 1146 901  1 1 0 0 1 0 20 0 0 100 420 
2.435 0.2321 0.2695 -0.0036 -0.0001 0.000000 0.158104 -4.1800 0 0.1248 0  913 1377 1502 1427 1356 1241 1143 890  1 1 0 0 1 0 20 0 0 100 430 
2.438 0.2446 0.2607 -0.0028 -0.0001 0.000000 0.157361 -4.1800 0 0.1248 0  908 1353 1498 1433 1376 1248 1145 887  1 1 0 0 1 0 20 0 0 100 430 
2.441 0.2113 0.2241 -0.0022 -0.0001 0.002591 0.156646 -4.1800 0 0.1248 0  908 1332 1492 1449 1370 1242 1134 896  1 1 0 0 1 0 20 0 0 100 460 
2.444 0.3040 0.2056 -0.0014 -0.0001 -0.002591 0.155495 -4.1800 0 0.1248 0  902 1348 1482 1433 1384 1240 1140 911  1 1 0 0 1 0 20 0 0 100 460 
2.447 0.2972 0.2305 -0.0006 -0.0001 -0.002591 0.154169 -4.1800 0 0.1248 0  904 1327 1511 1435 1369 1251 1142 900  1 1 0 0 1 0 20 0 0 100 460 
2.450 0.2952 0.2747 0.0002 -0.0001 -0.002591 0.152530 -4.1800 0 0.1248 0  891 1329 1454 1424 1376 1216 1140 878  1 1 0 0 1 0 20 0 0 100 450 
2.453 0.2478 0.2787 0.0010 -0.0001 -0.002591 0.150488 -4.1800 0 0.1248 0  883 1319 1464 1417 1365 1257 1141 875  1 1 0 0 1 0 20 0 0 100 460 
2.456 0.2675 0.2462 0.0018 -0.0001 -0.002591 0.148445 -4.1800 0 0.1248 0  891 1290 1459 1412 1377 1249 1143 896  1 1 0 0 1 0 20 0 0 100 460 
2.459 0.2056 0.2362 0.0024 -0.0001 0.000000 0.146264 -4.1800 0 0.1248 0  879 1303 1410 1409 1382 1229 1144 908  1 1 0 0 1 0 20 0 0 100 460 
2.462 0.2538 0.2848 0.0032 -0.0001 0.000000 0.143884 -4.1800 0 0.1248 0  877 1285 1433 1397 1351 1213 1120 872  1 1 0 0 1 0 20 0 0 100 460 
2.465 0.2695 0.2574 0.0040 -0.0001 0.000000 0.141513 -4.1800 0 0.1248 0  872 1282 1397 1390 1347 1192 1149 891  1 1 0 0 1 0 20 0 0 100 460 
2.468 0.3161 0.2952 0.0050 -0.0001 -0.002591 0.139558 -4.1800 0 0.1248 0  858 1256 1389 1390 1342 1210 1151 894  1 1 0 0 1 0 20 0 0 100 460 
2.471 0.3237 0.2711 0.0058 -0.0001 -0.002591 0.137860 -4.1800 0 0.1248 0  854 1259 1421 1381 1338 1242 1156 899  1 1 0 0 1 0 20 0 0 100 460 
2.474 0.3346 0.2807 0.0066 -0.0001 -0.002591 0.136201 -4.1800 0 0.1248 0  848 1249 1406 1380 1334 1178 1162 892  1 1 0 0 1 0 20 0 0 100 460 
2.477 0.3088 0.3040 0.0076 -0.0001 -0.005182 0.134038 -4.1800 0 0.1248 0  843 1248 1393 1378 1359 1204 1167 917  1 1 0 0 1 0 20 0 0 100 460 
2.480 0.2607 0.2908 0.0086 -0.0001 -0.002591 0.131635 -4.1800 0 0.1248 0  834 1232 1344 1366 1327 1204 1171 897  1 1 0 0 1 0 20 0 0 100 460 
2.483 0.3088 0.3016 0.0094 -0.0001 -0.002591 0.129214 -4.1800 0 0.1248 0  834 1203 1384 1369 1337 1242 1181 941  1 1 0 0 1 0 20 0 0 100 460 
2.486 0.2241 0.3064 0.0102 -0.0001 -0.002591 0.126597 -4.1800 0 0.1248 0  833 1217 1377 1364 1341 1234 1190 912  1 1 0 0 1 0 20 0 0 100 460 
2.489 0.3289 0.3113 0.0110 -0.0001 -0.002591 0.123670 -4.1800 0 0.1248 0  828 1188 1365 1358 1329 1231 1194 900  1 1 0 0 1 0 20 0 0 100 450 
2.492 0.2522 0.3185 0.0120 -0.0001 0.000000 0.121114 -4.1800 0 0.1248 0  832 1201 1357 1351 1329 1251 1194 932  1 1 0 0 1 0 20 0 0 100 430 
2.495 0.3490 0.3161 0.0131 -0.0001 -0.002591 0.119242 -4.1800 0 0.1248 0  818 1197 1350 1342 1330 1252 1197 926  1 1 0 0 1 0 20 0 0 100 460 
2.498 0.3374 0.3402 0.0141 -0.0001 0.000000 0.117041 -4.1800 0 0.1248 0  819 1200 1327 1334 1332 1217 1197 927  1 1 0 0 1 0 20 0 0 100 430 
2.501 0.3787 0.3402 0.0151 -0.0001 -0.002591 0.114590 -4.1800 0 0.1248 0  825 1181 1335 1327 1303 1197 1201 947  1 1 0 0 1 0 20 0 0 100 450 
2.504 0.3490 0.3237 0.0159 -0.0001 -0.002591 0.112049 -4.1800 0 0.1248 0  785 1183 1325 1323 1307 1215 1194 939  1 1 0 0 1 0 20 0 0 100 460 
2.507 0.3064 0.3402 0.0171 -0.0001 -0.002591 0.109459 -4.1800 0 0.1248 0  785 1177 1310 1315 1316 1237 1192 931  1 1 0 0 1 0 20 0 0 100 460 
2.510 0.3137 0.3317 0.0181 -0.0001 0.000000 0.106569 -4.1800 0 0.1248 0  810 1171 1328 1313 1311 1211 1183 934  1 1 0 0 1 0 20 0 0 100 430 
2.513 0.3113 0.3402 0.0189 -0.0001 0.000000 0.103482 -4.1800 0 0.1248 0  810 1166 1298 1301 1301 1215 1177 958  1 1 0 0 1 0 20 0 0 100 420 
2.516 0.2695 0.3490 0.0201 -0.0001 0.000000 0.100695 -4.1800 0 0.1248 0  800 1162 1258 1302 1298 1199 1171 924  1 1 0 0 1 0 20 0 0 100 430 
2.519 0.3787 0.3346 0.0209 -0.0001 0.000000 0.098546 -4.1800 0 0.1248 0  810 1144 1280 1295 1290 1233 1164 928  1 1 0 0 1 0 20 0 0 100 460 
2.522 0.3787 0.3490 0.0221 -0.0001 0.000000 0.096762 -4.1800 0 0.1248 0  804 1142 1278 1287 1285 1230 1167 925  1 1 0 0 1 0 20 0 0 100 430 
2.525 0.3715 0.3402 0.0231 -0.0001 -0.002591 0.094378 -4.1800 0 0.1248 0  798 1135 1284 1277 1272 1153 1157 926  1 1 0 0 1 0 20 0 0 100 460 
2.528 0.3615 0.3683 0.0243 -0.0001 -0.002591 0.091876 -4.1800 0 0.1248 0  803 1132 1260 1274 1269 1169 1156 912  1 1 0 0 1 0 20 0 0 100 460 
2.531 0.3374 0.3462 0.0251 -0.0001 -0.002591 0.089071 -4.1800 0 0.1248 0  778 1130 1256 1267 1254 1161 1155 903  1 1 0 0 1 0 20 0 0 100 460 
2.534 0.3317 0.3462 0.0261 -0.0001 0.000000 0.085869 -4.1800 0 0.1248 0  789 1121 1234 1249 1244 1178 1143 911  1 1 0 0 1 0 20 0 0 100 460 
2.537 0.3317 0.3317 0.0271 -0.0001 -0.002591 0.082541 -4.1800 0 0.1248 0  795 1110 1236 1239 1235 1156 1133 913  1 1 0 0 1 0 20 0 0 100 460 
2.540 0.2952 0.3374 0.0281 -0.0001 0.000000 0.079781 -4.1800 0 0.1248 0  780 1110 1221 1229 1218 1161 1126 899  1 1 0 0 1 0 20 0 0 100 430 
2.543 0.3683 0.3374 0.0291 -0.0001 -0.002591 0.077635 -4.1800 0 0.1248 0  776 1108 1215 1224 1208 1129 1121 897  1 1 0 0 1 0 20 0 0 100 460 
2.546 0.3615 0.3490 0.0301 -0.0001 0.000000 0.075364 -4.1800 0 0.1248 0  783 1096 1215 1220 1201 1136 1111 897  1 1 0 0 1 0 20 0 0 100 430 
2.549 0.3064 0.3751 0.0313 -0.0001 0.000000 0.073133 -4.1800 0 0.1248 0  773 1097 1212 1196 1189 1157 1112 894  1 1 0 0 1 0 20 0 0 100 430 
2.552 0.3976 0.3683 0.0323 -0.0001 -0.002591 0.071299 -4.1800 0 4.1800 0  767 1090 1218 1172 1182 1121 1107 889  1 1 0 0 1 0 18 0 0 100 480 
2.555 0.3550 0.3550 0.0335 -0.0001 -0.002591 0.069718 -4.1800 0 4.1800 0  741 1087 1193 1196 1174 1090 1101 894  1 1 0 0 1 0 20 0 0 100 460 
2.558 0.3896 0.3430 0.0345 -0.0001 0.000000 0.067069 -4.1800 0 4.1800 0  754 1085 1204 1187 1161 1118 1095 886  1 1 0 0 1 0 20 0 0 100 460 
2.561 0.3615 0.3346 0.0355 -0.0001 -0.002591 0.064373 -1.9311 1 4.1800 0  701 1076 1181 1176 1156 1093 1088 881  1 1 0 0 1 0 19 1 0 100 500 
2.564 0.3615 0.3550 0.0367 -0.0001 -0.002591 0.061618 1.3594 1 4.1800 0  742 1073 1160 1179 1152 1069 1077 879  1 1 0 0 1 0 16 4 0 100 500 
2.567 0.2868 0.3462 0.0376 -0.0001 -0.002591 0.059253 1.2524 1 4.1800 0  739 1061 1172 1159 1137 1066 1078 871  1 1 0 0 1 0 13 7 0 100 510 
2.570 0.3787 0.3751 0.0388 -0.0001 -0.002591 0.057387 1.4542 1 4.1800 0  726 1051 1171 1159 1132 1046 1067 871  1 1 0 0 1 0 10 10 0 100 500 
2.573 0.3936 0.3715 0.0400 -0.0001 -0.002591 0.055551 0.8899 1 4.1800 0  692 1042 1155 1156 1127 1059 1041 869  1 1 0 0 1 0 7 13 0 100 500 
2.576 0.2928 0.3265 0.0410 -0.0001 0.000000 0.053535 -4.1800 0 4.1800 0  743 1026 1141 1154 1121 1050 1048 867  1 1 0 0 1 0 1 7 0 100 440 
2.579 0.3715 0.3651 0.0420 -0.0001 -0.002591 0.051624 0.9861 1 4.1800 0  697 1025 1138 1142 1115 1059 1044 866  1 1 0 0 0 0 0 10 0 100 490 
2.582 0.3582 0.3522 0.0430 -0.0001 0.000000 0.049233 0.9774 1 4.1800 0  689 1010 1128 1140 1109 1049 1048 860  1 1 0 0 0 0 0 13 0 100 500 
2.585 0.3161 0.3430 0.0440 -0.0001 -0.002591 0.046722 0.7183 1 4.1800 0  683 999 1135 1141 1107 1063 1040 855  1 1 0 0 0 0 0 16 0 100 500 
2.588 0.3289 0.3346 0.0450 -0.0001 0.000000 0.044680 1.2787 1 4.1800 0  697 986 1133 1134 1100 1023 1027 850  1 1 0 0 0 0 0 19 0 100 500 
2.591 0.3615 0.3550 0.0462 -0.0001 0.000000 0.042693 1.2624 1 4.1800 0  680 985 1111 1118 1096 1021 1027 851  1 1 0 0 0 0 0 20 0 100 470 
2.594 0.3088 0.3550 0.0472 -0.0001 -0.002591 0.040661 1.2272 1 4.1800 0  683 977 1114 1114 1092 1016 1033 844  1 1 0 0 0 0 0 20 0 100 510 
2.597 0.3751 0.3462 0.0482 -0.0001 0.000000 0.038875 0.9388 1 4.1800 0  677 967 1105 1107 1087 1027 1039 836  1 1 0 0 0 0 0 20 0 100 470 
2.600 0.3430 0.3582 0.0494 -0.0001 0.000000 0.037244 -1.2371 1 4.1800 0  669 959 1124 1134 1080 1037 986 836  1 1 0 0 0 0 0 20 0 100 460 
2.603 0.3582 0.3615 0.0502 -0.0001 0.000000 0.035329 0.9746 1 4.1800 0  671 953 1099 1110 1082 1003 998 827  1 1 0 0 0 0 0 20 0 100 500 
2.606 0.3787 0.3430 0.0514 -0.0001 0.000000 0.033437 -1.1456 1 4.1800 0  632 944 1086 1099 1075 997 996 824  1 1 0 0 0 0 0 20 0 100 450 
2.609 0.2767 0.3550 0.0524 -0.0001 0.002591 0.031766 -1.1715 1 4.1800 0  623 942 1078 1119 1071 990 1000 825  1 1 0 0 0 0 0 20 0 100 500 
2.612 0.3683 0.3490 0.0534 -0.0001 0.000000 0.030549 -1.1715 0 4.1800 0  651 940 1073 1091 1071 991 984 821  1 1 0 0 0 0 0 14 0 100 430 
2.615 0.3651 0.3289 0.0546 -0.0001 0.000000 0.028959 -1.1715 0 4.1800 0  621 928 1067 1088 1065 987 962 817  1 1 0 0 0 0 0 8 0 100 430 
2.618 0.3016 0.3582 0.0554 -0.0001 0.000000 0.027707 -1.1715 0 4.1800 0  642 919 1066 1095 1059 979 984 822  1 1 0 0 0 0 0 2 0 100 430 
2.621 0.3490 0.3522 0.0566 -0.0001 0.000000 0.026286 1.1556 1 4.1800 0  646 914 1055 1070 1061 979 987 816  1 1 0 0 0 0 0 1 0 100 460 
2.624 0.3346 0.3522 0.0574 -0.0001 0.000000 0.024615 1.1556 0 4.1800 0  655 915 1056 1074 1058 990 970 820  1 1 0 0 0 0 0 0 0 100 450 
2.627 0.2675 0.3490 0.0586 -0.0001 0.000000 0.023045 1.1556 0 4.1800 0  664 911 1047 1054 1055 970 930 811  1 1 0 0 0 0 0 0 0 100 430 
2.630 0.3936 0.3289 0.0594 -0.0001 0.000000 0.021781 1.1556 0 4.1800 0  653 888 1039 1059 1054 967 968 815  1 1 0 0 0 0 0 0 0 100 460 
2.633 0.3430 0.3346 0.0606 -0.0001 0.000000 0.020583 1.1556 0 4.1800 0  623 902 1037 1067 1048 968 957 820  1 1 0 0 0 0 0 0 0 100 430 
2.636 0.3550 0.3374 0.0614 -0.0001 0.000000 0.019377 1.1556 0 4.1800 0  626 893 1027 1055 1045 963 955 818  1 1 0 0 0 0 0 0 0 100 470 
2.639 0.3185 0.3490 0.0627 -0.0001 0.000000 0.018335 1.1556 0 4.1800 0  606 909 1028 1078 1050 963 985 816  1 1 0 0 0 0 0 0 0 100 430 
2.642 0.3088 0.3213 0.0635 -0.0001 0.000000 0.017549 1.1556 0 4.1800 0  654 905 1020 1036 1045 962 927 819  1 1 0 0 0 0 0 0 0 100 460 
2.645 0.3430 0.3402 0.0647 -0.0001 0.000000 0.016858 2.0051 0 4.1800 0  648 892 1017 1048 1042 958 976 824  1 1 0 0 0 0 0 0 0 100 430 
2.648 0.3289 0.3289 0.0655 -0.0001 0.000000 0.016084 1.5208 1 4.1800 0  633 899 997 1010 1003 935 975 826  1 1 0 0 0 0 0 3 0 100 500 
2.651 0.3402 0.3265 0.0665 -0.0001 0.002591 0.015213 1.5857 1 4.1800 0  633 886 1010 1065 1035 958 945 833  1 1 0 0 0 0 0 6 0 100 500 
2.654 0.3550 0.3213 0.0675 -0.0001 0.000000 0.014827 1.9753 1 4.1800 0  630 892 1012 1042 1028 958 931 840  1 1 0 0 0 0 0 9 0 100 470 
2.657 0.2731 0.3161 0.0685 -0.0001 0.002591 0.014567 1.3431 1 4.1800 0  624 895 1006 1048 1038 959 1002 841  1 1 0 0 0 0 0 12 0 100 500 
2.660 0.3522 0.3113 0.0695 -0.0001 0.000000 0.014065 1.2654 1 4.1800 0  639 874 1006 1031 1036 962 977 844  1 1 0 0 0 0 0 15 0 100 470 
2.663 0.3374 0.3265 0.0703 -0.0001 0.000000 0.013983 1.3230 1 4.1800 0  620 896 1001 1030 1040 970 1001 851  1 1 0 0 0 0 0 18 0 100 470 
2.666 0.2639 0.3346 0.0713 -0.0001 0.002591 0.013726 1.4387 1 4.1800 0  637 880 998 1033 1036 958 984 856  1 1 0 0 0 0 0 20 0 100 490 
2.669 0.2996 0.3088 0.0723 -0.0001 0.000000 0.012988 1.2941 1 4.1800 0  621 854 995 1021 1037 966 996 865  1 1 0 0 0 0 0 20 0 100 470 
2.672 0.3462 0.3064 0.0731 -0.0001 0.000000 0.012375 1.3643 1 4.1800 0  617 870 988 1010 1027 970 999 875  1 1 0 0 0 0 0 20 0 100 500 
2.675 0.3265 0.3113 0.0743 -0.0001 0.000000 0.012003 1.3750 1 4.1800 0  612 917 992 1029 1033 976 1013 880  1 1 0 0 0 0 0 20 0 100 470 
2.678 0.3137 0.3064 0.0751 -0.0001 0.000000 0.011730 1.4762 1 4.1800 0  620 896 995 1029 1030 986 1017 895  1 1 0 0 0 0 0 20 0 100 470 
2.681 0.3265 0.2996 0.0759 -0.0001 0.000000 0.011376 1.4519 1 4.1800 0  618 893 997 1028 1039 984 1038 915  1 1 0 0 0 0 0 20 0 100 470 
2.684 0.3651 0.3113 0.0769 -0.0001 -0.002591 0.011231 1.2290 1 4.1800 0  620 895 1002 1030 1000 998 1078 892  1 1 0 0 0 0 0 20 0 100 500 
2.687 0.2522 0.3346 0.0779 -0.0001 0.000000 0.011279 1.2885 1 4.1800 0  607 899 1000 1028 1045 1007 1097 937  1 1 0 0 0 0 0 20 0 100 470 
2.690 0.3715 0.3113 0.0787 -0.0001 0.000000 0.011496 1.3644 1 4.1800 0  610 919 1010 1045 1042 1010 1080 951  1 1 0 0 0 0 0 20 0 100 500 
2.693 0.2538 0.2767 0.0795 -0.0001 0.000000 0.011569 1.2916 1 4.1800 0  625 882 1020 1049 1024 1024 1112 962  1 1 0 0 0 0 0 20 0 100 460 
2.696 0.3161 0.2972 0.0807 -0.0001 0.000000 0.011504 1.2795 1 4.1800 0  616 895 1023 1027 1050 1033 1130 980  1 1 0 0 0 0 0 20 0 100 460 
2.699 0.3016 0.2952 0.0815 -0.0001 0.000000 0.011236 1.3329 1 4.1800 0  620 904 1028 1031 1069 1041 1113 990  1 1 0 0 0 0 0 20 0 100 470 
2.702 0.3113 0.2928 0.0823 -0.0001 0.000000 0.011088 1.2901 1 4.1800 0  620 959 1034 1062 1020 1048 1125 988  1 1 0 0 0 0 0 20 0 100 470 
2.705 0.3113 0.2868 0.0831 -0.0001 0.000000 0.011392 1.2778 1 4.1800 0  625 897 1039 1047 1037 1053 1150 995  1 1 0 0 0 0 0 20 0 100 500 
2.708 0.2787 0.2952 0.0841 -0.0001 -0.002591 0.011583 1.2295 1 4.1800 0  628 894 1050 1050 1064 1059 1186 1015  1 1 0 0 0 0 0 20 0 100 510 
2.711 0.3064 0.3016 0.0849 -0.0001 -0.002591 0.011939 1.2015 1 4.1800 0  619 906 1057 1053 1043 1067 1165 1029  1 1 0 0 0 0 0 20 0 100 500 
2.714 0.2623 0.2996 0.0859 -0.0001 0.000000 0.012364 1.1503 1 4.1800 0  627 897 1060 1060 1068 1078 1182 1030  1 1 0 0 0 0 0 20 0 100 470 
2.717 0.3185 0.2787 0.0868 -0.0001 0.000000 0.012875 1.1803 1 4.1800 0  637 937 1064 1061 1063 1082 1211 1036  1 1 0 0 0 0 0 20 0 100 500 
2.720 0.2321 0.2787 0.0876 -0.0001 0.000000 0.013123 1.1470 1 4.1800 0  633 912 1069 1076 1080 1086 1188 1056  1 1 0 0 0 0 0 20 0 100 500 
2.723 0.2996 0.2711 0.0886 -0.0001 -0.002591 0.013142 1.0809 1 4.1800 0  635 940 1076 1068 1096 1097 1218 1069  1 1 0 0 0 0 0 20 0 100 500 
2.726 0.2952 0.2928 0.0894 -0.0001 -0.002591 0.013224 1.0141 1 4.1800 0  642 936 1079 1070 1114 1110 1232 1078  1 1 0 0 0 0 0 20 0 100 500 
2.729 0.3113 0.2731 0.0902 -0.0001 -0.002591 0.013841 0.9865 1 4.1800 0  645 970 1082 1075 1092 1122 1244 1060  1 1 0 0 0 0 0 20 0 100 500 
2.732 0.2972 0.2868 0.0910 -0.0001 -0.002591 0.014528 0.9843 1 4.1800 0  643 941 1085 1081 1069 1126 1257 1084  1 1 0 0 0 0 0 20 0 100 490 
2.735 0.3185 0.2952 0.0920 -0.0001 0.000000 0.015339 0.9026 1 4.1800 0  643 938 1095 1083 1097 1138 1273 1084  1 1 0 0 0 0 0 20 0 100 470 
2.738 0.3213 0.2996 0.0930 -0.0001 -0.002591 0.016014 0.8705 1 4.1800 0  655 936 1091 1093 1111 1146 1289 1093  1 1 0 0 0 0 0 20 0 100 500 
2.741 0.2623 0.2807 0.0938 -0.0001 -0.002591 0.017065 0.8116 1 4.1800 0  658 943 1105 1095 1117 1166 1301 1093  1 1 0 0 0 0 0 20 0 100 500 
2.744 0.3064 0.2807 0.0946 -0.0001 -0.002591 0.018001 0.7921 1 4.1800 0  664 962 1097 1102 1133 1175 1316 1120  1 1 0 0 0 0 0 20 0 100 500 
2.747 0.2293 0.2807 0.0954 -0.0001 -0.002591 0.018428 0.6957 1 4.1800 0  663 975 1104 1109 1153 1191 1332 1146  1 1 0 0 0 0 0 20 0 100 480 
2.750 0.3213 0.2848 0.0962 -0.0001 -0.002591 0.018555 0.5910 1 4.1800 0  663 960 1106 1117 1173 1213 1344 1129  1 1 0 0 0 0 0 20 0 100 490 
2.753 0.2217 0.2767 0.0970 -0.0001 -0.002591 0.019029 0.6743 1 4.1800 0  667 985 1104 1125 1138 1230 1352 1092  1 1 0 0 0 0 0 20 0 100 490 
2.756 0.3088 0.2659 0.0980 -0.0002 -0.005182 0.020006 0.4900 1 4.1800 0  670 961 1106 1132 1193 1250 1362 1146  1 1 0 0 0 0 0 20 0 100 500 
2.759 0.3016 0.2731 0.0988 -0.0002 -0.005182 0.020674 0.3788 1 4.1800 0  678 959 1109 1148 1218 1266 1376 1143  1 1 0 0 0 0 0 20 0 100 500 
2.762 0.3185 0.2908 0.0996 -0.0002 -0.005182 0.021342 0.2987 1 4.1800 0  679 971 1113 1155 1236 1284 1385 1145  1 1 0 0 0 0 0 20 0 100 470 
2.765 0.3137 0.2868 0.1004 -0.0002 -0.005182 0.022209 0.3571 1 4.1800 0  691 996 1113 1167 1241 1301 1393 1122  1 1 0 0 0 0 0 20 0 100 500 
2.768 0.2908 0.2607 0.1014 -0.0002 -0.007773 0.023505 0.1664 1 4.1800 0  692 993 1127 1189 1266 1313 1399 1149  1 1 0 0 0 0 0 20 0 100 500 
2.771 0.2972 0.2731 0.1022 -0.0002 -0.007773 0.024590 0.2184 1 4.1800 0  688 1001 1118 1179 1260 1327 1393 1124  1 1 0 0 0 0 0 20 0 100 500 
2.774 0.2787 0.2787 0.1032 -0.0002 -0.005182 0.025766 0.0205 1 4.1800 0  691 993 1128 1193 1301 1344 1403 1193  1 1 0 0 0 0 0 20 0 100 490 
2.777 0.2972 0.2908 0.1040 -0.0002 -0.005182 0.026419 -0.1284 1 4.1800 0  699 977 1113 1200 1342 1351 1398 1150  1 1 0 0 0 0 0 20 0 100 500 
2.780 0.2590 0.2554 0.1048 -0.0002 -0.005182 0.027033 -0.0290 1 4.1800 0  706 997 1142 1208 1308 1360 1398 1105  1 1 0 0 0 0 0 20 0 100 500 
2.783 0.3185 0.2807 0.1058 -0.0002 -0.007773 0.027978 -0.0563 1 4.1800 0  706 1004 1147 1217 1316 1367 1400 1158  1 1 0 0 0 0 0 20 0 100 490 
2.786 0.3064 0.2868 0.1066 -0.0002 -0.007773 0.028967 -0.1063 1 4.1800 0  707 1019 1147 1228 1343 1382 1402 1092  1 1 0 0 0 0 0 20 0 100 500 
2.789 0.3289 0.2888 0.1074 -0.0002 -0.007773 0.029549 -0.1272 1 4.1800 0  716 1023 1147 1238 1342 1382 1398 1152  1 1 0 0 0 0 0 20 0 100 500 
2.792 0.3751 0.2711 0.1084 -0.0002 -0.010364 0.030565 -0.1951 1 4.1800 0  716 1019 1156 1247 1355 1397 1396 1122  1 1 0 0 0 0 0 20 0 100 490 
2.795 0.2321 0.2972 0.1092 -0.0002 -0.010364 0.031667 -0.2000 1 4.1800 0  719 1034 1161 1255 1368 1393 1395 1113  1 1 0 0 0 0 0 20 0 100 500 
2.798 0.2747 0.3040 0.1102 -0.0002 -0.007773 0.032345 -0.2353 1 4.1800 0  723 1039 1169 1264 1380 1386 1390 1116  1 1 0 0 0 0 0 20 0 100 500 
2.801 0.3289 0.2996 0.1110 -0.0002 -0.007773 0.032477 -0.2553 1 4.1800 0  726 1052 1178 1275 1383 1357 1385 1110  1 1 0 0 0 0 0 20 0 100 490 
2.804 0.3161 0.2848 0.1121 -0.0002 -0.010364 0.033196 -0.3627 1 4.1800 0  726 1031 1150 1285 1399 1366 1380 1090  1 1 0 0 0 0 0 20 0 100 500 
2.807 0.3088 0.2952 0.1129 -0.0003 -0.010364 0.034438 -0.3392 0 4.1800 0  734 1057 1180 1293 1406 1391 1382 1102  1 1 0 0 0 0 1 18 0 100 460 
2.810 0.3289 0.2996 0.1137 -0.0003 -0.010364 0.035443 -0.4714 1 4.1800 0  738 1044 1203 1306 1413 1389 1382 1123  1 1 0 0 0 0 2 15 0 100 500 
2.813 0.3715 0.2928 0.1149 -0.0003 -0.010364 0.036046 -0.5517 0 4.1800 0  736 1063 1209 1308 1417 1383 1383 1117  1 1 0 0 0 0 3 12 0 100 470 
2.816 0.2554 0.2888 0.1157 -0.0003 -0.010364 0.037121 -0.5517 0 4.1800 0  737 1079 1222 1315 1417 1385 1387 1119  1 1 0 0 0 0 6 6 0 100 460 
2.819 0.3615 0.3237 0.1165 -0.0003 -0.010364 0.038234 -0.5517 0 4.1800 0  749 1069 1235 1322 1428 1386 1384 1127  1 1 0 0 0 0 9 0 0 100 460 
2.822 0.2362 0.3185 0.1175 -0.0003 -0.007773 0.038771 -0.5517 0 4.1800 0  755 1075 1248 1337 1400 1401 1376 1102  1 1 0 0 0 0 12 0 0 100 460 
2.825 0.2827 0.3113 0.1183 -0.0003 -0.007773 0.038986 -0.5517 0 4.1800 0  760 1123 1259 1348 1468 1365 1379 1156  1 1 0 0 0 0 15 0 0 100 470 
2.828 0.3088 0.3016 0.1193 -0.0003 -0.010364 0.039203 -0.5517 0 4.1800 0  759 1123 1308 1361 1446 1350 1376 1138  1 1 0 0 0 0 18 0 0 100 460 
2.831 0.3265 0.3064 0.1201 -0.0003 -0.010364 0.039892 -0.5517 0 4.1800 0  768 1134 1277 1376 1448 1360 1374 1132  1 1 0 0 1 0 20 0 0 100 470 
2.834 0.3289 0.3265 0.1211 -0.0003 -0.007773 0.040859 -0.5517 0 4.1800 0  779 1149 1313 1398 1444 1373 1375 1115  1 1 0 0 1 0 20 0 0 100 470 
2.837 0.2996 0.2972 0.1221 -0.0003 -0.010364 0.041285 -0.5517 0 4.1800 0  793 1180 1383 1423 1472 1374 1369 1117  1 1 0 0 1 0 20 0 0 100 460 
2.840 0.3317 0.2928 0.1229 -0.0004 -0.010364 0.042062 -0.5517 0 4.1800 0  791 1185 1373 1430 1460 1365 1363 1115  1 1 0 0 1 0 20 0 0 100 460 
2.843 0.2767 0.3113 0.1239 -0.0004 -0.007773 0.042853 -0.5517 0 4.1800 0  798 1202 1391 1450 1470 1373 1364 1102  1 1 0 0 1 0 20 0 0 100 470 
2.846 0.3185 0.3213 0.1249 -0.0004 -0.010364 0.043268 -0.5517 0 4.1800 0  809 1230 1402 1463 1481 1379 1357 1106  1 1 0 0 1 0 20 0 0 100 460 
2.849 0.3040 0.3265 0.1257 -0.0004 -0.010364 0.043253 -0.5517 0 4.1800 0  824 1250 1429 1480 1483 1396 1353 1089  1 1 0 0 1 0 20 0 0 100 470 
2.852 0.3317 0.3040 0.1267 -0.0004 -0.007773 0.043558 -0.5517 0 4.1800 0  836 1262 1441 1491 1499 1337 1344 1095  1 1 0 0 1 0 20 0 0 100 470 
2.855 0.4016 0.2952 0.1277 -0.0004 -0.010364 0.044126 -0.5517 0 4.1800 0  854 1283 1479 1500 1497 1356 1330 1084  1 1 0 0 1 0 20 0 0 100 460 
2.858 0.2675 0.3289 0.1285 -0.0004 -0.010364 0.044918 -0.5517 0 4.1800 0  867 1296 1487 1512 1498 1329 1327 1081  1 1 0 0 1 0 20 0 0 100 460 
2.861 0.3651 0.3185 0.1297 -0.0004 -0.010364 0.045465 -0.5517 0 4.1800 0  871 1312 1476 1524 1501 1354 1309 1065  1 1 0 0 1 0 20 0 0 100 460 
2.864 0.3582 0.3237 0.1305 -0.0004 -0.010364 0.046239 -0.5517 0 4.1800 0  883 1328 1489 1529 1499 1347 1306 1025  1 1 0 0 1 0 20 0 0 100 470 
2.867 0.2928 0.3430 0.1317 -0.0004 -0.010364 0.046899 -0.5517 0 4.1800 0  900 1345 1508 1528 1502 1353 1293 1020  1 1 0 0 1 0 20 0 0 100 460 
2.870 0.3462 0.3317 0.1325 -0.0005 -0.010364 0.047503 -0.5517 0 4.1800 0  872 1346 1515 1521 1506 1381 1287 996  1 1 0 0 1 0 20 0 0 100 460 
2.873 0.3317 0.3346 0.1337 -0.0005 -0.010364 0.047599 -0.5517 0 4.1800 0  887 1365 1519 1534 1486 1367 1270 999  1 1 0 0 1 0 20 0 0 100 460 
2.876 0.3490 0.3289 0.1345 -0.0005 -0.010364 0.047923 -0.5517 0 4.1800 0  931 1376 1534 1531 1500 1370 1253 967  1 1 0 0 1 0 20 0 0 100 450 
2.879 0.4016 0.3430 0.1357 -0.0005 -0.010364 0.048248 -0.5517 0 4.1800 0  940 1387 1556 1537 1496 1350 1246 945  1 1 0 0 1 0 20 0 0 100 470 
2.882 0.2888 0.3430 0.1366 -0.0005 -0.010364 0.048661 -0.5517 0 4.1800 0  943 1392 1528 1531 1491 1272 1224 920  1 1 0 0 1 0 20 0 0 100 460 
2.885 0.3860 0.3346 0.1378 -0.0005 -0.010364 0.049413 -0.5517 0 4.1800 0  951 1397 1532 1536 1487 1358 1210 896  1 1 0 0 1 0 20 0 0 100 460 
2.888 0.3522 0.3550 0.1388 -0.0005 -0.012956 0.049795 -0.5517 0 4.1800 0  953 1399 1539 1534 1481 1311 1187 869  1 1 0 0 1 0 20 0 0 100 450 
2.891 0.3651 0.3289 0.1400 -0.0005 -0.012956 0.050026 -0.5517 0 4.1800 0  961 1398 1520 1532 1490 1290 1160 829  1 1 0 0 1 0 20 0 0 100 470 
2.894 0.3615 0.3751 0.1408 -0.0005 -0.012956 0.050344 -4.1800 0 2.0363 1  951 1403 1547 1531 1471 1279 1136 806  1 1 0 0 1 0 18 0 2 100 500 
2.897 0.3402 0.3582 0.1420 -0.0006 -0.012956 0.050104 -4.1800 0 1.9790 1  945 1405 1523 1525 1451 1225 1102 766  1 1 0 0 1 0 15 0 5 100 480 
2.900 0.3016 0.3615 0.1430 -0.0006 -0.010364 0.049643 -4.1800 0 1.8893 1  985 1405 1533 1517 1446 1261 1059 727  1 1 0 0 1 0 12 0 8 100 490 
2.903 0.3787 0.3185 0.1440 -0.0006 -0.012956 0.049621 -4.1800 0 1.7630 1  1006 1400 1550 1506 1425 1229 996 678  1 1 0 0 1 0 9 0 11 100 500 
2.906 0.3936 0.3522 0.1452 -0.0006 -0.012956 0.050028 -4.1800 0 1.7117 1  972 1395 1527 1508 1405 1183 950 625  1 1 0 0 1 0 6 0 14 100 500 
2.909 0.3088 0.3615 0.1460 -0.0006 -0.012956 0.050196 -4.1800 0 1.6264 1  952 1395 1517 1486 1385 1146 888 575  1 1 0 0 1 0 3 0 17 100 490 
2.912 0.3976 0.3462 0.1472 -0.0006 -0.012956 0.050194 -4.1800 0 1.5536 1  953 1394 1483 1485 1362 1082 835 516  1 1 0 0 1 0 0 0 20 100 490 
2.915 0.3462 0.3823 0.1484 -0.0006 -0.012956 0.050381 -4.1800 0 1.4725 1  928 1391 1515 1453 1333 1033 775 466  1 1 0 0 0 0 0 0 20 100 490 
2.918 0.3715 0.3936 0.1494 -0.0007 -0.010364 0.050234 -4.1800 0 1.3949 1  967 1387 1483 1428 1294 982 711 414  1 1 0 0 0 0 0 0 20 100 480 
2.921 0.3651 0.3787 0.1506 -0.0007 -0.010364 0.049576 -4.1800 0 1.2870 1  920 1377 1488 1408 1246 915 659 366  1 1 0 0 0 0 0 0 20 100 490 
2.924 0.3751 0.3787 0.1516 -0.0007 -0.012956 0.049088 -4.1800 0 1.1918 1  958 1374 1475 1357 1191 869 579 334  1 1 0 0 0 0 0 0 20 100 500 
2.927 0.2972 0.3751 0.1526 -0.0007 -0.010364 0.049066 -4.1800 0 1.0838 1  929 1363 1460 1345 1132 817 518 305  1 1 0 0 0 0 0 0 20 100 500 
2.930 0.3976 0.3860 0.1538 -0.0007 -0.010364 0.048846 -4.1800 0 0.8435 1  989 1358 1448 1285 1069 716 481 280  1 1 0 0 0 0 0 0 20 100 490 
2.933 0.4097 0.3976 0.1550 -0.0007 -0.010364 0.048772 -4.1800 0 0.7227 1  925 1346 1409 1238 999 678 405 263  1 1 0 0 0 0 0 0 20 100 490 
2.936 0.3715 0.4097 0.1562 -0.0007 -0.010364 0.048707 -4.1800 0 0.5327 1  925 1336 1366 1171 930 588 341 248  1 1 0 0 0 0 0 0 20 100 490 
2.939 0.3823 0.3715 0.1572 -0.0007 -0.007773 0.048247 -4.1800 0 0.3285 1  946 1320 1351 1150 844 533 346 235  1 1 0 0 0 0 0 0 20 100 500 
2.942 0.3430 0.4056 0.1584 -0.0007 -0.007773 0.047648 -4.1800 0 0.1696 1  932 1295 1323 1093 780 482 315 230  1 1 0 0 0 0 0 0 20 100 480 
2.945 0.3715 0.4056 0.1596 -0.0008 -0.007773 0.046988 -4.1800 0 0.0006 1  864 1262 1256 1011 703 416 298 223  1 1 0 0 0 0 0 0 20 100 500 
2.948 0.3550 0.3936 0.1606 -0.0008 -0.005182 0.046679 -4.1800 0 -0.1920 1  883 1219 1191 951 626 373 314 223  1 1 0 0 0 0 0 0 20 100 500 
2.951 0.3896 0.3976 0.1619 -0.0008 -0.005182 0.046331 -4.1800 0 -0.2789 1  859 1173 1154 891 557 326 284 214  1 1 0 0 0 0 0 0 20 100 500 
2.954 0.3715 0.3751 0.1631 -0.0008 -0.005182 0.045989 -4.1800 0 -0.4288 1  861 1130 1064 825 493 310 255 202  1 1 0 0 0 0 0 0 20 100 510 
2.957 0.3137 0.3896 0.1643 -0.0008 -0.005182 0.046129 -4.1800 0 -0.6770 1  846 1074 985 719 432 299 245 202  1 1 0 0 0 0 0 0 20 100 500 
2.960 0.4097 0.3896 0.1653 -0.0008 -0.007773 0.045502 -4.1800 0 -0.7709 1  802 1005 913 645 384 269 246 197  1 1 0 0 0 0 0 0 20 100 500 
2.963 0.4269 0.4016 0.1665 -0.0008 -0.007773 0.044264 -4.1800 0 -0.8992 1  771 932 833 560 341 276 224 190  1 1 0 0 0 0 0 0 20 100 500 
2.966 0.3860 0.3936 0.1677 -0.0008 -0.007773 0.043466 -4.1800 0 -0.9677 0  707 856 745 495 310 261 227 183  1 1 0 0 0 0 0 0 17 100 470 
2.969 0.4181 0.3896 0.1689 -0.0008 -0.007773 0.042965 -4.1800 0 -0.9677 0  675 787 666 435 285 228 226 183  1 1 0 0 0 0 0 0 11 100 460 
2.972 0.4225 0.3936 0.1701 -0.0008 -0.007773 0.042453 -4.1800 0 -0.9677 0  631 718 587 325 264 239 182 179  1 1 0 0 0 0 0 0 5 100 460 
2.975 0.4056 0.4016 0.1713 -0.0008 -0.007773 0.042301 -4.1800 0 -0.9677 0  603 645 509 324 258 253 249 185  1 1 0 0 0 0 0 0 0 100 460 
2.978 0.3976 0.3976 0.1725 -0.0008 -0.007773 0.042309 -4.1800 0 -0.9677 0  569 583 441 339 246 242 215 178  1 1 0 0 0 0 0 0 0 100 460 
2.981 0.3185 0.4097 0.1735 -0.0009 -0.005182 0.041984 -4.1800 0 -0.9677 0  535 510 385 275 242 224 214 179  1 1 0 0 0 0 0 0 0 100 470 
2.984 0.4269 0.4181 0.1751 -0.0009 -0.005182 0.041129 -4.1800 0 -0.9677 0  467 449 347 254 239 220 196 182  1 1 0 0 0 0 0 0 0 100 460 
2.987 0.3751 0.3976 0.1763 -0.0009 -0.005182 0.040159 -4.1800 0 -0.9677 0  365 392 312 254 234 215 221 178  1 1 0 0 0 0 0 0 0 100 460 
2.990 0.4317 0.4056 0.1775 -0.0009 -0.005182 0.039850 -4.1800 0 -0.9677 0  362 365 295 250 240 223 214 174  1 1 0 0 0 0 0 0 0 100 460 
2.993 0.3860 0.4137 0.1787 -0.0009 -0.005182 0.039659 -4.1800 0 -0.9677 0  348 309 264 252 232 218 233 193  1 1 0 0 0 0 0 0 0 100 460 
2.996 0.4016 0.4097 0.1799 -0.0009 -0.005182 0.038928 -4.1800 0 -0.9677 0  281 284 256 247 231 220 210 202  1 1 0 0 0 0 0 0 0 100 460 
2.999 0.3751 0.4269 0.1811 -0.0009 -0.005182 0.038139 -4.1800 0 -0.9677 0  265 260 245 257 230 224 225 209  1 1 0 0 0 1 0 0 0 100 460 
3.002 0.3317 0.3976 0.1821 -0.0009 -0.002591 0.037199 -4.1800 0 -0.9677 0  243 241 240 252 238 225 272 226  1 1 0 0 0 4 0 0 0 100 460 
3.005 0.3860 0.4016 0.1833 -0.0009 -0.002591 0.036135 -4.1800 0 -0.9677 0  210 209 242 272 237 231 264 239  1 1 0 0 0 7 0 0 0 100 470 
3.008 0.4317 0.4056 0.1847 -0.0009 -0.005182 0.036049 -4.1800 0 -0.9677 0  186 229 240 230 241 238 288 249  1 1 0 0 0 10 0 0 0 100 470 
3.011 0.4462 0.4056 0.1859 -0.0009 -0.005182 0.035840 -4.1800 0 -0.9677 0  201 209 238 212 239 246 277 266  1 1 0 0 0 13 0 0 0 100 450 
3.014 0.3823 0.4181 0.1872 -0.0009 -0.005182 0.035237 -4.1800 0 -0.9677 0  175 227 242 255 248 255 313 287  1 1 0 0 0 16 0 0 0 100 450 
3.017 0.4317 0.4225 0.1884 -0.0009 -0.005182 0.035033 -4.1800 0 -0.9677 0  148 225 240 243 252 268 335 316  1 1 0 0 0 13 0 0 0 100 450 
3.020 0.4137 0.4181 0.1896 -0.0009 -0.005182 0.034020 -4.1800 0 -0.9677 0  158 216 236 254 265 289 379 355  1 1 0 0 0 10 0 0 0 100 460 
3.023 0.4056 0.4181 0.1908 -0.0009 -0.005182 0.032571 -4.1800 0 -0.9677 0  145 200 243 241 267 305 399 393  1 1 0 0 0 7 0 0 0 100 450 
3.026 0.3683 0.4097 0.1920 -0.0009 -0.005182 0.031673 -4.1800 0 -0.9677 0  150 203 240 260 260 330 492 429  1 1 0 0 0 4 0 0 0 100 470 
3.029 0.3317 0.4056 0.1932 -0.0009 -0.005182 0.031395 -4.1800 0 -0.9677 0  151 239 242 264 268 358 493 460  1 1 0 0 0 1 0 0 0 100 460 
3.032 0.4410 0.4225 0.1944 -0.0010 -0.005182 0.030883 -4.1800 0 -0.9677 0  151 207 247 262 302 390 525 498  1 1 0 0 0 0 0 0 0 100 460 
3.035 0.4016 0.4181 0.1958 -0.0010 -0.002591 0.030620 -4.1800 0 -0.9677 0  135 190 247 280 337 420 551 529  1 1 0 0 0 0 0 0 0 100 470 
3.038 0.4269 0.3976 0.1970 -0.0010 -0.002591 0.030240 -4.1800 0 -0.9677 0  142 205 256 301 372 457 603 559  1 1 0 0 0 0 0 0 0 100 470 
3.041 0.3751 0.4462 0.1982 -0.0010 -0.002591 0.029426 -4.1800 0 -0.9677 0  156 185 259 305 384 490 625 590  1 1 0 0 0 0 0 0 0 100 460 
3.044 0.4056 0.4317 0.1994 -0.0010 -0.002591 0.028769 -4.1800 0 -0.9677 0  146 235 266 323 410 527 666 617  1 1 0 0 0 0 0 0 0 100 470 
3.047 0.4317 0.4269 0.2008 -0.0010 -0.005182 0.027604 -4.1800 0 -0.9677 0  168 220 271 347 459 567 701 631  1 1 0 0 0 0 0 0 0 100 460 
3.050 0.4317 0.4181 0.2022 -0.0010 -0.002591 0.026807 -4.1800 0 -0.9677 0  157 178 282 367 503 614 729 654  1 1 0 0 0 0 0 0 0 100 470 
3.053 0.3896 0.4181 0.2034 -0.0010 -0.002591 0.026463 -4.1800 0 -0.9677 0  154 255 290 390 538 648 778 648  1 1 0 0 0 0 0 0 0 100 460 
3.056 0.3430 0.4097 0.2046 -0.0010 -0.002591 0.025651 -4.1800 0 -0.9677 0  163 244 303 424 541 676 801 652  1 1 0 0 0 0 0 0 0 100 460 
3.059 0.4410 0.4317 0.2058 -0.0010 -0.002591 0.024860 -4.1800 0 -0.9677 0  158 228 309 442 576 696 766 654  1 1 0 0 0 0 0 0 0 100 460 
3.062 0.3936 0.4462 0.2070 -0.0010 -0.002591 0.024458 -4.1800 0 -0.9677 0  166 212 310 463 609 709 806 647  1 1 0 0 0 0 0 0 0 100 470 
3.065 0.4562 0.4462 0.2086 -0.0010 -0.002591 0.024483 -4.1800 0 -0.9677 0  165 220 318 458 613 721 823 661  1 1 0 0 0 0 0 0 0 100 460 
3.068 0.4137 0.4510 0.2098 -0.0010 -0.002591 0.024542 -4.1800 0 -0.9677 0  157 203 328 470 601 722 811 631  1 1 0 0 0 0 0 0 0 100 460 
3.071 0.3651 0.4462 0.2110 -0.0010 -0.002591 0.024498 -4.1800 0 -0.9677 0  158 204 330 466 632 720 783 662  1 1 0 0 0 0 0 0 0 100 460 
3.074 0.4317 0.4510 0.2125 -0.0010 -0.000000 0.023902 -4.1800 0 -0.9677 0  163 243 330 479 650 725 770 673  1 1 0 0 0 0 0 0 0 100 470 
3.077 0.4510 0.4362 0.2139 -0.0010 -0.002591 0.022859 -4.1800 0 -0.9677 0  155 243 330 471 667 720 760 619  1 1 0 0 0 0 0 0 0 100 460 
3.080 0.4056 0.4181 0.2151 -0.0010 -0.002591 0.021762 -4.1800 0 -0.9677 0  156 252 337 498 655 720 754 642  1 1 0 0 0 0 0 0 0 100 460 
3.083 0.4317 0.4016 0.2163 -0.0010 -0.002591 0.020590 -4.1800 0 -0.9677 0  157 229 335 506 659 721 737 648  1 1 0 0 0 0 0 0 0 100 460 
3.086 0.3896 0.4362 0.2175 -0.0010 -0.002591 0.019820 -4.1800 0 -0.9677 0  154 228 334 508 663 741 796 653  1 1 0 0 0 0 0 0 0 100 460 
3.089 0.4137 0.4410 0.2189 -0.0010 -0.000000 0.019351 -4.1800 0 -0.9677 0  158 197 347 524 686 721 739 640  1 1 0 0 0 0 0 0 0 100 420 
3.092 0.4056 0.4362 0.2201 -0.0010 -0.000000 0.019071 -4.1800 0 -0.9677 0  157 214 348 532 687 728 757 602  1 1 0 0 0 0 0 0 0 100 430 
3.095 0.3896 0.4410 0.2213 -0.0010 -0.000000 0.018508 -4.1800 0 -0.9677 0  159 231 360 535 684 725 758 617  1 1 0 0 0 0 0 0 0 100 420 
3.098 0.3522 0.4410 0.2227 -0.0010 0.002591 0.017752 -4.1800 0 -0.9677 0  157 194 363 552 682 719 742 616  1 1 0 0 0 0 0 0 0 100 460 
3.101 0.3751 0.4410 0.2239 -0.0010 0.002591 0.017222 -4.1800 0 -0.9677 0  160 229 368 558 696 717 738 604  1 1 0 0 0 0 0 0 0 100 460 
3.104 0.4615 0.4317 0.2253 -0.0010 -0.000000 0.016552 -4.1800 0 -0.9677 0  164 257 376 563 753 707 734 619  1 1 0 0 0 0 0 0 0 100 430 
3.107 0.4016 0.4317 0.2265 -0.0010 -0.000000 0.015590 -4.1800 0 -0.9677 0  159 260 376 569 680 702 728 557  1 1 0 0 0 0 0 0 0 100 430 
3.110 0.4317 0.4317 0.2277 -0.0010 -0.000000 0.014656 -4.1800 0 -0.9677 0  163 202 373 575 672 700 726 576  1 1 0 0 0 0 0 0 0 100 430 
3.113 0.3522 0.4462 0.2291 -0.0010 0.002591 0.013564 -4.1800 0 -0.9677 0  159 222 389 575 715 696 723 615  1 1 0 0 0 0 0 0 0 100 460 
3.116 0.4137 0.4317 0.2303 -0.0010 0.002591 0.012507 -4.1800 0 -0.9677 0  152 240 391 578 709 694 718 581  1 1 0 0 0 0 0 0 0 100 460 
3.119 0.4462 0.4410 0.2315 -0.0010 0.002591 0.011982 -4.1800 0 -0.9677 0  156 242 392 581 721 701 707 608  1 1 0 0 0 0 0 0 0 100 470 
3.122 0.4362 0.4362 0.2331 -0.0010 0.002591 0.011822 -4.1800 0 -0.9677 0  157 270 395 579 711 701 719 560  1 1 0 0 0 0 0 0 0 100 460 
3.125 0.3976 0.4317 0.2343 -0.0010 0.002591 0.011482 -4.1800 0 -0.9677 0  159 249 401 579 715 698 696 602  1 1 0 0 0 0 0 0 0 100 460 
3.128 0.4410 0.4225 0.2355 -0.0010 0.002591 0.011285 -4.1800 0 -0.9677 0  158 250 378 586 731 699 698 592  1 1 0 0 0 0 0 0 0 100 460 
3.131 0.4462 0.4362 0.2368 -0.0010 0.002591 0.011142 -4.1800 0 -0.9677 0  155 254 402 584 749 699 692 607  1 1 0 0 0 0 0 0 0 100 470 
3.134 0.4016 0.4510 0.2382 -0.0010 0.005182 0.010494 -4.1800 0 -0.9677 0  157 257 380 589 707 702 693 624  1 1 0 0 0 0 0 0 0 100 470 
3.137 0.4181 0.4410 0.2394 -0.0010 0.005182 0.009870 -4.1800 0 -0.9677 0  166 258 408 592 711 707 692 569  1 1 0 0 0 0 0 0 0 100 470 
3.140 0.4137 0.4317 0.2408 -0.0010 0.002591 0.009608 -4.1800 0 -0.9677 0  159 234 408 592 721 704 698 582  1 1 0 0 0 0 0 0 0 100 460 
3.143 0.3651 0.4269 0.2420 -0.0010 0.002591 0.009600 -4.1800 0 -0.9677 0  164 249 421 602 705 712 701 563  1 1 0 0 0 0 0 0 0 100 460 
3.146 0.4562 0.4225 0.2432 -0.0010 0.002591 0.009380 -4.1800 0 -0.9677 0  156 256 419 596 715 711 702 564  1 1 0 0 0 0 0 0 0 100 470 
3.149 0.4510 0.4362 0.2448 -0.0010 0.002591 0.008989 -4.1800 0 -0.9677 0  160 290 385 600 728 683 705 577  1 1 0 0 0 0 0 0 0 100 470 
3.152 0.4016 0.4225 0.2460 -0.0010 0.002591 0.008332 -4.1800 0 -0.9677 0  159 283 426 598 714 711 700 587  1 1 0 0 0 0 0 0 0 100 470 
3.155 0.4562 0.4016 0.2472 -0.0010 0.002591 0.007883 -4.1800 0 -0.9677 0  161 246 439 596 688 701 697 553  1 1 0 0 0 0 0 0 0 100 470 
3.158 0.3823 0.4317 0.2484 -0.0010 0.002591 0.008150 -4.1800 0 -0.9677 0  157 264 390 602 687 688 698 551  1 1 0 0 0 0 0 0 0 100 470 
3.161 0.3896 0.4269 0.2496 -0.0010 0.002591 0.007926 -4.1800 0 -0.9677 0  168 282 372 604 713 669 698 599  1 1 0 0 0 0 0 0 0 100 460 
3.164 0.4667 0.4562 0.2512 -0.0010 0.002591 0.007542 -4.1800 0 -0.9677 0  163 286 465 602 709 706 697 575  1 1 0 0 0 0 0 0 0 100 450 
3.167 0.4269 0.4462 0.2524 -0.0009 0.002591 0.007457 -4.1800 0 -0.9677 0  158 270 430 604 693 695 697 550  1 1 0 0 0 0 0 0 0 100 450 
3.170 0.3860 0.4317 0.2536 -0.0009 0.002591 0.006781 -4.1800 0 -0.9677 0  158 268 443 606 673 694 695 529  1 1 0 0 0 0 0 0 0 100 470 
3.173 0.4362 0.4137 0.2548 -0.0009 0.002591 0.006441 -4.1800 0 -0.9677 0  170 281 443 612 704 686 697 559  1 1 0 0 0 0 0 0 0 100 470 
3.176 0.4317 0.3896 0.2562 -0.0009 -0.000000 0.006638 -4.1800 0 -0.9677 0  165 284 450 619 698 705 693 539  1 1 0 0 0 0 0 0 0 100 430 
3.179 0.4462 0.4097 0.2574 -0.0009 -0.000000 0.006484 -4.1800 0 -0.9677 0  164 282 445 622 704 649 692 568  1 1 0 0 0 0 0 0 0 100 420 
3.182 0.4225 0.4137 0.2588 -0.0009 0.002591 0.006428 -4.1800 0 -0.9677 0  171 284 480 633 708 682 686 543  1 1 0 0 0 0 0 0 0 100 460 
3.185 0.3896 0.4016 0.2600 -0.0009 0.002591 0.005897 -4.1800 0 -0.9677 0  172 294 473 642 713 680 688 549  1 1 0 0 0 0 0 0 0 100 460 
3.188 0.3490 0.4181 0.2613 -0.0009 0.002591 0.005067 -4.1800 0 -0.9677 0  163 296 446 645 713 681 684 582  1 1 0 0 0 0 0 0 0 100 470 
3.191 0.4317 0.4181 0.2625 -0.0009 0.002591 0.005112 -4.1800 0 -0.9677 0  169 300 481 653 715 674 682 548  1 1 0 0 0 0 0 0 0 100 470 
3.194 0.4562 0.4097 0.2639 -0.0009 -0.000000 0.005216 -4.1800 0 -0.9677 0  169 305 496 657 713 686 680 561  1 1 0 0 0 0 0 0 0 100 430 
3.197 0.4097 0.4137 0.2651 -0.0009 -0.000000 0.005090 -4.1800 0 -0.9677 0  176 310 464 662 717 681 675 539  1 1 0 0 0 0 0 0 0 100 430 
3.200 0.4510 0.4225 0.2663 -0.0009 -0.000000 0.005481 -4.1800 0 -0.9677 0  173 309 493 672 720 687 680 551  1 1 0 0 0 0 0 0 0 100 430 
3.203 0.3683 0.4225 0.2675 -0.0009 -0.000000 0.005467 -4.1800 0 -0.9677 0  178 315 511 675 725 705 676 544  1 1 0 0 0 0 0 0 0 100 430 
3.206 0.4181 0.4225 0.2687 -0.0009 -0.000000 0.005278 -4.1800 0 -0.9677 0  177 319 524 684 727 656 682 555  1 1 0 0 0 0 0 0 0 100 430 
3.209 0.4615 0.4181 0.2703 -0.0009 -0.000000 0.005712 -4.1800 0 -0.9677 0  182 327 497 684 731 670 676 537  1 1 0 0 0 0 0 0 0 100 430 
3.212 0.4510 0.4137 0.2715 -0.0009 -0.000000 0.005980 -4.1800 0 -0.9677 0  182 329 526 698 720 678 682 550  1 1 0 0 0 0 0 0 0 100 430 
3.215 0.4056 0.3976 0.2727 -0.0009 -0.000000 0.006204 -4.1800 0 -0.9677 0  192 335 538 705 730 692 682 550  1 1 0 0 0 0 0 0 0 100 430 
3.218 0.4462 0.3683 0.2741 -0.0009 -0.002591 0.006693 -4.1800 0 -0.9677 0  159 312 516 705 741 693 720 600  1 1 0 0 0 0 0 0 0 100 460 
3.221 0.3976 0.4181 0.2753 -0.0009 -0.002591 0.006561 -4.1800 0 -0.9677 0  189 342 554 724 757 689 687 552  1 1 0 0 0 0 0 0 0 100 460 
3.224 0.4225 0.4016 0.2765 -0.0009 -0.002591 0.006539 -4.1800 0 -0.9677 0  182 348 536 725 759 664 688 552  1 1 0 0 0 0 0 0 0 100 460 
3.227 0.4225 0.3976 0.2777 -0.0009 -0.002591 0.006522 -4.1800 0 -0.9677 0  181 354 559 731 768 691 680 550  1 1 0 0 0 0 0 0 0 100 460 
3.230 0.4097 0.4016 0.2789 -0.0009 -0.002591 0.006842 -4.1800 0 -0.9677 0  179 362 587 740 769 696 687 547  1 1 0 0 0 0 0 0 0 100 470 
3.233 0.3615 0.4056 0.2801 -0.0009 -0.002591 0.007427 -4.1800 0 -0.9677 0  198 362 601 739 772 654 681 544  1 1 0 0 0 0 0 0 0 100 460 
3.236 0.3615 0.3787 0.2815 -0.0009 -0.005182 0.007630 -4.1800 0 -0.9677 0  191 364 602 733 777 689 678 550  1 1 0 0 0 0 0 0 0 100 460 
3.239 0.4667 0.4181 0.2827 -0.0010 -0.005182 0.007948 -4.1800 0 -0.9677 0  161 375 591 764 779 714 681 547  1 1 0 0 0 0 0 0 0 100 450 
3.242 0.4097 0.4269 0.2839 -0.0010 -0.005182 0.008521 -4.1800 0 -0.9677 0  202 376 593 765 783 708 678 548  1 1 0 0 0 0 0 0 0 100 460 
3.245 0.4615 0.4056 0.2853 -0.0010 -0.007773 0.008489 -4.1800 0 -0.9677 0  184 375 586 760 785 707 678 551  1 1 0 0 0 0 0 0 0 100 470 
3.248 0.4137 0.3976 0.2866 -0.0010 -0.007773 0.008618 -4.1800 0 -0.9677 0  185 381 632 752 789 735 689 547  1 1 0 0 0 0 0 0 0 100 460 
3.251 0.3615 0.4269 0.2878 -0.0010 -0.007773 0.009310 -4.1800 0 -0.9677 0  204 389 612 781 794 720 691 548  1 1 0 0 0 0 0 0 0 100 460 
3.254 0.3787 0.4137 0.2892 -0.0010 -0.005182 0.009588 -4.1800 0 -0.9677 0  212 391 625 779 795 771 689 553  1 1 0 0 0 0 0 0 0 100 470 
3.257 0.4462 0.4362 0.2906 -0.0010 -0.007773 0.009795 -4.1800 0 -0.9677 0  229 397 620 787 800 732 694 553  1 1 0 0 0 0 0 0 0 100 460 
3.260 0.4097 0.4181 0.2918 -0.0010 -0.007773 0.009981 -4.1800 0 -0.9677 0  202 400 618 787 804 730 696 552  1 1 0 0 0 0 0 0 0 100 460 
3.263 0.4462 0.4137 0.2930 -0.0010 -0.007773 0.009893 -4.1800 0 -0.9677 0  184 396 637 764 801 705 695 551  1 1 0 0 0 0 0 0 0 100 470 
3.266 0.4269 0.4056 0.2942 -0.0010 -0.007773 0.010208 -4.1800 0 -0.9677 0  174 411 633 786 803 741 702 558  1 1 0 0 0 0 0 0 0 100 460 
3.269 0.3936 0.4181 0.2956 -0.0011 -0.010364 0.010360 -4.1800 0 -0.9677 0  201 416 630 800 808 731 710 555  1 1 0 0 0 0 0 0 0 100 470 
3.272 0.4317 0.4225 0.2968 -0.0011 -0.010364 0.010421 -4.1800 0 -0.9677 0  201 412 650 786 805 741 706 560  1 1 0 0 0 0 0 0 0 100 460 
3.275 0.4181 0.3976 0.2980 -0.0011 -0.010364 0.010570 -4.1800 0 -0.9677 0  213 420 648 794 807 729 710 557  1 1 0 0 0 0 0 0 0 100 460 
3.278 0.3896 0.3976 0.2994 -0.0011 -0.007773 0.010338 -4.1800 0 -0.9677 0  221 423 642 782 809 751 714 554  1 1 0 0 0 0 0 0 0 100 460 
3.281 0.3582 0.4181 0.3006 -0.0011 -0.007773 0.010465 -4.1800 0 -0.9677 0  236 419 663 795 811 731 698 566  1 1 0 0 0 0 0 0 0 100 460 
3.284 0.3896 0.4225 0.3018 -0.0011 -0.007773 0.011108 -4.1800 0 -0.9677 0  242 427 639 796 804 741 718 557  1 1 0 0 0 0 0 0 0 100 470 
3.287 0.4462 0.4225 0.3032 -0.0011 -0.010364 0.011285 -4.1800 0 -0.9677 0  276 445 655 806 812 755 718 553  1 1 0 0 0 0 0 0 0 100 460 
3.290 0.4562 0.4269 0.3044 -0.0011 -0.010364 0.011440 -4.1800 0 -0.9677 0  231 451 650 803 813 774 729 552  1 1 0 0 0 0 0 0 0 100 470 
3.293 0.4016 0.4410 0.3056 -0.0011 -0.010364 0.011647 -4.1800 0 -0.9677 0  248 456 659 786 816 765 704 557  1 1 0 0 0 0 0 0 0 100 470 
3.296 0.3522 0.4362 0.3070 -0.0012 -0.007773 0.011448 -4.1800 0 -0.9677 0  251 455 656 788 804 745 714 554  1 1 0 0 0 0 0 0 0 100 460 
3.299 0.3582 0.4181 0.3084 -0.0012 -0.010364 0.011405 -4.1800 0 -0.9677 0  246 472 686 795 806 762 719 555  1 1 0 0 0 0 0 0 0 100 460 
3.302 0.4667 0.4269 0.3096 -0.0012 -0.010364 0.012276 -4.1800 0 -0.9677 0  242 492 693 817 809 738 732 554  1 1 0 0 0 0 0 0 0 100 460 
3.305 0.4562 0.4225 0.3111 -0.0012 -0.012956 0.012755 -4.1800 0 -0.9677 0  248 489 714 836 810 743 699 559  1 1 0 0 0 0 0 0 0 100 470 
3.308 0.4510 0.4097 0.3123 -0.0012 -0.012956 0.012653 -4.1800 0 -0.9677 0  312 507 709 770 802 746 698 563  1 1 0 0 0 0 0 0 0 100 470 
3.311 0.4510 0.3860 0.3135 -0.0012 -0.012956 0.012817 -4.1800 0 -0.9677 0  249 513 715 817 810 740 710 563  1 1 0 0 0 0 0 0 0 100 470 
3.314 0.4269 0.4269 0.3151 -0.0012 -0.012956 0.012720 -4.1800 0 -0.9677 0  268 513 724 822 811 739 724 561  1 1 0 0 0 0 0 0 0 100 460 
3.317 0.3860 0.4269 0.3163 -0.0013 -0.012956 0.012850 -4.1800 0 -0.9677 0  242 519 734 804 810 741 720 570  1 1 0 0 0 0 0 0 0 100 460 
3.320 0.4615 0.3896 0.3175 -0.0013 -0.012956 0.013181 -4.1800 0 -0.9677 0  238 504 722 811 808 782 749 596  1 1 0 0 0 0 0 0 0 100 460 
3.323 0.4779 0.4269 0.3189 -0.0013 -0.015547 0.013291 -4.1800 0 -0.9677 0  289 527 740 838 808 730 737 569  1 1 0 0 0 0 0 0 0 100 460 
3.326 0.4779 0.4410 0.3201 -0.0013 -0.015547 0.013729 -4.1800 0 -0.9677 0  292 534 746 811 806 752 749 573  1 1 0 0 0 0 0 0 0 100 470 
3.329 0.4056 0.4462 0.3215 -0.0013 -0.012956 0.013754 -4.1800 0 -0.9677 0  276 544 742 838 805 727 737 569  1 1 0 0 0 0 0 0 0 100 470 
3.332 0.4667 0.4410 0.3229 -0.0014 -0.015547 0.013645 -4.1800 0 -0.9677 0  294 546 755 874 805 741 724 574  1 1 0 0 0 0 0 0 0 100 470 
3.335 0.3936 0.4362 0.3241 -0.0014 -0.015547 0.013853 -4.1800 0 -0.9677 0  325 557 763 801 807 738 720 573  1 1 0 0 0 0 0 0 0 100 460 
3.338 0.4362 0.4410 0.3253 -0.0014 -0.015547 0.013831 -4.1800 0 -0.9677 0  291 553 762 821 811 742 730 567  1 1 0 0 0 0 0 0 0 100 470 
3.341 0.4836 0.4510 0.3269 -0.0014 -0.015547 0.014026 -4.1800 0 -0.9677 0  290 569 765 835 811 738 728 571  1 1 0 0 0 0 0 0 0 100 460 
3.344 0.4510 0.4362 0.3281 -0.0014 -0.015547 0.014367 -4.1800 0 -0.9677 0  298 547 774 852 813 725 723 576  1 1 0 0 0 0 0 0 0 100 460 
3.347 0.3976 0.4667 0.3295 -0.0015 -0.012956 0.014047 -4.1800 0 -0.9677 0  280 582 773 841 813 739 731 579  1 1 0 0 0 0 0 0 0 100 470 
3.350 0.4562 0.4562 0.3309 -0.0015 -0.015547 0.013796 -4.1800 0 -0.9677 0  303 577 776 840 822 743 704 579  1 1 0 0 0 0 0 0 0 100 460 
3.353 0.4462 0.4317 0.3321 -0.0015 -0.015547 0.013962 -4.1800 0 -0.9677 0  306 549 783 843 814 741 748 583  1 1 0 0 0 0 0 0 0 100 470 
3.356 0.4462 0.4317 0.3333 -0.0015 -0.015547 0.014088 -4.1800 0 -0.9677 0  304 586 784 860 850 747 742 577  1 1 0 0 0 0 0 0 0 100 470 
3.359 0.4510 0.4410 0.3349 -0.0015 -0.015547 0.014215 -4.1800 0 -0.9677 0  313 571 784 881 823 748 713 582  1 1 0 0 0 0 0 0 0 100 460 
3.362 0.4269 0.4462 0.3362 -0.0016 -0.015547 0.013701 -4.1800 0 -0.9677 0  315 577 784 822 808 752 700 582  1 1 0 0 0 0 0 0 0 100 460 
3.365 0.3896 0.4510 0.3374 -0.0016 -0.015547 0.013140 -4.1800 0 -0.9677 0  323 595 787 853 831 753 730 577  1 1 0 0 0 0 0 0 0 100 460 
3.368 0.3615 0.4562 0.3388 -0.0016 -0.012956 0.013264 -4.1800 0 -0.9677 0  334 606 789 865 835 749 720 579  1 1 0 0 0 0 0 0 0 100 460 
3.371 0.3751 0.4462 0.3402 -0.0016 -0.015547 0.013246 -4.1800 0 -0.9677 0  311 564 782 848 801 752 718 577  1 1 0 0 0 0 0 0 0 100 470 
3.374 0.4667 0.4667 0.3414 -0.0016 -0.015547 0.013453 -4.1800 0 -0.9677 0  315 595 789 858 834 760 736 579  1 1 0 0 0 0 0 0 0 100 460 
3.377 0.4836 0.4510 0.3430 -0.0017 -0.015547 0.013730 -4.1800 0 -0.9677 0  322 595 786 844 843 758 735 577  1 1 0 0 0 0 0 0 0 100 460 
3.380 0.4410 0.4562 0.3442 -0.0017 -0.015547 0.013485 -4.1800 0 -0.9677 0  331 642 789 872 849 759 750 578  1 1 0 0 0 0 0 0 0 100 450 
3.383 0.4056 0.4667 0.3456 -0.0017 -0.012956 0.013083 -4.1800 0 -0.9677 0  347 623 787 844 852 758 726 589  1 1 0 0 0 0 0 0 0 100 470 
3.386 0.4137 0.4562 0.3470 -0.0017 -0.015547 0.012722 -4.1800 0 -0.9677 0  345 616 795 852 850 763 718 572  1 1 0 0 0 0 0 0 0 100 460 
3.389 0.3860 0.4667 0.3482 -0.0017 -0.015547 0.012803 -4.1800 0 -0.9677 0  350 625 794 838 851 762 705 568  1 1 0 0 0 0 0 0 0 100 470 
3.392 0.4723 0.4667 0.3498 -0.0018 -0.015547 0.013348 -4.1800 0 -0.9677 0  336 622 802 855 844 761 723 571  1 1 0 0 0 0 0 0 0 100 460 
3.395 0.4723 0.4615 0.3510 -0.0018 -0.015547 0.013185 -4.1800 0 -0.9677 0  334 635 808 851 842 762 726 570  1 1 0 0 0 0 0 0 0 100 470 
3.398 0.4362 0.4615 0.3524 -0.0018 -0.012956 0.012916 -4.1800 0 -0.9677 0  350 632 807 870 844 763 732 582  1 1 0 0 0 0 0 0 0 100 460 
3.401 0.4462 0.4615 0.3538 -0.0018 -0.015547 0.012520 -4.1800 0 -0.9677 0  357 653 806 863 835 760 735 565  1 1 0 0 0 0 0 0 0 100 460 
3.404 0.4317 0.4667 0.3552 -0.0018 -0.012956 0.012375 -4.1800 0 -0.9677 0  365 638 811 843 869 757 710 570  1 1 0 0 0 0 0 0 0 100 470 
3.407 0.4317 0.4510 0.3566 -0.0019 -0.015547 0.012590 -4.1800 0 -0.9677 0  356 695 812 845 827 753 696 566  1 1 0 0 0 0 0 0 0 100 470 
3.410 0.3860 0.4667 0.3580 -0.0019 -0.012956 0.012362 -4.1800 0 -0.9677 0  378 660 814 835 790 751 728 550  1 1 0 0 0 0 0 0 0 100 470 
3.413 0.3823 0.4615 0.3592 -0.0019 -0.012956 0.012261 -4.1800 0 -0.9677 0  382 641 818 833 800 746 717 537  1 1 0 0 0 0 0 0 0 100 470 
3.416 0.4615 0.4779 0.3608 -0.0019 -0.012956 0.011852 -4.1800 0 -0.9677 0  371 666 815 813 809 741 710 545  1 1 0 0 0 0 0 0 0 100 470 
3.419 0.4836 0.4836 0.3623 -0.0019 -0.015547 0.011116 -4.1800 0 -0.9677 0  388 675 813 807 799 735 686 533  1 1 0 0 0 0 0 0 0 100 470 
3.422 0.4667 0.4667 0.3637 -0.0020 -0.012956 0.010768 -4.1800 0 -0.9677 0  395 705 815 840 790 727 666 536  1 1 0 0 0 0 0 0 0 100 460 
3.425 0.4137 0.4723 0.3649 -0.0020 -0.012956 0.010311 -4.1800 0 -0.9677 0  415 687 816 843 790 720 689 544  1 1 0 0 0 0 0 0 0 100 470 
3.428 0.4097 0.4723 0.3665 -0.0020 -0.012956 0.009958 -4.1800 0 -0.9677 0  401 665 820 820 790 725 685 577  1 1 0 0 0 0 0 0 0 100 460 
3.431 0.3715 0.4956 0.3677 -0.0020 -0.012956 0.009798 -4.1800 0 -0.9677 0  404 683 816 792 819 716 666 554  1 1 0 0 0 0 0 0 0 100 470 
3.434 0.4667 0.5020 0.3693 -0.0020 -0.012956 0.009360 -4.1800 0 -0.9677 0  408 742 811 796 789 717 672 545  1 1 0 0 0 0 0 0 0 100 470 
3.437 0.4836 0.4896 0.3707 -0.0021 -0.010364 0.009051 -4.1800 0 -0.9677 0  416 704 812 815 783 716 667 554  1 1 0 0 0 0 0 0 0 100 460 
3.440 0.4779 0.4836 0.3721 -0.0021 -0.012956 0.008722 -4.1800 0 -0.9677 0  421 685 808 800 787 711 694 556  1 1 0 0 0 0 0 0 0 100 470 
3.443 0.4667 0.4667 0.3735 -0.0021 -0.010364 0.008232 -4.1800 0 -0.9677 0  419 718 811 805 770 711 708 543  1 1 0 0 0 0 0 0 0 100 450 
3.446 0.4225 0.4836 0.3747 -0.0021 -0.010364 0.007657 -4.1800 0 -0.9677 0  418 710 817 795 785 715 710 546  1 1 0 0 0 0 0 0 0 100 460 
3.449 0.4137 0.4896 0.3763 -0.0021 -0.010364 0.006749 -4.1800 0 -0.9677 0  425 716 814 799 781 712 691 563  1 1 0 0 0 0 0 0 0 100 470 
3.452 0.3823 0.4836 0.3777 -0.0021 -0.007773 0.006329 -4.1800 0 -0.9677 0  425 695 823 803 761 716 692 514  1 1 0 0 0 0 0 0 0 100 470 
3.455 0.3976 0.4836 0.3791 -0.0021 -0.010364 0.006154 -4.1800 0 -0.9677 0  425 710 821 807 792 711 693 558  1 1 0 0 0 0 0 0 0 100 460 
3.458 0.4956 0.4779 0.3805 -0.0022 -0.007773 0.006152 -4.1800 0 -0.9677 0  428 694 815 809 792 712 681 564  1 1 0 0 0 0 0 0 0 100 470 
3.461 0.5149 0.4667 0.3819 -0.0022 -0.010364 0.006044 -4.1800 0 -0.9677 0  428 713 813 801 762 714 695 578  1 1 0 0 0 0 0 0 0 100 460 
3.464 0.4836 0.4896 0.3835 -0.0022 -0.010364 0.005417 -4.1800 0 -0.9677 0  428 707 823 805 771 710 698 559  1 1 0 0 0 0 0 0 0 100 470 
3.467 0.4956 0.4956 0.3847 -0.0022 -0.010364 0.004617 -4.1800 0 -0.9677 0  431 687 819 808 778 718 696 531  1 1 0 0 0 0 0 0 0 100 470 
3.470 0.4836 0.5081 0.3863 -0.0022 -0.010364 0.003777 -4.1800 0 -0.9677 0  436 707 818 799 786 720 716 558  1 1 0 0 0 0 0 0 0 100 470 
3.473 0.4410 0.4956 0.3878 -0.0022 -0.007773 0.003547 -4.1800 0 -0.9677 0  437 723 822 818 789 725 703 564  1 1 0 0 0 0 0 0 0 100 470 
3.476 0.5020 0.4836 0.3894 -0.0022 -0.007773 0.003659 -4.1800 0 -0.9677 0  439 692 832 827 775 734 722 572  1 1 0 0 0 0 0 0 0 100 470 
3.479 0.4779 0.4896 0.3906 -0.0022 -0.007773 0.003032 -4.1800 0 -0.9677 0  436 726 833 828 812 746 724 601  1 1 0 0 0 0 0 0 0 100 470 
3.482 0.4562 0.4896 0.3922 -0.0023 -0.007773 0.002342 -4.1800 0 -0.9677 0  441 719 848 829 838 747 728 566  1 1 0 0 0 0 0 0 0 100 460 
3.485 0.4779 0.4956 0.3934 -0.0023 -0.007773 0.001390 -4.1800 0 -0.9677 0  448 736 813 834 807 754 732 583  1 1 0 0 0 0 0 0 0 100 470 
3.488 0.4956 0.4896 0.3950 -0.0023 -0.007773 0.000586 -4.1800 0 -0.9677 0  441 740 812 833 818 736 733 563  1 1 0 0 0 0 0 0 0 100 460 
3.491 0.4896 0.4896 0.3964 -0.0023 -0.005182 0.000174 -4.1800 0 -0.9677 0  452 713 839 837 821 756 738 581  1 1 0 0 0 0 0 0 0 100 470 
3.494 0.5081 0.4896 0.3978 -0.0023 -0.007773 -0.000342 -4.1800 0 -0.9677 0  456 726 839 840 833 761 735 602  1 1 0 0 0 0 0 0 0 100 460 
3.497 0.4317 0.4956 0.3992 -0.0023 -0.005182 -0.000967 -4.1800 0 -0.9677 0  454 710 834 844 831 778 740 574  1 1 0 0 0 0 0 0 0 100 470 
3.500 0.4956 0.5020 0.4008 -0.0023 -0.005182 -0.001693 -4.1800 0 -0.9677 0  462 728 832 841 836 764 733 565  1 1 0 0 0 0 0 0 0 100 460 
3.503 0.4667 0.4896 0.4022 -0.0023 -0.007773 -0.002457 -4.1800 0 -0.9677 0  459 714 831 841 829 763 728 570  1 1 0 0 0 0 0 0 0 100 460 
3.506 0.3896 0.5020 0.4036 -0.0023 -0.005182 -0.003476 -4.1800 0 -0.9677 0  463 720 832 834 832 739 726 611  1 1 0 0 0 0 0 0 0 100 460 
3.509 0.3823 0.5081 0.4052 -0.0023 -0.005182 -0.004087 -4.1800 0 -0.9677 0  468 725 832 836 820 766 725 566  1 1 0 0 0 0 0 0 0 100 460 
3.512 0.4956 0.5081 0.4066 -0.0023 -0.002591 -0.004544 -4.1800 0 -0.9677 0  474 723 810 825 819 752 717 579  1 1 0 0 0 0 0 0 0 100 470 
3.515 0.4723 0.4956 0.4080 -0.0024 -0.005182 -0.005480 -4.1800 0 -0.9677 0  472 728 817 821 817 761 717 582  1 1 0 0 0 0 0 0 0 100 460 
3.518 0.4723 0.4836 0.4094 -0.0024 -0.002591 -0.006524 -4.1800 0 -0.9677 0  480 710 787 817 800 757 716 573  1 1 0 0 0 0 0 0 0 100 460 
3.521 0.4667 0.4896 0.4110 -0.0024 -0.002591 -0.007173 -4.1800 0 -0.9677 0  472 721 817 819 808 746 714 564  1 1 0 0 0 0 0 0 0 100 470 
3.524 0.4836 0.4896 0.4123 -0.0024 -0.002591 -0.007600 -4.1800 0 -0.9677 0  475 745 804 808 784 746 717 559  1 1 0 0 0 0 0 0 0 100 470 
3.527 0.4667 0.4836 0.4139 -0.0024 -0.002591 -0.008213 -4.1800 0 -0.9677 0  476 716 786 803 799 758 713 575  1 1 0 0 0 0 0 0 0 100 460 
3.530 0.3823 0.4836 0.4151 -0.0024 -0.002591 -0.008977 -4.1800 0 -0.9677 0  475 716 813 803 813 779 711 579  1 1 0 0 0 0 0 0 0 100 430 
3.533 0.3823 0.4779 0.4167 -0.0024 -0.002591 -0.009763 -4.1800 0 -0.9677 0  480 722 778 792 805 707 713 580  1 1 0 0 0 0 0 0 0 100 460 
3.536 0.4723 0.4836 0.4181 -0.0024 -0.000000 -0.010423 -4.1800 0 -0.9677 0  476 721 783 798 793 741 713 555  1 1 0 0 0 0 0 0 0 100 470 
3.539 0.4779 0.4779 0.4195 -0.0024 -0.002591 -0.010586 -4.1800 0 -0.9677 0  474 714 783 798 788 738 719 562  1 1 0 0 0 0 0 0 0 100 460 
3.542 0.5081 0.4667 0.4211 -0.0024 -0.002591 -0.011133 -4.1800 0 -0.9677 0  473 719 778 796 793 755 717 566  1 1 0 0 0 0 0 0 0 100 460 
3.545 0.4956 0.4896 0.4223 -0.0024 -0.002591 -0.011639 -4.1800 0 -0.9677 0  477 717 791 799 790 745 720 568  1 1 0 0 0 0 0 0 0 100 470 
3.548 0.5213 0.4836 0.4239 -0.0024 -0.002591 -0.011706 -4.1800 0 -0.9677 0  478 715 785 798 782 731 720 551  1 1 0 0 0 0 0 0 0 100 460 
3.551 0.4956 0.5081 0.4255 -0.0024 -0.002591 -0.012030 -4.1800 0 -0.9677 0  477 735 789 797 796 751 727 547  1 1 0 0 0 0 0 0 0 100 460 
3.554 0.4410 0.4723 0.4267 -0.0024 -0.002591 -0.011906 -4.1800 0 -0.9677 0  476 730 791 800 816 750 720 584  1 1 0 0 0 0 0 0 0 100 470 
3.557 0.5020 0.4723 0.4283 -0.0024 -0.002591 -0.011721 -4.1800 0 -0.9677 0  479 720 812 810 798 762 726 563  1 1 0 0 0 0 0 0 0 100 460 
3.560 0.4723 0.4836 0.4295 -0.0024 -0.002591 -0.011580 -4.1800 0 -0.9677 0  477 719 818 805 799 714 716 574  1 1 0 0 0 0 0 0 0 100 470 
3.563 0.4510 0.4896 0.4311 -0.0024 -0.002591 -0.011700 -4.1800 0 -0.9677 0  475 724 841 805 794 742 718 572  1 1 0 0 0 0 0 0 0 100 470 
3.566 0.4723 0.4896 0.4325 -0.0024 -0.000000 -0.012393 -4.1800 0 -0.9677 0  490 715 816 804 795 751 710 560  1 1 0 0 0 0 0 0 0 100 420 
3.569 0.4723 0.4836 0.4339 -0.0024 -0.002591 -0.013312 -4.1800 0 -0.9677 0  455 716 828 799 796 718 710 555  1 1 0 0 0 0 0 0 0 100 460 
3.572 0.4836 0.4723 0.4353 -0.0024 -0.000000 -0.013805 -4.1800 0 -0.9677 0  496 716 810 804 793 716 703 574  1 1 0 0 0 0 0 0 0 100 430 
3.575 0.4956 0.4779 0.4370 -0.0024 -0.000000 -0.013966 -4.1800 0 -0.9677 0  466 711 811 801 786 720 703 559  1 1 0 0 0 0 0 0 0 100 430 
3.578 0.4181 0.4836 0.4382 -0.0024 -0.000000 -0.014531 -4.1800 0 -0.9677 0  490 716 810 804 783 731 694 534  1 1 0 0 0 0 0 0 0 100 420 
3.581 0.4836 0.4836 0.4398 -0.0024 -0.000000 -0.015263 -4.1800 0 -0.9677 0  501 712 807 810 782 767 691 548  1 1 0 0 0 0 0 0 0 100 430 
3.584 0.4462 0.4779 0.4410 -0.0024 -0.000000 -0.015725 -4.1800 0 -0.9677 0  506 709 815 804 780 707 689 548  1 1 0 0 0 0 0 0 0 100 430 
3.587 0.4225 0.4667 0.4424 -0.0024 0.002591 -0.016207 -4.1800 0 -0.9677 0  502 711 808 801 779 714 683 549  1 1 0 0 0 0 0 0 0 100 460 
3.590 0.4896 0.4779 0.4438 -0.0024 -0.000000 -0.016332 -4.1800 0 -0.9677 0  502 709 788 807 780 704 688 547  1 1 0 0 0 0 0 0 0 100 430 
3.593 0.4836 0.4723 0.4454 -0.0024 -0.000000 -0.016467 -4.1800 0 -0.9677 0  501 719 789 808 790 720 685 548  1 1 0 0 0 0 0 0 0 100 460 
