%% logfile from robot Karla (10)
% Karla (10)
%  1    time 2.002 sec
%  2  3  4  5   (mission 0), state 2, entered (thread 1, line 1), events 0x0 (bit-flags)
%  6  7 Wheel velocity [m/s] left, right: 0.0430 0.0434
%  8  9 10 11 Pose x,y,h,tilt [m,m,rad,rad]: 0.0234557 0.00259583 0.00259112 0.0357512
% 12 .. 32 Edge sensor: left -2.983517 0, right -0.952187 0, values 562 796 903 911 886 805 771 639, white 1, used 1, LEDhigh=0, xb=0 xw=0 xbc=0 xwc=0 lvl=0 lvr=0       whitelevel=[884 1280 1410 1427 1392 1268 1229 999]       blacklevel=[119 163 174 182 180 171 150 124]
% 12 13 Get data time [us]: 100 +ctrl 460
2.007 2 1 1 0 0.0430 0.0281 0.0235 0.0026 0.002591 0.034926 -2.9835 0 -0.9522 0  559 806 906 907 884 806 771 587  1 1 0 0 0 0 0 0 0 100 450 
2.012 2 1 1 0 0.0614 0.0237 0.0239 0.0026 0.002591 0.033639 -2.9835 0 -0.9522 0  565 796 904 909 886 801 769 648  1 1 0 0 0 0 0 0 0 100 440 
2.017 2 1 1 0 0.0470 0.0237 0.0239 0.0026 0.002591 0.032796 -2.9835 0 -0.9522 0  556 813 894 909 884 802 769 591  1 1 0 0 0 0 0 0 0 100 450 
2.022 2 1 1 0 0.0398 0.0458 0.0243 0.0026 0.002591 0.031944 -2.9835 0 -0.9522 0  562 802 897 908 853 804 767 594  1 1 0 0 0 0 0 0 0 100 450 
2.027 2 1 1 0 0.0582 0.0458 0.0245 0.0026 0.000000 0.030917 -2.9835 0 -0.9522 0  558 800 927 905 871 797 764 637  1 1 0 0 0 0 0 0 0 100 420 
2.032 2 1 1 0 0.0582 0.0293 0.0245 0.0026 0.000000 0.029625 -2.9835 0 -0.9522 0  548 795 901 906 884 791 766 635  1 1 0 0 0 0 0 0 0 100 420 
2.037 2 1 1 0 0.0534 0.0261 0.0249 0.0026 0.000000 0.028466 -2.9835 0 -0.9522 0  560 803 883 900 880 809 762 629  1 1 0 0 0 0 0 0 0 100 420 
2.042 2 1 1 0 0.0546 0.0498 0.0253 0.0026 0.000000 0.027952 -2.9835 0 -0.9522 0  559 796 873 906 880 775 762 598  1 1 0 0 0 0 0 0 0 100 460 
2.047 2 1 1 0 0.0546 0.0498 0.0253 0.0026 0.000000 0.027137 -2.9835 0 -0.9522 0  551 797 877 898 873 811 760 614  1 1 0 0 0 0 0 0 0 100 430 
2.052 2 1 1 0 0.0526 0.0386 0.0255 0.0026 -0.002591 0.025963 -2.9835 0 -0.9522 0  554 797 902 901 873 805 763 607  1 1 0 0 0 0 0 0 0 100 450 
2.057 2 1 1 0 0.0482 0.0261 0.0257 0.0026 -0.005182 0.025142 -2.9835 0 -0.9522 0  552 795 890 899 869 793 758 603  1 1 0 0 0 0 0 0 0 100 460 
2.062 2 1 1 0 0.0482 0.0205 0.0259 0.0026 -0.002591 0.025196 -2.9835 0 -0.9522 0  554 799 888 902 870 782 758 596  1 1 0 0 0 0 0 0 0 100 470 
2.067 2 1 1 0 0.0558 0.0205 0.0261 0.0026 -0.005182 0.025273 -2.9835 0 -0.9522 0  560 804 906 902 874 786 762 603  1 1 0 0 0 0 0 0 0 100 450 
2.072 2 1 1 0 0.0546 0.0482 0.0265 0.0026 -0.005182 0.025000 -2.9835 0 -0.9522 0  550 793 896 902 874 787 759 608  1 1 0 0 0 0 0 0 0 100 450 
2.077 2 1 1 0 0.0546 0.0482 0.0265 0.0026 -0.005182 0.024169 -2.9835 0 -0.9522 0  552 803 904 899 865 810 755 608  1 1 0 0 0 0 0 0 0 100 450 
2.082 2 1 1 0 0.0353 0.0317 0.0265 0.0026 -0.005182 0.023603 -2.9835 0 -0.9522 0  555 798 907 897 871 783 755 603  1 1 0 0 0 0 0 0 0 100 460 
2.087 2 1 1 0 0.0245 0.0229 0.0267 0.0026 -0.002591 0.023385 -2.9835 0 -0.9522 0  526 803 907 899 869 807 756 609  1 1 0 0 0 0 0 0 0 100 470 
2.092 2 1 1 0 0.0241 0.0229 0.0269 0.0026 -0.005182 0.023730 -2.9835 0 -0.9522 0  571 807 896 899 870 789 755 613  1 1 0 0 0 0 0 0 0 100 450 
2.097 2 1 1 0 0.0558 0.0574 0.0273 0.0026 -0.005182 0.024161 -2.9835 0 -0.9522 0  556 806 909 900 866 796 762 612  1 1 0 0 0 0 0 0 0 100 450 
2.102 2 1 1 0 0.1024 0.0490 0.0275 0.0026 -0.007773 0.024416 -2.9835 0 -0.9522 0  527 803 896 903 865 812 759 612  1 1 0 0 0 0 0 0 0 100 450 
2.107 2 1 1 0 0.0466 0.0301 0.0275 0.0026 -0.007773 0.023243 -2.9835 0 -0.9522 0  564 804 920 898 864 771 755 610  1 1 0 0 0 0 0 0 0 100 450 
2.112 2 1 1 0 0.0329 0.0249 0.0279 0.0026 -0.007773 0.022428 -2.9835 0 -0.9522 0  567 812 891 901 864 780 757 607  1 1 0 0 0 0 0 0 0 100 450 
2.117 2 1 1 0 0.0329 0.0249 0.0279 0.0026 -0.007773 0.022987 -2.9835 0 -0.9522 0  564 802 889 901 865 783 763 610  1 1 0 0 0 0 0 0 0 100 460 
2.122 2 1 1 0 0.0329 0.0482 0.0281 0.0026 -0.005182 0.023121 -2.9835 0 -0.9522 0  560 806 911 900 863 784 753 614  1 1 0 0 0 0 0 0 0 100 450 
2.127 2 1 1 0 0.0241 0.0450 0.0281 0.0026 -0.005182 0.023581 -2.9835 0 -0.9522 0  568 809 909 886 867 782 759 609  1 1 0 0 0 0 0 0 0 100 450 
2.132 2 1 1 0 0.0185 0.0289 0.0281 0.0026 -0.005182 0.024123 -2.9835 0 -0.9522 0  589 810 911 901 865 772 760 615  1 1 0 0 0 0 0 0 0 100 460 
2.137 2 1 1 0 0.0149 0.0229 0.0283 0.0026 -0.002591 0.025394 -2.9835 0 -0.9522 0  525 818 894 909 873 780 766 616  1 1 0 0 0 0 0 0 0 100 450 
2.142 2 1 1 0 0.0964 0.0229 0.0287 0.0026 -0.007773 0.027115 -2.9835 0 -0.9522 0  563 817 911 903 872 794 770 617  1 1 0 0 0 0 0 0 0 100 470 
2.147 2 1 1 0 0.1269 0.0378 0.0291 0.0026 -0.007773 0.028811 -2.9835 0 -0.9522 0  536 823 915 902 875 795 769 619  1 1 0 0 0 0 0 0 0 100 460 
2.152 2 1 1 0 0.0578 0.0378 0.0291 0.0026 -0.007773 0.028907 -2.9835 0 -0.9522 0  570 827 914 930 877 798 768 620  1 1 0 0 0 0 0 0 0 100 460 
2.157 2 1 1 0 0.0333 0.0365 0.0291 0.0026 -0.007773 0.028301 -2.9835 0 -0.9522 0  571 826 917 918 872 794 774 626  1 1 0 0 0 0 0 0 0 100 460 
2.162 2 1 1 0 0.0237 0.0249 0.0291 0.0026 -0.007773 0.029217 -2.9835 0 -0.9522 0  578 829 923 913 878 798 783 625  1 1 0 0 0 0 0 0 0 100 450 
2.167 2 1 1 0 0.0181 0.0209 0.0293 0.0026 -0.005182 0.030037 -2.9835 0 -0.9522 0  610 825 923 913 878 815 774 628  1 1 0 0 0 0 0 0 0 100 450 
2.172 2 1 1 0 0.0149 0.0209 0.0293 0.0026 -0.005182 0.031559 -2.9835 0 -0.9522 0  586 838 925 917 878 824 794 631  1 1 0 0 0 0 0 0 0 100 460 
2.177 2 1 1 0 0.0129 0.0337 0.0297 0.0026 -0.005182 0.033347 -2.9835 0 -0.9522 0  616 846 934 928 883 790 778 629  1 1 0 0 0 0 0 0 0 100 460 
2.182 2 1 1 0 0.0129 0.0337 0.0297 0.0026 -0.005182 0.034999 -2.9835 0 -0.9522 0  607 841 939 921 887 794 778 633  1 1 0 0 0 0 0 0 0 100 450 
2.187 2 1 1 0 0.0619 0.0337 0.0299 0.0026 -0.007773 0.036815 -2.9835 0 -0.9522 0  579 844 942 935 887 804 791 639  1 1 0 0 0 0 0 0 0 100 460 
2.192 2 1 1 0 0.0558 0.0261 0.0301 0.0026 -0.010364 0.037030 -2.9835 0 -0.9522 0  548 852 941 907 892 813 755 644  1 1 0 0 0 0 0 0 0 100 460 
2.197 2 1 1 0 -0.0602 0.0233 0.0301 0.0026 -0.005182 0.036927 -2.9835 0 -0.9522 0  589 849 943 941 890 811 796 642  1 1 0 0 0 0 0 0 0 100 460 
2.202 2 1 1 0 0.0743 0.0233 0.0303 0.0026 -0.007773 0.038139 -2.9835 0 -0.9522 0  598 863 957 947 900 816 801 641  1 1 0 0 0 0 0 0 0 100 470 
2.207 2 1 1 0 0.0743 0.0233 0.0303 0.0026 -0.007773 0.039033 -2.9835 0 -0.9522 0  615 851 947 947 898 812 789 644  1 1 0 0 0 0 0 0 0 100 450 
2.212 2 1 1 0 0.0482 0.0257 0.0307 0.0026 -0.007773 0.040561 -2.9835 0 -0.9522 0  604 867 951 924 894 821 770 649  1 1 0 0 0 0 0 0 0 100 460 
2.217 2 1 1 0 0.0482 0.0257 0.0307 0.0026 -0.007773 0.042411 -2.9835 0 -0.9522 0  586 878 957 923 899 820 790 654  1 1 0 0 0 0 0 0 0 100 450 
2.222 2 1 1 0 0.0418 0.0257 0.0309 0.0026 -0.010364 0.043691 -2.9835 0 -0.9522 0  606 884 958 941 907 816 796 655  1 1 0 0 0 0 0 0 0 100 460 
2.227 2 1 1 0 0.0418 0.0277 0.0311 0.0026 -0.007773 0.044675 -2.9835 0 -0.9522 0  608 868 960 945 909 824 836 655  1 1 0 0 0 0 0 0 0 100 450 
2.232 2 1 1 0 0.0325 0.0277 0.0311 0.0026 -0.007773 0.046461 -2.9835 0 -0.9522 0  607 886 966 975 903 827 780 664  1 1 0 0 0 0 0 0 0 100 460 
2.237 2 1 1 0 0.0229 0.0321 0.0313 0.0026 -0.005182 0.048485 -2.9835 0 -0.9522 0  618 884 970 945 912 836 797 665  1 1 0 0 0 0 0 0 0 100 470 
2.242 2 1 1 0 0.0189 0.0321 0.0315 0.0026 -0.007773 0.050908 -2.9835 0 -0.9522 0  611 896 978 960 916 836 827 667  1 1 0 0 0 0 0 0 0 100 450 
2.247 2 1 1 0 0.0189 0.0321 0.0315 0.0026 -0.007773 0.053055 -2.9835 0 -0.9522 0  616 893 981 954 898 844 836 673  1 1 0 0 0 0 0 0 0 100 450 
2.252 2 1 1 0 0.0189 0.0253 0.0315 0.0026 -0.007773 0.053958 -2.9835 0 -0.9522 0  605 904 984 966 929 842 860 670  1 1 0 0 0 0 0 0 0 100 460 
2.257 2 1 1 0 0.0189 0.0225 0.0317 0.0026 -0.005182 0.055384 -2.9835 0 -0.9522 0  624 924 990 965 931 848 803 675  1 1 0 0 0 0 0 0 0 100 460 
2.262 2 1 1 0 0.0217 0.0225 0.0319 0.0026 -0.007773 0.057868 -2.9835 0 -0.9522 0  625 876 1000 958 931 852 801 682  1 1 0 0 0 0 0 0 0 100 460 
2.267 2 1 1 0 0.0217 0.0225 0.0319 0.0026 -0.007773 0.060205 -2.9835 0 -0.9522 0  633 885 1004 982 943 856 840 684  1 1 0 0 0 0 0 0 0 100 450 
2.272 2 1 1 0 0.0410 0.0237 0.0323 0.0026 -0.007773 0.062179 -2.9835 0 -0.9522 0  634 940 1008 996 925 856 832 686  1 1 0 0 0 0 0 0 0 100 460 
2.277 2 1 1 0 0.0410 0.0237 0.0323 0.0026 -0.007773 0.064178 -2.9835 0 -0.9522 0  637 937 1018 997 953 865 834 693  1 1 0 0 0 0 0 0 0 100 450 
2.282 2 1 1 0 0.0305 0.0369 0.0325 0.0026 -0.005182 0.066993 -2.9835 0 -0.9522 0  647 961 1021 1006 922 871 856 674  1 1 0 0 0 0 0 0 0 100 460 
2.287 2 1 1 0 0.0265 0.0369 0.0327 0.0026 -0.007773 0.069713 -2.9835 0 -0.9522 0  645 915 1028 1011 915 871 885 673  1 1 0 0 0 0 0 0 0 100 460 
2.292 2 1 1 0 0.0265 0.0369 0.0327 0.0026 -0.007773 0.071779 -2.9835 0 -0.9522 0  653 942 1036 1012 959 878 848 705  1 1 0 0 0 0 0 0 0 100 460 
2.297 2 1 1 0 0.0349 0.0289 0.0331 0.0025 -0.007773 0.073445 -2.9835 0 -0.9522 0  661 928 1042 1007 965 883 863 709  1 1 0 0 0 0 0 0 0 100 450 
2.302 2 1 1 0 0.0349 0.0289 0.0331 0.0025 -0.007773 0.075169 -2.9835 0 -0.9522 0  663 957 1046 1014 978 888 883 742  1 1 0 0 0 0 0 0 0 100 450 
2.307 2 1 1 0 0.0466 0.0506 0.0335 0.0025 -0.007773 0.077072 -2.9835 0 -0.9522 0  670 978 1049 1018 961 892 882 675  1 1 0 0 0 0 0 0 0 100 450 
2.312 2 1 1 0 0.0667 0.0466 0.0337 0.0025 -0.010364 0.078650 -2.9835 0 -0.9522 0  668 952 1053 1018 986 895 881 684  1 1 0 0 0 0 0 0 0 100 460 
2.317 2 1 1 0 0.0590 0.0418 0.0341 0.0025 -0.010364 0.079970 -2.9835 0 -0.9522 0  671 972 1062 1020 967 902 887 702  1 1 0 0 0 0 0 0 0 100 470 
2.322 2 1 1 0 0.0590 0.0494 0.0343 0.0025 -0.007773 0.081491 -2.9835 0 -0.9522 0  680 1013 1056 1023 964 904 888 731  1 1 0 0 0 0 0 0 0 100 460 
2.327 2 1 1 0 0.0486 0.0494 0.0345 0.0025 -0.010364 0.083624 -2.9835 0 -0.9522 0  685 972 1065 1028 1023 911 897 752  1 1 0 0 0 0 0 0 0 100 450 
2.332 2 1 1 0 0.0715 0.0550 0.0349 0.0025 -0.010364 0.085406 -2.9835 0 -0.9522 0  690 991 1065 1034 997 920 902 690  1 1 0 0 0 0 0 0 0 100 450 
2.337 2 1 1 0 0.0811 0.0462 0.0351 0.0025 -0.012956 0.086910 -2.9835 0 -0.9522 0  693 965 1078 1036 972 920 905 703  1 1 0 0 0 0 0 0 0 100 450 
2.342 2 1 1 0 0.0635 0.0442 0.0353 0.0025 -0.010364 0.088754 -2.9835 0 -0.9522 0  695 986 1079 1039 1020 929 909 751  1 1 0 0 0 0 0 0 0 100 460 
2.347 2 1 1 0 0.0602 0.0514 0.0357 0.0025 -0.010364 0.091329 -2.9835 0 -0.9522 0  697 1032 1093 1047 983 946 915 749  1 1 0 0 0 0 0 0 0 100 450 
2.352 2 1 1 0 0.0651 0.0606 0.0361 0.0025 -0.010364 0.093862 -2.9835 0 -0.9522 0  697 992 1091 1053 1019 941 925 783  1 1 0 0 0 0 0 0 0 100 460 
2.357 2 1 1 0 0.1056 0.0928 0.0367 0.0025 -0.012956 0.095499 -2.9835 0 -0.9522 0  703 1018 1100 1053 1058 945 926 769  1 1 0 0 0 0 0 0 0 100 460 
2.362 2 1 1 0 0.0839 0.1088 0.0371 0.0025 -0.012956 0.096608 -2.9835 0 -0.9522 0  709 1026 1109 1060 1012 948 928 761  1 1 0 0 0 0 0 0 0 100 460 
2.367 2 1 1 0 0.0715 0.0795 0.0373 0.0025 -0.010364 0.097362 -2.9835 0 -0.9522 0  706 1014 1102 1062 1014 929 933 744  1 1 0 0 0 0 0 0 0 100 460 
2.372 2 1 1 0 0.1000 0.0578 0.0379 0.0025 -0.012956 0.098326 -2.9835 0 -0.9522 0  709 1012 1105 1062 1023 967 933 743  1 1 0 0 0 0 0 0 0 100 460 
2.377 2 1 1 0 0.1036 0.0976 0.0383 0.0025 -0.012956 0.099578 -2.9835 0 -0.9522 0  717 1016 1106 1062 1046 961 931 737  1 1 0 0 0 0 0 0 0 100 460 
2.382 2 1 1 0 0.0972 0.1092 0.0387 0.0025 -0.012956 0.100749 -4.1800 0 4.1800 0  714 1018 1102 1065 1030 946 933 754  1 1 0 0 0 0 0 0 0 100 450 
2.387 2 1 1 0 0.0908 0.0859 0.0391 0.0025 -0.012956 0.102016 -4.1800 0 4.1800 0  718 1041 1078 1065 1053 938 935 732  1 1 0 0 0 0 0 0 0 100 460 
2.392 2 1 1 0 0.1076 0.0659 0.0397 0.0025 -0.015547 0.103367 -4.1800 0 4.1800 0  720 1052 1116 1064 1041 991 937 735  1 1 0 0 0 0 0 0 0 100 470 
2.397 2 1 1 0 0.1221 0.1526 0.0403 0.0025 -0.012956 0.104658 -4.1800 0 -1.0608 1  722 1057 1105 1073 1049 977 938 735  1 1 0 0 0 0 0 0 1 100 510 
2.402 2 1 1 0 0.1277 0.1578 0.0411 0.0025 -0.012956 0.106082 -4.1800 0 -1.0608 0  718 1034 1117 1074 1043 992 942 747  1 1 0 0 0 0 0 0 0 100 470 
2.407 2 1 1 0 0.1181 0.1253 0.0415 0.0024 -0.012956 0.106617 -4.1800 0 -1.0608 0  716 1034 1137 1071 1042 977 942 760  1 1 0 0 0 0 0 0 0 100 450 
2.412 2 1 1 0 0.1161 0.0823 0.0421 0.0024 -0.015547 0.106640 -4.1800 0 -1.0608 0  722 1036 1094 1068 1038 957 939 745  1 1 0 0 0 0 0 0 0 100 470 
2.417 2 1 1 0 0.1462 0.1329 0.0429 0.0024 -0.015547 0.107173 -4.1800 0 -1.0608 0  718 1027 1084 1073 1051 966 940 735  1 1 0 0 0 0 0 0 0 100 460 
2.422 2 1 1 0 0.1530 0.1687 0.0435 0.0024 -0.012956 0.108106 -4.1800 0 -1.0608 0  717 1030 1129 1078 1067 988 935 738  1 1 0 0 0 0 0 0 0 100 470 
2.427 2 1 1 0 0.1554 0.1940 0.0443 0.0024 -0.012956 0.108873 -4.1800 0 -1.0608 0  716 1025 1114 1077 1062 997 948 759  1 1 0 0 0 0 0 0 0 100 450 
2.432 2 1 1 0 0.1434 0.1422 0.0451 0.0024 -0.012956 0.108607 -4.1800 0 -1.0608 0  714 1024 1141 1072 1065 980 942 732  1 1 0 0 0 0 0 0 0 100 460 
2.437 2 1 1 0 0.1450 0.1205 0.0457 0.0024 -0.015547 0.108053 -4.1800 0 -1.0608 0  715 1023 1084 1072 1073 975 941 748  1 1 0 0 0 0 0 0 0 100 460 
2.442 2 1 1 0 0.1735 0.1482 0.0465 0.0024 -0.015547 0.108028 -4.1800 0 -1.0608 0  705 1008 1084 1082 1080 1002 948 744  1 1 0 0 0 0 0 0 0 100 470 
2.447 2 1 1 0 0.1699 0.2217 0.0476 0.0024 -0.012956 0.108307 -4.1800 0 -1.0608 0  704 1012 1112 1078 1100 989 947 753  1 1 0 0 0 0 0 0 0 100 470 
2.452 2 1 1 0 0.1847 0.1928 0.0484 0.0024 -0.012956 0.108263 -4.1800 0 -1.0608 0  708 1010 1091 1087 1084 1025 946 739  1 1 0 0 0 0 0 0 0 100 460 
2.457 2 1 1 0 0.1807 0.1566 0.0492 0.0023 -0.012956 0.107853 -4.1800 0 -1.0608 0  706 1006 1110 1085 1084 1017 949 745  1 1 0 0 0 0 0 0 0 100 460 
2.462 2 1 1 0 0.2133 0.1550 0.0502 0.0023 -0.015547 0.107014 -4.1800 0 -1.0608 0  689 1002 1081 1089 1084 966 955 747  1 1 0 0 0 0 0 0 0 100 470 
2.467 2 1 1 0 0.1948 0.2434 0.0512 0.0023 -0.012956 0.106418 -4.1800 0 -1.0608 0  684 1001 1062 1093 1086 970 945 746  1 1 0 0 0 0 0 0 0 100 460 
2.472 2 1 1 0 0.1663 0.2293 0.0522 0.0023 -0.010364 0.106011 -4.1800 0 -1.0608 0  681 992 1081 1092 1081 995 947 765  1 1 0 0 0 0 0 0 0 100 460 
2.477 2 1 1 0 0.2281 0.1815 0.0532 0.0023 -0.012956 0.105510 -4.1800 0 -1.0608 0  699 991 1084 1091 1075 986 948 751  1 1 0 0 0 0 0 0 0 100 460 
2.482 2 1 1 0 0.2462 0.2133 0.0544 0.0023 -0.012956 0.103719 -4.1800 0 -1.0608 0  720 986 1087 1100 1075 1024 950 752  1 1 0 0 0 0 0 0 0 100 460 
2.487 2 1 1 0 0.1450 0.2133 0.0554 0.0023 -0.010364 0.101815 -4.1800 0 -1.0608 0  685 978 1078 1076 1063 973 945 754  1 1 0 0 0 0 0 0 0 100 460 
2.492 2 1 1 0 0.2554 0.2181 0.0566 0.0023 -0.010364 0.101443 -4.1800 0 -1.0608 0  648 958 1050 1063 1061 1005 983 778  1 1 0 0 0 0 0 0 0 100 460 
2.497 2 1 1 0 0.2510 0.2217 0.0574 0.0022 -0.010364 0.100914 -4.1800 0 -1.0608 0  700 971 1087 1090 1061 958 943 748  1 1 0 0 0 0 0 0 0 100 460 
2.502 2 1 1 0 0.2281 0.2446 0.0586 0.0022 -0.010364 0.099464 -4.1800 0 -1.0608 0  659 969 1104 1080 1053 976 945 748  1 1 0 0 0 0 0 0 0 100 460 
2.507 2 1 1 0 0.2434 0.2333 0.0598 0.0022 -0.010364 0.098117 -4.1800 0 -1.0608 0  663 969 1071 1109 1054 969 943 740  1 1 0 0 0 0 0 0 0 100 470 
2.512 2 1 1 0 0.2157 0.2241 0.0610 0.0022 -0.010364 0.096808 -4.1800 0 -1.0608 0  668 959 1078 1075 1050 980 939 739  1 1 0 0 0 0 0 0 0 100 470 
2.517 2 1 1 0 0.2253 0.2402 0.0622 0.0022 -0.010364 0.095162 -4.1800 0 -1.0608 0  624 956 1066 1067 1046 943 929 740  1 1 0 0 0 0 0 0 0 100 430 
2.522 2 1 1 0 0.2133 0.2510 0.0634 0.0022 -0.010364 0.093963 -4.1800 0 -1.0608 0  679 959 1078 1062 1041 940 919 739  1 1 0 0 0 0 0 0 0 100 460 
2.527 2 1 1 0 0.2695 0.2434 0.0646 0.0022 -0.010364 0.092788 -4.1800 0 -1.0608 0  661 956 1073 1067 1035 932 939 742  1 1 0 0 0 0 0 0 0 100 460 
2.532 2 1 1 0 0.3016 0.2623 0.0658 0.0022 -0.010364 0.091711 -4.1800 0 -1.0608 0  690 965 1068 1083 1030 967 917 737  1 1 0 0 0 0 0 0 0 100 460 
2.537 2 1 1 0 0.2695 0.2695 0.0670 0.0021 -0.010364 0.090696 -4.1800 0 -1.0608 0  690 953 1074 1044 1029 957 892 740  1 1 0 0 0 0 0 0 0 100 460 
2.542 2 1 1 0 0.2100 0.2522 0.0682 0.0021 -0.010364 0.089218 -4.1800 0 -1.0608 0  670 961 1049 1024 1021 927 926 735  1 1 0 0 0 0 0 0 0 100 460 
2.547 2 1 1 0 0.2928 0.2639 0.0698 0.0021 -0.010364 0.087740 -4.1800 0 -1.0608 0  649 950 1054 1052 1021 930 917 741  1 1 0 0 0 0 0 0 0 100 460 
2.552 2 1 1 0 0.2574 0.2590 0.0710 0.0021 -0.010364 0.086014 -4.1800 0 -1.0608 0  623 947 1046 1034 1011 940 943 742  1 1 0 0 0 0 0 0 0 100 470 
2.557 2 1 1 0 0.2827 0.2623 0.0723 0.0021 -0.010364 0.084349 -4.1800 0 -1.0608 0  658 955 1043 1040 1004 937 929 749  1 1 0 0 0 0 0 0 0 100 460 
2.562 2 1 1 0 0.3896 0.3040 0.0739 0.0021 -0.010364 0.083182 -4.1800 0 -1.0608 0  673 938 1038 1021 998 933 918 757  1 1 0 0 0 0 0 0 0 100 460 
2.567 2 1 1 0 0.2827 0.2747 0.0751 0.0021 -0.010364 0.082199 -4.1800 0 -1.0608 0  639 907 1036 1030 1000 933 945 763  1 1 0 0 0 0 0 0 0 100 460 
2.572 2 1 1 0 0.2827 0.2908 0.0767 0.0020 -0.010364 0.080332 -4.1800 0 -1.0608 0  645 939 1032 1015 992 924 929 765  1 1 0 0 0 0 0 0 0 100 450 
2.577 2 1 1 0 0.2623 0.2711 0.0779 0.0020 -0.010364 0.078262 -4.1800 0 -1.0608 0  654 931 1031 1017 989 926 944 762  1 1 0 0 0 0 0 0 0 100 460 
2.582 2 1 1 0 0.2767 0.2868 0.0793 0.0020 -0.007773 0.076071 -4.1800 0 -1.0608 0  667 937 1037 1012 995 924 936 764  1 1 0 0 0 0 0 0 0 100 470 
2.587 2 1 1 0 0.3016 0.3040 0.0807 0.0020 -0.010364 0.074568 -4.1800 0 -1.0608 0  623 941 1037 1021 1005 943 920 754  1 1 0 0 0 0 0 0 0 100 470 
2.592 2 1 1 0 0.3213 0.2868 0.0823 0.0020 -0.010364 0.073778 -4.1800 0 -1.0608 0  665 933 1039 1015 1010 937 924 764  1 1 0 0 0 0 0 0 0 100 460 
2.597 2 1 1 0 0.3237 0.3064 0.0837 0.0020 -0.007773 0.072475 -4.1800 0 -1.0608 0  622 913 1040 1042 1016 947 938 763  1 1 0 0 0 0 0 0 0 100 470 
2.602 2 1 1 0 0.3161 0.2787 0.0851 0.0020 -0.010364 0.070610 -4.1800 0 -1.0608 0  646 936 1045 1025 1020 948 944 762  1 1 0 0 0 0 0 0 0 100 470 
2.607 2 1 1 0 0.2747 0.2827 0.0865 0.0020 -0.007773 0.068714 -4.1800 0 -1.0608 0  653 960 1044 1049 1009 956 963 761  1 1 0 0 0 0 0 0 0 100 460 
2.612 2 1 1 0 0.2952 0.2888 0.0881 0.0019 -0.007773 0.066781 -4.1800 0 -1.0608 0  624 941 1048 1054 1035 956 940 751  1 1 0 0 0 0 0 0 0 100 470 
2.617 2 1 1 0 0.3213 0.3088 0.0895 0.0019 -0.010364 0.065897 -4.1800 0 -1.0608 0  642 934 1057 1029 1048 960 926 746  1 1 0 0 0 0 0 0 0 100 470 
2.622 2 1 1 0 0.2675 0.3137 0.0909 0.0019 -0.007773 0.064785 -4.1800 0 -1.0608 0  646 962 1057 1034 1042 962 934 745  1 1 0 0 0 0 0 0 0 100 460 
2.627 2 1 1 0 0.2478 0.2952 0.0925 0.0019 -0.007773 0.063291 -4.1800 0 -1.0608 0  641 942 1060 1062 1057 966 930 749  1 1 0 0 0 0 0 0 0 100 460 
2.632 2 1 1 0 0.2217 0.3064 0.0941 0.0019 -0.007773 0.061339 -4.1800 0 -1.0608 0  650 995 1067 1084 1088 971 931 752  1 1 0 0 0 0 0 0 0 100 460 
2.637 2 1 1 0 0.3137 0.2908 0.0953 0.0019 -0.007773 0.059450 -4.1800 0 -1.0608 0  655 964 1079 1083 1058 966 914 749  1 1 0 0 0 0 0 0 0 100 460 
2.642 2 1 1 0 0.3374 0.3237 0.0969 0.0019 -0.007773 0.058776 -4.1800 0 -1.0608 0  659 956 1078 1098 1067 968 893 738  1 1 0 0 0 0 0 0 0 100 470 
2.647 2 1 1 0 0.3402 0.3161 0.0986 0.0019 -0.007773 0.057892 -4.1800 0 -1.0608 0  657 951 1088 1079 1022 964 921 724  1 1 0 0 0 0 0 0 0 100 460 
2.652 2 1 1 0 0.3213 0.2996 0.1002 0.0018 -0.007773 0.056617 -4.1800 0 -1.0608 0  665 979 1089 1092 1058 958 889 729  1 1 0 0 0 0 0 0 0 100 460 
2.657 2 1 1 0 0.3113 0.3213 0.1018 0.0018 -0.007773 0.055097 -4.1800 0 -1.0608 0  664 985 1096 1078 1056 941 876 727  1 1 0 0 0 0 0 0 0 100 470 
2.662 2 1 1 0 0.3289 0.3185 0.1034 0.0018 -0.007773 0.053414 -4.1800 0 -1.0608 0  669 959 1094 1070 1033 932 881 715  1 1 0 0 0 0 0 0 0 100 460 
2.667 2 1 1 0 0.3430 0.3289 0.1050 0.0018 -0.007773 0.052811 -4.1800 0 -1.0608 0  670 981 1086 1064 1006 919 878 692  1 1 0 0 0 0 0 0 0 100 460 
2.672 2 1 1 0 0.3490 0.3237 0.1066 0.0018 -0.007773 0.052068 -4.1800 0 -1.0608 0  676 970 1085 1059 1004 915 872 673  1 1 0 0 0 0 0 0 0 100 460 
2.677 2 1 1 0 0.3462 0.3113 0.1082 0.0018 -0.007773 0.051263 -4.1800 0 -1.0608 0  677 938 1082 1055 992 904 865 708  1 1 0 0 0 0 0 0 0 100 460 
2.682 2 1 1 0 0.3088 0.3265 0.1098 0.0018 -0.007773 0.049905 -4.1800 0 -1.0608 0  675 972 1071 1046 1018 903 865 715  1 1 0 0 0 0 0 0 0 100 460 
2.687 2 1 1 0 0.3088 0.2996 0.1112 0.0018 -0.005182 0.047925 -4.1800 0 -1.0608 0  677 983 1062 1042 1002 894 862 696  1 1 0 0 0 0 0 0 0 100 470 
2.692 2 1 1 0 0.3651 0.2908 0.1128 0.0017 -0.005182 0.047241 -4.1800 0 -1.0608 0  669 966 1062 1035 1012 890 857 703  1 1 0 0 0 0 0 0 0 100 470 
2.697 2 1 1 0 0.3936 0.3161 0.1144 0.0017 -0.005182 0.046684 -4.1800 0 -1.0608 0  669 956 1054 1029 1001 897 859 708  1 1 0 0 0 0 0 0 0 100 470 
2.702 2 1 1 0 0.3522 0.3402 0.1162 0.0017 -0.007773 0.046611 -4.1800 0 -1.0608 0  670 977 1053 1033 999 903 860 699  1 1 0 0 0 0 0 0 0 100 460 
2.707 2 1 1 0 0.2908 0.3317 0.1176 0.0017 -0.005182 0.045473 -4.1800 0 -1.0608 0  665 980 1047 1030 977 892 858 718  1 1 0 0 0 0 0 0 0 100 470 
2.712 2 1 1 0 0.2787 0.3374 0.1192 0.0017 -0.005182 0.043441 -4.1800 0 -1.0608 0  659 947 1045 1035 1010 888 868 705  1 1 0 0 0 0 0 0 0 100 470 
2.717 2 1 1 0 0.3185 0.3402 0.1208 0.0017 -0.005182 0.042372 -4.1800 0 -1.0608 0  655 958 1048 1033 955 895 863 656  1 1 0 0 0 0 0 0 0 100 460 
2.722 2 1 1 0 0.3651 0.3522 0.1225 0.0017 -0.005182 0.041873 -4.1800 0 -1.0608 0  658 946 1020 1032 985 895 856 700  1 1 0 0 0 0 0 0 0 100 470 
2.727 2 1 1 0 0.3787 0.3550 0.1243 0.0017 -0.002591 0.041467 -4.1800 0 -1.0608 0  653 967 1049 1035 969 905 866 704  1 1 0 0 0 0 0 0 0 100 460 
2.732 2 1 1 0 0.3787 0.3490 0.1259 0.0017 -0.002591 0.040520 -4.1800 0 -1.0608 0  652 964 1046 1030 1008 903 869 727  1 1 0 0 0 0 0 0 0 100 470 
2.737 2 1 1 0 0.3064 0.3374 0.1275 0.0017 -0.002591 0.038758 -4.1800 0 -1.0608 0  654 926 1029 1036 1001 911 878 714  1 1 0 0 0 0 0 0 0 100 460 
2.742 2 1 1 0 0.3490 0.3430 0.1293 0.0017 0.000000 0.037977 -4.1800 0 -1.0608 0  643 926 1036 1029 1026 910 875 745  1 1 0 0 0 0 0 0 0 100 430 
2.747 2 1 1 0 0.3683 0.3490 0.1309 0.0017 0.000000 0.037789 -4.1800 0 -1.0608 0  645 932 1045 1034 1025 903 876 714  1 1 0 0 0 0 0 0 0 100 430 
2.752 2 1 1 0 0.3462 0.3582 0.1327 0.0017 -0.002591 0.038008 -4.1800 0 -1.0608 0  654 923 1017 1033 1002 919 877 714  1 1 0 0 0 0 0 0 0 100 460 
2.757 2 1 1 0 0.3582 0.3161 0.1341 0.0017 0.000000 0.036809 -4.1800 0 -1.0608 0  647 922 1042 1034 1023 932 876 734  1 1 0 0 0 0 0 0 0 100 470 
2.762 2 1 1 0 0.3265 0.3137 0.1357 0.0017 0.000000 0.035855 -4.1800 0 -1.0608 0  643 923 1021 1033 995 902 880 723  1 1 0 0 0 0 0 0 0 100 430 
2.767 2 1 1 0 0.3651 0.3317 0.1375 0.0017 -0.002591 0.035495 -4.1800 0 -1.0608 0  645 929 1004 1031 999 908 887 732  1 1 0 0 0 0 0 0 0 100 460 
2.772 2 1 1 0 0.3715 0.3237 0.1393 0.0017 0.000000 0.035490 -4.1800 0 -1.0608 0  643 927 1035 1036 1001 910 888 752  1 1 0 0 0 0 0 0 0 100 430 
2.777 2 1 1 0 0.3550 0.3402 0.1409 0.0017 0.000000 0.035211 -4.1800 0 -1.0608 0  647 921 1030 1041 999 929 889 738  1 1 0 0 0 0 0 0 0 100 430 
2.782 2 1 1 0 0.3430 0.3430 0.1425 0.0017 0.000000 0.034137 -4.1800 0 -1.0608 0  638 929 1037 1041 1007 920 893 747  1 1 0 0 0 0 0 0 0 100 420 
2.787 2 1 1 0 0.3522 0.3550 0.1441 0.0017 0.000000 0.033160 -4.1800 0 -1.0608 0  647 924 1076 1043 1006 912 895 779  1 1 0 0 0 0 0 0 0 100 430 
2.792 2 1 1 0 0.2848 0.3402 0.1461 0.0017 0.000000 0.033125 -4.1800 0 -1.0608 0  648 924 1040 1042 1015 898 901 773  1 1 0 0 0 0 0 0 0 100 430 
2.797 2 1 1 0 0.3936 0.3683 0.1478 0.0017 0.000000 0.032993 -4.1800 0 -1.0608 0  651 934 1018 1041 1011 895 906 761  1 1 0 0 0 0 0 0 0 100 430 
2.802 2 1 1 0 0.2767 0.3615 0.1496 0.0017 0.002591 0.032371 -4.1800 0 -1.0608 0  651 928 1057 1045 1011 909 918 802  1 1 0 0 0 0 0 0 0 100 460 
2.807 2 1 1 0 0.2675 0.3550 0.1512 0.0017 0.002591 0.031024 -4.1800 0 -1.0608 0  650 930 1046 1054 1013 925 933 800  1 1 0 0 0 0 0 0 0 100 460 
2.812 2 1 1 0 0.2731 0.3582 0.1528 0.0017 0.002591 0.030915 -4.1800 0 -1.0608 0  663 935 1074 1045 1010 921 955 814  1 1 0 0 0 0 0 0 0 100 460 
2.817 2 1 1 0 0.3651 0.3374 0.1548 0.0017 0.002591 0.030805 1.8140 1 4.1800 0  654 929 1044 1045 1005 899 965 847  1 1 0 0 0 0 0 5 0 100 500 
2.822 2 1 1 0 0.3430 0.3522 0.1564 0.0017 0.002591 0.030662 1.7326 1 4.1800 0  652 936 1055 1046 1000 961 998 882  1 1 0 0 0 0 0 10 0 100 500 
2.827 2 1 2 0 0.3185 0.3522 0.1582 0.0017 0.005182 0.029867 1.7211 1 4.1800 0  653 927 1049 1049 998 946 1031 917  1 1 0 0 0 0 0 15 0 100 500 
2.832 2 1 2 0 0.3374 0.3582 0.1598 0.0017 0.005182 0.028902 1.7301 1 4.1800 0  667 931 1033 1036 994 933 1056 949  1 1 0 0 0 0 0 20 0 100 500 
2.837 2 1 2 0 0.3582 0.3522 0.1616 0.0017 0.007773 0.029484 1.6007 1 4.1800 0  686 927 1038 1033 997 1003 1092 983  1 1 0 0 0 0 0 20 0 100 500 
2.842 2 1 2 0 0.3823 0.3751 0.1634 0.0017 0.005182 0.029772 1.6047 1 4.1800 0  646 923 1018 1036 1008 980 1127 1007  1 1 0 0 0 0 0 20 0 100 500 
2.847 2 1 2 0 0.3976 0.3683 0.1652 0.0017 0.007773 0.029862 1.3864 1 4.1800 0  660 926 1022 1020 1016 1029 1175 1031  1 1 0 0 0 0 0 20 0 100 500 
2.852 2 1 2 0 0.3185 0.3715 0.1668 0.0018 0.007773 0.029057 1.1801 1 4.1800 0  663 916 1010 1006 1024 1074 1197 1052  1 1 0 0 0 0 0 20 0 100 500 
2.857 2 1 2 0 0.3651 0.3715 0.1686 0.0018 0.010364 0.028846 1.1368 1 4.1800 0  641 902 999 1007 1027 1083 1220 1064  1 1 0 0 0 0 0 20 0 100 500 
2.862 2 1 2 0 0.3823 0.3715 0.1706 0.0018 0.010364 0.029117 0.9176 1 4.1800 0  695 905 998 995 1066 1121 1255 1067  1 1 0 0 0 0 0 20 0 100 490 
2.867 2 1 2 0 0.3715 0.3615 0.1723 0.0018 0.010364 0.029274 0.7526 1 4.1800 0  648 901 999 1021 1097 1166 1285 1081  1 1 0 0 0 0 0 20 0 100 490 
2.872 2 1 2 0 0.3615 0.3787 0.1741 0.0018 0.012956 0.028835 0.6289 1 4.1800 0  625 891 986 1022 1125 1181 1320 1093  1 1 0 0 0 0 0 20 0 100 490 
2.877 2 1 2 0 0.3651 0.3490 0.1757 0.0018 0.012956 0.028138 0.4362 1 4.1800 0  654 891 975 1047 1164 1242 1349 1091  1 1 0 0 0 0 0 20 0 100 500 
2.882 2 1 2 0 0.3374 0.3651 0.1777 0.0019 0.012956 0.028067 0.2520 1 4.1800 0  631 894 992 1083 1208 1281 1376 1097  1 1 0 0 0 0 0 20 0 100 490 
2.887 2 1 2 0 0.3430 0.3550 0.1793 0.0019 0.012956 0.028352 0.1207 1 4.1800 0  658 897 990 1091 1246 1325 1342 1103  1 1 0 0 0 0 0 20 0 100 490 
2.892 2 1 2 0 0.3683 0.3651 0.1813 0.0019 0.012956 0.028621 -0.0436 1 4.1800 0  646 900 1019 1127 1294 1356 1382 1108  1 1 0 0 0 0 0 20 0 100 490 
2.897 2 1 2 0 0.3374 0.3615 0.1829 0.0019 0.012956 0.028028 -0.1566 1 4.1800 0  661 921 1051 1171 1328 1384 1393 1105  1 1 0 0 0 0 0 20 0 100 490 
2.902 2 1 2 0 0.4056 0.3615 0.1849 0.0020 0.012956 0.027498 -0.2639 1 4.1800 0  645 918 1065 1195 1359 1402 1419 1116  1 1 0 0 0 0 0 20 0 100 490 
2.907 2 1 2 0 0.3651 0.3490 0.1865 0.0020 0.012956 0.027383 -0.3564 1 4.1800 0  661 934 1092 1228 1394 1435 1459 1122  1 1 0 0 0 0 0 20 0 100 490 
2.912 2 1 2 0 0.3751 0.3430 0.1885 0.0020 0.012956 0.027437 -0.6006 1 4.1800 0  673 944 1107 1288 1423 1439 1412 1127  1 1 0 0 0 0 0 20 0 100 490 
2.917 2 1 2 0 0.3522 0.3582 0.1901 0.0020 0.012956 0.026684 -0.6093 1 4.1800 0  655 944 1127 1282 1444 1439 1433 1133  1 1 0 0 0 0 0 20 0 100 490 
2.922 2 1 2 0 0.3265 0.3651 0.1919 0.0021 0.015547 0.026180 -0.7226 1 4.1800 0  659 963 1135 1321 1457 1442 1443 1130  1 1 0 0 0 0 0 20 0 100 500 
2.927 2 1 2 0 0.3088 0.3615 0.1937 0.0021 0.012956 0.026336 -0.7579 1 4.1800 0  669 974 1146 1342 1469 1443 1436 1128  1 1 0 0 0 0 0 20 0 100 490 
2.932 2 1 2 0 0.3823 0.3550 0.1957 0.0021 0.012956 0.026798 -0.8306 1 4.1800 0  670 986 1160 1366 1487 1451 1438 1124  1 1 0 0 0 0 0 20 0 100 490 
2.937 2 1 2 0 0.3430 0.3751 0.1976 0.0021 0.015547 0.026537 -0.8401 1 4.1800 0  688 981 1173 1371 1497 1454 1439 1114  1 1 0 0 0 0 0 20 0 100 490 
2.942 2 1 2 0 0.3582 0.3715 0.1992 0.0022 0.015547 0.025887 -0.8846 1 4.1800 0  706 972 1187 1360 1501 1452 1421 1108  1 1 0 0 0 0 0 20 0 100 500 
2.947 2 1 2 0 0.4016 0.3651 0.2012 0.0022 0.015547 0.026344 -0.8528 1 4.1800 0  703 1003 1195 1375 1515 1447 1410 1099  1 1 0 0 0 0 0 20 0 100 480 
2.952 2 1 2 0 0.4225 0.3490 0.2030 0.0022 0.012956 0.026797 -0.9737 1 4.1800 0  682 988 1210 1395 1523 1447 1407 1096  1 1 0 0 0 0 0 20 0 100 490 
2.957 2 1 2 0 0.3462 0.3787 0.2048 0.0022 0.015547 0.027286 -0.9532 1 4.1800 0  705 1021 1227 1400 1524 1442 1387 1084  1 1 0 0 0 0 0 20 0 100 490 
2.962 2 1 2 0 0.4056 0.3860 0.2068 0.0023 0.015547 0.026752 -1.0881 1 4.1800 0  693 1052 1246 1405 1535 1444 1408 1072  1 1 0 0 0 0 0 20 0 100 490 
2.967 2 1 2 0 0.3936 0.3823 0.2086 0.0023 0.012956 0.026699 -1.1331 1 4.1800 0  700 1040 1260 1463 1550 1435 1385 1064  1 1 0 0 0 0 0 20 0 100 480 
2.972 2 1 2 0 0.4362 0.3683 0.2106 0.0023 0.012956 0.027156 -1.2890 1 4.1800 0  692 1032 1284 1460 1554 1429 1378 1044  1 1 0 0 0 0 0 20 0 100 490 
2.977 2 1 2 0 0.4137 0.3787 0.2124 0.0023 0.010364 0.027303 -1.3187 1 4.1800 0  708 1054 1301 1497 1541 1425 1359 1034  1 1 0 0 0 0 0 20 0 100 490 
2.982 2 1 2 0 0.3823 0.3651 0.2144 0.0024 0.010364 0.026775 -1.4699 1 4.1800 0  683 1048 1320 1494 1563 1422 1363 1009  1 1 0 0 0 0 0 20 0 100 480 
2.987 2 1 2 0 0.3823 0.3787 0.2164 0.0024 0.010364 0.026448 -1.8094 1 4.1800 0  693 1130 1342 1511 1512 1424 1362 1006  1 1 0 0 0 0 0 20 0 100 490 
2.992 2 1 2 0 0.3896 0.3683 0.2180 0.0024 0.010364 0.026466 -1.5408 1 4.1800 0  712 1084 1358 1506 1558 1420 1318 988  1 1 0 0 0 0 0 20 0 100 500 
2.997 2 1 2 0 0.4097 0.3751 0.2200 0.0024 0.010364 0.026475 -1.6292 1 4.1800 0  720 1113 1372 1529 1553 1418 1345 977  1 1 0 0 0 0 0 20 0 100 500 
3.002 2 1 2 0 0.4097 0.3936 0.2220 0.0024 0.010364 0.025927 -1.6587 1 3.8317 1  724 1116 1393 1530 1546 1416 1320 963  1 1 0 0 0 0 0 20 1 100 500 
3.007 2 1 2 0 0.3237 0.4016 0.2241 0.0025 0.010364 0.026161 -1.7375 1 4.1800 0  730 1137 1414 1559 1570 1411 1310 975  1 1 0 0 0 0 2 15 0 100 500 
3.012 2 1 2 0 0.4317 0.3402 0.2259 0.0025 0.007773 0.026097 -1.7375 0 4.1800 0  741 1160 1438 1564 1598 1419 1296 924  1 1 0 0 0 0 7 5 0 100 460 
3.017 2 1 2 0 0.4016 0.3896 0.2279 0.0025 0.007773 0.026086 -1.7375 0 4.1800 0  750 1197 1451 1582 1570 1408 1256 908  1 1 0 0 0 0 12 0 0 100 440 
3.022 2 1 2 0 0.4317 0.3787 0.2299 0.0025 0.007773 0.025419 -1.7375 0 4.1800 0  755 1184 1476 1586 1581 1408 1264 896  1 1 0 0 0 0 17 0 0 100 450 
3.027 2 1 2 0 0.3317 0.3823 0.2319 0.0025 0.007773 0.025673 -1.7375 0 4.1800 0  768 1223 1492 1595 1573 1401 1242 893  1 1 0 0 1 0 20 0 0 100 450 
3.032 2 1 2 0 0.4225 0.3860 0.2337 0.0025 0.005182 0.025568 -1.7375 0 4.1800 0  782 1225 1509 1594 1554 1401 1234 885  1 1 0 0 1 0 20 0 0 100 460 
3.037 2 1 2 0 0.3683 0.4016 0.2357 0.0025 0.005182 0.025166 -1.7375 0 4.1800 0  789 1248 1519 1604 1591 1396 1235 840  1 1 0 0 1 0 20 0 0 100 450 
3.042 2 1 2 0 0.4097 0.4016 0.2377 0.0026 0.005182 0.024338 -1.7375 0 4.1800 0  793 1256 1524 1585 1563 1387 1201 824  1 1 0 0 1 0 20 0 0 100 460 
3.047 2 1 2 0 0.3430 0.3683 0.2397 0.0026 0.005182 0.024500 -1.7375 0 4.1800 0  808 1272 1535 1590 1577 1373 1192 846  1 1 0 0 1 0 20 0 0 100 450 
3.052 2 1 2 0 0.3896 0.4016 0.2417 0.0026 0.005182 0.024803 -2.7794 0 2.1608 0  822 1315 1545 1583 1537 1367 1176 835  1 1 0 0 1 0 19 0 0 100 450 
3.057 2 1 2 0 0.3896 0.4137 0.2437 0.0026 0.005182 0.024615 -3.0296 0 2.1610 0  832 1318 1542 1583 1541 1348 1159 826  1 1 0 0 1 0 20 0 0 100 460 
3.062 2 1 2 0 0.3751 0.3896 0.2457 0.0026 0.005182 0.023981 -3.6548 1 2.0786 1  845 1346 1559 1576 1553 1328 1141 793  1 1 0 0 1 0 19 1 1 100 500 
3.067 2 1 2 0 0.3896 0.4016 0.2480 0.0026 0.002591 0.023492 -4.1800 0 1.9552 1  860 1339 1570 1581 1524 1321 1125 816  1 1 0 0 1 0 14 0 6 100 490 
3.072 2 1 2 0 0.4410 0.3751 0.2498 0.0026 0.000000 0.023675 -4.1800 0 1.9576 1  870 1372 1575 1574 1519 1310 1109 787  1 1 0 0 1 0 9 0 11 100 490 
3.077 2 1 2 0 0.4181 0.4016 0.2518 0.0026 0.000000 0.022914 -4.1800 0 1.8938 1  880 1377 1588 1577 1546 1297 1091 782  1 1 0 0 1 0 4 0 16 100 450 
3.082 2 1 2 0 0.3823 0.3860 0.2538 0.0026 0.000000 0.021980 -4.1800 0 1.9461 1  890 1403 1593 1575 1520 1292 1075 765  1 1 0 0 0 0 0 0 20 100 450 
3.087 2 1 2 0 0.4225 0.3936 0.2560 0.0026 -0.002591 0.021754 -4.1800 0 1.8262 1  901 1412 1629 1581 1517 1273 1061 753  1 1 0 0 0 0 0 0 20 100 480 
3.092 2 1 2 0 0.4362 0.3860 0.2580 0.0026 -0.002591 0.021432 -4.1800 0 1.7692 1  919 1418 1599 1574 1501 1267 1046 753  1 1 0 0 0 0 0 0 20 100 480 
3.097 2 1 2 0 0.3289 0.4097 0.2600 0.0026 -0.002591 0.020801 -4.1800 0 1.6799 1  914 1439 1589 1588 1509 1230 1042 766  1 1 0 0 0 0 0 0 20 100 480 
3.102 2 1 2 0 0.3787 0.3976 0.2620 0.0026 -0.002591 0.020351 -4.1800 0 1.6517 1  929 1446 1595 1564 1483 1221 1017 743  1 1 0 0 0 0 0 0 20 100 480 
3.107 2 1 2 0 0.4510 0.4016 0.2642 0.0026 -0.005182 0.020562 -4.1800 0 1.6340 1  944 1437 1590 1553 1469 1222 1002 734  1 1 0 0 0 0 0 0 20 100 480 
3.112 2 1 2 0 0.3289 0.4056 0.2662 0.0026 -0.005182 0.019698 -4.1800 0 1.3834 1  943 1443 1579 1543 1430 1151 990 748  1 1 0 0 0 0 0 0 20 100 480 
3.117 2 1 2 0 0.3651 0.4016 0.2682 0.0026 -0.005182 0.018495 -4.1800 0 1.3215 1  961 1438 1551 1530 1414 1142 976 748  1 1 0 0 0 0 0 0 20 100 480 
3.122 2 1 2 0 0.4016 0.4097 0.2702 0.0026 -0.005182 0.018285 -4.1800 0 1.2459 1  972 1449 1577 1520 1395 1124 949 738  1 1 0 0 0 0 0 0 20 100 480 
3.127 2 1 2 0 0.4462 0.4016 0.2723 0.0025 -0.005182 0.018102 -4.1800 0 1.1303 1  985 1440 1577 1514 1377 1098 922 731  1 1 0 0 0 0 0 0 20 100 490 
3.132 2 1 2 0 0.4181 0.3823 0.2745 0.0025 -0.007773 0.018431 -4.1800 0 1.1133 1  977 1436 1549 1501 1375 1086 900 718  1 1 0 0 0 0 0 0 20 100 480 
3.137 2 1 2 0 0.4410 0.4016 0.2765 0.0025 -0.007773 0.018266 -4.1800 0 1.2350 1  988 1439 1578 1487 1329 1087 877 675  1 1 0 0 0 0 0 0 20 100 490 
3.142 2 1 2 0 0.4056 0.4137 0.2785 0.0025 -0.007773 0.018354 -4.1800 0 0.8600 1  1005 1443 1529 1476 1315 996 866 684  1 1 0 0 0 0 0 0 20 100 480 
3.147 2 1 2 0 0.3823 0.4181 0.2807 0.0025 -0.010364 0.018299 -4.1800 0 0.8693 1  1003 1451 1552 1465 1295 1005 854 679  1 1 0 0 0 0 0 0 20 100 490 
3.152 2 1 2 0 0.4462 0.4137 0.2829 0.0025 -0.007773 0.017448 -4.1800 0 0.7405 1  1006 1446 1559 1455 1271 980 847 692  1 1 0 0 0 0 0 0 20 100 490 
3.157 2 1 2 0 0.3582 0.3751 0.2851 0.0024 -0.010364 0.017259 -4.1800 0 0.6915 1  1022 1455 1545 1435 1249 968 842 681  1 1 0 0 0 0 0 0 20 100 480 
3.162 2 1 2 0 0.4016 0.3896 0.2871 0.0024 -0.010364 0.017259 -4.1800 0 0.6265 1  1020 1453 1557 1429 1225 976 846 685  1 1 0 0 0 0 0 0 20 100 480 
3.167 2 1 2 0 0.4410 0.4016 0.2893 0.0024 -0.012956 0.017503 -4.1800 0 0.4875 1  1015 1453 1552 1411 1207 908 846 693  1 1 0 0 0 0 0 0 20 100 480 
3.172 2 1 2 0 0.3976 0.4016 0.2913 0.0024 -0.012956 0.017154 -4.1800 0 0.4081 1  1013 1443 1537 1393 1186 900 849 695  1 1 0 0 0 0 0 0 20 100 480 
3.177 2 1 2 0 0.4181 0.4097 0.2933 0.0023 -0.012956 0.016771 -4.1800 0 0.3282 1  1009 1432 1520 1376 1169 903 853 695  1 1 0 0 0 0 0 0 20 100 490 
3.182 2 1 2 0 0.4462 0.4181 0.2955 0.0023 -0.015547 0.016593 -4.1800 0 0.2620 1  984 1428 1499 1357 1152 883 850 691  1 1 0 0 0 0 0 0 20 100 480 
3.187 2 1 2 0 0.3462 0.4016 0.2976 0.0023 -0.015547 0.016243 -4.1800 0 0.2137 1  1010 1410 1494 1334 1131 924 846 676  1 1 0 0 0 0 0 0 20 100 480 
3.192 2 1 2 0 0.3936 0.4269 0.2998 0.0022 -0.012956 0.016079 -4.1800 0 0.1639 1  980 1399 1471 1325 1115 881 841 672  1 1 0 0 0 0 0 0 20 100 500 
3.197 2 1 2 0 0.4667 0.4137 0.3020 0.0022 -0.015547 0.016291 -4.1800 0 0.0956 1  931 1388 1481 1290 1101 897 839 664  1 1 0 0 0 0 0 0 20 100 480 
3.202 2 1 2 0 0.3490 0.4317 0.3040 0.0022 -0.015547 0.016219 -4.1800 0 0.0449 1  936 1379 1441 1276 1088 872 828 660  1 1 0 0 0 0 0 0 20 100 480 
3.207 2 1 2 0 0.4462 0.4225 0.3062 0.0021 -0.018138 0.015675 -4.1800 0 0.0610 1  926 1374 1432 1276 1077 892 835 646  1 1 0 0 0 0 0 0 20 100 490 
3.212 2 1 2 0 0.4462 0.4317 0.3084 0.0021 -0.015547 0.015906 -4.1800 0 0.0593 1  960 1371 1441 1281 1068 863 828 642  1 1 0 0 0 0 0 0 20 100 480 
3.217 2 1 2 0 0.4410 0.4317 0.3106 0.0021 -0.018138 0.016064 -4.1800 0 -0.0270 1  962 1377 1417 1241 1058 857 819 635  1 1 0 0 0 0 0 0 20 100 480 
3.222 2 1 2 0 0.4181 0.4362 0.3126 0.0020 -0.018138 0.015546 -4.1800 0 -0.0283 1  1004 1376 1414 1252 1051 855 821 639  1 1 0 0 0 0 0 0 20 100 490 
3.227 2 1 2 0 0.4137 0.4362 0.3148 0.0020 -0.015547 0.015617 -4.1800 0 -0.1011 1  974 1377 1442 1234 1048 860 819 645  1 1 0 0 0 0 0 0 20 100 490 
3.232 2 1 2 0 0.4181 0.4362 0.3170 0.0020 -0.018138 0.016045 -4.1800 0 -0.1805 1  936 1380 1432 1224 1037 872 820 654  1 1 0 0 0 0 0 0 20 100 490 
3.237 2 1 2 0 0.4410 0.4562 0.3194 0.0019 -0.018138 0.016377 -4.1800 0 -0.0967 1  987 1385 1424 1249 1033 829 813 664  1 1 0 0 0 0 0 0 20 100 480 
3.242 2 1 2 0 0.3787 0.4462 0.3214 0.0019 -0.018138 0.015680 -4.1800 0 -0.2274 1  973 1379 1425 1196 1020 837 776 662  1 1 0 0 0 0 0 0 20 100 490 
3.247 2 1 2 0 0.4836 0.4410 0.3239 0.0018 -0.018138 0.015286 -4.1800 0 -0.2063 1  956 1373 1409 1217 1021 829 808 654  1 1 0 0 0 0 0 0 20 100 480 
3.252 2 1 2 0 0.4016 0.4317 0.3259 0.0018 -0.018138 0.015653 -4.1800 0 -0.2276 1  953 1367 1417 1193 1009 848 768 647  1 1 0 0 0 0 0 0 20 100 470 
3.257 2 1 2 0 0.4510 0.4462 0.3283 0.0017 -0.018138 0.015026 -4.1800 0 -0.2558 1  955 1370 1412 1199 1011 825 799 641  1 1 0 0 0 0 0 0 20 100 480 
3.262 2 1 2 0 0.4181 0.4462 0.3305 0.0017 -0.015547 0.014137 -4.1800 0 -0.2178 1  971 1355 1412 1208 1000 813 792 638  1 1 0 0 0 0 0 0 20 100 500 
3.267 2 1 2 0 0.3860 0.4510 0.3327 0.0017 -0.018138 0.013989 -4.1800 0 -0.1626 1  980 1359 1411 1217 1004 820 789 628  1 1 0 0 0 0 0 0 20 100 490 
3.272 2 1 2 0 0.3936 0.4562 0.3349 0.0016 -0.015547 0.013707 -4.1800 0 -0.2613 1  940 1363 1392 1186 1010 814 791 627  1 1 0 0 0 0 0 0 20 100 490 
3.277 2 1 2 0 0.4510 0.4615 0.3371 0.0016 -0.018138 0.012972 -4.1800 0 -0.1204 1  926 1365 1408 1220 1012 830 788 620  1 1 0 0 0 0 0 0 20 100 490 
3.282 2 1 2 0 0.4723 0.4667 0.3393 0.0016 -0.015547 0.012452 -4.1800 0 -0.1885 1  948 1354 1399 1206 1000 825 797 624  1 1 0 0 0 0 0 0 20 100 490 
3.287 2 1 2 0 0.4667 0.4896 0.3417 0.0015 -0.015547 0.012338 -4.1800 0 -0.3509 1  944 1357 1393 1168 992 821 770 635  1 1 0 0 0 0 0 0 20 100 470 
3.292 2 1 2 0 0.4056 0.4667 0.3439 0.0015 -0.012956 0.011543 -4.1800 0 -0.1899 1  967 1347 1384 1220 991 818 791 636  1 1 0 0 0 0 0 0 20 100 480 
3.297 2 1 2 0 0.4269 0.4562 0.3463 0.0015 -0.012956 0.010534 -4.1800 0 -0.3886 1  923 1341 1379 1164 981 815 790 633  1 1 0 0 0 0 0 0 20 100 500 
3.302 2 1 2 0 0.4956 0.4615 0.3486 0.0014 -0.015547 0.009988 -4.1800 0 -0.3438 1  952 1377 1402 1169 990 818 769 629  1 1 0 0 0 0 0 0 20 100 490 
3.307 2 1 2 0 0.4462 0.4723 0.3510 0.0014 -0.015547 0.009795 -4.1800 0 -0.3571 1  936 1338 1373 1168 980 809 774 628  1 1 0 0 0 0 0 0 20 100 480 
3.312 2 1 2 0 0.4510 0.4836 0.3532 0.0014 -0.012956 0.008587 -4.1800 0 -0.4193 1  954 1343 1363 1152 977 805 775 629  1 1 0 0 0 0 0 0 20 100 490 
3.317 2 1 2 0 0.3936 0.4667 0.3556 0.0013 -0.012956 0.008519 -4.1800 0 -0.3369 1  946 1333 1371 1171 982 802 770 626  1 1 0 0 0 0 0 0 20 100 500 
3.322 2 1 2 0 0.4510 0.4723 0.3578 0.0013 -0.015547 0.008489 -4.1800 0 -0.2240 1  929 1307 1370 1186 998 810 788 613  1 1 0 0 0 0 0 0 20 100 490 
3.327 8 1 3 0 0.3976 0.4896 0.3602 0.0013 -0.015547 0.007063 -4.1800 0 -0.2923 1  919 1352 1374 1164 996 817 787 606  1 1 0 0 0 0 0 0 20 100 480 
3.332 8 1 3 0 0.5149 0.4615 0.3626 0.0012 -0.015547 0.005822 -4.1800 0 -0.3072 1  925 1343 1368 1174 1014 829 768 630  1 1 0 0 0 0 0 0 20 100 480 
3.337 8 1 3 0 0.3976 0.4836 0.3650 0.0012 -0.015547 0.005402 -4.1800 0 -0.2728 1  928 1346 1379 1181 1014 838 804 625  1 1 0 0 0 0 0 0 20 100 470 
3.342 8 1 3 0 0.4723 0.4896 0.3674 0.0012 -0.015547 0.003931 -4.1800 0 -0.3525 1  939 1363 1373 1169 981 836 797 628  1 1 0 0 0 0 0 0 20 100 480 
3.347 8 1 3 0 0.4410 0.4779 0.3696 0.0011 -0.012956 0.001990 -4.1800 0 -0.3623 1  918 1327 1364 1172 1008 837 802 636  1 1 0 0 0 0 0 0 20 100 480 
3.352 8 1 3 0 0.5020 0.4723 0.3722 0.0011 -0.015547 0.000486 -4.1800 0 -0.3124 1  919 1288 1365 1161 992 836 779 607  1 1 0 0 0 0 0 0 20 100 480 
3.357 8 1 3 0 0.4269 0.4723 0.3745 0.0010 -0.012956 -0.001163 -4.1800 0 -0.3266 1  925 1326 1361 1163 988 825 789 613  1 1 0 0 0 0 0 0 20 100 480 
3.362 8 1 3 0 0.4667 0.5020 0.3771 0.0010 -0.015547 -0.003228 -4.1800 0 -0.3877 1  928 1295 1354 1149 1004 811 751 617  1 1 0 0 0 0 0 0 20 100 480 
3.367 8 1 3 0 0.4896 0.5081 0.3795 0.0010 -0.015547 -0.004551 -4.1800 0 -0.2613 1  928 1349 1345 1145 933 798 734 561  1 1 0 0 0 0 0 0 20 100 470 
3.372 8 1 3 0 0.5498 0.4836 0.3821 0.0009 -0.018138 -0.006083 -4.1800 0 -0.2775 1  927 1300 1326 1135 920 790 739 552  1 1 0 0 0 0 0 0 20 100 490 
3.377 8 1 3 0 0.4956 0.4956 0.3845 0.0009 -0.018138 -0.008282 -4.1800 0 -0.4020 1  923 1311 1329 1121 955 792 722 578  1 1 0 0 0 0 0 0 20 100 490 
3.382 8 1 3 0 0.5426 0.5020 0.3869 0.0008 -0.018138 -0.010042 -4.1800 0 -0.4086 1  923 1279 1315 1121 940 785 724 580  1 1 0 0 0 0 0 0 20 100 490 
3.387 8 1 3 0 0.5213 0.5149 0.3897 0.0008 -0.018138 -0.011714 -4.1800 0 -0.4832 1  915 1308 1306 1115 936 781 737 605  1 1 0 0 0 0 0 0 20 100 480 
3.392 8 1 3 0 0.4836 0.5020 0.3921 0.0008 -0.018138 -0.014454 -4.1800 0 -0.4179 1  912 1315 1297 1117 947 773 722 577  1 1 0 0 0 0 0 0 20 100 480 
3.397 8 1 3 0 0.5735 0.4836 0.3947 0.0007 -0.020729 -0.016875 -4.1800 0 -0.3966 1  909 1272 1296 1095 926 767 718 539  1 1 0 0 0 0 0 0 20 100 490 
3.402 8 1 3 0 0.5498 0.5213 0.3971 0.0007 -0.020729 -0.019295 -4.1800 0 -0.5090 1  911 1279 1288 1088 934 744 705 576  1 1 0 0 0 0 0 0 20 100 490 
3.407 8 1 3 0 0.4723 0.5575 0.4000 0.0006 -0.020729 -0.022748 -4.1800 0 -0.5213 1  905 1285 1293 1072 876 735 696 562  1 1 0 0 0 0 0 0 20 100 490 
3.412 8 1 3 0 0.5655 0.5281 0.4024 0.0005 -0.020729 -0.025335 -4.1800 0 -0.5251 1  918 1291 1283 1065 882 729 698 553  1 1 0 0 0 0 0 0 20 100 480 
3.417 8 1 3 0 0.5426 0.5081 0.4052 0.0005 -0.020729 -0.027933 -4.1800 0 -0.5113 1  905 1285 1274 1054 900 729 697 532  1 1 0 0 0 0 0 0 20 100 480 
3.422 8 1 3 0 0.5213 0.5081 0.4076 0.0004 -0.020729 -0.032027 -4.1800 0 -0.5451 1  901 1287 1280 1058 865 729 694 553  1 1 0 0 0 0 0 0 20 100 480 
3.427 8 1 3 0 0.5281 0.5213 0.4102 0.0004 -0.023320 -0.035657 -4.1800 0 -0.5454 1  890 1271 1264 1056 888 732 689 546  1 1 0 0 0 0 0 0 20 100 490 
3.432 8 1 3 0 0.4836 0.5281 0.4128 0.0003 -0.020729 -0.039033 -4.1800 0 -0.5118 1  880 1246 1271 1066 900 734 689 550  1 1 0 0 0 0 0 0 20 100 480 
3.437 8 1 3 0 0.5149 0.5081 0.4154 0.0003 -0.023320 -0.042213 -4.1800 0 -0.4122 1  868 1255 1274 1074 906 744 689 534  1 1 0 0 0 0 0 0 20 100 490 
3.442 8 1 3 0 0.5281 0.5213 0.4180 0.0002 -0.020729 -0.045393 -4.1800 0 -0.2781 1  855 1231 1281 1081 927 767 694 521  1 1 0 0 0 0 0 0 20 100 480 
3.447 8 1 3 0 0.4956 0.5281 0.4206 0.0002 -0.023320 -0.048781 -4.1800 0 -0.2006 1  856 1221 1273 1101 952 766 702 531  1 1 0 0 0 0 0 0 20 100 480 
3.452 8 1 3 0 0.5498 0.5281 0.4234 0.0001 -0.023320 -0.051801 -4.1800 0 -0.2048 1  852 1220 1290 1119 961 753 692 559  1 1 0 0 0 0 0 0 20 100 480 
3.457 8 1 3 0 0.5354 0.5149 0.4259 0.0000 -0.023320 -0.055098 -4.1800 0 -0.0302 1  848 1236 1308 1137 973 761 685 535  1 1 0 0 0 0 0 0 20 100 470 
3.462 8 1 3 0 0.5020 0.5081 0.4285 -0.0000 -0.025911 -0.058724 -4.1800 0 0.0348 1  846 1222 1314 1151 978 774 686 540  1 1 0 0 0 0 0 0 20 100 490 
3.467 8 1 3 0 0.5575 0.5213 0.4311 -0.0001 -0.023320 -0.062250 -4.1800 0 0.1839 1  835 1220 1289 1163 1010 744 681 541  1 1 0 0 0 0 0 0 20 100 490 
3.472 8 1 3 0 0.5081 0.5081 0.4337 -0.0002 -0.025911 -0.065697 -4.1800 0 0.2063 1  829 1212 1296 1177 1006 762 679 542  1 1 0 0 0 0 0 0 20 100 480 
3.477 8 1 3 0 0.5426 0.5149 0.4361 -0.0002 -0.025911 -0.069264 -4.1800 0 0.4069 1  825 1195 1297 1186 1018 760 682 516  1 1 0 0 0 0 0 0 20 100 480 
3.482 8 1 3 0 0.5575 0.5281 0.4389 -0.0003 -0.025911 -0.073235 -4.1800 0 0.4110 1  816 1190 1297 1192 1023 785 680 527  1 1 0 0 0 0 0 0 20 100 470 
3.487 8 1 3 0 0.4097 0.5081 0.4411 -0.0004 -0.023320 -0.076746 -4.1800 0 0.5063 1  817 1181 1294 1201 1041 785 682 525  1 1 0 0 0 0 0 0 20 100 480 
3.492 8 1 3 0 0.4956 0.4896 0.4437 -0.0004 -0.025911 -0.080390 -4.1800 0 0.5354 1  794 1164 1307 1210 1053 782 680 524  1 1 0 0 0 0 0 0 20 100 480 
3.497 8 1 3 0 0.4723 0.4836 0.4461 -0.0005 -0.025911 -0.084239 -4.1800 0 0.6620 1  792 1156 1286 1211 1063 822 682 524  1 1 0 0 0 0 0 0 20 100 480 
3.502 8 1 3 0 0.4896 0.4836 0.4485 -0.0005 -0.025911 -0.087898 -4.1800 0 0.7462 1  776 1145 1268 1218 1071 820 685 515  1 1 0 0 0 0 0 0 20 100 480 
3.507 8 1 3 0 0.4779 0.4723 0.4507 -0.0006 -0.023320 -0.091644 -4.1800 0 0.7954 1  798 1143 1295 1251 1106 832 697 513  1 1 0 0 0 0 0 0 20 100 470 
3.512 8 1 3 0 0.4137 0.4562 0.4532 -0.0007 -0.023320 -0.095364 -4.1800 0 0.8288 1  749 1121 1239 1215 1091 821 694 521  1 1 0 0 0 0 0 0 20 100 490 
3.517 8 1 3 0 0.5020 0.4510 0.4554 -0.0007 -0.025911 -0.097815 -4.1800 0 0.9506 1  745 1116 1258 1225 1107 858 696 513  1 1 0 0 0 0 0 0 20 100 480 
3.522 8 1 3 0 0.4269 0.4510 0.4578 -0.0008 -0.025911 -0.099307 -4.1800 0 0.9715 1  732 1099 1236 1221 1115 852 703 517  1 1 0 0 0 0 0 0 20 100 480 
3.527 8 1 3 0 0.5020 0.4362 0.4600 -0.0008 -0.028502 -0.100867 -4.1800 0 1.1907 1  737 1088 1229 1218 1123 901 714 525  1 1 0 0 0 0 0 0 20 100 480 
3.532 8 1 3 0 0.4956 0.4779 0.4624 -0.0009 -0.028502 -0.101801 -3.7974 1 1.1711 1  694 1076 1221 1222 1129 893 731 526  1 1 0 0 0 0 0 2 20 100 480 
3.537 8 1 3 0 0.4836 0.4836 0.4648 -0.0010 -0.028502 -0.103461 -4.1800 0 1.3046 1  714 1064 1209 1215 1136 922 734 535  1 1 0 0 0 0 0 0 20 100 470 
3.542 8 1 3 0 0.4410 0.4779 0.4670 -0.0010 -0.025911 -0.105090 -4.1800 0 1.3761 1  740 1052 1195 1195 1145 933 755 544  1 1 0 0 0 0 0 0 20 100 470 
3.547 8 1 3 0 0.4723 0.4836 0.4694 -0.0011 -0.025911 -0.106556 -4.0607 1 1.4174 1  686 1042 1187 1210 1151 937 781 551  1 1 0 0 0 0 0 2 20 100 480 
3.552 8 1 3 0 0.3751 0.4723 0.4718 -0.0012 -0.025911 -0.108169 -3.3586 1 1.4887 1  664 1022 1173 1206 1166 958 790 560  1 1 0 0 0 0 0 4 20 100 480 
3.557 8 1 3 0 0.4836 0.4723 0.4742 -0.0012 -0.025911 -0.109869 -3.9565 1 1.4755 1  672 1009 1159 1197 1169 952 801 572  1 1 0 0 0 0 0 9 20 100 490 
3.562 8 1 3 0 0.4362 0.4615 0.4762 -0.0013 -0.025911 -0.111908 -2.6760 1 1.5458 1  635 1004 1151 1203 1178 986 810 581  1 1 0 0 0 0 0 11 20 100 480 
3.567 8 1 3 0 0.3936 0.4562 0.4786 -0.0013 -0.025911 -0.113988 -3.0375 1 1.5483 1  647 979 1150 1197 1177 983 808 577  1 1 0 0 0 0 0 16 20 100 470 
3.572 8 1 3 0 0.4056 0.4269 0.4807 -0.0014 -0.025911 -0.116187 -2.3500 1 1.6029 1  612 973 1130 1187 1182 1001 826 586  1 1 0 0 0 0 0 12 20 100 480 
3.577 8 1 3 0 0.4137 0.4181 0.4829 -0.0014 -0.023320 -0.118470 -2.2196 1 1.6750 1  588 960 1137 1184 1170 1000 836 584  1 1 0 0 0 0 0 17 20 100 480 
3.582 8 1 3 0 0.3582 0.3976 0.4849 -0.0015 -0.023320 -0.120836 -2.2455 1 1.6875 1  605 951 1127 1188 1170 1001 842 588  1 1 0 0 0 0 0 20 20 100 480 
3.587 8 1 3 0 0.3651 0.3787 0.4869 -0.0015 -0.023320 -0.123369 -2.0298 1 1.6531 1  618 928 1118 1185 1177 1007 840 593  1 1 0 0 0 0 0 20 20 100 480 
3.592 8 1 3 0 0.3522 0.3550 0.4885 -0.0016 -0.023320 -0.126018 -1.8699 1 1.6927 1  564 919 1106 1178 1177 1016 847 594  1 1 0 0 0 0 0 20 20 100 480 
3.597 8 1 3 0 0.4016 0.3317 0.4903 -0.0016 -0.025911 -0.127544 -1.7686 1 1.7310 1  565 905 1097 1173 1171 1019 853 596  1 1 0 0 0 0 0 20 20 100 490 
3.602 8 1 3 0 0.3651 0.3751 0.4921 -0.0017 -0.023320 -0.126938 -1.5693 1 1.7332 1  553 895 1086 1165 1181 1030 868 611  1 1 0 0 0 0 0 20 20 100 490 
3.607 8 1 3 0 0.3976 0.4097 0.4941 -0.0017 -0.023320 -0.125743 -1.5288 1 1.8288 1  543 882 1087 1172 1181 1042 883 616  1 1 0 0 0 0 0 20 20 100 490 
3.612 8 1 3 0 0.3185 0.4462 0.4961 -0.0017 -0.023320 -0.124462 -1.5020 1 2.0189 1  532 877 1073 1170 1187 1050 913 621  1 1 0 0 0 0 0 20 20 100 490 
3.617 8 1 3 0 0.3651 0.4410 0.4983 -0.0018 -0.020729 -0.122762 -1.3925 1 1.9050 1  558 872 1086 1201 1190 1045 910 639  1 1 0 0 0 0 0 20 20 100 490 
3.622 8 1 3 0 0.4097 0.4615 0.5003 -0.0018 -0.020729 -0.121326 -1.2590 1 1.8944 1  566 859 1074 1176 1197 1080 917 649  1 1 0 0 0 0 0 20 20 100 480 
3.627 8 1 3 0 0.4317 0.4269 0.5023 -0.0019 -0.020729 -0.120251 -1.3883 1 2.1947 1  534 863 1064 1184 1194 1081 949 657  1 1 0 0 0 0 0 20 20 100 490 
3.632 8 1 3 0 0.3289 0.3823 0.5043 -0.0019 -0.020729 -0.121098 -1.3189 1 2.1911 1  534 847 1055 1147 1193 1083 938 669  1 1 0 0 0 0 0 20 20 100 480 
3.637 8 1 3 0 0.2731 0.3651 0.5062 -0.0020 -0.018138 -0.123566 -1.2527 1 2.3405 1  518 829 1030 1153 1192 1081 949 678  1 1 0 0 0 0 0 20 20 100 490 
3.642 8 1 3 0 0.2362 0.3137 0.5078 -0.0020 -0.018138 -0.126959 -1.2430 1 2.4655 1  504 807 1019 1141 1181 1087 967 683  1 1 0 0 0 0 0 20 20 100 490 
3.647 8 1 3 0 0.2695 0.2807 0.5090 -0.0020 -0.018138 -0.129808 -1.1322 1 2.5191 1  507 785 1000 1134 1176 1083 973 691  1 1 0 0 0 0 0 20 20 100 500 
3.652 8 1 3 0 0.3265 0.2747 0.5104 -0.0020 -0.015547 -0.132809 -1.1066 1 2.6199 1  497 780 987 1116 1164 1081 977 698  1 1 0 0 0 0 0 20 20 100 490 
3.657 8 1 3 0 0.2908 0.3289 0.5120 -0.0021 -0.015547 -0.132646 -1.0390 1 2.7236 1  493 767 972 1113 1159 1081 992 709  1 1 0 0 0 0 0 20 20 100 480 
3.662 8 1 3 0 0.3346 0.3185 0.5136 -0.0021 -0.015547 -0.130483 -0.9878 1 2.8042 1  497 760 966 1105 1155 1079 1000 720  1 1 0 0 0 0 0 20 20 100 490 
3.667 8 1 3 0 0.3462 0.3715 0.5152 -0.0021 -0.015547 -0.127874 -1.0381 1 2.9078 1  485 787 962 1103 1130 1075 1019 727  1 1 0 0 0 0 0 20 20 100 480 
3.672 8 1 3 0 0.3936 0.3715 0.5170 -0.0021 -0.012956 -0.125506 -0.8619 1 2.9026 1  517 737 949 1110 1166 1078 1003 736  1 1 0 0 0 0 0 20 20 100 500 
3.677 8 1 3 0 0.3860 0.3751 0.5188 -0.0022 -0.015547 -0.123056 -0.9279 1 3.3578 1  492 736 951 1092 1153 1078 1011 758  1 1 0 0 0 0 0 20 20 100 490 
3.682 8 1 3 0 0.3715 0.3615 0.5206 -0.0022 -0.012956 -0.120745 -0.8438 1 3.3021 1  492 748 938 1072 1141 1075 1025 760  1 1 0 0 0 0 0 20 20 100 490 
3.687 8 1 3 0 0.3213 0.3430 0.5222 -0.0022 -0.012956 -0.119843 -0.9254 1 3.5645 1  468 729 923 1075 1142 1069 1029 766  1 1 0 0 0 0 0 20 19 100 500 
3.692 8 1 3 0 0.2695 0.2996 0.5236 -0.0022 -0.010364 -0.120491 -0.7920 1 4.1800 0  477 716 902 1053 1110 1061 1006 777  1 1 0 0 0 0 0 20 18 100 480 
3.697 8 1 3 0 0.2623 0.2478 0.5252 -0.0022 -0.010364 -0.121349 -0.6903 1 4.1800 0  474 705 881 1030 1101 1058 1023 784  1 1 0 0 0 0 0 20 18 100 480 
3.702 8 1 3 0 0.2265 0.2157 0.5264 -0.0022 -0.010364 -0.122843 -0.5832 1 4.1800 0  474 685 860 1010 1087 1044 1021 790  1 1 0 0 0 0 0 20 14 100 490 
3.707 8 1 3 0 0.2133 0.2036 0.5272 -0.0023 -0.010364 -0.124068 -0.4981 1 4.1800 0  463 672 836 985 1062 1034 1020 790  1 1 0 0 0 0 0 20 4 100 480 
3.712 8 1 3 0 0.2522 0.2253 0.5284 -0.0023 -0.010364 -0.124502 -0.5399 0 4.1800 0  454 660 811 955 1034 1020 1012 800  1 1 0 0 0 0 0 18 0 100 450 
3.717 8 1 3 0 0.2675 0.2623 0.5296 -0.0023 -0.010364 -0.122206 -0.4231 0 4.1800 0  455 657 805 952 1022 1020 1007 807  1 1 0 0 0 0 0 11 0 100 440 
3.722 8 1 3 0 0.2265 0.2928 0.5311 -0.0023 -0.007773 -0.117893 -0.1924 1 4.1800 0  432 631 775 939 1036 1058 1073 826  1 1 0 0 0 0 0 16 0 90 480 
3.727 8 1 3 0 0.3402 0.3040 0.5325 -0.0023 -0.010364 -0.114042 -0.2451 1 4.1800 0  463 646 794 944 1035 1026 1040 816  1 1 0 0 0 0 0 12 0 100 500 
3.732 8 1 3 0 0.2868 0.3430 0.5343 -0.0023 -0.007773 -0.110203 -0.2189 1 4.1800 0  463 656 791 941 1008 1020 1023 814  1 1 0 0 0 0 0 17 0 100 490 
3.737 8 1 3 0 0.2711 0.3346 0.5359 -0.0023 -0.007773 -0.106073 -0.1222 1 4.1800 0  459 654 790 937 1022 1030 1049 830  1 1 0 0 0 0 0 20 0 100 490 
3.742 8 1 3 0 0.2056 0.2522 0.5373 -0.0024 -0.010364 -0.104108 -0.1433 1 4.1800 0  463 660 773 921 1053 1020 1036 821  1 1 0 0 0 0 0 20 0 100 490 
3.747 8 1 3 0 0.2293 0.2478 0.5385 -0.0024 -0.010364 -0.104728 0.0059 1 4.1800 0  461 649 766 903 990 1003 1028 821  1 1 0 0 0 0 0 20 0 100 490 
3.752 8 1 3 0 0.2028 0.2048 0.5395 -0.0024 -0.007773 -0.106273 0.0976 1 4.1800 0  450 652 751 880 973 997 1020 806  1 1 0 0 0 0 0 20 0 100 490 
3.757 8 1 3 0 0.1988 0.1928 0.5403 -0.0024 -0.007773 -0.107581 0.0683 0 4.1800 0  454 640 738 864 958 981 1006 816  1 1 0 0 0 0 0 12 0 100 440 
3.762 8 1 3 0 0.1562 0.1639 0.5411 -0.0024 -0.007773 -0.108952 0.0683 0 4.1800 0  451 632 730 844 941 965 1002 808  1 1 0 0 0 0 0 2 0 100 450 
3.767 8 1 3 0 0.1791 0.2100 0.5421 -0.0024 -0.005182 -0.109106 0.0683 0 4.1800 0  446 641 729 830 918 960 994 805  1 1 0 0 0 0 0 0 0 100 450 
3.772 8 1 3 0 0.2181 0.2321 0.5433 -0.0024 -0.005182 -0.105749 0.0683 0 4.1800 0  452 629 726 823 919 954 988 817  1 1 0 0 0 0 0 0 0 100 450 
3.777 8 1 3 0 0.2494 0.2321 0.5445 -0.0024 -0.005182 -0.102107 0.5200 0 4.1800 0  452 635 721 824 901 944 990 810  1 1 0 0 0 0 0 0 0 100 450 
3.782 8 1 3 0 0.2205 0.2402 0.5457 -0.0024 -0.005182 -0.099157 0.4299 0 4.1800 0  447 640 743 812 895 957 990 799  1 1 0 0 0 0 0 0 0 100 450 
3.787 8 1 3 0 0.2402 0.2510 0.5469 -0.0024 -0.005182 -0.095983 0.5520 0 4.1800 0  457 654 750 807 895 910 981 823  1 1 0 0 0 0 0 0 0 100 450 
3.792 8 1 3 0 0.2827 0.2522 0.5483 -0.0024 -0.007773 -0.093378 0.7627 1 4.1800 0  458 645 753 807 867 933 981 851  1 1 0 0 0 0 0 3 0 100 470 
3.797 8 1 3 0 0.3040 0.2607 0.5495 -0.0024 -0.007773 -0.090999 0.7627 0 4.1800 0  453 632 738 800 860 926 986 807  1 1 0 0 0 0 0 0 0 100 450 
3.802 8 1 3 0 0.2088 0.2241 0.5507 -0.0024 -0.007773 -0.090025 0.7364 0 4.1800 0  461 677 739 796 859 907 969 778  1 1 0 0 0 0 0 0 0 100 450 
3.807 8 1 3 0 0.2068 0.1807 0.5515 -0.0025 -0.007773 -0.090011 0.7364 0 4.1800 0  458 650 740 783 849 893 958 805  1 1 0 0 0 0 0 0 0 100 440 
3.812 8 1 3 0 0.1884 0.1671 0.5523 -0.0025 -0.007773 -0.090031 0.7364 0 4.1800 0  452 656 743 783 831 882 951 800  1 1 0 0 0 0 0 0 0 100 440 
3.817 8 1 3 0 0.1623 0.1458 0.5531 -0.0025 -0.007773 -0.090447 0.7364 0 4.1800 0  452 652 721 774 826 868 940 795  1 1 0 0 0 0 0 0 0 100 440 
3.822 8 1 3 0 0.1217 0.1121 0.5537 -0.0025 -0.010364 -0.090534 0.7364 0 4.1800 0  458 655 739 773 819 861 928 785  1 1 0 0 0 0 0 0 0 100 440 
