%% logfile from robot Liv (36)
% Liv (36)
%  1    time 0.000 sec
%  2  3  4  5   (mission 0), state 2, entered (thread 1, line 0), events 0x0 (bit-flags)
%  6  7 Motor velocity ref left, right: 0.2000 0.2000
%  8  9 Motor voltage [V] left, right: 2.80 2.80
% 10 11 Motor current left, right [A]: -0.118 -0.073
% 12 13 Wheel velocity [m/s] left, right: 0.0000 -0.0000
% 14 15 Get data time [us]: 100 +ctrl 450
0.001 2 1 0 0 0.2000 0.2000 2.82 2.82 0.285 0.086 0.0000 -0.0000 90 340 
0.002 2 1 0 0 0.2000 0.2000 2.87 2.87 0.476 0.360 0.0000 -0.0000 100 340 
0.003 2 1 0 0 0.2000 0.2000 2.92 2.92 0.645 0.520 0.0000 -0.0000 100 340 
0.004 2 1 0 0 0.2000 0.2000 2.97 2.97 0.760 0.620 0.0000 -0.0000 100 340 
0.005 2 1 0 0 0.2000 0.2000 3.02 3.02 0.890 0.660 0.0000 -0.0000 100 340 
0.006 2 1 0 0 0.2000 0.2000 3.06 3.06 0.907 0.726 0.0000 -0.0000 100 370 
0.007 2 1 0 0 0.2000 0.2000 3.11 3.11 0.752 0.749 0.0000 0.0000 100 380 
0.008 2 1 0 0 0.2000 0.2000 3.16 3.16 0.643 0.778 0.0000 0.0000 100 340 
0.009 2 1 0 0 0.2000 0.2000 3.21 3.21 0.753 0.801 0.0000 0.0000 100 340 
0.010 2 1 0 0 0.2000 0.2000 1.38 1.21 0.647 0.783 0.1550 0.1690 100 350 
0.011 2 1 0 0 0.2000 0.2000 1.39 1.22 0.585 0.713 0.1550 0.1690 100 350 
0.012 2 1 0 0 0.2000 0.2000 0.52 1.22 0.529 0.538 0.2273 0.1690 100 380 
0.013 2 1 0 0 0.2000 0.2000 0.52 0.17 0.257 0.398 0.2273 0.2564 100 390 
0.014 2 1 0 0 0.2000 0.2000 0.51 0.16 0.085 0.251 0.2273 0.2564 100 360 
0.015 2 1 0 0 0.2000 0.2000 0.13 -0.25 -0.021 0.096 0.2578 0.2887 100 360 
0.016 2 1 0 0 0.2000 0.2000 0.12 -0.27 -0.102 -0.094 0.2578 0.2887 100 340 
0.017 2 1 0 0 0.2000 0.2000 0.19 -0.35 -0.117 -0.169 0.2506 0.2940 100 350 
0.018 2 1 0 0 0.2000 0.2000 0.18 -0.38 -0.113 -0.160 0.2506 0.2940 100 350 
0.019 2 1 0 0 0.2000 0.2000 0.21 -0.12 -0.089 -0.146 0.2467 0.2710 100 380 
0.020 2 1 0 0 0.2000 0.2000 0.41 -0.14 -0.156 -0.165 0.2295 0.2710 100 390 
0.021 2 1 0 0 0.2000 0.2000 0.41 0.15 -0.126 -0.140 0.2295 0.2461 100 390 
0.022 2 1 0 0 0.2000 0.2000 0.50 0.14 -0.137 -0.075 0.2211 0.2461 100 390 
0.023 2 1 0 0 0.2000 0.2000 0.69 0.12 -0.110 -0.097 0.2049 0.2461 100 370 
0.024 2 1 0 0 0.2000 0.2000 0.69 0.37 -0.072 -0.087 0.2049 0.2250 100 380 
0.025 2 1 0 0 0.2000 0.2000 0.69 0.36 -0.058 -0.066 0.2049 0.2250 100 390 
0.026 2 1 0 0 0.2000 0.2000 0.87 0.36 -0.081 -0.051 0.1897 0.2250 100 390 
0.027 2 1 0 0 0.2000 0.2000 0.87 0.51 -0.009 -0.051 0.1897 0.2119 100 390 
0.028 2 1 0 0 0.2000 0.2000 0.88 0.51 0.069 -0.055 0.1897 0.2119 100 360 
0.029 2 1 0 0 0.2000 0.2000 0.91 0.50 0.080 -0.063 0.1871 0.2119 100 380 
0.030 2 1 0 0 0.2000 0.2000 0.92 0.74 0.111 -0.031 0.1871 0.1919 100 390 
0.031 2 1 0 0 0.2000 0.2000 0.92 0.74 0.122 -0.039 0.1871 0.1919 100 380 
0.032 2 1 0 0 0.2000 0.2000 0.90 0.75 0.206 0.044 0.1890 0.1919 100 400 
0.033 2 1 0 0 0.2000 0.2000 0.90 0.82 0.131 0.085 0.1890 0.1859 100 330 
0.034 2 1 0 0 0.2000 0.2000 0.90 1.06 0.184 0.100 0.1890 0.1667 100 390 
0.035 2 1 0 0 0.2000 0.2000 0.91 1.07 0.109 0.140 0.1890 0.1667 100 390 
0.036 2 1 0 0 0.2000 0.2000 0.90 1.07 0.124 0.167 0.1899 0.1667 100 390 
0.037 2 1 0 0 0.2000 0.2000 0.90 1.11 0.105 0.215 0.1899 0.1647 100 380 
0.038 2 1 0 0 0.2000 0.2000 0.90 1.11 0.076 0.212 0.1899 0.1647 100 380 
0.039 2 1 0 0 0.2000 0.2000 0.94 1.12 0.146 0.222 0.1867 0.1647 100 390 
0.040 2 1 0 0 0.2000 0.2000 0.95 1.13 0.096 0.227 0.1867 0.1647 100 350 
0.041 2 1 0 0 0.2000 0.2000 0.95 0.84 0.107 0.178 0.1867 0.1890 100 390 
0.042 2 1 0 0 0.2000 0.2000 0.89 0.85 0.130 0.217 0.1919 0.1890 100 390 
0.043 2 1 0 0 0.2000 0.2000 0.89 0.85 0.130 0.199 0.1919 0.1890 100 350 
0.044 2 1 0 0 0.2000 0.2000 0.89 0.48 0.184 0.140 0.1919 0.2197 100 390 
0.045 2 1 0 0 0.2000 0.2000 0.75 0.48 0.114 0.107 0.2039 0.2197 100 390 
0.046 2 1 0 0 0.2000 0.2000 0.75 0.33 0.080 0.001 0.2039 0.2311 100 390 
0.047 2 1 0 0 0.2000 0.2000 0.75 0.33 0.012 -0.051 0.2039 0.2311 100 380 
0.048 2 1 0 0 0.2000 0.2000 0.61 0.32 -0.050 -0.037 0.2149 0.2311 100 390 
0.049 2 1 0 0 0.2000 0.2000 0.61 0.40 -0.044 -0.083 0.2149 0.2235 100 380 
0.050 2 1 0 0 0.2000 0.2000 0.60 0.40 -0.045 -0.094 0.2151 0.2235 100 380 
0.051 2 1 0 0 0.2000 0.2000 0.60 0.46 -0.042 -0.051 0.2151 0.2182 100 340 
0.052 2 1 0 0 0.2000 0.2000 0.60 0.62 -0.053 -0.080 0.2151 0.2040 100 390 
0.053 2 1 0 0 0.2000 0.2000 0.67 0.62 -0.059 -0.067 0.2088 0.2040 100 390 
0.054 2 1 0 0 0.2000 0.2000 0.67 0.62 -0.049 -0.071 0.2088 0.2040 100 350 
0.055 2 1 0 0 0.2000 0.2000 0.67 0.94 -0.034 -0.050 0.2088 0.1777 100 390 
0.056 2 1 0 0 0.2000 0.2000 0.78 0.95 -0.012 -0.012 0.1991 0.1777 100 380 
0.057 2 1 0 0 0.2000 0.2000 0.89 0.95 0.014 0.049 0.1904 0.1777 100 390 
0.058 2 1 0 0 0.2000 0.2000 0.89 0.96 0.080 0.140 0.1904 0.1777 100 350 
0.059 2 1 0 0 0.2000 0.2000 0.89 1.22 0.084 0.183 0.1904 0.1564 100 380 
0.060 2 1 0 0 0.2000 0.2000 1.16 1.23 0.080 0.203 0.1688 0.1564 100 390 
0.061 2 1 0 0 0.2000 0.2000 1.16 1.24 0.170 0.227 0.1688 0.1564 100 350 
0.062 2 1 0 0 0.2000 0.2000 1.17 1.25 0.202 0.227 0.1688 0.1564 100 350 
0.063 2 1 0 0 0.2000 0.2000 1.18 1.08 0.162 0.283 0.1688 0.1712 100 380 
0.064 2 1 0 0 0.2000 0.2000 1.18 1.09 0.213 0.278 0.1690 0.1712 100 390 
0.065 2 1 0 0 0.2000 0.2000 1.19 1.10 0.191 0.227 0.1690 0.1712 100 360 
0.066 2 1 0 0 0.2000 0.2000 1.20 0.72 0.213 0.193 0.1690 0.2030 100 390 
0.067 2 1 0 0 0.2000 0.2000 0.95 0.72 0.205 0.155 0.1900 0.2030 100 390 
0.068 2 1 0 0 0.2000 0.2000 0.95 0.55 0.194 0.090 0.1900 0.2165 100 390 
0.069 2 1 0 0 0.2000 0.2000 0.96 0.55 0.115 0.019 0.1900 0.2165 100 370 
0.070 2 1 0 0 0.2000 0.2000 0.66 0.55 0.120 -0.066 0.2143 0.2165 100 380 
0.071 2 1 0 0 0.2000 0.2000 0.66 0.56 0.061 -0.079 0.2143 0.2151 100 380 
0.072 2 1 0 0 0.2000 0.2000 0.66 0.55 -0.022 -0.051 0.2143 0.2151 100 390 
0.073 2 1 0 0 0.2000 0.2000 0.50 0.55 -0.022 -0.039 0.2268 0.2151 100 380 
0.074 2 1 0 0 0.2000 0.2000 0.50 0.73 -0.049 -0.024 0.2268 0.1997 100 390 
0.075 2 1 0 0 0.2000 0.2000 0.54 0.73 -0.106 0.004 0.2230 0.1997 100 380 
0.076 2 1 0 0 0.2000 0.2000 0.53 0.73 -0.091 0.010 0.2230 0.1997 100 350 
0.077 2 1 0 0 0.2000 0.2000 0.52 0.88 -0.084 -0.032 0.2230 0.1876 100 350 
0.078 2 1 0 0 0.2000 0.2000 0.60 0.85 -0.112 0.069 0.2161 0.1900 100 350 
0.079 2 1 0 0 0.2000 0.2000 0.60 0.86 -0.044 0.056 0.2161 0.1900 100 350 
0.080 2 1 0 0 0.2000 0.2000 0.59 0.86 -0.060 0.079 0.2161 0.1900 100 350 
0.081 2 1 0 0 0.2000 0.2000 0.76 0.90 -0.053 0.077 0.2025 0.1867 100 350 
0.082 2 1 0 0 0.2000 0.2000 0.76 0.90 -0.034 0.048 0.2025 0.1867 100 350 
0.083 2 1 0 0 0.2000 0.2000 0.75 0.91 -0.011 0.156 0.2025 0.1867 100 340 
0.084 2 1 0 0 0.2000 0.2000 0.91 0.89 -0.018 0.145 0.1892 0.1886 100 390 
0.085 2 1 0 0 0.2000 0.2000 1.05 0.89 0.017 0.167 0.1779 0.1886 100 380 
0.086 2 1 0 0 0.2000 0.2000 1.06 0.89 0.034 0.161 0.1779 0.1886 100 350 
0.087 2 1 0 0 0.2000 0.2000 1.06 0.80 0.077 0.137 0.1779 0.1968 100 380 
0.088 2 1 0 0 0.2000 0.2000 1.24 0.80 0.169 0.095 0.1642 0.1968 100 390 
0.089 2 1 0 0 0.2000 0.2000 1.25 0.80 0.132 0.000 0.1642 0.1968 100 350 
0.090 2 1 0 0 0.2000 0.2000 1.25 0.63 0.157 0.041 0.1642 0.2111 100 380 
0.091 2 1 0 0 0.2000 0.2000 1.26 0.62 0.182 0.039 0.1642 0.2111 100 380 
0.092 2 1 0 0 0.2000 0.2000 1.07 0.62 0.164 -0.039 0.1804 0.2111 100 390 
0.093 2 1 0 0 0.2000 0.2000 1.08 0.49 0.155 -0.049 0.1804 0.2213 100 390 
0.094 2 1 0 0 0.2000 0.2000 1.08 0.49 0.175 -0.047 0.1804 0.2213 100 390 
0.095 2 1 0 0 0.2000 0.2000 0.73 0.50 0.163 -0.038 0.2100 0.2202 100 390 
0.096 2 1 0 0 0.2000 0.2000 0.73 0.61 0.122 -0.043 0.2100 0.2106 100 380 
0.097 2 1 0 0 0.2000 0.2000 0.46 0.61 0.021 -0.087 0.2319 0.2106 100 390 
0.098 2 1 0 0 0.2000 0.2000 0.45 0.77 -0.033 -0.085 0.2319 0.1968 100 390 
0.099 2 1 0 0 0.2000 0.2000 0.44 0.77 -0.083 -0.031 0.2319 0.1968 100 370 
0.100 2 1 0 0 0.2000 0.2000 0.41 0.77 -0.071 0.093 0.2345 0.1968 100 380 
0.101 2 1 1 0 0.3000 0.3000 1.81 2.19 -0.041 0.104 0.2345 0.1968 100 360 
0.102 2 1 1 0 0.3000 0.3000 1.91 2.31 0.050 0.210 0.2276 0.1886 100 380 
0.103 2 1 1 0 0.3000 0.3000 1.98 2.34 0.221 0.337 0.2234 0.1886 100 390 
0.104 2 1 1 0 0.3000 0.3000 2.00 2.36 0.259 0.376 0.2234 0.1886 100 350 
0.105 2 1 1 0 0.3000 0.3000 2.00 2.21 0.286 0.427 0.2246 0.2032 100 350 
0.106 2 1 1 0 0.3000 0.3000 2.02 2.24 0.364 0.469 0.2246 0.2032 100 350 
0.107 2 1 1 0 0.3000 0.3000 2.04 1.72 0.378 0.461 0.2246 0.2478 100 390 
0.108 2 1 1 0 0.3000 0.3000 1.82 1.73 0.383 0.431 0.2438 0.2478 100 380 
0.109 2 1 1 0 0.3000 0.3000 1.83 1.25 0.300 0.434 0.2438 0.2888 100 380 
0.110 2 1 1 0 0.3000 0.3000 1.45 1.25 0.298 0.391 0.2766 0.2888 100 390 
0.111 2 1 1 0 0.3000 0.3000 1.46 0.85 0.274 0.360 0.2766 0.3218 100 390 
0.112 2 1 1 0 0.3000 0.3000 1.20 0.85 0.248 0.276 0.2986 0.3218 100 390 
0.113 2 1 1 0 0.3000 0.3000 1.20 0.61 0.190 0.161 0.2986 0.3408 100 390 
0.114 2 1 1 0 0.3000 0.3000 0.89 0.60 0.145 0.143 0.3241 0.3408 100 390 
0.115 2 1 1 0 0.3000 0.3000 0.88 0.51 0.137 0.011 0.3241 0.3475 100 370 
0.116 2 1 1 0 0.3000 0.3000 0.74 0.58 0.079 -0.098 0.3354 0.3409 100 390 
0.117 2 1 1 0 0.3000 0.3000 0.64 0.57 0.050 -0.085 0.3429 0.3409 100 390 
0.118 2 1 1 0 0.3000 0.3000 0.63 0.65 -0.049 -0.072 0.3429 0.3336 100 390 
0.119 2 1 1 0 0.3000 0.3000 0.61 0.64 -0.056 -0.092 0.3432 0.3336 100 390 
0.120 2 1 1 0 0.3000 0.3000 0.60 0.75 -0.086 -0.127 0.3432 0.3236 100 390 
0.121 2 1 1 0 0.3000 0.3000 0.71 0.75 -0.070 -0.094 0.3338 0.3236 100 380 
0.122 2 1 1 0 0.3000 0.3000 0.70 0.94 -0.102 -0.041 0.3338 0.3069 100 380 
0.123 2 1 1 0 0.3000 0.3000 0.91 0.94 -0.087 0.039 0.3153 0.3069 100 390 
0.124 2 1 1 0 0.3000 0.3000 0.91 1.04 -0.088 0.075 0.3153 0.2990 100 390 
0.125 2 1 1 0 0.3000 0.3000 1.17 1.04 -0.013 0.090 0.2936 0.2990 100 390 
0.126 2 1 1 0 0.3000 0.3000 1.17 0.96 0.042 0.180 0.2936 0.3055 100 380 
0.127 2 1 1 0 0.3000 0.3000 1.24 0.96 0.123 0.225 0.2879 0.3055 100 390 
0.128 2 1 1 0 0.3000 0.3000 1.25 0.79 0.135 0.209 0.2879 0.3189 100 390 
0.129 2 1 1 0 0.3000 0.3000 1.15 0.79 0.157 0.307 0.2963 0.3189 100 390 
0.130 2 1 1 0 0.3000 0.3000 1.15 0.67 0.161 0.194 0.2963 0.3282 100 380 
0.131 2 1 1 0 0.3000 0.3000 0.99 0.67 0.168 0.100 0.3092 0.3282 100 380 
0.132 2 1 1 0 0.3000 0.3000 0.99 0.61 0.105 0.003 0.3092 0.3317 100 390 
0.133 2 1 1 0 0.3000 0.3000 0.83 0.61 0.103 -0.037 0.3224 0.3317 100 400 
0.134 2 1 1 0 0.3000 0.3000 0.82 0.63 0.092 -0.081 0.3224 0.3290 100 390 
0.135 2 1 1 0 0.3000 0.3000 0.71 0.63 0.071 -0.069 0.3314 0.3290 100 380 
0.136 2 1 1 0 0.3000 0.3000 0.70 0.74 0.022 -0.140 0.3314 0.3186 100 390 
0.137 2 1 1 0 0.3000 0.3000 0.70 0.74 -0.041 0.030 0.3304 0.3186 100 390 
0.138 2 1 1 0 0.3000 0.3000 0.83 0.95 -0.021 0.074 0.3194 0.3007 100 390 
0.139 2 1 1 0 0.3000 0.3000 0.87 0.95 0.042 0.032 0.3154 0.3007 100 380 
0.140 2 1 1 0 0.3000 0.3000 1.09 1.08 0.022 -0.058 0.2976 0.2898 100 360 
0.141 2 1 1 0 0.3000 0.3000 1.09 1.09 0.060 -0.134 0.2976 0.2898 100 350 
0.142 2 1 1 0 0.3000 0.3000 1.10 1.01 0.071 -0.008 0.2967 0.2968 100 380 
0.143 2 1 1 0 0.3000 0.3000 1.12 1.01 0.108 0.050 0.2952 0.2968 100 390 
0.144 2 1 1 0 0.3000 0.3000 1.12 0.87 0.111 0.116 0.2952 0.3083 100 390 
0.145 2 1 1 0 0.3000 0.3000 1.02 0.86 0.124 0.086 0.3032 0.3083 100 390 
0.146 2 1 1 0 0.3000 0.3000 1.02 0.73 0.120 0.175 0.3032 0.3193 100 390 
0.147 2 1 1 0 0.3000 0.3000 0.90 0.72 0.116 0.196 0.3136 0.3193 100 390 
0.148 2 1 1 0 0.3000 0.3000 0.77 0.65 0.056 0.122 0.3241 0.3248 100 360 
0.149 2 1 1 0 0.3000 0.3000 0.76 0.64 0.036 0.050 0.3241 0.3256 100 390 
0.150 2 1 1 0 0.3000 0.3000 0.65 0.63 0.019 -0.018 0.3328 0.3256 100 380 
0.151 2 1 1 0 0.3000 0.3000 0.64 0.72 -0.021 -0.057 0.3328 0.3175 100 380 
0.152 2 1 1 0 0.3000 0.3000 0.67 0.72 -0.067 -0.205 0.3300 0.3175 100 380 
0.153 2 1 1 0 0.3000 0.3000 0.66 0.95 -0.056 -0.113 0.3300 0.2985 100 390 
0.154 2 1 1 0 0.3000 0.3000 0.88 0.95 -0.086 -0.069 0.3113 0.2985 100 380 
0.155 2 1 1 0 0.3000 0.3000 0.88 1.08 -0.004 0.020 0.3113 0.2871 100 380 
0.156 2 1 1 0 0.3000 0.3000 1.13 1.09 0.043 0.094 0.2900 0.2871 100 390 
0.157 2 1 1 0 0.3000 0.3000 1.13 1.09 0.055 0.231 0.2900 0.2871 100 340 
0.158 2 1 1 0 0.3000 0.3000 1.20 1.05 0.086 0.283 0.2844 0.2903 100 360 
0.159 2 1 1 0 0.3000 0.3000 1.21 1.06 0.141 0.288 0.2844 0.2903 100 350 
0.160 2 1 1 0 0.3000 0.3000 1.11 0.88 0.160 0.317 0.2926 0.3053 100 350 
0.161 2 1 1 0 0.3000 0.3000 1.11 0.88 0.118 0.209 0.2926 0.3053 100 350 
0.162 2 1 1 0 0.3000 0.3000 0.95 0.78 0.129 0.118 0.3065 0.3134 100 360 
0.163 2 1 1 0 0.3000 0.3000 0.95 0.71 0.172 0.046 0.3065 0.3190 100 380 
0.164 2 1 1 0 0.3000 0.3000 0.82 0.70 0.126 0.029 0.3169 0.3190 100 390 
0.165 2 1 1 0 0.3000 0.3000 0.81 0.70 0.103 -0.020 0.3169 0.3191 100 390 
0.166 2 1 1 0 0.3000 0.3000 0.70 0.69 0.073 -0.004 0.3255 0.3191 100 390 
0.167 2 1 1 0 0.3000 0.3000 0.70 0.79 0.004 0.010 0.3255 0.3107 100 390 
0.168 2 1 1 0 0.3000 0.3000 0.71 0.79 -0.055 0.148 0.3239 0.3107 100 390 
0.169 2 1 1 0 0.3000 0.3000 0.71 0.98 -0.058 0.204 0.3239 0.2943 100 370 
0.170 2 1 1 0 0.3000 0.3000 0.90 0.98 -0.074 0.044 0.3079 0.2943 100 390 
0.171 2 1 1 0 0.3000 0.3000 0.89 1.08 -0.019 0.249 0.3079 0.2866 100 390 
0.172 2 1 1 0 0.3000 0.3000 1.12 1.08 0.037 0.095 0.2888 0.2866 100 390 
0.173 2 1 1 0 0.3000 0.3000 1.13 1.08 0.069 0.100 0.2888 0.2866 100 340 
0.174 2 1 1 0 0.3000 0.3000 1.17 1.01 0.076 0.273 0.2856 0.2934 100 360 
0.175 2 1 1 0 0.3000 0.3000 1.17 0.87 0.111 0.311 0.2856 0.3050 100 390 
0.176 2 1 1 0 0.3000 0.3000 1.06 0.87 0.130 0.284 0.2951 0.3050 100 390 
0.177 2 1 1 0 0.3000 0.3000 1.06 0.80 0.132 0.289 0.2951 0.3106 100 380 
0.178 2 1 1 0 0.3000 0.3000 0.92 0.79 0.133 0.119 0.3072 0.3106 100 390 
0.179 2 1 1 0 0.3000 0.3000 0.91 0.78 0.118 0.111 0.3072 0.3120 100 380 
0.180 2 1 1 0 0.3000 0.3000 0.78 0.77 0.069 0.056 0.3183 0.3120 100 390 
0.181 2 1 1 0 0.3000 0.3000 0.77 0.76 0.082 -0.053 0.3183 0.3124 100 390 
0.182 2 1 1 0 0.3000 0.3000 0.66 0.76 0.014 -0.097 0.3275 0.3124 100 390 
0.183 2 1 1 0 0.3000 0.3000 0.65 0.79 -0.007 -0.035 0.3275 0.3099 100 380 
0.184 2 1 1 0 0.3000 0.3000 0.68 0.79 -0.044 -0.111 0.3248 0.3099 100 390 
0.185 2 1 1 0 0.3000 0.3000 0.67 0.86 -0.083 0.089 0.3248 0.3034 100 390 
0.186 2 1 1 0 0.3000 0.3000 0.91 0.86 -0.089 0.112 0.3047 0.3034 100 380 
0.187 2 1 1 0 0.3000 0.3000 0.91 0.92 -0.041 0.137 0.3047 0.2984 100 390 
0.188 2 1 1 0 0.3000 0.3000 1.20 0.92 0.008 0.170 0.2805 0.2984 100 380 
0.189 2 1 1 0 0.3000 0.3000 1.20 0.88 0.103 0.055 0.2805 0.3019 100 380 
0.190 2 1 1 0 0.3000 0.3000 1.26 0.88 0.094 0.144 0.2761 0.3019 100 390 
0.191 2 1 1 0 0.3000 0.3000 1.27 0.78 0.118 0.090 0.2761 0.3103 100 390 
0.192 2 1 1 0 0.3000 0.3000 1.14 0.77 0.184 0.101 0.2874 0.3103 100 380 
0.193 2 1 1 0 0.3000 0.3000 1.14 0.70 0.182 0.077 0.2874 0.3166 100 380 
0.194 2 1 1 0 0.3000 0.3000 0.96 0.69 0.123 0.057 0.3026 0.3166 100 390 
0.195 2 1 1 0 0.3000 0.3000 0.96 0.68 0.111 0.016 0.3026 0.3173 100 390 
0.196 2 1 1 0 0.3000 0.3000 0.81 0.68 0.077 0.010 0.3149 0.3173 100 380 
0.197 2 1 1 0 0.3000 0.3000 0.80 0.70 0.054 0.016 0.3149 0.3145 100 390 
0.198 2 1 1 0 0.3000 0.3000 0.72 0.70 0.076 0.041 0.3215 0.3145 100 380 
0.199 2 1 1 0 0.3000 0.3000 0.71 0.80 0.018 0.033 0.3215 0.3062 100 390 
0.200 2 1 1 0 0.3000 0.3000 0.74 0.80 -0.033 0.037 0.3192 0.3062 100 390 
0.201 2 1 1 0 0.3000 0.3000 0.73 0.95 -0.049 0.089 0.3192 0.2934 100 380 
0.202 2 1 2 0 0.4000 0.4000 2.35 2.36 -0.038 0.075 0.3017 0.2934 100 380 
0.203 2 1 2 0 0.4000 0.4000 2.38 2.46 0.097 0.121 0.3017 0.2879 100 390 
0.204 2 1 2 0 0.4000 0.4000 2.57 2.48 0.276 0.278 0.2874 0.2879 100 390 
0.205 2 1 2 0 0.4000 0.4000 2.60 2.27 0.362 0.407 0.2874 0.3081 100 390 
0.206 2 1 2 0 0.4000 0.4000 2.35 2.29 0.427 0.433 0.3107 0.3081 100 390 
0.207 2 1 2 0 0.4000 0.4000 2.37 1.80 0.434 0.547 0.3107 0.3501 100 390 
0.208 2 1 2 0 0.4000 0.4000 1.89 1.81 0.438 0.551 0.3517 0.3501 100 390 
0.209 2 1 2 0 0.4000 0.4000 1.90 1.42 0.404 0.394 0.3517 0.3833 100 360 
0.210 2 1 2 0 0.4000 0.4000 1.56 1.23 0.320 0.340 0.3806 0.3997 100 390 
0.211 2 1 2 0 0.4000 0.4000 1.27 1.23 0.274 0.177 0.4049 0.3997 100 390 
0.212 2 1 2 0 0.4000 0.4000 1.27 1.03 0.169 0.129 0.4049 0.4156 100 390 
0.213 2 1 2 0 0.4000 0.4000 1.03 0.96 0.153 0.062 0.4247 0.4214 100 390 
0.214 2 1 2 0 0.4000 0.4000 0.95 0.93 0.136 0.175 0.4307 0.4239 100 380 
0.215 2 1 2 0 0.4000 0.4000 0.97 0.92 0.091 0.162 0.4283 0.4239 100 390 
0.216 2 1 2 0 0.4000 0.4000 0.97 0.91 0.062 0.089 0.4283 0.4238 100 390 
0.217 2 1 2 0 0.4000 0.4000 1.05 0.86 0.006 0.037 0.4212 0.4277 100 380 
0.218 2 1 2 0 0.4000 0.4000 1.06 0.85 0.044 0.049 0.4194 0.4277 100 390 
0.219 2 1 2 0 0.4000 0.4000 1.06 0.79 0.035 -0.005 0.4194 0.4324 100 380 
0.220 2 1 2 0 0.4000 0.4000 1.03 0.78 0.052 -0.006 0.4214 0.4326 100 390 
0.221 2 1 2 0 0.4000 0.4000 1.02 0.80 0.057 0.068 0.4217 0.4303 100 390 
0.222 2 1 2 0 0.4000 0.4000 0.97 0.79 0.036 0.088 0.4253 0.4303 100 390 
0.223 2 1 2 0 0.4000 0.4000 0.97 0.76 0.055 0.039 0.4253 0.4326 100 380 
0.224 2 1 2 0 0.4000 0.4000 0.92 0.78 0.036 0.015 0.4289 0.4302 100 380 
0.225 2 1 2 0 0.4000 0.4000 0.92 0.77 0.008 -0.019 0.4282 0.4302 100 390 
0.226 2 1 2 0 0.4000 0.4000 0.91 0.86 -0.022 -0.014 0.4282 0.4222 100 390 
0.227 2 1 2 0 0.4000 0.4000 0.99 0.94 -0.011 0.003 0.4211 0.4152 100 380 
0.228 2 1 2 0 0.4000 0.4000 1.08 0.94 0.008 0.039 0.4136 0.4152 100 390 
0.229 2 1 2 0 0.4000 0.4000 1.07 0.90 0.031 0.051 0.4136 0.4180 100 390 
0.230 2 1 2 0 0.4000 0.4000 1.09 0.90 0.016 0.064 0.4123 0.4176 100 390 
0.231 2 1 2 0 0.4000 0.4000 1.05 0.90 0.020 0.063 0.4153 0.4176 100 390 
0.232 2 1 2 0 0.4000 0.4000 1.04 0.85 0.059 0.048 0.4153 0.4207 100 380 
0.233 2 1 2 0 0.4000 0.4000 1.02 0.86 0.054 0.061 0.4169 0.4202 100 390 
0.234 2 1 2 0 0.4000 0.4000 0.98 0.89 0.054 0.069 0.4201 0.4170 100 390 
0.235 2 1 2 0 0.4000 0.4000 0.90 0.82 0.023 0.051 0.4263 0.4225 100 360 
0.236 2 1 2 0 0.4000 0.4000 0.89 0.82 0.028 0.047 0.4263 0.4220 100 390 
0.237 2 1 2 0 0.4000 0.4000 0.86 0.89 0.027 0.041 0.4282 0.4156 100 390 
0.238 2 1 2 0 0.4000 0.4000 0.95 0.89 -0.007 0.029 0.4201 0.4156 100 380 
0.239 2 1 2 0 0.4000 0.4000 0.95 0.97 0.046 0.047 0.4201 0.4088 100 380 
0.240 2 1 2 0 0.4000 0.4000 1.05 0.97 -0.040 0.020 0.4115 0.4081 100 390 
0.241 2 1 2 0 0.4000 0.4000 1.08 0.97 0.014 0.040 0.4087 0.4081 100 390 
0.242 2 1 2 0 0.4000 0.4000 1.08 0.92 0.009 0.060 0.4087 0.4125 100 390 
0.243 2 1 2 0 0.4000 0.4000 1.06 0.92 0.053 0.075 0.4101 0.4117 100 380 
0.244 2 1 2 0 0.4000 0.4000 1.03 0.92 0.005 0.071 0.4123 0.4117 100 390 
0.245 2 1 2 0 0.4000 0.4000 1.03 0.91 0.012 0.081 0.4123 0.4124 100 380 
0.246 2 1 2 0 0.4000 0.4000 1.01 0.88 0.054 0.064 0.4131 0.4143 100 390 
0.247 2 1 2 0 0.4000 0.4000 0.92 0.88 0.095 0.020 0.4207 0.4143 100 390 
0.248 2 1 2 0 0.4000 0.4000 0.91 0.88 0.042 0.048 0.4207 0.4141 100 390 
0.249 2 1 2 0 0.4000 0.4000 0.91 0.94 -0.033 0.051 0.4206 0.4092 100 390 
0.250 2 1 2 0 0.4000 0.4000 0.99 0.93 0.016 0.044 0.4138 0.4092 100 390 
0.251 2 1 2 0 0.4000 0.4000 0.98 0.99 0.011 0.060 0.4138 0.4043 100 380 
0.252 2 1 2 0 0.4000 0.4000 1.06 0.97 0.046 0.049 0.4074 0.4056 100 390 
0.253 2 1 2 0 0.4000 0.4000 1.07 0.97 0.104 0.067 0.4064 0.4056 100 390 
0.254 2 1 2 0 0.4000 0.4000 1.07 0.93 0.072 0.046 0.4064 0.4086 100 390 
0.255 2 1 2 0 0.4000 0.4000 1.04 0.93 0.054 0.082 0.4085 0.4090 100 390 
0.256 2 1 2 0 0.4000 0.4000 1.01 0.93 -0.007 0.117 0.4107 0.4090 100 390 
0.257 2 1 2 0 0.4000 0.4000 0.96 0.91 -0.038 0.074 0.4145 0.4100 100 360 
0.258 2 1 2 0 0.4000 0.4000 0.96 0.88 0.035 0.073 0.4145 0.4126 100 390 
0.259 2 1 2 0 0.4000 0.4000 0.88 0.87 0.034 0.063 0.4209 0.4126 100 380 
0.260 2 1 2 0 0.4000 0.4000 0.87 0.87 0.016 0.071 0.4211 0.4124 100 360 
0.261 2 1 2 0 0.4000 0.4000 0.86 0.92 0.026 0.069 0.4211 0.4084 100 370 
0.262 2 1 2 0 0.4000 0.4000 0.94 0.92 -0.101 0.039 0.4146 0.4084 100 390 
0.263 2 1 2 0 0.4000 0.4000 1.04 0.98 -0.048 0.029 0.4063 0.4026 100 360 
0.264 2 1 2 0 0.4000 0.4000 1.03 0.96 0.032 0.048 0.4063 0.4043 100 390 
0.265 2 1 2 0 0.4000 0.4000 1.06 0.96 0.045 0.071 0.4040 0.4043 100 390 
0.266 2 1 2 0 0.4000 0.4000 1.03 0.92 -0.009 0.090 0.4063 0.4081 100 350 
0.267 2 1 2 0 0.4000 0.4000 1.03 0.88 0.072 0.074 0.4063 0.4106 100 380 
0.268 2 1 2 0 0.4000 0.4000 1.01 0.86 0.017 0.063 0.4077 0.4124 100 370 
0.269 2 1 2 0 0.4000 0.4000 0.97 0.86 0.029 0.033 0.4107 0.4124 100 390 
0.270 2 1 2 0 0.4000 0.4000 0.97 0.82 0.095 0.022 0.4107 0.4153 100 380 
0.271 2 1 2 0 0.4000 0.4000 0.93 0.82 0.023 0.051 0.4140 0.4144 100 390 
0.272 2 1 2 0 0.4000 0.4000 0.93 0.82 -0.064 0.045 0.4135 0.4144 100 390 
0.273 2 1 2 0 0.4000 0.4000 0.93 0.88 0.004 0.029 0.4135 0.4090 100 390 
0.274 2 1 2 0 0.4000 0.4000 1.02 0.95 -0.026 0.030 0.4059 0.4029 100 390 
0.275 2 1 2 0 0.4000 0.4000 1.10 0.95 -0.030 0.009 0.3990 0.4029 100 390 
0.276 2 1 2 0 0.4000 0.4000 1.10 0.94 0.047 0.045 0.3990 0.4037 100 390 
0.277 2 1 2 0 0.4000 0.4000 1.11 0.90 0.060 0.041 0.3977 0.4077 100 390 
0.278 2 1 2 0 0.4000 0.4000 1.07 0.89 0.121 0.096 0.4014 0.4077 100 380 
0.279 2 1 2 0 0.4000 0.4000 1.07 0.88 0.042 0.077 0.4014 0.4091 100 380 
0.280 2 1 2 0 0.4000 0.4000 1.03 0.86 0.070 0.059 0.4042 0.4098 100 380 
0.281 2 1 2 0 0.4000 0.4000 0.97 0.86 0.075 0.063 0.4095 0.4098 100 390 
0.282 2 1 2 0 0.4000 0.4000 0.97 0.82 0.140 0.075 0.4095 0.4133 100 390 
0.283 2 1 2 0 0.4000 0.4000 0.90 0.80 0.095 0.058 0.4152 0.4148 100 390 
0.284 2 1 2 0 0.4000 0.4000 0.96 0.79 0.076 0.050 0.4098 0.4148 100 380 
0.285 2 1 2 0 0.4000 0.4000 0.96 0.85 0.026 0.042 0.4098 0.4093 100 390 
0.286 2 1 2 0 0.4000 0.4000 1.05 0.92 0.059 0.052 0.4018 0.4035 100 380 
0.287 2 1 2 0 0.4000 0.4000 1.14 0.92 0.066 0.041 0.3943 0.4035 100 380 
0.288 2 1 2 0 0.4000 0.4000 1.14 0.91 0.096 0.056 0.3943 0.4047 100 390 
0.289 2 1 2 0 0.4000 0.4000 1.15 0.85 0.062 0.039 0.3941 0.4090 100 390 
0.290 2 1 2 0 0.4000 0.4000 1.09 0.85 0.047 0.053 0.3985 0.4090 100 380 
0.291 2 1 2 0 0.4000 0.4000 1.09 0.82 -0.013 0.072 0.3985 0.4112 100 380 
0.292 2 1 2 0 0.4000 0.4000 1.05 0.82 0.164 0.086 0.4023 0.4113 100 390 
0.293 2 1 2 0 0.4000 0.4000 0.98 0.82 0.107 0.046 0.4079 0.4113 100 390 
0.294 2 1 2 0 0.4000 0.4000 0.98 0.79 0.092 0.037 0.4079 0.4134 100 390 
0.295 2 1 2 0 0.4000 0.4000 0.92 0.80 0.065 0.037 0.4128 0.4122 100 390 
0.296 2 1 2 0 0.4000 0.4000 0.91 0.80 0.042 0.017 0.4135 0.4122 100 390 
0.297 2 1 2 0 0.4000 0.4000 0.90 0.89 -0.012 0.013 0.4135 0.4042 100 390 
0.298 2 1 2 0 0.4000 0.4000 0.98 0.96 0.019 0.018 0.4067 0.3987 100 390 
0.299 2 1 2 0 0.4000 0.4000 1.07 0.96 0.045 0.042 0.3994 0.3987 100 380 
0.300 2 1 2 0 0.4000 0.4000 1.07 0.91 -0.041 0.041 0.3994 0.4023 100 390 
0.301 2 1 2 0 0.4000 0.4000 1.08 0.89 0.150 0.060 0.3981 0.4043 100 390 
0.302 2 1 2 0 0.4000 0.4000 1.04 0.89 0.027 0.083 0.4015 0.4043 100 380 
0.303 2 1 3 0 0.6000 0.6000 3.87 3.70 0.054 0.072 0.4015 0.4049 100 380 
0.304 2 1 3 0 0.6000 0.6000 3.89 3.75 0.238 0.149 0.4038 0.4045 100 390 
0.305 2 1 3 0 0.6000 0.6000 3.80 3.80 0.492 0.382 0.4149 0.4045 100 380 
0.306 2 1 3 0 0.6000 0.6000 3.85 3.65 0.691 0.547 0.4149 0.4213 100 390 
0.307 2 1 3 0 0.6000 0.6000 3.45 3.27 0.636 0.683 0.4509 0.4555 100 390 
0.308 2 1 3 0 0.6000 0.6000 3.10 2.89 0.666 0.756 0.4831 0.4901 100 390 
0.309 2 1 3 0 0.6000 0.6000 2.80 2.91 0.642 0.736 0.5100 0.4901 100 390 
0.310 2 1 3 0 0.6000 0.6000 2.47 2.57 0.514 0.630 0.5391 0.5208 100 350 
0.311 2 1 3 0 0.6000 0.6000 2.12 2.24 0.494 0.550 0.5693 0.5497 100 360 
0.312 2 1 3 0 0.6000 0.6000 1.85 1.90 0.452 0.496 0.5923 0.5783 100 360 
0.313 2 1 3 0 0.6000 0.6000 1.62 1.73 0.297 0.431 0.6109 0.5932 100 350 
0.314 2 1 3 0 0.6000 0.6000 1.54 1.59 0.184 0.322 0.6177 0.6047 100 350 
0.315 2 1 3 0 0.6000 0.6000 1.43 1.48 0.210 0.227 0.6266 0.6134 100 350 
0.316 2 1 3 0 0.6000 0.6000 1.35 1.39 0.225 0.173 0.6320 0.6208 100 350 
0.317 2 1 3 0 0.6000 0.6000 1.53 1.39 0.121 0.124 0.6166 0.6205 100 370 
0.318 2 1 3 0 0.6000 0.6000 1.58 1.38 0.033 0.106 0.6120 0.6212 100 360 
0.319 2 1 3 0 0.6000 0.6000 1.57 1.35 0.137 0.107 0.6127 0.6231 100 350 
0.320 2 1 3 0 0.6000 0.6000 1.51 1.29 0.046 0.098 0.6176 0.6269 100 390 
0.321 2 1 3 0 0.6000 0.6000 1.50 1.29 0.227 0.120 0.6179 0.6267 100 400 
0.322 2 1 3 0 0.6000 0.6000 1.50 1.26 0.112 0.090 0.6178 0.6284 100 380 
0.323 2 1 3 0 0.6000 0.6000 1.44 1.25 0.119 0.088 0.6226 0.6290 100 390 
0.324 2 1 3 0 0.6000 0.6000 1.43 1.28 0.071 0.045 0.6227 0.6257 100 390 
0.325 2 1 3 0 0.6000 0.6000 1.44 1.32 0.131 0.077 0.6216 0.6218 100 390 
0.326 2 1 3 0 0.6000 0.6000 1.44 1.29 0.171 0.056 0.6210 0.6238 100 380 
0.327 2 1 3 0 0.6000 0.6000 1.41 1.25 0.109 0.051 0.6230 0.6275 100 390 
0.328 2 1 3 0 0.6000 0.6000 1.39 1.25 0.099 0.047 0.6247 0.6268 100 390 
0.329 2 1 3 0 0.6000 0.6000 1.33 1.29 0.041 0.067 0.6290 0.6228 100 390 
0.330 2 1 3 0 0.6000 0.6000 1.35 1.21 -0.026 0.079 0.6268 0.6285 100 380 
0.331 2 1 3 0 0.6000 0.6000 1.31 1.20 0.056 0.071 0.6294 0.6289 100 390 
0.332 2 1 3 0 0.6000 0.6000 1.29 1.23 -0.007 0.039 0.6306 0.6264 100 390 
0.333 2 1 3 0 0.6000 0.6000 1.36 1.27 0.091 0.050 0.6242 0.6220 100 380 
0.334 2 1 3 0 0.6000 0.6000 1.37 1.24 0.107 0.054 0.6224 0.6246 100 390 
0.335 2 1 3 0 0.6000 0.6000 1.38 1.20 0.074 0.082 0.6215 0.6269 100 390 
0.336 2 1 3 0 0.6000 0.6000 1.35 1.22 0.031 0.057 0.6237 0.6251 100 390 
0.337 2 1 3 0 0.6000 0.6000 1.36 1.24 0.034 0.074 0.6224 0.6232 100 400 
0.338 2 1 3 0 0.6000 0.6000 1.34 1.18 0.187 0.048 0.6236 0.6270 100 380 
0.339 2 1 3 0 0.6000 0.6000 1.29 1.15 0.136 0.068 0.6266 0.6291 100 390 
0.340 2 1 3 0 0.6000 0.6000 1.29 1.19 0.109 0.044 0.6265 0.6255 100 390 
0.341 2 1 3 0 0.6000 0.6000 1.30 1.21 0.050 0.025 0.6248 0.6232 100 390 
0.342 2 1 3 0 0.6000 0.6000 1.34 1.18 0.084 0.029 0.6211 0.6255 100 380 
0.343 2 1 3 0 0.6000 0.6000 1.35 1.15 0.042 0.039 0.6201 0.6274 100 380 
0.344 2 1 3 0 0.6000 0.6000 1.40 1.16 0.053 0.052 0.6160 0.6262 100 360 
0.345 2 1 3 0 0.6000 0.6000 1.32 1.17 0.100 0.054 0.6218 0.6241 100 350 
0.346 2 1 3 0 0.6000 0.6000 1.29 1.13 0.145 0.066 0.6237 0.6269 100 360 
0.347 2 1 3 0 0.6000 0.6000 1.28 1.11 0.202 0.050 0.6246 0.6282 100 350 
0.348 2 1 3 0 0.6000 0.6000 1.31 1.15 0.051 0.090 0.6210 0.6243 100 360 
0.349 2 1 3 0 0.6000 0.6000 1.35 1.20 0.137 0.057 0.6176 0.6199 100 370 
0.350 2 1 3 0 0.6000 0.6000 1.35 1.13 0.110 0.016 0.6175 0.6250 100 360 
0.351 2 1 3 0 0.6000 0.6000 1.32 1.18 0.114 0.044 0.6197 0.6208 100 360 
0.352 2 1 3 0 0.6000 0.6000 1.33 1.15 0.068 0.061 0.6185 0.6230 100 360 
0.353 2 1 3 0 0.6000 0.6000 1.32 1.20 0.037 0.048 0.6183 0.6181 100 350 
0.354 2 1 3 0 0.6000 0.6000 1.28 1.14 0.103 0.076 0.6215 0.6230 100 360 
0.355 2 1 3 0 0.6000 0.6000 1.25 1.14 0.006 0.034 0.6233 0.6227 100 350 
0.356 2 1 3 0 0.6000 0.6000 1.30 1.18 0.078 0.064 0.6190 0.6190 100 350 
0.357 2 1 3 0 0.6000 0.6000 1.34 1.23 0.015 0.055 0.6154 0.6138 100 350 
0.358 2 1 3 0 0.6000 0.6000 1.34 1.23 0.078 0.026 0.6150 0.6135 100 350 
0.359 2 1 3 0 0.6000 0.6000 1.31 1.18 0.071 0.060 0.6175 0.6175 100 360 
0.360 2 1 3 0 0.6000 0.6000 1.31 1.24 0.054 0.054 0.6170 0.6122 100 400 
0.361 2 1 3 0 0.6000 0.6000 1.32 1.33 0.128 0.070 0.6155 0.6050 100 390 
0.362 2 1 3 0 0.6000 0.6000 1.28 1.21 0.132 0.093 0.6186 0.6143 100 400 
0.363 2 1 3 0 0.6000 0.6000 1.27 1.31 0.075 0.074 0.6190 0.6060 100 380 
0.364 2 1 3 0 0.6000 0.6000 1.28 1.28 -0.004 0.073 0.6181 0.6083 100 390 
0.365 2 1 3 0 0.6000 0.6000 1.35 1.31 0.100 0.065 0.6119 0.6053 100 390 
0.366 2 1 3 0 0.6000 0.6000 1.33 1.24 0.111 0.086 0.6136 0.6111 100 380 
0.367 2 1 3 0 0.6000 0.6000 1.32 1.25 0.039 0.086 0.6135 0.6104 100 390 
0.368 2 1 3 0 0.6000 0.6000 1.30 1.28 0.086 0.075 0.6151 0.6078 100 390 
0.369 2 1 3 0 0.6000 0.6000 1.31 1.22 0.049 0.072 0.6137 0.6122 100 390 
0.370 2 1 3 0 0.6000 0.6000 1.26 1.22 0.130 0.077 0.6177 0.6125 100 390 
0.371 2 1 3 0 0.6000 0.6000 1.25 1.25 0.107 0.102 0.6181 0.6091 100 390 
0.372 2 1 3 0 0.6000 0.6000 1.28 1.30 0.116 0.099 0.6159 0.6047 100 390 
0.373 2 1 3 0 0.6000 0.6000 1.30 1.26 0.085 0.089 0.6133 0.6086 100 390 
0.374 2 1 3 0 0.6000 0.6000 1.29 1.25 -0.001 0.109 0.6139 0.6089 100 390 
0.375 2 1 3 0 0.6000 0.6000 1.27 1.22 0.103 0.076 0.6155 0.6116 100 390 
0.376 2 1 3 0 0.6000 0.6000 1.28 1.27 0.050 0.050 0.6146 0.6066 100 390 
0.377 2 1 3 0 0.6000 0.6000 1.26 1.20 0.063 0.057 0.6153 0.6127 100 370 
0.378 2 1 3 0 0.6000 0.6000 1.25 1.19 0.048 0.103 0.6164 0.6135 100 390 
0.379 2 1 3 0 0.6000 0.6000 1.23 1.22 0.039 0.124 0.6180 0.6106 100 390 
0.380 2 1 3 0 0.6000 0.6000 1.30 1.26 0.011 0.071 0.6110 0.6066 100 390 
0.381 2 1 3 0 0.6000 0.6000 1.33 1.23 0.057 0.097 0.6090 0.6091 100 400 
0.382 2 1 3 0 0.6000 0.6000 1.34 1.21 0.120 0.071 0.6075 0.6111 100 390 
0.383 2 1 3 0 0.6000 0.6000 1.32 1.21 0.084 0.059 0.6090 0.6104 100 390 
0.384 2 1 3 0 0.6000 0.6000 1.33 1.23 0.153 0.090 0.6083 0.6091 100 390 
0.385 2 1 3 0 0.6000 0.6000 1.31 1.18 0.118 0.105 0.6095 0.6123 100 390 
0.386 2 1 3 0 0.6000 0.6000 1.28 1.15 0.065 0.082 0.6117 0.6152 100 390 
0.387 2 1 3 0 0.6000 0.6000 1.27 1.19 0.050 0.067 0.6129 0.6116 100 400 
0.388 2 1 3 0 0.6000 0.6000 1.29 1.22 0.046 0.035 0.6103 0.6089 100 380 
0.389 2 1 3 0 0.6000 0.6000 1.34 1.18 0.113 0.091 0.6062 0.6117 100 390 
0.390 2 1 3 0 0.6000 0.6000 1.34 1.15 0.084 0.044 0.6063 0.6139 100 400 
0.391 2 1 3 0 0.6000 0.6000 1.32 1.15 0.024 0.031 0.6079 0.6134 100 400 
0.392 2 1 3 0 0.6000 0.6000 1.33 1.17 0.019 0.041 0.6068 0.6114 100 390 
0.393 2 1 3 0 0.6000 0.6000 1.31 1.13 0.042 0.082 0.6084 0.6145 100 390 
0.394 2 1 3 0 0.6000 0.6000 1.28 1.11 0.147 0.051 0.6103 0.6160 100 390 
0.395 2 1 3 0 0.6000 0.6000 1.27 1.15 0.067 0.062 0.6113 0.6125 100 390 
0.396 2 1 3 0 0.6000 0.6000 1.31 1.21 0.045 0.012 0.6078 0.6077 100 390 
0.397 2 1 3 0 0.6000 0.6000 1.35 1.14 0.040 0.048 0.6044 0.6126 100 390 
0.398 2 1 3 0 0.6000 0.6000 1.35 1.17 0.031 0.041 0.6044 0.6105 100 380 
0.399 2 1 3 0 0.6000 0.6000 1.32 1.16 0.064 0.048 0.6066 0.6109 100 390 
0.400 2 1 3 0 0.6000 0.6000 1.33 1.18 0.056 0.010 0.6053 0.6091 100 390 
0.401 2 1 3 0 0.6000 0.6000 1.32 1.16 0.096 -0.032 0.6066 0.6106 100 390 
0.402 2 1 3 0 0.6000 0.6000 1.28 1.13 0.101 0.025 0.6098 0.6125 100 390 
0.403 2 1 3 0 0.6000 0.6000 1.25 1.19 0.134 -0.002 0.6117 0.6079 100 390 
0.404 2 1 4 0 0.8000 0.8000 4.12 4.05 0.088 0.102 0.6078 0.6040 100 390 
0.405 2 1 4 0 0.8000 0.8000 4.21 4.11 0.308 0.046 0.6038 0.6036 100 390 
0.406 2 1 4 0 0.8000 0.8000 4.18 3.94 0.483 0.332 0.6105 0.6216 100 390 
0.407 2 1 4 0 0.8000 0.8000 3.98 3.78 0.715 0.514 0.6312 0.6380 100 390 
0.408 2 1 4 0 0.8000 0.8000 3.67 3.60 0.705 0.628 0.6599 0.6559 100 390 
0.409 2 1 4 0 0.8000 0.8000 3.45 3.38 0.800 0.558 0.6806 0.6774 100 400 
0.410 2 1 4 0 0.8000 0.8000 2.85 3.16 0.645 0.527 0.7322 0.6978 100 350 
0.411 2 1 4 0 0.8000 0.8000 2.70 2.96 0.526 0.520 0.7462 0.7163 100 360 
0.412 2 1 4 0 0.8000 0.8000 2.55 2.52 0.426 0.458 0.7600 0.7537 100 400 
0.413 2 1 4 0 0.8000 0.8000 2.46 2.33 0.360 0.382 0.7680 0.7709 100 400 
0.414 2 1 4 0 0.8000 0.8000 2.26 2.22 0.296 0.311 0.7851 0.7801 100 390 
0.415 2 1 4 0 0.8000 0.8000 2.19 2.11 0.336 0.290 0.7909 0.7897 100 360 
0.416 2 1 4 0 0.8000 0.8000 2.09 2.02 0.251 0.200 0.7998 0.7970 100 400 
0.417 2 1 4 0 0.8000 0.8000 2.05 2.01 0.229 0.212 0.8025 0.7985 100 400 
0.418 2 1 4 0 0.8000 0.8000 2.06 1.98 0.165 0.187 0.8019 0.8006 100 360 
0.419 2 1 4 0 0.8000 0.8000 1.96 1.85 0.095 0.149 0.8102 0.8116 100 400 
0.420 2 1 4 0 0.8000 0.8000 1.90 1.80 0.144 0.128 0.8147 0.8157 100 390 
0.421 2 1 4 0 0.8000 0.8000 1.91 1.81 0.217 0.014 0.8139 0.8141 100 370 
0.422 2 1 4 0 0.8000 0.8000 1.92 1.72 0.126 0.009 0.8131 0.8217 100 400 
0.423 2 1 4 0 0.8000 0.8000 1.91 1.71 0.087 0.053 0.8130 0.8218 100 390 
0.424 2 1 4 0 0.8000 0.8000 1.91 1.69 0.067 0.046 0.8129 0.8233 100 390 
0.425 2 1 4 0 0.8000 0.8000 1.84 1.66 0.090 0.086 0.8184 0.8250 100 390 
0.426 2 1 4 0 0.8000 0.8000 1.83 1.66 0.068 0.144 0.8193 0.8248 100 390 
0.427 2 1 4 0 0.8000 0.8000 1.80 1.63 0.049 0.073 0.8213 0.8267 100 380 
0.428 2 1 4 0 0.8000 0.8000 1.79 1.60 0.105 0.008 0.8211 0.8284 100 380 
0.429 2 1 4 0 0.8000 0.8000 1.77 1.61 0.103 -0.002 0.8224 0.8270 100 390 
0.430 2 1 4 0 0.8000 0.8000 1.78 1.54 0.067 -0.013 0.8213 0.8325 100 400 
0.431 2 1 4 0 0.8000 0.8000 1.76 1.56 0.091 -0.020 0.8226 0.8297 100 400 
0.432 2 1 4 0 0.8000 0.8000 1.76 1.57 0.087 0.038 0.8220 0.8284 100 360 
0.433 2 1 4 0 0.8000 0.8000 1.75 1.58 0.120 0.079 0.8231 0.8276 100 390 
0.434 2 1 4 0 0.8000 0.8000 1.74 1.55 0.088 0.120 0.8234 0.8289 100 390 
0.435 2 1 4 0 0.8000 0.8000 1.72 1.57 0.066 0.082 0.8238 0.8266 100 390 
0.436 2 1 4 0 0.8000 0.8000 1.75 1.54 0.063 -0.081 0.8215 0.8289 100 390 
0.437 2 1 4 0 0.8000 0.8000 1.71 1.59 0.088 -0.123 0.8238 0.8238 100 390 
0.438 2 1 4 0 0.8000 0.8000 1.72 1.62 0.046 -0.059 0.8228 0.8212 100 400 
0.439 2 1 4 0 0.8000 0.8000 1.73 1.55 0.073 0.037 0.8212 0.8262 100 390 
0.440 2 1 4 0 0.8000 0.8000 1.70 1.55 0.124 0.007 0.8236 0.8265 100 390 
0.441 2 1 4 0 0.8000 0.8000 1.71 1.60 0.060 0.070 0.8226 0.8214 100 390 
0.442 2 1 4 0 0.8000 0.8000 1.72 1.61 0.069 0.078 0.8210 0.8200 100 390 
0.443 2 1 4 0 0.8000 0.8000 1.70 1.56 0.060 0.101 0.8226 0.8241 100 400 
0.444 2 1 4 0 0.8000 0.8000 1.69 1.61 0.061 0.001 0.8228 0.8192 100 390 
0.445 2 1 4 0 0.8000 0.8000 1.70 1.61 0.081 -0.084 0.8213 0.8185 100 390 
0.446 2 1 4 0 0.8000 0.8000 1.66 1.59 0.034 -0.140 0.8246 0.8201 100 360 
0.447 2 1 4 0 0.8000 0.8000 1.64 1.63 0.041 -0.005 0.8256 0.8167 100 400 
0.448 2 1 4 0 0.8000 0.8000 1.76 1.63 0.016 0.079 0.8149 0.8161 100 370 
0.449 2 1 4 0 0.8000 0.8000 1.67 1.63 0.062 0.031 0.8218 0.8162 100 350 
0.450 2 1 4 0 0.8000 0.8000 1.65 1.66 0.039 0.107 0.8238 0.8135 100 400 
0.451 2 1 4 0 0.8000 0.8000 1.64 1.63 0.060 0.115 0.8241 0.8155 100 390 
0.452 2 1 4 0 0.8000 0.8000 1.64 1.66 0.069 0.111 0.8231 0.8129 100 350 
0.453 2 1 4 0 0.8000 0.8000 1.64 1.64 0.069 0.166 0.8229 0.8143 100 390 
0.454 2 1 4 0 0.8000 0.8000 1.66 1.63 0.035 0.018 0.8210 0.8143 100 390 
0.455 2 1 4 0 0.8000 0.8000 1.58 1.63 0.019 -0.053 0.8267 0.8144 100 360 
0.456 2 1 4 0 0.8000 0.8000 1.61 1.66 0.066 -0.034 0.8237 0.8113 100 380 
0.457 2 1 4 0 0.8000 0.8000 1.62 1.62 0.059 -0.093 0.8229 0.8141 100 400 
0.458 2 1 4 0 0.8000 0.8000 1.59 1.59 0.031 -0.013 0.8243 0.8168 100 360 
0.459 2 1 4 0 0.8000 0.8000 1.65 1.61 0.035 0.056 0.8189 0.8151 100 390 
0.460 2 1 4 0 0.8000 0.8000 1.67 1.60 -0.002 0.107 0.8170 0.8151 100 380 
0.461 2 1 4 0 0.8000 0.8000 1.66 1.60 0.072 0.132 0.8174 0.8145 100 360 
0.462 2 1 4 0 0.8000 0.8000 1.68 1.66 0.037 0.127 0.8158 0.8095 100 390 
0.463 2 1 4 0 0.8000 0.8000 1.66 1.57 0.054 0.101 0.8168 0.8168 100 400 
0.464 2 1 4 0 0.8000 0.8000 1.67 1.56 0.080 -0.010 0.8159 0.8173 100 350 
0.465 2 1 4 0 0.8000 0.8000 1.67 1.59 0.038 0.055 0.8152 0.8149 100 400 
0.466 2 1 4 0 0.8000 0.8000 1.70 1.57 0.038 0.030 0.8129 0.8157 100 390 
0.467 2 1 4 0 0.8000 0.8000 1.69 1.54 0.025 0.017 0.8131 0.8179 100 370 
0.468 2 1 4 0 0.8000 0.8000 1.70 1.59 0.069 0.110 0.8126 0.8137 100 360 
0.469 2 1 4 0 0.8000 0.8000 1.70 1.52 0.066 0.092 0.8124 0.8194 100 360 
0.470 2 1 4 0 0.8000 0.8000 1.68 1.53 0.042 0.177 0.8130 0.8177 100 400 
0.471 2 1 4 0 0.8000 0.8000 1.72 1.60 0.047 0.091 0.8100 0.8119 100 390 
0.472 2 1 4 0 0.8000 0.8000 1.72 1.52 0.040 -0.030 0.8099 0.8181 100 350 
0.473 2 1 4 0 0.8000 0.8000 1.70 1.59 0.035 -0.113 0.8109 0.8124 100 400 
0.474 2 1 4 0 0.8000 0.8000 1.70 1.59 0.040 -0.039 0.8106 0.8118 100 390 
0.475 2 1 4 0 0.8000 0.8000 1.69 1.57 0.076 -0.018 0.8111 0.8131 100 360 
0.476 2 1 4 0 0.8000 0.8000 1.69 1.59 0.080 0.069 0.8116 0.8115 100 390 
0.477 2 1 4 0 0.8000 0.8000 1.73 1.60 0.054 0.170 0.8080 0.8104 100 390 
0.478 2 1 4 0 0.8000 0.8000 1.70 1.60 0.048 0.105 0.8104 0.8097 100 360 
0.479 2 1 4 0 0.8000 0.8000 1.71 1.55 0.047 -0.106 0.8087 0.8140 100 400 
0.480 2 1 4 0 0.8000 0.8000 1.72 1.59 0.053 0.004 0.8080 0.8105 100 380 
0.481 2 1 4 0 0.8000 0.8000 1.71 1.61 0.092 0.063 0.8087 0.8087 100 360 
0.482 2 1 4 0 0.8000 0.8000 1.71 1.61 0.069 0.087 0.8084 0.8080 100 400 
0.483 2 1 4 0 0.8000 0.8000 1.72 1.63 0.035 0.161 0.8076 0.8064 100 390 
0.484 2 1 4 0 0.8000 0.8000 1.74 1.62 0.057 0.128 0.8053 0.8071 100 360 
0.485 2 1 4 0 0.8000 0.8000 1.74 1.64 0.055 0.177 0.8059 0.8059 100 380 
0.486 2 1 4 0 0.8000 0.8000 1.73 1.65 0.042 0.186 0.8060 0.8048 100 390 
0.487 2 1 4 0 0.8000 0.8000 1.69 1.64 0.094 -0.001 0.8091 0.8053 100 390 
0.488 2 1 4 0 0.8000 0.8000 1.75 1.69 0.103 -0.128 0.8041 0.8011 100 390 
0.489 2 1 4 0 0.8000 0.8000 1.78 1.64 0.087 0.004 0.8015 0.8053 100 390 
0.490 2 1 4 0 0.8000 0.8000 1.71 1.61 0.025 0.074 0.8075 0.8074 100 400 
0.491 2 1 4 0 0.8000 0.8000 1.73 1.64 0.008 0.143 0.8053 0.8046 100 350 
0.492 2 1 4 0 0.8000 0.8000 1.73 1.64 0.069 0.288 0.8054 0.8046 100 380 
0.493 2 1 4 0 0.8000 0.8000 1.73 1.60 0.096 0.197 0.8057 0.8076 100 390 
0.494 2 1 4 0 0.8000 0.8000 1.70 1.61 0.076 0.173 0.8080 0.8071 100 390 
0.495 2 1 4 0 0.8000 0.8000 1.80 1.62 0.042 0.139 0.7995 0.8059 100 390 
0.496 2 1 4 0 0.8000 0.8000 1.78 1.61 0.030 -0.004 0.8007 0.8071 100 390 
0.497 2 1 4 0 0.8000 0.8000 1.77 1.59 0.006 -0.129 0.8020 0.8085 100 350 
0.498 2 1 4 0 0.8000 0.8000 1.78 1.61 0.043 0.003 0.8006 0.8065 100 390 
0.499 2 1 4 0 0.8000 0.8000 1.74 1.58 0.041 0.042 0.8045 0.8086 100 380 
0.500 2 1 4 0 0.8000 0.8000 1.74 1.56 0.069 0.128 0.8044 0.8102 100 350 
0.501 2 1 4 0 0.8000 0.8000 1.73 1.59 0.088 0.211 0.8048 0.8078 100 390 
0.502 2 1 4 0 0.8000 0.8000 1.70 1.59 0.078 0.157 0.8073 0.8073 100 390 
0.503 2 1 4 0 0.8000 0.8000 1.73 1.51 0.066 0.171 0.8046 0.8140 100 360 
0.504 2 1 4 0 0.8000 0.8000 1.74 1.57 0.071 0.005 0.8036 0.8085 100 390 
0.505 2 1 5 0 1.0000 1.0000 4.51 4.37 0.092 -0.011 0.8084 0.8105 100 400 
0.506 2 1 5 0 1.0000 1.0000 4.58 4.41 0.245 0.088 0.8065 0.8112 100 360 
0.507 2 1 5 0 1.0000 1.0000 4.57 4.33 0.437 0.330 0.8110 0.8214 100 390 
0.508 2 1 5 0 1.0000 1.0000 4.20 4.06 0.620 0.584 0.8455 0.8471 100 400 
0.509 2 1 5 0 1.0000 1.0000 3.94 3.60 0.657 0.789 0.8697 0.8878 100 400 
0.510 2 1 5 0 1.0000 1.0000 3.42 3.41 0.652 0.776 0.9149 0.9059 100 400 
0.511 2 1 5 0 1.0000 1.0000 3.27 3.08 0.520 0.575 0.9288 0.9348 100 400 
0.512 2 1 5 0 1.0000 1.0000 3.03 2.99 0.431 0.504 0.9506 0.9440 100 390 
0.513 2 1 5 0 1.0000 1.0000 2.88 2.73 0.365 0.387 0.9640 0.9659 100 390 
0.514 2 1 5 0 1.0000 1.0000 2.69 2.56 0.270 0.334 0.9806 0.9809 100 390 
0.515 2 1 5 0 1.0000 1.0000 2.53 2.55 0.245 0.276 0.9934 0.9819 100 360 
0.516 2 1 5 0 1.0000 1.0000 2.46 2.47 0.206 0.353 0.9996 0.9889 100 380 
0.517 2 1 5 0 1.0000 1.0000 2.41 2.46 0.158 0.405 1.0039 0.9905 100 390 
0.518 2 1 5 0 1.0000 1.0000 2.62 2.32 0.084 0.243 0.9863 1.0016 100 350 
0.519 2 1 5 0 1.0000 1.0000 2.55 2.39 0.103 0.162 0.9927 0.9962 100 400 
0.520 2 1 5 0 1.0000 1.0000 2.46 2.41 0.137 0.176 0.9998 0.9945 100 390 
0.521 2 1 5 0 1.0000 1.0000 2.46 2.37 0.155 0.178 1.0003 0.9980 100 400 
0.522 2 1 5 0 1.0000 1.0000 2.33 2.29 0.141 0.101 1.0106 1.0050 100 400 
0.523 2 1 5 0 1.0000 1.0000 2.31 2.21 0.111 0.148 1.0121 1.0113 100 400 
0.524 2 1 5 0 1.0000 1.0000 2.29 2.16 0.103 0.235 1.0132 1.0152 100 390 
0.525 2 1 5 0 1.0000 1.0000 2.23 2.15 0.113 0.208 1.0179 1.0154 100 400 
0.526 2 1 5 0 1.0000 1.0000 2.20 2.13 0.085 0.248 1.0201 1.0170 100 390 
0.527 2 1 5 0 1.0000 1.0000 2.25 2.17 0.065 0.105 1.0160 1.0137 100 390 
0.528 2 1 5 0 1.0000 1.0000 2.20 2.09 0.072 0.029 1.0196 1.0196 100 390 
0.529 2 1 5 0 1.0000 1.0000 2.18 2.08 0.064 0.037 1.0209 1.0204 100 400 
0.530 2 1 5 0 1.0000 1.0000 2.15 2.06 0.088 0.058 1.0226 1.0210 100 400 
0.531 2 1 5 0 1.0000 1.0000 2.25 2.05 0.057 0.048 1.0144 1.0220 100 390 
0.532 2 1 5 0 1.0000 1.0000 2.15 1.99 0.071 0.143 1.0224 1.0266 100 390 
0.533 2 1 5 0 1.0000 1.0000 2.21 1.98 0.023 0.215 1.0165 1.0262 100 360 
0.534 2 1 5 0 1.0000 1.0000 2.15 2.00 0.094 0.181 1.0216 1.0241 100 400 
0.535 2 1 5 0 1.0000 1.0000 2.16 2.02 0.117 0.265 1.0204 1.0221 100 400 
0.536 2 1 5 0 1.0000 1.0000 2.16 2.00 0.042 0.152 1.0196 1.0236 100 360 
0.537 2 1 5 0 1.0000 1.0000 2.14 1.94 0.049 0.060 1.0210 1.0279 100 390 
0.538 2 1 5 0 1.0000 1.0000 2.16 2.02 0.016 0.009 1.0188 1.0208 100 380 
0.539 2 1 5 0 1.0000 1.0000 2.12 1.95 0.048 0.056 1.0221 1.0259 100 360 
0.540 2 1 5 0 1.0000 1.0000 2.15 1.98 0.081 0.037 1.0192 1.0231 100 390 
0.541 2 1 5 0 1.0000 1.0000 2.22 1.97 0.093 0.134 1.0130 1.0237 100 400 
0.542 2 1 5 0 1.0000 1.0000 2.11 1.89 0.092 0.172 1.0220 1.0298 100 360 
0.543 2 1 5 0 1.0000 1.0000 2.16 2.01 0.092 0.170 1.0172 1.0194 100 390 
0.544 2 1 5 0 1.0000 1.0000 2.17 1.98 0.055 0.221 1.0159 1.0215 100 380 
0.545 2 1 5 0 1.0000 1.0000 2.14 1.97 0.069 0.077 1.0183 1.0213 100 370 
0.546 2 1 5 0 1.0000 1.0000 2.11 1.98 0.097 -0.002 1.0200 1.0203 100 390 
0.547 2 1 5 0 1.0000 1.0000 2.14 2.03 0.032 0.025 1.0171 1.0159 100 390 
0.548 2 1 5 0 1.0000 1.0000 2.12 2.01 0.004 0.018 1.0185 1.0175 100 400 
0.549 2 1 5 0 1.0000 1.0000 2.17 2.01 0.051 0.056 1.0145 1.0167 100 390 
0.550 2 1 5 0 1.0000 1.0000 2.15 1.96 0.111 0.048 1.0156 1.0204 100 390 
0.551 2 1 5 0 1.0000 1.0000 2.08 2.01 0.068 0.040 1.0211 1.0164 100 390 
0.552 2 1 5 0 1.0000 1.0000 2.07 2.02 0.033 0.133 1.0216 1.0149 100 380 
0.553 2 1 5 0 1.0000 1.0000 2.05 2.05 0.073 0.159 1.0228 1.0124 100 400 
0.554 2 1 5 0 1.0000 1.0000 2.08 2.02 0.110 0.197 1.0199 1.0142 100 400 
0.555 2 1 5 0 1.0000 1.0000 2.06 1.99 0.084 0.238 1.0213 1.0164 100 380 
0.556 2 1 5 0 1.0000 1.0000 2.05 2.00 0.020 0.082 1.0215 1.0155 100 390 
0.557 2 1 5 0 1.0000 1.0000 2.09 2.02 0.012 0.050 1.0180 1.0140 100 400 
0.558 2 1 5 0 1.0000 1.0000 2.08 2.00 0.069 0.065 1.0185 1.0151 100 390 
0.559 2 1 5 0 1.0000 1.0000 2.10 2.00 0.051 0.085 1.0161 1.0146 100 390 
0.560 2 1 5 0 1.0000 1.0000 2.08 2.00 0.008 0.081 1.0172 1.0142 100 390 
0.561 2 1 5 0 1.0000 1.0000 2.09 1.97 0.038 0.055 1.0161 1.0168 100 370 
0.562 2 1 5 0 1.0000 1.0000 2.11 1.97 0.015 0.016 1.0144 1.0161 100 400 
0.563 2 1 5 0 1.0000 1.0000 2.09 1.99 0.036 0.033 1.0157 1.0142 100 380 
0.564 2 1 5 0 1.0000 1.0000 2.20 1.97 0.087 0.067 1.0060 1.0154 100 350 
0.565 2 1 5 0 1.0000 1.0000 2.07 1.99 0.030 0.115 1.0168 1.0139 100 390 
0.566 2 1 5 0 1.0000 1.0000 2.10 1.92 0.008 0.098 1.0140 1.0192 100 400 
0.567 2 1 5 0 1.0000 1.0000 2.15 1.97 0.023 0.118 1.0099 1.0143 100 360 
0.568 2 1 5 0 1.0000 1.0000 2.11 2.01 0.063 0.151 1.0129 1.0108 100 400 
0.569 2 1 5 0 1.0000 1.0000 2.12 1.93 0.079 0.069 1.0120 1.0177 100 400 
0.570 2 1 5 0 1.0000 1.0000 2.10 1.99 0.061 0.073 1.0132 1.0118 100 360 
0.571 2 1 5 0 1.0000 1.0000 2.09 1.94 0.038 0.060 1.0136 1.0164 100 400 
0.572 2 1 5 0 1.0000 1.0000 2.08 2.00 0.027 0.057 1.0140 1.0108 100 390 
0.573 2 1 5 0 1.0000 1.0000 2.11 1.98 0.112 0.006 1.0113 1.0121 100 360 
0.574 2 1 5 0 1.0000 1.0000 2.11 2.02 0.084 0.055 1.0111 1.0088 100 400 
0.575 2 1 5 0 1.0000 1.0000 2.11 1.93 0.011 0.075 1.0109 1.0159 100 400 
0.576 2 1 5 0 1.0000 1.0000 2.13 2.03 -0.014 0.084 1.0095 1.0071 100 390 
0.577 2 1 5 0 1.0000 1.0000 2.11 2.00 0.047 0.117 1.0107 1.0093 100 370 
0.578 2 1 5 0 1.0000 1.0000 2.12 2.00 0.085 0.072 1.0095 1.0091 100 390 
0.579 2 1 5 0 1.0000 1.0000 2.15 2.05 0.104 0.063 1.0069 1.0053 100 390 
0.580 2 1 5 0 1.0000 1.0000 2.08 2.29 0.024 0.049 1.0127 0.9851 100 390 
0.581 2 1 5 0 1.0000 1.0000 2.07 2.06 0.032 0.029 1.0130 1.0048 100 400 
0.582 2 1 5 0 1.0000 1.0000 2.06 2.08 0.010 0.116 1.0136 1.0025 100 390 
0.583 2 1 5 0 1.0000 1.0000 2.09 2.10 0.031 0.089 1.0111 1.0012 100 380 
0.584 2 1 5 0 1.0000 1.0000 2.09 2.02 0.054 0.126 1.0105 1.0075 100 390 
0.585 2 1 5 0 1.0000 1.0000 2.06 2.05 0.020 0.078 1.0131 1.0052 100 370 
0.586 2 1 5 0 1.0000 1.0000 2.08 2.05 0.023 0.070 1.0109 1.0051 100 400 
0.587 2 1 5 0 1.0000 1.0000 2.07 2.03 0.019 0.090 1.0116 1.0064 100 360 
0.588 2 1 5 0 1.0000 1.0000 2.10 2.03 0.065 0.086 1.0091 1.0067 100 390 
0.589 2 1 5 0 1.0000 1.0000 2.09 2.01 0.067 0.082 1.0095 1.0079 100 400 
0.590 2 1 5 0 1.0000 1.0000 2.10 1.97 0.053 0.060 1.0084 1.0107 100 350 
0.591 2 1 5 0 1.0000 1.0000 2.14 1.97 0.034 0.037 1.0051 1.0111 100 400 
0.592 2 1 5 0 1.0000 1.0000 2.15 1.99 0.077 0.114 1.0046 1.0089 100 400 
0.593 2 1 5 0 1.0000 1.0000 2.14 1.98 0.060 0.049 1.0047 1.0095 100 350 
0.594 2 1 5 0 1.0000 1.0000 2.15 1.98 0.092 0.072 1.0045 1.0098 100 380 
0.595 2 1 5 0 1.0000 1.0000 2.16 1.94 0.094 0.069 1.0030 1.0128 100 400 
0.596 2 1 5 0 1.0000 1.0000 2.14 1.98 0.028 0.043 1.0045 1.0090 100 360 
0.597 2 1 5 0 1.0000 1.0000 2.14 1.98 0.065 0.066 1.0049 1.0084 100 400 
0.598 2 1 5 0 1.0000 1.0000 2.15 1.98 0.047 0.074 1.0037 1.0083 100 400 
0.599 2 1 5 0 1.0000 1.0000 2.12 1.97 0.057 0.040 1.0063 1.0092 100 350 
0.600 2 1 5 0 1.0000 1.0000 2.12 1.95 0.084 0.031 1.0063 1.0107 100 380 
0.601 2 1 5 0 1.0000 1.0000 2.10 2.00 -0.018 0.040 1.0074 1.0065 100 400 
0.602 2 1 5 0 1.0000 1.0000 2.17 1.99 0.086 0.045 1.0016 1.0073 100 360 
0.603 2 1 5 0 1.0000 1.0000 2.10 1.98 0.119 0.048 1.0078 1.0076 100 390 
0.604 2 1 5 0 1.0000 1.0000 2.13 1.97 0.028 0.048 1.0050 1.0084 100 390 
0.605 2 1 5 0 1.0000 1.0000 2.13 1.97 0.054 0.063 1.0043 1.0087 100 360 
0.606 2 1 6 0 1.4000 1.4000 7.77 7.66 -0.019 0.016 1.0051 1.0050 100 380 
0.607 2 1 6 0 1.4000 1.4000 7.86 7.77 0.457 0.206 1.0060 1.0034 100 400 
0.608 2 1 6 0 1.4000 1.4000 7.58 7.52 0.974 0.647 1.0369 1.0316 100 350 
0.609 2 1 6 0 1.4000 1.4000 7.27 6.81 1.267 1.041 1.0691 1.0977 100 390 
0.610 2 1 6 0 1.4000 1.4000 6.52 5.98 1.449 1.288 1.1377 1.1723 100 390 
0.611 2 1 6 0 1.4000 1.4000 5.92 5.50 1.526 1.311 1.1923 1.2164 100 400 
0.612 2 1 6 0 1.4000 1.4000 5.55 5.21 0.959 1.003 1.2270 1.2440 100 390 
0.613 2 1 6 0 1.4000 1.4000 4.97 4.88 0.859 0.885 1.2786 1.2742 100 400 
0.614 2 1 6 0 1.4000 1.4000 4.29 4.56 0.837 0.836 1.3369 1.3030 100 400 
0.615 2 1 6 0 1.4000 1.4000 4.02 4.17 0.591 0.654 1.3606 1.3368 100 360 
0.616 2 1 6 0 1.4000 1.4000 3.96 3.98 0.468 0.530 1.3658 1.3542 100 350 
0.617 2 1 6 0 1.4000 1.4000 3.75 3.63 0.400 0.471 1.3839 1.3842 100 400 
0.618 2 1 6 0 1.4000 1.4000 3.52 3.45 0.335 0.402 1.4030 1.3992 100 400 
0.619 2 1 6 0 1.4000 1.4000 3.61 3.47 0.265 0.265 1.3961 1.3974 100 360 
0.620 2 1 6 0 1.4000 1.4000 3.40 3.21 0.167 0.271 1.4133 1.4194 100 390 
0.621 2 1 6 0 1.4000 1.4000 3.21 3.29 0.130 0.231 1.4292 1.4122 100 400 
0.622 2 1 6 0 1.4000 1.4000 3.26 3.25 0.118 0.182 1.4240 1.4148 100 370 
0.623 2 1 6 0 1.4000 1.4000 3.23 3.03 0.174 0.170 1.4258 1.4326 100 400 
0.624 2 1 6 0 1.4000 1.4000 3.25 3.08 0.069 0.137 1.4239 1.4282 100 400 
0.625 2 1 6 0 1.4000 1.4000 3.10 3.12 0.081 0.180 1.4360 1.4246 100 370 
0.626 2 1 6 0 1.4000 1.4000 3.21 2.99 0.127 0.166 1.4262 1.4341 100 390 
0.627 2 1 6 0 1.4000 1.4000 3.24 2.92 0.035 0.100 1.4231 1.4392 100 390 
0.628 2 1 6 0 1.4000 1.4000 3.18 2.97 0.068 0.067 1.4273 1.4347 100 360 
0.629 2 1 6 0 1.4000 1.4000 3.18 3.00 0.057 0.117 1.4267 1.4319 100 400 
0.630 2 1 6 0 1.4000 1.4000 3.01 2.80 0.097 0.101 1.4402 1.4473 100 400 
0.631 2 1 6 0 1.4000 1.4000 3.09 2.95 0.055 0.074 1.4334 1.4340 100 360 
0.632 2 1 6 0 1.4000 1.4000 3.04 2.86 0.130 0.098 1.4366 1.4407 100 370 
0.633 2 1 6 0 1.4000 1.4000 3.03 2.83 0.108 0.088 1.4367 1.4421 100 370 
0.634 2 1 6 0 1.4000 1.4000 2.98 2.89 0.013 0.054 1.4399 1.4364 100 390 
0.635 2 1 6 0 1.4000 1.4000 2.87 2.75 0.052 0.033 1.4480 1.4471 100 390 
0.636 2 1 6 0 1.4000 1.4000 3.11 2.89 0.035 0.098 1.4276 1.4352 100 350 
0.637 2 1 6 0 1.4000 1.4000 2.99 2.78 0.032 0.059 1.4369 1.4434 100 390 
0.638 2 1 6 0 1.4000 1.4000 2.95 2.79 0.003 0.055 1.4394 1.4415 100 380 
0.639 2 1 6 0 1.4000 1.4000 2.99 2.80 0.032 0.106 1.4351 1.4399 100 360 
0.640 2 1 6 0 1.4000 1.4000 2.85 2.69 0.018 0.060 1.4462 1.4484 100 350 
0.641 2 1 6 0 1.4000 1.4000 2.99 2.89 -0.045 0.043 1.4335 1.4311 100 360 
0.642 2 1 6 0 1.4000 1.4000 2.97 2.87 0.046 0.063 1.4347 1.4324 100 390 
0.643 2 1 6 0 1.4000 1.4000 2.92 2.80 0.026 0.095 1.4382 1.4372 100 400 
0.644 2 1 6 0 1.4000 1.4000 2.91 2.82 0.039 0.100 1.4382 1.4347 100 350 
0.645 2 1 6 0 1.4000 1.4000 2.88 2.62 0.045 0.092 1.4404 1.4506 100 390 
0.646 2 1 6 0 1.4000 1.4000 3.04 2.70 0.036 0.124 1.4263 1.4428 100 390 
0.647 2 1 6 0 1.4000 1.4000 2.90 2.65 0.044 0.044 1.4367 1.4460 100 360 
0.648 2 1 6 0 1.4000 1.4000 2.99 2.75 -0.038 0.051 1.4288 1.4366 100 400 
0.649 2 1 6 0 1.4000 1.4000 2.96 2.77 0.056 0.071 1.4309 1.4348 100 400 
0.650 2 1 6 0 1.4000 1.4000 2.94 2.78 0.063 0.094 1.4317 1.4333 100 370 
0.651 2 1 6 0 1.4000 1.4000 2.79 2.86 0.016 0.083 1.4436 1.4260 100 360 
0.652 2 1 6 0 1.4000 1.4000 2.78 2.76 0.092 0.017 1.4435 1.4337 100 360 
0.653 2 1 6 0 1.4000 1.4000 2.94 2.80 0.011 0.068 1.4298 1.4295 100 400 
0.654 2 1 6 0 1.4000 1.4000 2.85 2.76 0.054 0.068 1.4366 1.4321 100 400 
0.655 2 1 6 0 1.4000 1.4000 2.75 2.93 0.002 0.069 1.4436 1.4176 100 370 
0.656 2 1 6 0 1.4000 1.4000 2.89 2.97 0.030 0.100 1.4311 1.4137 100 400 
0.657 2 1 6 0 1.4000 1.4000 2.79 2.65 0.095 0.080 1.4391 1.4401 100 400 
0.658 2 1 6 0 1.4000 1.4000 2.97 2.80 -0.049 0.051 1.4235 1.4270 100 360 
0.659 2 1 6 0 1.4000 1.4000 2.94 2.81 0.077 0.065 1.4258 1.4260 100 380 
0.660 2 1 6 0 1.4000 1.4000 2.96 2.75 0.084 0.056 1.4232 1.4297 100 390 
0.661 2 1 6 0 1.4000 1.4000 2.92 2.67 0.019 0.081 1.4263 1.4358 100 360 
0.662 2 1 6 0 1.4000 1.4000 2.87 2.81 0.062 0.096 1.4296 1.4239 100 390 
0.663 2 1 6 0 1.4000 1.4000 3.00 2.84 0.059 0.090 1.4180 1.4210 100 400 
0.664 2 1 6 0 1.4000 1.4000 2.81 2.69 0.052 0.065 1.4333 1.4333 100 360 
0.665 2 1 6 0 1.4000 1.4000 2.96 2.73 0.054 0.052 1.4209 1.4286 100 390 
0.666 2 1 6 0 1.4000 1.4000 2.92 2.79 0.091 0.073 1.4238 1.4236 100 400 
0.667 2 1 6 0 1.4000 1.4000 2.88 2.74 0.081 0.066 1.4264 1.4272 100 350 
0.668 2 1 6 0 1.4000 1.4000 2.87 2.73 0.021 0.003 1.4265 1.4272 100 360 
0.669 2 1 6 0 1.4000 1.4000 2.83 2.71 0.069 0.073 1.4295 1.4286 100 360 
0.670 2 1 6 0 1.4000 1.4000 3.11 2.85 0.056 0.101 1.4057 1.4161 100 360 
0.671 2 1 6 0 1.4000 1.4000 2.82 2.76 0.037 0.071 1.4298 1.4238 110 370 
0.672 2 1 6 0 1.4000 1.4000 2.81 2.76 0.067 0.036 1.4295 1.4229 100 360 
0.673 2 1 6 0 1.4000 1.4000 2.87 2.87 0.054 0.071 1.4241 1.4136 100 400 
0.674 2 1 6 0 1.4000 1.4000 2.72 2.68 0.023 0.041 1.4360 1.4289 100 390 
0.675 2 1 6 0 1.4000 1.4000 2.87 2.84 0.071 0.038 1.4227 1.4149 100 370 
0.676 2 1 6 0 1.4000 1.4000 2.74 3.02 0.035 0.061 1.4330 1.3997 100 380 
0.677 2 1 6 0 1.4000 1.4000 2.84 2.79 0.063 0.101 1.4247 1.4190 100 390 
0.678 2 1 6 0 1.4000 1.4000 2.85 2.74 0.074 0.072 1.4233 1.4228 100 360 
0.679 2 1 6 0 1.4000 1.4000 2.89 2.73 -0.056 0.082 1.4194 1.4233 100 390 
0.680 2 1 6 0 1.4000 1.4000 3.03 2.81 0.033 0.077 1.4075 1.4162 100 380 
0.681 2 1 6 0 1.4000 1.4000 2.80 2.67 0.035 0.059 1.4261 1.4272 100 340 
0.682 2 1 6 0 1.4000 1.4000 2.94 2.86 0.034 0.060 1.4140 1.4111 100 370 
0.683 2 1 6 0 1.4000 1.4000 2.92 2.77 0.107 0.056 1.4153 1.4183 100 350 
0.684 2 1 6 0 1.4000 1.4000 2.94 2.75 0.156 0.070 1.4140 1.4197 100 370 
0.685 2 1 6 0 1.4000 1.4000 2.87 2.75 -0.006 0.048 1.4195 1.4189 100 370 
0.686 2 1 6 0 1.4000 1.4000 2.88 2.66 0.038 0.035 1.4181 1.4264 100 360 
0.687 2 1 6 0 1.4000 1.4000 2.98 2.79 0.091 0.098 1.4098 1.4147 100 370 
0.688 2 1 6 0 1.4000 1.4000 2.84 2.65 0.053 0.081 1.4207 1.4261 100 370 
0.689 2 1 6 0 1.4000 1.4000 2.90 2.74 0.092 0.039 1.4156 1.4184 100 360 
0.690 2 1 6 0 1.4000 1.4000 2.96 2.77 0.069 0.041 1.4103 1.4152 100 360 
0.691 2 1 6 0 1.4000 1.4000 2.95 2.77 0.029 0.100 1.4108 1.4148 100 400 
0.692 2 1 6 0 1.4000 1.4000 2.93 2.85 0.027 0.040 1.4123 1.4085 100 380 
0.693 2 1 6 0 1.4000 1.4000 2.77 2.77 0.061 0.084 1.4254 1.4144 100 350 
0.694 2 1 6 0 1.4000 1.4000 2.84 2.79 0.106 0.047 1.4185 1.4131 100 390 
0.695 2 1 6 0 1.4000 1.4000 2.85 2.79 -0.003 0.069 1.4173 1.4127 100 390 
0.696 2 1 6 0 1.4000 1.4000 2.85 2.75 -0.011 0.071 1.4173 1.4158 100 350 
0.697 2 1 6 0 1.4000 1.4000 2.92 2.80 0.077 0.071 1.4112 1.4109 100 350 
0.698 2 1 6 0 1.4000 1.4000 2.80 2.66 0.074 0.105 1.4206 1.4222 100 360 
0.699 2 1 6 0 1.4000 1.4000 2.98 2.81 0.052 0.060 1.4057 1.4091 100 350 
0.700 2 1 6 0 1.4000 1.4000 2.85 2.73 0.095 0.041 1.4165 1.4157 100 350 
0.701 2 1 6 0 1.4000 1.4000 3.00 2.79 0.088 0.006 1.4032 1.4109 110 360 
0.702 2 1 6 0 1.4000 1.4000 2.90 2.72 0.003 0.058 1.4114 1.4166 100 350 
0.703 2 1 6 0 1.4000 1.4000 2.99 2.90 0.085 0.060 1.4037 1.4008 100 360 
0.704 2 1 6 0 1.4000 1.4000 3.10 2.83 0.232 0.098 1.3953 1.4069 100 350 
0.705 2 1 6 0 1.4000 1.4000 2.94 2.71 0.099 0.083 1.4080 1.4168 100 370 
0.706 2 1 6 0 1.4000 1.4000 3.00 2.77 0.107 0.079 1.4031 1.4112 100 370 
0.707 2 1 6 0 1.4000 1.4000 2.94 2.79 0.122 0.108 1.4077 1.4096 100 350 
0.708 2 1 6 0 1.4000 1.4000 2.98 2.74 0.083 0.064 1.4049 1.4131 100 370 
0.709 2 1 6 0 1.4000 1.4000 2.97 2.75 0.080 0.065 1.4050 1.4122 100 370 
0.710 2 1 6 0 1.4000 1.4000 2.97 2.71 0.084 0.085 1.4054 1.4153 100 400 
0.711 2 1 6 0 1.4000 1.4000 3.02 2.85 0.080 0.147 1.4007 1.4032 100 400 
0.712 2 1 6 0 1.4000 1.4000 2.89 2.71 0.081 0.094 1.4114 1.4150 100 360 
0.713 2 1 6 0 1.4000 1.4000 2.95 2.76 0.058 0.096 1.4061 1.4106 100 400 
0.714 2 1 6 0 1.4000 1.4000 2.90 2.80 0.101 0.061 1.4109 1.4073 100 400 
0.715 2 1 6 0 1.4000 1.4000 2.94 2.78 0.068 0.076 1.4072 1.4082 100 370 
0.716 2 1 6 0 1.4000 1.4000 2.85 2.86 0.048 0.106 1.4139 1.4015 100 390 
0.717 2 1 6 0 1.4000 1.4000 2.83 2.75 0.111 0.036 1.4160 1.4112 100 400 
0.718 2 1 6 0 1.4000 1.4000 3.11 2.87 0.099 0.024 1.3925 1.4011 100 360 
0.719 2 1 6 0 1.4000 1.4000 2.83 2.71 0.163 0.108 1.4151 1.4138 100 350 
0.720 2 1 6 0 1.4000 1.4000 2.91 2.78 0.107 0.094 1.4083 1.4079 100 350 
0.721 2 1 6 0 1.4000 1.4000 3.04 2.83 0.175 0.062 1.3974 1.4038 100 370 
0.722 2 1 6 0 1.4000 1.4000 3.01 2.79 0.099 0.122 1.4002 1.4070 100 360 
0.723 2 1 6 0 1.4000 1.4000 3.00 2.89 0.189 0.121 1.4006 1.3981 100 390 
0.724 2 1 6 0 1.4000 1.4000 2.96 2.78 0.180 0.003 1.4045 1.4079 100 390 
0.725 2 1 6 0 1.4000 1.4000 3.09 2.85 0.169 0.057 1.3935 1.4017 100 370 
0.726 2 1 6 0 1.4000 1.4000 2.90 2.81 0.129 0.112 1.4088 1.4045 100 380 
0.727 2 1 6 0 1.4000 1.4000 2.97 2.80 0.143 0.088 1.4036 1.4059 100 390 
0.728 2 1 6 0 1.4000 1.4000 2.97 2.79 0.219 0.079 1.4033 1.4059 100 350 
0.729 2 1 6 0 1.4000 1.4000 2.94 2.65 0.192 0.073 1.4055 1.4178 100 400 
0.730 2 1 6 0 1.4000 1.4000 3.00 2.79 0.164 0.061 1.4005 1.4059 100 390 
0.731 2 1 6 0 1.4000 1.4000 2.83 2.69 0.156 -0.024 1.4143 1.4139 100 350 
0.732 2 1 6 0 1.4000 1.4000 2.98 2.82 0.255 0.030 1.4017 1.4033 100 400 
0.733 2 1 6 0 1.4000 1.4000 2.83 2.73 0.191 0.113 1.4140 1.4100 100 400 
0.734 2 1 6 0 1.4000 1.4000 2.77 2.88 0.124 0.061 1.4188 1.3979 100 360 
0.735 2 1 6 0 1.4000 1.4000 2.84 2.88 0.130 0.051 1.4126 1.3974 100 390 
0.736 2 1 6 0 1.4000 1.4000 2.69 2.72 0.199 0.086 1.4246 1.4110 100 390 
0.737 2 1 6 0 1.4000 1.4000 2.89 2.83 0.038 0.013 1.4080 1.4019 100 350 
0.738 2 1 6 0 1.4000 1.4000 2.75 2.86 0.046 -0.050 1.4194 1.3989 100 360 
0.739 2 1 6 0 1.4000 1.4000 2.76 2.81 0.141 0.035 1.4183 1.4031 100 370 
0.740 2 1 6 0 1.4000 1.4000 2.86 2.72 0.072 0.048 1.4099 1.4110 100 360 
0.741 2 1 6 0 1.4000 1.4000 2.88 2.75 0.202 0.074 1.4074 1.4084 100 360 
0.742 2 1 6 0 1.4000 1.4000 3.08 2.83 0.227 0.124 1.3913 1.4017 100 350 
0.743 2 1 6 0 1.4000 1.4000 2.82 2.79 0.264 0.102 1.4124 1.4046 100 350 
0.744 2 1 6 0 1.4000 1.4000 2.95 2.93 0.156 0.023 1.4014 1.3932 100 350 
0.745 2 1 6 0 1.4000 1.4000 2.86 2.90 0.172 -0.066 1.4093 1.3954 100 390 
0.746 2 1 6 0 1.4000 1.4000 2.93 2.80 0.293 0.054 1.4034 1.4036 100 400 
0.747 2 1 6 0 1.4000 1.4000 2.95 2.81 0.240 0.025 1.4012 1.4027 100 360 
0.748 2 1 6 0 1.4000 1.4000 2.92 2.79 0.109 0.105 1.4043 1.4044 100 400 
