%% logfile from robot Liv (36)
% Liv (36)
%  1    time 0.000 sec
%  2  3  4  5   (mission 0), state 2, entered (thread 1, line 0), events 0x0 (bit-flags)
%  6  7 Motor velocity ref left, right: 0.2000 0.2000
%  8  9 Motor voltage [V] left, right: 2.42 2.42
% 10 11 Motor current left, right [A]: -0.088 -0.081
% 12 13 Wheel velocity [m/s] left, right: 0.0000 -0.0000
% 14 15 Get data time [us]: 100 +ctrl 400
0.001 2 1 0 0 0.2000 0.2000 2.46 2.46 0.154 0.119 0.0000 -0.0000 100 330 
0.002 2 1 0 0 0.2000 0.2000 2.50 2.50 0.368 0.381 0.0000 -0.0000 100 330 
0.003 2 1 0 0 0.2000 0.2000 2.54 2.54 0.485 0.556 0.0000 -0.0000 100 340 
0.004 2 1 0 0 0.2000 0.2000 2.58 2.58 0.642 0.657 0.0000 0.0000 100 350 
0.005 2 1 0 0 0.2000 0.2000 2.62 2.62 0.699 0.705 0.0000 0.0000 100 360 
0.006 2 1 0 0 0.2000 0.2000 2.66 2.66 0.603 0.670 0.0000 0.0000 100 360 
0.007 2 1 0 0 0.2000 0.2000 2.70 2.70 0.679 0.575 0.0000 0.0000 100 360 
0.008 2 1 0 0 0.2000 0.2000 2.74 2.74 0.769 0.602 0.0000 0.0000 100 360 
0.009 2 1 0 0 0.2000 0.2000 2.78 2.78 0.759 0.604 0.0000 0.0000 100 330 
0.010 2 1 0 0 0.2000 0.2000 2.82 2.82 0.598 0.641 0.0000 0.0000 100 370 
0.011 2 1 0 0 0.2000 0.2000 2.86 2.86 0.570 0.669 0.0000 0.0000 100 370 
0.012 2 1 0 0 0.2000 0.2000 1.75 1.50 0.593 0.719 0.1139 0.1385 100 390 
0.013 2 1 0 0 0.2000 0.2000 1.77 1.51 0.543 0.651 0.1139 0.1385 100 380 
0.014 2 1 0 0 0.2000 0.2000 1.36 1.53 0.456 0.515 0.1553 0.1385 100 390 
0.015 2 1 0 0 0.2000 0.2000 1.37 1.13 0.423 0.406 0.1553 0.1786 100 380 
0.016 2 1 0 0 0.2000 0.2000 1.38 1.14 0.243 0.315 0.1553 0.1786 100 390 
0.017 2 1 0 0 0.2000 0.2000 1.15 0.95 0.234 0.284 0.1796 0.1976 100 390 
0.018 2 1 0 0 0.2000 0.2000 1.15 0.95 0.163 0.229 0.1796 0.1976 100 380 
0.019 2 1 0 0 0.2000 0.2000 1.00 0.81 0.193 0.141 0.1951 0.2111 100 380 
0.020 2 1 0 0 0.2000 0.2000 1.00 0.81 0.097 0.127 0.1951 0.2111 100 390 
0.021 2 1 0 0 0.2000 0.2000 0.89 0.71 0.152 0.118 0.2062 0.2211 100 390 
0.022 2 1 0 0 0.2000 0.2000 0.89 0.70 0.235 0.082 0.2062 0.2218 100 380 
0.023 2 1 0 0 0.2000 0.2000 0.83 0.69 0.090 0.057 0.2118 0.2218 100 380 
0.024 2 1 0 0 0.2000 0.2000 0.83 0.70 0.089 0.018 0.2118 0.2211 100 380 
0.025 2 1 0 0 0.2000 0.2000 0.79 0.69 0.168 -0.016 0.2150 0.2211 100 390 
0.026 2 1 0 0 0.2000 0.2000 0.74 0.68 0.053 -0.012 0.2198 0.2222 100 390 
0.027 2 1 0 0 0.2000 0.2000 0.74 0.67 0.045 0.032 0.2198 0.2222 100 370 
0.028 2 1 0 0 0.2000 0.2000 0.77 0.69 0.036 0.010 0.2164 0.2195 100 380 
0.029 2 1 0 0 0.2000 0.2000 0.76 0.69 -0.002 -0.001 0.2164 0.2195 100 370 
0.030 2 1 0 0 0.2000 0.2000 0.84 0.78 0.014 -0.015 0.2082 0.2103 100 390 
0.031 2 1 0 0 0.2000 0.2000 0.84 0.78 0.026 -0.002 0.2082 0.2103 100 370 
0.032 2 1 0 0 0.2000 0.2000 0.92 0.85 -0.004 0.026 0.2000 0.2028 100 370 
0.033 2 1 0 0 0.2000 0.2000 0.92 0.85 0.035 0.017 0.2000 0.2028 100 380 
0.034 2 1 0 0 0.2000 0.2000 0.94 0.88 0.056 0.085 0.1981 0.2001 100 380 
0.035 2 1 0 0 0.2000 0.2000 0.94 0.88 0.169 0.092 0.1981 0.2001 100 380 
0.036 2 1 0 0 0.2000 0.2000 0.90 0.84 0.085 0.101 0.2023 0.2040 100 390 
0.037 2 1 0 0 0.2000 0.2000 0.90 0.84 0.038 0.116 0.2023 0.2040 100 380 
0.038 2 1 0 0 0.2000 0.2000 0.87 0.82 0.069 0.072 0.2048 0.2057 100 380 
0.039 2 1 0 0 0.2000 0.2000 0.87 0.82 0.083 0.096 0.2048 0.2057 100 390 
0.040 2 1 0 0 0.2000 0.2000 0.84 0.82 0.021 0.089 0.2081 0.2056 100 390 
0.041 2 1 0 0 0.2000 0.2000 0.84 0.82 0.031 0.047 0.2081 0.2056 100 380 
0.042 2 1 0 0 0.2000 0.2000 0.82 0.80 0.090 0.056 0.2100 0.2072 100 370 
0.043 2 1 0 0 0.2000 0.2000 0.81 0.80 0.102 0.079 0.2100 0.2072 100 380 
0.044 2 1 0 0 0.2000 0.2000 0.80 0.82 0.100 0.045 0.2114 0.2049 100 380 
0.045 2 1 0 0 0.2000 0.2000 0.80 0.82 0.074 0.062 0.2114 0.2049 100 370 
0.046 2 1 0 0 0.2000 0.2000 0.89 0.86 0.030 0.064 0.2019 0.2006 100 380 
0.047 2 1 0 0 0.2000 0.2000 0.89 0.86 0.075 0.083 0.2019 0.2006 100 370 
0.048 2 1 0 0 0.2000 0.2000 0.95 0.91 0.035 0.059 0.1955 0.1957 100 380 
0.049 2 1 0 0 0.2000 0.2000 0.95 0.91 0.030 0.126 0.1955 0.1957 100 390 
0.050 2 1 0 0 0.2000 0.2000 0.95 0.87 0.053 0.092 0.1962 0.1998 100 390 
0.051 2 1 0 0 0.2000 0.2000 0.95 0.87 0.075 0.115 0.1962 0.1998 100 360 
0.052 2 1 0 0 0.2000 0.2000 0.90 0.82 0.037 0.078 0.2015 0.2045 100 380 
0.053 2 1 0 0 0.2000 0.2000 0.90 0.82 0.022 0.120 0.2015 0.2045 100 390 
0.054 2 1 0 0 0.2000 0.2000 0.87 0.81 0.030 0.127 0.2039 0.2053 100 390 
0.055 2 1 0 0 0.2000 0.2000 0.87 0.81 0.072 0.094 0.2039 0.2053 100 390 
0.056 2 1 0 0 0.2000 0.2000 0.84 0.81 0.021 0.093 0.2073 0.2056 100 380 
0.057 2 1 0 0 0.2000 0.2000 0.83 0.81 0.048 0.066 0.2073 0.2056 100 370 
0.058 2 1 0 0 0.2000 0.2000 0.77 0.77 0.094 0.086 0.2139 0.2089 100 390 
0.059 2 1 0 0 0.2000 0.2000 0.76 0.77 0.020 0.085 0.2139 0.2089 100 380 
0.060 2 1 0 0 0.2000 0.2000 0.75 0.77 0.045 0.087 0.2152 0.2093 100 380 
0.061 2 1 0 0 0.2000 0.2000 0.74 0.76 0.072 0.057 0.2152 0.2093 100 380 
0.062 2 1 0 0 0.2000 0.2000 0.82 0.82 0.053 0.027 0.2070 0.2030 100 390 
0.063 2 1 0 0 0.2000 0.2000 0.82 0.82 0.025 0.056 0.2070 0.2030 100 370 
0.064 2 1 0 0 0.2000 0.2000 0.92 0.88 0.056 0.055 0.1973 0.1971 100 380 
0.065 2 1 0 0 0.2000 0.2000 0.92 0.88 0.101 0.077 0.1973 0.1971 100 380 
0.066 2 1 0 0 0.2000 0.2000 0.93 0.86 0.118 0.052 0.1968 0.1998 100 380 
0.067 2 1 0 0 0.2000 0.2000 0.93 0.86 0.090 0.054 0.1968 0.1998 100 370 
0.068 2 1 0 0 0.2000 0.2000 0.90 0.80 0.105 0.085 0.1998 0.2060 100 380 
0.069 2 1 0 0 0.2000 0.2000 0.90 0.79 0.101 0.100 0.1998 0.2060 100 380 
0.070 2 1 0 0 0.2000 0.2000 0.87 0.76 0.120 0.090 0.2025 0.2093 100 390 
0.071 2 1 0 0 0.2000 0.2000 0.87 0.75 0.095 0.076 0.2025 0.2104 100 400 
0.072 2 1 0 0 0.2000 0.2000 0.84 0.74 0.061 0.066 0.2057 0.2104 100 380 
0.073 2 1 0 0 0.2000 0.2000 0.83 0.73 0.056 0.032 0.2057 0.2112 100 390 
0.074 2 1 0 0 0.2000 0.2000 0.78 0.73 0.108 0.024 0.2109 0.2112 100 380 
0.075 2 1 0 0 0.2000 0.2000 0.78 0.72 0.025 0.058 0.2109 0.2123 100 370 
0.076 2 1 0 0 0.2000 0.2000 0.77 0.72 0.030 0.035 0.2111 0.2123 100 380 
0.077 2 1 0 0 0.2000 0.2000 0.77 0.83 0.070 -0.003 0.2111 0.2011 100 380 
0.078 2 1 0 0 0.2000 0.2000 0.85 0.83 0.052 0.008 0.2030 0.2011 100 380 
0.079 2 1 0 0 0.2000 0.2000 0.85 0.85 0.037 0.083 0.2030 0.1985 100 390 
0.080 2 1 0 0 0.2000 0.2000 0.92 0.85 0.072 0.082 0.1963 0.1985 100 380 
0.081 2 1 0 0 0.2000 0.2000 0.92 0.83 0.133 0.098 0.1963 0.2011 100 390 
0.082 2 1 0 0 0.2000 0.2000 0.92 0.83 0.080 0.086 0.1960 0.2011 100 390 
0.083 2 1 0 0 0.2000 0.2000 0.92 0.76 0.076 0.082 0.1960 0.2074 100 380 
0.084 2 1 0 0 0.2000 0.2000 0.88 0.76 0.120 0.070 0.2000 0.2074 100 380 
0.085 2 1 0 0 0.2000 0.2000 0.88 0.74 0.055 0.028 0.2000 0.2090 100 390 
0.086 2 1 0 0 0.2000 0.2000 0.85 0.74 0.045 -0.009 0.2031 0.2090 100 370 
0.087 2 1 0 0 0.2000 0.2000 0.85 0.74 0.090 0.016 0.2031 0.2088 100 390 
0.088 2 1 0 0 0.2000 0.2000 0.84 0.74 0.037 -0.018 0.2040 0.2088 100 390 
0.089 2 1 0 0 0.2000 0.2000 0.84 0.72 0.065 -0.038 0.2040 0.2106 100 380 
0.090 2 1 0 0 0.2000 0.2000 0.76 0.72 0.072 -0.035 0.2125 0.2106 100 370 
0.091 2 1 0 0 0.2000 0.2000 0.75 0.70 0.097 -0.007 0.2125 0.2120 100 390 
0.092 2 1 0 0 0.2000 0.2000 0.75 0.70 0.107 -0.028 0.2125 0.2120 100 380 
0.093 2 1 0 0 0.2000 0.2000 0.75 0.74 0.052 -0.072 0.2125 0.2075 100 380 
0.094 2 1 0 0 0.2000 0.2000 0.81 0.74 0.015 -0.042 0.2059 0.2075 100 380 
0.095 2 1 0 0 0.2000 0.2000 0.81 0.79 -0.004 0.004 0.2059 0.2023 100 390 
0.096 2 1 0 0 0.2000 0.2000 0.89 0.79 0.022 -0.036 0.1975 0.2023 100 390 
0.097 2 1 0 0 0.2000 0.2000 0.90 0.80 0.062 -0.022 0.1975 0.2012 100 390 
0.098 2 1 0 0 0.2000 0.2000 0.95 0.80 0.061 -0.051 0.1921 0.2012 100 380 
0.099 2 1 0 0 0.2000 0.2000 0.95 0.77 0.070 -0.017 0.1921 0.2042 100 380 
0.100 2 1 0 0 0.2000 0.2000 0.94 0.77 0.022 0.005 0.1934 0.2042 100 380 
0.101 2 1 1 0 0.4000 0.4000 3.36 3.15 0.041 0.045 0.1934 0.2083 100 400 
0.102 2 1 1 0 0.4000 0.4000 3.36 3.19 0.262 0.032 0.1976 0.2083 100 380 
0.103 2 1 1 0 0.4000 0.4000 3.40 3.20 0.514 0.336 0.1976 0.2112 100 390 
0.104 2 1 1 0 0.4000 0.4000 3.31 3.23 0.661 0.430 0.2109 0.2112 100 390 
0.105 2 1 1 0 0.4000 0.4000 3.34 3.06 0.794 0.492 0.2109 0.2321 100 400 
0.106 2 1 1 0 0.4000 0.4000 3.08 2.82 0.676 0.520 0.2412 0.2593 100 380 
0.107 2 1 1 0 0.4000 0.4000 2.87 2.85 0.542 0.586 0.2651 0.2593 100 390 
0.108 2 1 1 0 0.4000 0.4000 2.89 2.65 0.604 0.563 0.2651 0.2816 100 390 
0.109 2 1 1 0 0.4000 0.4000 2.77 2.50 0.526 0.503 0.2803 0.2988 100 390 
0.110 2 1 1 0 0.4000 0.4000 2.60 2.29 0.544 0.448 0.2994 0.3220 100 380 
0.111 2 1 1 0 0.4000 0.4000 2.38 2.30 0.475 0.405 0.3231 0.3220 100 400 
0.112 2 1 1 0 0.4000 0.4000 2.17 2.10 0.488 0.345 0.3452 0.3431 100 380 
0.113 2 1 1 0 0.4000 0.4000 2.18 2.00 0.406 0.328 0.3452 0.3543 100 400 
0.114 2 1 1 0 0.4000 0.4000 2.07 1.93 0.369 0.298 0.3577 0.3623 100 390 
0.115 2 1 1 0 0.4000 0.4000 2.00 1.84 0.314 0.254 0.3650 0.3724 100 390 
0.116 2 1 1 0 0.4000 0.4000 1.89 1.79 0.287 0.231 0.3767 0.3778 100 380 
0.117 2 1 1 0 0.4000 0.4000 1.85 1.78 0.243 0.153 0.3810 0.3791 100 390 
0.118 2 1 1 0 0.4000 0.4000 1.82 1.76 0.213 0.157 0.3841 0.3811 100 380 
0.119 2 1 1 0 0.4000 0.4000 1.82 1.73 0.171 0.150 0.3849 0.3851 100 380 
0.120 2 1 1 0 0.4000 0.4000 1.78 1.67 0.125 0.158 0.3894 0.3913 100 390 
0.121 2 1 1 0 0.4000 0.4000 1.68 1.65 0.142 0.175 0.3990 0.3929 100 390 
0.122 2 1 1 0 0.4000 0.4000 1.68 1.66 0.128 0.264 0.3988 0.3924 100 380 
0.123 2 1 1 0 0.4000 0.4000 1.66 1.59 0.157 0.195 0.4011 0.3989 100 380 
0.124 2 1 1 0 0.4000 0.4000 1.64 1.58 0.172 0.196 0.4029 0.4007 100 390 
0.125 2 1 1 0 0.4000 0.4000 1.56 1.58 0.125 0.151 0.4113 0.4005 100 390 
0.126 2 1 1 0 0.4000 0.4000 1.61 1.62 0.083 0.184 0.4056 0.3964 100 390 
0.127 2 1 1 0 0.4000 0.4000 1.64 1.54 0.066 0.181 0.4031 0.4040 100 390 
0.128 2 1 1 0 0.4000 0.4000 1.58 1.49 0.061 0.185 0.4084 0.4096 100 390 
0.129 2 1 1 0 0.4000 0.4000 1.53 1.50 0.094 0.195 0.4136 0.4080 100 390 
0.130 2 1 1 0 0.4000 0.4000 1.51 1.52 0.113 0.169 0.4152 0.4063 100 390 
0.131 2 1 1 0 0.4000 0.4000 1.52 1.46 0.098 0.193 0.4137 0.4121 100 380 
0.132 2 1 1 0 0.4000 0.4000 1.45 1.41 0.085 0.231 0.4202 0.4161 100 390 
0.133 2 1 1 0 0.4000 0.4000 1.40 1.45 0.117 0.218 0.4250 0.4117 100 390 
0.134 2 1 1 0 0.4000 0.4000 1.43 1.50 0.110 0.178 0.4212 0.4068 100 390 
0.135 2 1 1 0 0.4000 0.4000 1.50 1.44 0.053 0.162 0.4138 0.4127 100 380 
0.136 2 1 1 0 0.4000 0.4000 1.46 1.39 0.080 0.164 0.4183 0.4180 100 390 
0.137 2 1 1 0 0.4000 0.4000 1.41 1.39 0.072 0.191 0.4229 0.4172 100 400 
0.138 2 1 1 0 0.4000 0.4000 1.42 1.41 0.096 0.176 0.4210 0.4153 100 390 
0.139 2 1 1 0 0.4000 0.4000 1.43 1.37 0.106 0.161 0.4197 0.4184 100 390 
0.140 2 1 1 0 0.4000 0.4000 1.37 1.30 0.075 0.149 0.4248 0.4244 100 390 
0.141 2 1 1 0 0.4000 0.4000 1.34 1.37 0.097 0.144 0.4278 0.4176 100 390 
0.142 2 1 1 0 0.4000 0.4000 1.42 1.37 0.074 0.134 0.4189 0.4168 100 390 
0.143 2 1 1 0 0.4000 0.4000 1.40 1.36 0.050 0.164 0.4209 0.4177 100 380 
0.144 2 1 1 0 0.4000 0.4000 1.35 1.30 0.091 0.120 0.4256 0.4238 100 380 
0.145 2 1 1 0 0.4000 0.4000 1.35 1.30 0.033 0.148 0.4244 0.4233 100 390 
0.146 2 1 1 0 0.4000 0.4000 1.41 1.33 0.107 0.024 0.4183 0.4192 100 390 
0.147 2 1 1 0 0.4000 0.4000 1.31 1.33 0.112 0.076 0.4280 0.4196 100 380 
0.148 2 1 1 0 0.4000 0.4000 1.31 1.28 0.102 0.044 0.4271 0.4233 100 380 
0.149 2 1 1 0 0.4000 0.4000 1.32 1.31 0.050 0.156 0.4257 0.4207 100 380 
0.150 2 1 1 0 0.4000 0.4000 1.36 1.34 0.050 -0.015 0.4213 0.4165 100 380 
0.151 2 1 1 0 0.4000 0.4000 1.36 1.29 0.045 0.149 0.4210 0.4211 100 380 
0.152 2 1 1 0 0.4000 0.4000 1.31 1.26 0.009 0.075 0.4250 0.4237 100 380 
0.153 2 1 1 0 0.4000 0.4000 1.33 1.27 0.007 0.144 0.4234 0.4230 100 390 
0.154 2 1 1 0 0.4000 0.4000 1.33 1.27 0.056 0.026 0.4224 0.4220 100 390 
0.155 2 1 1 0 0.4000 0.4000 1.29 1.24 0.082 0.145 0.4257 0.4251 100 380 
0.156 2 1 1 0 0.4000 0.4000 1.24 1.20 0.049 0.072 0.4302 0.4284 100 380 
0.157 2 1 1 0 0.4000 0.4000 1.33 1.27 0.026 0.206 0.4215 0.4208 100 390 
0.158 2 1 1 0 0.4000 0.4000 1.34 1.24 0.026 0.021 0.4198 0.4238 100 390 
0.159 2 1 1 0 0.4000 0.4000 1.32 1.19 0.040 0.144 0.4214 0.4279 100 390 
0.160 2 1 1 0 0.4000 0.4000 1.30 1.22 0.043 0.087 0.4231 0.4247 100 380 
0.161 2 1 1 0 0.4000 0.4000 1.30 1.24 0.021 0.241 0.4224 0.4222 100 360 
0.162 2 1 1 0 0.4000 0.4000 1.32 1.19 0.059 0.090 0.4201 0.4261 100 390 
0.163 2 1 1 0 0.4000 0.4000 1.27 1.18 0.079 0.252 0.4243 0.4269 100 390 
0.164 2 1 1 0 0.4000 0.4000 1.27 1.22 0.072 0.101 0.4242 0.4223 100 380 
0.165 2 1 1 0 0.4000 0.4000 1.31 1.25 0.037 0.077 0.4194 0.4191 100 380 
0.166 2 1 1 0 0.4000 0.4000 1.35 1.26 -0.008 0.027 0.4147 0.4173 100 390 
0.167 2 1 1 0 0.4000 0.4000 1.31 1.22 0.049 0.062 0.4185 0.4213 100 380 
0.168 2 1 1 0 0.4000 0.4000 1.33 1.24 0.030 0.059 0.4163 0.4191 100 380 
0.169 2 1 1 0 0.4000 0.4000 1.33 1.27 0.060 -0.011 0.4165 0.4149 100 390 
0.170 2 1 1 0 0.4000 0.4000 1.33 1.24 0.098 0.137 0.4161 0.4184 100 390 
0.171 2 1 1 0 0.4000 0.4000 1.25 1.24 0.085 -0.017 0.4230 0.4180 100 380 
0.172 2 1 1 0 0.4000 0.4000 1.32 1.27 0.036 0.087 0.4155 0.4144 100 380 
0.173 2 1 1 0 0.4000 0.4000 1.37 1.34 0.016 0.029 0.4110 0.4067 100 390 
0.174 2 1 1 0 0.4000 0.4000 1.34 1.28 0.015 0.146 0.4132 0.4128 100 390 
0.175 2 1 1 0 0.4000 0.4000 1.29 1.25 0.029 0.065 0.4180 0.4160 100 380 
0.176 2 1 1 0 0.4000 0.4000 1.32 1.29 0.036 0.086 0.4145 0.4114 100 380 
0.177 2 1 1 0 0.4000 0.4000 1.34 1.32 0.049 0.064 0.4129 0.4084 100 380 
0.178 2 1 1 0 0.4000 0.4000 1.28 1.27 0.089 0.100 0.4180 0.4129 100 390 
0.179 2 1 1 0 0.4000 0.4000 1.24 1.24 0.087 0.073 0.4221 0.4160 100 390 
0.180 2 1 1 0 0.4000 0.4000 1.29 1.29 0.064 0.057 0.4167 0.4107 100 380 
0.181 2 1 1 0 0.4000 0.4000 1.36 1.34 0.054 0.060 0.4096 0.4051 100 400 
0.182 2 1 1 0 0.4000 0.4000 1.32 1.30 0.087 0.058 0.4128 0.4092 100 370 
0.183 2 1 1 0 0.4000 0.4000 1.29 1.25 0.052 0.033 0.4162 0.4134 100 390 
0.184 2 1 1 0 0.4000 0.4000 1.31 1.27 0.057 0.045 0.4139 0.4116 100 380 
0.185 2 1 1 0 0.4000 0.4000 1.32 1.28 0.056 0.069 0.4120 0.4105 100 380 
0.186 2 1 1 0 0.4000 0.4000 1.27 1.27 0.073 0.047 0.4171 0.4115 100 380 
0.187 2 1 1 0 0.4000 0.4000 1.25 1.21 0.062 0.063 0.4190 0.4174 100 380 
0.188 2 1 1 0 0.4000 0.4000 1.29 1.27 0.024 0.050 0.4144 0.4104 100 390 
0.189 2 1 1 0 0.4000 0.4000 1.33 1.29 0.014 0.013 0.4097 0.4081 100 380 
0.190 2 1 1 0 0.4000 0.4000 1.32 1.26 0.007 0.076 0.4108 0.4112 100 380 
0.191 2 1 1 0 0.4000 0.4000 1.26 1.22 0.023 0.038 0.4163 0.4149 100 380 
0.192 2 1 1 0 0.4000 0.4000 1.28 1.24 0.056 0.020 0.4139 0.4131 100 390 
0.193 2 1 1 0 0.4000 0.4000 1.34 1.25 0.074 0.060 0.4083 0.4110 100 390 
0.194 2 1 1 0 0.4000 0.4000 1.24 1.25 0.070 0.086 0.4173 0.4110 100 390 
0.195 2 1 1 0 0.4000 0.4000 1.24 1.17 0.060 0.058 0.4176 0.4190 100 380 
0.196 2 1 1 0 0.4000 0.4000 1.26 1.22 0.043 0.044 0.4152 0.4138 100 400 
0.197 2 1 1 0 0.4000 0.4000 1.29 1.26 0.002 0.062 0.4116 0.4096 100 390 
0.198 2 1 1 0 0.4000 0.4000 1.29 1.22 0.026 0.016 0.4114 0.4131 100 380 
0.199 2 1 1 0 0.4000 0.4000 1.26 1.21 0.048 0.052 0.4144 0.4141 100 400 
0.200 2 1 1 0 0.4000 0.4000 1.27 1.19 0.053 0.041 0.4132 0.4158 100 390 
0.201 2 1 1 0 0.4000 0.4000 1.28 1.22 0.052 0.073 0.4122 0.4126 100 390 
0.202 2 1 2 0 0.6000 0.6000 3.67 3.59 0.063 0.091 0.4146 0.4166 100 400 
0.203 2 1 2 0 0.6000 0.6000 3.65 3.64 0.174 0.119 0.4206 0.4157 100 390 
0.204 2 1 2 0 0.6000 0.6000 3.76 3.63 0.364 0.340 0.4129 0.4202 100 380 
0.205 2 1 2 0 0.6000 0.6000 3.73 3.50 0.480 0.464 0.4194 0.4372 100 380 
0.206 2 1 2 0 0.6000 0.6000 3.38 3.33 0.566 0.592 0.4578 0.4572 100 380 
0.207 2 1 2 0 0.6000 0.6000 3.26 3.26 0.601 0.625 0.4726 0.4662 100 390 
0.208 2 1 2 0 0.6000 0.6000 3.16 3.20 0.561 0.591 0.4851 0.4752 100 390 
0.209 2 1 2 0 0.6000 0.6000 3.01 3.07 0.479 0.467 0.5024 0.4906 100 390 
0.210 2 1 2 0 0.6000 0.6000 2.94 2.96 0.414 0.501 0.5108 0.5035 100 390 
0.211 2 1 2 0 0.6000 0.6000 2.85 2.88 0.364 0.385 0.5219 0.5135 100 390 
0.212 2 1 2 0 0.6000 0.6000 2.83 2.83 0.394 0.426 0.5248 0.5199 100 390 
0.213 2 1 2 0 0.6000 0.6000 2.75 2.73 0.352 0.347 0.5342 0.5320 100 400 
0.214 2 1 2 0 0.6000 0.6000 2.68 2.68 0.326 0.412 0.5430 0.5381 100 390 
0.215 2 1 2 0 0.6000 0.6000 2.68 2.57 0.262 0.296 0.5438 0.5498 100 400 
0.216 2 1 2 0 0.6000 0.6000 2.57 2.55 0.219 0.301 0.5562 0.5529 100 390 
0.217 2 1 2 0 0.6000 0.6000 2.62 2.54 0.201 0.282 0.5522 0.5545 100 390 
0.218 2 1 2 0 0.6000 0.6000 2.53 2.44 0.209 0.252 0.5618 0.5657 100 400 
0.219 2 1 2 0 0.6000 0.6000 2.46 2.39 0.220 0.217 0.5690 0.5710 100 380 
0.220 2 1 2 0 0.6000 0.6000 2.48 2.40 0.220 0.178 0.5683 0.5710 100 390 
0.221 2 1 2 0 0.6000 0.6000 2.40 2.26 0.191 0.184 0.5770 0.5853 100 390 
0.222 2 1 2 0 0.6000 0.6000 2.35 2.30 0.203 0.206 0.5824 0.5819 100 390 
0.223 2 1 2 0 0.6000 0.6000 2.41 2.32 0.199 0.146 0.5767 0.5800 100 400 
0.224 2 1 2 0 0.6000 0.6000 2.27 2.17 0.138 0.160 0.5910 0.5954 100 390 
0.225 2 1 2 0 0.6000 0.6000 2.27 2.18 0.191 0.143 0.5907 0.5945 100 390 
0.226 2 1 2 0 0.6000 0.6000 2.21 2.17 0.213 0.142 0.5969 0.5951 100 380 
0.227 2 1 2 0 0.6000 0.6000 2.17 2.10 0.187 0.129 0.6010 0.6028 100 390 
0.228 2 1 2 0 0.6000 0.6000 2.25 2.14 0.128 0.104 0.5931 0.5982 100 380 
0.229 2 1 2 0 0.6000 0.6000 2.21 2.13 0.123 0.091 0.5970 0.5993 100 400 
0.230 2 1 2 0 0.6000 0.6000 2.15 2.03 0.083 0.111 0.6033 0.6090 100 390 
0.231 2 1 2 0 0.6000 0.6000 2.25 2.08 0.124 0.116 0.5936 0.6046 100 390 
0.232 2 1 2 0 0.6000 0.6000 2.12 1.97 0.124 0.087 0.6065 0.6147 100 390 
0.233 2 1 2 0 0.6000 0.6000 2.12 2.01 0.121 0.111 0.6061 0.6109 100 390 
0.234 2 1 2 0 0.6000 0.6000 2.12 1.98 0.110 0.085 0.6061 0.6135 100 390 
0.235 2 1 2 0 0.6000 0.6000 2.08 1.97 0.099 0.081 0.6102 0.6146 100 400 
0.236 2 1 2 0 0.6000 0.6000 2.09 1.97 0.134 0.084 0.6084 0.6143 100 380 
0.237 2 1 2 0 0.6000 0.6000 2.04 1.93 0.134 0.081 0.6137 0.6173 100 400 
0.238 2 1 2 0 0.6000 0.6000 2.07 1.91 0.110 0.089 0.6104 0.6193 100 380 
0.239 2 1 2 0 0.6000 0.6000 2.06 1.94 0.093 0.096 0.6110 0.6159 100 390 
0.240 2 1 2 0 0.6000 0.6000 2.01 1.85 0.061 0.056 0.6160 0.6244 100 400 
0.241 2 1 2 0 0.6000 0.6000 2.01 1.87 0.070 0.050 0.6152 0.6219 100 400 
0.242 2 1 2 0 0.6000 0.6000 1.96 1.85 0.113 0.085 0.6201 0.6234 100 390 
0.243 2 1 2 0 0.6000 0.6000 1.99 1.86 0.117 0.079 0.6165 0.6221 100 390 
0.244 2 1 2 0 0.6000 0.6000 1.99 1.92 0.065 0.092 0.6159 0.6158 100 390 
0.245 2 1 2 0 0.6000 0.6000 2.00 1.94 0.072 0.040 0.6152 0.6135 100 390 
0.246 2 1 2 0 0.6000 0.6000 1.96 1.90 0.055 0.065 0.6184 0.6169 100 360 
0.247 2 1 2 0 0.6000 0.6000 1.95 1.90 0.079 0.070 0.6192 0.6172 100 390 
0.248 2 1 2 0 0.6000 0.6000 1.82 1.89 0.085 0.054 0.6314 0.6172 100 390 
0.249 2 1 2 0 0.6000 0.6000 1.95 1.99 0.014 0.077 0.6184 0.6070 100 390 
0.250 2 1 2 0 0.6000 0.6000 1.94 1.89 0.037 0.047 0.6187 0.6176 100 390 
0.251 2 1 2 0 0.6000 0.6000 1.89 1.91 0.046 0.045 0.6234 0.6148 100 400 
0.252 2 1 2 0 0.6000 0.6000 1.96 1.95 0.040 0.049 0.6157 0.6109 100 390 
0.253 2 1 2 0 0.6000 0.6000 1.91 1.85 0.099 0.058 0.6206 0.6197 100 400 
0.254 2 1 2 0 0.6000 0.6000 1.85 1.90 0.097 0.067 0.6261 0.6146 100 390 
0.255 2 1 2 0 0.6000 0.6000 1.92 1.90 0.052 0.031 0.6186 0.6145 100 390 
0.256 2 1 2 0 0.6000 0.6000 1.89 1.85 0.034 0.047 0.6212 0.6191 100 390 
0.257 2 1 2 0 0.6000 0.6000 1.94 1.89 0.083 0.078 0.6159 0.6145 100 390 
0.258 2 1 2 0 0.6000 0.6000 1.90 1.92 0.062 0.043 0.6195 0.6121 100 390 
0.259 2 1 2 0 0.6000 0.6000 1.91 1.89 0.078 0.047 0.6178 0.6139 100 390 
0.260 2 1 2 0 0.6000 0.6000 1.94 1.89 0.035 0.043 0.6148 0.6142 100 390 
0.261 2 1 2 0 0.6000 0.6000 1.87 1.80 0.011 0.041 0.6216 0.6230 100 390 
0.262 2 1 2 0 0.6000 0.6000 1.90 1.84 0.030 0.031 0.6179 0.6180 100 400 
0.263 2 1 2 0 0.6000 0.6000 1.87 1.85 0.067 0.025 0.6206 0.6169 100 390 
0.264 2 1 2 0 0.6000 0.6000 1.88 1.81 0.066 0.045 0.6194 0.6209 100 400 
0.265 2 1 2 0 0.6000 0.6000 1.92 1.87 0.098 0.047 0.6151 0.6143 100 380 
0.266 2 1 2 0 0.6000 0.6000 1.92 1.82 0.066 0.053 0.6151 0.6190 100 390 
0.267 2 1 2 0 0.6000 0.6000 1.90 1.81 0.033 0.074 0.6167 0.6194 100 370 
0.268 2 1 2 0 0.6000 0.6000 1.92 1.83 0.072 0.051 0.6142 0.6170 100 390 
0.269 2 1 2 0 0.6000 0.6000 1.83 1.77 0.056 0.081 0.6223 0.6230 100 390 
0.270 2 1 2 0 0.6000 0.6000 1.92 1.83 0.017 0.023 0.6137 0.6166 100 390 
0.271 2 1 2 0 0.6000 0.6000 1.90 1.80 0.001 0.018 0.6151 0.6190 100 380 
0.272 2 1 2 0 0.6000 0.6000 1.88 1.83 0.018 0.035 0.6167 0.6158 100 400 
0.273 2 1 2 0 0.6000 0.6000 1.92 1.80 0.016 0.021 0.6128 0.6182 100 390 
0.274 2 1 2 0 0.6000 0.6000 1.86 1.75 0.077 0.079 0.6181 0.6223 100 390 
0.275 2 1 2 0 0.6000 0.6000 1.87 1.78 0.049 0.077 0.6172 0.6195 100 400 
0.276 2 1 2 0 0.6000 0.6000 1.89 1.82 0.018 0.058 0.6142 0.6152 100 390 
0.277 2 1 2 0 0.6000 0.6000 1.85 1.78 0.006 0.043 0.6183 0.6187 100 390 
0.278 2 1 2 0 0.6000 0.6000 1.87 1.84 0.067 0.047 0.6156 0.6128 100 380 
0.279 2 1 2 0 0.6000 0.6000 1.92 1.80 0.102 0.059 0.6104 0.6165 100 400 
0.280 2 1 2 0 0.6000 0.6000 1.95 1.80 0.094 0.051 0.6074 0.6157 100 390 
0.281 2 1 2 0 0.6000 0.6000 1.98 1.89 0.062 0.054 0.6040 0.6062 100 390 
0.282 2 1 2 0 0.6000 0.6000 1.89 1.79 0.042 0.057 0.6128 0.6165 100 380 
0.283 2 1 2 0 0.6000 0.6000 1.93 1.84 0.019 0.046 0.6088 0.6115 100 390 
0.284 2 1 2 0 0.6000 0.6000 1.96 1.82 0.052 0.074 0.6060 0.6132 100 390 
0.285 2 1 2 0 0.6000 0.6000 1.86 1.78 0.064 0.064 0.6159 0.6164 100 390 
0.286 2 1 2 0 0.6000 0.6000 1.97 1.90 0.046 0.053 0.6040 0.6047 100 390 
0.287 2 1 2 0 0.6000 0.6000 1.92 1.84 -0.022 0.037 0.6091 0.6104 100 400 
0.288 2 1 2 0 0.6000 0.6000 1.91 1.83 0.039 0.043 0.6099 0.6113 100 380 
0.289 2 1 2 0 0.6000 0.6000 1.94 1.85 0.098 0.095 0.6073 0.6092 100 390 
0.290 2 1 2 0 0.6000 0.6000 1.86 1.77 -0.001 0.081 0.6146 0.6168 100 390 
0.291 2 1 2 0 0.6000 0.6000 1.90 1.85 0.055 0.073 0.6100 0.6083 100 390 
0.292 2 1 2 0 0.6000 0.6000 1.91 1.85 0.033 0.029 0.6091 0.6081 100 400 
0.293 2 1 2 0 0.6000 0.6000 1.87 1.80 0.005 0.026 0.6126 0.6130 100 400 
0.294 2 1 2 0 0.6000 0.6000 1.96 1.85 0.049 0.055 0.6038 0.6078 100 390 
0.295 2 1 2 0 0.6000 0.6000 1.88 1.83 0.043 0.058 0.6119 0.6093 100 390 
0.296 2 1 2 0 0.6000 0.6000 1.88 1.80 0.094 0.087 0.6113 0.6118 100 390 
0.297 2 1 2 0 0.6000 0.6000 1.89 1.84 0.044 0.063 0.6100 0.6077 100 390 
0.298 2 1 2 0 0.6000 0.6000 1.80 1.77 0.020 0.080 0.6184 0.6146 100 390 
0.299 2 1 2 0 0.6000 0.6000 1.81 1.79 0.068 0.074 0.6179 0.6121 100 390 
0.300 2 1 2 0 0.6000 0.6000 1.80 1.77 0.078 0.090 0.6184 0.6144 100 380 
0.301 2 1 2 0 0.6000 0.6000 1.74 1.75 0.007 0.069 0.6238 0.6158 100 400 
0.302 2 1 2 0 0.6000 0.6000 1.83 1.81 0.032 0.073 0.6146 0.6100 100 390 
0.303 2 1 3 0 1.0000 1.0000 6.67 6.63 0.031 0.040 0.6143 0.6116 100 390 
0.304 2 1 3 0 1.0000 1.0000 6.72 6.66 0.325 0.134 0.6164 0.6162 100 380 
0.305 2 1 3 0 1.0000 1.0000 6.75 6.70 0.843 0.543 0.6213 0.6197 100 400 
0.306 2 1 3 0 1.0000 1.0000 6.48 6.45 0.988 0.848 0.6552 0.6526 100 390 
0.307 2 1 3 0 1.0000 1.0000 6.21 6.14 1.180 0.987 0.6889 0.6901 100 380 
0.308 2 1 3 0 1.0000 1.0000 6.06 6.00 1.219 1.123 0.7099 0.7097 100 380 
0.309 2 1 3 0 1.0000 1.0000 5.83 5.62 1.174 1.164 0.7385 0.7527 100 390 
0.310 2 1 3 0 1.0000 1.0000 5.56 5.34 1.201 0.963 0.7706 0.7855 100 390 
0.311 2 1 3 0 1.0000 1.0000 5.40 5.20 0.962 0.862 0.7906 0.8035 100 390 
0.312 2 1 3 0 1.0000 1.0000 5.24 5.14 0.832 0.787 0.8106 0.8133 100 400 
0.313 2 1 3 0 1.0000 1.0000 5.02 4.99 0.840 0.849 0.8363 0.8321 100 400 
0.314 2 1 3 0 1.0000 1.0000 4.88 4.74 0.688 0.754 0.8534 0.8608 100 400 
0.315 2 1 3 0 1.0000 1.0000 4.69 4.66 0.653 0.674 0.8753 0.8713 100 400 
0.316 2 1 3 0 1.0000 1.0000 4.55 4.50 0.577 0.633 0.8916 0.8897 100 390 
0.317 2 1 3 0 1.0000 1.0000 4.43 4.42 0.582 0.630 0.9057 0.8995 100 390 
0.318 2 1 3 0 1.0000 1.0000 4.37 4.29 0.463 0.475 0.9140 0.9148 100 390 
0.319 2 1 3 0 1.0000 1.0000 4.25 4.17 0.437 0.420 0.9276 0.9283 100 390 
0.320 2 1 3 0 1.0000 1.0000 4.12 4.05 0.373 0.432 0.9415 0.9416 100 400 
0.321 2 1 3 0 1.0000 1.0000 4.05 3.97 0.344 0.347 0.9499 0.9504 100 400 
0.322 2 1 3 0 1.0000 1.0000 3.95 3.90 0.319 0.342 0.9605 0.9587 100 390 
0.323 2 1 3 0 1.0000 1.0000 3.91 3.82 0.278 0.283 0.9650 0.9671 100 390 
0.324 2 1 3 0 1.0000 1.0000 3.83 3.76 0.307 0.330 0.9733 0.9732 100 400 
0.325 2 1 3 0 1.0000 1.0000 3.78 3.72 0.261 0.283 0.9790 0.9778 100 400 
0.326 2 1 3 0 1.0000 1.0000 3.72 3.68 0.204 0.268 0.9854 0.9822 100 400 
0.327 2 1 3 0 1.0000 1.0000 3.65 3.58 0.184 0.256 0.9926 0.9929 100 390 
0.328 2 1 3 0 1.0000 1.0000 3.63 3.55 0.208 0.239 0.9947 0.9962 100 380 
0.329 2 1 3 0 1.0000 1.0000 3.58 3.49 0.190 0.228 1.0003 1.0018 100 400 
0.330 2 1 3 0 1.0000 1.0000 3.54 3.44 0.207 0.208 1.0037 1.0068 100 390 
0.331 2 1 3 0 1.0000 1.0000 3.48 3.40 0.171 0.175 1.0098 1.0101 100 400 
0.332 2 1 3 0 1.0000 1.0000 3.49 3.40 0.144 0.165 1.0091 1.0109 100 400 
0.333 2 1 3 0 1.0000 1.0000 3.46 3.35 0.148 0.181 1.0112 1.0150 100 390 
0.334 2 1 3 0 1.0000 1.0000 3.46 3.36 0.135 0.174 1.0116 1.0141 100 390 
0.335 2 1 3 0 1.0000 1.0000 3.43 3.32 0.127 0.156 1.0136 1.0175 100 380 
0.336 2 1 3 0 1.0000 1.0000 3.42 3.27 0.132 0.104 1.0148 1.0216 100 390 
0.337 2 1 3 0 1.0000 1.0000 3.39 3.26 0.125 0.130 1.0170 1.0222 100 390 
0.338 2 1 3 0 1.0000 1.0000 3.38 3.25 0.077 0.125 1.0180 1.0234 100 390 
0.339 2 1 3 0 1.0000 1.0000 3.35 3.22 0.106 0.090 1.0208 1.0253 100 390 
0.340 2 1 3 0 1.0000 1.0000 3.35 3.18 0.131 0.101 1.0199 1.0287 100 390 
0.341 2 1 3 0 1.0000 1.0000 3.32 3.17 0.119 0.093 1.0229 1.0298 100 380 
0.342 2 1 3 0 1.0000 1.0000 3.31 3.16 0.109 0.090 1.0233 1.0297 100 390 
0.343 2 1 3 0 1.0000 1.0000 3.28 3.15 0.088 0.119 1.0261 1.0307 100 390 
0.344 2 1 3 0 1.0000 1.0000 3.25 3.15 0.100 0.072 1.0278 1.0297 100 400 
0.345 2 1 3 0 1.0000 1.0000 3.25 3.13 0.073 0.097 1.0280 1.0307 100 400 
0.346 2 1 3 0 1.0000 1.0000 3.24 3.10 0.041 0.092 1.0280 1.0334 100 400 
0.347 2 1 3 0 1.0000 1.0000 3.25 3.10 0.092 0.097 1.0266 1.0324 100 400 
0.348 2 1 3 0 1.0000 1.0000 3.20 3.11 0.103 0.085 1.0306 1.0314 100 390 
0.349 2 1 3 0 1.0000 1.0000 3.21 3.10 0.083 0.066 1.0297 1.0321 100 400 
0.350 2 1 3 0 1.0000 1.0000 3.22 3.08 0.080 0.109 1.0280 1.0330 100 390 
0.351 2 1 3 0 1.0000 1.0000 3.19 3.07 0.112 0.051 1.0304 1.0333 100 380 
0.352 2 1 3 0 1.0000 1.0000 3.19 3.06 -0.016 0.024 1.0294 1.0340 100 390 
0.353 2 1 3 0 1.0000 1.0000 3.14 3.05 0.089 0.057 1.0337 1.0339 100 400 
0.354 2 1 3 0 1.0000 1.0000 3.14 3.05 0.124 0.016 1.0332 1.0331 100 390 
0.355 2 1 3 0 1.0000 1.0000 3.14 3.04 0.049 -0.000 1.0330 1.0338 100 390 
0.356 2 1 3 0 1.0000 1.0000 3.15 3.05 0.091 -0.001 1.0313 1.0317 100 390 
0.357 2 1 3 0 1.0000 1.0000 3.13 3.03 0.032 0.085 1.0323 1.0334 100 400 
0.358 2 1 3 0 1.0000 1.0000 3.12 3.07 0.011 -0.014 1.0324 1.0284 100 400 
0.359 2 1 3 0 1.0000 1.0000 3.14 3.03 0.016 0.045 1.0301 1.0324 100 390 
0.360 2 1 3 0 1.0000 1.0000 3.13 3.05 0.075 0.051 1.0304 1.0293 100 400 
0.361 2 1 3 0 1.0000 1.0000 3.11 3.02 0.041 -0.022 1.0317 1.0320 100 390 
0.362 2 1 3 0 1.0000 1.0000 3.10 2.99 0.070 0.001 1.0321 1.0341 100 400 
0.363 2 1 3 0 1.0000 1.0000 3.12 3.01 0.083 0.047 1.0293 1.0315 100 390 
0.364 2 1 3 0 1.0000 1.0000 3.10 3.00 0.062 0.061 1.0308 1.0319 100 400 
0.365 2 1 3 0 1.0000 1.0000 3.10 2.97 0.075 0.058 1.0309 1.0338 100 400 
0.366 2 1 3 0 1.0000 1.0000 3.12 2.98 0.069 0.106 1.0283 1.0326 100 390 
0.367 2 1 3 0 1.0000 1.0000 3.11 2.99 0.074 0.042 1.0281 1.0311 100 390 
0.368 2 1 3 0 1.0000 1.0000 3.10 2.98 0.033 0.082 1.0290 1.0317 100 400 
0.369 2 1 3 0 1.0000 1.0000 3.08 2.99 0.079 0.047 1.0303 1.0297 100 400 
0.370 2 1 3 0 1.0000 1.0000 3.09 2.97 0.067 0.062 1.0290 1.0308 100 390 
0.371 2 1 3 0 1.0000 1.0000 3.06 2.97 0.028 0.043 1.0312 1.0302 100 390 
0.372 2 1 3 0 1.0000 1.0000 3.08 2.95 0.087 0.089 1.0289 1.0317 100 400 
0.373 2 1 3 0 1.0000 1.0000 3.07 3.00 0.054 0.072 1.0288 1.0261 100 400 
0.374 2 1 3 0 1.0000 1.0000 3.14 2.97 0.029 0.061 1.0216 1.0287 100 400 
0.375 2 1 3 0 1.0000 1.0000 3.07 2.99 0.134 0.100 1.0282 1.0260 100 400 
0.376 2 1 3 0 1.0000 1.0000 3.07 2.97 0.087 0.047 1.0273 1.0276 100 380 
0.377 2 1 3 0 1.0000 1.0000 3.06 2.98 0.050 0.043 1.0273 1.0258 100 390 
0.378 2 1 3 0 1.0000 1.0000 3.07 2.98 0.068 0.057 1.0265 1.0252 100 380 
0.379 2 1 3 0 1.0000 1.0000 3.08 2.97 0.082 0.066 1.0251 1.0263 100 390 
0.380 2 1 3 0 1.0000 1.0000 3.08 2.98 0.098 0.022 1.0238 1.0242 100 390 
0.381 2 1 3 0 1.0000 1.0000 3.07 2.98 0.076 0.062 1.0246 1.0241 100 390 
0.382 2 1 3 0 1.0000 1.0000 3.09 2.98 0.074 0.066 1.0226 1.0240 100 380 
0.383 2 1 3 0 1.0000 1.0000 3.07 3.08 0.070 0.058 1.0239 1.0128 100 400 
0.384 2 1 3 0 1.0000 1.0000 3.07 2.95 0.076 0.089 1.0234 1.0263 100 400 
0.385 2 1 3 0 1.0000 1.0000 3.12 2.95 0.079 0.054 1.0181 1.0249 100 400 
0.386 2 1 3 0 1.0000 1.0000 3.12 2.95 0.095 0.073 1.0180 1.0246 100 400 
0.387 2 1 3 0 1.0000 1.0000 3.11 2.95 0.079 0.052 1.0179 1.0244 100 400 
0.388 2 1 3 0 1.0000 1.0000 3.13 2.96 0.076 0.069 1.0159 1.0227 100 380 
0.389 2 1 3 0 1.0000 1.0000 3.14 2.97 0.142 0.046 1.0147 1.0211 100 390 
0.390 2 1 3 0 1.0000 1.0000 3.11 2.94 0.104 0.039 1.0170 1.0237 100 390 
0.391 2 1 3 0 1.0000 1.0000 3.11 2.93 0.125 0.070 1.0169 1.0243 100 400 
0.392 2 1 3 0 1.0000 1.0000 3.12 2.96 0.224 0.088 1.0153 1.0215 100 400 
0.393 2 1 3 0 1.0000 1.0000 3.14 2.96 0.098 0.054 1.0136 1.0212 100 400 
0.394 2 1 3 0 1.0000 1.0000 3.10 2.97 0.091 0.067 1.0173 1.0196 100 400 
0.395 2 1 3 0 1.0000 1.0000 3.10 2.95 0.188 0.045 1.0160 1.0208 100 400 
0.396 2 1 3 0 1.0000 1.0000 3.08 2.97 0.098 0.043 1.0178 1.0186 100 400 
0.397 2 1 3 0 1.0000 1.0000 3.11 2.96 0.091 0.041 1.0147 1.0189 100 390 
0.398 2 1 3 0 1.0000 1.0000 3.10 2.95 0.206 0.112 1.0155 1.0195 100 400 
0.399 2 1 3 0 1.0000 1.0000 3.09 2.95 0.098 0.054 1.0159 1.0196 100 400 
0.400 2 1 3 0 1.0000 1.0000 3.08 2.93 0.104 0.076 1.0164 1.0208 100 400 
0.401 2 1 3 0 1.0000 1.0000 3.09 2.95 0.100 0.063 1.0155 1.0188 100 410 
0.402 2 1 3 0 1.0000 1.0000 3.08 2.95 0.085 0.058 1.0167 1.0181 100 400 
0.403 2 1 3 0 1.0000 1.0000 3.08 2.93 0.063 0.073 1.0159 1.0199 100 400 
0.404 2 1 4 0 1.5000 1.5000 9.00 8.97 0.127 0.070 1.0146 1.0202 100 400 
0.405 2 1 4 0 1.5000 1.5000 9.00 9.00 0.530 0.219 1.0175 1.0197 100 380 
0.406 2 1 4 0 1.5000 1.5000 8.94 8.95 1.015 0.741 1.0346 1.0316 100 370 
0.407 2 1 4 0 1.5000 1.5000 8.75 8.75 1.342 0.960 1.0633 1.0614 100 390 
0.408 2 1 4 0 1.5000 1.5000 8.55 8.39 1.288 1.157 1.0913 1.1053 100 400 
0.409 2 1 4 0 1.5000 1.5000 8.12 8.02 1.487 1.392 1.1422 1.1504 100 390 
0.410 2 1 4 0 1.5000 1.5000 7.78 7.76 1.281 1.247 1.1831 1.1830 100 400 
0.411 2 1 4 0 1.5000 1.5000 7.53 7.41 1.280 1.221 1.2141 1.2239 100 390 
0.412 2 1 4 0 1.5000 1.5000 7.26 7.21 1.390 1.245 1.2465 1.2488 100 390 
0.413 2 1 4 0 1.5000 1.5000 7.15 7.01 1.039 0.983 1.2625 1.2739 100 400 
0.414 2 1 4 0 1.5000 1.5000 6.76 6.88 1.012 0.935 1.3050 1.2910 100 400 
0.415 2 1 4 0 1.5000 1.5000 6.66 6.74 0.877 0.788 1.3193 1.3090 100 400 
0.416 2 1 4 0 1.5000 1.5000 6.48 6.54 0.775 0.766 1.3404 1.3324 100 400 
0.417 2 1 4 0 1.5000 1.5000 6.49 6.38 0.810 0.819 1.3431 1.3518 100 410 
0.418 2 1 4 0 1.5000 1.5000 6.20 6.19 0.643 0.674 1.3748 1.3738 100 400 
0.419 2 1 4 0 1.5000 1.5000 6.09 6.09 0.588 0.631 1.3880 1.3859 100 400 
0.420 2 1 4 0 1.5000 1.5000 6.01 5.97 0.538 0.518 1.3982 1.4000 100 400 
0.421 2 1 4 0 1.5000 1.5000 6.00 5.82 0.517 0.500 1.3999 1.4169 100 400 
0.422 2 1 4 0 1.5000 1.5000 5.91 5.75 0.493 0.394 1.4086 1.4247 100 390 
0.423 2 1 4 0 1.5000 1.5000 5.74 5.58 0.424 0.388 1.4257 1.4424 100 400 
0.424 2 1 4 0 1.5000 1.5000 5.60 5.49 0.426 0.328 1.4396 1.4510 100 400 
0.425 2 1 4 0 1.5000 1.5000 5.52 5.48 0.400 0.356 1.4479 1.4515 100 400 
0.426 2 1 4 0 1.5000 1.5000 5.45 5.29 0.408 0.349 1.4550 1.4710 100 400 
0.427 2 1 4 0 1.5000 1.5000 5.34 5.25 0.338 0.260 1.4660 1.4753 100 400 
0.428 2 1 4 0 1.5000 1.5000 5.26 5.17 0.323 0.268 1.4735 1.4835 100 400 
0.429 2 1 4 0 1.5000 1.5000 5.31 5.22 0.295 0.289 1.4692 1.4777 100 400 
0.430 2 1 4 0 1.5000 1.5000 5.24 5.16 0.269 0.238 1.4755 1.4839 100 400 
0.431 2 1 4 0 1.5000 1.5000 5.17 5.12 0.263 0.233 1.4829 1.4878 100 390 
0.432 2 1 4 0 1.5000 1.5000 5.15 5.11 0.222 0.237 1.4850 1.4889 100 400 
0.433 2 1 4 0 1.5000 1.5000 5.07 5.10 0.260 0.218 1.4929 1.4898 100 400 
0.434 2 1 4 0 1.5000 1.5000 5.03 5.11 0.232 0.218 1.4973 1.4886 100 400 
0.435 2 1 4 0 1.5000 1.5000 5.01 4.91 0.277 0.247 1.4988 1.5088 100 400 
0.436 2 1 4 0 1.5000 1.5000 4.95 4.87 0.189 0.215 1.5049 1.5123 100 400 
0.437 2 1 4 0 1.5000 1.5000 4.92 4.81 0.205 0.195 1.5076 1.5182 100 400 
0.438 2 1 4 0 1.5000 1.5000 4.91 4.84 0.238 0.156 1.5090 1.5146 100 390 
0.439 2 1 4 0 1.5000 1.5000 4.89 4.72 0.303 0.138 1.5100 1.5268 100 400 
0.440 2 1 4 0 1.5000 1.5000 4.95 4.72 0.223 0.148 1.5042 1.5260 100 400 
0.441 2 1 4 0 1.5000 1.5000 4.85 4.67 0.140 0.157 1.5138 1.5303 100 400 
0.442 2 1 4 0 1.5000 1.5000 4.91 4.69 0.199 0.199 1.5083 1.5284 100 400 
0.443 2 1 4 0 1.5000 1.5000 4.83 4.76 0.141 0.131 1.5153 1.5205 100 400 
0.444 2 1 4 0 1.5000 1.5000 4.85 4.72 0.183 0.181 1.5136 1.5236 100 400 
0.445 2 1 4 0 1.5000 1.5000 4.88 4.68 0.131 0.155 1.5102 1.5273 100 390 
0.446 2 1 4 0 1.5000 1.5000 4.87 4.75 0.191 0.171 1.5107 1.5202 100 390 
0.447 2 1 4 0 1.5000 1.5000 4.79 4.70 0.121 0.100 1.5187 1.5245 100 400 
0.448 2 1 4 0 1.5000 1.5000 4.80 4.67 0.128 0.115 1.5170 1.5267 100 400 
0.449 2 1 4 0 1.5000 1.5000 4.74 4.62 0.062 0.098 1.5230 1.5318 100 400 
0.450 2 1 4 0 1.5000 1.5000 4.68 4.67 0.120 0.132 1.5280 1.5255 100 390 
0.451 2 1 4 0 1.5000 1.5000 4.69 4.55 0.140 0.138 1.5272 1.5373 100 400 
0.452 2 1 4 0 1.5000 1.5000 4.65 4.55 0.250 0.133 1.5303 1.5365 100 390 
0.453 2 1 4 0 1.5000 1.5000 4.66 4.54 0.152 0.009 1.5291 1.5370 100 400 
0.454 2 1 4 0 1.5000 1.5000 4.79 4.62 0.148 0.079 1.5151 1.5286 100 400 
0.455 2 1 4 0 1.5000 1.5000 4.63 4.50 0.148 0.069 1.5307 1.5400 100 400 
0.456 2 1 4 0 1.5000 1.5000 4.70 4.48 0.110 0.112 1.5236 1.5405 100 400 
0.457 2 1 4 0 1.5000 1.5000 4.73 4.40 0.124 0.096 1.5194 1.5479 100 400 
0.458 2 1 4 0 1.5000 1.5000 4.66 4.40 0.124 0.072 1.5261 1.5473 100 400 
0.459 2 1 4 0 1.5000 1.5000 4.72 4.44 0.154 0.089 1.5195 1.5419 100 400 
0.460 2 1 4 0 1.5000 1.5000 4.67 4.55 0.119 0.074 1.5242 1.5298 100 400 
0.461 2 1 4 0 1.5000 1.5000 4.69 4.48 0.163 0.071 1.5221 1.5362 100 400 
0.462 2 1 4 0 1.5000 1.5000 4.64 4.49 0.131 0.085 1.5260 1.5350 100 400 
0.463 2 1 4 0 1.5000 1.5000 4.65 4.54 0.239 0.111 1.5254 1.5292 100 400 
0.464 2 1 4 0 1.5000 1.5000 4.59 4.47 0.113 0.099 1.5305 1.5355 100 400 
0.465 2 1 4 0 1.5000 1.5000 4.59 4.50 0.102 0.081 1.5298 1.5315 100 400 
0.466 2 1 4 0 1.5000 1.5000 4.58 4.51 0.064 0.034 1.5303 1.5300 100 400 
0.467 2 1 4 0 1.5000 1.5000 4.57 4.52 0.097 0.173 1.5311 1.5288 100 400 
0.468 2 1 4 0 1.5000 1.5000 4.67 4.48 0.072 0.107 1.5197 1.5325 100 400 
0.469 2 1 4 0 1.5000 1.5000 4.55 4.53 0.189 0.081 1.5311 1.5263 100 410 
0.470 2 1 4 0 1.5000 1.5000 4.56 4.43 0.157 0.083 1.5300 1.5356 100 390 
0.471 2 1 4 0 1.5000 1.5000 4.54 4.40 0.108 0.081 1.5317 1.5382 100 400 
0.472 2 1 4 0 1.5000 1.5000 4.52 4.45 0.110 0.096 1.5331 1.5327 110 410 
0.473 2 1 4 0 1.5000 1.5000 4.58 4.40 0.100 0.072 1.5259 1.5366 100 400 
0.474 2 1 4 0 1.5000 1.5000 4.64 4.41 0.124 0.061 1.5200 1.5348 100 410 
0.475 2 1 4 0 1.5000 1.5000 4.57 4.42 0.062 0.047 1.5263 1.5335 100 400 
0.476 2 1 4 0 1.5000 1.5000 4.60 4.42 0.166 0.067 1.5227 1.5324 100 400 
0.477 2 1 4 0 1.5000 1.5000 4.58 4.39 0.140 0.057 1.5242 1.5353 100 410 
0.478 2 1 4 0 1.5000 1.5000 4.63 4.40 0.140 0.033 1.5190 1.5330 100 400 
0.479 2 1 4 0 1.5000 1.5000 4.60 4.48 0.110 0.050 1.5209 1.5247 100 400 
0.480 2 1 4 0 1.5000 1.5000 4.69 4.50 0.216 0.107 1.5124 1.5227 100 400 
0.481 2 1 4 0 1.5000 1.5000 4.51 4.51 0.143 0.126 1.5299 1.5211 100 400 
0.482 2 1 4 0 1.5000 1.5000 4.53 4.51 0.235 0.155 1.5269 1.5209 100 400 
0.483 2 1 4 0 1.5000 1.5000 4.55 4.50 0.107 0.153 1.5247 1.5214 100 410 
0.484 2 1 4 0 1.5000 1.5000 4.57 4.50 0.113 0.166 1.5224 1.5205 100 400 
0.485 2 1 4 0 1.5000 1.5000 4.49 4.52 0.235 0.127 1.5300 1.5186 100 400 
0.486 2 1 4 0 1.5000 1.5000 4.49 4.52 0.125 0.168 1.5294 1.5181 100 400 
0.487 2 1 4 0 1.5000 1.5000 4.54 4.41 0.065 0.171 1.5233 1.5283 100 400 
0.488 2 1 4 0 1.5000 1.5000 4.50 4.39 0.050 0.199 1.5271 1.5295 100 400 
0.489 2 1 4 0 1.5000 1.5000 4.49 4.45 0.079 0.157 1.5273 1.5229 100 410 
0.490 2 1 4 0 1.5000 1.5000 4.55 4.42 0.170 0.189 1.5204 1.5263 100 400 
0.491 2 1 4 0 1.5000 1.5000 4.58 4.37 0.105 0.145 1.5179 1.5301 100 400 
0.492 2 1 4 0 1.5000 1.5000 4.53 4.37 0.110 0.156 1.5221 1.5299 100 400 
0.493 2 1 4 0 1.5000 1.5000 4.64 4.41 0.207 0.107 1.5107 1.5254 100 410 
0.494 2 1 4 0 1.5000 1.5000 4.60 4.32 0.091 0.172 1.5148 1.5334 100 400 
0.495 2 1 4 0 1.5000 1.5000 4.57 4.44 0.167 0.157 1.5176 1.5212 100 400 
0.496 2 1 4 0 1.5000 1.5000 4.60 4.44 0.144 0.088 1.5136 1.5202 100 400 
0.497 2 1 4 0 1.5000 1.5000 4.52 4.43 0.092 0.144 1.5216 1.5206 100 400 
0.498 2 1 4 0 1.5000 1.5000 4.57 4.45 0.056 0.179 1.5159 1.5188 100 400 
0.499 2 1 4 0 1.5000 1.5000 4.57 4.50 0.184 0.177 1.5160 1.5136 100 400 
0.500 2 1 4 0 1.5000 1.5000 4.53 4.40 0.121 0.241 1.5195 1.5231 100 400 
0.501 2 1 4 0 1.5000 1.5000 4.50 4.42 0.145 0.250 1.5215 1.5202 100 400 
0.502 2 1 4 0 1.5000 1.5000 4.50 4.46 0.109 0.311 1.5215 1.5166 100 400 
0.503 2 1 4 0 1.5000 1.5000 4.50 4.42 0.096 0.275 1.5208 1.5194 100 400 
0.504 2 1 4 0 1.5000 1.5000 4.50 4.40 0.152 0.281 1.5206 1.5217 100 390 
0.505 2 1 5 0 2.0000 2.0000 9.00 9.00 0.068 0.226 1.5178 1.5223 100 400 
0.506 2 1 5 0 2.0000 2.0000 9.00 9.00 0.414 0.389 1.5143 1.5255 100 380 
0.507 2 1 5 0 2.0000 2.0000 9.00 9.00 0.815 0.668 1.5242 1.5388 100 380 
0.508 2 1 5 0 2.0000 2.0000 9.00 9.00 1.008 0.920 1.5493 1.5648 100 380 
0.509 2 1 5 0 2.0000 2.0000 9.00 9.00 1.084 1.138 1.5681 1.5965 100 390 
0.510 2 1 5 0 2.0000 2.0000 9.00 9.00 1.049 1.170 1.5996 1.6156 100 390 
0.511 2 1 5 0 2.0000 2.0000 9.00 9.00 1.136 1.157 1.6147 1.6403 100 390 
0.512 2 1 5 0 2.0000 2.0000 9.00 9.00 1.102 1.074 1.6431 1.6655 100 380 
0.513 2 1 5 0 2.0000 2.0000 9.00 8.69 1.086 1.093 1.6753 1.6967 100 390 
0.514 2 1 5 0 2.0000 2.0000 8.76 8.46 1.031 0.906 1.6994 1.7278 100 390 
0.515 2 1 5 0 2.0000 2.0000 8.67 8.35 1.066 0.995 1.7163 1.7443 100 400 
0.516 2 1 5 0 2.0000 2.0000 8.40 8.22 0.879 0.800 1.7488 1.7613 100 400 
0.517 2 1 5 0 2.0000 2.0000 8.20 8.09 0.922 0.814 1.7728 1.7799 100 400 
0.518 2 1 5 0 2.0000 2.0000 8.00 8.01 0.826 0.715 1.7973 1.7919 100 410 
0.519 2 1 5 0 2.0000 2.0000 7.89 7.90 0.893 0.601 1.8107 1.8064 100 400 
0.520 2 1 5 0 2.0000 2.0000 7.79 7.82 0.749 0.608 1.8208 1.8181 100 400 
0.521 2 1 5 0 2.0000 2.0000 7.65 7.57 0.664 0.596 1.8349 1.8425 100 400 
0.522 2 1 5 0 2.0000 2.0000 7.51 7.38 0.589 0.572 1.8487 1.8621 100 410 
0.523 2 1 5 0 2.0000 2.0000 7.37 7.23 0.586 0.494 1.8631 1.8768 100 400 
0.524 2 1 5 0 2.0000 2.0000 7.32 7.14 0.540 0.452 1.8676 1.8859 100 390 
0.525 2 1 5 0 2.0000 2.0000 7.16 7.01 0.455 0.399 1.8837 1.8991 100 400 
0.526 2 1 5 0 2.0000 2.0000 7.05 6.95 0.552 0.381 1.8952 1.9051 100 400 
0.527 2 1 5 0 2.0000 2.0000 7.03 6.74 0.392 0.338 1.8970 1.9265 100 380 
0.528 2 1 5 0 2.0000 2.0000 6.99 6.68 0.399 0.396 1.9014 1.9321 100 400 
0.529 2 1 5 0 2.0000 2.0000 6.84 6.62 0.362 0.317 1.9160 1.9378 100 400 
0.530 2 1 5 0 2.0000 2.0000 6.73 6.63 0.403 0.332 1.9267 1.9366 100 400 
0.531 2 1 5 0 2.0000 2.0000 6.65 6.66 0.329 0.251 1.9350 1.9342 100 400 
0.532 2 1 5 0 2.0000 2.0000 6.62 6.50 0.268 0.364 1.9380 1.9505 100 400 
0.533 2 1 5 0 2.0000 2.0000 6.64 6.48 0.299 0.287 1.9360 1.9523 100 410 
0.534 2 1 5 0 2.0000 2.0000 6.55 6.40 0.236 0.390 1.9448 1.9597 100 400 
0.535 2 1 5 0 2.0000 2.0000 6.44 6.42 0.262 0.325 1.9559 1.9576 100 400 
0.536 2 1 5 0 2.0000 2.0000 6.41 6.40 0.277 0.292 1.9587 1.9601 100 400 
0.537 2 1 5 0 2.0000 2.0000 6.43 6.26 0.210 0.197 1.9566 1.9736 100 400 
0.538 2 1 5 0 2.0000 2.0000 6.43 6.28 0.228 0.263 1.9566 1.9717 100 400 
0.539 2 1 5 0 2.0000 2.0000 6.37 6.29 0.228 0.210 1.9629 1.9704 100 400 
0.540 2 1 5 0 2.0000 2.0000 6.29 6.28 0.204 0.195 1.9714 1.9716 100 400 
0.541 2 1 5 0 2.0000 2.0000 6.25 6.25 0.205 0.170 1.9747 1.9749 100 410 
0.542 2 1 5 0 2.0000 2.0000 6.30 6.14 0.200 0.110 1.9698 1.9860 100 400 
0.543 2 1 5 0 2.0000 2.0000 6.30 6.10 0.255 0.094 1.9701 1.9902 100 400 
0.544 2 1 5 0 2.0000 2.0000 6.19 6.14 0.260 0.073 1.9812 1.9856 110 400 
0.545 2 1 5 0 2.0000 2.0000 6.17 6.17 0.207 0.114 1.9833 1.9831 100 400 
0.546 2 1 5 0 2.0000 2.0000 6.15 6.05 0.241 0.085 1.9851 1.9947 100 400 
0.547 2 1 5 0 2.0000 2.0000 6.21 6.05 0.105 0.082 1.9789 1.9946 100 400 
0.548 2 1 5 0 2.0000 2.0000 6.21 6.11 0.153 0.077 1.9784 1.9885 100 400 
0.549 2 1 5 0 2.0000 2.0000 6.11 6.13 0.244 0.077 1.9885 1.9871 100 400 
0.550 2 1 5 0 2.0000 2.0000 6.14 6.08 0.116 0.110 1.9862 1.9915 100 390 
0.551 2 1 5 0 2.0000 2.0000 6.20 5.97 0.163 0.091 1.9800 2.0027 100 400 
0.552 2 1 5 0 2.0000 2.0000 6.16 5.99 0.146 0.126 1.9838 2.0011 100 400 
0.553 2 1 5 0 2.0000 2.0000 6.10 6.04 0.113 0.067 1.9897 1.9959 100 410 
0.554 2 1 5 0 2.0000 2.0000 6.06 6.01 0.094 0.097 1.9938 1.9986 100 410 
0.555 2 1 5 0 2.0000 2.0000 6.09 5.95 0.140 0.089 1.9911 2.0046 100 410 
0.556 2 1 5 0 2.0000 2.0000 6.18 6.01 0.144 0.188 1.9818 1.9990 100 400 
0.557 2 1 5 0 2.0000 2.0000 6.13 6.14 0.151 0.085 1.9869 1.9855 100 400 
0.558 2 1 5 0 2.0000 2.0000 6.08 6.07 0.192 0.099 1.9917 1.9926 100 400 
0.559 2 1 5 0 2.0000 2.0000 6.13 5.99 0.319 0.110 1.9866 2.0009 100 400 
0.560 2 1 5 0 2.0000 2.0000 6.17 6.00 0.172 0.100 1.9835 2.0005 100 400 
0.561 2 1 5 0 2.0000 2.0000 6.18 6.00 0.231 0.071 1.9815 1.9997 100 400 
0.562 2 1 5 0 2.0000 2.0000 6.04 6.06 0.218 0.073 1.9965 1.9935 100 400 
0.563 2 1 5 0 2.0000 2.0000 6.07 6.03 0.151 0.040 1.9932 1.9972 100 400 
0.564 2 1 5 0 2.0000 2.0000 6.05 5.95 0.126 0.096 1.9954 2.0045 100 400 
0.565 2 1 5 0 2.0000 2.0000 6.12 5.95 0.117 0.097 1.9883 2.0050 100 410 
0.566 2 1 5 0 2.0000 2.0000 6.11 6.03 0.159 0.082 1.9893 1.9966 100 400 
0.567 2 1 5 0 2.0000 2.0000 6.03 6.03 0.243 0.081 1.9974 1.9973 100 400 
0.568 2 1 5 0 2.0000 2.0000 6.02 5.95 0.163 0.104 1.9979 2.0051 100 400 
0.569 2 1 5 0 2.0000 2.0000 6.10 5.96 0.161 0.120 1.9896 2.0039 100 390 
0.570 2 1 5 0 2.0000 2.0000 6.12 6.08 0.083 0.108 1.9884 1.9921 100 390 
0.571 2 1 5 0 2.0000 2.0000 6.01 6.01 0.155 0.187 1.9991 1.9989 100 400 
0.572 2 1 5 0 2.0000 2.0000 6.06 5.92 0.130 0.184 1.9941 2.0082 100 400 
0.573 2 1 5 0 2.0000 2.0000 6.09 5.95 0.062 0.191 1.9912 2.0052 100 400 
0.574 2 1 5 0 2.0000 2.0000 6.05 5.96 0.123 0.207 1.9954 2.0033 110 400 
0.575 2 1 5 0 2.0000 2.0000 6.01 5.98 0.096 0.246 1.9987 2.0015 100 400 
0.576 2 1 5 0 2.0000 2.0000 6.27 5.96 0.127 0.216 1.9726 2.0039 100 400 
0.577 2 1 5 0 2.0000 2.0000 6.02 5.90 0.161 0.230 1.9980 2.0097 100 400 
0.578 2 1 5 0 2.0000 2.0000 6.11 5.91 0.178 0.244 1.9888 2.0078 100 400 
0.579 2 1 5 0 2.0000 2.0000 6.11 5.98 0.174 0.187 1.9888 2.0008 100 400 
0.580 2 1 5 0 2.0000 2.0000 6.00 5.99 0.174 0.217 2.0000 2.0006 100 390 
0.581 2 1 5 0 2.0000 2.0000 6.01 5.88 0.125 0.172 1.9985 2.0112 100 400 
0.582 2 1 5 0 2.0000 2.0000 6.15 5.87 0.150 0.213 1.9846 2.0117 100 410 
0.583 2 1 5 0 2.0000 2.0000 6.05 5.93 0.080 0.162 1.9950 2.0052 110 400 
0.584 2 1 5 0 2.0000 2.0000 5.98 5.92 0.113 0.186 2.0018 2.0064 100 400 
0.585 2 1 5 0 2.0000 2.0000 5.99 5.87 0.099 0.181 2.0008 2.0114 100 400 
0.586 2 1 5 0 2.0000 2.0000 6.08 5.90 0.079 0.168 1.9917 2.0079 100 400 
0.587 2 1 5 0 2.0000 2.0000 6.07 5.98 0.102 0.153 1.9927 2.0004 100 400 
0.588 2 1 5 0 2.0000 2.0000 5.99 5.98 0.090 0.153 2.0010 2.0003 100 400 
0.589 2 1 5 0 2.0000 2.0000 6.01 5.91 0.106 0.062 1.9985 2.0067 100 400 
0.590 2 1 5 0 2.0000 2.0000 6.00 5.90 0.107 0.094 1.9997 2.0077 100 410 
0.591 2 1 5 0 2.0000 2.0000 6.07 5.88 0.091 0.071 1.9933 2.0096 100 400 
0.592 2 1 5 0 2.0000 2.0000 6.09 5.94 0.144 0.033 1.9912 2.0034 100 410 
0.593 2 1 5 0 2.0000 2.0000 5.98 5.92 0.078 0.056 2.0023 2.0057 100 410 
0.594 2 1 5 0 2.0000 2.0000 5.98 5.83 0.072 0.070 2.0019 2.0139 100 400 
0.595 2 1 5 0 2.0000 2.0000 6.07 5.88 0.114 0.055 1.9932 2.0095 100 400 
0.596 2 1 5 0 2.0000 2.0000 6.05 5.97 0.084 0.078 1.9945 1.9997 100 390 
0.597 2 1 5 0 2.0000 2.0000 5.98 5.96 0.094 0.066 2.0020 2.0010 100 400 
0.598 2 1 5 0 2.0000 2.0000 6.01 5.87 0.166 0.086 1.9992 2.0095 100 390 
0.599 2 1 5 0 2.0000 2.0000 6.11 5.90 0.007 0.057 1.9891 2.0070 100 400 
0.600 2 1 5 0 2.0000 2.0000 6.10 5.97 0.110 0.053 1.9904 1.9991 100 400 
0.601 2 1 5 0 2.0000 2.0000 6.06 5.96 0.116 0.028 1.9935 2.0005 100 400 
0.602 2 1 5 0 2.0000 2.0000 6.00 5.88 0.064 0.029 1.9997 2.0086 100 400 
0.603 2 1 5 0 2.0000 2.0000 5.98 5.87 0.097 0.093 2.0021 2.0089 100 400 
0.604 2 1 5 0 2.0000 2.0000 6.05 5.97 0.073 0.032 1.9950 1.9994 100 400 
0.605 2 1 5 0 2.0000 2.0000 6.05 5.97 0.075 0.020 1.9952 1.9995 100 400 
0.606 2 1 6 0 2.5000 2.5000 9.00 9.00 0.067 0.080 2.0030 2.0085 100 400 
0.607 2 1 6 0 2.5000 2.5000 9.00 9.00 0.425 0.111 2.0017 1.9617 100 380 
0.608 2 1 6 0 2.5000 2.5000 9.00 9.00 0.558 0.307 2.0032 2.0122 100 390 
0.609 2 1 6 0 2.5000 2.5000 9.00 9.00 0.794 0.439 2.0138 2.0193 100 390 
0.610 2 1 6 0 2.5000 2.5000 9.00 9.00 0.668 0.600 2.0432 2.0340 100 390 
0.611 2 1 6 0 2.5000 2.5000 9.00 9.00 0.916 0.629 2.0532 2.0308 100 390 
0.612 2 1 6 0 2.5000 2.5000 9.00 9.00 0.732 0.651 2.0640 2.0760 100 390 
0.613 2 1 6 0 2.5000 2.5000 9.00 9.00 0.669 0.598 2.0820 2.0846 100 390 
0.614 2 1 6 0 2.5000 2.5000 9.00 9.00 0.848 0.584 2.0981 2.1146 100 390 
0.615 2 1 6 0 2.5000 2.5000 9.00 9.00 0.641 0.636 2.1049 2.1243 100 380 
0.616 2 1 6 0 2.5000 2.5000 9.00 9.00 0.735 0.541 2.1229 2.1357 100 390 
0.617 2 1 6 0 2.5000 2.5000 9.00 9.00 0.747 0.544 2.1453 2.1604 100 380 
0.618 2 1 6 0 2.5000 2.5000 9.00 9.00 0.629 0.550 2.1503 2.1689 100 390 
0.619 2 1 6 0 2.5000 2.5000 9.00 9.00 0.783 0.532 2.1669 2.1734 100 390 
0.620 2 1 6 0 2.5000 2.5000 9.00 9.00 0.705 0.477 2.1925 2.2039 100 390 
0.621 2 1 6 0 2.5000 2.5000 9.00 9.00 0.667 0.497 2.1965 2.2182 100 390 
0.622 2 1 6 0 2.5000 2.5000 9.00 9.00 0.668 0.499 2.2122 2.2299 100 390 
0.623 2 1 6 0 2.5000 2.5000 9.00 9.00 0.674 0.477 2.2313 2.2504 100 390 
0.624 2 1 6 0 2.5000 2.5000 9.00 9.00 0.587 0.501 2.2277 2.2481 100 390 
0.625 2 1 6 0 2.5000 2.5000 9.00 9.00 0.549 0.468 2.2595 2.2691 100 380 
0.626 2 1 6 0 2.5000 2.5000 9.00 9.00 0.664 0.449 2.2662 2.2815 100 380 
0.627 2 1 6 0 2.5000 2.5000 9.00 9.00 0.581 0.450 2.2682 2.2858 100 380 
0.628 2 1 6 0 2.5000 2.5000 9.00 8.90 0.567 0.481 2.2913 2.3095 100 380 
0.629 2 1 6 0 2.5000 2.5000 9.00 8.89 0.569 0.436 2.2904 2.3109 100 400 
0.630 2 1 6 0 2.5000 2.5000 8.87 8.65 0.551 0.442 2.3131 2.3353 110 400 
0.631 2 1 6 0 2.5000 2.5000 8.86 8.69 0.611 0.439 2.3145 2.3312 100 410 
0.632 2 1 6 0 2.5000 2.5000 8.60 8.41 0.592 0.373 2.3396 2.3585 110 400 
0.633 2 1 6 0 2.5000 2.5000 8.54 8.39 0.532 0.381 2.3457 2.3613 100 400 
0.634 2 1 6 0 2.5000 2.5000 8.52 8.41 0.437 0.311 2.3475 2.3592 100 400 
0.635 2 1 6 0 2.5000 2.5000 8.39 8.19 0.414 0.344 2.3609 2.3808 100 400 
0.636 2 1 6 0 2.5000 2.5000 8.39 8.20 0.394 0.264 2.3613 2.3797 100 390 
0.637 2 1 6 0 2.5000 2.5000 8.24 8.01 0.423 0.286 2.3760 2.3990 100 400 
0.638 2 1 6 0 2.5000 2.5000 8.32 8.08 0.294 0.236 2.3684 2.3918 100 400 
0.639 2 1 6 0 2.5000 2.5000 8.17 7.96 0.356 0.160 2.3829 2.4043 100 410 
0.640 2 1 6 0 2.5000 2.5000 8.27 7.98 0.333 0.177 2.3731 2.4021 100 400 
0.641 2 1 6 0 2.5000 2.5000 8.06 7.85 0.310 0.181 2.3938 2.4149 100 400 
0.642 2 1 6 0 2.5000 2.5000 8.21 7.97 0.269 0.161 2.3788 2.4026 100 410 
0.643 2 1 6 0 2.5000 2.5000 7.99 7.76 0.283 0.159 2.4008 2.4235 100 400 
0.644 2 1 6 0 2.5000 2.5000 8.10 7.86 0.211 0.212 2.3896 2.4139 100 400 
0.645 2 1 6 0 2.5000 2.5000 7.88 7.70 0.286 0.207 2.4124 2.4304 100 400 
0.646 2 1 6 0 2.5000 2.5000 7.99 7.76 0.197 0.157 2.4006 2.4235 100 400 
0.647 2 1 6 0 2.5000 2.5000 7.82 7.57 0.173 0.102 2.4176 2.4431 100 400 
0.648 2 1 6 0 2.5000 2.5000 7.89 7.73 0.203 0.134 2.4112 2.4273 100 400 
0.649 2 1 6 0 2.5000 2.5000 7.71 7.57 0.189 0.085 2.4294 2.4431 100 400 
0.650 2 1 6 0 2.5000 2.5000 7.68 7.71 0.156 0.145 2.4315 2.4291 100 400 
0.651 2 1 6 0 2.5000 2.5000 7.79 7.53 0.191 0.047 2.4205 2.4472 100 400 
0.652 2 1 6 0 2.5000 2.5000 7.63 7.61 0.187 0.119 2.4370 2.4385 100 400 
0.653 2 1 6 0 2.5000 2.5000 7.67 7.49 0.182 0.168 2.4330 2.4514 100 410 
0.654 2 1 6 0 2.5000 2.5000 7.59 7.55 0.076 0.113 2.4405 2.4451 100 400 
0.655 2 1 6 0 2.5000 2.5000 7.46 7.35 0.170 0.118 2.4537 2.4647 100 410 
0.656 2 1 6 0 2.5000 2.5000 8.32 7.54 0.155 0.093 2.3679 2.4460 100 400 
0.657 2 1 6 0 2.5000 2.5000 7.46 7.82 0.173 0.087 2.4542 2.4176 100 400 
0.658 2 1 6 0 2.5000 2.5000 7.60 7.56 0.150 0.035 2.4400 2.4442 100 400 
0.659 2 1 6 0 2.5000 2.5000 7.44 7.38 0.159 0.019 2.4557 2.4615 110 400 
0.660 2 1 6 0 2.5000 2.5000 7.62 7.43 0.125 -0.006 2.4374 2.4565 110 400 
0.661 2 1 6 0 2.5000 2.5000 7.40 7.45 0.175 0.055 2.4599 2.4554 100 410 
0.662 2 1 6 0 2.5000 2.5000 7.59 7.46 0.085 0.025 2.4406 2.4540 100 390 
0.663 2 1 6 0 2.5000 2.5000 7.38 7.27 0.141 -0.002 2.4622 2.4727 100 400 
0.664 2 1 6 0 2.5000 2.5000 7.53 7.37 0.100 0.079 2.4466 2.4629 100 410 
0.665 2 1 6 0 2.5000 2.5000 7.37 7.27 0.042 0.020 2.4635 2.4726 100 410 
0.666 2 1 6 0 2.5000 2.5000 7.55 7.42 0.064 0.046 2.4449 2.4576 100 400 
0.667 2 1 6 0 2.5000 2.5000 7.44 7.28 -0.006 -0.029 2.4560 2.4718 110 410 
0.668 2 1 6 0 2.5000 2.5000 7.58 7.37 0.100 0.074 2.4416 2.4632 100 400 
0.669 2 1 6 0 2.5000 2.5000 7.39 7.25 0.118 0.002 2.4607 2.4749 100 410 
0.670 2 1 6 0 2.5000 2.5000 7.57 7.33 0.075 0.058 2.4434 2.4669 100 410 
0.671 2 1 6 0 2.5000 2.5000 7.41 7.21 0.116 0.076 2.4594 2.4785 100 410 
0.672 2 1 6 0 2.5000 2.5000 7.56 7.18 0.026 -0.022 2.4443 2.4815 100 400 
0.673 2 1 6 0 2.5000 2.5000 7.43 7.41 0.055 0.031 2.4573 2.4593 100 400 
0.674 2 1 6 0 2.5000 2.5000 7.57 7.23 0.119 0.030 2.4432 2.4773 100 400 
0.675 2 1 6 0 2.5000 2.5000 7.45 7.41 0.107 0.053 2.4551 2.4590 100 400 
0.676 2 1 6 0 2.5000 2.5000 7.60 7.21 0.113 0.057 2.4396 2.4793 100 400 
0.677 2 1 6 0 2.5000 2.5000 7.38 7.40 0.153 0.061 2.4619 2.4604 100 400 
0.678 2 1 6 0 2.5000 2.5000 7.58 7.30 0.100 0.136 2.4416 2.4699 100 410 
0.679 2 1 6 0 2.5000 2.5000 7.38 7.32 0.133 0.105 2.4621 2.4680 100 410 
0.680 2 1 6 0 2.5000 2.5000 7.56 7.20 0.052 0.077 2.4437 2.4800 100 400 
0.681 2 1 6 0 2.5000 2.5000 7.39 7.47 0.085 0.074 2.4605 2.4526 100 400 
0.682 2 1 6 0 2.5000 2.5000 7.55 7.24 0.053 0.055 2.4452 2.4762 100 400 
0.683 2 1 6 0 2.5000 2.5000 7.54 7.41 0.074 0.114 2.4463 2.4591 100 400 
0.684 2 1 6 0 2.5000 2.5000 7.55 7.21 0.177 0.112 2.4448 2.4790 100 400 
0.685 2 1 6 0 2.5000 2.5000 7.52 7.31 0.154 0.076 2.4477 2.4688 110 420 
0.686 2 1 6 0 2.5000 2.5000 7.52 7.20 0.068 0.104 2.4475 2.4803 100 400 
0.687 2 1 6 0 2.5000 2.5000 7.40 7.32 0.061 0.096 2.4604 2.4682 100 400 
0.688 2 1 6 0 2.5000 2.5000 7.59 7.22 0.072 0.086 2.4411 2.4776 100 400 
0.689 2 1 6 0 2.5000 2.5000 7.40 7.38 0.057 0.102 2.4599 2.4621 100 400 
0.690 2 1 6 0 2.5000 2.5000 7.56 7.24 0.020 0.102 2.4440 2.4760 100 400 
0.691 2 1 6 0 2.5000 2.5000 7.43 7.39 0.048 0.092 2.4568 2.4610 100 400 
0.692 2 1 6 0 2.5000 2.5000 7.56 7.19 0.122 0.080 2.4440 2.4809 100 400 
0.693 2 1 6 0 2.5000 2.5000 7.55 7.30 0.182 0.089 2.4449 2.4701 100 410 
0.694 2 1 6 0 2.5000 2.5000 7.51 7.18 0.079 0.148 2.4491 2.4815 100 410 
0.695 2 1 6 0 2.5000 2.5000 7.38 7.31 0.072 0.115 2.4624 2.4686 100 410 
0.696 2 1 6 0 2.5000 2.5000 7.60 7.91 0.123 0.053 2.4400 2.4092 100 410 
0.697 2 1 6 0 2.5000 2.5000 7.37 7.21 0.122 0.121 2.4630 2.4789 100 400 
0.698 2 1 6 0 2.5000 2.5000 7.51 7.31 0.104 0.160 2.4489 2.4690 100 400 
0.699 2 1 6 0 2.5000 2.5000 7.42 7.13 0.072 0.115 2.4584 2.4868 100 390 
0.700 2 1 6 0 2.5000 2.5000 7.54 7.33 0.107 0.100 2.4462 2.4672 100 400 
0.701 2 1 6 0 2.5000 2.5000 7.44 7.12 0.106 0.084 2.4560 2.4879 100 410 
0.702 2 1 6 0 2.5000 2.5000 7.50 7.28 0.041 0.120 2.4499 2.4718 100 410 
0.703 2 1 6 0 2.5000 2.5000 7.49 7.12 0.050 0.093 2.4512 2.4876 100 400 
0.704 2 1 6 0 2.5000 2.5000 7.32 7.30 0.095 0.065 2.4676 2.4701 100 390 
0.705 2 1 6 0 2.5000 2.5000 7.63 7.17 0.098 0.076 2.4370 2.4827 100 400 
0.706 2 1 6 0 2.5000 2.5000 7.33 7.30 0.110 0.106 2.4672 2.4694 100 400 
0.707 2 1 6 0 2.5000 2.5000 7.55 7.13 0.026 0.094 2.4448 2.4868 100 400 
0.708 2 1 6 0 2.5000 2.5000 7.36 7.31 0.106 0.089 2.4641 2.4691 100 400 
0.709 2 1 6 0 2.5000 2.5000 7.56 7.15 0.132 0.056 2.4437 2.4849 100 400 
0.710 2 1 6 0 2.5000 2.5000 7.37 7.27 0.125 0.099 2.4626 2.4732 100 400 
0.711 2 1 6 0 2.5000 2.5000 7.61 7.17 0.083 0.098 2.4385 2.4833 100 410 
0.712 2 1 6 0 2.5000 2.5000 7.35 7.34 0.086 0.066 2.4649 2.4663 100 410 
0.713 2 1 6 0 2.5000 2.5000 7.55 7.21 0.136 0.077 2.4454 2.4785 110 400 
0.714 2 1 6 0 2.5000 2.5000 7.40 7.40 0.119 0.098 2.4602 2.4602 90 390 
0.715 2 1 6 0 2.5000 2.5000 7.61 7.15 0.078 0.081 2.4394 2.4846 100 400 
0.716 2 1 6 0 2.5000 2.5000 7.40 7.30 0.103 0.062 2.4601 2.4704 100 400 
0.717 2 1 6 0 2.5000 2.5000 7.58 7.14 0.126 0.089 2.4417 2.4857 100 410 
0.718 2 1 6 0 2.5000 2.5000 7.40 7.12 0.124 0.048 2.4598 2.4877 100 400 
0.719 2 1 6 0 2.5000 2.5000 7.53 7.34 0.110 0.064 2.4472 2.4655 100 400 
0.720 2 1 6 0 2.5000 2.5000 7.35 7.22 0.081 0.079 2.4649 2.4782 100 400 
0.721 2 1 6 0 2.5000 2.5000 7.52 7.40 0.116 0.060 2.4477 2.4601 100 400 
0.722 2 1 6 0 2.5000 2.5000 7.38 7.22 0.147 0.100 2.4619 2.4774 100 400 
0.723 2 1 6 0 2.5000 2.5000 7.56 7.39 0.060 0.119 2.4436 2.4613 100 400 
0.724 2 1 6 0 2.5000 2.5000 7.41 7.22 0.128 0.161 2.4590 2.4782 110 400 
0.725 2 1 6 0 2.5000 2.5000 7.65 7.33 0.147 0.081 2.4353 2.4671 100 410 
0.726 2 1 6 0 2.5000 2.5000 7.37 7.12 0.136 0.077 2.4626 2.4884 100 400 
0.727 2 1 6 0 2.5000 2.5000 7.46 7.33 0.150 0.092 2.4537 2.4666 100 400 
0.728 2 1 6 0 2.5000 2.5000 7.35 7.20 0.068 0.087 2.4646 2.4796 100 400 
0.729 2 1 6 0 2.5000 2.5000 7.51 7.39 0.150 0.085 2.4489 2.4610 100 400 
0.730 2 1 6 0 2.5000 2.5000 7.38 7.26 0.144 0.081 2.4619 2.4741 100 400 
0.731 2 1 6 0 2.5000 2.5000 7.60 7.37 0.068 0.122 2.4396 2.4632 100 390 
0.732 2 1 6 0 2.5000 2.5000 7.44 7.23 0.117 0.111 2.4563 2.4770 100 400 
0.733 2 1 6 0 2.5000 2.5000 7.54 7.36 0.145 0.144 2.4462 2.4636 100 410 
0.734 2 1 6 0 2.5000 2.5000 7.35 7.23 0.106 0.103 2.4652 2.4771 100 400 
0.735 2 1 6 0 2.5000 2.5000 7.42 7.33 0.093 0.107 2.4576 2.4671 100 390 
0.736 2 1 6 0 2.5000 2.5000 7.30 7.25 0.031 0.127 2.4696 2.4749 100 400 
0.737 2 1 6 0 2.5000 2.5000 7.50 7.38 0.133 0.089 2.4500 2.4619 100 400 
0.738 2 1 6 0 2.5000 2.5000 7.36 7.26 0.125 0.100 2.4638 2.4743 100 400 
0.739 2 1 6 0 2.5000 2.5000 7.50 7.34 0.106 0.116 2.4499 2.4663 100 400 
0.740 2 1 6 0 2.5000 2.5000 7.39 7.22 0.096 0.115 2.4612 2.4781 100 400 
0.741 2 1 6 0 2.5000 2.5000 7.53 7.19 0.136 0.138 2.4474 2.4814 100 400 
0.742 2 1 6 0 2.5000 2.5000 7.36 7.28 0.147 0.146 2.4644 2.4719 100 400 
0.743 2 1 6 0 2.5000 2.5000 7.30 7.15 0.129 0.102 2.4694 2.4852 100 400 
0.744 2 1 6 0 2.5000 2.5000 7.44 7.41 0.014 0.119 2.4557 2.4585 100 400 
0.745 2 1 6 0 2.5000 2.5000 7.34 7.20 0.117 0.096 2.4663 2.4798 100 400 
0.746 2 1 6 0 2.5000 2.5000 7.48 7.38 0.104 0.148 2.4523 2.4621 100 400 
0.747 2 1 6 0 2.5000 2.5000 7.38 7.19 0.085 0.100 2.4619 2.4814 100 400 
0.748 2 1 6 0 2.5000 2.5000 7.51 7.29 0.070 0.082 2.4494 2.4708 100 400 
