%% logfile from robot Liv (36)
% Liv (36)
%  1    time 0.000 sec
%  2  3  4  5   (mission 0), state 2, entered (thread 1, line 0), events 0x0 (bit-flags)
%  6  7 Motor velocity ref left, right: 0.4000 0.4000
%  8  9 Motor voltage [V] left, right: 4.84 4.84
% 10 11 Motor current left, right [A]: -0.085 -0.088
% 12 13 Wheel velocity [m/s] left, right: -0.0000 0.0000
% 14 15 Get data time [us]: 100 +ctrl 440
0.001 2 1 0 0 0.4000 0.4000 4.92 4.92 0.337 0.113 -0.0000 0.0000 90 330 
0.002 2 1 0 0 0.4000 0.4000 5.00 5.00 0.797 0.558 -0.0000 0.0000 100 330 
0.003 2 1 0 0 0.4000 0.4000 5.08 5.08 1.189 0.959 0.0000 0.0000 100 340 
0.004 2 1 0 0 0.4000 0.4000 5.16 5.16 1.453 1.228 0.0000 0.0000 100 350 
0.005 2 1 0 0 0.4000 0.4000 5.24 5.24 1.590 1.440 0.0000 0.0000 100 340 
0.006 2 1 0 0 0.4000 0.4000 5.32 5.32 1.326 1.284 0.0000 0.0000 100 350 
0.007 2 1 0 0 0.4000 0.4000 3.77 5.40 1.301 1.197 0.1608 0.0000 100 350 
0.008 2 1 0 0 0.4000 0.4000 3.82 5.48 1.213 1.232 0.1608 0.0000 100 350 
0.009 2 1 0 0 0.4000 0.4000 2.35 2.38 1.075 1.305 0.3111 0.3145 100 360 
0.010 2 1 0 0 0.4000 0.4000 2.37 2.40 0.811 1.222 0.3111 0.3145 100 350 
0.011 2 1 0 0 0.4000 0.4000 1.66 1.66 0.624 0.908 0.3833 0.3893 100 360 
0.012 2 1 0 0 0.4000 0.4000 1.31 1.13 0.411 0.645 0.4180 0.4423 100 360 
0.013 2 1 0 0 0.4000 0.4000 1.31 1.02 0.264 0.417 0.4180 0.4525 100 390 
0.014 2 1 0 0 0.4000 0.4000 0.94 1.01 0.163 0.246 0.4538 0.4525 100 390 
0.015 2 1 0 0 0.4000 0.4000 0.91 0.26 0.067 0.152 0.4559 0.5256 100 360 
0.016 2 1 0 0 0.4000 0.4000 0.67 0.69 0.046 0.092 0.4786 0.4799 100 360 
0.017 2 1 0 0 0.4000 0.4000 0.76 0.74 -0.014 -0.016 0.4685 0.4738 100 360 
0.018 2 1 0 0 0.4000 0.4000 0.80 0.85 -0.041 -0.033 0.4630 0.4611 100 390 
0.019 2 1 0 0 0.4000 0.4000 0.84 0.84 -0.028 0.004 0.4578 0.4611 100 390 
0.020 2 1 0 0 0.4000 0.4000 0.97 0.50 -0.009 0.012 0.4433 0.4933 100 360 
0.021 2 1 0 0 0.4000 0.4000 0.96 0.80 -0.006 -0.030 0.4433 0.4626 100 370 
0.022 2 1 0 0 0.4000 0.4000 0.70 0.82 0.010 -0.093 0.4690 0.4591 100 390 
0.023 2 1 0 0 0.4000 0.4000 1.08 0.81 -0.066 -0.028 0.4296 0.4591 100 390 
0.024 2 1 0 0 0.4000 0.4000 1.09 1.07 -0.022 0.005 0.4276 0.4314 100 360 
0.025 2 1 0 0 0.4000 0.4000 1.09 0.85 -0.004 -0.017 0.4276 0.4526 100 390 
0.026 2 1 0 0 0.4000 0.4000 1.15 0.97 -0.025 0.033 0.4208 0.4404 100 390 
0.027 2 1 0 0 0.4000 0.4000 1.05 0.96 0.054 0.025 0.4308 0.4404 100 390 
0.028 2 1 0 0 0.4000 0.4000 1.04 0.52 0.057 0.058 0.4308 0.4834 100 390 
0.029 2 1 0 0 0.4000 0.4000 1.07 1.04 0.076 0.044 0.4270 0.4293 100 380 
0.030 2 1 0 0 0.4000 0.4000 0.69 0.73 0.004 -0.018 0.4645 0.4598 100 390 
0.031 2 1 0 0 0.4000 0.4000 1.17 0.72 -0.040 0.008 0.4162 0.4598 100 390 
0.032 2 1 0 0 0.4000 0.4000 1.16 1.04 -0.018 -0.009 0.4162 0.4273 100 390 
0.033 2 1 0 0 0.4000 0.4000 1.30 1.03 0.056 -0.006 0.4023 0.4272 100 390 
0.034 2 1 0 0 0.4000 0.4000 1.28 1.03 0.097 0.032 0.4038 0.4272 100 400 
0.035 2 1 0 0 0.4000 0.4000 1.28 1.23 0.017 0.068 0.4038 0.4068 100 380 
0.036 2 1 0 0 0.4000 0.4000 0.97 1.00 0.062 0.077 0.4344 0.4287 100 380 
0.037 2 1 0 0 0.4000 0.4000 1.20 1.00 0.061 0.107 0.4113 0.4287 100 390 
0.038 2 1 0 0 0.4000 0.4000 1.20 1.03 0.067 0.106 0.4113 0.4254 100 390 
0.043 2 1 0 0 0.4000 0.4000 1.08 0.91 0.082 0.071 0.4221 0.4362 100 390 
0.044 2 1 0 0 0.4000 0.4000 0.66 0.90 0.045 0.044 0.4636 0.4362 100 390 
0.045 2 1 0 0 0.4000 0.4000 0.65 0.77 -0.046 0.050 0.4636 0.4488 100 390 
0.046 2 1 0 0 0.4000 0.4000 1.07 0.99 -0.133 0.007 0.4210 0.4259 100 390 
0.047 2 1 0 0 0.4000 0.4000 0.82 0.83 -0.169 -0.001 0.4445 0.4416 100 390 
0.048 2 1 0 0 0.4000 0.4000 0.82 0.82 -0.043 0.030 0.4445 0.4416 100 380 
0.049 2 1 0 0 0.4000 0.4000 1.15 0.81 -0.111 0.006 0.4103 0.4412 100 390 
0.050 2 1 0 0 0.4000 0.4000 1.03 0.46 0.066 0.033 0.4227 0.4753 100 390 
0.051 2 1 0 0 0.4000 0.4000 1.02 0.91 0.105 0.011 0.4227 0.4298 100 380 
0.052 2 1 0 0 0.4000 0.4000 1.13 0.90 0.040 -0.043 0.4114 0.4298 100 390 
0.053 2 1 0 0 0.4000 0.4000 1.15 0.81 0.073 0.017 0.4093 0.4377 100 390 
0.054 2 1 0 0 0.4000 0.4000 1.15 0.90 0.077 0.001 0.4093 0.4289 100 390 
0.055 2 1 0 0 0.4000 0.4000 1.19 0.89 -0.011 0.010 0.4045 0.4289 100 390 
0.056 2 1 0 0 0.4000 0.4000 0.85 0.65 0.018 0.025 0.4387 0.4527 100 390 
0.057 2 1 0 0 0.4000 0.4000 1.21 1.03 -0.021 0.017 0.4025 0.4137 100 390 
0.058 2 1 0 0 0.4000 0.4000 1.21 1.02 0.070 -0.024 0.4025 0.4137 100 380 
0.059 2 1 0 0 0.4000 0.4000 1.21 1.01 0.104 -0.013 0.4017 0.4145 100 390 
0.060 2 1 0 0 0.4000 0.4000 1.18 0.95 -0.003 0.057 0.4050 0.4204 100 390 
0.061 2 1 0 0 0.4000 0.4000 1.18 0.72 0.085 0.089 0.4050 0.4425 100 390 
0.062 2 1 0 0 0.4000 0.4000 0.94 0.72 0.105 0.041 0.4281 0.4425 100 380 
0.063 2 1 0 0 0.4000 0.4000 1.03 1.01 0.076 -0.001 0.4194 0.4129 100 390 
0.064 2 1 0 0 0.4000 0.4000 1.02 0.94 -0.011 0.010 0.4194 0.4195 100 390 
0.065 2 1 0 0 0.4000 0.4000 0.95 0.93 0.121 0.059 0.4264 0.4195 100 390 
0.066 2 1 0 0 0.4000 0.4000 1.08 1.01 0.008 0.039 0.4132 0.4117 100 380 
0.067 2 1 0 0 0.4000 0.4000 1.07 0.84 -0.013 0.044 0.4132 0.4285 100 390 
0.068 2 1 0 0 0.4000 0.4000 0.84 0.83 -0.047 0.073 0.4362 0.4285 100 400 
0.069 2 1 0 0 0.4000 0.4000 1.15 1.14 -0.069 0.041 0.4051 0.3975 100 390 
0.070 2 1 0 0 0.4000 0.4000 1.14 1.04 0.044 0.082 0.4051 0.4076 100 390 
0.071 2 1 0 0 0.4000 0.4000 1.08 1.03 0.048 0.077 0.4116 0.4076 100 380 
0.072 2 1 0 0 0.4000 0.4000 1.13 1.02 0.124 0.096 0.4063 0.4084 100 390 
0.073 2 1 0 0 0.4000 0.4000 1.13 0.67 0.192 0.083 0.4063 0.4440 100 390 
0.074 2 1 0 0 0.4000 0.4000 0.80 0.81 0.102 0.052 0.4382 0.4285 100 390 
0.075 2 1 0 0 0.4000 0.4000 1.01 1.08 0.082 -0.011 0.4170 0.4015 100 390 
0.076 2 1 0 0 0.4000 0.4000 1.11 0.98 0.079 0.021 0.4068 0.4109 100 390 
0.077 2 1 0 0 0.4000 0.4000 1.11 0.98 0.097 0.040 0.4068 0.4109 100 380 
0.078 2 1 0 0 0.4000 0.4000 1.17 1.13 0.090 0.091 0.4007 0.3964 100 390 
0.079 2 1 0 0 0.4000 0.4000 1.06 1.10 0.022 0.061 0.4113 0.3992 100 380 
0.080 2 1 0 0 0.4000 0.4000 1.06 1.10 0.079 0.092 0.4113 0.3992 100 380 
0.081 2 1 0 0 0.4000 0.4000 1.18 1.23 0.132 0.088 0.3995 0.3858 100 390 
0.082 2 1 0 0 0.4000 0.4000 1.18 0.66 0.100 0.082 0.3995 0.4431 100 390 
0.083 2 1 0 0 0.4000 0.4000 1.11 0.78 0.003 0.086 0.4056 0.4298 100 380 
0.084 2 1 0 0 0.4000 0.4000 1.11 1.05 0.048 0.037 0.4057 0.4027 100 380 
0.085 2 1 0 0 0.4000 0.4000 0.89 1.13 0.164 0.039 0.4277 0.3952 100 390 
0.086 2 1 0 0 0.4000 0.4000 0.88 1.13 0.096 0.075 0.4277 0.3952 100 380 
0.087 2 1 0 0 0.4000 0.4000 0.96 1.20 0.039 0.096 0.4195 0.3879 100 380 
0.088 2 1 0 0 0.4000 0.4000 0.94 0.90 0.087 0.083 0.4213 0.4178 100 390 
0.089 2 1 0 0 0.4000 0.4000 0.94 0.90 0.003 0.132 0.4213 0.4178 100 390 
0.091 2 1 0 0 0.4000 0.4000 0.77 1.09 -0.020 0.092 0.4375 0.3990 100 430 
0.092 2 1 0 0 0.4000 0.4000 0.76 1.09 -0.042 0.079 0.4375 0.3990 100 380 
0.093 2 1 0 0 0.4000 0.4000 1.12 1.25 -0.009 0.090 0.4013 0.3833 100 390 
0.094 2 1 0 0 0.4000 0.4000 1.13 1.00 0.075 0.128 0.4003 0.4073 100 380 
0.095 2 1 0 0 0.4000 0.4000 1.13 1.00 0.067 0.122 0.4003 0.4073 100 380 
0.096 2 1 0 0 0.4000 0.4000 1.17 1.04 0.062 0.123 0.3960 0.4033 100 380 
0.097 2 1 0 0 0.4000 0.4000 1.05 0.60 0.071 0.083 0.4079 0.4467 100 390 
0.098 2 1 0 0 0.4000 0.4000 1.05 0.59 0.025 0.075 0.4079 0.4467 100 390 
0.099 2 1 0 0 0.4000 0.4000 1.07 1.08 0.051 -0.022 0.4060 0.3979 100 380 
0.100 2 1 0 0 0.4000 0.4000 0.69 0.87 -0.012 -0.029 0.4428 0.4184 100 390 
0.101 2 1 1 0 0.3000 0.3000 -0.52 -0.34 0.011 0.029 0.4428 0.4184 100 390 
0.102 2 1 1 0 0.3000 0.3000 -0.08 -0.05 -0.120 -0.003 0.3965 0.3873 100 390 
0.103 2 1 1 0 0.3000 0.3000 0.09 -0.05 -0.188 -0.123 0.3775 0.3856 100 390 
0.104 2 1 1 0 0.3000 0.3000 0.07 -0.07 -0.158 -0.170 0.3775 0.3856 100 390 
0.105 2 1 1 0 0.3000 0.3000 0.22 0.25 -0.173 -0.172 0.3609 0.3525 100 390 
0.106 2 1 1 0 0.3000 0.3000 0.21 0.24 -0.195 -0.162 0.3609 0.3525 100 390 
0.107 2 1 1 0 0.3000 0.3000 0.16 0.26 -0.188 -0.162 0.3647 0.3497 100 390 
0.108 2 1 1 0 0.3000 0.3000 0.53 0.24 -0.182 -0.152 0.3268 0.3497 100 390 
0.109 2 1 1 0 0.3000 0.3000 0.59 0.47 -0.113 -0.149 0.3205 0.3260 100 390 
0.110 2 1 1 0 0.3000 0.3000 0.70 0.43 -0.104 -0.127 0.3094 0.3301 100 400 
0.111 2 1 1 0 0.3000 0.3000 0.81 0.42 -0.123 -0.109 0.2984 0.3301 100 390 
0.112 2 1 1 0 0.3000 0.3000 0.81 0.70 0.025 -0.054 0.2984 0.3024 100 390 
0.113 2 1 1 0 0.3000 0.3000 0.83 0.80 0.037 -0.058 0.2958 0.2916 100 380 
0.114 2 1 1 0 0.3000 0.3000 0.83 0.81 0.062 -0.026 0.2958 0.2916 100 390 
0.115 2 1 1 0 0.3000 0.3000 0.75 0.88 0.060 0.063 0.3040 0.2844 100 390 
0.116 2 1 1 0 0.3000 0.3000 0.75 0.88 -0.016 0.078 0.3040 0.2844 100 380 
0.117 2 1 1 0 0.3000 0.3000 0.89 0.90 0.067 0.100 0.2902 0.2830 100 390 
0.118 2 1 1 0 0.3000 0.3000 0.89 0.90 0.113 0.091 0.2902 0.2830 100 390 
0.119 2 1 1 0 0.3000 0.3000 0.72 0.75 0.021 0.113 0.3077 0.2987 100 380 
0.120 2 1 1 0 0.3000 0.3000 0.71 0.75 -0.020 0.106 0.3077 0.2987 100 390 
0.121 2 1 1 0 0.3000 0.3000 1.05 0.83 0.041 0.052 0.2743 0.2909 100 390 
0.122 2 1 1 0 0.3000 0.3000 1.06 0.83 -0.004 0.063 0.2743 0.2909 100 370 
0.123 2 1 1 0 0.3000 0.3000 0.93 0.68 0.137 0.097 0.2872 0.3063 100 380 
0.124 2 1 1 0 0.3000 0.3000 0.93 0.68 0.181 0.055 0.2872 0.3063 100 380 
0.125 2 1 1 0 0.3000 0.3000 1.08 0.64 0.115 0.014 0.2728 0.3095 100 390 
0.126 2 1 1 0 0.3000 0.3000 1.09 0.64 0.060 -0.016 0.2728 0.3095 100 370 
0.127 2 1 1 0 0.3000 0.3000 0.91 0.42 0.193 -0.009 0.2907 0.3309 100 380 
0.128 2 1 1 0 0.3000 0.3000 0.92 0.42 0.141 -0.043 0.2907 0.3309 100 370 
0.129 2 1 1 0 0.3000 0.3000 0.91 0.79 0.099 -0.043 0.2912 0.2935 100 390 
0.130 2 1 1 0 0.3000 0.3000 0.91 0.79 0.109 -0.053 0.2912 0.2935 100 380 
0.131 2 1 1 0 0.3000 0.3000 0.92 0.81 0.011 0.010 0.2912 0.2911 100 380 
0.132 2 1 1 0 0.3000 0.3000 0.94 0.82 0.099 0.070 0.2886 0.2911 100 390 
0.133 2 1 1 0 0.3000 0.3000 0.94 0.92 0.065 0.085 0.2886 0.2812 100 400 
0.134 2 1 1 0 0.3000 0.3000 1.02 0.92 0.086 0.070 0.2814 0.2812 100 390 
0.135 2 1 1 0 0.3000 0.3000 1.02 0.75 0.134 0.098 0.2814 0.2985 100 390 
0.136 2 1 1 0 0.3000 0.3000 0.82 0.75 0.132 0.113 0.3021 0.2985 100 390 
0.137 2 1 1 0 0.3000 0.3000 0.82 0.95 0.058 0.097 0.3021 0.2791 100 390 
0.138 2 1 1 0 0.3000 0.3000 1.06 0.95 0.023 0.101 0.2784 0.2791 100 390 
0.139 2 1 1 0 0.3000 0.3000 1.06 0.90 0.014 0.115 0.2784 0.2851 100 390 
0.140 2 1 1 0 0.3000 0.3000 1.05 0.90 0.113 0.149 0.2798 0.2851 100 390 
0.141 2 1 1 0 0.3000 0.3000 1.05 0.90 0.093 0.123 0.2798 0.2851 100 380 
0.142 2 1 1 0 0.3000 0.3000 0.99 0.85 0.223 0.117 0.2865 0.2902 100 380 
0.143 2 1 1 0 0.3000 0.3000 0.99 0.85 0.159 0.102 0.2865 0.2902 100 370 
0.144 2 1 1 0 0.3000 0.3000 0.76 0.68 0.121 0.076 0.3097 0.3081 100 390 
0.145 2 1 1 0 0.3000 0.3000 0.76 0.67 0.041 0.033 0.3097 0.3081 100 370 
0.146 2 1 1 0 0.3000 0.3000 0.85 0.86 0.088 0.008 0.3009 0.2894 100 390 
0.147 2 1 1 0 0.3000 0.3000 0.85 0.86 0.121 0.007 0.3009 0.2894 100 390 
0.148 2 1 1 0 0.3000 0.3000 0.89 0.85 0.043 0.041 0.2964 0.2905 100 380 
0.149 2 1 1 0 0.3000 0.3000 0.89 0.86 0.146 0.082 0.2964 0.2905 100 370 
0.150 2 1 1 0 0.3000 0.3000 1.04 0.95 0.108 0.094 0.2820 0.2815 100 390 
0.151 2 1 1 0 0.3000 0.3000 1.04 0.95 0.032 0.130 0.2820 0.2815 100 380 
0.152 2 1 1 0 0.3000 0.3000 0.92 0.84 0.094 0.094 0.2946 0.2933 100 390 
0.153 2 1 1 0 0.3000 0.3000 0.92 0.84 0.104 0.118 0.2946 0.2933 100 380 
0.154 2 1 1 0 0.3000 0.3000 0.92 1.02 0.062 0.093 0.2946 0.2754 100 380 
0.155 2 1 1 0 0.3000 0.3000 1.11 1.03 0.042 0.055 0.2765 0.2754 100 380 
0.156 2 1 1 0 0.3000 0.3000 1.11 0.90 0.067 0.105 0.2765 0.2885 100 390 
0.157 2 1 1 0 0.3000 0.3000 1.03 0.90 0.170 0.088 0.2850 0.2885 100 390 
0.158 2 1 1 0 0.3000 0.3000 1.03 0.83 0.096 0.106 0.2850 0.2959 100 390 
0.159 2 1 1 0 0.3000 0.3000 0.99 0.83 0.094 0.124 0.2895 0.2959 100 390 
0.160 2 1 1 0 0.3000 0.3000 0.99 0.53 0.128 0.122 0.2895 0.3258 100 390 
0.161 2 1 1 0 0.3000 0.3000 0.69 0.52 0.096 0.083 0.3198 0.3258 100 390 
0.162 2 1 1 0 0.3000 0.3000 0.68 0.86 0.079 -0.047 0.3198 0.2917 100 390 
0.163 2 1 1 0 0.3000 0.3000 0.79 0.86 0.033 -0.051 0.3092 0.2917 100 390 
0.164 2 1 1 0 0.3000 0.3000 0.79 0.86 0.021 0.014 0.3092 0.2919 100 390 
0.165 2 1 1 0 0.3000 0.3000 0.90 0.86 0.011 0.056 0.2978 0.2919 100 390 
0.166 2 1 1 0 0.3000 0.3000 0.90 0.91 0.097 0.088 0.2978 0.2878 100 380 
0.167 2 1 1 0 0.3000 0.3000 0.98 0.99 0.078 0.115 0.2901 0.2798 100 390 
0.168 2 1 1 0 0.3000 0.3000 0.98 0.99 0.103 0.082 0.2901 0.2798 100 380 
0.169 2 1 1 0 0.3000 0.3000 0.94 0.98 0.084 0.064 0.2939 0.2821 100 390 
0.170 2 1 1 0 0.3000 0.3000 0.94 0.98 0.079 0.130 0.2939 0.2821 100 370 
0.171 2 1 1 0 0.3000 0.3000 1.03 1.03 0.122 0.161 0.2859 0.2777 100 390 
0.172 2 1 1 0 0.3000 0.3000 1.03 1.03 0.135 0.151 0.2859 0.2777 100 380 
0.173 2 1 1 0 0.3000 0.3000 0.95 0.56 0.079 0.143 0.2940 0.3248 100 390 
0.174 2 1 1 0 0.3000 0.3000 0.95 0.56 0.139 0.132 0.2940 0.3248 100 380 
0.175 2 1 1 0 0.3000 0.3000 0.90 0.80 0.079 0.002 0.2997 0.3005 100 390 
0.176 2 1 1 0 0.3000 0.3000 0.90 0.80 0.067 0.000 0.2997 0.3005 100 380 
0.177 2 1 1 0 0.3000 0.3000 0.69 0.87 0.079 0.021 0.3196 0.2928 100 390 
0.178 2 1 1 0 0.3000 0.3000 0.69 0.88 0.031 0.003 0.3196 0.2928 100 380 
0.179 2 1 1 0 0.3000 0.3000 0.72 0.95 -0.024 0.084 0.3160 0.2855 100 390 
0.180 2 1 1 0 0.3000 0.3000 0.72 0.95 0.004 -0.016 0.3160 0.2855 100 390 
0.181 2 1 1 0 0.3000 0.3000 0.76 0.77 -0.031 0.100 0.3118 0.3037 100 390 
0.182 2 1 1 0 0.3000 0.3000 0.76 0.77 0.022 0.005 0.3118 0.3037 100 380 
0.183 2 1 1 0 0.3000 0.3000 0.94 0.97 0.011 0.018 0.2935 0.2844 100 390 
0.184 2 1 1 0 0.3000 0.3000 0.94 0.97 0.033 0.019 0.2935 0.2844 100 380 
0.185 2 1 1 0 0.3000 0.3000 0.85 0.94 0.034 0.059 0.3023 0.2873 100 390 
0.186 2 1 1 0 0.3000 0.3000 0.85 0.94 0.067 0.056 0.3023 0.2873 100 380 
0.187 2 1 1 0 0.3000 0.3000 1.11 1.02 0.063 0.049 0.2765 0.2797 100 390 
0.188 2 1 1 0 0.3000 0.3000 1.12 1.03 0.044 0.037 0.2765 0.2797 100 390 
0.189 2 1 1 0 0.3000 0.3000 1.08 0.79 0.157 -0.023 0.2805 0.3041 100 390 
0.190 2 1 1 0 0.3000 0.3000 1.08 0.79 0.121 0.000 0.2805 0.3041 100 370 
0.191 2 1 1 0 0.3000 0.3000 1.09 0.76 0.127 0.043 0.2805 0.3062 100 390 
0.192 2 1 1 0 0.3000 0.3000 1.02 0.76 0.117 0.033 0.2872 0.3062 100 380 
0.193 2 1 1 0 0.3000 0.3000 1.03 0.45 0.106 0.112 0.2872 0.3374 100 380 
0.194 2 1 1 0 0.3000 0.3000 0.87 0.44 0.084 0.064 0.3034 0.3374 100 390 
0.195 2 1 1 0 0.3000 0.3000 0.87 0.82 0.102 -0.016 0.3034 0.2985 100 390 
0.196 2 1 1 0 0.3000 0.3000 0.84 0.82 0.062 -0.025 0.3056 0.2985 100 390 
0.197 2 1 1 0 0.3000 0.3000 0.58 0.68 0.056 -0.021 0.3314 0.3132 100 390 
0.198 2 1 1 0 0.3000 0.3000 0.57 0.67 -0.022 0.008 0.3314 0.3132 100 380 
0.199 2 1 1 0 0.3000 0.3000 0.94 0.92 -0.048 -0.006 0.2943 0.2881 100 380 
0.200 2 1 1 0 0.3000 0.3000 1.00 0.93 -0.050 -0.039 0.2888 0.2881 100 390 
0.201 2 1 1 0 0.3000 0.3000 1.00 0.98 0.029 -0.023 0.2888 0.2829 100 390 
0.202 2 1 2 0 0.2000 0.2000 -0.00 -0.23 0.047 -0.003 0.2688 0.2829 100 390 
0.203 2 1 2 0 0.2000 0.2000 -0.02 -0.24 -0.038 0.034 0.2688 0.2829 100 390 
0.204 2 1 2 0 0.2000 0.2000 -0.02 -0.17 -0.070 -0.074 0.2677 0.2738 100 380 
0.205 2 1 2 0 0.2000 0.2000 -0.03 -0.18 -0.103 -0.106 0.2677 0.2738 100 380 
0.206 2 1 2 0 0.2000 0.2000 -0.05 -0.23 -0.125 -0.139 0.2684 0.2774 100 380 
0.207 2 1 2 0 0.2000 0.2000 -0.07 -0.25 -0.128 -0.140 0.2684 0.2774 100 380 
0.208 2 1 2 0 0.2000 0.2000 -0.08 -0.02 -0.137 -0.130 0.2684 0.2536 100 390 
0.209 2 1 2 0 0.2000 0.2000 0.30 -0.03 -0.104 -0.110 0.2294 0.2536 100 390 
0.210 2 1 2 0 0.2000 0.2000 0.29 -0.04 -0.088 -0.092 0.2294 0.2536 100 380 
0.211 2 1 2 0 0.2000 0.2000 0.29 -0.02 -0.077 -0.078 0.2294 0.2505 100 390 
0.212 2 1 2 0 0.2000 0.2000 0.47 -0.03 -0.085 -0.059 0.2109 0.2505 100 390 
0.213 2 1 2 0 0.2000 0.2000 0.47 0.26 -0.096 -0.046 0.2109 0.2201 100 390 
0.214 2 1 2 0 0.2000 0.2000 0.46 0.30 -0.030 -0.007 0.2109 0.2159 100 390 
0.215 2 1 2 0 0.2000 0.2000 0.49 0.30 -0.054 -0.013 0.2076 0.2159 100 390 
0.216 2 1 2 0 0.2000 0.2000 0.49 0.39 -0.046 -0.052 0.2076 0.2063 100 390 
0.217 2 1 2 0 0.2000 0.2000 0.49 0.41 -0.051 -0.095 0.2076 0.2048 100 390 
0.218 2 1 2 0 0.2000 0.2000 0.58 0.41 -0.071 -0.096 0.1982 0.2048 100 390 
0.219 2 1 2 0 0.2000 0.2000 0.58 0.41 -0.043 -0.066 0.1982 0.2042 100 380 
0.220 2 1 2 0 0.2000 0.2000 0.59 0.60 -0.070 -0.063 0.1982 0.1849 100 390 
0.221 2 1 2 0 0.2000 0.2000 0.89 0.61 -0.066 -0.043 0.1681 0.1849 100 390 
0.222 2 1 2 0 0.2000 0.2000 0.95 0.61 -0.008 -0.072 0.1632 0.1849 100 390 
0.223 2 1 2 0 0.2000 0.2000 0.95 0.72 0.048 -0.054 0.1632 0.1746 100 380 
0.224 2 1 2 0 0.2000 0.2000 0.96 0.72 0.089 -0.012 0.1632 0.1746 100 390 
0.225 2 1 2 0 0.2000 0.2000 1.04 0.73 0.122 0.043 0.1564 0.1746 100 390 
0.226 2 1 2 0 0.2000 0.2000 1.07 0.73 0.115 0.041 0.1543 0.1746 100 380 
0.227 2 1 2 0 0.2000 0.2000 1.08 0.94 0.127 0.078 0.1543 0.1550 100 390 
0.228 2 1 2 0 0.2000 0.2000 1.08 0.94 0.168 0.130 0.1543 0.1550 100 390 
0.229 2 1 2 0 0.2000 0.2000 1.10 0.95 0.151 0.151 0.1541 0.1550 100 370 
0.230 2 1 2 0 0.2000 0.2000 1.14 0.96 0.170 0.166 0.1505 0.1550 100 390 
0.231 2 1 2 0 0.2000 0.2000 1.15 0.81 0.171 0.208 0.1505 0.1715 100 390 
0.232 2 1 2 0 0.2000 0.2000 1.16 0.81 0.178 0.278 0.1505 0.1715 100 390 
0.233 2 1 2 0 0.2000 0.2000 0.78 0.82 0.159 0.098 0.1891 0.1715 100 390 
0.234 2 1 2 0 0.2000 0.2000 0.78 0.57 0.101 0.167 0.1891 0.1965 100 390 
0.235 2 1 2 0 0.2000 0.2000 0.79 0.57 0.078 0.098 0.1891 0.1965 100 370 
0.236 2 1 2 0 0.2000 0.2000 0.67 0.57 0.071 -0.001 0.2009 0.1965 100 390 
0.237 2 1 2 0 0.2000 0.2000 0.67 0.27 0.009 -0.033 0.2009 0.2261 100 390 
0.238 2 1 2 0 0.2000 0.2000 0.67 0.27 -0.047 -0.037 0.2009 0.2261 100 370 
0.239 2 1 2 0 0.2000 0.2000 0.51 0.45 -0.037 -0.032 0.2163 0.2072 100 400 
0.240 2 1 2 0 0.2000 0.2000 0.51 0.56 -0.069 -0.058 0.2163 0.1960 100 390 
0.241 2 1 2 0 0.2000 0.2000 0.53 0.56 -0.061 -0.047 0.2139 0.1960 100 390 
0.242 2 1 2 0 0.2000 0.2000 0.62 0.57 -0.043 -0.081 0.2049 0.1960 100 380 
0.243 2 1 2 0 0.2000 0.2000 0.62 0.78 -0.035 -0.079 0.2049 0.1746 100 390 
0.244 2 1 2 0 0.2000 0.2000 0.62 0.79 -0.032 0.107 0.2049 0.1746 100 390 
0.245 2 1 2 0 0.2000 0.2000 0.81 0.79 -0.032 0.099 0.1855 0.1746 100 380 
0.246 2 1 2 0 0.2000 0.2000 0.81 0.80 0.010 0.129 0.1855 0.1746 100 380 
0.247 2 1 2 0 0.2000 0.2000 0.82 1.00 0.068 0.109 0.1855 0.1556 100 390 
0.248 2 1 2 0 0.2000 0.2000 0.98 1.00 0.052 0.124 0.1693 0.1556 100 390 
0.249 2 1 2 0 0.2000 0.2000 1.06 1.01 0.093 0.138 0.1619 0.1556 100 390 
0.250 2 1 2 0 0.2000 0.2000 1.07 1.02 0.103 0.291 0.1619 0.1556 100 380 
0.251 2 1 2 0 0.2000 0.2000 1.08 0.83 0.125 0.299 0.1619 0.1753 100 390 
0.252 2 1 2 0 0.2000 0.2000 0.98 0.84 0.116 0.253 0.1724 0.1753 100 390 
0.253 2 1 2 0 0.2000 0.2000 0.99 0.84 0.144 0.133 0.1724 0.1753 100 380 
0.254 2 1 2 0 0.2000 0.2000 0.99 0.75 0.139 0.063 0.1724 0.1849 100 380 
0.255 2 1 2 0 0.2000 0.2000 1.00 0.75 0.113 0.154 0.1724 0.1849 100 390 
0.256 2 1 2 0 0.2000 0.2000 1.01 0.76 0.124 0.120 0.1722 0.1849 100 390 
0.257 2 1 2 0 0.2000 0.2000 1.01 0.56 0.107 0.174 0.1722 0.2042 100 380 
0.258 2 1 2 0 0.2000 0.2000 1.02 0.56 0.108 0.128 0.1722 0.2042 100 370 
0.259 2 1 2 0 0.2000 0.2000 0.85 0.56 0.128 0.033 0.1892 0.2042 100 380 
0.260 2 1 2 0 0.2000 0.2000 0.85 0.44 0.104 -0.025 0.1892 0.2166 100 390 
0.261 2 1 2 0 0.2000 0.2000 0.85 0.43 0.068 -0.051 0.1892 0.2166 100 380 
0.262 2 1 2 0 0.2000 0.2000 0.72 0.41 0.061 -0.051 0.2025 0.2190 100 390 
0.263 2 1 2 0 0.2000 0.2000 0.72 0.40 0.027 -0.035 0.2025 0.2190 100 370 
0.264 2 1 2 0 0.2000 0.2000 0.72 0.40 0.012 -0.061 0.2025 0.2190 100 380 
0.265 2 1 2 0 0.2000 0.2000 0.58 0.63 -0.014 -0.070 0.2167 0.1960 100 400 
0.266 2 1 2 0 0.2000 0.2000 0.57 0.66 -0.062 -0.038 0.2167 0.1929 100 390 
0.267 2 1 2 0 0.2000 0.2000 0.57 0.66 -0.058 0.013 0.2167 0.1929 100 390 
0.268 2 1 2 0 0.2000 0.2000 0.63 0.66 -0.040 -0.007 0.2103 0.1929 100 390 
0.269 2 1 2 0 0.2000 0.2000 0.63 0.80 -0.039 -0.024 0.2103 0.1794 100 390 
0.270 2 1 2 0 0.2000 0.2000 0.63 0.80 -0.039 -0.057 0.2103 0.1794 100 370 
0.271 2 1 2 0 0.2000 0.2000 0.72 0.81 -0.040 0.037 0.2005 0.1794 100 390 
0.272 2 1 2 0 0.2000 0.2000 0.72 0.90 -0.021 0.026 0.2005 0.1709 100 390 
0.273 2 1 2 0 0.2000 0.2000 0.72 1.02 -0.028 0.133 0.2005 0.1595 100 390 
0.274 2 1 2 0 0.2000 0.2000 1.03 1.03 -0.045 0.276 0.1706 0.1595 100 390 
0.275 2 1 2 0 0.2000 0.2000 1.03 1.03 0.026 0.190 0.1706 0.1595 100 380 
0.276 2 1 2 0 0.2000 0.2000 1.04 0.93 0.101 0.118 0.1706 0.1706 100 380 
0.277 2 1 2 0 0.2000 0.2000 1.04 0.94 0.121 0.105 0.1706 0.1706 100 370 
0.278 2 1 2 0 0.2000 0.2000 1.13 0.94 0.154 0.121 0.1625 0.1706 100 390 
0.279 2 1 2 0 0.2000 0.2000 1.14 0.95 0.155 0.232 0.1625 0.1706 100 390 
0.280 2 1 2 0 0.2000 0.2000 1.15 0.89 0.136 0.175 0.1625 0.1770 100 390 
0.281 2 1 2 0 0.2000 0.2000 1.16 0.89 0.141 0.182 0.1625 0.1770 100 390 
0.282 2 1 2 0 0.2000 0.2000 1.16 0.90 0.167 0.178 0.1625 0.1770 100 390 
0.283 2 1 2 0 0.2000 0.2000 1.17 0.66 0.169 0.153 0.1625 0.2009 100 380 
0.284 2 1 2 0 0.2000 0.2000 1.18 0.66 0.147 0.080 0.1625 0.2009 100 380 
0.285 2 1 2 0 0.2000 0.2000 0.92 0.66 0.136 0.091 0.1890 0.2009 100 390 
0.286 2 1 2 0 0.2000 0.2000 0.92 0.53 0.145 0.025 0.1890 0.2137 100 390 
0.287 2 1 2 0 0.2000 0.2000 0.92 0.53 0.123 -0.001 0.1890 0.2137 100 380 
0.288 2 1 2 0 0.2000 0.2000 0.71 0.40 0.109 -0.033 0.2098 0.2261 100 390 
0.289 2 1 2 0 0.2000 0.2000 0.71 0.40 0.054 -0.047 0.2098 0.2261 100 370 
0.290 2 1 2 0 0.2000 0.2000 0.42 0.39 -0.020 -0.064 0.2382 0.2261 100 390 
0.291 2 1 2 0 0.2000 0.2000 0.42 0.73 -0.038 -0.069 0.2382 0.1919 100 390 
0.292 2 1 2 0 0.2000 0.2000 0.41 0.78 -0.094 0.071 0.2382 0.1876 100 390 
0.293 2 1 2 0 0.2000 0.2000 0.56 0.78 -0.066 0.228 0.2223 0.1876 100 390 
0.294 2 1 2 0 0.2000 0.2000 0.56 0.78 -0.063 0.160 0.2223 0.1876 100 380 
0.295 2 1 2 0 0.2000 0.2000 0.55 0.90 -0.068 0.097 0.2223 0.1761 100 380 
0.296 2 1 2 0 0.2000 0.2000 0.76 0.90 -0.081 0.113 0.2009 0.1761 100 390 
0.297 2 1 2 0 0.2000 0.2000 0.76 0.91 -0.032 0.139 0.2009 0.1761 100 380 
0.298 2 1 2 0 0.2000 0.2000 0.76 0.92 0.005 0.152 0.2009 0.1753 100 390 
0.299 2 1 2 0 0.2000 0.2000 0.94 0.98 0.031 0.219 0.1833 0.1702 100 390 
0.300 2 1 2 0 0.2000 0.2000 0.99 0.98 0.078 0.326 0.1790 0.1702 100 390 
0.301 2 1 2 0 0.2000 0.2000 0.99 0.99 0.109 0.145 0.1790 0.1702 100 380 
0.302 2 1 2 0 0.2000 0.2000 1.00 0.88 0.125 0.132 0.1790 0.1817 100 390 
0.303 2 1 3 0 0.1500 0.1500 0.43 0.28 0.124 0.129 0.1751 0.1817 100 390 
0.304 2 1 3 0 0.1500 0.1500 0.43 0.27 0.039 0.098 0.1751 0.1817 100 390 
0.305 2 1 3 0 0.1500 0.1500 0.42 0.22 -0.027 0.018 0.1751 0.1865 100 390 
0.306 2 1 3 0 0.1500 0.1500 0.42 0.21 -0.045 -0.024 0.1751 0.1865 100 370 
0.307 2 1 3 0 0.1500 0.1500 0.41 0.20 -0.094 -0.071 0.1751 0.1865 100 380 
0.308 2 1 3 0 0.1500 0.1500 0.41 0.01 -0.085 -0.084 0.1751 0.2049 100 390 
0.309 2 1 3 0 0.1500 0.1500 0.40 0.00 -0.089 -0.101 0.1751 0.2049 100 380 
0.310 2 1 3 0 0.1500 0.1500 0.55 -0.01 -0.083 -0.095 0.1606 0.2049 100 390 
0.311 2 1 3 0 0.1500 0.1500 0.54 0.19 -0.066 -0.095 0.1606 0.1837 100 380 
0.312 2 1 3 0 0.1500 0.1500 0.54 0.41 -0.078 -0.071 0.1606 0.1611 100 390 
0.313 2 1 3 0 0.1500 0.1500 0.54 0.41 -0.065 -0.058 0.1606 0.1611 100 370 
0.314 2 1 3 0 0.1500 0.1500 0.69 0.41 -0.058 -0.054 0.1456 0.1611 100 380 
0.315 2 1 3 0 0.1500 0.1500 0.75 0.41 -0.061 -0.035 0.1396 0.1611 100 390 
0.316 2 1 3 0 0.1500 0.1500 0.75 0.66 -0.005 0.003 0.1396 0.1353 100 390 
0.317 2 1 3 0 0.1500 0.1500 0.75 0.67 -0.022 -0.012 0.1396 0.1353 100 370 
0.318 2 1 3 0 0.1500 0.1500 0.76 0.67 0.032 0.005 0.1396 0.1353 100 380 
0.319 2 1 3 0 0.1500 0.1500 0.76 0.67 0.010 0.005 0.1392 0.1353 100 390 
0.320 2 1 3 0 0.1500 0.1500 0.76 0.68 0.070 -0.035 0.1392 0.1353 100 370 
0.321 2 1 3 0 0.1500 0.1500 0.77 0.83 0.051 0.013 0.1392 0.1208 100 390 
0.322 2 1 3 0 0.1500 0.1500 0.77 0.87 0.036 0.023 0.1392 0.1172 100 390 
0.323 2 1 3 0 0.1500 0.1500 0.74 0.87 0.048 0.088 0.1422 0.1172 100 390 
0.324 2 1 3 0 0.1500 0.1500 0.74 0.88 0.025 0.090 0.1422 0.1172 100 390 
0.325 2 1 3 0 0.1500 0.1500 0.74 0.89 0.037 0.213 0.1422 0.1172 100 380 
0.326 2 1 3 0 0.1500 0.1500 0.75 0.89 -0.013 0.237 0.1422 0.1172 100 380 
0.327 2 1 3 0 0.1500 0.1500 0.75 0.92 -0.025 0.173 0.1422 0.1154 100 390 
0.328 2 1 3 0 0.1500 0.1500 0.80 0.93 -0.025 0.152 0.1368 0.1154 100 390 
0.329 2 1 3 0 0.1500 0.1500 0.81 0.93 0.011 0.151 0.1368 0.1154 100 370 
0.330 2 1 3 0 0.1500 0.1500 0.81 0.94 0.071 0.178 0.1368 0.1154 100 380 
0.331 2 1 3 0 0.1500 0.1500 0.81 0.95 0.094 0.169 0.1368 0.1154 100 370 
0.332 2 1 3 0 0.1500 0.1500 0.90 0.90 0.079 0.208 0.1288 0.1207 100 390 
0.333 2 1 3 0 0.1500 0.1500 1.03 0.91 0.094 0.211 0.1153 0.1207 100 390 
0.334 2 1 3 0 0.1500 0.1500 1.04 0.91 0.101 0.174 0.1153 0.1207 100 380 
0.335 2 1 3 0 0.1500 0.1500 1.05 0.92 0.152 0.140 0.1153 0.1207 100 370 
0.336 2 1 3 0 0.1500 0.1500 1.06 0.70 0.149 0.113 0.1153 0.1428 100 390 
0.337 2 1 3 0 0.1500 0.1500 1.06 0.70 0.137 0.186 0.1153 0.1428 100 380 
0.338 2 1 3 0 0.1500 0.1500 1.00 0.70 0.147 0.109 0.1223 0.1428 100 390 
0.339 2 1 3 0 0.1500 0.1500 1.00 0.70 0.153 0.052 0.1223 0.1428 100 380 
0.340 2 1 3 0 0.1500 0.1500 1.01 0.60 0.128 0.031 0.1223 0.1534 100 390 
0.341 2 1 3 0 0.1500 0.1500 1.02 0.60 0.127 -0.010 0.1223 0.1534 100 380 
0.342 2 1 3 0 0.1500 0.1500 1.02 0.60 0.147 -0.020 0.1223 0.1534 100 390 
0.343 2 1 3 0 0.1500 0.1500 0.90 0.60 0.140 -0.054 0.1350 0.1534 100 390 
0.344 2 1 3 0 0.1500 0.1500 0.90 0.53 0.142 -0.021 0.1350 0.1602 100 390 
0.345 2 1 3 0 0.1500 0.1500 0.91 0.53 0.082 -0.024 0.1350 0.1602 100 360 
0.346 2 1 3 0 0.1500 0.1500 0.64 0.52 0.088 -0.062 0.1611 0.1602 100 390 
0.347 2 1 3 0 0.1500 0.1500 0.64 0.52 0.032 -0.026 0.1611 0.1602 100 380 
0.348 2 1 3 0 0.1500 0.1500 0.64 0.66 -0.008 -0.043 0.1611 0.1460 100 390 
0.349 2 1 3 0 0.1500 0.1500 0.64 0.66 -0.033 -0.019 0.1611 0.1460 100 380 
0.350 2 1 3 0 0.1500 0.1500 0.52 0.66 -0.047 -0.016 0.1730 0.1460 100 390 
0.351 2 1 3 0 0.1500 0.1500 0.51 0.67 -0.056 0.006 0.1730 0.1460 100 380 
0.352 2 1 3 0 0.1500 0.1500 0.51 0.64 -0.004 0.009 0.1730 0.1491 100 390 
0.353 2 1 3 0 0.1500 0.1500 0.52 0.64 -0.047 0.013 0.1713 0.1491 100 390 
0.354 2 1 3 0 0.1500 0.1500 0.51 0.64 -0.024 -0.009 0.1713 0.1491 100 370 
0.355 2 1 3 0 0.1500 0.1500 0.51 0.64 -0.040 0.021 0.1713 0.1491 100 380 
0.356 2 1 3 0 0.1500 0.1500 0.51 0.70 -0.103 -0.013 0.1713 0.1431 100 380 
0.357 2 1 3 0 0.1500 0.1500 0.70 0.92 -0.092 -0.019 0.1513 0.1206 100 390 
0.358 2 1 3 0 0.1500 0.1500 0.70 0.93 -0.067 0.021 0.1513 0.1206 100 380 
0.359 2 1 3 0 0.1500 0.1500 0.70 0.94 -0.035 0.098 0.1513 0.1206 100 370 
0.360 2 1 3 0 0.1500 0.1500 0.70 0.94 -0.024 0.124 0.1513 0.1206 100 390 
0.361 2 1 3 0 0.1500 0.1500 0.73 0.95 -0.005 0.137 0.1486 0.1206 100 380 
0.362 2 1 3 0 0.1500 0.1500 0.93 0.93 -0.011 0.155 0.1293 0.1226 100 390 
0.363 2 1 3 0 0.1500 0.1500 0.93 0.94 0.030 0.172 0.1293 0.1226 100 370 
0.364 2 1 3 0 0.1500 0.1500 0.93 0.94 0.071 0.172 0.1293 0.1226 100 380 
0.365 2 1 3 0 0.1500 0.1500 0.94 0.95 0.124 0.197 0.1293 0.1226 100 380 
0.366 2 1 3 0 0.1500 0.1500 0.94 0.95 0.187 0.159 0.1293 0.1226 100 380 
0.367 2 1 3 0 0.1500 0.1500 1.11 0.82 0.143 0.158 0.1130 0.1366 100 390 
0.368 2 1 3 0 0.1500 0.1500 1.29 0.82 0.130 0.163 0.0962 0.1366 100 390 
0.369 2 1 3 0 0.1500 0.1500 1.30 0.82 0.149 0.136 0.0962 0.1366 100 380 
0.370 2 1 3 0 0.1500 0.1500 1.31 0.57 0.161 0.149 0.0962 0.1617 100 380 
0.371 2 1 3 0 0.1500 0.1500 1.32 0.57 0.161 0.109 0.0962 0.1617 100 370 
0.372 2 1 3 0 0.1500 0.1500 1.33 0.57 0.176 0.012 0.0962 0.1617 100 370 
0.373 2 1 3 0 0.1500 0.1500 1.34 0.57 0.235 -0.036 0.0962 0.1617 100 390 
0.374 2 1 3 0 0.1500 0.1500 1.11 0.55 0.212 -0.034 0.1200 0.1627 100 380 
0.375 2 1 3 0 0.1500 0.1500 1.12 0.55 0.196 -0.052 0.1200 0.1627 100 380 
0.376 2 1 3 0 0.1500 0.1500 1.12 0.55 0.167 -0.062 0.1200 0.1627 100 370 
0.377 2 1 3 0 0.1500 0.1500 0.69 0.55 0.160 -0.057 0.1634 0.1627 100 390 
0.378 2 1 3 0 0.1500 0.1500 0.69 0.62 0.071 -0.080 0.1634 0.1550 100 380 
0.379 2 1 3 0 0.1500 0.1500 0.69 0.62 -0.010 -0.056 0.1634 0.1550 100 380 
0.380 2 1 3 0 0.1500 0.1500 0.34 0.62 -0.048 -0.032 0.1969 0.1550 100 390 
0.381 2 1 3 0 0.1500 0.1500 0.34 0.62 -0.051 -0.045 0.1969 0.1550 100 380 
0.382 2 1 3 0 0.1500 0.1500 0.33 0.78 -0.063 -0.032 0.1969 0.1395 100 390 
0.383 2 1 3 0 0.1500 0.1500 0.37 0.80 -0.099 0.000 0.1916 0.1374 100 390 
0.384 2 1 3 0 0.1500 0.1500 0.52 0.80 -0.080 0.071 0.1763 0.1374 100 390 
0.385 2 1 3 0 0.1500 0.1500 0.51 0.80 -0.073 0.107 0.1763 0.1374 100 380 
0.386 2 1 3 0 0.1500 0.1500 0.51 0.81 -0.081 0.110 0.1763 0.1374 100 380 
0.387 2 1 3 0 0.1500 0.1500 0.63 0.75 -0.085 0.113 0.1633 0.1429 100 390 
0.388 2 1 3 0 0.1500 0.1500 0.65 0.75 -0.108 0.129 0.1617 0.1429 100 390 
0.389 2 1 3 0 0.1500 0.1500 0.64 0.76 -0.034 0.067 0.1617 0.1429 100 380 
0.390 2 1 3 0 0.1500 0.1500 0.64 0.76 0.005 0.081 0.1617 0.1429 100 380 
0.391 2 1 3 0 0.1500 0.1500 0.72 0.81 -0.028 0.067 0.1539 0.1376 100 390 
0.392 2 1 3 0 0.1500 0.1500 0.72 0.81 -0.032 0.086 0.1539 0.1376 100 380 
0.393 2 1 3 0 0.1500 0.1500 0.71 0.82 -0.035 0.072 0.1539 0.1376 100 380 
0.394 2 1 3 0 0.1500 0.1500 0.71 0.82 -0.042 0.077 0.1539 0.1376 100 380 
0.395 2 1 3 0 0.1500 0.1500 0.73 0.82 -0.024 0.090 0.1518 0.1376 100 390 
0.396 2 1 3 0 0.1500 0.1500 0.91 0.78 -0.037 0.091 0.1345 0.1418 100 380 
0.397 2 1 3 0 0.1500 0.1500 0.91 0.78 0.029 0.101 0.1345 0.1418 100 370 
0.398 2 1 3 0 0.1500 0.1500 0.92 0.79 0.056 0.108 0.1345 0.1418 100 370 
0.399 2 1 3 0 0.1500 0.1500 0.92 0.79 0.079 0.111 0.1345 0.1418 100 380 
0.400 2 1 3 0 0.1500 0.1500 0.92 0.71 0.092 0.120 0.1345 0.1499 100 390 
0.401 2 1 3 0 0.1500 0.1500 1.16 0.71 0.082 0.115 0.1110 0.1499 100 390 
0.402 2 1 3 0 0.1500 0.1500 1.20 0.71 0.068 0.084 0.1084 0.1499 100 380 
0.403 2 1 3 0 0.1500 0.1500 1.21 0.59 0.145 0.044 0.1084 0.1610 100 390 
0.404 2 1 4 0 0.1000 0.1000 0.61 -0.01 0.215 -0.001 0.1084 0.1610 100 390 
0.405 2 1 4 0 0.1000 0.1000 0.61 -0.02 0.117 -0.026 0.1084 0.1610 100 370 
0.406 2 1 4 0 0.1000 0.1000 0.41 -0.04 0.100 -0.052 0.1273 0.1610 100 390 
0.407 2 1 4 0 0.1000 0.1000 0.41 0.09 0.014 -0.073 0.1273 0.1476 100 390 
0.408 2 1 4 0 0.1000 0.1000 0.40 0.10 -0.062 -0.049 0.1273 0.1454 100 390 
0.409 2 1 4 0 0.1000 0.1000 0.40 0.09 -0.067 -0.072 0.1273 0.1454 100 380 
0.410 2 1 4 0 0.1000 0.1000 0.39 0.08 -0.045 -0.053 0.1273 0.1454 100 370 
0.411 2 1 4 0 0.1000 0.1000 0.46 0.07 -0.032 -0.073 0.1196 0.1454 100 380 
0.412 2 1 4 0 0.1000 0.1000 0.57 0.21 -0.031 -0.075 0.1090 0.1303 100 380 
0.413 2 1 4 0 0.1000 0.1000 0.56 0.21 -0.051 -0.064 0.1090 0.1303 100 380 
0.414 2 1 4 0 0.1000 0.1000 0.56 0.20 -0.066 -0.096 0.1090 0.1303 100 380 
0.415 2 1 4 0 0.1000 0.1000 0.56 0.20 -0.071 -0.048 0.1090 0.1303 100 380 
0.416 2 1 4 0 0.1000 0.1000 0.56 0.19 -0.018 -0.054 0.1090 0.1303 100 390 
0.417 2 1 4 0 0.1000 0.1000 0.56 0.33 -0.022 -0.071 0.1090 0.1156 100 370 
0.418 2 1 4 0 0.1000 0.1000 0.71 0.35 -0.026 -0.047 0.0935 0.1139 100 390 
0.419 2 1 4 0 0.1000 0.1000 0.74 0.34 -0.011 -0.083 0.0907 0.1139 100 390 
0.420 2 1 4 0 0.1000 0.1000 0.74 0.34 -0.043 -0.077 0.0907 0.1139 100 370 
0.421 2 1 4 0 0.1000 0.1000 0.75 0.34 0.009 -0.049 0.0907 0.1139 100 370 
0.422 2 1 4 0 0.1000 0.1000 0.75 0.34 -0.006 -0.032 0.0907 0.1139 100 380 
0.423 2 1 4 0 0.1000 0.1000 0.75 0.40 0.012 -0.054 0.0907 0.1076 100 390 
0.424 2 1 4 0 0.1000 0.1000 0.75 0.40 0.042 -0.055 0.0907 0.1076 100 390 
0.425 2 1 4 0 0.1000 0.1000 0.77 0.39 0.028 -0.029 0.0895 0.1076 100 380 
0.426 2 1 4 0 0.1000 0.1000 0.88 0.39 0.071 -0.062 0.0782 0.1076 100 390 
0.427 2 1 4 0 0.1000 0.1000 0.89 0.39 0.068 -0.020 0.0782 0.1076 100 380 
0.428 2 1 4 0 0.1000 0.1000 0.89 0.39 0.106 -0.021 0.0782 0.1076 100 380 
0.429 2 1 4 0 0.1000 0.1000 0.90 0.49 0.193 -0.001 0.0782 0.0970 100 380 
0.430 2 1 4 0 0.1000 0.1000 0.90 0.63 0.101 -0.038 0.0782 0.0837 100 380 
0.431 2 1 4 0 0.1000 0.1000 0.90 0.71 0.157 -0.009 0.0782 0.0758 100 390 
0.432 2 1 4 0 0.1000 0.1000 0.64 0.72 0.079 -0.014 0.1053 0.0758 100 390 
0.433 2 1 4 0 0.1000 0.1000 0.63 0.72 0.056 0.040 0.1053 0.0758 100 370 
0.434 2 1 4 0 0.1000 0.1000 0.63 0.73 0.033 0.040 0.1053 0.0758 100 380 
0.435 2 1 4 0 0.1000 0.1000 0.63 0.73 0.014 0.081 0.1053 0.0758 100 380 
0.436 2 1 4 0 0.1000 0.1000 0.63 0.74 -0.024 0.077 0.1053 0.0758 100 390 
0.437 2 1 4 0 0.1000 0.1000 0.49 0.74 0.007 0.087 0.1195 0.0758 100 390 
0.438 2 1 4 0 0.1000 0.1000 0.48 0.75 0.003 0.130 0.1195 0.0758 100 380 
0.439 2 1 4 0 0.1000 0.1000 0.48 0.77 -0.068 0.139 0.1195 0.0739 100 380 
0.440 2 1 4 0 0.1000 0.1000 0.47 0.86 -0.012 0.138 0.1195 0.0659 100 370 
0.441 2 1 4 0 0.1000 0.1000 0.47 0.91 -0.019 0.147 0.1195 0.0609 100 390 
0.442 2 1 4 0 0.1000 0.1000 0.48 0.92 -0.020 0.170 0.1182 0.0609 100 380 
0.443 2 1 4 0 0.1000 0.1000 0.67 0.93 0.018 0.181 0.0990 0.0609 100 380 
0.444 2 1 4 0 0.1000 0.1000 0.76 0.94 -0.001 0.195 0.0903 0.0609 100 390 
0.445 2 1 4 0 0.1000 0.1000 0.76 0.95 0.004 0.217 0.0903 0.0609 100 380 
0.446 2 1 4 0 0.1000 0.1000 0.76 0.95 0.049 0.216 0.0903 0.0609 100 380 
0.447 2 1 4 0 0.1000 0.1000 0.76 0.96 0.044 0.199 0.0903 0.0609 100 380 
0.448 2 1 4 0 0.1000 0.1000 0.77 0.65 0.014 0.208 0.0903 0.0930 100 390 
0.449 2 1 4 0 0.1000 0.1000 0.77 0.65 0.109 0.200 0.0903 0.0930 100 380 
0.450 2 1 4 0 0.1000 0.1000 0.77 0.65 0.044 0.104 0.0903 0.0930 100 380 
0.451 2 1 4 0 0.1000 0.1000 0.85 0.65 0.084 0.036 0.0822 0.0930 100 380 
0.452 2 1 4 0 0.1000 0.1000 0.96 0.25 0.134 0.006 0.0724 0.1325 100 390 
0.453 2 1 4 0 0.1000 0.1000 1.04 0.24 0.151 0.000 0.0647 0.1325 100 380 
0.454 2 1 4 0 0.1000 0.1000 1.11 0.24 0.108 0.009 0.0585 0.1325 100 380 
0.455 2 1 4 0 0.1000 0.1000 1.17 0.23 0.132 -0.019 0.0534 0.1325 100 380 
0.456 2 1 4 0 0.1000 0.1000 1.22 0.23 0.151 -0.020 0.0495 0.1325 100 390 
0.457 2 1 4 0 0.1000 0.1000 1.23 0.35 0.236 -0.052 0.0495 0.1191 100 380 
0.458 2 1 4 0 0.1000 0.1000 1.24 0.47 0.222 -0.047 0.0495 0.1073 100 390 
0.459 2 1 4 0 0.1000 0.1000 1.25 0.47 0.299 -0.043 0.0495 0.1073 100 380 
0.460 2 1 4 0 0.1000 0.1000 1.26 0.47 0.258 -0.017 0.0495 0.1073 100 380 
0.461 2 1 4 0 0.1000 0.1000 1.27 0.47 0.173 -0.017 0.0495 0.1073 100 370 
0.462 2 1 4 0 0.1000 0.1000 1.28 0.46 0.234 -0.035 0.0495 0.1073 100 380 
0.463 2 1 4 0 0.1000 0.1000 0.91 0.46 0.227 -0.051 0.0869 0.1073 100 390 
0.464 2 1 4 0 0.1000 0.1000 0.91 0.59 0.189 0.014 0.0869 0.0946 100 380 
0.465 2 1 4 0 0.1000 0.1000 0.92 0.70 0.189 0.003 0.0869 0.0841 100 390 
0.466 2 1 4 0 0.1000 0.1000 0.92 0.70 0.121 -0.002 0.0869 0.0841 100 380 
0.467 2 1 4 0 0.1000 0.1000 0.92 0.70 0.116 0.025 0.0869 0.0841 100 380 
0.468 2 1 4 0 0.1000 0.1000 0.57 0.70 0.048 0.064 0.1216 0.0841 100 400 
0.469 2 1 4 0 0.1000 0.1000 0.57 0.71 0.104 0.064 0.1216 0.0841 100 380 
0.470 2 1 4 0 0.1000 0.1000 0.56 0.71 0.010 0.037 0.1216 0.0841 100 380 
0.471 2 1 4 0 0.1000 0.1000 0.56 0.71 -0.060 0.099 0.1216 0.0841 100 370 
0.472 2 1 4 0 0.1000 0.1000 0.56 0.72 -0.031 0.101 0.1216 0.0841 100 390 
0.473 2 1 4 0 0.1000 0.1000 0.45 0.78 -0.072 0.070 0.1312 0.0784 100 390 
0.474 2 1 4 0 0.1000 0.1000 0.45 0.78 -0.081 0.092 0.1312 0.0784 100 370 
0.475 2 1 4 0 0.1000 0.1000 0.44 0.79 -0.023 0.132 0.1312 0.0784 100 380 
0.476 2 1 4 0 0.1000 0.1000 0.43 0.79 -0.031 0.147 0.1312 0.0784 100 390 
0.477 2 1 4 0 0.1000 0.1000 0.43 0.80 -0.006 0.180 0.1312 0.0784 100 380 
0.478 2 1 4 0 0.1000 0.1000 0.56 0.80 -0.041 0.137 0.1179 0.0784 100 390 
0.479 2 1 4 0 0.1000 0.1000 0.55 0.60 -0.043 0.112 0.1179 0.0990 100 390 
0.480 2 1 4 0 0.1000 0.1000 0.55 0.60 -0.062 0.095 0.1179 0.0990 100 390 
0.481 2 1 4 0 0.1000 0.1000 0.55 0.60 -0.073 0.029 0.1179 0.0990 100 380 
0.482 2 1 4 0 0.1000 0.1000 0.54 0.60 -0.071 -0.010 0.1179 0.0990 100 360 
0.483 2 1 4 0 0.1000 0.1000 0.57 0.60 -0.062 -0.005 0.1146 0.0990 100 400 
0.484 2 1 4 0 0.1000 0.1000 0.57 0.60 -0.072 -0.008 0.1143 0.0990 100 390 
0.485 2 1 4 0 0.1000 0.1000 0.57 0.62 -0.028 -0.017 0.1143 0.0966 100 380 
0.486 2 1 4 0 0.1000 0.1000 0.57 0.67 -0.035 -0.036 0.1143 0.0915 100 380 
0.487 2 1 4 0 0.1000 0.1000 0.56 0.68 -0.051 -0.009 0.1143 0.0915 100 370 
0.488 2 1 4 0 0.1000 0.1000 0.56 0.68 -0.028 0.032 0.1143 0.0915 100 380 
0.489 2 1 4 0 0.1000 0.1000 0.66 0.68 -0.046 0.045 0.1038 0.0915 100 390 
0.490 2 1 4 0 0.1000 0.1000 0.66 0.68 -0.005 0.050 0.1038 0.0915 100 380 
0.491 2 1 4 0 0.1000 0.1000 0.66 0.68 -0.021 0.051 0.1038 0.0915 100 380 
0.492 2 1 4 0 0.1000 0.1000 0.66 0.69 -0.009 0.063 0.1038 0.0915 100 390 
0.493 2 1 4 0 0.1000 0.1000 0.66 0.81 0.003 0.049 0.1038 0.0796 100 380 
0.494 2 1 4 0 0.1000 0.1000 0.66 0.90 0.012 0.061 0.1038 0.0704 100 380 
0.495 2 1 4 0 0.1000 0.1000 0.70 0.98 -0.033 0.118 0.0993 0.0631 100 370 
0.496 2 1 4 0 0.1000 0.1000 0.85 1.03 0.044 0.181 0.0854 0.0592 100 390 
0.497 2 1 4 0 0.1000 0.1000 0.93 1.04 0.083 0.208 0.0770 0.0592 100 390 
0.498 2 1 4 0 0.1000 0.1000 0.94 1.05 0.139 0.248 0.0770 0.0592 100 380 
0.499 2 1 4 0 0.1000 0.1000 0.94 1.05 0.174 0.246 0.0770 0.0592 100 380 
0.500 2 1 4 0 0.1000 0.1000 0.95 1.06 0.227 0.277 0.0770 0.0592 100 370 
0.501 2 1 4 0 0.1000 0.1000 0.95 1.07 0.139 0.274 0.0770 0.0592 100 370 
0.502 2 1 4 0 0.1000 0.1000 0.96 1.08 0.200 0.250 0.0770 0.0592 100 380 
0.503 2 1 4 0 0.1000 0.1000 0.96 1.09 0.157 0.261 0.0770 0.0592 100 380 
0.504 2 1 4 0 0.1000 0.1000 0.97 0.95 0.223 0.243 0.0770 0.0731 100 390 
0.505 2 1 5 0 0.0500 0.0500 0.40 0.35 0.183 0.221 0.0740 0.0731 100 380 
0.506 2 1 5 0 0.0500 0.0500 0.47 0.35 0.098 0.181 0.0660 0.0731 100 380 
0.507 2 1 5 0 0.0500 0.0500 0.53 0.35 0.001 0.072 0.0595 0.0731 100 380 
0.508 2 1 5 0 0.0500 0.0500 0.59 0.34 -0.011 0.034 0.0542 0.0731 100 390 
0.509 2 1 5 0 0.0500 0.0500 0.62 0.34 0.006 -0.006 0.0505 0.0731 100 390 
0.510 2 1 5 0 0.0500 0.0500 0.62 -0.07 -0.013 -0.024 0.0505 0.1126 100 390 
0.511 2 1 5 0 0.0500 0.0500 0.62 -0.08 -0.005 -0.072 0.0505 0.1126 100 370 
0.512 2 1 5 0 0.0500 0.0500 0.62 -0.09 -0.002 -0.107 0.0505 0.1126 100 390 
0.513 2 1 5 0 0.0500 0.0500 0.62 -0.10 -0.011 -0.085 0.0505 0.1126 100 370 
0.514 2 1 5 0 0.0500 0.0500 0.62 -0.12 -0.019 -0.064 0.0505 0.1126 100 370 
0.515 2 1 5 0 0.0500 0.0500 0.62 -0.08 -0.023 -0.049 0.0505 0.1080 100 370 
0.516 2 1 5 0 0.0500 0.0500 0.62 0.07 -0.023 -0.045 0.0505 0.0917 100 390 
0.517 2 1 5 0 0.0500 0.0500 0.62 0.18 -0.039 0.014 0.0505 0.0797 100 380 
0.518 2 1 5 0 0.0500 0.0500 0.62 0.27 -0.005 0.005 0.0505 0.0705 100 370 
0.519 2 1 5 0 0.0500 0.0500 0.62 0.34 0.013 -0.008 0.0505 0.0632 100 370 
0.520 2 1 5 0 0.0500 0.0500 0.62 0.38 -0.020 -0.014 0.0505 0.0586 100 390 
0.521 2 1 5 0 0.0500 0.0500 0.63 0.38 -0.006 -0.025 0.0500 0.0586 100 380 
0.522 2 1 5 0 0.0500 0.0500 0.67 0.38 -0.013 0.007 0.0462 0.0586 100 370 
0.523 2 1 5 0 0.0500 0.0500 0.70 0.38 0.014 -0.001 0.0429 0.0586 100 380 
0.524 2 1 5 0 0.0500 0.0500 0.73 0.38 -0.015 -0.018 0.0401 0.0586 100 390 
0.525 2 1 5 0 0.0500 0.0500 0.76 0.38 0.033 -0.007 0.0376 0.0586 100 380 
0.526 2 1 5 0 0.0500 0.0500 0.78 0.37 0.065 0.013 0.0354 0.0586 100 380 
0.527 2 1 5 0 0.0500 0.0500 0.80 0.37 0.060 -0.001 0.0335 0.0586 100 370 
0.528 2 1 5 0 0.0500 0.0500 0.82 0.37 0.127 0.003 0.0317 0.0586 100 370 
0.529 2 1 5 0 0.0500 0.0500 0.84 0.37 0.158 0.019 0.0302 0.0586 100 380 
0.530 2 1 5 0 0.0500 0.0500 0.86 0.37 0.138 0.003 0.0287 0.0586 100 380 
0.531 2 1 5 0 0.0500 0.0500 0.88 0.41 0.130 0.022 0.0274 0.0541 100 380 
0.532 2 1 5 0 0.0500 0.0500 0.90 0.45 0.117 -0.003 0.0263 0.0497 100 390 
0.533 2 1 5 0 0.0500 0.0500 0.91 0.49 0.163 0.005 0.0252 0.0460 100 380 
0.534 2 1 5 0 0.0500 0.0500 0.93 0.53 0.182 -0.006 0.0242 0.0427 100 370 
0.535 2 1 5 0 0.0500 0.0500 0.94 0.56 0.131 -0.005 0.0232 0.0399 100 380 
0.536 2 1 5 0 0.0500 0.0500 0.95 0.58 0.162 -0.005 0.0224 0.0375 100 390 
0.537 2 1 5 0 0.0500 0.0500 0.97 0.61 0.146 0.008 0.0216 0.0353 100 380 
0.538 2 1 5 0 0.0500 0.0500 0.98 0.63 0.185 0.028 0.0209 0.0334 100 380 
0.539 2 1 5 0 0.0500 0.0500 0.99 0.65 0.239 0.033 0.0202 0.0316 100 380 
0.540 2 1 5 0 0.0500 0.0500 1.01 0.67 0.214 0.025 0.0195 0.0301 100 390 
0.541 2 1 5 0 0.0500 0.0500 1.02 0.69 0.176 -0.018 0.0189 0.0286 100 380 
0.542 2 1 5 0 0.0500 0.0500 1.03 0.70 0.212 0.025 0.0183 0.0274 100 380 
0.543 2 1 5 0 0.0500 0.0500 1.04 0.72 0.236 0.029 0.0178 0.0262 100 380 
0.544 2 1 5 0 0.0500 0.0500 1.05 0.74 0.242 0.051 0.0173 0.0251 100 390 
0.545 2 1 5 0 0.0500 0.0500 1.06 0.75 0.199 0.072 0.0168 0.0241 100 380 
0.546 2 1 5 0 0.0500 0.0500 1.08 0.77 0.200 0.035 0.0164 0.0232 100 380 
0.547 2 1 5 0 0.0500 0.0500 1.09 0.78 0.208 0.083 0.0159 0.0223 100 380 
0.548 2 1 5 0 0.0500 0.0500 1.10 0.79 0.176 0.126 0.0157 0.0215 100 390 
0.549 2 1 5 0 0.0500 0.0500 1.10 0.81 0.183 0.101 0.0157 0.0208 100 380 
0.550 2 1 5 0 0.0500 0.0500 1.11 0.82 0.172 0.227 0.0157 0.0201 100 380 
0.551 2 1 5 0 0.0500 0.0500 1.12 0.83 0.180 0.252 0.0157 0.0195 100 380 
0.552 2 1 5 0 0.0500 0.0500 1.12 0.84 0.204 0.188 0.0157 0.0189 100 370 
0.553 2 1 5 0 0.0500 0.0500 1.13 0.86 0.192 0.155 0.0157 0.0183 100 380 
0.554 2 1 5 0 0.0500 0.0500 1.14 0.87 0.185 0.139 0.0157 0.0178 100 390 
0.555 2 1 5 0 0.0500 0.0500 0.36 0.88 0.212 0.139 0.0938 0.0173 100 390 
0.556 2 1 5 0 0.0500 0.0500 0.35 0.89 0.138 0.118 0.0938 0.0170 100 380 
0.557 2 1 5 0 0.0500 0.0500 0.34 0.90 0.050 0.174 0.0938 0.0170 100 370 
0.558 2 1 5 0 0.0500 0.0500 0.33 0.90 0.013 0.221 0.0938 0.0170 100 380 
0.559 2 1 5 0 0.0500 0.0500 0.32 0.91 -0.057 0.190 0.0938 0.0170 100 380 
0.560 2 1 5 0 0.0500 0.0500 0.09 0.92 -0.055 0.172 0.1162 0.0170 100 380 
0.561 2 1 5 0 0.0500 0.0500 0.07 0.92 -0.058 0.189 0.1162 0.0170 100 370 
0.562 2 1 5 0 0.0500 0.0500 0.06 0.15 -0.039 0.172 0.1162 0.0944 100 380 
0.563 2 1 5 0 0.0500 0.0500 0.05 0.14 -0.043 0.204 0.1162 0.0944 100 370 
0.564 2 1 5 0 0.0500 0.0500 0.03 0.13 -0.054 0.056 0.1162 0.0944 100 390 
0.565 2 1 5 0 0.0500 0.0500 0.09 0.12 -0.068 0.043 0.1090 0.0944 100 380 
0.566 2 1 5 0 0.0500 0.0500 0.13 0.11 -0.070 -0.016 0.1039 0.0944 100 380 
0.567 2 1 5 0 0.0500 0.0500 0.12 0.10 -0.065 -0.032 0.1039 0.0944 100 390 
0.568 2 1 5 0 0.0500 0.0500 0.11 -0.14 -0.041 -0.042 0.1039 0.1179 100 380 
0.569 2 1 5 0 0.0500 0.0500 0.10 -0.16 -0.046 -0.128 0.1039 0.1179 100 380 
0.570 2 1 5 0 0.0500 0.0500 0.09 -0.17 -0.078 -0.096 0.1039 0.1179 100 370 
0.571 2 1 5 0 0.0500 0.0500 0.08 -0.18 -0.035 -0.095 0.1039 0.1179 100 370 
0.572 2 1 5 0 0.0500 0.0500 0.14 -0.20 -0.038 -0.023 0.0970 0.1179 100 390 
0.573 2 1 5 0 0.0500 0.0500 0.13 -0.06 -0.052 -0.025 0.0970 0.1032 100 380 
0.574 2 1 5 0 0.0500 0.0500 0.12 0.08 -0.051 -0.029 0.0970 0.0882 100 370 
0.575 2 1 5 0 0.0500 0.0500 0.11 0.18 -0.051 0.044 0.0970 0.0770 100 390 
0.576 2 1 5 0 0.0500 0.0500 0.10 0.26 -0.043 0.037 0.0970 0.0684 100 370 
0.577 2 1 5 0 0.0500 0.0500 0.09 0.31 -0.068 -0.016 0.0970 0.0638 100 390 
0.578 2 1 5 0 0.0500 0.0500 0.11 0.30 -0.049 -0.033 0.0943 0.0638 100 390 
0.579 2 1 5 0 0.0500 0.0500 0.23 0.30 -0.056 -0.020 0.0817 0.0638 100 380 
0.580 2 1 5 0 0.0500 0.0500 0.30 0.30 -0.016 0.014 0.0741 0.0638 100 380 
0.581 2 1 5 0 0.0500 0.0500 0.29 0.30 -0.013 -0.012 0.0741 0.0638 100 380 
0.582 2 1 5 0 0.0500 0.0500 0.29 0.29 -0.034 -0.021 0.0741 0.0638 100 360 
0.583 2 1 5 0 0.0500 0.0500 0.28 0.29 -0.070 -0.005 0.0741 0.0638 100 370 
0.584 2 1 5 0 0.0500 0.0500 0.28 0.29 -0.020 0.009 0.0741 0.0638 100 390 
0.585 2 1 5 0 0.0500 0.0500 0.27 0.28 -0.012 -0.021 0.0741 0.0638 100 380 
0.586 2 1 5 0 0.0500 0.0500 0.27 0.28 -0.022 -0.020 0.0741 0.0638 100 380 
0.587 2 1 5 0 0.0500 0.0500 0.26 0.33 -0.009 -0.016 0.0741 0.0587 100 380 
0.588 2 1 5 0 0.0500 0.0500 0.26 0.38 -0.001 0.009 0.0739 0.0536 100 380 
0.589 2 1 5 0 0.0500 0.0500 0.34 0.42 -0.025 -0.002 0.0659 0.0492 100 380 
0.590 2 1 5 0 0.0500 0.0500 0.40 0.46 0.001 -0.005 0.0595 0.0455 100 380 
0.591 2 1 5 0 0.0500 0.0500 0.45 0.49 -0.005 0.012 0.0542 0.0424 100 380 
0.592 2 1 5 0 0.0500 0.0500 0.49 0.52 -0.007 -0.002 0.0497 0.0396 100 390 
0.593 2 1 5 0 0.0500 0.0500 0.53 0.55 0.000 0.000 0.0460 0.0372 100 380 
0.594 2 1 5 0 0.0500 0.0500 0.57 0.57 0.031 -0.017 0.0428 0.0351 100 380 
0.595 2 1 5 0 0.0500 0.0500 0.59 0.60 0.003 -0.003 0.0399 0.0331 100 380 
0.596 2 1 5 0 0.0500 0.0500 0.62 0.62 -0.024 -0.005 0.0375 0.0314 100 390 
0.597 2 1 5 0 0.0500 0.0500 0.65 0.64 -0.013 0.001 0.0353 0.0299 100 370 
0.598 2 1 5 0 0.0500 0.0500 0.67 0.66 -0.021 0.015 0.0334 0.0285 100 380 
0.599 2 1 5 0 0.0500 0.0500 0.69 0.67 -0.024 0.013 0.0316 0.0272 100 380 
0.600 2 1 5 0 0.0500 0.0500 0.71 0.69 0.012 -0.013 0.0301 0.0260 100 390 
0.601 2 1 5 0 0.0500 0.0500 0.73 0.70 0.012 -0.016 0.0287 0.0250 100 380 
0.602 2 1 5 0 0.0500 0.0500 0.74 0.72 0.037 -0.040 0.0274 0.0240 100 380 
0.603 2 1 5 0 0.0500 0.0500 0.76 0.73 0.062 0.011 0.0262 0.0231 100 370 
0.604 2 1 5 0 0.0500 0.0500 0.78 0.75 0.060 0.079 0.0251 0.0222 100 380 
0.605 2 1 5 0 0.0500 0.0500 0.79 0.76 0.048 0.136 0.0241 0.0215 100 380 
0.606 2 1 6 0 0.0000 0.0000 0.20 0.17 0.106 0.267 0.0232 0.0207 100 350 
0.607 2 1 6 0 0.0000 0.0000 0.21 0.17 0.086 0.170 0.0223 0.0200 100 350 
0.608 2 1 6 0 0.0000 0.0000 0.21 0.17 0.027 0.079 0.0216 0.0194 100 350 
0.609 2 1 6 0 0.0000 0.0000 0.21 0.18 0.012 0.046 0.0208 0.0188 100 340 
0.610 2 1 6 0 0.0000 0.0000 0.21 0.18 0.007 0.033 0.0201 0.0182 100 350 
0.611 2 1 6 0 0.0000 0.0000 0.22 0.18 0.012 0.006 0.0195 0.0177 100 350 
0.612 2 1 6 0 0.0000 0.0000 0.22 0.18 0.020 -0.001 0.0189 0.0172 100 350 
0.613 2 1 6 0 0.0000 0.0000 0.22 0.18 0.022 -0.025 0.0183 0.0167 100 350 
0.614 2 1 6 0 0.0000 0.0000 0.22 0.18 0.014 0.034 0.0178 0.0163 100 350 
0.615 2 1 6 0 0.0000 0.0000 0.23 0.18 -0.013 0.006 0.0173 0.0159 100 350 
0.616 2 1 6 0 0.0000 0.0000 0.23 0.19 0.014 0.001 0.0168 0.0155 100 350 
0.617 2 1 6 0 0.0000 0.0000 0.23 0.19 -0.001 0.015 0.0163 0.0151 100 350 
0.618 2 1 6 0 0.0000 0.0000 0.23 0.19 -0.018 0.006 0.0159 0.0147 100 340 
0.619 2 1 6 0 0.0000 0.0000 0.23 0.19 0.013 -0.032 0.0155 0.0144 100 350 
0.620 2 1 6 0 0.0000 0.0000 0.23 0.19 -0.002 -0.016 0.0151 0.0140 100 350 
0.621 2 1 6 0 0.0000 0.0000 0.23 0.19 -0.010 0.003 0.0148 0.0137 100 350 
0.622 2 1 6 0 0.0000 0.0000 0.23 0.19 -0.004 0.043 0.0144 0.0134 100 350 
0.623 2 1 6 0 0.0000 0.0000 0.23 0.19 0.013 -0.006 0.0141 0.0131 100 350 
0.624 2 1 6 0 0.0000 0.0000 0.23 0.19 0.006 -0.003 0.0138 0.0128 100 350 
0.625 2 1 6 0 0.0000 0.0000 0.23 0.19 -0.013 -0.002 0.0135 0.0126 100 340 
0.626 2 1 6 0 0.0000 0.0000 0.23 0.19 -0.016 -0.005 0.0132 0.0123 100 350 
0.627 2 1 6 0 0.0000 0.0000 0.23 0.19 -0.017 -0.015 0.0129 0.0121 100 350 
0.628 2 1 6 0 0.0000 0.0000 0.23 0.19 -0.011 -0.008 0.0126 0.0118 100 350 
0.629 2 1 6 0 0.0000 0.0000 0.23 0.19 0.005 0.003 0.0124 0.0116 100 350 
0.630 2 1 6 0 0.0000 0.0000 0.23 0.19 -0.035 0.006 0.0121 0.0114 100 350 
0.631 2 1 6 0 0.0000 0.0000 0.23 0.19 0.002 0.003 0.0119 0.0112 100 350 
0.632 2 1 6 0 0.0000 0.0000 0.23 0.19 -0.028 0.015 0.0116 0.0110 100 350 
0.633 2 1 6 0 0.0000 0.0000 0.23 0.19 0.005 -0.021 0.0114 0.0108 100 350 
0.634 2 1 6 0 0.0000 0.0000 0.23 0.19 0.034 -0.045 0.0112 0.0106 100 350 
0.635 2 1 6 0 0.0000 0.0000 0.23 0.19 0.016 -0.032 0.0110 0.0104 100 350 
0.636 2 1 6 0 0.0000 0.0000 0.23 0.19 0.026 -0.022 0.0108 0.0103 100 350 
0.637 2 1 6 0 0.0000 0.0000 0.23 0.19 0.005 -0.045 0.0106 0.0101 100 350 
0.638 2 1 6 0 0.0000 0.0000 0.23 0.19 -0.016 -0.006 0.0104 0.0099 100 350 
0.639 2 1 6 0 0.0000 0.0000 0.44 0.19 -0.005 -0.035 -0.0103 0.0098 100 360 
0.640 2 1 6 0 0.0000 0.0000 0.44 0.19 0.012 -0.008 -0.0103 0.0096 100 350 
0.641 2 1 6 0 0.0000 0.0000 0.44 0.19 0.014 -0.020 -0.0103 0.0095 100 350 
0.642 2 1 6 0 0.0000 0.0000 0.45 0.18 0.025 -0.039 -0.0103 0.0093 100 350 
0.643 2 1 6 0 0.0000 0.0000 0.45 0.18 -0.006 0.000 -0.0103 0.0092 100 350 
0.644 2 1 6 0 0.0000 0.0000 0.45 0.18 -0.025 -0.014 -0.0103 0.0090 100 350 
0.645 2 1 6 0 0.0000 0.0000 0.45 0.18 -0.017 -0.023 -0.0103 0.0089 100 350 
0.646 2 1 6 0 0.0000 0.0000 0.45 0.18 0.014 -0.009 -0.0103 0.0088 100 350 
0.647 2 1 6 0 0.0000 0.0000 0.46 0.18 -0.005 -0.016 -0.0103 0.0086 100 350 
0.648 2 1 6 0 0.0000 0.0000 0.46 0.18 -0.001 -0.018 -0.0103 0.0085 100 350 
0.649 2 1 6 0 0.0000 0.0000 0.46 0.18 -0.021 -0.020 -0.0103 0.0084 100 350 
0.650 2 1 6 0 0.0000 0.0000 0.46 0.18 -0.013 -0.009 -0.0103 0.0083 100 350 
0.651 2 1 6 0 0.0000 0.0000 0.46 0.18 -0.030 0.025 -0.0103 0.0082 100 350 
0.652 2 1 6 0 0.0000 0.0000 0.47 0.18 -0.015 0.024 -0.0103 0.0081 100 350 
0.653 2 1 6 0 0.0000 0.0000 0.47 0.18 -0.004 -0.009 -0.0103 0.0080 100 350 
0.654 2 1 6 0 0.0000 0.0000 0.47 0.18 0.003 0.000 -0.0103 0.0079 100 350 
0.655 2 1 6 0 0.0000 0.0000 0.47 0.18 0.012 -0.001 -0.0103 0.0078 100 350 
0.656 2 1 6 0 0.0000 0.0000 0.47 0.18 0.018 0.004 -0.0103 0.0077 100 350 
0.657 2 1 6 0 0.0000 0.0000 0.48 0.18 -0.008 -0.013 -0.0103 0.0076 100 350 
0.658 2 1 6 0 0.0000 0.0000 0.48 0.18 0.005 -0.024 -0.0103 0.0075 100 350 
0.659 2 1 6 0 0.0000 0.0000 0.48 0.18 -0.014 0.014 -0.0103 0.0074 100 340 
0.660 2 1 6 0 0.0000 0.0000 0.48 0.18 -0.030 0.000 -0.0103 0.0073 100 350 
0.661 2 1 6 0 0.0000 0.0000 0.48 0.17 -0.039 0.006 -0.0103 0.0072 100 350 
0.662 2 1 6 0 0.0000 0.0000 0.49 0.17 -0.009 -0.010 -0.0103 0.0071 100 340 
0.663 2 1 6 0 0.0000 0.0000 0.49 0.17 0.015 -0.016 -0.0103 0.0070 100 340 
0.664 2 1 6 0 0.0000 0.0000 0.49 0.17 0.005 -0.003 -0.0103 0.0070 100 350 
0.665 2 1 6 0 0.0000 0.0000 0.49 0.17 0.019 -0.015 -0.0103 0.0069 100 350 
0.666 2 1 6 0 0.0000 0.0000 0.49 0.17 -0.012 -0.007 -0.0103 0.0068 100 350 
0.667 2 1 6 0 0.0000 0.0000 0.50 0.17 0.006 -0.016 -0.0103 0.0067 100 350 
0.668 2 1 6 0 0.0000 0.0000 0.50 0.17 -0.006 0.028 -0.0103 0.0067 100 350 
0.669 2 1 6 0 0.0000 0.0000 0.50 0.17 -0.005 -0.014 -0.0103 0.0066 100 350 
0.670 2 1 6 0 0.0000 0.0000 0.50 0.17 -0.022 -0.006 -0.0103 0.0065 100 350 
0.671 2 1 6 0 0.0000 0.0000 0.51 0.17 -0.003 -0.002 -0.0103 0.0064 100 350 
0.672 2 1 6 0 0.0000 0.0000 0.51 0.17 0.025 0.002 -0.0103 0.0064 100 340 
0.673 2 1 6 0 0.0000 0.0000 0.51 0.17 0.044 -0.020 -0.0103 0.0063 100 350 
0.674 2 1 6 0 0.0000 0.0000 0.51 0.17 0.016 -0.024 -0.0103 0.0063 100 350 
0.675 2 1 6 0 0.0000 0.0000 0.51 0.17 0.027 0.014 -0.0103 0.0062 100 350 
0.676 2 1 6 0 0.0000 0.0000 0.52 0.17 0.006 -0.017 -0.0103 0.0061 100 340 
0.677 2 1 6 0 0.0000 0.0000 0.52 0.17 0.018 -0.031 -0.0103 0.0061 100 350 
0.678 2 1 6 0 0.0000 0.0000 0.52 0.17 0.024 -0.046 -0.0103 0.0060 100 350 
0.679 2 1 6 0 0.0000 0.0000 0.52 0.16 -0.022 -0.019 -0.0103 0.0059 100 350 
0.680 2 1 6 0 0.0000 0.0000 0.52 0.16 -0.007 -0.013 -0.0103 0.0059 100 350 
0.681 2 1 6 0 0.0000 0.0000 0.53 0.16 -0.013 -0.011 -0.0103 0.0058 100 350 
0.682 2 1 6 0 0.0000 0.0000 0.53 0.16 -0.036 -0.005 -0.0103 0.0058 100 350 
0.683 2 1 6 0 0.0000 0.0000 0.53 0.16 -0.009 -0.014 -0.0103 0.0057 100 340 
0.684 2 1 6 0 0.0000 0.0000 0.53 0.16 -0.009 -0.035 -0.0103 0.0057 100 350 
0.685 2 1 6 0 0.0000 0.0000 0.54 0.16 -0.002 -0.020 -0.0103 0.0056 100 340 
0.686 2 1 6 0 0.0000 0.0000 0.54 0.16 0.014 -0.035 -0.0103 0.0056 100 350 
0.687 2 1 6 0 0.0000 0.0000 0.54 0.16 -0.009 -0.020 -0.0103 0.0055 100 350 
0.688 2 1 6 0 0.0000 0.0000 0.54 0.16 -0.004 -0.011 -0.0103 0.0055 100 350 
0.689 2 1 6 0 0.0000 0.0000 0.54 0.16 0.000 -0.001 -0.0103 0.0054 100 340 
0.690 2 1 6 0 0.0000 0.0000 0.55 0.16 0.016 0.001 -0.0103 0.0054 100 350 
0.691 2 1 6 0 0.0000 0.0000 0.55 0.16 0.021 -0.013 -0.0103 0.0053 100 350 
0.692 2 1 6 0 0.0000 0.0000 0.55 0.16 0.011 -0.006 -0.0103 0.0053 100 350 
0.693 2 1 6 0 0.0000 0.0000 0.55 0.16 -0.032 0.014 -0.0103 0.0052 100 350 
0.694 2 1 6 0 0.0000 0.0000 0.55 0.15 -0.011 0.020 -0.0103 0.0052 100 350 
0.695 2 1 6 0 0.0000 0.0000 0.56 0.15 0.015 0.019 -0.0103 0.0051 100 340 
0.696 2 1 6 0 0.0000 0.0000 0.56 0.15 -0.032 0.031 -0.0103 0.0051 100 340 
0.697 2 1 6 0 0.0000 0.0000 0.56 0.15 -0.010 0.006 -0.0103 0.0051 100 350 
0.698 2 1 6 0 0.0000 0.0000 0.56 0.15 0.018 -0.024 -0.0103 0.0050 100 350 
0.699 2 1 6 0 0.0000 0.0000 0.56 0.15 0.007 -0.007 -0.0101 0.0050 100 340 
0.700 2 1 6 0 0.0000 0.0000 0.56 0.15 -0.014 -0.009 -0.0099 0.0049 100 350 
0.701 2 1 6 0 0.0000 0.0000 0.56 0.15 -0.003 0.002 -0.0098 0.0049 100 350 
0.702 2 1 6 0 0.0000 0.0000 0.56 0.15 -0.020 -0.035 -0.0096 0.0049 100 340 
0.703 2 1 6 0 0.0000 0.0000 0.56 0.15 0.014 0.025 -0.0095 0.0048 100 350 
0.704 2 1 6 0 0.0000 0.0000 0.56 0.15 0.002 -0.008 -0.0093 0.0048 100 350 
0.705 2 1 6 0 0.0000 0.0000 0.56 0.15 0.016 0.010 -0.0092 0.0047 100 350 
0.706 2 1 6 0 0.0000 0.0000 0.56 0.15 -0.009 0.004 -0.0090 0.0047 100 350 
0.707 2 1 6 0 0.0000 0.0000 0.56 0.15 -0.017 0.009 -0.0089 0.0047 100 330 
0.708 2 1 6 0 0.0000 0.0000 0.56 0.15 -0.063 0.006 -0.0088 0.0046 100 350 
0.709 2 1 6 0 0.0000 0.0000 0.57 0.15 -0.034 -0.020 -0.0087 0.0046 100 350 
0.710 2 1 6 0 0.0000 0.0000 0.57 0.15 -0.022 -0.010 -0.0085 0.0046 100 350 
0.711 2 1 6 0 0.0000 0.0000 0.57 0.14 -0.006 -0.016 -0.0084 0.0045 100 350 
0.712 2 1 6 0 0.0000 0.0000 0.57 0.14 -0.021 -0.005 -0.0083 0.0045 100 350 
0.713 2 1 6 0 0.0000 0.0000 0.57 0.14 -0.021 0.014 -0.0082 0.0045 100 350 
0.714 2 1 6 0 0.0000 0.0000 0.57 0.14 -0.001 0.006 -0.0081 0.0044 100 350 
0.715 2 1 6 0 0.0000 0.0000 0.57 0.14 -0.008 -0.017 -0.0080 0.0044 100 350 
0.716 2 1 6 0 0.0000 0.0000 0.57 0.14 -0.036 -0.016 -0.0079 0.0044 100 340 
0.717 2 1 6 0 0.0000 0.0000 0.57 0.14 0.012 -0.043 -0.0078 0.0043 100 350 
0.718 2 1 6 0 0.0000 0.0000 0.57 0.14 0.023 0.006 -0.0077 0.0043 100 350 
0.719 2 1 6 0 0.0000 0.0000 0.57 0.14 -0.013 0.003 -0.0076 0.0043 100 350 
0.720 2 1 6 0 0.0000 0.0000 0.57 0.14 0.003 -0.024 -0.0075 0.0042 100 350 
0.721 2 1 6 0 0.0000 0.0000 0.57 0.14 0.008 -0.002 -0.0074 0.0042 100 350 
0.722 2 1 6 0 0.0000 0.0000 0.57 0.14 -0.010 -0.001 -0.0073 0.0042 100 340 
0.723 2 1 6 0 0.0000 0.0000 0.57 0.14 0.010 0.003 -0.0072 0.0042 100 350 
0.724 2 1 6 0 0.0000 0.0000 0.57 0.14 -0.006 0.003 -0.0071 0.0041 100 340 
0.725 2 1 6 0 0.0000 0.0000 0.57 0.14 -0.027 -0.009 -0.0071 0.0041 100 350 
0.726 2 1 6 0 0.0000 0.0000 0.57 0.14 -0.022 0.013 -0.0070 0.0041 100 350 
0.727 2 1 6 0 0.0000 0.0000 0.58 0.14 -0.022 0.005 -0.0069 0.0040 100 350 
0.728 2 1 6 0 0.0000 0.0000 0.58 0.14 -0.020 -0.019 -0.0068 0.0040 100 340 
0.729 2 1 6 0 0.0000 0.0000 0.58 0.14 -0.009 0.001 -0.0067 0.0040 100 350 
0.730 2 1 6 0 0.0000 0.0000 0.58 0.14 -0.030 -0.001 -0.0067 0.0040 100 350 
0.731 2 1 6 0 0.0000 0.0000 0.58 0.13 -0.002 -0.013 -0.0066 0.0039 100 340 
0.732 2 1 6 0 0.0000 0.0000 0.58 0.13 0.013 -0.020 -0.0065 0.0039 100 350 
0.733 2 1 6 0 0.0000 0.0000 0.58 0.13 0.022 0.001 -0.0065 0.0039 100 350 
0.734 2 1 6 0 0.0000 0.0000 0.58 0.13 0.029 -0.014 -0.0064 0.0039 100 350 
0.735 2 1 6 0 0.0000 0.0000 0.58 0.13 0.000 -0.038 -0.0063 0.0038 100 350 
0.736 2 1 6 0 0.0000 0.0000 0.58 0.13 -0.014 -0.020 -0.0063 0.0038 100 350 
0.737 2 1 6 0 0.0000 0.0000 0.58 0.13 -0.038 0.001 -0.0062 0.0038 100 350 
0.738 2 1 6 0 0.0000 0.0000 0.58 0.13 0.005 -0.025 -0.0061 0.0038 100 350 
0.739 2 1 6 0 0.0000 0.0000 0.58 0.13 -0.014 -0.028 -0.0061 0.0037 100 350 
0.740 2 1 6 0 0.0000 0.0000 0.58 0.13 -0.017 0.004 -0.0060 0.0037 100 350 
0.741 2 1 6 0 0.0000 0.0000 0.58 0.13 -0.014 0.003 -0.0060 0.0037 100 350 
0.742 2 1 6 0 0.0000 0.0000 0.58 0.13 -0.017 -0.013 -0.0059 0.0037 100 340 
0.743 2 1 6 0 0.0000 0.0000 0.58 0.13 0.016 -0.006 -0.0058 0.0037 100 350 
0.744 2 1 6 0 0.0000 0.0000 0.59 0.13 0.007 0.002 -0.0058 0.0036 100 330 
0.745 2 1 6 0 0.0000 0.0000 0.59 0.13 -0.007 0.023 -0.0057 0.0036 100 350 
0.746 2 1 6 0 0.0000 0.0000 0.59 0.13 0.010 0.011 -0.0057 0.0036 100 350 
0.747 2 1 6 0 0.0000 0.0000 0.59 0.13 0.000 -0.013 -0.0056 0.0036 100 350 
0.748 2 1 6 0 0.0000 0.0000 0.59 0.13 0.015 0.025 -0.0056 0.0036 100 340 
0.749 2 1 6 0 0.0000 0.0000 0.59 0.12 -0.020 -0.005 -0.0055 0.0035 100 350 
0.750 2 1 6 0 0.0000 0.0000 0.59 0.12 0.000 0.010 -0.0055 0.0035 100 350 
0.751 2 1 6 0 0.0000 0.0000 0.59 0.12 -0.001 0.017 -0.0054 0.0035 100 340 
0.752 2 1 6 0 0.0000 0.0000 0.59 0.12 -0.009 -0.001 -0.0054 0.0035 100 340 
0.753 2 1 6 0 0.0000 0.0000 0.59 0.12 -0.004 0.015 -0.0053 0.0035 100 350 
