%% logfile from robot Liv (36)
% Liv (36)
%  1    time 0.000 sec
%  2  3  4  5   (mission 0), state 2, entered (thread 1, line 0), events 0x0 (bit-flags)
%  6  7 Motor velocity ref left, right: 0.3000 0.3000
%  8  9 Motor voltage [V] left, right: 3.63 3.63
% 10 11 Motor current left, right [A]: -0.062 -0.091
% 12 13 Wheel velocity [m/s] left, right: -0.0000 0.0000
% 14 15 Get data time [us]: 100 +ctrl 450
0.001 2 1 0 0 0.3000 0.3000 3.69 3.69 0.291 0.127 -0.0000 0.0000 100 330 
0.002 2 1 0 0 0.3000 0.3000 3.75 3.75 0.689 0.465 -0.0000 0.0000 100 340 
0.003 2 1 0 0 0.3000 0.3000 3.81 3.81 0.753 0.727 -0.0000 0.0000 100 330 
0.004 2 1 0 0 0.3000 0.3000 3.87 3.87 0.855 0.882 -0.0000 0.0000 100 330 
0.005 2 1 0 0 0.3000 0.3000 3.93 3.93 0.840 0.975 0.0000 0.0000 100 370 
0.006 2 1 0 0 0.3000 0.3000 3.99 3.99 0.961 1.013 0.0000 0.0000 100 360 
0.007 2 1 0 0 0.3000 0.3000 4.05 4.05 1.049 1.022 0.0000 0.0000 100 380 
0.008 2 1 0 0 0.3000 0.3000 4.11 4.11 1.086 1.025 0.0000 0.0000 100 340 
0.009 2 1 0 0 0.3000 0.3000 2.43 1.33 1.095 1.056 0.1719 0.2812 100 350 
0.010 2 1 0 0 0.3000 0.3000 2.46 1.33 0.954 0.944 0.1719 0.2812 100 350 
0.011 2 1 0 0 0.3000 0.3000 1.43 0.46 0.800 0.632 0.2766 0.3676 100 350 
0.012 2 1 0 0 0.3000 0.3000 1.43 0.45 0.524 0.392 0.2766 0.3676 100 360 
0.013 2 1 0 0 0.3000 0.3000 1.01 0.19 0.345 0.116 0.3190 0.3921 100 370 
0.014 2 1 0 0 0.3000 0.3000 0.59 0.10 0.239 -0.048 0.3597 0.3988 100 360 
0.015 2 1 0 0 0.3000 0.3000 0.58 0.08 0.109 -0.100 0.3597 0.3988 100 360 
0.016 2 1 0 0 0.3000 0.3000 0.43 0.19 -0.039 -0.149 0.3733 0.3861 100 360 
0.017 2 1 0 0 0.3000 0.3000 0.42 0.32 -0.094 -0.123 0.3733 0.3718 100 400 
0.018 2 1 0 0 0.3000 0.3000 0.48 0.30 -0.122 -0.153 0.3657 0.3718 100 390 
0.019 2 1 0 0 0.3000 0.3000 0.58 0.41 -0.145 -0.164 0.3541 0.3598 100 360 
0.020 2 1 0 0 0.3000 0.3000 0.57 0.40 -0.165 -0.164 0.3541 0.3598 100 350 
0.021 2 1 0 0 0.3000 0.3000 0.66 0.67 -0.144 -0.165 0.3444 0.3318 100 370 
0.022 2 1 0 0 0.3000 0.3000 0.65 0.66 -0.126 -0.147 0.3444 0.3318 100 360 
0.023 2 1 0 0 0.3000 0.3000 0.76 0.92 -0.066 -0.068 0.3325 0.3057 100 360 
0.024 2 1 0 0 0.3000 0.3000 0.76 0.92 -0.025 -0.036 0.3325 0.3057 100 350 
0.025 2 1 0 0 0.3000 0.3000 0.98 1.03 -0.055 0.053 0.3096 0.2945 100 360 
0.026 2 1 0 0 0.3000 0.3000 0.98 1.03 0.014 0.086 0.3096 0.2945 100 360 
0.027 2 1 0 0 0.3000 0.3000 1.13 0.98 -0.010 0.137 0.2940 0.3002 100 360 
0.028 2 1 0 0 0.3000 0.3000 1.14 0.98 0.121 0.155 0.2940 0.3002 100 350 
0.029 2 1 0 0 0.3000 0.3000 1.11 0.90 0.099 0.115 0.2965 0.3077 100 360 
0.030 2 1 0 0 0.3000 0.3000 1.11 0.90 0.127 0.101 0.2965 0.3077 100 360 
0.031 2 1 0 0 0.3000 0.3000 0.99 0.83 0.205 0.099 0.3089 0.3145 100 360 
0.032 2 1 0 0 0.3000 0.3000 0.99 0.83 0.156 0.109 0.3089 0.3145 100 360 
0.033 2 1 0 0 0.3000 0.3000 0.88 0.73 0.094 0.084 0.3192 0.3236 100 360 
0.034 2 1 0 0 0.3000 0.3000 0.88 0.73 0.132 0.078 0.3192 0.3236 100 350 
0.035 2 1 0 0 0.3000 0.3000 0.82 0.67 0.159 0.055 0.3244 0.3292 100 350 
0.036 2 1 0 0 0.3000 0.3000 0.81 0.71 0.040 0.047 0.3244 0.3242 100 400 
0.037 2 1 0 0 0.3000 0.3000 0.67 0.71 0.056 0.038 0.3385 0.3242 100 390 
0.038 2 1 0 0 0.3000 0.3000 0.67 0.79 0.003 0.016 0.3380 0.3157 100 360 
0.039 2 1 0 0 0.3000 0.3000 0.66 0.78 -0.044 0.036 0.3380 0.3157 100 350 
0.040 2 1 0 0 0.3000 0.3000 0.78 0.77 -0.074 0.050 0.3247 0.3168 100 360 
0.041 2 1 0 0 0.3000 0.3000 0.78 0.77 -0.065 0.037 0.3247 0.3168 100 350 
0.042 2 1 0 0 0.3000 0.3000 0.97 0.72 -0.088 0.042 0.3049 0.3206 100 350 
0.043 2 1 0 0 0.3000 0.3000 0.97 0.72 0.087 0.056 0.3049 0.3206 100 340 
0.044 2 1 0 0 0.3000 0.3000 1.03 0.69 0.159 0.034 0.2989 0.3233 100 350 
0.045 2 1 0 0 0.3000 0.3000 1.03 0.68 0.176 0.039 0.2989 0.3233 100 340 
0.046 2 1 0 0 0.3000 0.3000 0.98 0.68 0.178 0.011 0.3040 0.3236 100 360 
0.047 2 1 0 0 0.3000 0.3000 0.98 0.67 0.231 0.008 0.3040 0.3236 100 350 
0.048 2 1 0 0 0.3000 0.3000 0.90 0.65 0.147 -0.014 0.3119 0.3252 100 350 
0.049 2 1 0 0 0.3000 0.3000 0.90 0.65 0.102 0.009 0.3119 0.3252 100 350 
0.050 2 1 0 0 0.3000 0.3000 0.83 0.68 0.117 -0.040 0.3186 0.3216 100 360 
0.051 2 1 0 0 0.3000 0.3000 0.82 0.67 0.106 -0.036 0.3186 0.3216 100 340 
0.052 2 1 0 0 0.3000 0.3000 0.72 0.80 0.018 -0.026 0.3287 0.3089 100 360 
0.053 2 1 0 0 0.3000 0.3000 0.71 0.80 0.041 -0.018 0.3287 0.3089 100 360 
0.054 2 1 0 0 0.3000 0.3000 0.69 0.90 -0.025 0.077 0.3304 0.2983 100 360 
0.055 2 1 0 0 0.3000 0.3000 0.68 0.90 0.069 0.084 0.3304 0.2983 100 340 
0.056 2 1 0 0 0.3000 0.3000 0.84 0.89 -0.046 0.082 0.3138 0.2997 100 350 
0.057 2 1 0 0 0.3000 0.3000 0.84 0.89 0.087 0.070 0.3138 0.2997 100 350 
0.058 2 1 0 0 0.3000 0.3000 0.98 0.79 0.008 0.086 0.2995 0.3094 100 360 
0.059 2 1 0 0 0.3000 0.3000 0.98 0.79 0.126 0.089 0.2995 0.3094 100 350 
0.060 2 1 0 0 0.3000 0.3000 1.01 0.73 0.101 0.070 0.2971 0.3147 100 330 
0.061 2 1 0 0 0.3000 0.3000 1.01 0.73 0.135 0.096 0.2971 0.3147 100 360 
0.062 2 1 0 0 0.3000 0.3000 0.94 0.71 0.181 0.060 0.3042 0.3162 100 360 
0.063 2 1 0 0 0.3000 0.3000 0.94 0.71 0.173 0.058 0.3042 0.3162 100 350 
0.064 2 1 0 0 0.3000 0.3000 0.85 0.67 0.064 0.006 0.3124 0.3201 100 350 
0.065 2 1 0 0 0.3000 0.3000 0.85 0.66 0.037 0.014 0.3124 0.3201 100 360 
0.066 2 1 0 0 0.3000 0.3000 0.77 0.68 0.108 0.007 0.3201 0.3183 100 340 
0.067 2 1 0 0 0.3000 0.3000 0.77 0.73 0.091 -0.030 0.3201 0.3123 100 350 
0.068 2 1 0 0 0.3000 0.3000 0.65 0.78 0.076 0.002 0.3311 0.3075 100 350 
0.069 2 1 0 0 0.3000 0.3000 0.64 0.78 -0.014 0.021 0.3315 0.3075 100 390 
0.070 2 1 0 0 0.3000 0.3000 0.64 0.89 -0.027 0.048 0.3315 0.2958 100 380 
0.071 2 1 0 0 0.3000 0.3000 0.77 0.89 -0.027 0.026 0.3172 0.2958 100 380 
0.072 2 1 0 0 0.3000 0.3000 0.77 0.93 0.022 0.082 0.3172 0.2926 100 380 
0.073 2 1 0 0 0.3000 0.3000 0.97 0.93 -0.025 0.107 0.2969 0.2926 100 380 
0.074 2 1 0 0 0.3000 0.3000 0.97 0.86 -0.001 0.117 0.2969 0.2993 100 380 
0.075 2 1 0 0 0.3000 0.3000 1.04 0.86 0.018 0.128 0.2905 0.2993 100 390 
0.076 2 1 0 0 0.3000 0.3000 1.04 0.81 0.061 0.123 0.2905 0.3047 100 380 
0.077 2 1 0 0 0.3000 0.3000 0.96 0.81 0.129 0.103 0.2982 0.3047 100 400 
0.078 2 1 0 0 0.3000 0.3000 0.96 0.79 0.128 0.135 0.2982 0.3066 100 390 
0.079 2 1 0 0 0.3000 0.3000 0.96 0.79 0.056 0.063 0.2982 0.3066 100 380 
0.080 2 1 0 0 0.3000 0.3000 0.88 0.74 0.039 0.083 0.3063 0.3107 100 380 
0.081 2 1 0 0 0.3000 0.3000 0.79 0.74 0.062 0.031 0.3150 0.3107 100 390 
0.082 2 1 0 0 0.3000 0.3000 0.79 0.77 0.094 0.064 0.3150 0.3077 100 390 
0.083 2 1 0 0 0.3000 0.3000 0.74 0.77 0.122 -0.025 0.3201 0.3077 100 380 
0.084 2 1 0 0 0.3000 0.3000 0.73 0.84 0.040 0.029 0.3201 0.3003 100 380 
0.085 2 1 0 0 0.3000 0.3000 0.71 0.84 0.034 0.031 0.3223 0.3003 100 390 
0.086 2 1 0 0 0.3000 0.3000 0.70 0.94 0.014 0.065 0.3223 0.2909 100 380 
0.087 2 1 0 0 0.3000 0.3000 0.86 0.94 0.012 0.086 0.3066 0.2909 100 380 
0.088 2 1 0 0 0.3000 0.3000 0.85 0.89 0.042 0.119 0.3066 0.2960 100 380 
0.089 2 1 0 0 0.3000 0.3000 1.01 0.89 0.046 0.123 0.2908 0.2960 100 390 
0.090 2 1 0 0 0.3000 0.3000 1.01 0.81 0.015 0.131 0.2908 0.3035 100 380 
0.091 2 1 0 0 0.3000 0.3000 1.01 0.81 0.140 0.079 0.2914 0.3035 100 390 
0.092 2 1 0 0 0.3000 0.3000 1.01 0.78 0.145 0.071 0.2914 0.3065 100 390 
0.093 2 1 0 0 0.3000 0.3000 0.92 0.78 0.096 0.112 0.3009 0.3065 100 390 
0.094 2 1 0 0 0.3000 0.3000 0.92 0.77 0.075 0.104 0.3009 0.3078 100 380 
0.095 2 1 0 0 0.3000 0.3000 0.86 0.77 0.124 0.110 0.3068 0.3078 100 380 
0.096 2 1 0 0 0.3000 0.3000 0.86 0.71 0.113 0.081 0.3068 0.3128 100 380 
0.097 2 1 0 0 0.3000 0.3000 0.79 0.71 0.079 0.048 0.3135 0.3128 100 390 
0.098 2 1 0 0 0.3000 0.3000 0.79 0.69 0.079 0.071 0.3135 0.3140 100 380 
0.099 2 1 0 0 0.3000 0.3000 0.69 0.69 0.045 0.014 0.3230 0.3137 100 370 
0.100 2 1 0 0 0.3000 0.3000 0.68 0.78 0.017 0.025 0.3230 0.3050 100 380 
0.101 2 1 1 0 0.4000 0.4000 1.91 1.99 0.027 -0.001 0.3210 0.3050 100 390 
0.102 2 1 1 0 0.4000 0.4000 1.92 2.11 0.110 0.079 0.3210 0.2948 100 390 
0.103 2 1 1 0 0.4000 0.4000 2.14 2.13 0.304 0.175 0.3013 0.2948 100 390 
0.104 2 1 1 0 0.4000 0.4000 2.16 2.10 0.383 0.288 0.3013 0.2998 100 390 
0.105 2 1 1 0 0.4000 0.4000 2.16 2.12 0.318 0.334 0.3033 0.2998 100 400 
0.106 2 1 1 0 0.4000 0.4000 2.18 1.89 0.405 0.336 0.3033 0.3251 100 390 
0.107 2 1 1 0 0.4000 0.4000 1.89 1.62 0.458 0.354 0.3333 0.3530 100 360 
0.108 2 1 1 0 0.4000 0.4000 1.57 1.63 0.431 0.348 0.3669 0.3530 100 380 
0.109 2 1 1 0 0.4000 0.4000 1.57 1.43 0.292 0.311 0.3669 0.3742 100 400 
0.110 2 1 1 0 0.4000 0.4000 1.34 1.29 0.243 0.243 0.3901 0.3879 100 360 
0.111 2 1 1 0 0.4000 0.4000 1.35 1.29 0.266 0.214 0.3901 0.3879 100 360 
0.112 2 1 1 0 0.4000 0.4000 1.19 1.14 0.189 0.119 0.4060 0.4032 100 350 
0.113 2 1 1 0 0.4000 0.4000 1.02 1.14 0.281 0.145 0.4229 0.4034 100 370 
0.114 2 1 1 0 0.4000 0.4000 1.00 1.14 0.120 0.117 0.4244 0.4034 100 390 
0.115 2 1 1 0 0.4000 0.4000 0.99 1.09 0.083 0.066 0.4244 0.4086 100 380 
0.116 2 1 1 0 0.4000 0.4000 1.09 1.00 0.075 0.039 0.4139 0.4170 100 360 
0.117 2 1 1 0 0.4000 0.4000 1.14 1.00 0.109 0.056 0.4086 0.4170 100 380 
0.118 2 1 1 0 0.4000 0.4000 1.14 0.88 0.085 0.029 0.4086 0.4280 100 390 
0.119 2 1 1 0 0.4000 0.4000 1.11 0.86 0.086 0.029 0.4121 0.4293 100 360 
0.120 2 1 1 0 0.4000 0.4000 1.02 0.86 0.083 0.086 0.4206 0.4293 100 390 
0.121 2 1 1 0 0.4000 0.4000 1.01 0.85 0.079 0.071 0.4206 0.4294 100 400 
0.122 2 1 1 0 0.4000 0.4000 0.98 0.85 0.067 0.090 0.4231 0.4293 100 350 
0.123 2 1 1 0 0.4000 0.4000 1.00 0.94 0.060 0.029 0.4208 0.4188 100 350 
0.124 2 1 1 0 0.4000 0.4000 1.00 0.81 0.037 -0.032 0.4208 0.4314 100 350 
0.125 2 1 1 0 0.4000 0.4000 0.85 0.86 0.117 0.075 0.4350 0.4261 100 360 
0.126 2 1 1 0 0.4000 0.4000 0.84 0.92 0.067 0.018 0.4354 0.4200 100 350 
0.127 2 1 1 0 0.4000 0.4000 0.90 0.91 0.087 -0.051 0.4287 0.4200 100 400 
0.128 2 1 1 0 0.4000 0.4000 0.89 0.86 0.077 0.026 0.4287 0.4245 100 390 
0.129 2 1 1 0 0.4000 0.4000 0.98 0.82 0.057 0.042 0.4192 0.4282 100 350 
0.130 2 1 1 0 0.4000 0.4000 1.01 0.82 0.056 0.033 0.4164 0.4282 100 390 
0.131 2 1 1 0 0.4000 0.4000 1.01 0.80 0.093 -0.004 0.4164 0.4294 100 380 
0.132 2 1 1 0 0.4000 0.4000 0.98 0.80 0.090 -0.061 0.4188 0.4287 100 360 
0.133 2 1 1 0 0.4000 0.4000 0.97 0.77 0.080 -0.041 0.4191 0.4317 100 350 
0.134 2 1 1 0 0.4000 0.4000 0.97 0.76 0.084 -0.069 0.4191 0.4317 100 360 
0.135 2 1 1 0 0.4000 0.4000 0.96 0.74 0.059 -0.087 0.4198 0.4328 100 340 
0.136 2 1 1 0 0.4000 0.4000 0.88 0.82 0.085 -0.134 0.4270 0.4243 100 350 
0.137 2 1 1 0 0.4000 0.4000 0.91 0.81 0.090 -0.032 0.4239 0.4243 100 360 
0.138 2 1 1 0 0.4000 0.4000 0.83 0.88 0.055 0.022 0.4307 0.4170 100 360 
0.139 2 1 1 0 0.4000 0.4000 0.95 0.87 0.059 0.016 0.4183 0.4180 100 350 
0.140 2 1 1 0 0.4000 0.4000 1.01 0.87 0.054 0.001 0.4118 0.4180 100 380 
0.141 2 1 1 0 0.4000 0.4000 1.01 0.82 0.030 0.024 0.4118 0.4222 100 380 
0.142 2 1 1 0 0.4000 0.4000 1.00 0.83 0.060 0.006 0.4127 0.4212 100 350 
0.143 2 1 1 0 0.4000 0.4000 0.96 0.82 0.041 0.064 0.4166 0.4212 100 390 
0.144 2 1 1 0 0.4000 0.4000 0.95 0.86 0.022 0.067 0.4166 0.4174 100 390 
0.145 2 1 1 0 0.4000 0.4000 0.94 0.81 0.075 -0.025 0.4180 0.4214 100 350 
0.146 2 1 1 0 0.4000 0.4000 0.92 0.81 0.074 0.109 0.4191 0.4214 100 390 
0.147 2 1 1 0 0.4000 0.4000 0.92 0.81 0.072 0.091 0.4191 0.4205 100 380 
0.148 2 1 1 0 0.4000 0.4000 0.83 0.89 0.075 -0.023 0.4275 0.4130 100 350 
0.149 2 1 1 0 0.4000 0.4000 0.81 0.95 0.037 0.025 0.4287 0.4058 100 350 
0.150 2 1 1 0 0.4000 0.4000 0.81 0.95 -0.020 0.112 0.4287 0.4058 100 350 
0.151 2 1 1 0 0.4000 0.4000 0.88 0.98 -0.011 0.094 0.4210 0.4033 100 360 
0.152 2 1 1 0 0.4000 0.4000 0.98 0.98 0.025 0.091 0.4109 0.4033 100 380 
0.153 2 1 1 0 0.4000 0.4000 0.97 0.92 -0.001 0.078 0.4109 0.4093 100 380 
0.154 2 1 1 0 0.4000 0.4000 1.02 0.91 0.025 0.098 0.4064 0.4093 100 350 
0.155 2 1 1 0 0.4000 0.4000 0.96 0.94 0.052 0.081 0.4114 0.4067 100 350 
0.156 2 1 1 0 0.4000 0.4000 0.96 0.94 0.082 0.080 0.4114 0.4067 100 350 
0.157 2 1 1 0 0.4000 0.4000 0.97 0.88 0.060 0.067 0.4108 0.4126 100 350 
0.158 2 1 1 0 0.4000 0.4000 0.94 0.90 0.093 0.048 0.4137 0.4098 100 350 
0.159 2 1 1 0 0.4000 0.4000 0.93 0.90 0.121 0.065 0.4137 0.4098 100 350 
0.160 2 1 1 0 0.4000 0.4000 0.91 0.94 0.049 -0.017 0.4160 0.4061 100 360 
0.161 2 1 1 0 0.4000 0.4000 0.84 1.02 0.045 -0.061 0.4223 0.3973 100 350 
0.162 2 1 1 0 0.4000 0.4000 0.96 1.02 0.001 -0.085 0.4103 0.3973 100 380 
0.163 2 1 1 0 0.4000 0.4000 0.95 0.97 0.017 -0.044 0.4103 0.4027 100 380 
0.164 2 1 1 0 0.4000 0.4000 1.04 0.91 0.009 -0.028 0.4011 0.4082 100 360 
0.165 2 1 1 0 0.4000 0.4000 1.03 0.91 0.021 -0.013 0.4025 0.4082 100 380 
0.166 2 1 1 0 0.4000 0.4000 1.03 0.94 0.040 -0.001 0.4025 0.4057 100 380 
0.167 2 1 1 0 0.4000 0.4000 0.95 0.94 0.014 0.037 0.4101 0.4050 100 360 
0.168 2 1 1 0 0.4000 0.4000 0.97 0.94 0.030 0.181 0.4086 0.4050 100 390 
0.169 2 1 1 0 0.4000 0.4000 0.96 0.88 0.046 0.164 0.4086 0.4107 100 390 
0.170 2 1 1 0 0.4000 0.4000 0.95 0.83 0.037 0.184 0.4101 0.4151 100 360 
0.171 2 1 1 0 0.4000 0.4000 0.86 0.83 0.057 0.098 0.4186 0.4151 100 390 
0.172 2 1 1 0 0.4000 0.4000 0.86 0.91 0.034 0.054 0.4186 0.4076 100 380 
0.173 2 1 1 0 0.4000 0.4000 0.81 0.98 0.028 0.130 0.4232 0.4001 100 350 
0.174 2 1 1 0 0.4000 0.4000 0.90 0.98 0.038 0.253 0.4138 0.4001 100 380 
0.175 2 1 1 0 0.4000 0.4000 0.89 0.94 0.005 0.219 0.4138 0.4045 100 390 
0.176 2 1 1 0 0.4000 0.4000 1.03 0.86 0.037 0.274 0.3998 0.4115 100 350 
0.177 2 1 1 0 0.4000 0.4000 1.02 0.86 0.051 0.158 0.4009 0.4115 100 390 
0.178 2 1 1 0 0.4000 0.4000 1.02 0.85 0.062 0.206 0.4009 0.4124 100 390 
0.179 2 1 1 0 0.4000 0.4000 0.99 0.85 0.045 0.125 0.4044 0.4120 100 350 
0.180 2 1 1 0 0.4000 0.4000 0.99 0.85 0.079 0.191 0.4039 0.4120 100 380 
0.181 2 1 1 0 0.4000 0.4000 0.99 0.83 0.095 0.098 0.4039 0.4139 100 390 
0.182 2 1 1 0 0.4000 0.4000 0.96 0.77 0.054 0.112 0.4065 0.4192 100 350 
0.183 2 1 1 0 0.4000 0.4000 0.88 0.77 0.054 0.162 0.4141 0.4192 100 390 
0.184 2 1 1 0 0.4000 0.4000 0.88 0.87 0.075 -0.020 0.4141 0.4088 100 370 
0.185 2 1 1 0 0.4000 0.4000 0.86 0.91 0.053 0.068 0.4162 0.4045 100 340 
0.186 2 1 1 0 0.4000 0.4000 0.96 0.91 0.034 -0.009 0.4061 0.4045 100 370 
0.187 2 1 1 0 0.4000 0.4000 0.95 0.91 0.009 0.100 0.4061 0.4039 100 390 
0.188 2 1 1 0 0.4000 0.4000 1.04 0.86 0.027 0.155 0.3973 0.4091 100 350 
0.189 2 1 1 0 0.4000 0.4000 1.03 0.86 0.062 0.204 0.3988 0.4091 100 370 
0.190 2 1 1 0 0.4000 0.4000 1.03 0.84 0.056 0.153 0.3988 0.4107 100 390 
0.191 2 1 1 0 0.4000 0.4000 0.98 0.86 0.044 0.136 0.4040 0.4081 100 350 
0.192 2 1 1 0 0.4000 0.4000 0.96 0.86 0.080 0.181 0.4053 0.4081 100 390 
0.193 2 1 1 0 0.4000 0.4000 0.96 0.82 0.071 0.113 0.4053 0.4119 100 390 
0.194 2 1 1 0 0.4000 0.4000 0.98 0.78 0.122 0.107 0.4036 0.4163 100 340 
0.195 2 1 1 0 0.4000 0.4000 0.85 0.77 0.087 -0.048 0.4161 0.4163 100 390 
0.196 2 1 1 0 0.4000 0.4000 0.85 0.84 0.059 -0.114 0.4161 0.4093 100 380 
0.197 2 1 1 0 0.4000 0.4000 0.84 0.96 0.040 -0.009 0.4167 0.3973 100 350 
0.198 2 1 1 0 0.4000 0.4000 0.91 0.96 0.009 0.025 0.4095 0.3973 100 390 
0.199 2 1 1 0 0.4000 0.4000 0.90 0.93 -0.002 0.037 0.4095 0.4005 100 380 
0.200 2 1 1 0 0.4000 0.4000 1.00 0.88 0.030 0.048 0.3994 0.4055 100 360 
0.201 2 1 1 0 0.4000 0.4000 1.03 0.88 0.031 0.064 0.3972 0.4055 100 400 
0.202 2 1 2 0 0.6000 0.6000 3.45 3.27 0.072 0.061 0.3972 0.4084 100 390 
0.203 2 1 2 0 0.6000 0.6000 3.46 3.29 0.241 0.139 0.4000 0.4095 100 360 
0.204 2 1 2 0 0.6000 0.6000 3.43 3.33 0.447 0.349 0.4072 0.4095 100 390 
0.205 2 1 2 0 0.6000 0.6000 3.47 3.21 0.599 0.484 0.4072 0.4258 100 370 
0.206 2 1 2 0 0.6000 0.6000 3.21 2.93 0.687 0.531 0.4367 0.4567 100 350 
0.207 2 1 2 0 0.6000 0.6000 2.88 2.65 0.697 0.607 0.4718 0.4874 100 340 
0.208 2 1 2 0 0.6000 0.6000 2.68 2.42 0.548 0.541 0.4946 0.5116 100 360 
0.209 2 1 2 0 0.6000 0.6000 2.54 2.44 0.497 0.525 0.5111 0.5116 100 390 
0.210 2 1 2 0 0.6000 0.6000 2.32 2.17 0.471 0.473 0.5340 0.5401 100 390 
0.211 2 1 2 0 0.6000 0.6000 2.33 1.90 0.369 0.439 0.5340 0.5682 100 400 
0.212 2 1 2 0 0.6000 0.6000 2.09 1.77 0.331 0.499 0.5596 0.5819 100 370 
0.213 2 1 2 0 0.6000 0.6000 1.86 1.68 0.300 0.400 0.5832 0.5909 100 370 
0.214 2 1 2 0 0.6000 0.6000 1.72 1.53 0.262 0.372 0.5974 0.6056 100 350 
0.215 2 1 2 0 0.6000 0.6000 1.65 1.47 0.239 0.338 0.6044 0.6122 100 350 
0.216 2 1 2 0 0.6000 0.6000 1.55 1.46 0.205 0.248 0.6139 0.6124 100 370 
0.217 2 1 2 0 0.6000 0.6000 1.54 1.46 0.166 0.242 0.6148 0.6128 100 370 
0.218 2 1 2 0 0.6000 0.6000 1.55 1.43 0.167 0.099 0.6130 0.6148 100 360 
0.219 2 1 2 0 0.6000 0.6000 1.55 1.34 0.138 0.095 0.6134 0.6239 100 360 
0.220 2 1 2 0 0.6000 0.6000 1.54 1.37 0.095 0.094 0.6142 0.6201 100 370 
0.221 2 1 2 0 0.6000 0.6000 1.43 1.37 0.091 0.102 0.6250 0.6196 100 370 
0.222 2 1 2 0 0.6000 0.6000 1.45 1.34 0.108 0.067 0.6218 0.6227 100 370 
0.223 2 1 2 0 0.6000 0.6000 1.39 1.29 0.119 0.044 0.6276 0.6267 100 390 
0.224 2 1 2 0 0.6000 0.6000 1.28 1.32 0.105 0.040 0.6380 0.6235 100 400 
0.225 2 1 2 0 0.6000 0.6000 1.37 1.42 0.048 0.000 0.6282 0.6134 100 390 
0.226 2 1 2 0 0.6000 0.6000 1.43 1.29 0.028 0.078 0.6222 0.6254 100 390 
0.227 2 1 2 0 0.6000 0.6000 1.38 1.32 0.044 0.173 0.6260 0.6225 100 360 
0.228 2 1 2 0 0.6000 0.6000 1.29 1.36 0.049 0.200 0.6345 0.6180 100 350 
0.229 2 1 2 0 0.6000 0.6000 1.34 1.28 0.047 0.297 0.6291 0.6258 100 340 
0.230 2 1 2 0 0.6000 0.6000 1.36 1.24 0.072 0.298 0.6266 0.6290 100 360 
0.231 2 1 2 0 0.6000 0.6000 1.27 1.27 0.078 0.150 0.6345 0.6252 100 360 
0.232 2 1 2 0 0.6000 0.6000 1.20 1.35 0.041 0.180 0.6407 0.6164 100 360 
0.233 2 1 2 0 0.6000 0.6000 1.26 1.30 0.065 0.050 0.6340 0.6216 100 350 
0.234 2 1 2 0 0.6000 0.6000 1.39 1.22 0.026 0.056 0.6208 0.6291 100 370 
0.235 2 1 2 0 0.6000 0.6000 1.32 1.24 0.041 0.012 0.6275 0.6260 100 350 
0.236 2 1 2 0 0.6000 0.6000 1.28 1.28 0.050 0.034 0.6308 0.6218 100 360 
0.237 2 1 2 0 0.6000 0.6000 1.31 1.23 0.055 0.057 0.6275 0.6264 100 350 
0.238 2 1 2 0 0.6000 0.6000 1.32 1.14 0.095 0.105 0.6253 0.6351 100 350 
0.239 2 1 2 0 0.6000 0.6000 1.25 1.26 0.056 0.058 0.6316 0.6225 100 360 
0.240 2 1 2 0 0.6000 0.6000 1.21 1.26 0.025 0.024 0.6353 0.6219 100 350 
0.241 2 1 2 0 0.6000 0.6000 1.29 1.24 0.037 -0.051 0.6270 0.6235 100 350 
0.242 2 1 2 0 0.6000 0.6000 1.34 1.18 0.037 0.115 0.6210 0.6287 100 350 
0.243 2 1 2 0 0.6000 0.6000 1.32 1.20 0.014 0.136 0.6231 0.6263 100 350 
0.244 2 1 2 0 0.6000 0.6000 1.26 1.24 0.030 0.189 0.6281 0.6222 100 350 
0.245 2 1 2 0 0.6000 0.6000 1.28 1.20 0.040 0.215 0.6262 0.6257 100 350 
0.246 2 1 2 0 0.6000 0.6000 1.36 1.14 0.078 0.139 0.6172 0.6311 100 360 
0.247 2 1 2 0 0.6000 0.6000 1.21 1.17 0.106 0.136 0.6314 0.6273 100 350 
0.248 2 1 2 0 0.6000 0.6000 1.25 1.25 0.038 0.009 0.6278 0.6191 100 350 
0.249 2 1 2 0 0.6000 0.6000 1.22 1.18 0.026 0.025 0.6296 0.6256 100 360 
0.250 2 1 2 0 0.6000 0.6000 1.31 1.15 0.021 -0.013 0.6206 0.6275 100 350 
0.251 2 1 2 0 0.6000 0.6000 1.30 1.16 0.063 0.001 0.6208 0.6259 100 350 
0.252 2 1 2 0 0.6000 0.6000 1.26 1.18 0.072 0.042 0.6241 0.6237 100 360 
0.253 2 1 2 0 0.6000 0.6000 1.30 1.13 0.112 -0.001 0.6194 0.6284 100 400 
0.254 2 1 2 0 0.6000 0.6000 1.25 1.09 0.093 0.021 0.6250 0.6314 100 380 
0.255 2 1 2 0 0.6000 0.6000 1.16 1.14 0.056 0.037 0.6330 0.6260 100 370 
0.256 2 1 2 0 0.6000 0.6000 1.30 1.19 0.060 0.026 0.6186 0.6204 100 380 
0.257 2 1 2 0 0.6000 0.6000 1.32 1.16 0.022 0.109 0.6163 0.6228 100 400 
0.258 2 1 2 0 0.6000 0.6000 1.28 1.10 0.054 0.171 0.6193 0.6285 100 400 
0.259 2 1 2 0 0.6000 0.6000 1.26 1.14 0.062 0.082 0.6217 0.6242 100 390 
0.260 2 1 2 0 0.6000 0.6000 1.26 1.18 0.060 0.071 0.6205 0.6192 100 390 
0.261 2 1 2 0 0.6000 0.6000 1.28 1.12 0.083 0.064 0.6183 0.6255 100 390 
0.262 2 1 2 0 0.6000 0.6000 1.19 1.10 0.052 0.057 0.6266 0.6262 100 390 
0.263 2 1 2 0 0.6000 0.6000 1.18 1.17 0.054 -0.013 0.6271 0.6196 100 380 
0.264 2 1 2 0 0.6000 0.6000 1.22 1.21 0.030 0.020 0.6233 0.6149 100 370 
0.265 2 1 2 0 0.6000 0.6000 1.29 1.26 0.049 0.012 0.6154 0.6099 100 390 
0.266 2 1 2 0 0.6000 0.6000 1.30 1.19 0.018 -0.006 0.6147 0.6165 100 380 
0.267 2 1 2 0 0.6000 0.6000 1.21 1.21 0.014 0.038 0.6229 0.6140 100 390 
0.268 2 1 2 0 0.6000 0.6000 1.26 1.25 0.012 0.044 0.6177 0.6098 100 390 
0.269 2 1 2 0 0.6000 0.6000 1.26 1.22 0.038 -0.005 0.6175 0.6127 100 390 
0.270 2 1 2 0 0.6000 0.6000 1.25 1.20 0.072 0.058 0.6176 0.6143 100 390 
0.271 2 1 2 0 0.6000 0.6000 1.17 1.25 0.071 0.112 0.6256 0.6086 100 380 
0.272 2 1 2 0 0.6000 0.6000 1.26 1.35 0.037 0.093 0.6162 0.5991 100 380 
0.273 2 1 2 0 0.6000 0.6000 1.34 1.24 0.019 0.065 0.6078 0.6104 100 400 
0.274 2 1 2 0 0.6000 0.6000 1.30 1.31 0.051 0.063 0.6119 0.6030 100 350 
0.275 2 1 2 0 0.6000 0.6000 1.24 1.29 0.030 0.101 0.6174 0.6050 100 380 
0.276 2 1 2 0 0.6000 0.6000 1.27 1.32 0.015 0.058 0.6135 0.6019 100 390 
0.277 2 1 2 0 0.6000 0.6000 1.31 1.25 0.061 0.082 0.6100 0.6083 100 390 
0.278 2 1 2 0 0.6000 0.6000 1.22 1.19 0.073 0.052 0.6184 0.6147 100 390 
0.279 2 1 2 0 0.6000 0.6000 1.18 1.29 0.057 0.049 0.6220 0.6039 100 380 
0.280 2 1 2 0 0.6000 0.6000 1.28 1.33 0.022 0.036 0.6115 0.6000 100 380 
0.281 2 1 2 0 0.6000 0.6000 1.41 1.26 0.039 0.029 0.5982 0.6075 100 380 
0.282 2 1 2 0 0.6000 0.6000 1.35 1.18 0.046 0.044 0.6044 0.6147 100 390 
0.283 2 1 2 0 0.6000 0.6000 1.31 1.24 0.033 0.027 0.6088 0.6086 100 390 
0.284 2 1 2 0 0.6000 0.6000 1.33 1.31 0.056 0.033 0.6057 0.6016 100 390 
0.285 2 1 2 0 0.6000 0.6000 1.34 1.10 0.083 0.068 0.6048 0.6218 100 400 
0.286 2 1 2 0 0.6000 0.6000 1.27 1.23 0.091 0.069 0.6117 0.6088 100 350 
0.287 2 1 2 0 0.6000 0.6000 1.23 1.24 0.078 0.062 0.6158 0.6075 100 350 
0.288 2 1 2 0 0.6000 0.6000 1.30 1.22 0.102 -0.015 0.6081 0.6092 100 350 
0.289 2 1 2 0 0.6000 0.6000 1.36 1.15 0.042 -0.002 0.6024 0.6167 100 360 
0.290 2 1 2 0 0.6000 0.6000 1.33 1.18 0.086 0.021 0.6053 0.6131 100 350 
0.291 2 1 2 0 0.6000 0.6000 1.27 1.21 0.045 0.018 0.6112 0.6098 100 340 
0.292 2 1 2 0 0.6000 0.6000 1.28 1.18 0.045 0.040 0.6094 0.6129 100 350 
0.293 2 1 2 0 0.6000 0.6000 1.35 1.12 0.064 0.048 0.6028 0.6182 100 360 
0.294 2 1 2 0 0.6000 0.6000 1.22 1.15 0.091 0.049 0.6154 0.6148 100 360 
0.295 2 1 2 0 0.6000 0.6000 1.22 1.23 0.065 0.067 0.6148 0.6065 100 350 
0.296 2 1 2 0 0.6000 0.6000 1.25 1.16 0.058 0.022 0.6122 0.6138 100 350 
0.297 2 1 2 0 0.6000 0.6000 1.32 1.14 0.050 0.020 0.6045 0.6153 100 350 
0.298 2 1 2 0 0.6000 0.6000 1.30 1.15 0.018 0.025 0.6068 0.6143 100 350 
0.299 2 1 2 0 0.6000 0.6000 1.27 1.18 0.049 0.048 0.6099 0.6110 100 350 
0.300 2 1 2 0 0.6000 0.6000 1.28 1.11 0.057 0.053 0.6086 0.6172 100 360 
0.301 2 1 2 0 0.6000 0.6000 1.30 1.08 0.026 0.062 0.6065 0.6203 100 350 
0.302 2 1 2 0 0.6000 0.6000 1.23 1.13 0.081 0.029 0.6128 0.6145 100 350 
0.303 2 1 3 0 0.8000 0.8000 3.59 3.61 0.033 -0.026 0.6188 0.6084 100 350 
0.304 2 1 3 0 0.8000 0.8000 3.75 3.61 0.183 0.054 0.6060 0.6123 100 350 
0.305 2 1 3 0 0.8000 0.8000 3.74 3.45 0.384 0.306 0.6110 0.6314 100 370 
0.306 2 1 3 0 0.8000 0.8000 3.56 3.31 0.509 0.492 0.6325 0.6488 100 340 
0.307 2 1 3 0 0.8000 0.8000 3.30 3.17 0.587 0.584 0.6615 0.6661 100 350 
0.308 2 1 3 0 0.8000 0.8000 3.08 2.94 0.574 0.451 0.6866 0.6910 100 350 
0.309 2 1 3 0 0.8000 0.8000 2.90 2.81 0.494 0.479 0.7070 0.7063 100 370 
0.310 2 1 3 0 0.8000 0.8000 2.48 2.66 0.443 0.482 0.7499 0.7227 100 390 
0.311 2 1 3 0 0.8000 0.8000 2.45 2.43 0.400 0.440 0.7538 0.7476 100 390 
0.312 2 1 3 0 0.8000 0.8000 2.51 2.23 0.304 0.375 0.7488 0.7686 100 360 
0.313 2 1 3 0 0.8000 0.8000 2.45 2.23 0.302 0.344 0.7555 0.7688 100 360 
0.314 2 1 3 0 0.8000 0.8000 2.26 2.26 0.248 0.333 0.7754 0.7668 100 390 
0.315 2 1 3 0 0.8000 0.8000 2.19 2.17 0.322 0.243 0.7828 0.7765 100 400 
0.316 2 1 3 0 0.8000 0.8000 2.19 2.12 0.199 0.221 0.7836 0.7814 100 360 
0.317 2 1 3 0 0.8000 0.8000 2.12 2.17 0.179 0.204 0.7909 0.7765 100 400 
0.318 2 1 3 0 0.8000 0.8000 2.16 1.92 0.134 0.171 0.7865 0.8018 100 390 
0.319 2 1 3 0 0.8000 0.8000 2.05 1.94 0.112 0.148 0.7975 0.8001 100 370 
0.320 2 1 3 0 0.8000 0.8000 1.95 1.94 0.132 0.156 0.8084 0.8004 100 390 
0.321 2 1 3 0 0.8000 0.8000 1.97 1.85 0.106 0.142 0.8062 0.8086 100 390 
0.322 2 1 3 0 0.8000 0.8000 1.85 1.82 0.136 0.117 0.8172 0.8112 100 390 
0.323 2 1 3 0 0.8000 0.8000 1.82 1.86 0.159 0.118 0.8196 0.8070 100 380 
0.324 2 1 3 0 0.8000 0.8000 1.91 1.77 0.036 0.090 0.8108 0.8161 100 400 
0.325 2 1 3 0 0.8000 0.8000 1.83 1.73 0.076 0.100 0.8188 0.8200 100 390 
0.326 2 1 3 0 0.8000 0.8000 1.79 1.75 0.084 0.108 0.8219 0.8178 100 390 
0.327 2 1 3 0 0.8000 0.8000 1.82 1.63 0.092 0.102 0.8183 0.8288 100 380 
0.328 2 1 3 0 0.8000 0.8000 1.71 1.75 0.143 0.052 0.8289 0.8166 100 360 
0.329 2 1 3 0 0.8000 0.8000 1.75 1.74 0.094 0.074 0.8250 0.8175 100 390 
0.330 2 1 3 0 0.8000 0.8000 1.78 1.64 0.063 0.042 0.8212 0.8266 100 400 
0.331 2 1 3 0 0.8000 0.8000 1.74 1.69 0.056 0.066 0.8252 0.8214 100 360 
0.332 2 1 3 0 0.8000 0.8000 1.69 1.65 -0.024 0.088 0.8290 0.8248 100 390 
0.333 2 1 3 0 0.8000 0.8000 1.78 1.60 0.056 0.098 0.8194 0.8290 100 390 
0.334 2 1 3 0 0.8000 0.8000 1.65 1.60 0.068 0.115 0.8318 0.8290 100 390 
0.335 2 1 3 0 0.8000 0.8000 1.69 1.67 -0.005 0.071 0.8275 0.8211 100 390 
0.336 2 1 3 0 0.8000 0.8000 1.69 1.59 0.068 0.044 0.8275 0.8286 100 400 
0.337 2 1 3 0 0.8000 0.8000 1.66 1.59 0.037 0.018 0.8294 0.8282 100 390 
0.338 2 1 3 0 0.8000 0.8000 1.67 1.61 -0.050 0.049 0.8278 0.8261 100 390 
0.339 2 1 3 0 0.8000 0.8000 1.70 1.52 0.045 0.051 0.8248 0.8342 100 390 
0.340 2 1 3 0 0.8000 0.8000 1.58 1.56 0.026 0.058 0.8360 0.8294 100 400 
0.341 2 1 3 0 0.8000 0.8000 1.70 1.55 -0.039 0.044 0.8233 0.8294 100 390 
0.342 2 1 3 0 0.8000 0.8000 1.71 1.51 0.028 0.030 0.8221 0.8333 100 350 
0.343 2 1 3 0 0.8000 0.8000 1.65 1.55 0.052 0.014 0.8271 0.8291 100 390 
0.344 2 1 3 0 0.8000 0.8000 1.67 1.52 -0.027 0.051 0.8252 0.8312 100 390 
0.345 2 1 3 0 0.8000 0.8000 1.69 1.49 0.056 0.022 0.8224 0.8333 100 370 
0.346 2 1 3 0 0.8000 0.8000 1.62 1.56 0.107 0.022 0.8291 0.8260 100 380 
0.347 2 1 3 0 0.8000 0.8000 1.63 1.63 0.044 -0.018 0.8268 0.8187 100 390 
0.348 2 1 3 0 0.8000 0.8000 1.69 1.56 0.032 0.018 0.8206 0.8249 100 390 
0.349 2 1 3 0 0.8000 0.8000 1.61 1.58 0.079 0.055 0.8278 0.8223 100 400 
0.350 2 1 3 0 0.8000 0.8000 1.66 1.58 0.064 0.053 0.8230 0.8218 100 390 
0.351 2 1 3 0 0.8000 0.8000 1.68 1.58 0.109 0.044 0.8200 0.8213 100 380 
0.352 2 1 3 0 0.8000 0.8000 1.55 1.61 0.137 0.046 0.8330 0.8181 100 390 
0.353 2 1 3 0 0.8000 0.8000 1.67 1.61 0.040 0.029 0.8198 0.8175 100 390 
0.354 2 1 3 0 0.8000 0.8000 1.67 1.58 0.010 0.021 0.8198 0.8203 100 380 
0.355 2 1 3 0 0.8000 0.8000 1.60 1.66 -0.053 0.059 0.8267 0.8126 100 390 
0.356 2 1 3 0 0.8000 0.8000 1.66 1.62 0.042 0.075 0.8199 0.8155 100 400 
0.357 2 1 3 0 0.8000 0.8000 1.63 1.57 0.060 0.089 0.8227 0.8207 100 380 
0.358 2 1 3 0 0.8000 0.8000 1.55 1.64 0.046 0.074 0.8300 0.8135 100 390 
0.359 2 1 3 0 0.8000 0.8000 1.62 1.64 0.086 0.040 0.8228 0.8130 100 390 
0.360 2 1 3 0 0.8000 0.8000 1.67 1.59 0.015 0.029 0.8171 0.8174 100 390 
0.361 2 1 3 0 0.8000 0.8000 1.64 1.62 -0.039 0.055 0.8197 0.8146 100 390 
0.362 2 1 3 0 0.8000 0.8000 1.66 1.62 0.011 0.068 0.8176 0.8136 100 370 
0.363 2 1 3 0 0.8000 0.8000 1.64 1.54 0.045 0.062 0.8186 0.8214 100 390 
0.364 2 1 3 0 0.8000 0.8000 1.59 1.62 -0.001 0.037 0.8232 0.8128 100 400 
0.365 2 1 3 0 0.8000 0.8000 1.72 1.63 0.045 0.040 0.8101 0.8121 100 390 
0.366 2 1 3 0 0.8000 0.8000 1.69 1.59 -0.062 0.046 0.8135 0.8159 100 380 
0.367 2 1 3 0 0.8000 0.8000 1.62 1.62 0.010 0.052 0.8196 0.8120 100 400 
0.368 2 1 3 0 0.8000 0.8000 1.76 1.60 0.075 0.086 0.8054 0.8146 100 390 
0.369 2 1 3 0 0.8000 0.8000 1.61 1.53 0.061 0.077 0.8199 0.8212 100 380 
0.370 2 1 3 0 0.8000 0.8000 1.64 1.55 0.157 0.052 0.8166 0.8179 100 390 
0.371 2 1 3 0 0.8000 0.8000 1.70 1.55 0.143 0.014 0.8105 0.8176 100 380 
0.372 2 1 3 0 0.8000 0.8000 1.67 1.53 0.091 0.025 0.8130 0.8195 100 390 
0.373 2 1 3 0 0.8000 0.8000 1.66 1.57 0.064 0.028 0.8141 0.8154 100 390 
0.374 2 1 3 0 0.8000 0.8000 1.72 1.53 0.104 0.051 0.8077 0.8189 100 380 
0.375 2 1 3 0 0.8000 0.8000 1.67 1.49 0.127 0.065 0.8127 0.8228 100 390 
0.376 2 1 3 0 0.8000 0.8000 1.59 1.62 0.107 0.048 0.8199 0.8095 100 400 
0.377 2 1 3 0 0.8000 0.8000 1.73 1.51 0.047 0.034 0.8057 0.8196 100 380 
0.378 2 1 3 0 0.8000 0.8000 1.70 1.48 0.048 0.014 0.8092 0.8230 100 380 
0.379 2 1 3 0 0.8000 0.8000 1.67 1.56 0.081 0.033 0.8119 0.8144 100 370 
0.380 2 1 3 0 0.8000 0.8000 1.68 1.50 0.032 0.033 0.8106 0.8194 100 390 
0.382 2 1 3 0 0.8000 0.8000 1.66 1.56 0.052 0.040 0.8121 0.8131 100 390 
0.383 2 1 3 0 0.8000 0.8000 1.70 1.61 0.022 0.044 0.8075 0.8084 160 440 
0.384 2 1 3 0 0.8000 0.8000 1.75 1.57 0.029 0.034 0.8027 0.8119 100 390 
0.385 2 1 3 0 0.8000 0.8000 1.67 1.63 0.068 0.076 0.8106 0.8057 100 390 
0.386 2 1 3 0 0.8000 0.8000 1.70 1.58 0.050 0.082 0.8080 0.8112 100 350 
0.387 2 1 3 0 0.8000 0.8000 1.72 1.57 0.118 0.057 0.8050 0.8117 100 390 
0.388 2 1 3 0 0.8000 0.8000 1.61 1.69 0.128 0.067 0.8166 0.7990 100 400 
0.389 2 1 3 0 0.8000 0.8000 1.74 1.61 0.049 0.045 0.8032 0.8073 100 360 
0.390 2 1 3 0 0.8000 0.8000 1.73 1.57 0.039 0.044 0.8035 0.8115 100 390 
0.391 2 1 3 0 0.8000 0.8000 1.66 1.67 -0.025 0.046 0.8106 0.8008 100 390 
0.392 2 1 3 0 0.8000 0.8000 1.72 1.61 0.095 0.080 0.8051 0.8071 100 350 
0.393 2 1 3 0 0.8000 0.8000 1.68 1.55 0.041 0.096 0.8086 0.8128 100 400 
0.394 2 1 3 0 0.8000 0.8000 1.59 1.63 0.067 0.090 0.8170 0.8049 100 390 
0.395 2 1 3 0 0.8000 0.8000 1.66 1.63 0.033 0.045 0.8098 0.8042 100 400 
0.396 2 1 3 0 0.8000 0.8000 1.67 1.58 -0.023 0.030 0.8091 0.8098 100 380 
0.397 2 1 3 0 0.8000 0.8000 1.66 1.62 -0.037 0.032 0.8094 0.8052 100 390 
0.398 2 1 3 0 0.8000 0.8000 1.70 1.66 0.011 0.112 0.8051 0.8016 100 360 
0.399 2 1 3 0 0.8000 0.8000 1.67 1.59 0.039 0.094 0.8084 0.8079 100 380 
0.400 2 1 3 0 0.8000 0.8000 1.63 1.75 0.083 0.071 0.8121 0.7923 100 390 
0.401 2 1 3 0 0.8000 0.8000 1.70 1.68 -0.001 0.024 0.8052 0.7996 100 390 
0.402 2 1 3 0 0.8000 0.8000 1.72 1.66 0.064 0.039 0.8032 0.8011 100 380 
0.403 2 1 3 0 0.8000 0.8000 1.65 1.66 0.037 0.061 0.8100 0.8013 100 390 
0.404 2 1 4 0 1.0000 1.0000 4.09 4.07 0.082 0.094 0.8075 0.8023 100 390 
0.405 2 1 4 0 1.0000 1.0000 4.10 4.06 0.258 0.125 0.8101 0.8073 100 400 
0.406 2 1 4 0 1.0000 1.0000 4.07 4.06 0.471 0.306 0.8170 0.8108 100 390 
0.407 2 1 4 0 1.0000 1.0000 4.03 3.75 0.544 0.461 0.8251 0.8452 100 400 
0.408 2 1 4 0 1.0000 1.0000 3.66 3.58 0.584 0.519 0.8644 0.8646 100 390 
0.409 2 1 4 0 1.0000 1.0000 3.49 3.26 0.592 0.538 0.8841 0.8998 100 390 
0.410 2 1 4 0 1.0000 1.0000 3.21 3.12 0.565 0.485 0.9147 0.9156 100 400 
0.411 2 1 4 0 1.0000 1.0000 3.03 2.91 0.464 0.428 0.9339 0.9375 100 400 
0.412 2 1 4 0 1.0000 1.0000 2.90 2.92 0.387 0.402 0.9484 0.9378 100 400 
0.413 2 1 4 0 1.0000 1.0000 2.83 2.72 0.297 0.349 0.9557 0.9595 100 400 
0.414 2 1 4 0 1.0000 1.0000 2.63 2.67 0.237 0.322 0.9766 0.9643 100 400 
0.415 2 1 4 0 1.0000 1.0000 2.52 2.48 0.376 0.271 0.9880 0.9848 100 380 
0.416 2 1 4 0 1.0000 1.0000 2.45 2.43 0.261 0.253 0.9948 0.9895 100 400 
0.417 2 1 4 0 1.0000 1.0000 2.56 2.40 0.265 0.191 0.9845 0.9929 100 390 
0.418 2 1 4 0 1.0000 1.0000 2.55 2.33 0.163 0.185 0.9858 0.9993 100 390 
0.419 2 1 4 0 1.0000 1.0000 2.44 2.36 0.133 0.139 0.9965 0.9967 100 390 
0.420 2 1 4 0 1.0000 1.0000 2.40 2.27 0.276 0.170 1.0008 1.0059 100 390 
0.421 2 1 4 0 1.0000 1.0000 2.28 2.25 0.238 0.142 1.0128 1.0075 100 390 
0.422 2 1 4 0 1.0000 1.0000 2.37 2.32 0.177 0.086 1.0039 1.0005 100 400 
0.423 2 1 4 0 1.0000 1.0000 2.33 2.15 0.112 0.098 1.0074 1.0178 100 400 
0.424 2 1 4 0 1.0000 1.0000 2.40 2.23 0.085 0.120 1.0004 1.0091 100 400 
0.425 2 1 4 0 1.0000 1.0000 2.33 2.15 0.254 0.123 1.0070 1.0175 100 400 
0.426 2 1 4 0 1.0000 1.0000 2.22 2.15 0.160 0.150 1.0176 1.0171 100 390 
0.427 2 1 4 0 1.0000 1.0000 2.25 2.13 0.187 0.120 1.0151 1.0180 100 400 
0.428 2 1 4 0 1.0000 1.0000 2.26 2.08 0.088 0.084 1.0131 1.0233 100 390 
0.429 2 1 4 0 1.0000 1.0000 2.24 2.15 0.130 0.107 1.0150 1.0153 100 390 
0.430 2 1 4 0 1.0000 1.0000 2.20 2.00 0.212 0.109 1.0191 1.0303 100 390 
0.431 2 1 4 0 1.0000 1.0000 2.14 2.07 0.110 0.124 1.0248 1.0229 100 390 
0.432 2 1 4 0 1.0000 1.0000 2.20 2.07 0.129 0.052 1.0183 1.0217 100 390 
0.433 2 1 4 0 1.0000 1.0000 2.12 2.03 0.170 0.071 1.0254 1.0256 100 400 
0.434 2 1 4 0 1.0000 1.0000 2.13 2.05 0.105 0.056 1.0241 1.0231 100 390 
0.435 2 1 4 0 1.0000 1.0000 2.10 2.02 0.185 0.067 1.0270 1.0261 100 400 
0.436 2 1 4 0 1.0000 1.0000 2.15 2.06 0.079 0.074 1.0215 1.0214 100 390 
0.441 2 1 4 0 1.0000 1.0000 2.18 1.98 0.196 0.090 1.0172 1.0281 100 400 
0.442 2 1 4 0 1.0000 1.0000 2.15 1.89 0.111 0.057 1.0208 1.0369 100 400 
0.443 2 1 4 0 1.0000 1.0000 2.11 1.95 0.109 0.034 1.0237 1.0298 100 400 
0.444 2 1 4 0 1.0000 1.0000 2.15 1.91 0.163 0.066 1.0199 1.0336 100 400 
0.445 2 1 4 0 1.0000 1.0000 2.09 1.98 0.139 0.042 1.0246 1.0258 100 400 
0.446 2 1 4 0 1.0000 1.0000 2.08 2.05 0.093 0.064 1.0249 1.0182 100 400 
0.447 2 1 4 0 1.0000 1.0000 2.12 1.99 0.072 -0.031 1.0213 1.0243 100 390 
0.448 2 1 4 0 1.0000 1.0000 2.09 2.05 0.063 0.006 1.0232 1.0175 100 380 
0.449 2 1 4 0 1.0000 1.0000 2.06 2.00 0.121 -0.043 1.0263 1.0219 100 400 
0.450 2 1 4 0 1.0000 1.0000 1.97 2.09 0.104 -0.042 1.0347 1.0129 100 350 
0.451 2 1 4 0 1.0000 1.0000 2.13 2.00 0.079 -0.087 1.0174 1.0212 100 390 
0.452 2 1 4 0 1.0000 1.0000 2.08 2.04 0.085 -0.066 1.0220 1.0172 100 390 
0.453 2 1 4 0 1.0000 1.0000 2.11 2.01 0.168 -0.042 1.0195 1.0202 100 390 
0.454 2 1 4 0 1.0000 1.0000 2.05 1.93 0.096 -0.032 1.0245 1.0276 100 390 
0.455 2 1 4 0 1.0000 1.0000 1.98 2.10 0.061 0.019 1.0312 1.0106 100 400 
0.456 2 1 4 0 1.0000 1.0000 2.19 2.01 0.080 -0.020 1.0102 1.0192 100 360 
0.457 2 1 4 0 1.0000 1.0000 2.04 1.98 0.127 -0.043 1.0248 1.0216 100 400 
0.458 2 1 4 0 1.0000 1.0000 2.09 2.04 0.102 -0.009 1.0186 1.0145 100 390 
0.459 2 1 4 0 1.0000 1.0000 2.04 2.04 0.197 0.048 1.0239 1.0144 100 400 
0.460 2 1 4 0 1.0000 1.0000 2.07 2.06 0.079 0.051 1.0204 1.0130 100 400 
0.461 2 1 4 0 1.0000 1.0000 2.07 1.95 0.049 0.056 1.0197 1.0230 100 400 
0.462 2 1 4 0 1.0000 1.0000 2.01 2.00 0.136 0.070 1.0248 1.0178 100 400 
0.463 2 1 4 0 1.0000 1.0000 2.16 2.00 0.093 0.075 1.0102 1.0169 100 380 
0.464 2 1 4 0 1.0000 1.0000 2.06 1.95 0.178 0.091 1.0192 1.0215 100 360 
0.465 2 1 4 0 1.0000 1.0000 2.04 2.01 0.134 0.082 1.0213 1.0153 100 390 
0.466 2 1 4 0 1.0000 1.0000 2.11 1.91 0.131 0.073 1.0134 1.0254 100 390 
0.467 2 1 4 0 1.0000 1.0000 2.06 1.89 0.088 0.065 1.0187 1.0270 100 390 
0.468 2 1 4 0 1.0000 1.0000 2.08 1.98 0.063 0.075 1.0159 1.0177 100 390 
0.469 2 1 4 0 1.0000 1.0000 2.00 1.90 0.088 0.029 1.0236 1.0247 100 390 
0.470 2 1 4 0 1.0000 1.0000 2.13 1.96 0.117 0.087 1.0101 1.0184 100 380 
0.471 2 1 4 0 1.0000 1.0000 2.02 1.93 0.129 0.029 1.0208 1.0205 100 390 
0.472 2 1 4 0 1.0000 1.0000 2.05 1.98 0.072 0.018 1.0179 1.0153 100 390 
0.473 2 1 4 0 1.0000 1.0000 2.02 1.96 0.075 0.031 1.0201 1.0173 100 390 
0.474 2 1 4 0 1.0000 1.0000 2.04 1.94 0.075 0.024 1.0182 1.0187 100 390 
0.475 2 1 4 0 1.0000 1.0000 2.11 2.01 0.122 0.014 1.0103 1.0116 100 400 
0.476 2 1 4 0 1.0000 1.0000 2.07 1.92 0.062 -0.099 1.0147 1.0204 100 400 
0.477 2 1 4 0 1.0000 1.0000 2.03 1.94 0.043 0.006 1.0183 1.0178 100 400 
0.478 2 1 4 0 1.0000 1.0000 2.09 1.96 0.140 -0.043 1.0115 1.0152 100 400 
0.479 2 1 4 0 1.0000 1.0000 2.08 2.14 0.086 -0.189 1.0127 0.9977 100 390 
0.480 2 1 4 0 1.0000 1.0000 2.12 1.93 0.046 -0.006 1.0086 1.0179 100 390 
0.481 2 1 4 0 1.0000 1.0000 1.98 1.99 0.075 -0.057 1.0223 1.0116 100 400 
0.482 2 1 4 0 1.0000 1.0000 2.09 1.98 0.170 0.025 1.0107 1.0129 90 370 
0.483 2 1 4 0 1.0000 1.0000 2.04 1.99 0.124 0.079 1.0158 1.0114 100 400 
0.484 2 1 4 0 1.0000 1.0000 2.01 2.07 0.133 0.131 1.0180 1.0035 100 400 
0.485 2 1 4 0 1.0000 1.0000 2.05 1.96 0.101 0.123 1.0141 1.0138 100 400 
0.486 2 1 4 0 1.0000 1.0000 2.01 2.01 0.063 0.109 1.0172 1.0093 100 390 
0.487 2 1 4 0 1.0000 1.0000 2.09 2.01 0.069 0.111 1.0093 1.0083 100 390 
0.488 2 1 4 0 1.0000 1.0000 1.98 1.96 0.079 0.098 1.0200 1.0131 100 380 
0.493 2 1 4 0 1.0000 1.0000 2.07 2.02 0.195 0.045 1.0102 1.0074 100 390 
0.494 2 1 4 0 1.0000 1.0000 2.12 1.96 0.114 0.015 1.0055 1.0136 100 380 
0.495 2 1 4 0 1.0000 1.0000 2.12 1.97 0.077 0.039 1.0052 1.0120 100 390 
0.496 2 1 4 0 1.0000 1.0000 2.14 1.99 0.075 0.055 1.0031 1.0101 100 390 
0.497 2 1 4 0 1.0000 1.0000 2.08 1.92 0.121 0.057 1.0090 1.0163 100 390 
0.498 2 1 4 0 1.0000 1.0000 2.02 1.99 0.072 -0.008 1.0147 1.0090 100 400 
0.499 2 1 4 0 1.0000 1.0000 2.11 1.97 0.086 -0.062 1.0058 1.0106 100 390 
0.500 2 1 4 0 1.0000 1.0000 2.07 1.94 0.082 -0.034 1.0093 1.0135 100 390 
0.501 2 1 4 0 1.0000 1.0000 2.08 1.93 0.056 -0.020 1.0082 1.0141 100 390 
0.502 2 1 4 0 1.0000 1.0000 2.01 1.89 0.101 0.019 1.0155 1.0185 100 390 
0.503 2 1 4 0 1.0000 1.0000 2.07 1.94 0.119 -0.049 1.0084 1.0124 100 390 
0.504 2 1 4 0 1.0000 1.0000 2.09 2.05 0.056 -0.131 1.0067 1.0017 100 400 
0.505 2 1 5 0 1.2000 1.2000 4.47 4.32 0.052 -0.043 1.0101 1.0169 100 400 
0.506 2 1 5 0 1.2000 1.2000 4.50 4.40 0.281 0.156 1.0113 1.0119 100 390 
0.507 2 1 5 0 1.2000 1.2000 4.57 4.30 0.385 0.323 1.0085 1.0260 100 400 
0.508 2 1 5 0 1.2000 1.2000 4.41 4.28 0.497 0.520 1.0274 1.0309 100 390 
0.509 2 1 5 0 1.2000 1.2000 4.12 3.90 0.545 0.591 1.0594 1.0725 100 390 
0.510 2 1 5 0 1.2000 1.2000 3.84 3.71 0.602 0.663 1.0906 1.0934 100 400 
0.511 2 1 5 0 1.2000 1.2000 3.70 3.45 0.665 0.515 1.1068 1.1215 100 370 
0.512 2 1 5 0 1.2000 1.2000 3.49 3.40 0.461 0.479 1.1295 1.1279 100 350 
0.513 2 1 5 0 1.2000 1.2000 3.49 3.36 0.450 0.447 1.1302 1.1336 100 390 
0.514 2 1 5 0 1.2000 1.2000 3.25 3.24 0.452 0.397 1.1557 1.1467 100 400 
0.515 2 1 5 0 1.2000 1.2000 3.22 3.17 0.384 0.482 1.1598 1.1550 100 390 
0.516 2 1 5 0 1.2000 1.2000 3.07 3.08 0.317 0.395 1.1750 1.1642 100 390 
0.517 2 1 5 0 1.2000 1.2000 3.05 3.06 0.186 0.436 1.1778 1.1673 100 400 
0.518 2 1 5 0 1.2000 1.2000 2.96 2.90 0.156 0.382 1.1869 1.1838 100 400 
0.519 2 1 5 0 1.2000 1.2000 3.01 2.85 0.165 0.367 1.1827 1.1883 100 390 
0.520 2 1 5 0 1.2000 1.2000 2.89 2.75 0.197 0.325 1.1945 1.1993 100 390 
0.521 2 1 5 0 1.2000 1.2000 2.84 2.68 0.164 0.209 1.1998 1.2058 100 390 
0.522 2 1 5 0 1.2000 1.2000 2.78 2.62 0.120 0.201 1.2053 1.2113 100 400 
0.523 2 1 5 0 1.2000 1.2000 2.74 2.60 0.183 0.124 1.2093 1.2135 100 380 
0.524 2 1 5 0 1.2000 1.2000 2.90 2.56 0.177 0.151 1.1933 1.2168 100 400 
0.525 2 1 5 0 1.2000 1.2000 2.76 2.55 0.120 0.071 1.2073 1.2177 100 400 
0.526 2 1 5 0 1.2000 1.2000 2.68 2.49 0.096 0.039 1.2155 1.2229 100 400 
0.527 2 1 5 0 1.2000 1.2000 2.62 2.48 0.112 0.076 1.2208 1.2233 100 370 
0.528 2 1 5 0 1.2000 1.2000 2.59 2.47 0.077 0.101 1.2236 1.2240 100 360 
0.529 2 1 5 0 1.2000 1.2000 2.57 2.48 0.071 0.044 1.2252 1.2228 100 400 
0.530 2 1 5 0 1.2000 1.2000 2.65 2.46 0.112 0.035 1.2164 1.2249 100 390 
0.531 2 1 5 0 1.2000 1.2000 2.54 2.46 0.100 -0.006 1.2272 1.2236 100 400 
0.532 2 1 5 0 1.2000 1.2000 2.50 2.45 0.110 -0.040 1.2303 1.2241 100 390 
0.533 2 1 5 0 1.2000 1.2000 2.54 2.48 0.083 -0.007 1.2254 1.2205 100 400 
0.534 2 1 5 0 1.2000 1.2000 2.49 2.46 0.030 -0.038 1.2302 1.2229 100 390 
0.535 2 1 5 0 1.2000 1.2000 2.51 2.45 0.112 0.084 1.2273 1.2227 100 380 
0.537 2 1 5 0 1.2000 1.2000 2.62 2.50 0.102 0.177 1.2163 1.2182 100 400 
0.538 2 1 5 0 1.2000 1.2000 2.55 2.46 0.038 0.203 1.2227 1.2217 100 400 
0.539 2 1 5 0 1.2000 1.2000 2.63 2.47 0.099 0.294 1.2145 1.2201 100 400 
0.540 2 1 5 0 1.2000 1.2000 2.51 2.45 0.080 0.284 1.2257 1.2218 100 400 
0.541 2 1 5 0 1.2000 1.2000 2.55 2.44 0.094 0.252 1.2220 1.2215 100 400 
0.542 2 1 5 0 1.2000 1.2000 2.49 2.41 0.057 0.139 1.2270 1.2247 100 380 
0.543 2 1 5 0 1.2000 1.2000 2.59 2.50 0.049 0.135 1.2168 1.2152 100 400 
0.544 2 1 5 0 1.2000 1.2000 2.52 2.40 0.093 0.102 1.2235 1.2250 100 390 
0.545 2 1 5 0 1.2000 1.2000 2.46 2.39 0.084 0.040 1.2283 1.2255 100 390 
0.546 2 1 5 0 1.2000 1.2000 2.48 2.40 0.052 0.021 1.2259 1.2234 100 390 
0.547 2 1 5 0 1.2000 1.2000 2.47 2.36 0.065 0.075 1.2263 1.2269 100 390 
0.548 2 1 5 0 1.2000 1.2000 2.43 2.36 0.068 0.060 1.2300 1.2272 100 390 
0.549 2 1 5 0 1.2000 1.2000 2.48 2.39 0.049 0.037 1.2249 1.2231 100 400 
0.550 2 1 5 0 1.2000 1.2000 2.48 2.33 0.038 0.038 1.2243 1.2291 100 380 
0.551 2 1 5 0 1.2000 1.2000 2.46 2.33 0.045 0.018 1.2252 1.2286 100 390 
0.552 2 1 5 0 1.2000 1.2000 2.46 2.32 0.105 0.031 1.2250 1.2283 100 400 
0.553 2 1 5 0 1.2000 1.2000 2.45 2.35 0.045 0.047 1.2258 1.2246 100 390 
0.554 2 1 5 0 1.2000 1.2000 2.45 2.34 0.033 0.086 1.2255 1.2254 100 390 
0.555 2 1 5 0 1.2000 1.2000 2.45 2.35 0.056 0.212 1.2250 1.2245 100 400 
0.556 2 1 5 0 1.2000 1.2000 2.44 2.35 0.068 0.256 1.2256 1.2238 100 400 
0.557 2 1 5 0 1.2000 1.2000 2.48 2.42 0.057 0.177 1.2206 1.2164 100 400 
0.558 2 1 5 0 1.2000 1.2000 2.42 2.36 0.047 0.144 1.2258 1.2215 100 380 
0.559 2 1 5 0 1.2000 1.2000 2.45 2.39 0.041 0.094 1.2225 1.2183 100 390 
0.560 2 1 5 0 1.2000 1.2000 2.40 2.36 0.077 0.084 1.2269 1.2209 100 390 
0.561 2 1 5 0 1.2000 1.2000 2.51 2.42 0.066 0.049 1.2162 1.2151 100 400 
0.562 2 1 5 0 1.2000 1.2000 2.44 2.38 0.033 0.027 1.2225 1.2183 100 400 
0.563 2 1 5 0 1.2000 1.2000 2.45 2.48 0.052 0.074 1.2212 1.2076 100 400 
0.564 2 1 5 0 1.2000 1.2000 2.40 2.42 0.075 0.033 1.2250 1.2137 100 400 
0.565 2 1 5 0 1.2000 1.2000 2.44 2.40 0.068 0.037 1.2214 1.2155 100 390 
0.566 2 1 5 0 1.2000 1.2000 2.41 2.36 0.045 0.023 1.2235 1.2192 100 390 
0.567 2 1 5 0 1.2000 1.2000 2.55 2.38 0.079 0.040 1.2094 1.2166 100 390 
0.568 2 1 5 0 1.2000 1.2000 2.45 2.35 0.081 0.144 1.2185 1.2196 100 390 
0.569 2 1 5 0 1.2000 1.2000 2.43 2.34 0.068 0.133 1.2206 1.2201 100 390 
0.570 2 1 5 0 1.2000 1.2000 2.43 2.34 0.035 0.203 1.2198 1.2193 100 390 
0.571 2 1 5 0 1.2000 1.2000 2.42 2.33 0.068 0.238 1.2208 1.2202 100 390 
0.572 2 1 5 0 1.2000 1.2000 2.43 2.32 0.057 0.112 1.2194 1.2212 100 390 
0.573 2 1 5 0 1.2000 1.2000 2.42 2.33 0.043 0.085 1.2196 1.2198 100 400 
0.574 2 1 5 0 1.2000 1.2000 2.43 2.30 0.030 0.014 1.2187 1.2221 100 390 
0.575 2 1 5 0 1.2000 1.2000 2.43 2.29 0.037 0.021 1.2182 1.2222 100 400 
0.576 2 1 5 0 1.2000 1.2000 2.45 2.36 0.075 0.024 1.2156 1.2153 100 390 
0.577 2 1 5 0 1.2000 1.2000 2.44 2.36 0.066 0.036 1.2170 1.2146 100 390 
0.578 2 1 5 0 1.2000 1.2000 2.44 2.36 0.037 0.018 1.2161 1.2149 100 400 
0.579 2 1 5 0 1.2000 1.2000 2.43 2.31 0.070 0.068 1.2169 1.2196 100 400 
0.580 2 1 5 0 1.2000 1.2000 2.45 2.35 0.095 0.084 1.2146 1.2144 100 400 
0.581 2 1 5 0 1.2000 1.2000 2.51 2.31 0.044 -0.018 1.2087 1.2181 100 400 
0.582 2 1 5 0 1.2000 1.2000 2.40 2.34 0.027 0.025 1.2190 1.2152 100 390 
0.583 2 1 5 0 1.2000 1.2000 2.44 2.33 0.079 0.074 1.2146 1.2165 100 390 
0.584 2 1 5 0 1.2000 1.2000 2.40 2.30 0.065 0.060 1.2183 1.2187 100 400 
0.585 2 1 5 0 1.2000 1.2000 2.48 2.37 0.081 0.104 1.2104 1.2115 100 400 
0.586 2 1 5 0 1.2000 1.2000 2.42 2.34 0.069 0.101 1.2153 1.2142 100 400 
0.587 2 1 5 0 1.2000 1.2000 2.48 2.35 0.090 0.221 1.2092 1.2124 100 380 
0.588 2 1 5 0 1.2000 1.2000 2.41 2.43 0.063 0.177 1.2166 1.2042 100 390 
0.589 2 1 5 0 1.2000 1.2000 2.55 2.39 0.044 0.247 1.2019 1.2087 100 400 
0.590 2 1 5 0 1.2000 1.2000 2.46 2.33 0.037 0.218 1.2112 1.2140 100 390 
0.591 2 1 5 0 1.2000 1.2000 2.60 2.42 0.034 0.190 1.1972 1.2052 100 390 
0.592 2 1 5 0 1.2000 1.2000 2.50 2.33 0.072 0.177 1.2071 1.2140 100 400 
0.593 2 1 5 0 1.2000 1.2000 2.47 2.32 0.066 0.080 1.2095 1.2149 100 390 
0.594 2 1 5 0 1.2000 1.2000 2.49 2.33 0.008 0.052 1.2072 1.2130 100 400 
0.595 2 1 5 0 1.2000 1.2000 2.50 2.33 0.094 0.037 1.2063 1.2135 100 390 
0.596 2 1 5 0 1.2000 1.2000 2.40 2.33 0.129 0.129 1.2166 1.2133 100 400 
0.597 2 1 5 0 1.2000 1.2000 2.48 2.37 0.053 0.094 1.2075 1.2089 100 400 
0.598 2 1 5 0 1.2000 1.2000 2.49 2.33 0.046 0.033 1.2070 1.2124 100 390 
0.599 2 1 5 0 1.2000 1.2000 2.49 2.30 0.067 0.074 1.2067 1.2153 100 400 
0.600 2 1 5 0 1.2000 1.2000 2.49 2.36 0.103 0.073 1.2066 1.2087 100 380 
0.601 2 1 5 0 1.2000 1.2000 2.46 2.43 0.071 0.029 1.2098 1.2019 100 390 
0.602 2 1 5 0 1.2000 1.2000 2.45 2.31 0.061 0.018 1.2100 1.2135 100 380 
0.603 2 1 5 0 1.2000 1.2000 2.44 2.38 0.085 0.042 1.2113 1.2068 100 390 
0.604 2 1 5 0 1.2000 1.2000 2.39 2.33 0.083 0.054 1.2153 1.2109 100 390 
0.605 2 1 5 0 1.2000 1.2000 2.54 2.31 0.066 0.018 1.2008 1.2127 100 390 
0.606 2 1 6 0 1.5000 1.5000 6.13 6.09 0.033 0.030 1.2040 1.1978 100 390 
0.607 2 1 6 0 1.5000 1.5000 6.33 6.02 0.345 0.151 1.1905 1.2105 100 390 
0.608 2 1 6 0 1.5000 1.5000 6.08 5.97 0.578 0.480 1.2215 1.2214 100 400 
0.609 2 1 6 0 1.5000 1.5000 6.01 5.79 0.825 0.709 1.2338 1.2449 100 390 
0.610 2 1 6 0 1.5000 1.5000 5.67 5.43 0.920 0.848 1.2725 1.2854 100 370 
0.611 2 1 6 0 1.5000 1.5000 5.37 5.16 1.009 0.756 1.3074 1.3163 100 400 
0.612 2 1 6 0 1.5000 1.5000 5.03 4.85 0.761 0.704 1.3444 1.3511 100 370 
0.613 2 1 6 0 1.5000 1.5000 4.63 4.65 0.688 0.697 1.3874 1.3732 100 390 
0.614 2 1 6 0 1.5000 1.5000 4.30 4.42 0.635 0.653 1.4216 1.3983 100 400 
0.615 2 1 6 0 1.5000 1.5000 4.20 4.17 0.520 0.484 1.4337 1.4257 100 400 
0.616 2 1 6 0 1.5000 1.5000 4.07 3.95 0.430 0.433 1.4476 1.4489 100 390 
0.617 2 1 6 0 1.5000 1.5000 4.02 3.83 0.368 0.375 1.4532 1.4620 100 400 
0.618 2 1 6 0 1.5000 1.5000 3.79 3.67 0.390 0.323 1.4779 1.4786 100 390 
0.619 2 1 6 0 1.5000 1.5000 3.73 3.56 0.283 0.266 1.4840 1.4892 100 400 
0.620 2 1 6 0 1.5000 1.5000 3.63 3.48 0.231 0.203 1.4944 1.4974 100 390 
0.621 2 1 6 0 1.5000 1.5000 3.52 3.47 0.212 0.187 1.5051 1.4989 100 400 
0.622 2 1 6 0 1.5000 1.5000 3.48 3.39 0.189 0.201 1.5084 1.5069 100 400 
0.623 2 1 6 0 1.5000 1.5000 3.45 3.41 0.157 0.151 1.5114 1.5051 100 400 
0.624 2 1 6 0 1.5000 1.5000 3.45 3.29 0.190 0.143 1.5112 1.5162 100 400 
0.625 2 1 6 0 1.5000 1.5000 3.38 3.27 0.169 0.136 1.5177 1.5181 100 400 
0.626 2 1 6 0 1.5000 1.5000 3.40 3.19 0.087 0.090 1.5162 1.5252 100 390 
0.627 2 1 6 0 1.5000 1.5000 3.29 3.18 0.098 0.086 1.5266 1.5259 100 390 
0.628 2 1 6 0 1.5000 1.5000 3.27 3.17 0.153 0.110 1.5277 1.5266 100 390 
0.629 2 1 6 0 1.5000 1.5000 3.29 3.14 0.111 0.061 1.5255 1.5291 100 400 
0.630 2 1 6 0 1.5000 1.5000 3.28 3.08 0.147 0.082 1.5262 1.5349 100 400 
0.631 2 1 6 0 1.5000 1.5000 3.26 3.07 0.185 0.110 1.5268 1.5349 100 390 
0.632 2 1 6 0 1.5000 1.5000 3.23 3.08 0.078 0.084 1.5297 1.5333 110 400 
0.633 2 1 6 0 1.5000 1.5000 3.19 3.05 0.058 0.046 1.5330 1.5351 100 400 
0.634 2 1 6 0 1.5000 1.5000 3.16 3.06 0.094 0.056 1.5349 1.5340 110 390 
0.635 2 1 6 0 1.5000 1.5000 3.17 3.02 0.075 0.055 1.5336 1.5373 100 400 
0.636 2 1 6 0 1.5000 1.5000 3.17 3.04 0.084 0.052 1.5331 1.5345 100 400 
0.637 2 1 6 0 1.5000 1.5000 3.14 3.01 0.105 0.075 1.5353 1.5363 100 400 
0.638 2 1 6 0 1.5000 1.5000 3.17 2.97 0.103 0.088 1.5322 1.5395 100 400 
0.639 2 1 6 0 1.5000 1.5000 3.13 2.98 0.074 0.063 1.5349 1.5383 100 400 
0.640 2 1 6 0 1.5000 1.5000 3.11 2.95 0.055 0.062 1.5359 1.5405 100 400 
0.641 2 1 6 0 1.5000 1.5000 3.15 2.96 0.095 0.113 1.5316 1.5385 100 400 
0.642 2 1 6 0 1.5000 1.5000 3.13 2.96 0.091 0.040 1.5327 1.5372 100 390 
0.643 2 1 6 0 1.5000 1.5000 3.11 2.95 0.084 0.025 1.5344 1.5380 100 400 
0.644 2 1 6 0 1.5000 1.5000 3.14 2.95 0.094 0.040 1.5303 1.5372 100 390 
0.645 2 1 6 0 1.5000 1.5000 3.15 2.93 0.045 0.014 1.5291 1.5382 100 400 
0.646 2 1 6 0 1.5000 1.5000 3.05 2.94 0.058 0.040 1.5380 1.5362 100 400 
0.647 2 1 6 0 1.5000 1.5000 3.06 2.95 0.092 0.053 1.5370 1.5350 100 400 
0.648 2 1 6 0 1.5000 1.5000 3.04 2.95 0.070 0.049 1.5377 1.5341 100 400 
0.649 2 1 6 0 1.5000 1.5000 3.05 2.93 0.069 0.022 1.5363 1.5356 100 390 
0.650 2 1 6 0 1.5000 1.5000 3.04 2.94 0.117 0.068 1.5360 1.5339 100 390 
0.651 2 1 6 0 1.5000 1.5000 3.06 2.95 0.083 0.024 1.5341 1.5325 100 390 
0.652 2 1 6 0 1.5000 1.5000 3.04 2.96 0.063 0.046 1.5354 1.5301 100 400 
0.653 2 1 6 0 1.5000 1.5000 3.07 2.94 0.075 0.058 1.5317 1.5318 100 400 
0.654 2 1 6 0 1.5000 1.5000 3.05 2.92 0.038 0.067 1.5325 1.5330 100 390 
0.655 2 1 6 0 1.5000 1.5000 3.07 2.95 0.047 -0.009 1.5302 1.5298 100 390 
0.656 2 1 6 0 1.5000 1.5000 3.04 2.92 0.068 0.019 1.5320 1.5318 100 390 
0.657 2 1 6 0 1.5000 1.5000 3.08 2.91 0.057 0.051 1.5279 1.5321 110 390 
0.658 2 1 6 0 1.5000 1.5000 3.04 2.91 0.022 0.003 1.5308 1.5319 100 400 
0.659 2 1 6 0 1.5000 1.5000 3.05 2.94 0.068 0.041 1.5300 1.5280 100 400 
0.660 2 1 6 0 1.5000 1.5000 3.08 2.88 0.061 0.056 1.5266 1.5332 100 400 
0.661 2 1 6 0 1.5000 1.5000 3.06 2.90 0.065 0.058 1.5275 1.5306 100 400 
0.662 2 1 6 0 1.5000 1.5000 3.05 2.89 0.074 0.037 1.5275 1.5315 100 400 
0.663 2 1 6 0 1.5000 1.5000 3.05 2.89 0.086 0.013 1.5273 1.5307 100 400 
0.664 2 1 6 0 1.5000 1.5000 3.06 2.91 0.003 0.032 1.5257 1.5280 100 400 
0.665 2 1 6 0 1.5000 1.5000 3.04 2.91 0.022 0.011 1.5269 1.5274 100 400 
0.666 2 1 6 0 1.5000 1.5000 3.02 2.90 0.090 0.067 1.5285 1.5283 100 400 
0.667 2 1 6 0 1.5000 1.5000 3.05 2.93 0.037 0.029 1.5253 1.5248 100 390 
0.668 2 1 6 0 1.5000 1.5000 3.04 2.91 0.037 0.056 1.5261 1.5261 100 390 
0.669 2 1 6 0 1.5000 1.5000 3.07 2.92 0.091 0.070 1.5223 1.5239 100 400 
0.670 2 1 6 0 1.5000 1.5000 3.04 2.93 0.027 0.034 1.5252 1.5232 100 400 
0.671 2 1 6 0 1.5000 1.5000 3.01 2.93 0.006 0.027 1.5272 1.5223 100 400 
0.672 2 1 6 0 1.5000 1.5000 3.05 2.97 0.091 0.042 1.5225 1.5185 100 400 
0.673 2 1 6 0 1.5000 1.5000 3.04 2.93 0.053 0.061 1.5232 1.5214 100 390 
0.674 2 1 6 0 1.5000 1.5000 3.02 2.96 0.056 0.056 1.5246 1.5181 100 390 
0.675 2 1 6 0 1.5000 1.5000 3.01 2.94 0.068 0.029 1.5256 1.5195 100 390 
0.676 2 1 6 0 1.5000 1.5000 3.00 2.95 0.051 0.051 1.5253 1.5184 100 390 
0.677 2 1 6 0 1.5000 1.5000 3.03 2.95 0.049 0.037 1.5225 1.5185 110 400 
0.678 2 1 6 0 1.5000 1.5000 3.03 2.93 0.043 0.075 1.5219 1.5200 100 400 
0.679 2 1 6 0 1.5000 1.5000 3.06 2.93 0.035 0.068 1.5189 1.5196 100 390 
0.680 2 1 6 0 1.5000 1.5000 3.01 2.98 0.098 0.025 1.5228 1.5146 100 400 
0.681 2 1 6 0 1.5000 1.5000 3.02 2.90 0.071 -0.013 1.5211 1.5214 100 390 
0.682 2 1 6 0 1.5000 1.5000 3.06 2.95 0.068 0.012 1.5169 1.5163 100 390 
0.683 2 1 6 0 1.5000 1.5000 3.05 3.02 0.094 0.040 1.5181 1.5095 100 400 
0.684 2 1 6 0 1.5000 1.5000 3.01 2.92 0.054 0.002 1.5214 1.5185 100 400 
0.685 2 1 6 0 1.5000 1.5000 3.02 2.98 0.018 0.063 1.5203 1.5124 100 400 
0.686 2 1 6 0 1.5000 1.5000 3.04 3.02 0.075 0.079 1.5180 1.5080 100 400 
0.687 2 1 6 0 1.5000 1.5000 3.00 3.00 0.074 0.037 1.5211 1.5106 100 380 
0.688 2 1 6 0 1.5000 1.5000 3.02 3.03 0.007 0.065 1.5194 1.5066 100 400 
0.689 2 1 6 0 1.5000 1.5000 3.04 3.01 0.080 0.086 1.5163 1.5090 100 390 
0.690 2 1 6 0 1.5000 1.5000 3.03 3.00 0.033 0.056 1.5177 1.5095 100 400 
0.691 2 1 6 0 1.5000 1.5000 3.06 3.01 0.024 0.076 1.5141 1.5083 100 390 
0.692 2 1 6 0 1.5000 1.5000 3.06 3.00 0.072 0.083 1.5140 1.5095 100 400 
0.693 2 1 6 0 1.5000 1.5000 3.09 3.03 0.075 0.038 1.5107 1.5063 110 390 
0.694 2 1 6 0 1.5000 1.5000 3.02 3.00 0.098 0.063 1.5169 1.5090 100 390 
0.695 2 1 6 0 1.5000 1.5000 3.01 3.00 0.064 0.081 1.5176 1.5083 100 400 
0.696 2 1 6 0 1.5000 1.5000 3.04 2.98 0.034 0.060 1.5144 1.5102 100 400 
0.697 2 1 6 0 1.5000 1.5000 3.05 2.97 -0.027 0.059 1.5132 1.5110 100 400 
0.698 2 1 6 0 1.5000 1.5000 3.06 2.97 0.075 0.044 1.5119 1.5114 100 400 
0.699 2 1 6 0 1.5000 1.5000 3.02 2.90 0.082 0.093 1.5159 1.5178 100 390 
0.700 2 1 6 0 1.5000 1.5000 3.05 2.95 0.046 0.041 1.5127 1.5129 100 390 
0.701 2 1 6 0 1.5000 1.5000 3.10 2.93 0.057 0.048 1.5075 1.5144 100 400 
0.702 2 1 6 0 1.5000 1.5000 3.03 2.98 0.080 0.060 1.5137 1.5090 100 400 
0.703 2 1 6 0 1.5000 1.5000 3.02 2.94 0.009 0.054 1.5142 1.5130 100 400 
0.704 2 1 6 0 1.5000 1.5000 3.03 2.95 0.052 0.086 1.5133 1.5119 100 400 
0.705 2 1 6 0 1.5000 1.5000 3.00 2.96 0.075 0.081 1.5160 1.5105 100 410 
0.706 2 1 6 0 1.5000 1.5000 3.03 2.99 0.064 0.067 1.5131 1.5074 100 390 
0.707 2 1 6 0 1.5000 1.5000 3.03 2.97 0.110 0.101 1.5126 1.5086 100 390 
0.708 2 1 6 0 1.5000 1.5000 3.02 3.02 0.092 0.100 1.5138 1.5040 100 400 
0.709 2 1 6 0 1.5000 1.5000 3.04 3.01 0.048 0.048 1.5113 1.5045 100 400 
0.710 2 1 6 0 1.5000 1.5000 3.01 2.98 0.075 0.046 1.5141 1.5079 100 400 
0.711 2 1 6 0 1.5000 1.5000 3.02 3.00 0.052 0.088 1.5131 1.5059 100 400 
0.712 2 1 6 0 1.5000 1.5000 3.02 2.96 0.075 0.059 1.5125 1.5092 100 400 
0.713 2 1 6 0 1.5000 1.5000 3.06 3.00 0.018 0.094 1.5078 1.5057 100 390 
0.714 2 1 6 0 1.5000 1.5000 3.11 2.97 0.068 0.071 1.5028 1.5083 100 390 
0.715 2 1 6 0 1.5000 1.5000 3.15 2.96 0.037 0.076 1.4989 1.5088 100 400 
0.716 2 1 6 0 1.5000 1.5000 3.14 2.96 -0.008 0.044 1.5000 1.5090 100 400 
0.717 2 1 6 0 1.5000 1.5000 3.11 2.93 0.095 0.068 1.5026 1.5111 100 400 
0.718 2 1 6 0 1.5000 1.5000 3.12 2.95 0.072 0.101 1.5022 1.5097 100 390 
0.719 2 1 6 0 1.5000 1.5000 3.12 2.96 0.089 0.075 1.5016 1.5081 100 400 
0.720 2 1 6 0 1.5000 1.5000 3.05 2.95 0.100 0.082 1.5090 1.5089 100 400 
0.721 2 1 6 0 1.5000 1.5000 3.14 2.95 0.030 0.069 1.4999 1.5088 100 400 
0.722 2 1 6 0 1.5000 1.5000 3.08 2.94 0.068 0.064 1.5054 1.5096 100 400 
0.723 2 1 6 0 1.5000 1.5000 3.06 2.97 0.010 0.077 1.5073 1.5069 100 390 
0.724 2 1 6 0 1.5000 1.5000 3.06 2.93 0.068 0.068 1.5068 1.5104 100 400 
0.725 2 1 6 0 1.5000 1.5000 3.08 2.95 0.079 0.071 1.5051 1.5084 100 410 
0.726 2 1 6 0 1.5000 1.5000 3.07 2.94 0.041 0.048 1.5064 1.5085 100 400 
0.727 2 1 6 0 1.5000 1.5000 3.05 2.93 0.076 0.118 1.5076 1.5094 100 400 
0.728 2 1 6 0 1.5000 1.5000 3.05 2.93 0.085 0.060 1.5074 1.5093 100 400 
0.729 2 1 6 0 1.5000 1.5000 3.04 2.95 0.058 0.029 1.5081 1.5070 100 410 
0.730 2 1 6 0 1.5000 1.5000 3.08 2.97 0.102 0.045 1.5048 1.5053 100 390 
0.731 2 1 6 0 1.5000 1.5000 3.07 2.96 0.091 0.037 1.5054 1.5066 100 400 
0.732 2 1 6 0 1.5000 1.5000 3.06 2.98 0.086 0.033 1.5067 1.5041 100 390 
0.733 2 1 6 0 1.5000 1.5000 3.04 2.95 0.109 0.050 1.5076 1.5068 100 390 
0.734 2 1 6 0 1.5000 1.5000 3.03 2.95 0.047 0.067 1.5090 1.5068 100 390 
0.735 2 1 6 0 1.5000 1.5000 3.04 2.97 0.059 0.025 1.5077 1.5045 100 400 
0.736 2 1 6 0 1.5000 1.5000 3.06 2.91 0.037 0.009 1.5056 1.5106 100 400 
0.737 2 1 6 0 1.5000 1.5000 3.08 3.02 0.085 0.096 1.5034 1.4999 100 390 
0.738 2 1 6 0 1.5000 1.5000 3.03 2.94 0.108 0.035 1.5085 1.5070 100 400 
0.739 2 1 6 0 1.5000 1.5000 3.07 2.92 0.023 0.063 1.5045 1.5087 100 390 
0.740 2 1 6 0 1.5000 1.5000 3.09 2.95 0.009 0.042 1.5020 1.5058 100 390 
0.741 2 1 6 0 1.5000 1.5000 3.07 2.94 0.076 0.042 1.5047 1.5070 100 390 
0.742 2 1 6 0 1.5000 1.5000 3.03 2.90 0.048 0.017 1.5080 1.5106 100 400 
0.743 2 1 6 0 1.5000 1.5000 3.04 2.92 0.045 0.069 1.5066 1.5089 100 400 
0.744 2 1 6 0 1.5000 1.5000 3.01 2.94 0.117 0.052 1.5102 1.5059 100 400 
0.745 2 1 6 0 1.5000 1.5000 3.04 2.93 0.044 0.013 1.5066 1.5072 100 400 
0.746 2 1 6 0 1.5000 1.5000 3.03 2.96 0.051 0.067 1.5073 1.5037 100 400 
0.747 2 1 6 0 1.5000 1.5000 3.03 2.95 0.113 0.034 1.5074 1.5054 100 400 
0.748 2 1 6 0 1.5000 1.5000 3.03 2.96 0.062 0.061 1.5074 1.5040 100 390 
0.749 2 1 6 0 1.5000 1.5000 3.05 2.93 -0.025 0.075 1.5051 1.5066 100 400 
0.750 2 1 6 0 1.5000 1.5000 3.07 2.94 0.091 0.108 1.5027 1.5062 100 390 
0.751 2 1 6 0 1.5000 1.5000 3.05 2.93 0.062 0.071 1.5049 1.5063 100 390 
0.752 2 1 6 0 1.5000 1.5000 3.04 2.90 0.039 0.050 1.5057 1.5094 100 390 
0.753 2 1 6 0 1.5000 1.5000 3.05 2.95 0.057 0.084 1.5050 1.5042 100 400 
0.754 2 1 6 0 1.5000 1.5000 3.04 2.95 0.030 0.058 1.5059 1.5043 100 400 
0.755 2 1 6 0 1.5000 1.5000 3.05 2.94 0.145 0.071 1.5046 1.5054 100 400 
0.756 2 1 6 0 1.5000 1.5000 3.02 2.94 0.084 0.073 1.5079 1.5055 100 400 
0.757 2 1 6 0 1.5000 1.5000 3.10 2.90 0.064 0.121 1.4989 1.5094 100 400 
0.758 2 1 6 0 1.5000 1.5000 3.03 2.95 0.087 0.033 1.5065 1.5035 100 390 
