%% logfile from robot Liv (36)
% Liv (36)
%  1    time 0.000 sec
%  2  3  4  5   (mission 0), state 2, entered (thread 1, line 0), events 0x0 (bit-flags)
%  6  7 Motor velocity ref left, right: 0.2000 0.2000
%  8  9 Motor voltage [V] left, right: 2.82 2.82
% 10 11 Motor current left, right [A]: -0.087 -0.077
% 12 13 Encoder left, right: 99127 104820
% 14 15 Wheel velocity [m/s] left, right: 0.0000 0.0000
% 16 17 Get data time [us]: 100 +ctrl 400
0.001 2 1 0 0 0.2000 0.2000 2.87 2.87 0.235 0.097 99127 104820 0.0000 0.0000 100 320 
0.002 2 1 0 0 0.2000 0.2000 2.92 2.92 0.467 0.362 99127 104820 0.0000 0.0000 100 340 
0.003 2 1 0 0 0.2000 0.2000 2.97 2.97 0.633 0.579 99127 104820 0.0000 0.0000 100 330 
0.004 2 1 0 0 0.2000 0.2000 3.02 3.02 0.771 0.721 99127 104820 0.0000 0.0000 100 340 
0.005 2 1 0 0 0.2000 0.2000 3.06 3.06 0.701 0.714 99127 104820 0.0000 0.0000 100 330 
0.006 2 1 0 0 0.2000 0.2000 3.11 3.11 0.744 0.736 99127 104820 0.0000 0.0000 100 330 
0.007 2 1 0 0 0.2000 0.2000 3.16 3.16 0.785 0.718 99127 104821 0.0000 0.0000 100 360 
0.008 2 1 0 0 0.2000 0.2000 3.21 3.21 0.889 0.721 99128 104821 0.0000 0.0000 100 370 
0.009 2 1 0 0 0.2000 0.2000 3.26 3.26 0.923 0.851 99128 104822 0.0000 0.0000 100 340 
0.010 2 1 0 0 0.2000 0.2000 3.30 0.55 0.711 0.701 99128 104822 0.0000 0.2271 100 370 
0.011 2 1 0 0 0.2000 0.2000 1.08 0.54 0.690 0.593 99129 104822 0.1873 0.2271 100 380 
0.012 2 1 0 0 0.2000 0.2000 1.08 0.02 0.600 0.314 99129 104823 0.1873 0.2697 100 370 
0.013 2 1 0 0 0.2000 0.2000 1.09 0.01 0.381 0.095 99130 104823 0.1873 0.2697 100 370 
0.014 2 1 0 0 0.2000 0.2000 0.32 -0.14 0.264 -0.012 99130 104824 0.2507 0.2805 100 380 
0.015 2 1 0 0 0.2000 0.2000 0.31 -0.16 0.117 -0.107 99130 104824 0.2507 0.2805 100 370 
0.016 2 1 0 0 0.2000 0.2000 0.04 0.13 -0.002 -0.159 99131 104825 0.2723 0.2547 100 380 
0.017 2 1 0 0 0.2000 0.2000 0.02 0.09 -0.082 -0.131 99131 104825 0.2723 0.2567 100 370 
0.018 2 1 0 0 0.2000 0.2000 0.07 0.08 -0.131 -0.115 99132 104825 0.2670 0.2567 100 380 
0.019 2 1 0 0 0.2000 0.2000 0.05 0.45 -0.152 -0.115 99132 104826 0.2670 0.2251 100 370 
0.020 2 1 0 0 0.2000 0.2000 0.03 0.44 -0.158 -0.102 99133 104826 0.2670 0.2251 100 370 
0.021 2 1 0 0 0.2000 0.2000 0.24 0.44 -0.156 -0.080 99133 104826 0.2487 0.2251 100 380 
0.022 2 1 0 0 0.2000 0.2000 0.23 0.78 -0.165 -0.088 99133 104827 0.2487 0.1961 100 380 
0.023 2 1 0 0 0.2000 0.2000 0.58 0.78 -0.101 -0.060 99134 104827 0.2190 0.1961 100 380 
0.024 2 1 0 0 0.2000 0.2000 0.52 0.79 -0.096 0.003 99134 104827 0.2229 0.1961 100 340 
0.025 2 1 0 0 0.2000 0.2000 0.52 0.84 -0.084 0.059 99134 104827 0.2229 0.1914 100 350 
0.026 2 1 0 0 0.2000 0.2000 0.73 1.03 -0.091 0.092 99135 104828 0.2051 0.1761 100 360 
0.027 2 1 0 0 0.2000 0.2000 0.73 1.04 -0.024 0.120 99135 104828 0.2051 0.1761 100 340 
0.028 2 1 0 0 0.2000 0.2000 0.73 1.04 -0.020 0.169 99135 104828 0.2051 0.1761 100 350 
0.029 2 1 0 0 0.2000 0.2000 0.83 0.95 0.041 0.209 99136 104829 0.1961 0.1839 100 380 
0.030 2 1 0 0 0.2000 0.2000 0.82 0.96 0.029 0.221 99136 104829 0.1974 0.1839 100 380 
0.031 2 1 0 0 0.2000 0.2000 0.82 0.96 0.038 0.211 99136 104829 0.1974 0.1839 100 350 
0.032 2 1 0 0 0.2000 0.2000 0.82 0.78 0.073 0.205 99137 104830 0.1974 0.1990 100 380 
0.033 2 1 0 0 0.2000 0.2000 0.93 0.78 0.133 0.176 99137 104830 0.1886 0.1990 100 380 
0.034 2 1 0 0 0.2000 0.2000 0.93 0.78 0.101 0.130 99137 104830 0.1886 0.1990 100 350 
0.035 2 1 0 0 0.2000 0.2000 0.93 0.68 0.130 0.122 99137 104831 0.1886 0.2078 100 370 
0.036 2 1 0 0 0.2000 0.2000 1.05 0.67 0.131 0.065 99138 104831 0.1789 0.2078 100 380 
0.037 2 1 0 0 0.2000 0.2000 1.06 0.67 0.128 0.014 99138 104831 0.1789 0.2078 100 340 
0.038 2 1 0 0 0.2000 0.2000 1.06 0.75 0.116 -0.014 99138 104832 0.1789 0.2010 100 380 
0.039 2 1 0 0 0.2000 0.2000 1.10 0.75 0.153 -0.010 99139 104832 0.1764 0.2010 100 370 
0.040 2 1 0 0 0.2000 0.2000 1.10 0.75 0.204 0.018 99139 104832 0.1764 0.2010 100 340 
0.041 2 1 0 0 0.2000 0.2000 1.11 0.98 0.144 0.054 99139 104833 0.1764 0.1821 100 380 
0.042 2 1 0 0 0.2000 0.2000 1.12 0.99 0.136 0.114 99140 104833 0.1764 0.1821 100 380 
0.043 2 1 0 0 0.2000 0.2000 0.96 0.99 0.160 0.099 99140 104833 0.1899 0.1821 100 370 
0.044 2 1 0 0 0.2000 0.2000 0.96 0.99 0.163 0.179 99140 104834 0.1899 0.1821 100 350 
0.045 2 1 0 0 0.2000 0.2000 0.96 0.96 0.137 0.188 99141 104834 0.1899 0.1854 100 380 
0.046 2 1 0 0 0.2000 0.2000 0.71 0.96 0.141 0.194 99141 104834 0.2106 0.1854 100 370 
0.047 2 1 0 0 0.2000 0.2000 0.71 0.96 0.103 0.196 99141 104834 0.2106 0.1854 100 350 
0.048 2 1 0 0 0.2000 0.2000 0.55 0.77 0.038 0.141 99142 104835 0.2238 0.2019 100 350 
0.049 2 1 0 0 0.2000 0.2000 0.54 0.77 0.013 0.183 99142 104835 0.2238 0.2019 100 330 
0.050 2 1 0 0 0.2000 0.2000 0.54 0.56 -0.058 0.095 99142 104836 0.2238 0.2188 100 380 
0.051 2 1 0 0 0.2000 0.2000 0.57 0.56 -0.079 0.051 99143 104836 0.2207 0.2188 100 370 
0.052 2 1 0 0 0.2000 0.2000 0.56 0.55 -0.096 -0.023 99143 104836 0.2207 0.2188 100 340 
0.053 2 1 0 0 0.2000 0.2000 0.56 0.51 -0.089 -0.057 99143 104837 0.2207 0.2220 100 380 
0.054 2 1 0 0 0.2000 0.2000 0.70 0.51 -0.035 -0.093 99144 104837 0.2086 0.2220 100 370 
0.055 2 1 0 0 0.2000 0.2000 0.70 0.50 -0.037 -0.061 99144 104837 0.2086 0.2220 100 350 
0.056 2 1 0 0 0.2000 0.2000 0.70 0.68 -0.022 -0.058 99144 104838 0.2086 0.2064 100 380 
0.057 2 1 0 0 0.2000 0.2000 0.94 0.68 -0.039 -0.037 99145 104838 0.1882 0.2064 100 370 
0.058 2 1 0 0 0.2000 0.2000 0.94 0.68 0.003 -0.003 99145 104838 0.1882 0.2064 100 350 
0.059 2 1 0 0 0.2000 0.2000 0.95 0.83 0.060 -0.027 99145 104839 0.1882 0.1939 100 370 
0.060 2 1 0 0 0.2000 0.2000 1.02 0.83 0.148 -0.006 99145 104839 0.1825 0.1939 100 370 
0.061 2 1 0 0 0.2000 0.2000 1.23 0.83 0.139 0.063 99146 104839 0.1655 0.1939 100 370 
0.062 2 1 0 0 0.2000 0.2000 1.24 0.83 0.120 0.121 99146 104840 0.1655 0.1939 100 350 
0.063 2 1 0 0 0.2000 0.2000 1.25 0.97 0.197 0.139 99146 104840 0.1655 0.1825 100 360 
0.064 2 1 0 0 0.2000 0.2000 1.25 0.98 0.228 0.158 99147 104840 0.1655 0.1825 100 360 
0.065 2 1 0 0 0.2000 0.2000 1.22 0.98 0.254 0.118 99147 104840 0.1689 0.1825 100 380 
0.066 2 1 0 0 0.2000 0.2000 1.23 0.99 0.178 0.168 99147 104841 0.1689 0.1821 100 380 
0.067 2 1 0 0 0.2000 0.2000 1.24 1.00 0.178 0.171 99147 104841 0.1689 0.1821 100 370 
0.068 2 1 0 0 0.2000 0.2000 0.92 1.00 0.212 0.192 99148 104841 0.1956 0.1821 100 380 
0.069 2 1 0 0 0.2000 0.2000 0.92 0.95 0.201 0.236 99148 104842 0.1956 0.1869 100 370 
0.070 2 1 0 0 0.2000 0.2000 0.61 0.95 0.147 0.240 99149 104842 0.2216 0.1869 100 380 
0.071 2 1 0 0 0.2000 0.2000 0.60 0.95 0.039 0.150 99149 104842 0.2216 0.1869 100 340 
0.072 2 1 0 0 0.2000 0.2000 0.60 0.76 -0.004 0.177 99149 104843 0.2216 0.2029 100 380 
0.073 2 1 0 0 0.2000 0.2000 0.47 0.76 -0.028 0.111 99150 104843 0.2315 0.2029 100 390 
0.074 2 1 0 0 0.2000 0.2000 0.47 0.76 -0.052 0.061 99150 104843 0.2315 0.2029 100 340 
0.075 2 1 0 0 0.2000 0.2000 0.46 0.55 -0.063 0.043 99150 104844 0.2315 0.2201 100 380 
0.076 2 1 0 0 0.2000 0.2000 0.55 0.55 -0.077 -0.010 99151 104844 0.2236 0.2201 100 370 
0.077 2 1 0 0 0.2000 0.2000 0.54 0.54 -0.071 -0.026 99151 104844 0.2236 0.2201 100 340 
0.078 2 1 0 0 0.2000 0.2000 0.54 0.47 -0.067 -0.076 99151 104845 0.2236 0.2260 100 370 
0.079 2 1 0 0 0.2000 0.2000 0.67 0.46 -0.046 -0.082 99152 104845 0.2120 0.2260 100 370 
0.080 2 1 0 0 0.2000 0.2000 0.67 0.60 -0.042 -0.121 99152 104846 0.2120 0.2136 100 380 
0.081 2 1 0 0 0.2000 0.2000 0.66 0.60 -0.073 -0.072 99152 104846 0.2120 0.2136 100 370 
0.082 2 1 0 0 0.2000 0.2000 0.84 0.60 -0.043 -0.032 99153 104846 0.1972 0.2136 100 380 
0.083 2 1 0 0 0.2000 0.2000 0.84 0.74 -0.032 -0.063 99153 104847 0.1972 0.2016 100 350 
0.084 2 1 0 0 0.2000 0.2000 0.84 0.76 0.043 -0.068 99153 104847 0.1972 0.2000 100 380 
0.085 2 1 0 0 0.2000 0.2000 1.17 0.76 0.058 -0.137 99154 104847 0.1702 0.2000 100 370 
0.086 2 1 0 0 0.2000 0.2000 1.15 0.76 0.094 -0.056 99154 104847 0.1721 0.2000 100 370 
0.087 2 1 0 0 0.2000 0.2000 1.16 0.92 0.136 0.000 99154 104848 0.1721 0.1865 100 370 
0.088 2 1 0 0 0.2000 0.2000 1.17 0.93 0.143 -0.007 99154 104848 0.1721 0.1865 100 360 
0.089 2 1 0 0 0.2000 0.2000 1.28 0.93 0.155 0.102 99155 104848 0.1634 0.1865 100 380 
0.090 2 1 0 0 0.2000 0.2000 1.29 0.97 0.173 0.034 99155 104849 0.1634 0.1831 100 380 
0.091 2 1 0 0 0.2000 0.2000 1.30 0.98 0.214 0.169 99155 104849 0.1634 0.1831 100 370 
0.092 2 1 0 0 0.2000 0.2000 1.06 0.98 0.207 0.103 99156 104849 0.1839 0.1831 100 370 
0.093 2 1 0 0 0.2000 0.2000 1.06 0.85 0.178 0.065 99156 104850 0.1839 0.1944 100 380 
0.094 2 1 0 0 0.2000 0.2000 1.06 0.85 0.174 0.183 99156 104850 0.1839 0.1944 100 370 
0.095 2 1 0 0 0.2000 0.2000 0.77 0.85 0.136 0.103 99157 104850 0.2082 0.1944 100 380 
0.096 2 1 0 0 0.2000 0.2000 0.77 0.62 0.093 0.066 99157 104851 0.2082 0.2138 100 380 
0.097 2 1 0 0 0.2000 0.2000 0.77 0.61 0.040 0.057 99157 104851 0.2082 0.2138 100 360 
0.098 2 1 0 0 0.2000 0.2000 0.58 0.61 -0.001 -0.007 99158 104851 0.2236 0.2138 100 380 
0.099 2 1 0 0 0.2000 0.2000 0.57 0.46 -0.016 -0.067 99158 104852 0.2236 0.2256 100 370 
0.100 2 1 0 0 0.2000 0.2000 0.57 0.46 -0.013 -0.071 99159 104852 0.2236 0.2256 100 370 
0.101 2 1 1 0 0.3000 0.3000 1.95 1.86 -0.060 -0.072 99159 104852 0.2262 0.2256 100 370 
0.102 2 1 1 0 0.3000 0.3000 1.96 2.02 0.069 -0.129 99159 104853 0.2262 0.2138 100 370 
0.103 2 1 1 0 0.3000 0.3000 2.05 2.04 0.296 0.070 99160 104853 0.2204 0.2138 100 380 
0.104 2 1 1 0 0.3000 0.3000 2.07 2.05 0.303 0.347 99160 104854 0.2204 0.2150 100 380 
0.105 2 1 1 0 0.3000 0.3000 2.09 2.07 0.299 0.435 99160 104854 0.2204 0.2150 100 370 
0.106 2 1 1 0 0.3000 0.3000 1.96 2.09 0.347 0.295 99161 104854 0.2328 0.2150 100 380 
0.107 2 1 1 0 0.3000 0.3000 1.97 1.68 0.365 0.351 99161 104855 0.2328 0.2509 100 370 
0.108 2 1 1 0 0.3000 0.3000 1.72 1.69 0.337 0.298 99162 104855 0.2550 0.2509 100 370 
0.109 2 1 1 0 0.3000 0.3000 1.73 1.41 0.300 0.253 99162 104856 0.2550 0.2749 100 370 
0.110 2 1 1 0 0.3000 0.3000 1.45 1.42 0.319 0.250 99163 104856 0.2793 0.2749 100 370 
0.111 2 1 1 0 0.3000 0.3000 1.45 1.18 0.231 0.217 99163 104857 0.2793 0.2950 100 380 
0.112 2 1 1 0 0.3000 0.3000 1.46 1.18 0.178 0.099 99164 104857 0.2793 0.2950 100 370 
0.113 2 1 1 0 0.3000 0.3000 1.18 0.99 0.219 0.118 99164 104858 0.3030 0.3109 100 370 
0.114 2 1 1 0 0.3000 0.3000 0.93 0.99 0.205 0.145 99165 104858 0.3234 0.3109 100 380 
0.115 2 1 1 0 0.3000 0.3000 0.92 0.80 0.123 0.154 99165 104859 0.3234 0.3260 100 380 
0.116 2 1 1 0 0.3000 0.3000 0.75 0.79 0.108 0.199 99166 104859 0.3374 0.3260 100 390 
0.117 2 1 1 0 0.3000 0.3000 0.74 0.63 0.024 0.279 99166 104860 0.3374 0.3391 100 380 
0.118 2 1 1 0 0.3000 0.3000 0.69 0.62 -0.059 0.121 99167 104860 0.3401 0.3391 100 380 
0.119 2 1 1 0 0.3000 0.3000 0.69 0.57 -0.047 -0.034 99167 104861 0.3401 0.3424 100 370 
0.120 2 1 1 0 0.3000 0.3000 0.70 0.56 -0.049 -0.045 99168 104862 0.3381 0.3424 100 380 
0.121 2 1 1 0 0.3000 0.3000 0.69 0.63 -0.032 -0.045 99169 104862 0.3381 0.3356 100 370 
0.122 2 1 1 0 0.3000 0.3000 0.78 0.70 -0.066 -0.041 99169 104863 0.3302 0.3295 100 390 
0.123 2 1 1 0 0.3000 0.3000 0.77 0.69 -0.047 -0.035 99170 104863 0.3302 0.3295 100 370 
0.124 2 1 1 0 0.3000 0.3000 0.99 0.82 0.026 -0.026 99170 104864 0.3111 0.3183 100 380 
0.125 2 1 1 0 0.3000 0.3000 0.99 0.81 0.008 -0.129 99171 104864 0.3111 0.3183 100 370 
0.126 2 1 1 0 0.3000 0.3000 1.21 0.97 0.073 -0.131 99171 104865 0.2933 0.3051 100 380 
0.127 2 1 1 0 0.3000 0.3000 1.21 0.97 0.111 0.051 99171 104865 0.2933 0.3051 100 370 
0.128 2 1 1 0 0.3000 0.3000 1.26 1.02 0.127 0.225 99172 104866 0.2894 0.3009 100 380 
0.129 2 1 1 0 0.3000 0.3000 1.26 1.02 0.128 0.087 99172 104866 0.2894 0.3009 100 370 
0.130 2 1 1 0 0.3000 0.3000 1.15 0.92 0.132 0.062 99173 104867 0.2987 0.3091 100 380 
0.131 2 1 1 0 0.3000 0.3000 1.15 0.92 0.150 0.114 99173 104867 0.2987 0.3091 100 360 
0.132 2 1 1 0 0.3000 0.3000 0.99 0.78 0.165 0.081 99174 104868 0.3119 0.3204 100 380 
0.133 2 1 1 0 0.3000 0.3000 0.99 0.77 0.124 -0.041 99175 104868 0.3119 0.3204 100 370 
0.134 2 1 1 0 0.3000 0.3000 0.86 0.69 0.122 -0.037 99175 104869 0.3221 0.3272 100 370 
0.135 2 1 1 0 0.3000 0.3000 0.73 0.68 0.109 -0.041 99176 104869 0.3325 0.3272 100 380 
0.136 2 1 1 0 0.3000 0.3000 0.72 0.66 0.037 0.046 99176 104870 0.3325 0.3284 100 380 
0.137 2 1 1 0 0.3000 0.3000 0.74 0.65 -0.009 -0.010 99177 104870 0.3304 0.3284 100 370 
0.138 2 1 1 0 0.3000 0.3000 0.73 0.69 -0.061 -0.130 99177 104871 0.3304 0.3242 100 380 
0.139 2 1 1 0 0.3000 0.3000 0.93 0.69 -0.041 -0.182 99178 104871 0.3137 0.3242 100 380 
0.140 2 1 1 0 0.3000 0.3000 0.92 0.82 -0.016 -0.107 99178 104872 0.3137 0.3131 100 370 
0.141 2 1 1 0 0.3000 0.3000 1.12 0.81 -0.013 -0.063 99179 104872 0.2970 0.3131 100 380 
0.142 2 1 1 0 0.3000 0.3000 1.12 1.02 0.026 0.026 99179 104873 0.2970 0.2962 100 380 
0.143 2 1 1 0 0.3000 0.3000 1.13 1.02 0.086 0.019 99180 104873 0.2963 0.2962 100 370 
0.144 2 1 1 0 0.3000 0.3000 1.13 1.13 0.098 0.038 99180 104874 0.2963 0.2866 100 380 
0.145 2 1 1 0 0.3000 0.3000 1.13 1.14 0.130 0.094 99181 104874 0.2963 0.2866 100 380 
0.146 2 1 1 0 0.3000 0.3000 1.00 1.08 0.137 0.135 99181 104875 0.3072 0.2915 100 370 
0.147 2 1 1 0 0.3000 0.3000 0.89 1.08 0.151 0.287 99182 104875 0.3160 0.2915 100 380 
0.148 2 1 1 0 0.3000 0.3000 0.89 0.94 0.105 0.378 99182 104876 0.3160 0.3035 100 380 
0.149 2 1 1 0 0.3000 0.3000 0.78 0.94 0.112 0.159 99183 104876 0.3245 0.3035 100 380 
0.150 2 1 1 0 0.3000 0.3000 0.78 0.82 0.041 0.084 99183 104877 0.3245 0.3131 100 380 
0.151 2 1 1 0 0.3000 0.3000 0.69 0.82 0.048 0.118 99184 104877 0.3315 0.3131 100 380 
0.152 2 1 1 0 0.3000 0.3000 0.68 0.77 -0.024 0.074 99184 104878 0.3315 0.3169 100 380 
0.153 2 1 1 0 0.3000 0.3000 0.71 0.77 -0.030 -0.131 99185 104878 0.3286 0.3169 100 380 
0.154 2 1 1 0 0.3000 0.3000 0.70 0.75 -0.047 -0.042 99185 104879 0.3286 0.3182 100 380 
0.155 2 1 1 0 0.3000 0.3000 0.91 0.74 -0.035 -0.012 99186 104879 0.3110 0.3182 100 380 
0.156 2 1 1 0 0.3000 0.3000 0.90 0.81 0.018 0.079 99186 104880 0.3110 0.3118 100 370 
0.157 2 1 1 0 0.3000 0.3000 1.15 0.81 0.028 -0.143 99187 104880 0.2906 0.3118 100 380 
0.158 2 1 1 0 0.3000 0.3000 1.15 0.94 0.109 -0.066 99187 104881 0.2906 0.3010 100 380 
0.159 2 1 1 0 0.3000 0.3000 1.21 0.94 0.113 0.005 99188 104881 0.2856 0.3010 100 380 
0.160 2 1 1 0 0.3000 0.3000 1.22 1.04 0.112 -0.004 99188 104882 0.2856 0.2928 100 370 
0.161 2 1 1 0 0.3000 0.3000 1.11 1.04 0.126 0.089 99189 104882 0.2951 0.2928 100 370 
0.162 2 1 1 0 0.3000 0.3000 1.11 1.00 0.113 0.192 99189 104883 0.2951 0.2966 100 370 
0.163 2 1 1 0 0.3000 0.3000 0.96 1.00 0.094 0.240 99190 104883 0.3070 0.2966 100 380 
0.164 2 1 1 0 0.3000 0.3000 0.96 0.90 0.064 0.293 99190 104884 0.3070 0.3051 100 370 
0.165 2 1 1 0 0.3000 0.3000 0.84 0.89 0.112 0.277 99191 104884 0.3172 0.3051 100 380 
0.166 2 1 1 0 0.3000 0.3000 0.83 0.84 0.116 0.160 99191 104885 0.3172 0.3094 100 370 
0.167 2 1 1 0 0.3000 0.3000 0.75 0.84 0.048 0.102 99192 104885 0.3239 0.3094 100 380 
0.168 2 1 1 0 0.3000 0.3000 0.74 0.81 0.020 0.048 99192 104886 0.3239 0.3115 100 380 
0.169 2 1 1 0 0.3000 0.3000 0.77 0.81 -0.040 -0.043 99193 104886 0.3210 0.3115 100 370 
0.170 2 1 1 0 0.3000 0.3000 0.77 0.77 -0.024 -0.077 99193 104887 0.3210 0.3145 100 370 
0.171 2 1 1 0 0.3000 0.3000 0.95 0.77 -0.047 0.100 99194 104887 0.3055 0.3145 100 380 
0.172 2 1 1 0 0.3000 0.3000 0.95 0.78 -0.034 0.126 99194 104888 0.3055 0.3128 100 370 
0.173 2 1 1 0 0.3000 0.3000 1.15 0.78 0.032 0.117 99195 104888 0.2886 0.3128 100 380 
0.174 2 1 1 0 0.3000 0.3000 1.15 0.85 0.029 0.085 99195 104889 0.2886 0.3065 100 370 
0.175 2 1 1 0 0.3000 0.3000 1.17 0.85 0.086 0.055 99196 104889 0.2875 0.3065 100 370 
0.176 2 1 1 0 0.3000 0.3000 1.17 0.93 0.103 0.072 99196 104890 0.2875 0.2995 100 380 
0.177 2 1 1 0 0.3000 0.3000 1.06 0.94 0.159 0.048 99197 104890 0.2967 0.2995 100 380 
0.178 2 1 1 0 0.3000 0.3000 1.06 0.91 0.114 0.078 99197 104891 0.2967 0.3016 100 380 
0.179 2 1 1 0 0.3000 0.3000 0.93 0.91 0.120 0.107 99198 104891 0.3082 0.3016 100 370 
0.180 2 1 1 0 0.3000 0.3000 0.92 0.82 0.098 0.161 99198 104892 0.3082 0.3085 100 370 
0.181 2 1 1 0 0.3000 0.3000 0.80 0.82 0.056 0.255 99199 104892 0.3187 0.3085 100 380 
0.182 2 1 1 0 0.3000 0.3000 0.79 0.74 0.068 0.097 99199 104893 0.3187 0.3153 100 380 
0.183 2 1 1 0 0.3000 0.3000 0.72 0.73 0.003 -0.011 99200 104894 0.3243 0.3153 100 370 
0.184 2 1 1 0 0.3000 0.3000 0.71 0.73 0.019 -0.049 99200 104894 0.3243 0.3157 100 370 
0.185 2 1 1 0 0.3000 0.3000 0.72 0.72 -0.032 -0.043 99201 104895 0.3232 0.3157 100 380 
0.186 2 1 1 0 0.3000 0.3000 0.71 0.72 -0.058 0.004 99201 104895 0.3232 0.3156 100 380 
0.187 2 1 1 0 0.3000 0.3000 0.92 0.72 -0.074 0.048 99202 104896 0.3058 0.3156 100 380 
0.188 2 1 1 0 0.3000 0.3000 0.92 0.78 -0.009 0.032 99202 104896 0.3058 0.3103 100 370 
0.189 2 1 1 0 0.3000 0.3000 1.16 0.83 0.013 -0.000 99203 104897 0.2857 0.3058 100 380 
0.190 2 1 1 0 0.3000 0.3000 1.16 0.92 0.113 -0.006 99203 104897 0.2857 0.2981 100 380 
0.191 2 1 1 0 0.3000 0.3000 1.22 0.92 0.109 0.002 99204 104898 0.2813 0.2981 100 380 
0.192 2 1 1 0 0.3000 0.3000 1.23 1.00 0.139 0.029 99204 104898 0.2813 0.2912 100 370 
0.193 2 1 1 0 0.3000 0.3000 1.12 1.01 0.200 0.089 99205 104898 0.2900 0.2912 100 370 
0.194 2 1 1 0 0.3000 0.3000 1.13 0.95 0.173 0.229 99205 104899 0.2900 0.2964 100 380 
0.195 2 1 1 0 0.3000 0.3000 0.97 0.95 0.131 0.209 99206 104900 0.3032 0.2964 100 380 
0.196 2 1 1 0 0.3000 0.3000 0.97 0.80 0.116 0.120 99206 104900 0.3032 0.3088 100 370 
0.197 2 1 1 0 0.3000 0.3000 0.81 0.80 0.139 0.065 99207 104901 0.3158 0.3088 100 380 
0.198 2 1 1 0 0.3000 0.3000 0.81 0.70 0.141 0.032 99207 104901 0.3158 0.3164 100 380 
0.199 2 1 1 0 0.3000 0.3000 0.74 0.70 0.050 -0.005 99208 104902 0.3216 0.3164 100 370 
0.200 2 1 1 0 0.3000 0.3000 0.73 0.64 -0.026 0.007 99208 104902 0.3216 0.3206 100 380 
0.201 2 1 1 0 0.3000 0.3000 0.83 0.80 -0.039 -0.039 99209 104903 0.3126 0.3074 100 380 
0.202 2 1 2 0 0.4000 0.4000 2.24 2.07 0.001 0.037 99209 104903 0.3126 0.3186 100 370 
0.203 2 1 2 0 0.4000 0.4000 2.45 2.25 0.118 0.140 99210 104904 0.2971 0.3052 100 380 
0.204 2 1 2 0 0.4000 0.4000 2.48 2.17 0.263 0.285 99210 104904 0.2971 0.3140 100 380 
0.205 2 1 2 0 0.4000 0.4000 2.52 2.10 0.331 0.293 99211 104905 0.2958 0.3212 100 370 
0.206 2 1 2 0 0.4000 0.4000 2.54 2.12 0.384 0.338 99211 104905 0.2958 0.3212 100 360 
0.207 2 1 2 0 0.4000 0.4000 2.18 1.81 0.398 0.362 99212 104906 0.3276 0.3486 100 380 
0.208 2 1 2 0 0.4000 0.4000 2.20 1.82 0.380 0.369 99213 104906 0.3276 0.3486 100 370 
0.209 2 1 2 0 0.4000 0.4000 1.72 1.49 0.341 0.331 99213 104907 0.3683 0.3766 100 380 
0.210 2 1 2 0 0.4000 0.4000 1.34 1.19 0.317 0.379 99214 104908 0.4007 0.4025 100 370 
0.211 2 1 2 0 0.4000 0.4000 1.34 1.19 0.222 0.308 99215 104908 0.4007 0.4025 100 370 
0.212 2 1 2 0 0.4000 0.4000 1.06 1.00 0.200 0.193 99215 104909 0.4239 0.4173 100 380 
0.213 2 1 2 0 0.4000 0.4000 0.91 0.91 0.189 0.177 99216 104910 0.4358 0.4248 100 380 
0.214 2 1 2 0 0.4000 0.4000 0.97 0.90 0.056 0.083 99217 104911 0.4295 0.4248 100 390 
0.215 2 1 2 0 0.4000 0.4000 0.97 0.81 0.033 0.050 99217 104911 0.4295 0.4319 100 370 
0.216 2 1 2 0 0.4000 0.4000 1.03 0.81 0.063 0.061 99218 104912 0.4237 0.4317 100 380 
0.217 2 1 2 0 0.4000 0.4000 1.11 0.85 -0.003 0.052 99219 104913 0.4164 0.4275 100 380 
0.218 2 1 2 0 0.4000 0.4000 1.11 0.84 0.073 0.046 99220 104913 0.4164 0.4275 100 380 
0.219 2 1 2 0 0.4000 0.4000 1.12 0.91 0.060 0.023 99220 104914 0.4149 0.4217 100 380 
0.220 2 1 2 0 0.4000 0.4000 1.08 0.88 0.072 -0.006 99221 104915 0.4180 0.4233 100 380 
0.221 2 1 2 0 0.4000 0.4000 1.08 0.88 0.086 -0.007 99222 104915 0.4180 0.4233 100 380 
0.222 2 1 2 0 0.4000 0.4000 1.03 0.86 0.100 0.038 99222 104916 0.4215 0.4240 100 390 
0.223 2 1 2 0 0.4000 0.4000 1.01 0.87 0.065 0.063 99223 104917 0.4225 0.4230 100 380 
0.224 2 1 2 0 0.4000 0.4000 0.93 0.86 0.072 0.038 99224 104918 0.4292 0.4230 100 380 
0.225 2 1 2 0 0.4000 0.4000 0.92 0.86 0.019 0.031 99224 104918 0.4292 0.4224 100 370 
0.226 2 1 2 0 0.4000 0.4000 0.92 0.86 0.017 0.030 99225 104919 0.4288 0.4226 100 370 
0.227 2 1 2 0 0.4000 0.4000 0.99 0.85 0.044 0.057 99226 104920 0.4221 0.4226 100 390 
0.228 2 1 2 0 0.4000 0.4000 0.99 0.86 -0.028 0.031 99226 104920 0.4221 0.4216 100 380 
0.229 2 1 2 0 0.4000 0.4000 1.08 0.93 0.005 0.040 99227 104921 0.4141 0.4155 100 370 
0.230 2 1 2 0 0.4000 0.4000 1.08 1.00 0.032 0.019 99228 104922 0.4135 0.4089 100 380 
0.231 2 1 2 0 0.4000 0.4000 1.08 1.00 0.073 0.039 99228 104922 0.4135 0.4089 100 360 
0.232 2 1 2 0 0.4000 0.4000 1.02 1.00 0.060 0.064 99229 104923 0.4178 0.4092 100 370 
0.233 2 1 2 0 0.4000 0.4000 1.02 0.99 0.066 0.051 99230 104924 0.4177 0.4092 100 380 
0.234 2 1 2 0 0.4000 0.4000 1.02 0.97 0.064 0.044 99231 104924 0.4177 0.4113 100 380 
0.235 2 1 2 0 0.4000 0.4000 1.00 0.95 0.120 0.102 99231 104925 0.4190 0.4123 100 370 
0.236 2 1 2 0 0.4000 0.4000 0.90 0.95 0.104 0.125 99232 104926 0.4264 0.4125 100 380 
0.237 2 1 2 0 0.4000 0.4000 0.90 0.94 0.018 0.086 99233 104926 0.4264 0.4125 100 350 
0.238 2 1 2 0 0.4000 0.4000 0.89 0.92 -0.015 0.076 99233 104927 0.4265 0.4141 100 370 
0.239 2 1 2 0 0.4000 0.4000 0.96 0.94 -0.031 0.080 99234 104928 0.4199 0.4120 100 380 
0.240 2 1 2 0 0.4000 0.4000 1.06 0.94 0.021 0.072 99235 104928 0.4116 0.4120 100 380 
0.241 2 1 2 0 0.4000 0.4000 1.06 1.00 0.007 0.063 99235 104929 0.4116 0.4070 100 380 
0.242 2 1 2 0 0.4000 0.4000 1.09 1.05 0.017 0.051 99236 104930 0.4087 0.4028 100 380 
0.243 2 1 2 0 0.4000 0.4000 1.09 1.05 0.037 0.058 99237 104930 0.4087 0.4028 100 380 
0.244 2 1 2 0 0.4000 0.4000 1.05 1.02 0.045 0.100 99237 104931 0.4118 0.4049 100 380 
0.245 2 1 2 0 0.4000 0.4000 1.02 0.96 0.063 0.077 99238 104932 0.4135 0.4096 100 380 
0.246 2 1 2 0 0.4000 0.4000 0.98 0.96 -0.007 0.078 99239 104932 0.4166 0.4096 100 370 
0.247 2 1 2 0 0.4000 0.4000 0.98 0.92 0.006 0.117 99239 104933 0.4166 0.4128 100 370 
0.248 2 1 2 0 0.4000 0.4000 0.93 0.94 0.044 0.075 99240 104934 0.4207 0.4110 100 380 
0.249 2 1 2 0 0.4000 0.4000 0.93 0.94 0.002 0.066 99241 104934 0.4202 0.4110 100 370 
0.250 2 1 2 0 0.4000 0.4000 0.92 0.88 0.033 0.060 99241 104935 0.4202 0.4152 100 380 
0.251 2 1 2 0 0.4000 0.4000 1.01 0.86 0.044 0.061 99242 104936 0.4121 0.4166 100 380 
0.252 2 1 2 0 0.4000 0.4000 1.12 0.86 0.001 0.069 99243 104937 0.4034 0.4166 100 380 
0.253 2 1 2 0 0.4000 0.4000 1.12 0.90 0.056 0.035 99243 104937 0.4034 0.4123 100 380 
0.254 2 1 2 0 0.4000 0.4000 1.13 0.99 0.096 0.034 99244 104938 0.4025 0.4054 100 380 
0.255 2 1 2 0 0.4000 0.4000 1.08 0.98 0.049 0.009 99245 104938 0.4060 0.4054 100 370 
0.256 2 1 2 0 0.4000 0.4000 1.08 0.97 0.055 0.057 99245 104939 0.4060 0.4061 100 380 
0.257 2 1 2 0 0.4000 0.4000 1.03 0.92 0.061 0.073 99246 104940 0.4098 0.4109 100 380 
0.258 2 1 2 0 0.4000 0.4000 0.99 0.91 0.047 0.070 99247 104941 0.4135 0.4109 100 390 
0.259 2 1 2 0 0.4000 0.4000 0.98 0.87 0.056 0.045 99247 104941 0.4135 0.4142 100 370 
0.260 2 1 2 0 0.4000 0.4000 0.93 0.89 0.001 0.069 99248 104942 0.4179 0.4121 100 370 
0.261 2 1 2 0 0.4000 0.4000 0.90 0.89 -0.052 0.027 99249 104943 0.4198 0.4121 100 380 
0.262 2 1 2 0 0.4000 0.4000 0.90 0.84 -0.016 0.041 99250 104943 0.4198 0.4157 100 380 
0.263 2 1 2 0 0.4000 0.4000 0.97 0.84 -0.011 0.067 99250 104944 0.4129 0.4158 100 380 
0.264 2 1 2 0 0.4000 0.4000 1.07 0.83 0.003 0.067 99251 104945 0.4045 0.4158 100 380 
0.265 2 1 2 0 0.4000 0.4000 1.07 0.90 -0.077 0.011 99252 104945 0.4045 0.4103 100 380 
0.266 2 1 2 0 0.4000 0.4000 1.10 0.97 0.033 0.020 99252 104946 0.4020 0.4037 100 370 
0.267 2 1 2 0 0.4000 0.4000 1.08 0.97 0.086 0.019 99253 104947 0.4038 0.4037 100 380 
0.268 2 1 2 0 0.4000 0.4000 1.08 0.95 0.083 0.071 99254 104947 0.4038 0.4051 100 380 
0.269 2 1 2 0 0.4000 0.4000 1.04 0.90 0.068 0.080 99254 104948 0.4070 0.4099 100 380 
0.270 2 1 2 0 0.4000 0.4000 0.98 0.89 0.061 0.081 99255 104949 0.4118 0.4099 100 390 
0.271 2 1 2 0 0.4000 0.4000 0.98 0.89 0.025 0.086 99256 104949 0.4118 0.4098 100 380 
0.272 2 1 2 0 0.4000 0.4000 0.93 0.89 -0.022 0.090 99256 104950 0.4155 0.4100 100 370 
0.273 2 1 2 0 0.4000 0.4000 0.94 0.89 0.044 0.057 99257 104951 0.4145 0.4100 100 380 
0.274 2 1 2 0 0.4000 0.4000 0.93 0.85 -0.009 0.041 99258 104951 0.4145 0.4125 100 380 
0.275 2 1 2 0 0.4000 0.4000 0.99 0.85 0.002 0.057 99258 104952 0.4092 0.4122 100 370 
0.276 2 1 2 0 0.4000 0.4000 1.10 0.85 -0.003 0.022 99259 104953 0.4001 0.4122 100 380 
0.277 2 1 2 0 0.4000 0.4000 1.10 0.94 -0.036 0.047 99260 104953 0.4001 0.4045 100 380 
0.278 2 1 2 0 0.4000 0.4000 1.12 0.99 0.130 0.042 99260 104954 0.3989 0.4002 100 380 
0.279 2 1 2 0 0.4000 0.4000 1.08 0.99 0.151 0.027 99261 104955 0.4016 0.4002 100 370 
0.280 2 1 2 0 0.4000 0.4000 1.08 0.97 0.079 0.041 99262 104955 0.4016 0.4022 100 380 
0.281 2 1 2 0 0.4000 0.4000 1.03 0.91 0.049 0.092 99262 104956 0.4056 0.4070 100 370 
0.282 2 1 2 0 0.4000 0.4000 0.98 0.91 0.071 0.073 99263 104957 0.4099 0.4070 100 350 
0.283 2 1 2 0 0.4000 0.4000 0.98 0.84 0.109 0.069 99264 104957 0.4099 0.4120 90 370 
0.284 2 1 2 0 0.4000 0.4000 0.91 0.83 0.040 0.092 99264 104958 0.4153 0.4130 100 360 
0.285 2 1 2 0 0.4000 0.4000 0.89 0.83 0.063 0.039 99265 104959 0.4167 0.4130 100 370 
0.286 2 1 2 0 0.4000 0.4000 0.89 0.79 0.048 0.043 99266 104959 0.4167 0.4158 100 380 
0.287 2 1 2 0 0.4000 0.4000 0.95 0.80 0.065 0.038 99266 104960 0.4109 0.4142 100 370 
0.288 2 1 2 0 0.4000 0.4000 1.06 0.80 0.037 0.042 99267 104961 0.4018 0.4142 100 380 
0.289 2 1 2 0 0.4000 0.4000 1.06 0.88 0.064 0.012 99268 104961 0.4018 0.4076 100 380 
0.290 2 1 2 0 0.4000 0.4000 1.10 0.91 0.067 0.030 99268 104962 0.3988 0.4045 90 380 
0.291 2 1 2 0 0.4000 0.4000 1.07 1.00 0.097 0.024 99269 104963 0.4008 0.3975 100 370 
0.292 2 1 2 0 0.4000 0.4000 1.07 0.92 0.057 0.038 99270 104963 0.4008 0.4037 100 370 
0.293 2 1 2 0 0.4000 0.4000 1.04 0.89 0.071 0.065 99270 104964 0.4031 0.4067 100 380 
0.294 2 1 2 0 0.4000 0.4000 1.00 0.88 0.068 0.084 99271 104965 0.4069 0.4067 90 380 
0.295 2 1 2 0 0.4000 0.4000 0.99 0.85 0.120 0.080 99272 104965 0.4069 0.4090 100 380 
0.296 2 1 2 0 0.4000 0.4000 0.92 0.84 0.097 0.038 99272 104966 0.4132 0.4102 100 370 
0.297 2 1 2 0 0.4000 0.4000 0.92 0.91 0.056 0.029 99273 104967 0.4126 0.4044 100 380 
0.298 2 1 2 0 0.4000 0.4000 0.92 0.82 0.084 0.031 99274 104967 0.4126 0.4114 100 380 
0.299 2 1 2 0 0.4000 0.4000 0.97 0.83 -0.020 0.044 99274 104968 0.4079 0.4102 100 380 
0.300 2 1 2 0 0.4000 0.4000 1.08 0.83 0.004 0.039 99275 104969 0.3989 0.4102 100 370 
0.301 2 1 2 0 0.4000 0.4000 1.08 0.89 -0.047 0.042 99276 104969 0.3989 0.4049 100 380 
0.302 2 1 2 0 0.4000 0.4000 1.08 0.97 0.047 0.038 99276 104970 0.3991 0.3979 90 380 
0.303 2 1 3 0 0.5000 0.5000 2.43 2.39 0.160 0.035 99277 104971 0.4041 0.3979 100 370 
0.304 2 1 3 0 0.5000 0.5000 2.45 2.44 0.156 0.076 99278 104971 0.4041 0.3959 100 380 
0.305 2 1 3 0 0.5000 0.5000 2.46 2.40 0.273 0.222 99278 104972 0.4052 0.4013 100 380 
0.306 2 1 3 0 0.5000 0.5000 2.31 2.42 0.353 0.339 99279 104973 0.4192 0.4013 100 390 
0.307 2 1 3 0 0.5000 0.5000 2.33 2.23 0.322 0.388 99280 104973 0.4192 0.4186 100 380 
0.308 2 1 3 0 0.5000 0.5000 2.07 2.01 0.321 0.431 99280 104974 0.4427 0.4388 100 380 
0.309 2 1 3 0 0.5000 0.5000 1.90 1.80 0.279 0.392 99281 104975 0.4577 0.4573 100 370 
0.310 2 1 3 0 0.5000 0.5000 1.90 1.81 0.278 0.333 99282 104976 0.4587 0.4573 100 380 
0.311 2 1 3 0 0.5000 0.5000 1.80 1.73 0.210 0.263 99283 104976 0.4680 0.4649 100 340 
0.312 2 1 3 0 0.5000 0.5000 1.80 1.64 0.227 0.256 99284 104977 0.4680 0.4726 100 380 
0.313 2 1 3 0 0.5000 0.5000 1.66 1.58 0.214 0.261 99284 104978 0.4805 0.4782 100 370 
0.314 2 1 3 0 0.5000 0.5000 1.50 1.44 0.174 0.179 99285 104979 0.4938 0.4902 100 370 
0.315 2 1 3 0 0.5000 0.5000 1.39 1.44 0.136 0.176 99286 104980 0.5032 0.4902 100 370 
0.316 2 1 3 0 0.5000 0.5000 1.31 1.34 0.178 0.183 99287 104980 0.5100 0.4992 100 350 
0.317 2 1 3 0 0.5000 0.5000 1.31 1.25 0.191 0.186 99288 104981 0.5100 0.5060 100 380 
0.318 2 1 3 0 0.5000 0.5000 1.24 1.25 0.139 0.152 99289 104982 0.5156 0.5059 100 380 
0.319 2 1 3 0 0.5000 0.5000 1.20 1.15 0.029 0.123 99289 104983 0.5180 0.5144 100 380 
0.320 2 1 3 0 0.5000 0.5000 1.25 1.09 0.088 0.147 99290 104984 0.5139 0.5189 100 360 
0.321 2 1 3 0 0.5000 0.5000 1.30 1.09 0.029 0.123 99291 104985 0.5092 0.5189 100 390 
0.322 2 1 3 0 0.5000 0.5000 1.26 1.11 -0.019 0.071 99292 104986 0.5123 0.5169 100 350 
0.323 2 1 3 0 0.5000 0.5000 1.26 1.16 0.094 0.056 99293 104986 0.5123 0.5123 100 350 
0.324 2 1 3 0 0.5000 0.5000 1.22 1.11 -0.022 0.081 99294 104987 0.5150 0.5156 100 370 
0.325 2 1 3 0 0.5000 0.5000 1.20 1.07 0.078 0.069 99294 104988 0.5168 0.5193 100 370 
0.326 2 1 3 0 0.5000 0.5000 1.17 1.03 0.074 0.087 99295 104989 0.5189 0.5215 100 380 
0.327 2 1 3 0 0.5000 0.5000 1.13 1.08 0.103 0.107 99296 104990 0.5214 0.5175 100 370 
0.328 2 1 3 0 0.5000 0.5000 1.09 1.07 0.068 0.092 99297 104991 0.5247 0.5175 100 380 
0.329 2 1 3 0 0.5000 0.5000 1.14 1.02 0.105 0.070 99298 104992 0.5203 0.5212 100 350 
0.330 2 1 3 0 0.5000 0.5000 1.13 0.99 0.014 0.072 99299 104992 0.5203 0.5237 100 380 
0.331 2 1 3 0 0.5000 0.5000 1.19 1.04 0.037 0.057 99300 104993 0.5150 0.5189 100 380 
0.332 2 1 3 0 0.5000 0.5000 1.19 1.08 0.040 0.037 99300 104994 0.5149 0.5158 100 370 
0.333 2 1 3 0 0.5000 0.5000 1.17 1.06 0.183 0.046 99301 104995 0.5160 0.5164 100 360 
0.334 2 1 3 0 0.5000 0.5000 1.16 1.00 0.148 0.069 99302 104996 0.5168 0.5212 100 380 
0.335 2 1 3 0 0.5000 0.5000 1.13 1.00 0.150 0.047 99303 104997 0.5184 0.5212 100 380 
0.336 2 1 3 0 0.5000 0.5000 1.10 1.02 0.118 0.034 99304 104997 0.5209 0.5187 100 350 
0.337 2 1 3 0 0.5000 0.5000 1.09 1.03 0.065 0.052 99305 104998 0.5209 0.5178 100 380 
0.338 2 1 3 0 0.5000 0.5000 1.09 0.98 0.113 0.057 99305 104999 0.5204 0.5218 100 380 
0.339 2 1 3 0 0.5000 0.5000 1.14 0.95 0.084 0.047 99306 105000 0.5167 0.5236 100 380 
0.340 2 1 3 0 0.5000 0.5000 1.21 1.01 0.066 0.065 99307 105001 0.5102 0.5181 100 370 
0.341 2 1 3 0 0.5000 0.5000 1.21 1.00 0.011 0.037 99308 105002 0.5098 0.5181 100 380 
0.342 2 1 3 0 0.5000 0.5000 1.19 1.05 0.047 0.027 99309 105002 0.5111 0.5139 100 350 
0.343 2 1 3 0 0.5000 0.5000 1.19 1.02 0.019 0.025 99310 105003 0.5111 0.5161 100 380 
0.344 2 1 3 0 0.5000 0.5000 1.18 0.98 0.089 0.033 99311 105004 0.5116 0.5192 100 380 
0.345 2 1 3 0 0.5000 0.5000 1.13 0.99 0.077 0.027 99311 105005 0.5160 0.5183 100 380 
0.346 2 1 3 0 0.5000 0.5000 1.10 0.99 0.079 0.052 99312 105006 0.5176 0.5179 100 380 
0.347 2 1 3 0 0.5000 0.5000 1.08 0.96 0.101 0.051 99313 105007 0.5193 0.5201 100 370 
0.348 2 1 3 0 0.5000 0.5000 1.11 0.95 0.156 0.053 99314 105008 0.5164 0.5201 100 380 
0.349 2 1 3 0 0.5000 0.5000 1.18 0.94 0.160 0.004 99315 105008 0.5103 0.5202 100 350 
0.350 2 1 3 0 0.5000 0.5000 1.18 0.99 0.107 0.028 99316 105009 0.5103 0.5164 100 370 
0.351 2 1 3 0 0.5000 0.5000 1.19 1.04 0.121 0.023 99316 105010 0.5094 0.5119 100 380 
0.352 2 1 3 0 0.5000 0.5000 1.15 1.02 0.109 -0.003 99317 105011 0.5120 0.5133 100 380 
0.353 2 1 3 0 0.5000 0.5000 1.14 0.99 0.102 0.024 99318 105012 0.5124 0.5152 100 380 
0.354 2 1 3 0 0.5000 0.5000 1.15 0.99 0.037 0.042 99319 105013 0.5116 0.5152 100 380 
0.355 2 1 3 0 0.5000 0.5000 1.08 0.99 0.129 0.045 99320 105014 0.5173 0.5143 100 350 
0.356 2 1 3 0 0.5000 0.5000 1.07 0.99 0.103 0.056 99321 105014 0.5173 0.5143 100 380 
0.357 2 1 3 0 0.5000 0.5000 1.07 0.98 0.116 0.058 99321 105015 0.5171 0.5150 100 370 
0.358 2 1 3 0 0.5000 0.5000 1.11 0.97 0.045 0.042 99322 105016 0.5132 0.5152 100 380 
0.359 2 1 3 0 0.5000 0.5000 1.19 1.01 0.107 0.053 99323 105017 0.5068 0.5122 100 380 
0.360 2 1 3 0 0.5000 0.5000 1.19 1.08 0.149 0.043 99324 105018 0.5067 0.5062 100 370 
0.361 2 1 3 0 0.5000 0.5000 1.13 1.07 0.155 0.020 99325 105019 0.5114 0.5062 100 390 
0.362 2 1 3 0 0.5000 0.5000 1.13 1.07 0.160 0.037 99326 105019 0.5114 0.5066 100 380 
0.363 2 1 3 0 0.5000 0.5000 1.16 1.05 0.089 0.078 99326 105020 0.5089 0.5082 100 380 
0.364 2 1 3 0 0.5000 0.5000 1.16 1.07 0.091 0.030 99327 105021 0.5085 0.5063 100 370 
0.365 2 1 3 0 0.5000 0.5000 1.08 1.08 0.124 0.056 99328 105022 0.5151 0.5049 100 370 
0.366 2 1 3 0 0.5000 0.5000 1.06 1.21 0.155 0.072 99329 105023 0.5160 0.4947 100 380 
0.367 2 1 3 0 0.5000 0.5000 1.10 1.07 0.075 0.137 99330 105024 0.5125 0.5060 100 350 
0.368 2 1 3 0 0.5000 0.5000 1.10 1.08 0.010 0.114 99331 105024 0.5125 0.5050 100 380 
0.369 2 1 3 0 0.5000 0.5000 1.17 1.12 0.105 0.066 99332 105025 0.5064 0.5021 100 380 
0.370 2 1 3 0 0.5000 0.5000 1.17 1.17 0.019 0.078 99332 105026 0.5061 0.4979 100 380 
0.371 2 1 3 0 0.5000 0.5000 1.14 1.15 0.082 0.063 99333 105027 0.5085 0.4992 100 380 
0.372 2 1 3 0 0.5000 0.5000 1.16 1.15 0.090 0.070 99334 105028 0.5070 0.4992 100 380 
0.373 2 1 3 0 0.5000 0.5000 1.12 1.09 0.098 0.135 99335 105028 0.5096 0.5040 100 350 
0.374 2 1 3 0 0.5000 0.5000 1.12 1.08 0.139 0.097 99336 105029 0.5096 0.5046 100 370 
0.375 2 1 3 0 0.5000 0.5000 1.08 1.13 0.099 0.084 99337 105030 0.5124 0.5007 100 380 
0.376 2 1 3 0 0.5000 0.5000 1.08 1.07 0.096 0.104 99337 105031 0.5128 0.5058 100 370 
0.377 2 1 3 0 0.5000 0.5000 1.14 1.03 0.053 0.092 99338 105032 0.5077 0.5090 100 370 
0.378 2 1 3 0 0.5000 0.5000 1.22 1.03 0.123 0.052 99339 105033 0.5007 0.5090 100 380 
0.379 2 1 3 0 0.5000 0.5000 1.22 1.06 0.097 0.100 99340 105033 0.5004 0.5059 100 340 
0.380 2 1 3 0 0.5000 0.5000 1.22 1.14 0.062 0.131 99341 105034 0.5004 0.4997 100 380 
0.381 2 1 3 0 0.5000 0.5000 1.17 1.10 0.067 0.104 99341 105035 0.5044 0.5030 100 370 
0.382 2 1 3 0 0.5000 0.5000 1.17 1.05 0.107 0.062 99342 105036 0.5048 0.5068 100 380 
0.383 2 1 3 0 0.5000 0.5000 1.15 1.02 0.164 0.077 99343 105037 0.5065 0.5089 100 380 
0.384 2 1 3 0 0.5000 0.5000 1.12 1.02 0.136 0.092 99344 105038 0.5087 0.5089 100 380 
0.385 2 1 3 0 0.5000 0.5000 1.07 1.07 0.159 0.065 99345 105038 0.5120 0.5049 100 350 
0.386 2 1 3 0 0.5000 0.5000 1.07 1.01 0.073 0.042 99346 105039 0.5120 0.5090 100 380 
0.387 2 1 3 0 0.5000 0.5000 1.15 1.00 0.080 0.063 99347 105040 0.5053 0.5103 100 380 
0.388 2 1 3 0 0.5000 0.5000 1.17 1.04 0.072 0.095 99347 105041 0.5039 0.5062 100 370 
0.389 2 1 3 0 0.5000 0.5000 1.19 1.08 0.048 0.065 99348 105042 0.5018 0.5029 100 370 
0.390 2 1 3 0 0.5000 0.5000 1.18 1.08 0.066 0.001 99349 105043 0.5027 0.5029 100 380 
0.391 2 1 3 0 0.5000 0.5000 1.17 1.06 0.062 0.064 99350 105043 0.5036 0.5042 100 350 
0.392 2 1 3 0 0.5000 0.5000 1.17 1.00 0.087 0.005 99351 105044 0.5036 0.5096 100 360 
0.393 2 1 3 0 0.5000 0.5000 1.13 1.02 0.162 -0.023 99351 105045 0.5068 0.5077 100 370 
0.394 2 1 3 0 0.5000 0.5000 1.10 1.01 0.132 0.057 99352 105046 0.5087 0.5079 100 380 
0.395 2 1 3 0 0.5000 0.5000 1.10 0.97 0.076 0.082 99353 105047 0.5090 0.5117 100 380 
0.396 2 1 3 0 0.5000 0.5000 1.14 0.96 0.022 0.057 99354 105048 0.5056 0.5117 100 380 
0.397 2 1 3 0 0.5000 0.5000 1.22 0.94 0.048 0.056 99355 105048 0.4985 0.5135 100 350 
0.398 2 1 3 0 0.5000 0.5000 1.22 1.04 0.084 0.053 99356 105049 0.4985 0.5046 100 380 
0.399 2 1 3 0 0.5000 0.5000 1.21 1.09 0.072 0.069 99356 105050 0.4994 0.5007 100 380 
0.400 2 1 3 0 0.5000 0.5000 1.18 1.07 0.095 0.033 99357 105051 0.5016 0.5021 100 380 
0.401 2 1 3 0 0.5000 0.5000 1.16 1.07 0.101 0.050 99358 105052 0.5036 0.5021 100 380 
0.402 2 1 3 0 0.5000 0.5000 1.13 1.03 0.115 0.052 99359 105052 0.5060 0.5056 100 350 
0.403 2 1 3 0 0.5000 0.5000 1.09 1.02 0.139 0.011 99360 105053 0.5091 0.5064 100 350 
0.404 2 1 4 0 0.6000 0.6000 2.50 2.44 0.116 0.014 99361 105054 0.5091 0.5059 100 380 
0.405 2 1 4 0 0.6000 0.6000 2.50 2.41 0.211 0.074 99361 105055 0.5112 0.5103 100 380 
0.406 2 1 4 0 0.6000 0.6000 2.56 2.37 0.368 0.174 99362 105056 0.5078 0.5151 100 380 
0.407 2 1 4 0 0.6000 0.6000 2.48 2.24 0.390 0.211 99363 105057 0.5158 0.5274 100 380 
0.408 2 1 4 0 0.6000 0.6000 2.33 2.26 0.418 0.236 99364 105058 0.5306 0.5274 100 380 
0.409 2 1 4 0 0.6000 0.6000 2.10 2.10 0.398 0.324 99365 105059 0.5507 0.5417 100 350 
0.410 2 1 4 0 0.6000 0.6000 1.91 1.89 0.381 0.329 99366 105059 0.5673 0.5605 100 350 
0.411 2 1 4 0 0.6000 0.6000 1.89 1.72 0.357 0.260 99367 105060 0.5697 0.5750 100 350 
0.412 2 1 4 0 0.6000 0.6000 1.72 1.58 0.247 0.228 99368 105061 0.5842 0.5870 100 340 
0.413 2 1 4 0 0.6000 0.6000 1.73 1.47 0.180 0.203 99369 105062 0.5840 0.5965 100 370 
0.414 2 1 4 0 0.6000 0.6000 1.68 1.39 0.152 0.189 99370 105063 0.5880 0.6030 100 380 
0.415 2 1 4 0 0.6000 0.6000 1.66 1.32 0.144 0.140 99371 105064 0.5899 0.6089 100 380 
0.416 2 1 4 0 0.6000 0.6000 1.66 1.30 0.128 0.109 99372 105065 0.5901 0.6106 100 390 
0.417 2 1 4 0 0.6000 0.6000 1.59 1.30 0.107 0.042 99373 105066 0.5962 0.6097 100 380 
0.418 2 1 4 0 0.6000 0.6000 1.52 1.30 0.113 0.087 99374 105067 0.6016 0.6100 100 380 
0.419 2 1 4 0 0.6000 0.6000 1.56 1.28 0.131 -0.012 99375 105068 0.5985 0.6116 100 380 
0.420 2 1 4 0 0.6000 0.6000 1.54 1.31 0.143 -0.047 99376 105069 0.6007 0.6088 100 370 
0.421 2 1 4 0 0.6000 0.6000 1.43 1.32 0.158 0.070 99377 105070 0.6090 0.6076 100 380 
0.422 2 1 4 0 0.6000 0.6000 1.41 1.29 0.147 0.048 99378 105071 0.6112 0.6100 100 380 
0.423 2 1 4 0 0.6000 0.6000 1.41 1.30 0.049 0.051 99379 105072 0.6106 0.6089 100 380 
0.424 2 1 4 0 0.6000 0.6000 1.44 1.34 0.079 0.154 99380 105073 0.6083 0.6052 100 380 
0.425 2 1 4 0 0.6000 0.6000 1.42 1.36 0.086 0.093 99381 105074 0.6097 0.6041 100 390 
0.426 2 1 4 0 0.6000 0.6000 1.35 1.35 0.080 0.079 99382 105075 0.6147 0.6042 100 380 
0.427 2 1 4 0 0.6000 0.6000 1.35 1.31 0.099 0.084 99383 105076 0.6143 0.6080 100 380 
0.428 2 1 4 0 0.6000 0.6000 1.35 1.29 0.103 -0.005 99384 105077 0.6147 0.6094 100 380 
0.429 2 1 4 0 0.6000 0.6000 1.31 1.35 0.098 -0.055 99385 105078 0.6174 0.6042 100 380 
0.430 2 1 4 0 0.6000 0.6000 1.28 1.28 0.072 -0.025 99386 105079 0.6196 0.6097 100 380 
0.431 2 1 4 0 0.6000 0.6000 1.32 1.26 0.054 0.057 99387 105080 0.6161 0.6116 100 380 
0.432 2 1 4 0 0.6000 0.6000 1.38 1.27 -0.017 0.027 99388 105081 0.6106 0.6098 100 380 
0.433 2 1 4 0 0.6000 0.6000 1.37 1.31 0.029 0.116 99389 105082 0.6113 0.6063 100 380 
0.434 2 1 4 0 0.6000 0.6000 1.35 1.29 0.047 0.120 99390 105083 0.6126 0.6081 100 390 
0.435 2 1 4 0 0.6000 0.6000 1.34 1.24 0.044 0.093 99391 105084 0.6128 0.6124 100 370 
0.436 2 1 4 0 0.6000 0.6000 1.34 1.22 0.040 0.053 99392 105085 0.6126 0.6139 100 380 
0.437 2 1 4 0 0.6000 0.6000 1.33 1.28 0.053 -0.002 99393 105086 0.6133 0.6086 100 370 
0.438 2 1 4 0 0.6000 0.6000 1.29 1.22 0.094 -0.085 99394 105087 0.6169 0.6129 100 370 
0.439 2 1 4 0 0.6000 0.6000 1.32 1.18 0.073 0.025 99395 105088 0.6136 0.6161 100 380 
0.440 2 1 4 0 0.6000 0.6000 1.37 1.24 0.105 0.046 99396 105089 0.6091 0.6112 100 380 
0.441 2 1 4 0 0.6000 0.6000 1.36 1.27 0.094 0.074 99397 105090 0.6104 0.6085 100 380 
0.442 2 1 4 0 0.6000 0.6000 1.36 1.25 0.108 0.111 99398 105091 0.6100 0.6100 100 370 
0.443 2 1 4 0 0.6000 0.6000 1.33 1.19 0.122 0.118 99399 105092 0.6122 0.6142 100 380 
0.444 2 1 4 0 0.6000 0.6000 1.31 1.22 0.063 0.096 99400 105094 0.6136 0.6118 100 380 
0.445 2 1 4 0 0.6000 0.6000 1.33 1.23 0.071 0.035 99401 105094 0.6120 0.6107 100 390 
0.446 2 1 4 0 0.6000 0.6000 1.26 1.19 0.022 0.009 99402 105095 0.6169 0.6141 100 380 
0.447 2 1 4 0 0.6000 0.6000 1.36 1.14 0.056 -0.050 99403 105096 0.6083 0.6176 100 380 
0.448 2 1 4 0 0.6000 0.6000 1.35 1.22 0.024 0.038 99404 105097 0.6091 0.6107 100 340 
0.449 2 1 4 0 0.6000 0.6000 1.37 1.22 0.046 -0.141 99405 105098 0.6072 0.6105 100 370 
0.450 2 1 4 0 0.6000 0.6000 1.34 1.21 0.051 -0.016 99406 105099 0.6098 0.6114 100 380 
0.451 2 1 4 0 0.6000 0.6000 1.32 1.17 0.083 0.014 99407 105100 0.6112 0.6139 100 390 
0.452 2 1 4 0 0.6000 0.6000 1.30 1.17 0.029 0.085 99408 105102 0.6124 0.6136 100 380 
0.453 2 1 4 0 0.6000 0.6000 1.28 1.19 0.071 0.080 99409 105102 0.6136 0.6120 100 390 
0.454 2 1 4 0 0.6000 0.6000 1.31 1.16 0.096 0.119 99410 105103 0.6115 0.6139 100 350 
0.455 2 1 4 0 0.6000 0.6000 1.32 1.14 0.060 0.139 99411 105104 0.6098 0.6154 100 350 
0.456 2 1 4 0 0.6000 0.6000 1.32 1.18 -0.003 0.050 99412 105106 0.6103 0.6119 100 350 
0.457 2 1 4 0 0.6000 0.6000 1.29 1.23 -0.012 -0.027 99413 105106 0.6120 0.6080 100 350 
0.458 2 1 4 0 0.6000 0.6000 1.29 1.20 0.015 0.009 99414 105107 0.6121 0.6101 100 350 
0.459 2 1 4 0 0.6000 0.6000 1.32 1.18 0.024 -0.115 99415 105108 0.6095 0.6110 100 350 
0.460 2 1 4 0 0.6000 0.6000 1.24 1.19 0.078 -0.103 99416 105109 0.6154 0.6106 100 350 
0.461 2 1 4 0 0.6000 0.6000 1.26 1.19 0.031 0.036 99417 105110 0.6139 0.6104 100 340 
0.462 2 1 4 0 0.6000 0.6000 1.26 1.19 0.063 0.142 99418 105111 0.6137 0.6103 100 350 
0.463 2 1 4 0 0.6000 0.6000 1.32 1.16 0.047 0.172 99419 105112 0.6079 0.6123 100 340 
0.464 2 1 4 0 0.6000 0.6000 1.35 1.18 0.025 0.207 99420 105113 0.6058 0.6101 100 340 
0.465 2 1 4 0 0.6000 0.6000 1.24 1.23 0.014 -0.061 99421 105114 0.6148 0.6058 100 340 
0.466 2 1 4 0 0.6000 0.6000 1.35 1.23 0.006 -0.144 99422 105115 0.6056 0.6057 100 360 
0.467 2 1 4 0 0.6000 0.6000 1.33 1.22 0.051 0.063 99423 105116 0.6068 0.6064 100 350 
0.468 2 1 4 0 0.6000 0.6000 1.35 1.25 0.058 0.123 99424 105117 0.6047 0.6042 100 350 
0.469 2 1 4 0 0.6000 0.6000 1.28 1.27 0.065 0.197 99425 105118 0.6105 0.6025 100 350 
0.470 2 1 4 0 0.6000 0.6000 1.28 1.25 0.071 0.150 99426 105119 0.6106 0.6035 100 350 
0.471 2 1 4 0 0.6000 0.6000 1.33 1.26 0.070 0.065 99427 105120 0.6063 0.6028 100 350 
0.472 2 1 4 0 0.6000 0.6000 1.30 1.29 0.037 0.061 99428 105121 0.6084 0.6001 100 340 
0.473 2 1 4 0 0.6000 0.6000 1.29 1.35 0.024 0.045 99429 105122 0.6093 0.5957 100 350 
0.474 2 1 4 0 0.6000 0.6000 1.39 1.33 0.032 0.014 99430 105123 0.6011 0.5972 100 360 
0.475 2 1 4 0 0.6000 0.6000 1.27 1.29 0.062 0.030 99431 105124 0.6102 0.6003 100 350 
0.476 2 1 4 0 0.6000 0.6000 1.29 1.27 0.096 -0.066 99432 105125 0.6091 0.6022 100 350 
0.477 2 1 4 0 0.6000 0.6000 1.23 1.32 0.063 -0.032 99433 105126 0.6134 0.5975 100 350 
0.478 2 1 4 0 0.6000 0.6000 1.28 1.27 0.038 0.012 99434 105127 0.6088 0.6018 100 340 
0.479 2 1 4 0 0.6000 0.6000 1.35 1.25 0.106 0.090 99435 105128 0.6034 0.6041 100 350 
0.480 2 1 4 0 0.6000 0.6000 1.35 1.26 0.051 0.215 99436 105129 0.6034 0.6028 100 370 
0.481 2 1 4 0 0.6000 0.6000 1.35 1.32 0.052 0.165 99437 105130 0.6032 0.5982 100 380 
0.482 2 1 4 0 0.6000 0.6000 1.36 1.28 0.082 0.118 99438 105131 0.6019 0.6015 100 350 
0.483 2 1 4 0 0.6000 0.6000 1.29 1.24 0.069 0.103 99439 105132 0.6079 0.6049 100 370 
0.484 2 1 4 0 0.6000 0.6000 1.32 1.21 0.066 0.066 99440 105133 0.6055 0.6065 100 380 
0.485 2 1 4 0 0.6000 0.6000 1.31 1.26 0.087 -0.061 99441 105134 0.6060 0.6028 100 380 
0.486 2 1 4 0 0.6000 0.6000 1.30 1.22 0.070 -0.024 99442 105135 0.6063 0.6057 100 380 
0.487 2 1 4 0 0.6000 0.6000 1.38 1.18 0.066 -0.148 99443 105136 0.6001 0.6091 100 380 
0.488 2 1 4 0 0.6000 0.6000 1.45 1.23 0.052 -0.077 99444 105137 0.5941 0.6050 100 380 
0.489 2 1 4 0 0.6000 0.6000 1.44 1.28 0.040 -0.000 99445 105138 0.5949 0.6002 100 370 
0.490 2 1 4 0 0.6000 0.6000 1.43 1.23 0.079 0.051 99446 105139 0.5963 0.6047 100 380 
0.491 2 1 4 0 0.6000 0.6000 1.40 1.20 0.104 0.256 99447 105140 0.5986 0.6072 100 380 
0.492 2 1 4 0 0.6000 0.6000 1.37 1.22 0.128 0.152 99448 105141 0.6010 0.6055 100 380 
0.493 2 1 4 0 0.6000 0.6000 1.35 1.22 0.068 0.133 99449 105142 0.6023 0.6049 100 370 
0.494 2 1 4 0 0.6000 0.6000 1.37 1.18 0.060 0.105 99450 105143 0.6007 0.6080 100 370 
0.495 2 1 4 0 0.6000 0.6000 1.31 1.13 0.034 0.026 99451 105144 0.6058 0.6119 100 380 
0.496 2 1 4 0 0.6000 0.6000 1.41 1.21 0.048 -0.079 99452 105145 0.5975 0.6058 100 380 
0.497 2 1 4 0 0.6000 0.6000 1.39 1.25 0.056 -0.072 99453 105146 0.5994 0.6023 100 380 
0.498 2 1 4 0 0.6000 0.6000 1.37 1.19 0.066 -0.042 99454 105147 0.6007 0.6069 100 370 
0.499 2 1 4 0 0.6000 0.6000 1.35 1.18 0.049 0.156 99455 105148 0.6023 0.6074 100 380 
0.500 2 1 4 0 0.6000 0.6000 1.33 1.17 0.025 0.224 99456 105149 0.6038 0.6086 100 370 
0.501 2 1 4 0 0.6000 0.6000 1.31 1.19 0.082 0.141 99457 105150 0.6055 0.6067 100 380 
0.502 2 1 4 0 0.6000 0.6000 1.28 1.16 0.067 0.068 99458 105151 0.6082 0.6088 100 380 
0.503 2 1 4 0 0.6000 0.6000 1.30 1.14 0.043 0.024 99459 105152 0.6060 0.6102 100 380 
0.504 2 1 4 0 0.6000 0.6000 1.35 1.18 0.042 -0.095 99460 105153 0.6020 0.6065 100 370 
0.505 2 1 5 0 0.7000 0.7000 2.76 2.64 0.049 -0.094 99461 105154 0.6023 0.6024 100 370 
0.506 2 1 5 0 0.7000 0.7000 2.76 2.64 0.133 0.045 99461 105155 0.6041 0.6050 100 370 
0.507 2 1 5 0 0.7000 0.7000 2.74 2.65 0.268 0.221 99463 105156 0.6075 0.6052 100 380 
0.508 2 1 5 0 0.7000 0.7000 2.70 2.55 0.348 0.445 99464 105157 0.6128 0.6161 100 370 
0.509 2 1 5 0 0.7000 0.7000 2.52 2.41 0.341 0.421 99465 105158 0.6296 0.6291 100 370 
0.510 2 1 5 0 0.7000 0.7000 2.40 2.29 0.288 0.416 99466 105159 0.6407 0.6401 100 380 
0.511 2 1 5 0 0.7000 0.7000 2.30 2.15 0.255 0.313 99467 105160 0.6498 0.6528 100 380 
0.512 2 1 5 0 0.7000 0.7000 2.06 2.04 0.254 0.228 99468 105161 0.6707 0.6627 100 370 
0.513 2 1 5 0 0.7000 0.7000 1.88 1.96 0.224 0.192 99469 105162 0.6865 0.6703 100 340 
0.514 2 1 5 0 0.7000 0.7000 1.83 1.84 0.188 0.180 99470 105164 0.6904 0.6806 100 350 
0.515 2 1 5 0 0.7000 0.7000 1.80 1.75 0.193 0.284 99471 105165 0.6936 0.6886 100 340 
0.516 2 1 5 0 0.7000 0.7000 1.72 1.69 0.142 0.403 99472 105166 0.7005 0.6937 100 370 
0.517 2 1 5 0 0.7000 0.7000 1.65 1.64 0.112 0.223 99474 105167 0.7057 0.6982 100 380 
0.518 2 1 5 0 0.7000 0.7000 1.62 1.64 0.100 0.226 99475 105168 0.7079 0.6983 100 380 
0.519 2 1 5 0 0.7000 0.7000 1.63 1.61 0.082 0.152 99476 105169 0.7073 0.7007 100 380 
0.520 2 1 5 0 0.7000 0.7000 1.58 1.64 0.074 0.059 99477 105170 0.7114 0.6985 100 340 
0.521 2 1 5 0 0.7000 0.7000 1.57 1.60 0.081 -0.003 99478 105172 0.7116 0.7017 100 350 
0.522 2 1 5 0 0.7000 0.7000 1.61 1.52 0.068 0.057 99479 105173 0.7084 0.7084 100 380 
0.523 2 1 5 0 0.7000 0.7000 1.70 1.58 0.105 0.113 99481 105174 0.7006 0.7032 100 380 
0.524 2 1 5 0 0.7000 0.7000 1.72 1.54 0.071 0.209 99482 105175 0.6994 0.7063 100 370 
0.525 2 1 5 0 0.7000 0.7000 1.74 1.53 0.071 0.335 99483 105176 0.6976 0.7070 100 380 
0.526 2 1 5 0 0.7000 0.7000 1.73 1.53 0.067 0.189 99484 105178 0.6981 0.7071 100 390 
0.527 2 1 5 0 0.7000 0.7000 1.70 1.58 0.056 0.146 99485 105179 0.7011 0.7027 100 340 
0.528 2 1 5 0 0.7000 0.7000 1.66 1.52 0.120 0.114 99486 105180 0.7043 0.7072 100 340 
0.529 2 1 5 0 0.7000 0.7000 1.68 1.45 0.091 0.088 99487 105181 0.7024 0.7130 100 390 
0.530 2 1 5 0 0.7000 0.7000 1.62 1.51 0.105 0.071 99489 105182 0.7073 0.7077 100 380 
0.531 2 1 5 0 0.7000 0.7000 1.60 1.45 0.086 0.081 99490 105183 0.7088 0.7128 100 370 
0.532 2 1 5 0 0.7000 0.7000 1.63 1.41 0.101 0.117 99491 105185 0.7061 0.7154 100 380 
0.533 2 1 5 0 0.7000 0.7000 1.59 1.45 0.133 0.229 99492 105186 0.7090 0.7124 90 340 
0.534 2 1 5 0 0.7000 0.7000 1.58 1.72 0.041 0.202 99493 105187 0.7095 0.6892 100 390 
0.535 2 1 5 0 0.7000 0.7000 1.56 1.40 0.077 0.110 99494 105188 0.7111 0.7162 100 370 
0.536 2 1 5 0 0.7000 0.7000 1.55 1.44 0.082 0.061 99496 105189 0.7120 0.7129 100 370 
0.537 2 1 5 0 0.7000 0.7000 1.54 1.40 0.071 0.053 99497 105190 0.7126 0.7155 100 380 
0.538 2 1 5 0 0.7000 0.7000 1.53 1.37 0.063 0.051 99498 105191 0.7131 0.7175 100 370 
0.539 2 1 5 0 0.7000 0.7000 1.58 1.33 0.047 0.058 99499 105193 0.7084 0.7206 100 350 
0.540 2 1 5 0 0.7000 0.7000 1.57 1.37 0.045 0.045 99500 105194 0.7091 0.7168 100 380 
0.541 2 1 5 0 0.7000 0.7000 1.55 1.38 0.048 0.023 99501 105195 0.7111 0.7155 100 380 
0.542 2 1 5 0 0.7000 0.7000 1.53 1.36 0.037 0.105 99503 105196 0.7121 0.7168 100 390 
0.543 2 1 5 0 0.7000 0.7000 1.52 1.37 0.071 0.201 99504 105197 0.7128 0.7158 100 380 
0.544 2 1 5 0 0.7000 0.7000 1.50 1.39 0.084 0.111 99505 105199 0.7144 0.7139 100 380 
0.545 2 1 5 0 0.7000 0.7000 1.50 1.36 0.095 0.089 99506 105200 0.7142 0.7165 100 350 
0.546 2 1 5 0 0.7000 0.7000 1.53 1.38 0.074 0.060 99507 105201 0.7111 0.7141 100 380 
0.547 2 1 5 0 0.7000 0.7000 1.53 1.41 0.057 0.055 99508 105202 0.7112 0.7115 100 370 
0.548 2 1 5 0 0.7000 0.7000 1.50 1.39 0.026 -0.000 99510 105203 0.7133 0.7131 100 380 
0.549 2 1 5 0 0.7000 0.7000 1.49 1.38 0.006 0.028 99511 105204 0.7143 0.7139 100 390 
0.550 2 1 5 0 0.7000 0.7000 1.47 1.38 0.075 0.042 99512 105206 0.7152 0.7130 100 350 
0.551 2 1 5 0 0.7000 0.7000 1.47 1.37 0.039 0.198 99513 105207 0.7154 0.7136 100 350 
0.552 2 1 5 0 0.7000 0.7000 1.47 1.40 0.071 0.215 99514 105208 0.7149 0.7111 100 380 
0.553 2 1 5 0 0.7000 0.7000 1.51 1.32 0.050 0.075 99515 105209 0.7107 0.7174 100 380 
0.554 2 1 5 0 0.7000 0.7000 1.51 1.39 0.037 0.020 99517 105210 0.7108 0.7118 100 380 
0.555 2 1 5 0 0.7000 0.7000 1.47 1.39 0.005 0.023 99518 105211 0.7143 0.7113 100 380 
0.556 2 1 5 0 0.7000 0.7000 1.50 1.38 0.003 0.036 99519 105213 0.7109 0.7120 100 380 
0.557 2 1 5 0 0.7000 0.7000 1.46 1.41 0.055 0.050 99520 105214 0.7147 0.7088 100 340 
0.558 2 1 5 0 0.7000 0.7000 1.45 1.41 0.054 0.059 99521 105215 0.7150 0.7086 100 380 
0.559 2 1 5 0 0.7000 0.7000 1.47 1.42 0.035 0.053 99522 105216 0.7131 0.7075 100 380 
0.560 2 1 5 0 0.7000 0.7000 1.50 1.47 -0.007 0.146 99524 105217 0.7103 0.7034 100 380 
0.561 2 1 5 0 0.7000 0.7000 1.50 1.48 -0.007 0.136 99525 105218 0.7100 0.7028 100 370 
0.562 2 1 5 0 0.7000 0.7000 1.44 1.49 0.014 0.099 99526 105220 0.7146 0.7018 100 390 
0.563 2 1 5 0 0.7000 0.7000 1.49 1.46 0.064 0.103 99527 105221 0.7105 0.7042 100 350 
0.564 2 1 5 0 0.7000 0.7000 1.46 1.64 0.048 0.108 99528 105222 0.7128 0.6889 100 380 
0.565 2 1 5 0 0.7000 0.7000 1.44 1.42 0.045 0.079 99529 105223 0.7136 0.7074 100 380 
0.566 2 1 5 0 0.7000 0.7000 1.47 1.43 0.058 0.061 99531 105224 0.7110 0.7063 100 390 
0.567 2 1 5 0 0.7000 0.7000 1.53 1.44 0.063 0.144 99532 105225 0.7057 0.7059 100 370 
0.568 2 1 5 0 0.7000 0.7000 1.53 1.48 0.037 0.082 99533 105226 0.7059 0.7020 100 390 
0.569 2 1 5 0 0.7000 0.7000 1.49 1.45 0.011 0.064 99534 105228 0.7087 0.7050 100 350 
0.570 2 1 5 0 0.7000 0.7000 1.52 1.41 0.027 0.067 99535 105229 0.7063 0.7083 100 350 
0.571 2 1 5 0 0.7000 0.7000 1.52 1.46 0.041 0.027 99536 105230 0.7060 0.7036 100 380 
0.572 2 1 5 0 0.7000 0.7000 1.48 1.41 0.051 0.051 99538 105231 0.7093 0.7074 100 380 
0.573 2 1 5 0 0.7000 0.7000 1.51 1.38 0.057 0.088 99539 105232 0.7065 0.7100 100 370 
0.574 2 1 5 0 0.7000 0.7000 1.52 1.42 0.010 0.053 99540 105233 0.7060 0.7067 100 380 
0.575 2 1 5 0 0.7000 0.7000 1.52 1.45 0.025 0.075 99541 105235 0.7056 0.7039 100 350 
0.576 2 1 5 0 0.7000 0.7000 1.52 1.42 0.062 0.070 99542 105236 0.7055 0.7062 100 350 
0.577 2 1 5 0 0.7000 0.7000 1.50 1.42 0.074 0.049 99543 105237 0.7072 0.7064 100 380 
0.578 2 1 5 0 0.7000 0.7000 1.51 1.42 0.090 0.053 99545 105238 0.7059 0.7062 100 390 
0.579 2 1 5 0 0.7000 0.7000 1.51 1.38 0.078 0.068 99546 105239 0.7058 0.7092 100 370 
0.580 2 1 5 0 0.7000 0.7000 1.61 1.34 0.041 0.049 99547 105240 0.6977 0.7124 100 380 
0.581 2 1 5 0 0.7000 0.7000 1.61 1.40 0.053 0.060 99548 105241 0.6981 0.7072 100 350 
0.582 2 1 5 0 0.7000 0.7000 1.63 1.42 0.080 0.026 99549 105243 0.6962 0.7057 100 350 
0.583 2 1 5 0 0.7000 0.7000 1.60 1.40 0.067 0.016 99550 105244 0.6984 0.7072 100 350 
0.584 2 1 5 0 0.7000 0.7000 1.59 1.38 0.129 0.046 99551 105245 0.6996 0.7084 100 380 
0.585 2 1 5 0 0.7000 0.7000 1.58 1.40 0.104 0.050 99553 105246 0.7006 0.7067 100 380 
0.586 2 1 5 0 0.7000 0.7000 1.55 1.37 0.071 0.027 99554 105247 0.7029 0.7093 100 370 
0.587 2 1 5 0 0.7000 0.7000 1.61 1.35 0.023 0.080 99555 105248 0.6982 0.7101 100 390 
0.588 2 1 5 0 0.7000 0.7000 1.54 1.37 0.063 0.045 99556 105250 0.7036 0.7082 100 350 
0.589 2 1 5 0 0.7000 0.7000 1.53 1.41 0.056 0.017 99557 105251 0.7040 0.7049 100 340 
0.590 2 1 5 0 0.7000 0.7000 1.54 1.37 0.035 0.029 99558 105252 0.7033 0.7080 100 390 
0.591 2 1 5 0 0.7000 0.7000 1.55 1.42 0.100 -0.014 99560 105253 0.7029 0.7042 100 380 
0.592 2 1 5 0 0.7000 0.7000 1.50 1.44 0.058 0.020 99561 105254 0.7064 0.7022 100 380 
0.593 2 1 5 0 0.7000 0.7000 1.49 1.40 -0.001 0.070 99562 105255 0.7076 0.7058 100 370 
0.594 2 1 5 0 0.7000 0.7000 1.54 1.41 0.010 0.085 99563 105257 0.7028 0.7045 100 390 
0.595 2 1 5 0 0.7000 0.7000 1.56 1.40 0.008 0.042 99564 105258 0.7016 0.7052 100 350 
0.596 2 1 5 0 0.7000 0.7000 1.46 1.46 0.036 0.056 99565 105259 0.7100 0.7000 100 370 
0.597 2 1 5 0 0.7000 0.7000 1.54 1.38 0.062 0.038 99566 105260 0.7025 0.7073 100 370 
0.598 2 1 5 0 0.7000 0.7000 1.53 1.43 -0.027 0.066 99568 105261 0.7038 0.7023 100 380 
0.599 2 1 5 0 0.7000 0.7000 1.49 1.46 0.003 0.062 99569 105262 0.7066 0.7000 100 380 
0.600 2 1 5 0 0.7000 0.7000 1.50 1.43 0.063 0.045 99570 105263 0.7059 0.7027 100 390 
0.601 2 1 5 0 0.7000 0.7000 1.51 1.44 0.063 0.085 99571 105265 0.7047 0.7017 100 350 
0.602 2 1 5 0 0.7000 0.7000 1.51 1.48 0.077 0.033 99572 105266 0.7047 0.6988 100 350 
0.603 2 1 5 0 0.7000 0.7000 1.48 1.48 -0.012 0.015 99573 105267 0.7073 0.6983 100 380 
0.604 2 1 5 0 0.7000 0.7000 1.49 1.47 0.048 0.010 99575 105268 0.7063 0.6994 100 380 
0.605 2 1 5 0 0.7000 0.7000 1.49 1.45 0.139 0.040 99576 105269 0.7058 0.7011 100 380 
0.606 2 1 6 0 0.9000 0.9000 4.28 4.35 0.094 0.047 99577 105270 0.7089 0.6944 100 390 
0.607 2 1 6 0 0.9000 0.9000 4.34 4.36 0.234 0.165 99578 105271 0.7074 0.6976 100 350 
0.608 2 1 6 0 0.9000 0.9000 4.32 4.34 0.477 0.449 99579 105273 0.7131 0.7035 100 350 
0.609 2 1 6 0 0.9000 0.9000 4.08 3.94 0.565 0.586 99580 105274 0.7362 0.7408 100 370 
0.610 2 1 6 0 0.9000 0.9000 3.81 3.60 0.615 0.694 99582 105275 0.7623 0.7717 100 380 
0.611 2 1 6 0 0.9000 0.9000 3.35 3.31 0.649 0.656 99583 105277 0.8029 0.7981 100 390 
0.612 2 1 6 0 0.9000 0.9000 3.21 3.00 0.520 0.605 99584 105278 0.8166 0.8259 100 380 
0.613 2 1 6 0 0.9000 0.9000 3.08 2.81 0.432 0.486 99586 105279 0.8291 0.8428 100 370 
0.614 2 1 6 0 0.9000 0.9000 2.86 2.69 0.415 0.392 99587 105281 0.8482 0.8543 100 390 
0.615 2 1 6 0 0.9000 0.9000 2.70 2.52 0.364 0.344 99589 105282 0.8622 0.8687 100 380 
0.616 2 1 6 0 0.9000 0.9000 2.45 2.40 0.274 0.280 99590 105284 0.8840 0.8795 100 380 
0.617 2 1 6 0 0.9000 0.9000 2.37 2.21 0.283 0.263 99592 105285 0.8908 0.8958 100 390 
0.618 2 1 6 0 0.9000 0.9000 2.33 2.19 0.180 0.234 99593 105287 0.8947 0.8974 100 390 
0.619 2 1 6 0 0.9000 0.9000 2.28 2.08 0.078 0.179 99595 105288 0.8987 0.9058 100 380 
0.620 2 1 6 0 0.9000 0.9000 2.23 2.11 0.085 0.139 99596 105290 0.9030 0.9034 100 390 
0.621 2 1 6 0 0.9000 0.9000 2.21 2.02 0.112 0.120 99597 105291 0.9043 0.9106 100 380 
0.622 2 1 6 0 0.9000 0.9000 2.12 1.98 0.145 0.092 99599 105292 0.9111 0.9140 100 380 
0.623 2 1 6 0 0.9000 0.9000 2.06 1.95 0.123 0.116 99600 105294 0.9159 0.9162 100 370 
0.624 2 1 6 0 0.9000 0.9000 2.06 1.92 -0.010 0.102 99602 105296 0.9156 0.9187 100 390 
0.625 2 1 6 0 0.9000 0.9000 2.05 1.90 0.071 0.110 99604 105297 0.9161 0.9199 100 380 
0.626 2 1 6 0 0.9000 0.9000 2.02 1.90 0.096 0.053 99605 105299 0.9188 0.9193 100 370 
0.627 2 1 6 0 0.9000 0.9000 1.98 1.86 0.091 0.050 99607 105300 0.9214 0.9222 100 380 
0.628 2 1 6 0 0.9000 0.9000 1.98 1.85 0.128 0.070 99608 105302 0.9210 0.9228 100 390 
0.629 2 1 6 0 0.9000 0.9000 2.00 1.84 -0.006 0.049 99610 105303 0.9188 0.9232 100 390 
0.630 2 1 6 0 0.9000 0.9000 1.98 1.81 0.041 0.103 99611 105305 0.9205 0.9248 100 380 
0.631 2 1 6 0 0.9000 0.9000 1.97 1.78 0.033 0.065 99613 105306 0.9204 0.9271 100 380 
0.632 2 1 6 0 0.9000 0.9000 1.98 1.81 -0.012 0.049 99614 105308 0.9198 0.9239 100 380 
