%% logfile from robot Liv (36)
% Liv (36)
%  1    time 0.000 sec
%  2  3  4  5   (mission 0), state 2, entered (thread 1, line 0), events 0x0 (bit-flags)
%  6  7 Motor velocity ref left, right: 0.2000 0.2000
%  8  9 Motor voltage [V] left, right: 2.82 2.82
% 10 11 Motor current left, right [A]: -0.079 -0.088
% 12 13 Wheel velocity [m/s] left, right: 0.0000 -0.0000
% 14 15 Get data time [us]: 100 +ctrl 400
0.001 2 1 0 0 0.2000 0.2000 2.87 2.87 0.228 0.119 0.0000 -0.0000 100 330 
0.002 2 1 0 0 0.2000 0.2000 2.92 2.92 0.445 0.387 0.0000 -0.0000 100 340 
0.003 2 1 0 0 0.2000 0.2000 2.97 2.97 0.589 0.564 0.0000 -0.0000 100 330 
0.004 2 1 0 0 0.2000 0.2000 3.02 3.02 0.669 0.681 0.0000 -0.0000 100 330 
0.005 2 1 0 0 0.2000 0.2000 3.06 3.06 0.782 0.729 0.0000 0.0000 100 360 
0.006 2 1 0 0 0.2000 0.2000 3.11 3.11 0.837 0.777 0.0000 0.0000 100 360 
0.007 2 1 0 0 0.2000 0.2000 3.16 3.16 0.809 0.777 0.0000 0.0000 100 360 
0.008 2 1 0 0 0.2000 0.2000 3.21 1.17 0.844 0.818 0.0000 0.1679 100 370 
0.009 2 1 0 0 0.2000 0.2000 3.26 1.18 0.761 0.737 0.0000 0.1679 100 370 
0.010 2 1 0 0 0.2000 0.2000 3.30 1.19 0.801 0.431 0.0000 0.1679 100 370 
0.011 2 1 0 0 0.2000 0.2000 1.12 0.19 0.817 0.300 0.1839 0.2511 100 380 
0.012 2 1 0 0 0.2000 0.2000 1.13 0.17 0.586 0.233 0.1839 0.2511 100 370 
0.013 2 1 0 0 0.2000 0.2000 1.13 0.16 0.308 0.090 0.1839 0.2511 100 370 
0.014 2 1 0 0 0.2000 0.2000 0.35 0.15 0.269 0.016 0.2487 0.2511 100 390 
0.015 2 1 0 0 0.2000 0.2000 0.34 0.14 0.124 -0.058 0.2487 0.2511 100 360 
0.016 2 1 0 0 0.2000 0.2000 0.10 0.35 0.005 -0.116 0.2672 0.2328 100 380 
0.017 2 1 0 0 0.2000 0.2000 0.09 0.34 -0.055 -0.113 0.2672 0.2328 90 370 
0.018 2 1 0 0 0.2000 0.2000 0.12 0.33 -0.123 -0.117 0.2632 0.2328 100 380 
0.019 2 1 0 0 0.2000 0.2000 0.10 0.66 -0.140 -0.135 0.2632 0.2051 100 380 
0.020 2 1 0 0 0.2000 0.2000 0.09 0.66 -0.107 -0.082 0.2632 0.2051 100 370 
0.021 2 1 0 0 0.2000 0.2000 0.31 0.66 -0.116 -0.060 0.2432 0.2051 100 380 
0.022 2 1 0 0 0.2000 0.2000 0.30 0.94 -0.137 -0.026 0.2432 0.1813 100 390 
0.023 2 1 0 0 0.2000 0.2000 0.52 0.95 -0.142 -0.003 0.2242 0.1813 100 370 
0.024 2 1 0 0 0.2000 0.2000 0.54 0.95 -0.126 0.093 0.2223 0.1813 100 380 
0.025 2 1 0 0 0.2000 0.2000 0.54 0.96 -0.062 0.146 0.2223 0.1813 100 340 
0.026 2 1 0 0 0.2000 0.2000 0.71 1.00 -0.111 0.188 0.2071 0.1785 100 350 
0.027 2 1 0 0 0.2000 0.2000 0.71 1.00 -0.037 0.180 0.2071 0.1785 100 340 
0.028 2 1 0 0 0.2000 0.2000 0.71 1.01 -0.021 0.188 0.2071 0.1785 100 340 
0.029 2 1 0 0 0.2000 0.2000 0.79 0.73 -0.000 0.199 0.2001 0.2018 100 380 
0.030 2 1 0 0 0.2000 0.2000 0.82 0.73 0.019 0.145 0.1979 0.2018 100 380 
0.031 2 1 0 0 0.2000 0.2000 0.82 0.73 0.029 0.095 0.1979 0.2018 100 340 
0.032 2 1 0 0 0.2000 0.2000 0.82 0.50 0.159 0.048 0.1979 0.2209 100 370 
0.033 2 1 0 0 0.2000 0.2000 0.94 0.49 0.112 0.019 0.1885 0.2209 100 380 
0.034 2 1 0 0 0.2000 0.2000 0.94 0.47 0.172 -0.038 0.1885 0.2219 100 380 
0.035 2 1 0 0 0.2000 0.2000 0.94 0.47 0.107 -0.051 0.1885 0.2219 100 370 
0.036 2 1 0 0 0.2000 0.2000 1.06 0.47 0.098 -0.051 0.1788 0.2219 100 370 
0.037 2 1 0 0 0.2000 0.2000 1.07 0.65 0.121 -0.062 0.1788 0.2062 100 380 
0.038 2 1 0 0 0.2000 0.2000 1.07 0.65 0.138 -0.089 0.1788 0.2062 100 370 
0.039 2 1 0 0 0.2000 0.2000 1.04 0.65 0.169 -0.034 0.1818 0.2062 100 380 
0.040 2 1 0 0 0.2000 0.2000 1.04 0.80 0.147 -0.051 0.1818 0.1936 100 340 
0.041 2 1 0 0 0.2000 0.2000 1.05 0.96 0.163 -0.024 0.1818 0.1806 100 380 
0.042 2 1 0 0 0.2000 0.2000 1.05 0.96 0.123 0.087 0.1818 0.1806 100 380 
0.043 2 1 0 0 0.2000 0.2000 0.88 0.97 0.126 0.159 0.1964 0.1806 100 380 
0.044 2 1 0 0 0.2000 0.2000 0.88 1.11 0.084 0.133 0.1964 0.1691 100 380 
0.045 2 1 0 0 0.2000 0.2000 0.68 1.12 0.123 0.161 0.2132 0.1691 100 380 
0.046 2 1 0 0 0.2000 0.2000 0.68 1.12 0.050 0.158 0.2132 0.1691 100 350 
0.047 2 1 0 0 0.2000 0.2000 0.67 0.86 -0.016 0.199 0.2132 0.1919 100 370 
0.048 2 1 0 0 0.2000 0.2000 0.58 0.86 -0.026 0.196 0.2210 0.1919 100 380 
0.049 2 1 0 0 0.2000 0.2000 0.57 0.86 -0.072 0.123 0.2210 0.1919 100 350 
0.050 2 1 0 0 0.2000 0.2000 0.57 0.53 -0.099 0.110 0.2210 0.2196 100 370 
0.051 2 1 0 0 0.2000 0.2000 0.66 0.52 -0.073 0.049 0.2132 0.2196 100 380 
0.052 2 1 0 0 0.2000 0.2000 0.65 0.52 -0.074 -0.008 0.2132 0.2196 100 340 
0.053 2 1 0 0 0.2000 0.2000 0.65 0.39 -0.098 -0.087 0.2132 0.2300 100 380 
0.054 2 1 0 0 0.2000 0.2000 0.76 0.38 -0.055 -0.105 0.2041 0.2300 100 380 
0.055 2 1 0 0 0.2000 0.2000 0.75 0.37 -0.042 -0.097 0.2041 0.2300 100 350 
0.056 2 1 0 0 0.2000 0.2000 0.75 0.48 -0.003 -0.070 0.2041 0.2201 100 370 
0.057 2 1 0 0 0.2000 0.2000 0.97 0.48 0.003 -0.061 0.1861 0.2201 100 380 
0.058 2 1 0 0 0.2000 0.2000 0.97 0.58 0.014 -0.065 0.1861 0.2111 100 350 
0.059 2 1 0 0 0.2000 0.2000 0.98 0.63 0.053 -0.058 0.1861 0.2072 100 370 
0.060 2 1 0 0 0.2000 0.2000 0.98 0.63 0.142 -0.052 0.1861 0.2072 100 370 
0.061 2 1 0 0 0.2000 0.2000 1.19 0.62 0.091 -0.075 0.1694 0.2072 100 380 
0.062 2 1 0 0 0.2000 0.2000 1.19 0.86 0.156 -0.052 0.1694 0.1876 100 380 
0.063 2 1 0 0 0.2000 0.2000 1.20 0.86 0.213 0.005 0.1694 0.1876 100 370 
0.064 2 1 0 0 0.2000 0.2000 1.21 0.87 0.211 0.046 0.1694 0.1876 100 370 
0.065 2 1 0 0 0.2000 0.2000 1.16 1.09 0.130 0.076 0.1737 0.1697 100 350 
0.066 2 1 0 0 0.2000 0.2000 1.17 1.16 0.200 0.107 0.1737 0.1639 100 380 
0.067 2 1 0 0 0.2000 0.2000 1.18 1.17 0.177 0.229 0.1737 0.1639 100 370 
0.068 2 1 0 0 0.2000 0.2000 0.90 1.18 0.186 0.262 0.1969 0.1639 100 380 
0.069 2 1 0 0 0.2000 0.2000 0.90 1.14 0.173 0.259 0.1969 0.1682 100 380 
0.070 2 1 0 0 0.2000 0.2000 0.90 1.15 0.123 0.164 0.1969 0.1682 100 380 
0.071 2 1 0 0 0.2000 0.2000 0.72 1.15 0.095 0.109 0.2123 0.1682 100 370 
0.072 2 1 0 0 0.2000 0.2000 0.71 0.85 0.034 0.214 0.2123 0.1941 100 380 
0.073 2 1 0 0 0.2000 0.2000 0.59 0.85 0.007 0.191 0.2226 0.1941 100 380 
0.074 2 1 0 0 0.2000 0.2000 0.58 0.85 -0.042 0.157 0.2226 0.1941 100 350 
0.075 2 1 0 0 0.2000 0.2000 0.58 0.56 -0.060 0.063 0.2226 0.2183 100 380 
0.076 2 1 0 0 0.2000 0.2000 0.59 0.55 -0.081 0.107 0.2209 0.2183 100 370 
0.077 2 1 0 0 0.2000 0.2000 0.59 0.55 -0.089 0.006 0.2209 0.2183 100 340 
0.078 2 1 0 0 0.2000 0.2000 0.58 0.47 -0.092 -0.017 0.2209 0.2249 100 380 
0.079 2 1 0 0 0.2000 0.2000 0.63 0.46 -0.060 -0.076 0.2164 0.2249 100 380 
0.080 2 1 0 0 0.2000 0.2000 0.63 0.45 -0.064 -0.079 0.2164 0.2249 100 350 
0.081 2 1 0 0 0.2000 0.2000 0.62 0.60 -0.031 -0.066 0.2164 0.2121 100 370 
0.082 2 1 0 0 0.2000 0.2000 0.77 0.60 -0.051 -0.028 0.2040 0.2121 100 380 
0.083 2 1 0 0 0.2000 0.2000 0.77 0.61 -0.042 -0.007 0.2040 0.2108 100 340 
0.084 2 1 0 0 0.2000 0.2000 0.77 0.83 0.015 -0.018 0.2040 0.1923 100 370 
0.085 2 1 0 0 0.2000 0.2000 1.07 0.83 0.048 -0.084 0.1791 0.1923 100 370 
0.086 2 1 0 0 0.2000 0.2000 1.07 0.84 0.081 -0.082 0.1791 0.1923 100 340 
0.087 2 1 0 0 0.2000 0.2000 1.08 1.08 0.073 0.019 0.1791 0.1721 100 380 
0.088 2 1 0 0 0.2000 0.2000 1.08 1.09 0.128 0.178 0.1791 0.1721 100 370 
0.089 2 1 0 0 0.2000 0.2000 1.27 1.10 0.169 0.172 0.1642 0.1721 100 380 
0.090 2 1 0 0 0.2000 0.2000 1.28 1.10 0.152 0.129 0.1642 0.1721 100 350 
0.091 2 1 0 0 0.2000 0.2000 1.29 1.12 0.182 0.130 0.1642 0.1715 100 380 
0.092 2 1 0 0 0.2000 0.2000 1.10 1.12 0.188 0.098 0.1801 0.1715 100 380 
0.093 2 1 0 0 0.2000 0.2000 1.11 1.13 0.174 0.155 0.1801 0.1715 100 340 
0.094 2 1 0 0 0.2000 0.2000 1.11 0.99 0.156 0.170 0.1801 0.1840 100 380 
0.095 2 1 0 0 0.2000 0.2000 0.77 0.99 0.165 0.235 0.2088 0.1840 100 380 
0.096 2 1 0 0 0.2000 0.2000 0.77 0.99 0.083 0.194 0.2088 0.1840 100 340 
0.097 2 1 0 0 0.2000 0.2000 0.76 0.73 0.024 0.101 0.2088 0.2062 100 380 
0.098 2 1 0 0 0.2000 0.2000 0.54 0.73 -0.008 0.080 0.2273 0.2062 100 380 
0.099 2 1 0 0 0.2000 0.2000 0.53 0.73 -0.046 0.042 0.2273 0.2062 100 340 
0.100 2 1 0 0 0.2000 0.2000 0.53 0.54 -0.054 0.035 0.2273 0.2214 100 380 
0.101 2 1 1 0 0.3000 0.3000 1.91 1.95 -0.050 0.004 0.2293 0.2214 100 380 
0.102 2 1 1 0 0.3000 0.3000 1.92 1.97 0.050 -0.036 0.2293 0.2214 100 340 
0.103 2 1 1 0 0.3000 0.3000 2.01 2.00 0.202 0.225 0.2232 0.2198 100 350 
0.104 2 1 1 0 0.3000 0.3000 2.03 2.02 0.292 0.305 0.2232 0.2198 100 340 
0.105 2 1 1 0 0.3000 0.3000 2.05 1.87 0.282 0.256 0.2232 0.2339 100 370 
0.106 2 1 1 0 0.3000 0.3000 1.94 1.89 0.285 0.283 0.2342 0.2339 100 380 
0.107 2 1 1 0 0.3000 0.3000 1.95 1.90 0.281 0.309 0.2342 0.2339 100 340 
0.108 2 1 1 0 0.3000 0.3000 1.73 1.56 0.335 0.410 0.2541 0.2631 100 350 
0.109 2 1 1 0 0.3000 0.3000 1.74 1.57 0.319 0.395 0.2541 0.2631 100 340 
0.110 2 1 1 0 0.3000 0.3000 1.41 1.27 0.273 0.309 0.2820 0.2888 100 350 
0.111 2 1 1 0 0.3000 0.3000 1.41 1.27 0.216 0.199 0.2820 0.2888 100 340 
0.112 2 1 1 0 0.3000 0.3000 1.08 1.08 0.188 0.107 0.3096 0.3051 100 350 
0.113 2 1 1 0 0.3000 0.3000 1.08 1.08 0.122 0.224 0.3096 0.3051 100 350 
0.114 2 1 1 0 0.3000 0.3000 0.85 0.94 0.137 0.302 0.3288 0.3166 100 340 
0.115 2 1 1 0 0.3000 0.3000 0.84 0.93 0.106 0.081 0.3288 0.3166 100 350 
0.116 2 1 1 0 0.3000 0.3000 0.72 0.80 0.076 0.081 0.3379 0.3272 100 350 
0.117 2 1 1 0 0.3000 0.3000 0.71 0.68 0.001 0.069 0.3379 0.3371 100 380 
0.118 2 1 1 0 0.3000 0.3000 0.84 0.67 -0.042 0.037 0.3266 0.3371 100 380 
0.119 2 1 1 0 0.3000 0.3000 0.83 0.64 -0.054 0.042 0.3266 0.3385 100 370 
0.120 2 1 1 0 0.3000 0.3000 0.91 0.63 0.019 -0.080 0.3202 0.3385 100 380 
0.121 2 1 1 0 0.3000 0.3000 0.90 0.74 0.057 -0.035 0.3202 0.3290 100 370 
0.122 2 1 1 0 0.3000 0.3000 0.92 0.73 0.052 -0.008 0.3183 0.3290 100 380 
0.123 2 1 1 0 0.3000 0.3000 0.92 0.81 0.037 -0.106 0.3183 0.3220 100 380 
0.124 2 1 1 0 0.3000 0.3000 1.01 0.80 0.039 -0.083 0.3099 0.3220 100 370 
0.125 2 1 1 0 0.3000 0.3000 1.01 0.86 0.100 -0.113 0.3099 0.3170 100 380 
0.126 2 1 1 0 0.3000 0.3000 1.10 0.85 0.045 -0.143 0.3022 0.3170 100 370 
0.127 2 1 1 0 0.3000 0.3000 1.10 0.95 0.075 0.103 0.3022 0.3090 100 380 
0.128 2 1 1 0 0.3000 0.3000 1.08 0.94 0.098 0.001 0.3038 0.3090 100 380 
0.129 2 1 1 0 0.3000 0.3000 1.08 0.97 0.105 0.141 0.3038 0.3065 100 390 
0.130 2 1 1 0 0.3000 0.3000 0.99 0.97 0.136 0.126 0.3109 0.3065 100 370 
0.131 2 1 1 0 0.3000 0.3000 0.99 0.90 0.107 0.088 0.3109 0.3120 100 370 
0.132 2 1 1 0 0.3000 0.3000 0.88 0.90 0.088 0.111 0.3202 0.3120 100 380 
0.133 2 1 1 0 0.3000 0.3000 0.77 0.76 0.094 0.143 0.3284 0.3231 100 340 
0.134 2 1 1 0 0.3000 0.3000 0.76 0.76 0.054 0.128 0.3284 0.3231 100 350 
0.135 2 1 1 0 0.3000 0.3000 0.72 0.70 0.028 -0.045 0.3316 0.3274 100 350 
0.136 2 1 1 0 0.3000 0.3000 0.71 0.66 -0.004 -0.094 0.3316 0.3298 100 370 
0.137 2 1 1 0 0.3000 0.3000 0.78 0.66 -0.032 -0.003 0.3252 0.3298 100 380 
0.138 2 1 1 0 0.3000 0.3000 0.78 0.66 -0.043 -0.066 0.3252 0.3291 100 350 
0.139 2 1 1 0 0.3000 0.3000 0.97 0.65 -0.071 -0.125 0.3084 0.3291 100 370 
0.140 2 1 1 0 0.3000 0.3000 0.97 0.74 -0.004 -0.120 0.3084 0.3214 100 380 
0.141 2 1 1 0 0.3000 0.3000 1.15 0.73 0.038 -0.189 0.2933 0.3214 100 380 
0.142 2 1 1 0 0.3000 0.3000 1.15 0.94 0.074 -0.096 0.2933 0.3037 100 370 
0.143 2 1 1 0 0.3000 0.3000 1.15 0.94 0.069 0.062 0.2934 0.3037 100 380 
0.144 2 1 1 0 0.3000 0.3000 1.16 1.05 0.083 0.046 0.2934 0.2943 100 370 
0.145 2 1 1 0 0.3000 0.3000 1.01 1.05 0.137 0.213 0.3053 0.2943 100 370 
0.146 2 1 1 0 0.3000 0.3000 1.01 0.98 0.098 0.073 0.3053 0.3004 100 380 
0.147 2 1 1 0 0.3000 0.3000 0.87 0.98 0.113 0.054 0.3168 0.3004 100 370 
0.148 2 1 1 0 0.3000 0.3000 0.87 0.81 0.082 0.046 0.3168 0.3144 100 370 
0.149 2 1 1 0 0.3000 0.3000 0.76 0.81 0.049 0.081 0.3253 0.3144 100 370 
0.150 2 1 1 0 0.3000 0.3000 0.75 0.69 0.020 0.071 0.3253 0.3242 100 380 
0.151 2 1 1 0 0.3000 0.3000 0.68 0.68 0.001 0.028 0.3308 0.3242 100 380 
0.152 2 1 1 0 0.3000 0.3000 0.67 0.63 -0.027 -0.051 0.3308 0.3281 100 380 
0.153 2 1 1 0 0.3000 0.3000 0.71 0.62 -0.049 -0.046 0.3268 0.3281 100 380 
0.154 2 1 1 0 0.3000 0.3000 0.71 0.65 -0.088 -0.070 0.3268 0.3254 100 370 
0.155 2 1 1 0 0.3000 0.3000 0.91 0.64 -0.097 -0.079 0.3093 0.3254 100 370 
0.156 2 1 1 0 0.3000 0.3000 0.91 0.75 -0.023 -0.110 0.3093 0.3156 100 380 
0.157 2 1 1 0 0.3000 0.3000 1.17 0.75 0.040 -0.140 0.2882 0.3156 100 380 
0.158 2 1 1 0 0.3000 0.3000 1.17 0.95 0.055 -0.182 0.2882 0.2985 100 380 
0.159 2 1 1 0 0.3000 0.3000 1.25 0.95 0.072 -0.070 0.2817 0.2985 100 370 
0.160 2 1 1 0 0.3000 0.3000 1.25 1.07 0.112 0.049 0.2817 0.2892 100 370 
0.161 2 1 1 0 0.3000 0.3000 1.15 1.07 0.136 0.167 0.2908 0.2892 100 380 
0.162 2 1 1 0 0.3000 0.3000 1.15 1.00 0.124 0.251 0.2908 0.2952 100 370 
0.163 2 1 1 0 0.3000 0.3000 0.98 1.00 0.113 0.294 0.3048 0.2952 100 360 
0.164 2 1 1 0 0.3000 0.3000 0.98 0.84 0.133 0.097 0.3048 0.3083 100 370 
0.165 2 1 1 0 0.3000 0.3000 0.85 0.84 0.127 0.098 0.3151 0.3083 100 380 
0.166 2 1 1 0 0.3000 0.3000 0.85 0.72 0.140 0.100 0.3151 0.3179 100 370 
0.167 2 1 1 0 0.3000 0.3000 0.73 0.72 0.072 0.089 0.3250 0.3179 100 370 
0.168 2 1 1 0 0.3000 0.3000 0.72 0.66 -0.023 0.072 0.3250 0.3223 100 370 
0.169 2 1 1 0 0.3000 0.3000 0.73 0.66 -0.069 -0.027 0.3236 0.3223 100 380 
0.170 2 1 1 0 0.3000 0.3000 0.73 0.68 -0.059 -0.049 0.3236 0.3200 100 380 
0.171 2 1 1 0 0.3000 0.3000 0.91 0.67 -0.050 -0.105 0.3084 0.3200 100 380 
0.172 2 1 1 0 0.3000 0.3000 0.90 0.79 -0.016 -0.049 0.3084 0.3103 100 370 
0.173 2 1 1 0 0.3000 0.3000 1.13 0.78 0.034 -0.122 0.2898 0.3103 100 380 
0.174 2 1 1 0 0.3000 0.3000 1.13 0.99 0.045 0.011 0.2898 0.2931 100 380 
0.175 2 1 1 0 0.3000 0.3000 1.18 0.99 0.077 0.087 0.2859 0.2931 100 380 
0.176 2 1 1 0 0.3000 0.3000 1.18 1.13 0.099 0.176 0.2859 0.2821 100 370 
0.177 2 1 1 0 0.3000 0.3000 1.06 1.13 0.138 0.170 0.2961 0.2821 100 380 
0.178 2 1 1 0 0.3000 0.3000 1.06 1.09 0.139 0.103 0.2961 0.2858 100 380 
0.179 2 1 1 0 0.3000 0.3000 0.95 1.09 0.108 0.111 0.3056 0.2858 100 380 
0.180 2 1 1 0 0.3000 0.3000 0.95 0.95 0.079 0.101 0.3056 0.2980 100 370 
0.181 2 1 1 0 0.3000 0.3000 0.89 0.95 0.106 0.239 0.3101 0.2980 100 380 
0.182 2 1 1 0 0.3000 0.3000 0.89 0.84 0.085 0.294 0.3101 0.3074 100 380 
0.183 2 1 1 0 0.3000 0.3000 0.76 0.83 0.055 0.137 0.3208 0.3074 100 370 
0.184 2 1 1 0 0.3000 0.3000 0.75 0.77 0.005 0.066 0.3208 0.3126 100 380 
0.185 2 1 1 0 0.3000 0.3000 0.78 0.77 -0.023 -0.042 0.3182 0.3126 100 380 
0.186 2 1 1 0 0.3000 0.3000 0.78 0.75 -0.025 -0.003 0.3182 0.3137 100 370 
0.187 2 1 1 0 0.3000 0.3000 0.95 0.75 0.012 0.038 0.3033 0.3137 100 370 
0.188 2 1 1 0 0.3000 0.3000 0.95 0.81 0.064 0.031 0.3033 0.3079 100 370 
0.189 2 1 1 0 0.3000 0.3000 1.12 0.81 0.075 0.070 0.2889 0.3079 100 380 
0.190 2 1 1 0 0.3000 0.3000 1.13 0.93 0.103 0.018 0.2889 0.2978 100 380 
0.191 2 1 1 0 0.3000 0.3000 1.15 0.93 0.110 0.035 0.2875 0.2978 100 370 
0.192 2 1 1 0 0.3000 0.3000 1.15 1.02 0.099 0.068 0.2875 0.2907 100 370 
0.193 2 1 1 0 0.3000 0.3000 1.03 1.02 0.118 0.176 0.2971 0.2907 100 380 
0.194 2 1 1 0 0.3000 0.3000 1.04 0.96 0.103 0.258 0.2971 0.2956 100 380 
0.195 2 1 1 0 0.3000 0.3000 0.91 0.97 0.102 0.158 0.3076 0.2956 100 380 
0.196 2 1 1 0 0.3000 0.3000 0.91 0.86 0.127 0.149 0.3076 0.3045 100 380 
0.197 2 1 1 0 0.3000 0.3000 0.80 0.86 0.096 0.138 0.3163 0.3045 100 380 
0.198 2 1 1 0 0.3000 0.3000 0.80 0.77 0.065 0.109 0.3163 0.3114 100 380 
0.199 2 1 1 0 0.3000 0.3000 0.73 0.77 0.019 0.119 0.3214 0.3114 100 380 
0.200 2 1 1 0 0.3000 0.3000 0.73 0.76 -0.011 0.154 0.3214 0.3117 100 360 
0.201 2 1 1 0 0.3000 0.3000 0.77 0.76 -0.046 0.111 0.3173 0.3117 100 380 
0.202 2 1 2 0 0.4000 0.4000 2.18 2.20 -0.076 0.042 0.3173 0.3093 100 380 
0.203 2 1 2 0 0.4000 0.4000 2.40 2.22 0.055 0.061 0.3005 0.3093 100 370 
0.204 2 1 2 0 0.4000 0.4000 2.43 2.28 0.218 0.239 0.3005 0.3062 100 370 
0.205 2 1 2 0 0.4000 0.4000 2.52 2.30 0.312 0.330 0.2949 0.3062 100 380 
0.206 2 1 2 0 0.4000 0.4000 2.54 2.15 0.384 0.393 0.2949 0.3207 100 380 
0.207 2 1 2 0 0.4000 0.4000 2.19 2.17 0.368 0.465 0.3261 0.3207 100 380 
0.208 2 1 2 0 0.4000 0.4000 2.21 1.86 0.410 0.521 0.3261 0.3473 100 380 
0.209 2 1 2 0 0.4000 0.4000 1.76 1.49 0.366 0.399 0.3645 0.3790 100 380 
0.210 2 1 2 0 0.4000 0.4000 1.39 1.50 0.313 0.332 0.3960 0.3790 100 380 
0.211 2 1 2 0 0.4000 0.4000 1.39 1.18 0.263 0.263 0.3960 0.4055 100 380 
0.212 2 1 2 0 0.4000 0.4000 1.11 0.99 0.233 0.201 0.4192 0.4209 100 370 
0.213 2 1 2 0 0.4000 0.4000 0.94 0.99 0.121 0.151 0.4329 0.4209 100 380 
0.214 2 1 2 0 0.4000 0.4000 0.86 0.93 0.101 0.122 0.4389 0.4253 100 360 
0.215 2 1 2 0 0.4000 0.4000 0.85 0.84 0.049 0.090 0.4389 0.4320 100 370 
0.216 2 1 2 0 0.4000 0.4000 0.90 0.84 -0.035 0.054 0.4337 0.4315 100 380 
0.217 2 1 2 0 0.4000 0.4000 1.10 0.83 -0.005 0.062 0.4165 0.4315 100 370 
0.218 2 1 2 0 0.4000 0.4000 1.10 0.91 -0.025 0.014 0.4165 0.4246 100 380 
0.219 2 1 2 0 0.4000 0.4000 1.20 0.97 0.025 0.023 0.4080 0.4192 100 380 
0.220 2 1 2 0 0.4000 0.4000 1.17 0.97 0.088 0.042 0.4097 0.4192 100 380 
0.221 2 1 2 0 0.4000 0.4000 1.17 0.96 0.067 0.047 0.4097 0.4193 100 380 
0.222 2 1 2 0 0.4000 0.4000 1.13 0.89 0.106 0.036 0.4128 0.4244 100 380 
0.223 2 1 2 0 0.4000 0.4000 1.06 0.89 0.095 0.054 0.4186 0.4244 100 390 
0.224 2 1 2 0 0.4000 0.4000 1.05 0.88 0.057 0.084 0.4186 0.4242 100 380 
0.225 2 1 2 0 0.4000 0.4000 0.99 0.88 0.047 0.070 0.4235 0.4242 100 370 
0.226 2 1 2 0 0.4000 0.4000 0.98 0.87 0.039 0.048 0.4239 0.4242 100 380 
0.227 2 1 2 0 0.4000 0.4000 1.03 0.83 0.041 0.045 0.4188 0.4276 100 350 
0.228 2 1 2 0 0.4000 0.4000 1.03 0.80 0.060 0.052 0.4188 0.4291 100 380 
0.229 2 1 2 0 0.4000 0.4000 1.12 0.88 0.017 0.043 0.4112 0.4220 100 370 
0.230 2 1 2 0 0.4000 0.4000 1.11 0.88 0.049 -0.010 0.4118 0.4220 100 390 
0.231 2 1 2 0 0.4000 0.4000 1.10 0.94 0.042 0.016 0.4118 0.4166 100 370 
0.232 2 1 2 0 0.4000 0.4000 1.08 0.92 0.042 0.010 0.4140 0.4176 100 380 
0.233 2 1 2 0 0.4000 0.4000 1.03 0.92 0.073 0.024 0.4177 0.4176 100 360 
0.234 2 1 2 0 0.4000 0.4000 1.02 0.86 0.034 0.061 0.4177 0.4214 100 380 
0.235 2 1 2 0 0.4000 0.4000 0.98 0.84 -0.057 0.045 0.4212 0.4228 100 380 
0.236 2 1 2 0 0.4000 0.4000 0.92 0.84 0.017 0.046 0.4254 0.4228 100 380 
0.237 2 1 2 0 0.4000 0.4000 0.91 0.83 0.017 0.039 0.4254 0.4232 100 380 
0.238 2 1 2 0 0.4000 0.4000 0.89 0.80 0.056 -0.003 0.4270 0.4247 100 370 
0.239 2 1 2 0 0.4000 0.4000 0.96 0.80 0.015 0.023 0.4207 0.4247 100 380 
0.240 2 1 2 0 0.4000 0.4000 0.95 0.81 0.005 0.012 0.4207 0.4231 100 350 
0.241 2 1 2 0 0.4000 0.4000 1.05 0.88 -0.053 -0.016 0.4123 0.4170 100 380 
0.242 2 1 2 0 0.4000 0.4000 1.08 0.94 0.005 0.024 0.4094 0.4115 100 380 
0.243 2 1 2 0 0.4000 0.4000 1.08 0.94 0.021 0.004 0.4094 0.4115 100 380 
0.244 2 1 2 0 0.4000 0.4000 1.06 0.92 0.013 0.058 0.4105 0.4127 100 370 
0.245 2 1 2 0 0.4000 0.4000 1.02 0.96 0.113 0.028 0.4136 0.4092 100 370 
0.246 2 1 2 0 0.4000 0.4000 1.01 0.87 0.056 0.053 0.4144 0.4161 100 360 
0.247 2 1 2 0 0.4000 0.4000 1.01 0.86 -0.005 0.039 0.4144 0.4173 100 380 
0.248 2 1 2 0 0.4000 0.4000 0.92 0.84 0.026 0.069 0.4213 0.4186 100 380 
0.249 2 1 2 0 0.4000 0.4000 0.92 0.83 0.016 0.046 0.4209 0.4186 100 370 
0.250 2 1 2 0 0.4000 0.4000 0.92 0.82 0.014 0.037 0.4209 0.4188 100 380 
0.251 2 1 2 0 0.4000 0.4000 0.99 0.85 -0.060 0.039 0.4144 0.4166 100 380 
0.252 2 1 2 0 0.4000 0.4000 1.08 0.84 0.013 0.046 0.4067 0.4166 100 380 
0.253 2 1 2 0 0.4000 0.4000 1.08 0.92 0.072 0.031 0.4067 0.4104 100 370 
0.254 2 1 2 0 0.4000 0.4000 1.09 1.00 0.099 0.036 0.4058 0.4029 100 370 
0.255 2 1 2 0 0.4000 0.4000 1.02 1.00 0.050 0.035 0.4113 0.4029 100 380 
0.256 2 1 2 0 0.4000 0.4000 1.02 1.01 0.054 0.067 0.4113 0.4018 100 380 
0.257 2 1 2 0 0.4000 0.4000 1.01 1.00 0.099 0.095 0.4115 0.4033 100 380 
0.258 2 1 2 0 0.4000 0.4000 0.98 0.99 0.045 0.092 0.4139 0.4033 100 380 
0.259 2 1 2 0 0.4000 0.4000 0.98 1.01 0.111 0.073 0.4139 0.4018 100 370 
0.260 2 1 2 0 0.4000 0.4000 0.89 1.00 0.063 0.101 0.4211 0.4024 100 380 
0.261 2 1 2 0 0.4000 0.4000 0.89 1.00 0.030 0.072 0.4206 0.4024 100 380 
0.262 2 1 2 0 0.4000 0.4000 0.88 0.97 -0.071 0.075 0.4206 0.4051 100 380 
0.263 2 1 2 0 0.4000 0.4000 0.94 0.99 0.005 0.100 0.4153 0.4038 100 380 
0.264 2 1 2 0 0.4000 0.4000 1.06 0.98 -0.026 0.088 0.4054 0.4038 100 380 
0.265 2 1 2 0 0.4000 0.4000 1.06 1.03 0.055 0.107 0.4054 0.4002 100 370 
0.266 2 1 2 0 0.4000 0.4000 1.08 1.06 -0.049 0.073 0.4030 0.3973 100 380 
0.267 2 1 2 0 0.4000 0.4000 1.05 1.06 0.011 0.060 0.4054 0.3973 100 380 
0.268 2 1 2 0 0.4000 0.4000 1.05 1.02 0.055 0.058 0.4054 0.4008 100 370 
0.269 2 1 2 0 0.4000 0.4000 1.02 0.95 0.068 0.083 0.4076 0.4065 100 380 
0.270 2 1 2 0 0.4000 0.4000 0.99 0.95 0.097 0.078 0.4104 0.4065 100 380 
0.271 2 1 2 0 0.4000 0.4000 0.99 0.91 0.068 0.089 0.4104 0.4096 100 380 
0.272 2 1 2 0 0.4000 0.4000 0.93 0.93 0.021 0.055 0.4148 0.4076 100 370 
0.273 2 1 2 0 0.4000 0.4000 0.93 0.93 -0.057 0.084 0.4147 0.4076 100 380 
0.274 2 1 2 0 0.4000 0.4000 0.93 0.88 -0.026 0.090 0.4147 0.4113 100 380 
0.275 2 1 2 0 0.4000 0.4000 1.01 0.87 0.013 0.077 0.4071 0.4123 100 380 
0.276 2 1 2 0 0.4000 0.4000 1.12 0.87 -0.004 0.061 0.3979 0.4123 100 380 
0.277 2 1 2 0 0.4000 0.4000 1.12 0.92 -0.049 0.032 0.3979 0.4076 100 380 
0.278 2 1 2 0 0.4000 0.4000 1.12 1.00 0.014 0.027 0.3981 0.4005 100 380 
0.279 2 1 2 0 0.4000 0.4000 1.08 1.00 0.069 0.052 0.4015 0.4005 100 380 
0.280 2 1 2 0 0.4000 0.4000 1.08 0.98 0.060 0.061 0.4015 0.4022 100 380 
0.281 2 1 2 0 0.4000 0.4000 1.04 0.93 0.013 0.055 0.4052 0.4069 100 380 
0.282 2 1 2 0 0.4000 0.4000 0.99 0.93 0.062 0.098 0.4090 0.4069 100 380 
0.283 2 1 2 0 0.4000 0.4000 0.99 0.86 0.029 0.082 0.4090 0.4117 100 380 
0.284 2 1 2 0 0.4000 0.4000 0.95 0.89 0.051 0.077 0.4121 0.4096 100 380 
0.285 2 1 2 0 0.4000 0.4000 1.03 0.89 -0.021 0.031 0.4050 0.4096 100 380 
0.286 2 1 2 0 0.4000 0.4000 1.03 0.84 0.011 0.054 0.4050 0.4130 100 380 
0.287 2 1 2 0 0.4000 0.4000 1.08 0.84 0.017 0.045 0.4002 0.4127 100 370 
0.288 2 1 2 0 0.4000 0.4000 1.17 0.84 0.036 0.054 0.3933 0.4127 100 380 
0.289 2 1 2 0 0.4000 0.4000 1.17 0.91 0.065 0.029 0.3933 0.4068 100 370 
0.290 2 1 2 0 0.4000 0.4000 1.15 0.98 0.099 -0.007 0.3948 0.4010 100 380 
0.291 2 1 2 0 0.4000 0.4000 1.10 0.98 0.067 0.036 0.3997 0.4010 100 380 
0.292 2 1 2 0 0.4000 0.4000 1.10 0.96 0.138 0.062 0.3997 0.4020 100 380 
0.293 2 1 2 0 0.4000 0.4000 1.03 0.89 0.092 0.107 0.4049 0.4079 100 380 
0.294 2 1 2 0 0.4000 0.4000 0.97 0.89 0.095 0.077 0.4103 0.4079 100 380 
0.295 2 1 2 0 0.4000 0.4000 0.96 0.88 0.123 0.103 0.4103 0.4083 100 380 
0.296 2 1 2 0 0.4000 0.4000 0.92 0.87 0.148 0.062 0.4139 0.4091 100 370 
0.297 2 1 2 0 0.4000 0.4000 0.91 0.87 -0.012 0.047 0.4141 0.4091 100 370 
0.298 2 1 2 0 0.4000 0.4000 0.91 0.82 0.009 0.008 0.4141 0.4131 100 380 
0.299 2 1 2 0 0.4000 0.4000 0.99 0.82 0.018 0.036 0.4068 0.4128 100 380 
0.300 2 1 2 0 0.4000 0.4000 1.10 0.82 0.003 0.023 0.3979 0.4128 100 380 
0.301 2 1 2 0 0.4000 0.4000 1.10 0.94 0.114 0.023 0.3979 0.4026 100 380 
0.302 2 1 2 0 0.4000 0.4000 1.11 1.01 0.029 -0.001 0.3969 0.3967 100 370 
0.303 2 1 3 0 0.6000 0.6000 3.90 3.83 0.045 0.039 0.4000 0.3967 100 370 
0.304 2 1 3 0 0.6000 0.6000 3.95 3.86 0.219 0.128 0.4000 0.3983 100 370 
0.305 2 1 3 0 0.6000 0.6000 3.92 3.67 0.519 0.409 0.4065 0.4185 100 370 
0.306 2 1 3 0 0.6000 0.6000 3.61 3.71 0.627 0.666 0.4358 0.4185 100 380 
0.307 2 1 3 0 0.6000 0.6000 3.17 3.29 0.773 0.698 0.4753 0.4568 100 350 
0.308 2 1 3 0 0.6000 0.6000 3.20 2.87 0.582 0.765 0.4753 0.4941 100 380 
0.309 2 1 3 0 0.6000 0.6000 2.85 2.49 0.539 0.558 0.5070 0.5275 100 370 
0.310 2 1 3 0 0.6000 0.6000 2.60 2.31 0.513 0.503 0.5289 0.5438 100 360 
0.311 2 1 3 0 0.6000 0.6000 2.35 2.16 0.409 0.446 0.5507 0.5570 100 380 
0.312 2 1 3 0 0.6000 0.6000 2.06 1.96 0.384 0.359 0.5761 0.5745 100 370 
0.313 2 1 3 0 0.6000 0.6000 1.81 1.75 0.395 0.332 0.5975 0.5923 100 370 
0.314 2 1 3 0 0.6000 0.6000 1.62 1.60 0.275 0.266 0.6129 0.6050 100 370 
0.315 2 1 3 0 0.6000 0.6000 1.59 1.50 0.203 0.259 0.6152 0.6131 100 390 
0.316 2 1 3 0 0.6000 0.6000 1.59 1.45 0.144 0.191 0.6149 0.6173 100 380 
0.317 2 1 3 0 0.6000 0.6000 1.56 1.42 0.073 0.134 0.6167 0.6190 100 380 
0.318 2 1 3 0 0.6000 0.6000 1.60 1.39 0.064 0.111 0.6132 0.6218 100 380 
0.319 2 1 3 0 0.6000 0.6000 1.62 1.39 0.151 0.097 0.6110 0.6207 100 380 
0.320 2 1 3 0 0.6000 0.6000 1.60 1.38 0.084 0.089 0.6127 0.6213 100 380 
0.321 2 1 3 0 0.6000 0.6000 1.46 1.37 0.093 0.060 0.6245 0.6217 100 380 
0.322 2 1 3 0 0.6000 0.6000 1.49 1.32 0.053 0.054 0.6214 0.6252 100 380 
0.323 2 1 3 0 0.6000 0.6000 1.47 1.33 0.194 0.084 0.6224 0.6245 100 380 
0.324 2 1 3 0 0.6000 0.6000 1.38 1.35 0.228 0.069 0.6293 0.6223 100 380 
0.325 2 1 3 0 0.6000 0.6000 1.37 1.30 0.186 0.103 0.6297 0.6258 100 380 
0.326 2 1 3 0 0.6000 0.6000 1.43 1.30 0.089 0.116 0.6244 0.6253 100 380 
0.327 2 1 3 0 0.6000 0.6000 1.46 1.34 0.077 0.063 0.6210 0.6216 100 370 
0.328 2 1 3 0 0.6000 0.6000 1.45 1.39 0.095 0.065 0.6217 0.6169 100 380 
0.329 2 1 3 0 0.6000 0.6000 1.39 1.36 0.102 0.059 0.6261 0.6189 100 380 
0.330 2 1 3 0 0.6000 0.6000 1.39 1.30 0.053 0.063 0.6255 0.6239 100 380 
0.331 2 1 3 0 0.6000 0.6000 1.39 1.28 0.088 0.104 0.6252 0.6244 100 370 
0.332 2 1 3 0 0.6000 0.6000 1.33 1.35 0.045 0.081 0.6297 0.6180 100 380 
0.333 2 1 3 0 0.6000 0.6000 1.31 1.30 0.193 0.093 0.6306 0.6222 100 370 
0.334 2 1 3 0 0.6000 0.6000 1.35 1.27 0.195 0.071 0.6265 0.6243 100 370 
0.335 2 1 3 0 0.6000 0.6000 1.40 1.29 0.130 0.118 0.6217 0.6218 100 380 
0.336 2 1 3 0 0.6000 0.6000 1.39 1.35 0.104 0.096 0.6221 0.6168 100 380 
0.337 2 1 3 0 0.6000 0.6000 1.37 1.30 0.102 0.054 0.6237 0.6204 100 380 
0.338 2 1 3 0 0.6000 0.6000 1.35 1.28 0.087 0.069 0.6245 0.6217 100 370 
0.339 2 1 3 0 0.6000 0.6000 1.36 1.22 0.081 0.056 0.6238 0.6261 100 380 
0.340 2 1 3 0 0.6000 0.6000 1.36 1.29 0.197 0.104 0.6231 0.6200 100 380 
0.341 2 1 3 0 0.6000 0.6000 1.29 1.24 0.103 0.087 0.6280 0.6235 100 380 
0.342 2 1 3 0 0.6000 0.6000 1.36 1.20 0.152 0.067 0.6219 0.6263 100 380 
0.343 2 1 3 0 0.6000 0.6000 1.36 1.25 0.113 0.094 0.6212 0.6222 100 350 
0.344 2 1 3 0 0.6000 0.6000 1.34 1.28 0.034 0.081 0.6226 0.6189 100 350 
0.345 2 1 3 0 0.6000 0.6000 1.34 1.27 0.167 0.054 0.6224 0.6198 100 350 
0.346 2 1 3 0 0.6000 0.6000 1.31 1.19 0.181 0.049 0.6242 0.6253 100 340 
0.347 2 1 3 0 0.6000 0.6000 1.31 1.25 0.105 0.012 0.6242 0.6205 100 350 
0.348 2 1 3 0 0.6000 0.6000 1.30 1.23 0.080 0.046 0.6244 0.6215 100 350 
0.349 2 1 3 0 0.6000 0.6000 1.32 1.19 0.019 0.059 0.6219 0.6246 100 350 
0.350 2 1 3 0 0.6000 0.6000 1.38 1.15 0.116 0.085 0.6165 0.6269 100 350 
0.351 2 1 3 0 0.6000 0.6000 1.38 1.20 0.144 0.074 0.6168 0.6222 100 350 
0.352 2 1 3 0 0.6000 0.6000 1.36 1.24 0.049 0.058 0.6174 0.6190 100 350 
0.353 2 1 3 0 0.6000 0.6000 1.35 1.22 0.048 0.043 0.6185 0.6204 100 360 
0.354 2 1 3 0 0.6000 0.6000 1.33 1.17 0.060 0.062 0.6193 0.6236 100 350 
0.355 2 1 3 0 0.6000 0.6000 1.31 1.18 0.099 0.094 0.6205 0.6225 100 350 
0.356 2 1 3 0 0.6000 0.6000 1.29 1.21 0.226 0.043 0.6223 0.6198 100 350 
0.357 2 1 3 0 0.6000 0.6000 1.31 1.16 0.104 0.095 0.6202 0.6231 100 340 
0.358 2 1 3 0 0.6000 0.6000 1.35 1.13 0.106 0.062 0.6159 0.6254 100 340 
0.359 2 1 3 0 0.6000 0.6000 1.35 1.18 0.085 0.054 0.6157 0.6210 100 350 
0.360 2 1 3 0 0.6000 0.6000 1.34 1.22 0.118 0.028 0.6165 0.6174 100 350 
0.361 2 1 3 0 0.6000 0.6000 1.29 1.19 0.114 0.059 0.6199 0.6194 100 340 
0.362 2 1 3 0 0.6000 0.6000 1.36 1.18 0.111 0.033 0.6139 0.6196 100 360 
0.363 2 1 3 0 0.6000 0.6000 1.28 1.19 0.148 0.011 0.6201 0.6187 100 350 
0.364 2 1 3 0 0.6000 0.6000 1.28 1.19 0.139 0.053 0.6196 0.6177 100 350 
0.365 2 1 3 0 0.6000 0.6000 1.30 1.19 0.088 0.072 0.6178 0.6177 100 350 
0.366 2 1 3 0 0.6000 0.6000 1.36 1.17 0.114 0.060 0.6125 0.6192 100 340 
0.367 2 1 3 0 0.6000 0.6000 1.35 1.24 0.088 0.086 0.6131 0.6128 100 380 
0.368 2 1 3 0 0.6000 0.6000 1.29 1.44 0.017 0.022 0.6177 0.5960 100 380 
0.369 2 1 3 0 0.6000 0.6000 1.33 1.24 0.164 0.047 0.6142 0.6123 100 380 
0.370 2 1 3 0 0.6000 0.6000 1.34 1.24 0.082 0.084 0.6132 0.6122 100 350 
0.371 2 1 3 0 0.6000 0.6000 1.27 1.38 0.075 0.091 0.6183 0.6008 100 370 
0.372 2 1 3 0 0.6000 0.6000 1.26 1.50 0.135 0.067 0.6190 0.5908 100 370 
0.373 2 1 3 0 0.6000 0.6000 1.28 1.34 0.097 0.102 0.6172 0.6036 100 370 
0.374 2 1 3 0 0.6000 0.6000 1.34 1.34 0.041 0.131 0.6120 0.6040 100 350 
0.375 2 1 3 0 0.6000 0.6000 1.32 1.37 0.091 0.124 0.6127 0.6012 100 350 
0.376 2 1 3 0 0.6000 0.6000 1.30 1.40 0.125 0.124 0.6149 0.5993 100 350 
0.377 2 1 3 0 0.6000 0.6000 1.30 1.36 0.084 0.091 0.6139 0.6018 100 350 
0.378 2 1 3 0 0.6000 0.6000 1.31 1.32 0.137 0.084 0.6134 0.6055 100 360 
0.379 2 1 3 0 0.6000 0.6000 1.27 1.28 0.038 0.096 0.6159 0.6087 100 340 
0.380 2 1 3 0 0.6000 0.6000 1.26 1.35 0.061 0.103 0.6169 0.6030 100 350 
0.381 2 1 3 0 0.6000 0.6000 1.30 1.29 0.048 0.076 0.6128 0.6073 100 350 
0.382 2 1 3 0 0.6000 0.6000 1.37 1.26 0.055 0.070 0.6068 0.6098 100 350 
0.383 2 1 3 0 0.6000 0.6000 1.37 1.28 0.079 0.065 0.6070 0.6079 100 350 
0.384 2 1 3 0 0.6000 0.6000 1.34 1.34 0.102 0.039 0.6093 0.6028 100 340 
0.385 2 1 3 0 0.6000 0.6000 1.34 1.29 0.138 0.099 0.6091 0.6070 100 350 
0.386 2 1 3 0 0.6000 0.6000 1.34 1.27 0.136 0.103 0.6091 0.6085 100 350 
0.387 2 1 3 0 0.6000 0.6000 1.33 1.21 0.099 0.077 0.6098 0.6136 100 350 
0.388 2 1 3 0 0.6000 0.6000 1.28 1.28 0.082 0.078 0.6133 0.6069 100 340 
0.389 2 1 3 0 0.6000 0.6000 1.32 1.23 0.171 0.029 0.6103 0.6109 100 340 
0.390 2 1 3 0 0.6000 0.6000 1.37 1.18 0.136 0.039 0.6054 0.6150 100 350 
0.391 2 1 3 0 0.6000 0.6000 1.35 1.25 0.060 0.081 0.6070 0.6094 100 350 
0.392 2 1 3 0 0.6000 0.6000 1.35 1.28 0.015 0.034 0.6071 0.6066 100 350 
0.393 2 1 3 0 0.6000 0.6000 1.33 1.25 0.077 0.057 0.6086 0.6087 100 350 
0.394 2 1 3 0 0.6000 0.6000 1.31 1.20 0.108 0.073 0.6098 0.6130 100 350 
0.395 2 1 3 0 0.6000 0.6000 1.31 1.23 0.084 0.037 0.6099 0.6101 100 350 
0.396 2 1 3 0 0.6000 0.6000 1.29 1.24 0.101 0.097 0.6112 0.6087 100 340 
0.397 2 1 3 0 0.6000 0.6000 1.32 1.18 0.073 0.113 0.6088 0.6137 100 340 
0.398 2 1 3 0 0.6000 0.6000 1.39 1.14 0.053 0.090 0.6025 0.6168 100 350 
0.399 2 1 3 0 0.6000 0.6000 1.38 1.21 0.030 0.041 0.6034 0.6107 100 340 
0.400 2 1 3 0 0.6000 0.6000 1.36 1.24 0.050 0.005 0.6047 0.6077 100 340 
0.401 2 1 3 0 0.6000 0.6000 1.35 1.20 0.068 -0.041 0.6056 0.6109 100 350 
0.402 2 1 3 0 0.6000 0.6000 1.34 1.18 0.091 -0.039 0.6068 0.6127 100 350 
0.403 2 1 3 0 0.6000 0.6000 1.31 1.18 0.125 0.053 0.6085 0.6125 100 350 
0.404 2 1 4 0 0.8000 0.8000 4.11 4.04 0.082 0.078 0.6109 0.6093 100 340 
0.405 2 1 4 0 0.8000 0.8000 4.18 4.01 0.282 0.139 0.6086 0.6157 100 350 
0.406 2 1 4 0 0.8000 0.8000 4.20 4.03 0.483 0.391 0.6107 0.6170 100 350 
0.407 2 1 4 0 0.8000 0.8000 3.99 3.63 0.667 0.552 0.6319 0.6540 100 380 
0.408 2 1 4 0 0.8000 0.8000 3.69 3.26 0.710 0.625 0.6599 0.6871 100 380 
0.409 2 1 4 0 0.8000 0.8000 3.43 2.92 0.703 0.567 0.6840 0.7173 100 380 
0.410 2 1 4 0 0.8000 0.8000 2.93 2.67 0.788 0.526 0.7279 0.7404 100 390 
0.411 2 1 4 0 0.8000 0.8000 2.77 2.45 0.547 0.401 0.7424 0.7590 100 350 
0.412 2 1 4 0 0.8000 0.8000 2.62 2.21 0.398 0.282 0.7556 0.7800 100 370 
0.413 2 1 4 0 0.8000 0.8000 2.57 2.23 0.342 0.305 0.7608 0.7785 100 380 
0.414 2 1 4 0 0.8000 0.8000 2.26 2.23 0.252 0.290 0.7868 0.7786 100 390 
0.415 2 1 4 0 0.8000 0.8000 2.20 2.13 0.208 0.170 0.7922 0.7878 100 350 
0.416 2 1 4 0 0.8000 0.8000 2.16 1.95 0.239 0.222 0.7960 0.8032 100 390 
0.417 2 1 4 0 0.8000 0.8000 2.06 1.96 0.204 0.175 0.8041 0.8018 100 380 
0.418 2 1 4 0 0.8000 0.8000 2.07 1.91 0.144 0.046 0.8033 0.8058 100 380 
0.419 2 1 4 0 0.8000 0.8000 2.08 1.93 0.108 0.066 0.8026 0.8046 100 390 
0.420 2 1 4 0 0.8000 0.8000 2.03 1.91 0.107 0.076 0.8061 0.8060 100 380 
0.421 2 1 4 0 0.8000 0.8000 1.95 1.88 0.189 0.081 0.8130 0.8083 100 390 
0.422 2 1 4 0 0.8000 0.8000 1.91 1.79 0.205 0.115 0.8156 0.8151 100 380 
0.423 2 1 4 0 0.8000 0.8000 1.85 1.87 0.143 0.062 0.8205 0.8088 100 390 
0.424 2 1 4 0 0.8000 0.8000 1.88 1.78 0.068 -0.064 0.8178 0.8161 100 360 
0.425 2 1 4 0 0.8000 0.8000 1.83 1.76 0.079 0.055 0.8216 0.8169 100 380 
0.426 2 1 4 0 0.8000 0.8000 1.82 1.81 0.064 0.160 0.8220 0.8130 100 390 
0.427 2 1 4 0 0.8000 0.8000 1.79 1.71 0.022 0.122 0.8238 0.8210 100 350 
0.428 2 1 4 0 0.8000 0.8000 1.80 1.66 0.064 -0.032 0.8225 0.8242 100 390 
0.429 2 1 4 0 0.8000 0.8000 1.76 1.75 0.044 -0.016 0.8252 0.8165 100 380 
0.430 2 1 4 0 0.8000 0.8000 1.77 1.65 0.067 -0.049 0.8238 0.8247 100 380 
0.431 2 1 4 0 0.8000 0.8000 1.79 1.68 0.093 -0.004 0.8216 0.8218 100 380 
0.432 2 1 4 0 0.8000 0.8000 1.78 1.65 0.090 0.067 0.8225 0.8234 100 380 
0.433 2 1 4 0 0.8000 0.8000 1.75 1.60 0.097 0.136 0.8244 0.8272 100 390 
0.434 2 1 4 0 0.8000 0.8000 1.74 1.64 0.097 0.029 0.8247 0.8230 100 380 
0.435 2 1 4 0 0.8000 0.8000 1.74 1.64 0.075 -0.049 0.8242 0.8227 100 380 
0.436 2 1 4 0 0.8000 0.8000 1.73 1.59 0.047 -0.082 0.8250 0.8264 100 370 
0.437 2 1 4 0 0.8000 0.8000 1.77 1.61 -0.004 -0.049 0.8210 0.8246 100 390 
0.438 2 1 4 0 0.8000 0.8000 1.76 1.64 0.063 0.030 0.8213 0.8214 100 390 
0.439 2 1 4 0 0.8000 0.8000 1.74 1.59 0.046 0.103 0.8229 0.8251 100 380 
0.440 2 1 4 0 0.8000 0.8000 1.73 1.61 0.049 0.045 0.8231 0.8228 100 380 
0.441 2 1 4 0 0.8000 0.8000 1.70 1.60 0.081 -0.011 0.8247 0.8237 100 380 
0.442 2 1 4 0 0.8000 0.8000 1.72 1.57 0.072 -0.013 0.8225 0.8249 100 370 
0.443 2 1 4 0 0.8000 0.8000 1.91 1.59 0.055 0.004 0.8064 0.8232 100 380 
0.444 2 1 4 0 0.8000 0.8000 1.72 1.61 0.025 -0.016 0.8221 0.8210 100 350 
0.445 2 1 4 0 0.8000 0.8000 1.71 1.60 0.105 0.062 0.8225 0.8217 100 380 
0.446 2 1 4 0 0.8000 0.8000 1.69 1.63 0.112 0.087 0.8237 0.8184 100 380 
0.447 2 1 4 0 0.8000 0.8000 1.70 1.63 0.061 0.079 0.8225 0.8179 100 350 
0.448 2 1 4 0 0.8000 0.8000 1.69 1.62 0.076 -0.030 0.8226 0.8189 100 380 
0.449 2 1 4 0 0.8000 0.8000 1.73 1.60 0.035 -0.045 0.8194 0.8199 100 370 
0.450 2 1 4 0 0.8000 0.8000 1.62 1.62 0.036 0.047 0.8274 0.8182 100 350 
0.451 2 1 4 0 0.8000 0.8000 1.72 1.60 0.022 0.016 0.8192 0.8194 90 370 
0.452 2 1 4 0 0.8000 0.8000 1.70 1.67 0.057 0.079 0.8207 0.8134 100 390 
0.453 2 1 4 0 0.8000 0.8000 1.69 1.60 0.083 0.110 0.8207 0.8185 100 350 
0.454 2 1 4 0 0.8000 0.8000 1.68 1.64 0.043 0.059 0.8208 0.8153 100 380 
0.455 2 1 4 0 0.8000 0.8000 1.66 1.65 0.036 0.012 0.8227 0.8134 100 390 
0.456 2 1 4 0 0.8000 0.8000 1.67 1.68 0.022 -0.102 0.8209 0.8109 100 350 
0.457 2 1 4 0 0.8000 0.8000 1.68 1.65 0.055 -0.163 0.8202 0.8131 100 380 
0.458 2 1 4 0 0.8000 0.8000 1.67 1.66 0.054 0.001 0.8201 0.8119 100 390 
0.459 2 1 4 0 0.8000 0.8000 1.67 1.71 0.036 0.114 0.8196 0.8078 100 350 
0.460 2 1 4 0 0.8000 0.8000 1.66 1.65 0.022 0.197 0.8202 0.8125 100 360 
0.461 2 1 4 0 0.8000 0.8000 1.70 1.65 0.017 0.260 0.8165 0.8124 100 380 
0.462 2 1 4 0 0.8000 0.8000 1.70 1.70 0.049 0.151 0.8161 0.8084 100 350 
0.463 2 1 4 0 0.8000 0.8000 1.70 1.64 0.022 0.110 0.8157 0.8131 100 380 
0.464 2 1 4 0 0.8000 0.8000 1.75 1.61 0.071 0.046 0.8113 0.8151 100 390 
0.465 2 1 4 0 0.8000 0.8000 1.69 1.69 0.108 0.178 0.8164 0.8085 100 350 
0.466 2 1 4 0 0.8000 0.8000 1.71 1.53 0.080 0.146 0.8143 0.8212 100 380 
0.467 2 1 4 0 0.8000 0.8000 1.72 1.65 0.064 0.054 0.8134 0.8112 100 380 
0.468 2 1 4 0 0.8000 0.8000 1.72 1.65 0.049 0.069 0.8126 0.8104 100 350 
0.469 2 1 4 0 0.8000 0.8000 1.71 1.60 0.066 -0.107 0.8136 0.8148 100 380 
0.470 2 1 4 0 0.8000 0.8000 1.71 1.64 0.104 -0.121 0.8129 0.8111 100 380 
0.471 2 1 4 0 0.8000 0.8000 1.72 1.64 0.049 -0.017 0.8123 0.8104 100 350 
0.472 2 1 4 0 0.8000 0.8000 1.69 1.58 0.043 0.087 0.8145 0.8153 100 390 
0.473 2 1 4 0 0.8000 0.8000 1.74 1.63 -0.004 0.183 0.8103 0.8112 100 380 
0.474 2 1 4 0 0.8000 0.8000 1.73 1.62 0.012 0.233 0.8102 0.8113 100 360 
0.475 2 1 4 0 0.8000 0.8000 1.72 1.57 0.046 0.153 0.8114 0.8153 100 380 
0.476 2 1 4 0 0.8000 0.8000 1.72 1.60 0.089 -0.043 0.8106 0.8127 100 380 
0.477 2 1 4 0 0.8000 0.8000 1.71 1.61 0.083 -0.040 0.8115 0.8118 100 350 
0.478 2 1 4 0 0.8000 0.8000 1.71 1.56 0.059 -0.010 0.8112 0.8152 100 370 
0.479 2 1 4 0 0.8000 0.8000 1.72 1.59 0.038 0.046 0.8104 0.8125 100 380 
0.480 2 1 4 0 0.8000 0.8000 1.71 1.61 0.073 0.089 0.8111 0.8108 100 350 
0.481 2 1 4 0 0.8000 0.8000 1.69 1.59 0.046 0.187 0.8125 0.8125 100 380 
0.482 2 1 4 0 0.8000 0.8000 1.68 1.60 0.083 0.168 0.8128 0.8115 100 380 
0.483 2 1 4 0 0.8000 0.8000 1.68 1.58 0.041 0.162 0.8124 0.8123 100 350 
0.484 2 1 4 0 0.8000 0.8000 1.69 1.57 0.080 0.056 0.8119 0.8132 100 390 
0.485 2 1 4 0 0.8000 0.8000 1.72 1.56 0.064 0.001 0.8092 0.8134 100 380 
0.486 2 1 4 0 0.8000 0.8000 1.65 1.58 0.022 -0.026 0.8143 0.8119 100 360 
0.487 2 1 4 0 0.8000 0.8000 1.71 1.59 0.045 -0.022 0.8094 0.8104 100 380 
0.488 2 1 4 0 0.8000 0.8000 1.70 1.59 0.080 0.064 0.8101 0.8103 100 380 
0.489 2 1 4 0 0.8000 0.8000 1.69 1.62 0.073 0.219 0.8106 0.8076 100 350 
0.490 2 1 4 0 0.8000 0.8000 1.68 1.62 0.084 0.326 0.8109 0.8080 100 380 
0.491 2 1 4 0 0.8000 0.8000 1.70 1.64 0.060 0.176 0.8090 0.8059 100 390 
0.492 2 1 4 0 0.8000 0.8000 1.67 1.67 0.022 0.053 0.8113 0.8035 100 340 
0.493 2 1 4 0 0.8000 0.8000 1.69 1.64 0.050 0.004 0.8101 0.8061 100 370 
0.494 2 1 4 0 0.8000 0.8000 1.71 1.63 0.071 -0.004 0.8080 0.8068 100 380 
0.495 2 1 4 0 0.8000 0.8000 1.62 1.70 0.082 0.060 0.8148 0.8004 100 350 
0.496 2 1 4 0 0.8000 0.8000 1.68 1.64 0.046 0.153 0.8101 0.8056 100 390 
0.497 2 1 4 0 0.8000 0.8000 1.71 1.64 0.010 0.215 0.8069 0.8054 100 380 
0.498 2 1 4 0 0.8000 0.8000 1.72 1.69 0.010 0.161 0.8061 0.8013 100 350 
0.499 2 1 4 0 0.8000 0.8000 1.69 1.64 0.028 0.168 0.8088 0.8051 100 380 
0.500 2 1 4 0 0.8000 0.8000 1.83 1.59 0.072 0.131 0.7970 0.8094 100 380 
0.501 2 1 4 0 0.8000 0.8000 1.74 1.67 0.084 0.015 0.8045 0.8023 100 340 
0.502 2 1 4 0 0.8000 0.8000 1.68 1.59 0.096 -0.064 0.8094 0.8091 100 390 
0.503 2 1 4 0 0.8000 0.8000 1.73 1.64 0.060 0.049 0.8047 0.8051 100 380 
0.504 2 1 4 0 0.8000 0.8000 1.70 1.65 0.053 0.043 0.8070 0.8041 100 350 
0.505 2 1 5 0 1.0000 1.0000 4.53 4.42 0.069 0.163 0.8063 0.8085 100 380 
0.506 2 1 5 0 1.0000 1.0000 4.58 4.48 0.274 0.301 0.8061 0.8070 100 380 
0.507 2 1 5 0 1.0000 1.0000 4.49 4.45 0.391 0.531 0.8172 0.8137 100 340 
0.508 2 1 5 0 1.0000 1.0000 4.36 4.07 0.516 0.704 0.8316 0.8488 100 380 
0.509 2 1 5 0 1.0000 1.0000 3.93 3.92 0.613 0.651 0.8709 0.8641 100 380 
0.510 2 1 5 0 1.0000 1.0000 3.67 3.69 0.615 0.602 0.8945 0.8857 100 360 
0.511 2 1 5 0 1.0000 1.0000 3.19 3.17 0.565 0.558 0.9363 0.9310 100 350 
0.512 2 1 5 0 1.0000 1.0000 3.08 2.84 0.368 0.503 0.9471 0.9594 100 380 
0.513 2 1 5 0 1.0000 1.0000 2.88 2.73 0.370 0.399 0.9641 0.9694 100 370 
0.514 2 1 5 0 1.0000 1.0000 2.76 2.56 0.296 0.422 0.9752 0.9840 100 380 
0.515 2 1 5 0 1.0000 1.0000 2.73 2.51 0.228 0.420 0.9781 0.9884 100 390 
0.516 2 1 5 0 1.0000 1.0000 2.65 2.58 0.198 0.368 0.9845 0.9828 100 350 
0.517 2 1 5 0 1.0000 1.0000 2.59 2.45 0.200 0.336 0.9901 0.9937 100 380 
0.518 2 1 5 0 1.0000 1.0000 2.60 2.47 0.189 0.248 0.9896 0.9922 100 390 
0.519 2 1 5 0 1.0000 1.0000 2.55 2.33 0.167 0.166 0.9936 1.0039 100 350 
0.520 2 1 5 0 1.0000 1.0000 2.42 2.27 0.130 0.124 1.0050 1.0087 100 380 
0.521 2 1 5 0 1.0000 1.0000 2.45 2.23 0.148 0.069 1.0020 1.0119 100 390 
0.522 2 1 5 0 1.0000 1.0000 2.41 2.18 0.123 0.084 1.0054 1.0158 100 390 
0.523 2 1 5 0 1.0000 1.0000 2.38 2.18 0.147 0.198 1.0079 1.0153 100 380 
0.524 2 1 5 0 1.0000 1.0000 2.41 2.17 0.103 0.195 1.0053 1.0159 100 380 
0.525 2 1 5 0 1.0000 1.0000 2.34 2.18 0.123 0.168 1.0111 1.0152 100 380 
0.526 2 1 5 0 1.0000 1.0000 2.27 2.10 0.159 0.202 1.0164 1.0215 100 370 
0.527 2 1 5 0 1.0000 1.0000 2.29 2.17 0.064 0.125 1.0141 1.0153 100 390 
0.528 2 1 5 0 1.0000 1.0000 2.26 2.12 0.119 0.130 1.0165 1.0188 100 380 
0.529 2 1 5 0 1.0000 1.0000 2.25 2.11 0.098 0.107 1.0170 1.0190 100 380 
0.530 2 1 5 0 1.0000 1.0000 2.22 2.09 0.050 0.069 1.0189 1.0201 100 390 
0.531 2 1 5 0 1.0000 1.0000 2.21 2.03 0.038 0.040 1.0195 1.0252 100 390 
0.532 2 1 5 0 1.0000 1.0000 2.27 2.07 0.066 0.162 1.0148 1.0215 100 380 
0.533 2 1 5 0 1.0000 1.0000 2.21 2.03 0.073 0.190 1.0189 1.0239 100 380 
0.534 2 1 5 0 1.0000 1.0000 2.18 1.99 0.071 0.128 1.0214 1.0268 100 380 
0.535 2 1 5 0 1.0000 1.0000 2.15 2.01 0.061 0.121 1.0234 1.0247 100 390 
0.536 2 1 5 0 1.0000 1.0000 2.21 2.05 0.082 0.111 1.0179 1.0207 100 390 
0.537 2 1 5 0 1.0000 1.0000 2.20 2.02 0.048 0.088 1.0181 1.0227 100 380 
0.538 2 1 5 0 1.0000 1.0000 2.24 2.04 0.048 0.087 1.0143 1.0210 100 380 
0.539 2 1 5 0 1.0000 1.0000 2.20 2.03 0.041 0.072 1.0173 1.0213 100 390 
0.540 2 1 5 0 1.0000 1.0000 2.14 2.09 0.028 0.037 1.0222 1.0160 100 350 
0.541 2 1 5 0 1.0000 1.0000 2.18 2.02 0.025 0.157 1.0188 1.0212 100 380 
0.542 2 1 5 0 1.0000 1.0000 2.14 2.02 0.040 0.181 1.0217 1.0211 100 390 
0.543 2 1 5 0 1.0000 1.0000 2.13 2.01 0.055 0.164 1.0220 1.0215 100 350 
0.544 2 1 5 0 1.0000 1.0000 2.12 2.00 0.053 0.181 1.0218 1.0217 100 390 
0.545 2 1 5 0 1.0000 1.0000 2.15 2.03 0.064 0.053 1.0191 1.0188 100 390 
0.546 2 1 5 0 1.0000 1.0000 2.17 2.01 0.095 0.059 1.0175 1.0200 100 360 
0.547 2 1 5 0 1.0000 1.0000 2.04 2.00 0.065 0.075 1.0273 1.0202 100 390 
0.548 2 1 5 0 1.0000 1.0000 2.07 1.95 0.029 0.050 1.0246 1.0246 100 390 
0.549 2 1 5 0 1.0000 1.0000 2.06 1.93 0.034 -0.010 1.0250 1.0252 100 350 
0.550 2 1 5 0 1.0000 1.0000 2.11 2.04 0.076 -0.017 1.0203 1.0156 100 390 
0.551 2 1 5 0 1.0000 1.0000 2.09 1.90 0.064 0.001 1.0217 1.0273 100 390 
0.552 2 1 5 0 1.0000 1.0000 2.12 2.00 0.056 0.061 1.0190 1.0182 100 350 
0.553 2 1 5 0 1.0000 1.0000 2.00 2.01 0.041 0.077 1.0286 1.0172 100 380 
0.554 2 1 5 0 1.0000 1.0000 2.04 2.00 0.018 0.138 1.0246 1.0173 100 390 
0.555 2 1 5 0 1.0000 1.0000 2.06 2.03 0.054 0.151 1.0226 1.0152 100 340 
0.556 2 1 5 0 1.0000 1.0000 2.05 2.03 0.060 0.109 1.0223 1.0142 100 380 
0.557 2 1 5 0 1.0000 1.0000 2.10 2.03 0.055 0.108 1.0176 1.0144 100 380 
0.558 2 1 5 0 1.0000 1.0000 2.07 2.04 0.018 0.034 1.0203 1.0134 100 350 
0.559 2 1 5 0 1.0000 1.0000 2.04 2.00 0.044 0.077 1.0223 1.0160 100 380 
0.560 2 1 5 0 1.0000 1.0000 2.11 1.97 0.079 0.072 1.0160 1.0183 100 370 
0.561 2 1 5 0 1.0000 1.0000 2.08 2.06 0.060 0.085 1.0179 1.0105 100 350 
0.562 2 1 5 0 1.0000 1.0000 2.08 2.02 0.051 0.103 1.0176 1.0134 100 390 
0.563 2 1 5 0 1.0000 1.0000 2.12 2.01 0.024 0.086 1.0142 1.0146 100 390 
0.564 2 1 5 0 1.0000 1.0000 2.06 1.97 0.102 0.097 1.0192 1.0169 100 340 
0.565 2 1 5 0 1.0000 1.0000 2.12 2.01 0.092 0.042 1.0137 1.0139 100 370 
0.566 2 1 5 0 1.0000 1.0000 2.07 2.00 0.044 0.058 1.0172 1.0141 100 390 
0.567 2 1 5 0 1.0000 1.0000 2.12 2.01 0.042 0.064 1.0132 1.0127 100 350 
0.568 2 1 5 0 1.0000 1.0000 2.20 2.00 0.040 0.081 1.0061 1.0137 100 380 
0.569 2 1 5 0 1.0000 1.0000 2.06 2.00 0.091 0.032 1.0177 1.0131 100 380 
0.570 2 1 5 0 1.0000 1.0000 2.17 2.02 0.134 0.080 1.0084 1.0118 100 350 
0.571 2 1 5 0 1.0000 1.0000 2.12 2.00 0.085 0.040 1.0122 1.0132 100 380 
0.572 2 1 5 0 1.0000 1.0000 2.17 2.02 0.052 0.027 1.0076 1.0110 100 380 
0.573 2 1 5 0 1.0000 1.0000 2.13 1.99 0.047 0.027 1.0110 1.0131 100 350 
0.574 2 1 5 0 1.0000 1.0000 2.19 2.00 0.060 0.045 1.0055 1.0125 100 380 
0.575 2 1 5 0 1.0000 1.0000 2.17 1.96 0.098 0.072 1.0075 1.0150 100 380 
0.576 2 1 5 0 1.0000 1.0000 2.16 1.98 0.098 0.116 1.0078 1.0135 100 350 
0.577 2 1 5 0 1.0000 1.0000 2.13 1.93 0.037 0.098 1.0104 1.0173 100 390 
0.578 2 1 5 0 1.0000 1.0000 2.13 1.94 0.072 0.039 1.0100 1.0157 100 390 
0.579 2 1 5 0 1.0000 1.0000 2.15 1.97 0.060 0.081 1.0084 1.0133 100 340 
0.580 2 1 5 0 1.0000 1.0000 2.24 1.97 0.019 0.044 1.0004 1.0128 100 380 
0.581 2 1 5 0 1.0000 1.0000 2.22 1.99 0.007 0.026 1.0024 1.0107 100 380 
0.582 2 1 5 0 1.0000 1.0000 2.24 2.00 0.060 0.013 1.0003 1.0100 100 390 
0.583 2 1 5 0 1.0000 1.0000 2.21 2.00 0.130 0.029 1.0027 1.0094 100 380 
0.584 2 1 5 0 1.0000 1.0000 2.21 1.96 0.119 0.043 1.0030 1.0126 100 370 
0.585 2 1 5 0 1.0000 1.0000 2.18 2.03 0.043 0.031 1.0049 1.0068 100 370 
0.586 2 1 5 0 1.0000 1.0000 2.20 1.98 0.049 0.092 1.0036 1.0107 100 380 
0.587 2 1 5 0 1.0000 1.0000 2.17 2.04 0.016 0.022 1.0055 1.0057 100 390 
0.588 2 1 5 0 1.0000 1.0000 2.15 2.01 0.068 0.019 1.0072 1.0077 100 390 
0.589 2 1 5 0 1.0000 1.0000 2.21 2.07 0.080 0.077 1.0022 1.0029 100 370 
0.590 2 1 5 0 1.0000 1.0000 2.17 2.03 0.045 0.109 1.0060 1.0061 100 380 
0.591 2 1 5 0 1.0000 1.0000 2.16 2.03 -0.001 0.093 1.0065 1.0062 100 380 
0.592 2 1 5 0 1.0000 1.0000 2.18 2.12 0.027 0.072 1.0049 0.9983 100 380 
0.593 2 1 5 0 1.0000 1.0000 2.08 1.98 0.055 0.053 1.0123 1.0097 100 350 
0.594 2 1 5 0 1.0000 1.0000 2.15 2.00 0.106 0.058 1.0063 1.0083 100 390 
0.595 2 1 5 0 1.0000 1.0000 2.10 1.99 -0.019 0.075 1.0109 1.0085 100 370 
0.596 2 1 5 0 1.0000 1.0000 2.14 2.00 -0.026 0.085 1.0074 1.0076 100 350 
0.597 2 1 5 0 1.0000 1.0000 2.15 1.99 0.028 0.054 1.0062 1.0088 100 390 
0.598 2 1 5 0 1.0000 1.0000 2.09 1.98 0.082 0.019 1.0110 1.0091 100 380 
0.599 2 1 5 0 1.0000 1.0000 2.10 1.99 0.085 0.078 1.0098 1.0079 100 350 
0.600 2 1 5 0 1.0000 1.0000 2.07 2.00 0.048 0.110 1.0121 1.0074 100 390 
0.601 2 1 5 0 1.0000 1.0000 1.98 2.04 0.002 0.083 1.0191 1.0034 100 390 
0.602 2 1 5 0 1.0000 1.0000 2.03 1.99 0.026 0.043 1.0151 1.0077 100 340 
0.603 2 1 5 0 1.0000 1.0000 2.10 1.96 0.064 0.088 1.0091 1.0102 100 380 
0.604 2 1 5 0 1.0000 1.0000 2.07 1.97 0.067 0.058 1.0109 1.0092 100 370 
0.605 2 1 5 0 1.0000 1.0000 2.06 2.00 0.059 0.059 1.0119 1.0061 100 350 
0.606 2 1 6 0 1.4000 1.4000 7.72 7.58 0.057 0.095 1.0102 1.0120 100 390 
0.607 2 1 6 0 1.4000 1.4000 7.80 7.70 0.412 0.187 1.0114 1.0097 100 390 
0.608 2 1 6 0 1.4000 1.4000 7.78 7.46 0.772 0.645 1.0211 1.0377 100 340 
0.609 2 1 6 0 1.4000 1.4000 7.32 6.91 1.071 1.174 1.0667 1.0899 100 380 
0.610 2 1 6 0 1.4000 1.4000 6.64 6.39 1.292 1.145 1.1295 1.1392 100 380 
0.611 2 1 6 0 1.4000 1.4000 5.88 6.16 1.293 1.199 1.1973 1.1633 100 380 
0.612 2 1 6 0 1.4000 1.4000 5.22 5.25 1.295 1.106 1.2560 1.2424 100 370 
0.613 2 1 6 0 1.4000 1.4000 5.10 4.86 0.802 0.986 1.2685 1.2783 100 370 
0.614 2 1 6 0 1.4000 1.4000 4.74 4.45 0.741 0.860 1.3009 1.3140 100 380 
0.615 2 1 6 0 1.4000 1.4000 4.17 4.14 0.696 0.720 1.3501 1.3414 90 370 
0.616 2 1 6 0 1.4000 1.4000 4.09 3.95 0.481 0.624 1.3574 1.3585 100 350 
0.617 2 1 6 0 1.4000 1.4000 4.02 3.90 0.384 0.472 1.3642 1.3635 100 390 
0.618 2 1 6 0 1.4000 1.4000 3.70 3.54 0.321 0.383 1.3909 1.3937 100 380 
0.619 2 1 6 0 1.4000 1.4000 3.45 3.46 0.319 0.330 1.4120 1.4004 100 380 
0.620 2 1 6 0 1.4000 1.4000 3.62 3.33 0.244 0.322 1.3977 1.4112 100 350 
0.621 2 1 6 0 1.4000 1.4000 3.42 3.25 0.152 0.206 1.4144 1.4177 100 390 
0.622 2 1 6 0 1.4000 1.4000 3.31 3.18 0.134 0.182 1.4232 1.4231 100 390 
0.623 2 1 6 0 1.4000 1.4000 3.29 3.09 0.161 0.161 1.4244 1.4299 100 360 
0.624 2 1 6 0 1.4000 1.4000 3.21 3.16 0.109 0.142 1.4301 1.4237 100 380 
0.625 2 1 6 0 1.4000 1.4000 3.25 3.01 0.044 0.135 1.4266 1.4358 100 380 
0.626 2 1 6 0 1.4000 1.4000 3.16 3.12 0.121 0.130 1.4333 1.4258 100 350 
0.627 2 1 6 0 1.4000 1.4000 3.20 2.91 0.041 0.098 1.4294 1.4425 100 380 
0.628 2 1 6 0 1.4000 1.4000 3.10 2.90 -0.004 0.149 1.4373 1.4427 100 390 
0.629 2 1 6 0 1.4000 1.4000 3.10 2.88 0.044 0.084 1.4366 1.4436 100 350 
0.630 2 1 6 0 1.4000 1.4000 3.10 2.78 0.068 0.073 1.4351 1.4506 100 390 
0.631 2 1 6 0 1.4000 1.4000 3.21 2.99 0.091 0.101 1.4257 1.4324 100 390 
0.632 2 1 6 0 1.4000 1.4000 3.19 3.22 -0.038 0.065 1.4268 1.4131 100 390 
0.633 2 1 6 0 1.4000 1.4000 3.10 2.84 0.049 0.031 1.4340 1.4437 100 380 
0.634 2 1 6 0 1.4000 1.4000 3.09 2.84 0.062 0.095 1.4339 1.4434 100 390 
0.635 2 1 6 0 1.4000 1.4000 3.06 2.75 0.041 0.091 1.4356 1.4497 100 370 
0.636 2 1 6 0 1.4000 1.4000 3.11 2.80 0.040 0.069 1.4307 1.4444 100 390 
0.637 2 1 6 0 1.4000 1.4000 3.18 2.91 0.095 0.096 1.4242 1.4344 100 350 
0.638 2 1 6 0 1.4000 1.4000 3.01 2.82 0.023 0.080 1.4380 1.4416 100 390 
0.639 2 1 6 0 1.4000 1.4000 3.00 2.83 0.007 0.046 1.4382 1.4394 100 370 
0.640 2 1 6 0 1.4000 1.4000 3.08 2.88 0.072 0.050 1.4310 1.4350 100 380 
0.641 2 1 6 0 1.4000 1.4000 2.97 2.84 0.066 0.084 1.4392 1.4377 100 370 
0.642 2 1 6 0 1.4000 1.4000 2.97 2.89 0.073 0.058 1.4385 1.4326 100 390 
0.643 2 1 6 0 1.4000 1.4000 2.89 2.87 0.046 0.048 1.4439 1.4338 100 350 
0.644 2 1 6 0 1.4000 1.4000 3.07 2.84 0.025 0.050 1.4286 1.4355 100 390 
0.645 2 1 6 0 1.4000 1.4000 2.94 2.83 0.038 0.098 1.4386 1.4350 100 370 
0.646 2 1 6 0 1.4000 1.4000 2.87 2.90 0.061 0.046 1.4441 1.4290 100 380 
0.647 2 1 6 0 1.4000 1.4000 2.67 2.74 0.059 0.061 1.4596 1.4419 100 390 
0.648 2 1 6 0 1.4000 1.4000 2.74 3.00 0.032 0.100 1.4521 1.4194 100 390 
0.649 2 1 6 0 1.4000 1.4000 2.82 2.74 -0.083 0.076 1.4449 1.4403 100 380 
0.650 2 1 6 0 1.4000 1.4000 2.93 2.76 -0.059 0.081 1.4349 1.4378 100 390 
0.651 2 1 6 0 1.4000 1.4000 2.88 2.74 0.033 0.083 1.4384 1.4388 100 350 
0.652 2 1 6 0 1.4000 1.4000 2.85 2.68 0.069 0.104 1.4401 1.4432 100 390 
0.653 2 1 6 0 1.4000 1.4000 2.79 2.79 0.081 0.019 1.4446 1.4335 100 390 
0.654 2 1 6 0 1.4000 1.4000 2.94 2.74 0.045 0.050 1.4311 1.4368 100 360 
0.655 2 1 6 0 1.4000 1.4000 2.79 2.72 -0.004 0.094 1.4428 1.4373 100 390 
0.656 2 1 6 0 1.4000 1.4000 2.80 2.76 -0.038 0.069 1.4409 1.4337 100 390 
0.657 2 1 6 0 1.4000 1.4000 2.95 2.86 0.037 0.068 1.4277 1.4242 100 380 
0.658 2 1 6 0 1.4000 1.4000 2.88 2.81 0.023 0.087 1.4331 1.4279 100 390 
0.659 2 1 6 0 1.4000 1.4000 2.99 2.64 0.018 0.068 1.4231 1.4415 100 390 
0.660 2 1 6 0 1.4000 1.4000 2.80 2.79 0.060 0.034 1.4387 1.4288 100 380 
0.661 2 1 6 0 1.4000 1.4000 3.01 2.79 0.040 0.037 1.4204 1.4277 100 370 
0.662 2 1 6 0 1.4000 1.4000 2.91 2.81 -0.024 0.063 1.4285 1.4255 100 390 
0.663 2 1 6 0 1.4000 1.4000 2.90 2.76 0.045 0.044 1.4282 1.4292 100 390 
0.664 2 1 6 0 1.4000 1.4000 3.00 2.77 0.071 0.112 1.4196 1.4279 100 370 
0.665 2 1 6 0 1.4000 1.4000 2.92 2.89 0.060 0.065 1.4256 1.4177 100 370 
0.666 2 1 6 0 1.4000 1.4000 3.07 2.82 0.065 0.065 1.4133 1.4227 100 380 
0.667 2 1 6 0 1.4000 1.4000 3.00 2.85 0.148 0.019 1.4182 1.4200 100 390 
0.668 2 1 6 0 1.4000 1.4000 3.07 2.84 0.046 0.070 1.4126 1.4204 100 360 
0.669 2 1 6 0 1.4000 1.4000 2.96 2.69 0.089 0.067 1.4211 1.4321 100 390 
0.670 2 1 6 0 1.4000 1.4000 2.98 2.79 0.140 0.051 1.4191 1.4233 100 390 
0.671 2 1 6 0 1.4000 1.4000 3.10 2.69 0.067 0.096 1.4089 1.4312 100 390 
0.672 2 1 6 0 1.4000 1.4000 2.88 2.80 0.086 0.069 1.4271 1.4214 100 380 
0.673 2 1 6 0 1.4000 1.4000 2.96 2.69 0.042 0.061 1.4194 1.4299 100 380 
0.674 2 1 6 0 1.4000 1.4000 2.94 2.67 0.055 0.093 1.4206 1.4308 100 390 
0.675 2 1 6 0 1.4000 1.4000 2.85 2.81 0.148 0.075 1.4277 1.4194 100 380 
0.676 2 1 6 0 1.4000 1.4000 2.87 2.69 0.010 0.076 1.4257 1.4283 100 380 
0.677 2 1 6 0 1.4000 1.4000 2.81 2.96 -0.016 0.077 1.4302 1.4058 100 390 
0.678 2 1 6 0 1.4000 1.4000 2.98 2.81 0.041 0.091 1.4158 1.4183 100 380 
0.679 2 1 6 0 1.4000 1.4000 2.86 2.79 0.035 0.067 1.4254 1.4197 100 380 
0.680 2 1 6 0 1.4000 1.4000 2.90 2.79 0.158 -0.013 1.4216 1.4185 100 370 
0.681 2 1 6 0 1.4000 1.4000 2.96 2.70 0.097 -0.003 1.4159 1.4258 100 370 
0.682 2 1 6 0 1.4000 1.4000 2.91 2.77 0.064 0.065 1.4201 1.4200 100 380 
0.683 2 1 6 0 1.4000 1.4000 2.99 2.73 0.011 0.027 1.4126 1.4225 100 380 
0.684 2 1 6 0 1.4000 1.4000 2.86 2.80 0.078 0.051 1.4235 1.4162 100 380 
0.685 2 1 6 0 1.4000 1.4000 3.07 2.85 0.110 0.062 1.4052 1.4116 100 370 
0.686 2 1 6 0 1.4000 1.4000 2.93 2.77 0.064 0.110 1.4170 1.4180 100 380 
0.687 2 1 6 0 1.4000 1.4000 2.87 2.94 0.144 0.086 1.4214 1.4037 100 380 
0.688 2 1 6 0 1.4000 1.4000 2.94 2.77 0.065 0.069 1.4152 1.4177 100 370 
0.689 2 1 6 0 1.4000 1.4000 2.72 2.90 0.049 0.096 1.4332 1.4067 100 380 
0.690 2 1 6 0 1.4000 1.4000 2.89 2.65 0.168 0.048 1.4184 1.4272 100 360 
0.691 2 1 6 0 1.4000 1.4000 2.95 2.80 0.115 0.032 1.4132 1.4145 100 390 
0.692 2 1 6 0 1.4000 1.4000 2.93 2.91 0.137 0.070 1.4143 1.4047 100 390 
0.693 2 1 6 0 1.4000 1.4000 2.93 2.81 0.144 0.091 1.4146 1.4129 100 350 
0.694 2 1 6 0 1.4000 1.4000 2.91 2.88 0.091 0.095 1.4154 1.4067 100 390 
0.695 2 1 6 0 1.4000 1.4000 3.11 2.82 0.121 0.086 1.3991 1.4120 100 390 
0.696 2 1 6 0 1.4000 1.4000 2.85 2.91 0.058 0.074 1.4203 1.4042 100 350 
0.697 2 1 6 0 1.4000 1.4000 2.94 2.80 0.047 0.052 1.4123 1.4131 100 380 
0.698 2 1 6 0 1.4000 1.4000 2.83 2.77 0.100 0.014 1.4213 1.4151 100 380 
0.699 2 1 6 0 1.4000 1.4000 2.94 2.84 0.080 0.092 1.4117 1.4097 100 390 
0.700 2 1 6 0 1.4000 1.4000 2.84 2.73 -0.017 0.073 1.4200 1.4186 100 380 
0.701 2 1 6 0 1.4000 1.4000 2.83 2.80 0.039 0.060 1.4203 1.4122 100 390 
0.702 2 1 6 0 1.4000 1.4000 3.04 2.74 0.055 0.065 1.4027 1.4166 100 350 
0.703 2 1 6 0 1.4000 1.4000 2.86 2.84 0.060 0.076 1.4171 1.4080 100 380 
0.704 2 1 6 0 1.4000 1.4000 2.94 2.82 0.101 -0.017 1.4106 1.4097 100 380 
0.705 2 1 6 0 1.4000 1.4000 2.99 2.84 0.148 0.027 1.4061 1.4081 100 380 
0.706 2 1 6 0 1.4000 1.4000 2.95 2.85 0.201 0.088 1.4091 1.4068 100 390 
0.707 2 1 6 0 1.4000 1.4000 2.87 2.78 0.088 0.084 1.4156 1.4128 100 370 
0.708 2 1 6 0 1.4000 1.4000 2.93 2.94 0.118 0.077 1.4106 1.3996 100 390 
0.709 2 1 6 0 1.4000 1.4000 3.02 2.75 0.103 0.079 1.4024 1.4147 100 350 
0.710 2 1 6 0 1.4000 1.4000 2.87 2.77 0.064 0.079 1.4153 1.4125 100 380 
0.711 2 1 6 0 1.4000 1.4000 2.93 2.69 0.159 0.046 1.4102 1.4194 100 370 
0.712 2 1 6 0 1.4000 1.4000 2.96 2.77 0.080 0.042 1.4073 1.4122 100 350 
0.713 2 1 6 0 1.4000 1.4000 2.93 2.85 0.124 0.040 1.4099 1.4051 100 380 
0.714 2 1 6 0 1.4000 1.4000 2.96 2.69 0.147 0.072 1.4071 1.4181 100 390 
0.715 2 1 6 0 1.4000 1.4000 2.85 2.82 0.121 -0.029 1.4158 1.4073 100 350 
0.716 2 1 6 0 1.4000 1.4000 2.98 2.78 0.209 0.050 1.4045 1.4102 100 390 
0.717 2 1 6 0 1.4000 1.4000 2.87 2.75 0.155 0.118 1.4138 1.4125 100 380 
0.718 2 1 6 0 1.4000 1.4000 2.85 2.80 0.068 0.043 1.4153 1.4086 100 390 
0.719 2 1 6 0 1.4000 1.4000 3.00 2.78 0.122 0.022 1.4028 1.4102 100 380 
0.720 2 1 6 0 1.4000 1.4000 2.93 2.79 0.070 0.087 1.4081 1.4085 100 380 
0.721 2 1 6 0 1.4000 1.4000 2.98 2.72 0.045 0.035 1.4042 1.4144 100 380 
0.722 2 1 6 0 1.4000 1.4000 3.00 2.81 0.098 0.001 1.4020 1.4070 100 390 
0.723 2 1 6 0 1.4000 1.4000 3.04 2.82 0.135 0.050 1.3992 1.4057 100 370 
0.724 2 1 6 0 1.4000 1.4000 2.91 2.82 0.135 0.109 1.4096 1.4058 100 380 
0.725 2 1 6 0 1.4000 1.4000 2.87 2.79 0.133 0.078 1.4130 1.4084 100 340 
0.726 2 1 6 0 1.4000 1.4000 2.96 2.77 0.163 0.036 1.4048 1.4092 100 380 
0.727 2 1 6 0 1.4000 1.4000 2.85 2.90 0.080 0.081 1.4136 1.3985 100 380 
0.728 2 1 6 0 1.4000 1.4000 2.94 2.75 0.132 -0.050 1.4063 1.4108 100 340 
0.729 2 1 6 0 1.4000 1.4000 2.98 2.85 0.228 0.008 1.4029 1.4029 100 370 
0.730 2 1 6 0 1.4000 1.4000 2.90 2.85 0.201 0.119 1.4098 1.4026 100 380 
0.731 2 1 6 0 1.4000 1.4000 2.94 2.81 0.109 0.073 1.4059 1.4055 100 340 
0.732 2 1 6 0 1.4000 1.4000 2.94 2.95 0.079 0.109 1.4062 1.3940 100 390 
0.733 2 1 6 0 1.4000 1.4000 2.95 2.70 0.076 0.067 1.4049 1.4148 100 380 
0.734 2 1 6 0 1.4000 1.4000 2.82 2.82 0.205 0.088 1.4158 1.4045 100 380 
0.735 2 1 6 0 1.4000 1.4000 2.93 2.69 0.069 -0.091 1.4063 1.4152 100 360 
0.736 2 1 6 0 1.4000 1.4000 2.84 2.71 0.116 -0.018 1.4130 1.4131 100 380 
0.737 2 1 6 0 1.4000 1.4000 2.87 2.76 0.125 0.109 1.4107 1.4088 100 380 
0.738 2 1 6 0 1.4000 1.4000 2.94 2.75 0.018 0.122 1.4047 1.4097 100 360 
0.739 2 1 6 0 1.4000 1.4000 2.88 2.82 0.073 0.081 1.4093 1.4039 100 390 
0.740 2 1 6 0 1.4000 1.4000 3.14 2.80 0.155 0.087 1.3878 1.4050 100 380 
0.741 2 1 6 0 1.4000 1.4000 2.92 2.93 0.159 0.095 1.4066 1.3942 100 350 
0.742 2 1 6 0 1.4000 1.4000 3.27 2.80 0.090 0.115 1.3774 1.4053 100 380 
0.743 2 1 6 0 1.4000 1.4000 3.03 2.80 0.119 -0.057 1.3975 1.4053 100 390 
0.744 2 1 6 0 1.4000 1.4000 2.93 2.77 0.118 -0.106 1.4059 1.4073 100 340 
0.745 2 1 6 0 1.4000 1.4000 3.09 2.70 0.090 0.020 1.3923 1.4130 100 380 
0.746 2 1 6 0 1.4000 1.4000 2.92 2.84 0.125 0.062 1.4070 1.4012 100 370 
0.747 2 1 6 0 1.4000 1.4000 3.08 2.78 0.208 0.118 1.3932 1.4060 100 380 
0.748 2 1 6 0 1.4000 1.4000 2.88 2.84 0.133 0.126 1.4097 1.4015 100 350 
