%% logfile from robot Liv (36)
% Liv (36)
%  1    time 0.000 sec
%  2  3  4  5   (mission 0), state 2, entered (thread 1, line 0), events 0x0 (bit-flags)
%  6  7 Motor velocity ref left, right: 0.1000 0.1000
%  8  9 Motor voltage [V] left, right: 1.72 1.72
% 10 11 Motor current left, right [A]: -0.084 -0.087
% 12 13 Wheel velocity [m/s] left, right: -0.0000 -0.0000
% 14 15 Get data time [us]: 90 +ctrl 420
0.001 2 1 0 0 0.1000 0.1000 1.75 1.75 0.149 0.058 -0.0000 -0.0000 90 320 
0.002 2 1 0 0 0.1000 0.1000 1.77 1.77 0.278 0.355 -0.0000 -0.0000 100 330 
0.003 2 1 0 0 0.1000 0.1000 1.80 1.80 0.354 0.407 -0.0000 -0.0000 100 340 
0.004 2 1 0 0 0.1000 0.1000 1.83 1.83 0.402 0.562 -0.0000 -0.0000 100 330 
0.005 2 1 0 0 0.1000 0.1000 1.86 1.86 0.389 0.591 -0.0000 -0.0000 100 330 
0.006 2 1 0 0 0.1000 0.1000 1.90 1.90 0.424 0.650 -0.0000 -0.0000 100 320 
0.007 2 1 0 0 0.1000 0.1000 1.93 1.93 0.400 0.607 -0.0000 -0.0000 100 330 
0.008 2 1 0 0 0.1000 0.1000 1.96 1.96 0.436 0.680 0.0000 0.0000 100 330 
0.009 2 1 0 0 0.1000 0.1000 1.99 1.99 0.413 0.603 0.0000 0.0000 100 330 
0.010 2 1 0 0 0.1000 0.1000 2.01 2.01 0.352 0.699 0.0000 0.0000 100 340 
0.011 2 1 0 0 0.1000 0.1000 2.04 2.04 0.379 0.630 0.0000 0.0000 100 330 
0.012 2 1 0 0 0.1000 0.1000 2.07 0.65 0.389 0.661 0.0000 0.0939 100 370 
0.013 2 1 0 0 0.1000 0.1000 0.93 0.65 0.421 0.482 0.0773 0.0939 100 390 
0.014 2 1 0 0 0.1000 0.1000 0.94 0.66 0.340 0.378 0.0773 0.0939 100 350 
0.015 2 1 0 0 0.1000 0.1000 0.95 0.08 0.259 0.227 0.0773 0.1318 100 370 
0.016 2 1 0 0 0.1000 0.1000 0.95 0.07 0.177 0.051 0.0773 0.1318 100 380 
0.017 2 1 0 0 0.1000 0.1000 0.44 0.06 0.158 0.004 0.1114 0.1318 100 380 
0.018 2 1 0 0 0.1000 0.1000 0.44 0.00 0.059 -0.021 0.1114 0.1353 100 380 
0.019 2 1 0 0 0.1000 0.1000 0.44 -0.01 0.010 -0.071 0.1114 0.1353 100 380 
0.020 2 1 0 0 0.1000 0.1000 0.32 -0.02 -0.057 -0.092 0.1191 0.1353 100 390 
0.021 2 1 0 0 0.1000 0.1000 0.31 0.19 -0.054 -0.078 0.1191 0.1210 100 360 
0.022 2 1 0 0 0.1000 0.1000 0.31 0.23 -0.075 -0.066 0.1191 0.1176 100 390 
0.023 2 1 0 0 0.1000 0.1000 0.38 0.23 -0.081 -0.043 0.1142 0.1176 100 380 
0.024 2 1 0 0 0.1000 0.1000 0.66 0.22 -0.079 -0.020 0.0950 0.1176 100 390 
0.025 2 1 0 0 0.1000 0.1000 0.66 0.20 -0.052 -0.028 0.0950 0.1186 100 390 
0.026 2 1 0 0 0.1000 0.1000 0.66 0.20 -0.040 -0.062 0.0950 0.1186 100 380 
0.027 2 1 0 0 0.1000 0.1000 0.67 0.19 -0.059 -0.083 0.0950 0.1186 100 380 
0.028 2 1 0 0 0.1000 0.1000 0.67 0.22 -0.018 -0.032 0.0947 0.1165 100 390 
0.029 2 1 0 0 0.1000 0.1000 0.90 0.57 -0.026 -0.057 0.0796 0.0928 100 390 
0.030 2 1 0 0 0.1000 0.1000 0.91 0.57 0.067 -0.017 0.0796 0.0928 100 380 
0.031 2 1 0 0 0.1000 0.1000 0.91 0.57 0.070 -0.016 0.0796 0.0928 100 390 
0.032 2 1 0 0 0.1000 0.1000 0.92 0.58 0.114 -0.012 0.0796 0.0928 100 380 
0.033 2 1 0 0 0.1000 0.1000 0.93 0.58 0.081 -0.043 0.0796 0.0928 100 380 
0.034 2 1 0 0 0.1000 0.1000 0.89 0.77 0.077 0.019 0.0825 0.0806 100 390 
0.035 2 1 0 0 0.1000 0.1000 0.89 0.77 0.101 -0.023 0.0825 0.0806 100 380 
0.036 2 1 0 0 0.1000 0.1000 0.90 0.78 0.102 0.044 0.0825 0.0806 100 370 
0.037 2 1 0 0 0.1000 0.1000 0.90 0.78 0.123 0.067 0.0825 0.0806 100 390 
0.038 2 1 0 0 0.1000 0.1000 0.57 0.79 0.119 0.128 0.1051 0.0806 100 390 
0.039 2 1 0 0 0.1000 0.1000 0.56 0.81 0.081 0.163 0.1051 0.0799 100 350 
0.040 2 1 0 0 0.1000 0.1000 0.56 1.01 0.013 0.182 0.1051 0.0667 100 340 
0.041 2 1 0 0 0.1000 0.1000 0.56 1.04 -0.012 0.232 0.1051 0.0653 100 380 
0.042 2 1 0 0 0.1000 0.1000 0.45 1.05 -0.040 0.223 0.1126 0.0653 100 380 
0.043 2 1 0 0 0.1000 0.1000 0.44 1.06 -0.023 0.352 0.1126 0.0653 100 350 
0.044 2 1 0 0 0.1000 0.1000 0.44 1.07 -0.043 0.348 0.1126 0.0653 100 350 
0.045 2 1 0 0 0.1000 0.1000 0.53 0.81 -0.028 0.418 0.1064 0.0835 100 390 
0.046 2 1 0 0 0.1000 0.1000 0.54 0.81 -0.065 0.355 0.1058 0.0835 100 370 
0.047 2 1 0 0 0.1000 0.1000 0.54 0.82 -0.072 0.307 0.1058 0.0835 100 350 
0.048 2 1 0 0 0.1000 0.1000 0.53 0.82 -0.029 0.249 0.1058 0.0835 100 350 
0.049 2 1 0 0 0.1000 0.1000 0.59 0.53 -0.020 0.176 0.1021 0.1029 100 370 
0.050 2 1 0 0 0.1000 0.1000 0.90 0.53 -0.033 0.134 0.0816 0.1029 100 390 
0.051 2 1 0 0 0.1000 0.1000 0.92 0.53 0.033 0.042 0.0804 0.1029 100 390 
0.052 2 1 0 0 0.1000 0.1000 0.93 0.53 0.074 -0.015 0.0804 0.1029 100 340 
0.053 2 1 0 0 0.1000 0.1000 0.93 0.31 0.090 -0.068 0.0804 0.1174 100 380 
0.054 2 1 0 0 0.1000 0.1000 0.94 0.31 0.127 -0.043 0.0804 0.1174 100 370 
0.055 2 1 0 0 0.1000 0.1000 0.94 0.30 0.174 -0.085 0.0804 0.1174 100 380 
0.056 2 1 0 0 0.1000 0.1000 1.10 0.37 0.154 -0.106 0.0706 0.1124 100 380 
0.057 2 1 0 0 0.1000 0.1000 1.11 0.45 0.177 -0.103 0.0706 0.1073 100 390 
0.058 2 1 0 0 0.1000 0.1000 1.12 0.44 0.173 -0.081 0.0706 0.1073 100 380 
0.059 2 1 0 0 0.1000 0.1000 1.13 0.44 0.180 -0.079 0.0706 0.1073 100 390 
0.060 2 1 0 0 0.1000 0.1000 1.14 0.46 0.179 -0.087 0.0706 0.1060 100 370 
0.061 2 1 0 0 0.1000 0.1000 0.95 0.50 0.181 -0.069 0.0834 0.1033 100 390 
0.062 2 1 0 0 0.1000 0.1000 0.95 0.50 0.147 -0.028 0.0834 0.1033 100 370 
0.063 2 1 0 0 0.1000 0.1000 0.96 0.49 0.144 -0.011 0.0834 0.1033 100 380 
0.064 2 1 0 0 0.1000 0.1000 0.96 0.49 0.157 -0.028 0.0834 0.1033 100 380 
0.065 2 1 0 0 0.1000 0.1000 0.61 0.77 0.124 -0.026 0.1071 0.0852 100 380 
0.066 2 1 0 0 0.1000 0.1000 0.61 0.77 0.067 0.078 0.1071 0.0852 100 380 
0.067 2 1 0 0 0.1000 0.1000 0.61 0.78 0.000 0.143 0.1071 0.0852 100 370 
0.068 2 1 0 0 0.1000 0.1000 0.43 0.78 -0.043 0.222 0.1188 0.0852 100 380 
0.069 2 1 0 0 0.1000 0.1000 0.42 0.79 -0.043 0.241 0.1188 0.0852 100 340 
0.070 2 1 0 0 0.1000 0.1000 0.42 0.88 -0.055 0.197 0.1188 0.0793 100 390 
0.071 2 1 0 0 0.1000 0.1000 0.41 0.89 -0.077 0.198 0.1188 0.0793 100 380 
0.072 2 1 0 0 0.1000 0.1000 0.32 0.89 -0.074 0.175 0.1247 0.0793 100 370 
0.073 2 1 0 0 0.1000 0.1000 0.31 0.90 -0.071 0.183 0.1247 0.0793 100 350 
0.074 2 1 0 0 0.1000 0.1000 0.30 0.90 -0.074 0.148 0.1247 0.0793 100 350 
0.075 2 1 0 0 0.1000 0.1000 0.59 0.77 -0.049 0.147 0.1052 0.0885 100 380 
0.076 2 1 0 0 0.1000 0.1000 0.62 0.77 -0.055 0.141 0.1031 0.0885 100 380 
0.077 2 1 0 0 0.1000 0.1000 0.62 0.78 -0.048 0.118 0.1031 0.0885 100 340 
0.078 2 1 0 0 0.1000 0.1000 0.62 0.78 -0.066 0.116 0.1031 0.0885 100 350 
0.079 2 1 0 0 0.1000 0.1000 0.61 0.54 -0.035 0.055 0.1031 0.1046 100 380 
0.080 2 1 0 0 0.1000 0.1000 0.89 0.54 0.033 0.084 0.0848 0.1046 100 380 
0.081 2 1 0 0 0.1000 0.1000 0.90 0.54 0.029 -0.005 0.0848 0.1046 100 360 
0.082 2 1 0 0 0.1000 0.1000 0.90 0.54 0.089 -0.050 0.0848 0.1046 100 350 
0.083 2 1 0 0 0.1000 0.1000 0.91 0.53 0.120 -0.050 0.0848 0.1053 100 370 
0.084 2 1 0 0 0.1000 0.1000 0.91 0.52 0.137 -0.031 0.0848 0.1053 100 370 
0.085 2 1 0 0 0.1000 0.1000 1.00 0.52 0.130 -0.020 0.0789 0.1053 100 390 
0.086 2 1 0 0 0.1000 0.1000 1.12 0.52 0.151 -0.062 0.0716 0.1053 100 380 
0.087 2 1 0 0 0.1000 0.1000 1.13 0.56 0.173 -0.055 0.0716 0.1024 100 390 
0.088 2 1 0 0 0.1000 0.1000 1.14 0.56 0.162 -0.051 0.0716 0.1024 100 380 
0.089 2 1 0 0 0.1000 0.1000 1.15 0.56 0.182 -0.057 0.0716 0.1024 100 390 
0.090 2 1 0 0 0.1000 0.1000 1.16 0.56 0.173 -0.043 0.0716 0.1024 100 380 
0.091 2 1 0 0 0.1000 0.1000 0.97 0.65 0.184 -0.021 0.0845 0.0962 100 390 
0.092 2 1 0 0 0.1000 0.1000 0.97 0.65 0.174 -0.033 0.0845 0.0962 100 380 
0.093 2 1 0 0 0.1000 0.1000 0.98 0.66 0.201 0.003 0.0845 0.0962 100 380 
0.094 2 1 0 0 0.1000 0.1000 0.98 0.66 0.143 0.037 0.0845 0.0962 100 370 
0.095 2 1 0 0 0.1000 0.1000 0.71 0.61 0.180 0.043 0.1027 0.0994 100 380 
0.096 2 1 0 0 0.1000 0.1000 0.71 0.61 0.103 0.013 0.1027 0.0994 100 380 
0.097 2 1 0 0 0.1000 0.1000 0.71 0.61 0.073 0.004 0.1027 0.0994 100 380 
0.098 2 1 0 0 0.1000 0.1000 0.47 0.61 0.010 -0.033 0.1182 0.0994 100 380 
0.099 2 1 0 0 0.1000 0.1000 0.47 0.73 -0.029 -0.022 0.1182 0.0912 100 340 
0.100 2 1 0 0 0.1000 0.1000 0.46 0.88 -0.049 -0.006 0.1182 0.0817 100 380 
0.101 2 1 0 0 0.1000 0.1000 0.46 0.89 -0.056 0.052 0.1182 0.0817 100 390 
0.102 2 1 0 0 0.1000 0.1000 0.43 0.89 -0.064 0.096 0.1196 0.0817 100 380 
0.103 2 1 0 0 0.1000 0.1000 0.42 0.90 -0.068 0.138 0.1196 0.0817 100 350 
0.104 2 1 0 0 0.1000 0.1000 0.42 0.90 -0.056 0.133 0.1196 0.0817 100 350 
0.105 2 1 0 0 0.1000 0.1000 0.41 0.95 -0.040 0.191 0.1196 0.0786 100 360 
0.106 2 1 0 0 0.1000 0.1000 0.41 0.96 -0.028 0.179 0.1196 0.0786 100 340 
0.107 2 1 0 0 0.1000 0.1000 0.40 0.97 -0.046 0.168 0.1196 0.0786 100 340 
0.108 2 1 0 0 0.1000 0.1000 0.45 0.97 -0.047 0.177 0.1157 0.0786 100 350 
0.109 2 1 0 0 0.1000 0.1000 0.52 0.98 -0.009 0.189 0.1110 0.0786 100 390 
0.110 2 1 0 0 0.1000 0.1000 0.52 0.79 -0.051 0.166 0.1110 0.0914 100 380 
0.111 2 1 0 0 0.1000 0.1000 0.51 0.80 -0.034 0.178 0.1110 0.0914 100 350 
0.112 2 1 0 0 0.1000 0.1000 0.60 0.80 -0.052 0.141 0.1053 0.0914 100 360 
0.113 2 1 0 0 0.1000 0.1000 0.68 0.47 -0.054 0.141 0.0998 0.1131 100 350 
0.114 2 1 0 0 0.1000 0.1000 0.68 0.47 -0.050 0.090 0.0998 0.1131 100 350 
0.115 2 1 0 0 0.1000 0.1000 0.68 0.46 -0.033 0.025 0.0998 0.1131 100 340 
0.116 2 1 0 0 0.1000 0.1000 0.68 0.46 0.000 -0.041 0.0998 0.1131 100 350 
0.117 2 1 0 0 0.1000 0.1000 0.91 0.53 0.012 -0.055 0.0848 0.1082 100 390 
0.118 2 1 0 0 0.1000 0.1000 1.05 0.53 -0.016 -0.047 0.0755 0.1082 100 390 
0.119 2 1 0 0 0.1000 0.1000 1.06 0.53 0.101 -0.054 0.0755 0.1082 100 350 
0.120 2 1 0 0 0.1000 0.1000 1.07 0.52 0.148 -0.041 0.0755 0.1082 100 350 
0.121 2 1 0 0 0.1000 0.1000 1.07 0.64 0.185 -0.037 0.0755 0.1005 100 380 
0.122 2 1 0 0 0.1000 0.1000 1.08 0.64 0.162 -0.035 0.0755 0.1005 100 370 
0.123 2 1 0 0 0.1000 0.1000 1.10 0.64 0.166 -0.022 0.0749 0.1005 100 380 
0.124 2 1 0 0 0.1000 0.1000 1.13 0.64 0.157 -0.007 0.0733 0.1005 100 390 
0.125 2 1 0 0 0.1000 0.1000 1.14 0.72 0.175 -0.005 0.0733 0.0947 100 380 
0.126 2 1 0 0 0.1000 0.1000 1.15 0.73 0.171 0.026 0.0733 0.0947 100 370 
0.127 2 1 0 0 0.1000 0.1000 1.15 0.73 0.161 0.086 0.0733 0.0947 100 390 
0.128 2 1 0 0 0.1000 0.1000 0.95 0.73 0.170 0.105 0.0873 0.0947 100 380 
0.129 2 1 0 0 0.1000 0.1000 0.95 0.66 0.154 0.069 0.0873 0.0997 100 370 
0.130 2 1 0 0 0.1000 0.1000 0.96 0.66 0.147 0.060 0.0873 0.0997 100 380 
0.131 2 1 0 0 0.1000 0.1000 0.96 0.66 0.120 0.011 0.0873 0.0997 100 370 
0.132 2 1 0 0 0.1000 0.1000 0.63 0.66 0.131 0.067 0.1093 0.0997 100 380 
0.133 2 1 0 0 0.1000 0.1000 0.63 0.69 0.067 0.023 0.1093 0.0977 100 350 
0.134 2 1 0 0 0.1000 0.1000 0.63 0.73 -0.005 0.022 0.1093 0.0950 100 370 
0.135 2 1 0 0 0.1000 0.1000 0.44 0.73 -0.036 0.058 0.1213 0.0950 100 370 
0.136 2 1 0 0 0.1000 0.1000 0.43 0.73 -0.048 0.105 0.1213 0.0950 100 340 
0.137 2 1 0 0 0.1000 0.1000 0.43 0.73 -0.056 0.104 0.1213 0.0950 100 340 
0.138 2 1 0 0 0.1000 0.1000 0.42 0.75 -0.057 0.105 0.1213 0.0938 100 380 
0.139 2 1 0 0 0.1000 0.1000 0.40 0.75 -0.106 0.132 0.1223 0.0938 100 390 
0.140 2 1 0 0 0.1000 0.1000 0.39 0.76 -0.070 0.098 0.1223 0.0938 100 350 
0.141 2 1 0 0 0.1000 0.1000 0.39 0.76 -0.076 0.124 0.1223 0.0938 100 340 
0.142 2 1 0 0 0.1000 0.1000 0.52 0.75 -0.043 0.122 0.1131 0.0942 100 360 
0.143 2 1 0 0 0.1000 0.1000 0.52 0.76 -0.044 0.141 0.1131 0.0942 100 350 
0.144 2 1 0 0 0.1000 0.1000 0.51 0.76 -0.051 0.117 0.1131 0.0942 100 340 
0.145 2 1 0 0 0.1000 0.1000 0.51 0.76 -0.028 0.136 0.1131 0.0942 100 350 
0.146 2 1 0 0 0.1000 0.1000 0.64 0.65 -0.036 0.115 0.1039 0.1018 100 350 
0.147 2 1 0 0 0.1000 0.1000 0.64 0.65 -0.039 0.102 0.1039 0.1018 100 340 
0.148 2 1 0 0 0.1000 0.1000 0.64 0.64 -0.035 0.036 0.1039 0.1018 100 340 
0.149 2 1 0 0 0.1000 0.1000 0.64 0.64 -0.040 0.022 0.1039 0.1018 100 350 
0.150 2 1 0 0 0.1000 0.1000 0.81 0.72 -0.028 0.044 0.0929 0.0967 100 390 
0.151 2 1 1 0 0.1500 0.1500 1.93 1.58 0.025 0.049 0.0756 0.0967 100 380 
0.152 2 1 1 0 0.1500 0.1500 2.05 1.59 0.129 0.087 0.0692 0.0967 100 390 
0.153 2 1 1 0 0.1500 0.1500 2.07 1.61 0.249 0.208 0.0692 0.0967 100 340 
0.154 2 1 1 0 0.1500 0.1500 2.10 1.54 0.345 0.269 0.0692 0.1027 100 380 
0.155 2 1 1 0 0.1500 0.1500 2.12 1.55 0.395 0.336 0.0692 0.1027 100 370 
0.156 2 1 1 0 0.1500 0.1500 2.14 1.56 0.403 0.315 0.0692 0.1027 100 370 
0.157 2 1 1 0 0.1500 0.1500 2.02 1.58 0.390 0.330 0.0789 0.1027 100 390 
0.158 2 1 1 0 0.1500 0.1500 2.04 1.20 0.380 0.337 0.0789 0.1288 100 380 
0.159 2 1 1 0 0.1500 0.1500 2.06 1.20 0.381 0.315 0.0789 0.1288 100 370 
0.160 2 1 1 0 0.1500 0.1500 1.27 0.71 0.378 0.277 0.1328 0.1618 100 380 
0.161 2 1 1 0 0.1500 0.1500 1.27 0.71 0.310 0.254 0.1328 0.1618 100 380 
0.162 2 1 1 0 0.1500 0.1500 0.60 0.70 0.204 0.105 0.1778 0.1618 100 390 
0.163 2 1 1 0 0.1500 0.1500 0.59 0.82 0.124 0.086 0.1778 0.1540 100 370 
0.164 2 1 1 0 0.1500 0.1500 0.58 0.82 0.007 0.072 0.1778 0.1540 100 370 
0.165 2 1 1 0 0.1500 0.1500 0.53 0.76 -0.025 0.067 0.1808 0.1576 100 390 
0.166 2 1 1 0 0.1500 0.1500 0.52 0.76 -0.047 0.101 0.1808 0.1576 100 370 
0.167 2 1 1 0 0.1500 0.1500 0.71 0.76 -0.051 0.113 0.1672 0.1576 100 380 
0.168 2 1 1 0 0.1500 0.1500 0.71 0.84 -0.060 0.108 0.1672 0.1516 100 380 
0.169 2 1 1 0 0.1500 0.1500 0.70 0.84 -0.045 0.099 0.1672 0.1516 100 390 
0.170 2 1 1 0 0.1500 0.1500 0.69 0.84 0.021 0.110 0.1679 0.1516 100 380 
0.171 2 1 1 0 0.1500 0.1500 0.68 0.84 -0.002 0.100 0.1679 0.1517 100 390 
0.172 2 1 1 0 0.1500 0.1500 0.67 0.84 0.015 0.113 0.1685 0.1517 100 390 
0.173 2 1 1 0 0.1500 0.1500 0.66 0.87 -0.038 0.097 0.1685 0.1498 100 390 
0.174 2 1 1 0 0.1500 0.1500 0.78 0.87 -0.012 0.126 0.1604 0.1498 100 390 
0.175 2 1 1 0 0.1500 0.1500 0.90 0.87 -0.030 0.122 0.1522 0.1498 100 380 
0.176 2 1 1 0 0.1500 0.1500 0.90 0.46 0.021 0.125 0.1522 0.1766 100 380 
0.177 2 1 1 0 0.1500 0.1500 0.86 0.46 0.044 0.121 0.1547 0.1766 100 380 
0.178 2 1 1 0 0.1500 0.1500 0.86 0.66 0.116 0.018 0.1547 0.1628 100 370 
0.179 2 1 1 0 0.1500 0.1500 0.86 0.65 0.107 -0.019 0.1547 0.1628 100 380 
0.180 2 1 1 0 0.1500 0.1500 1.07 0.65 0.179 -0.029 0.1403 0.1628 100 390 
0.181 2 1 1 0 0.1500 0.1500 1.08 0.73 0.048 0.008 0.1403 0.1571 100 390 
0.182 2 1 1 0 0.1500 0.1500 1.08 0.73 0.101 0.007 0.1403 0.1571 100 380 
0.183 2 1 1 0 0.1500 0.1500 0.85 0.82 0.127 0.040 0.1558 0.1511 100 380 
0.184 2 1 1 0 0.1500 0.1500 0.85 0.82 0.141 0.049 0.1558 0.1511 100 370 
0.185 2 1 1 0 0.1500 0.1500 0.86 0.82 0.073 0.067 0.1551 0.1511 100 380 
0.186 2 1 1 0 0.1500 0.1500 0.85 0.69 0.073 0.111 0.1551 0.1595 100 380 
0.187 2 1 1 0 0.1500 0.1500 0.85 0.69 0.116 0.113 0.1551 0.1595 100 370 
0.188 2 1 1 0 0.1500 0.1500 0.66 0.73 0.021 0.054 0.1678 0.1562 100 390 
0.189 2 1 1 0 0.1500 0.1500 0.66 0.83 0.002 0.046 0.1678 0.1496 100 390 
0.190 2 1 1 0 0.1500 0.1500 0.64 0.83 -0.021 0.048 0.1682 0.1496 100 380 
0.191 2 1 1 0 0.1500 0.1500 0.64 0.83 -0.040 0.074 0.1682 0.1495 100 370 
0.192 2 1 1 0 0.1500 0.1500 0.63 0.83 -0.094 0.124 0.1682 0.1495 100 380 
0.193 2 1 1 0 0.1500 0.1500 0.73 0.83 -0.047 0.109 0.1615 0.1495 100 380 
0.194 2 1 1 0 0.1500 0.1500 0.72 0.88 -0.022 0.102 0.1615 0.1466 100 380 
0.195 2 1 1 0 0.1500 0.1500 0.93 0.88 0.052 0.136 0.1475 0.1466 100 390 
0.196 2 1 1 0 0.1500 0.1500 0.93 0.88 0.031 0.124 0.1475 0.1466 100 360 
0.197 2 1 1 0 0.1500 0.1500 0.94 0.65 0.078 0.142 0.1475 0.1617 100 380 
0.198 2 1 1 0 0.1500 0.1500 0.86 0.65 0.120 0.119 0.1526 0.1617 100 390 
0.199 2 1 1 0 0.1500 0.1500 0.86 0.58 0.124 0.034 0.1526 0.1661 100 380 
0.200 2 1 1 0 0.1500 0.1500 0.86 0.57 0.068 0.002 0.1526 0.1661 100 370 
0.201 2 1 1 0 0.1500 0.1500 1.00 0.32 0.025 -0.008 0.1433 0.1827 100 380 
0.202 2 1 1 0 0.1500 0.1500 1.00 0.31 0.043 -0.065 0.1433 0.1827 100 380 
0.203 2 1 1 0 0.1500 0.1500 1.00 0.32 0.169 -0.030 0.1433 0.1816 100 370 
0.204 2 1 1 0 0.1500 0.1500 0.92 0.70 0.145 -0.062 0.1487 0.1555 100 380 
0.205 2 1 1 0 0.1500 0.1500 0.92 0.70 0.170 -0.032 0.1487 0.1555 100 370 
0.206 2 1 1 0 0.1500 0.1500 0.78 0.67 0.087 0.029 0.1578 0.1571 100 380 
0.207 2 1 1 0 0.1500 0.1500 0.78 0.67 0.063 0.027 0.1578 0.1571 100 360 
0.208 2 1 1 0 0.1500 0.1500 0.78 0.67 0.043 0.008 0.1578 0.1571 100 380 
0.209 2 1 1 0 0.1500 0.1500 0.55 0.89 0.005 0.013 0.1731 0.1422 100 390 
0.210 2 1 1 0 0.1500 0.1500 0.54 0.90 0.021 0.045 0.1731 0.1422 100 380 
0.211 2 1 1 0 0.1500 0.1500 0.54 0.90 0.006 0.112 0.1729 0.1422 100 370 
0.212 2 1 1 0 0.1500 0.1500 0.53 0.91 -0.035 0.166 0.1729 0.1418 100 380 
0.213 2 1 1 0 0.1500 0.1500 0.55 0.91 -0.031 0.148 0.1710 0.1418 100 380 
0.214 2 1 1 0 0.1500 0.1500 0.54 0.91 -0.026 0.140 0.1710 0.1418 100 340 
0.215 2 1 1 0 0.1500 0.1500 0.54 0.90 -0.047 0.124 0.1710 0.1428 100 380 
0.216 2 1 1 0 0.1500 0.1500 0.80 0.90 -0.081 0.119 0.1534 0.1428 100 370 
0.217 2 1 1 0 0.1500 0.1500 0.80 0.90 -0.038 0.143 0.1534 0.1428 100 350 
0.218 2 1 1 0 0.1500 0.1500 0.80 0.67 0.016 0.133 0.1534 0.1585 100 390 
0.219 2 1 1 0 0.1500 0.1500 0.90 0.67 0.007 0.125 0.1466 0.1585 100 370 
0.220 2 1 1 0 0.1500 0.1500 0.90 0.59 0.101 0.064 0.1466 0.1629 100 390 
0.221 2 1 1 0 0.1500 0.1500 0.91 0.59 0.080 0.041 0.1462 0.1629 100 390 
0.222 2 1 1 0 0.1500 0.1500 1.10 0.40 0.099 0.012 0.1333 0.1752 100 390 
0.223 2 1 1 0 0.1500 0.1500 1.11 0.39 0.124 -0.038 0.1333 0.1752 100 380 
0.224 2 1 1 0 0.1500 0.1500 1.11 0.39 0.113 -0.051 0.1333 0.1752 100 380 
0.225 2 1 1 0 0.1500 0.1500 0.99 0.68 0.124 -0.058 0.1415 0.1555 100 390 
0.226 2 1 1 0 0.1500 0.1500 0.99 0.67 0.120 -0.054 0.1415 0.1555 100 380 
0.227 2 1 1 0 0.1500 0.1500 0.84 0.67 0.222 -0.005 0.1519 0.1555 100 380 
0.228 2 1 1 0 0.1500 0.1500 0.84 0.79 0.136 0.033 0.1519 0.1480 100 370 
0.229 2 1 1 0 0.1500 0.1500 0.84 0.79 0.158 0.027 0.1519 0.1480 100 390 
0.230 2 1 1 0 0.1500 0.1500 0.52 0.81 0.078 0.063 0.1727 0.1463 100 380 
0.231 2 1 1 0 0.1500 0.1500 0.52 0.84 0.030 0.082 0.1727 0.1447 100 370 
0.232 2 1 1 0 0.1500 0.1500 0.58 0.84 -0.042 0.086 0.1682 0.1447 100 370 
0.233 2 1 1 0 0.1500 0.1500 0.57 0.76 -0.040 0.089 0.1682 0.1497 100 390 
0.234 2 1 1 0 0.1500 0.1500 0.59 0.76 -0.040 0.102 0.1667 0.1497 100 380 
0.235 2 1 1 0 0.1500 0.1500 0.71 0.76 -0.035 0.100 0.1583 0.1497 100 380 
0.236 2 1 1 0 0.1500 0.1500 0.71 0.80 0.045 0.127 0.1583 0.1474 100 370 
0.237 2 1 1 0 0.1500 0.1500 0.91 0.80 0.055 0.102 0.1447 0.1474 100 380 
0.238 2 1 1 0 0.1500 0.1500 0.91 0.80 0.145 0.099 0.1447 0.1474 100 350 
0.239 2 1 1 0 0.1500 0.1500 0.92 0.65 0.098 0.115 0.1447 0.1577 100 370 
0.240 2 1 1 0 0.1500 0.1500 1.00 0.64 0.103 0.113 0.1389 0.1577 100 390 
0.241 2 1 1 0 0.1500 0.1500 1.01 0.55 0.111 0.052 0.1389 0.1635 100 390 
0.242 2 1 1 0 0.1500 0.1500 1.01 0.55 0.175 -0.006 0.1389 0.1635 100 380 
0.243 2 1 1 0 0.1500 0.1500 1.01 0.34 0.198 -0.048 0.1391 0.1768 100 380 
0.244 2 1 1 0 0.1500 0.1500 1.01 0.34 0.152 -0.044 0.1391 0.1768 100 380 
0.245 2 1 1 0 0.1500 0.1500 1.02 0.33 0.173 -0.022 0.1391 0.1768 100 380 
0.246 2 1 1 0 0.1500 0.1500 0.84 0.67 0.192 -0.089 0.1510 0.1540 100 380 
0.247 2 1 1 0 0.1500 0.1500 0.84 0.66 0.120 -0.070 0.1510 0.1540 100 380 
0.248 2 1 1 0 0.1500 0.1500 0.69 0.66 0.117 -0.026 0.1608 0.1540 100 380 
0.249 2 1 1 0 0.1500 0.1500 0.69 0.75 0.062 0.004 0.1608 0.1484 100 370 
0.250 2 1 1 0 0.1500 0.1500 0.69 0.75 -0.013 0.017 0.1608 0.1484 100 380 
0.251 2 1 1 0 0.1500 0.1500 0.48 0.79 -0.025 0.077 0.1742 0.1453 100 390 
0.252 2 1 2 0 0.2000 0.2000 1.33 1.73 -0.055 0.075 0.1742 0.1404 100 380 
0.253 2 1 2 0 0.2000 0.2000 1.41 1.75 0.059 0.115 0.1694 0.1404 100 370 
0.254 2 1 2 0 0.2000 0.2000 1.42 1.61 0.116 0.208 0.1694 0.1508 100 370 
0.255 2 1 2 0 0.2000 0.2000 1.43 1.62 0.230 0.254 0.1694 0.1508 100 390 
0.256 2 1 2 0 0.2000 0.2000 1.47 1.64 0.209 0.267 0.1672 0.1508 100 370 
0.257 2 1 2 0 0.2000 0.2000 1.48 1.56 0.184 0.281 0.1672 0.1569 100 380 
0.258 2 1 2 0 0.2000 0.2000 1.44 1.57 0.252 0.273 0.1704 0.1569 100 380 
0.259 2 1 2 0 0.2000 0.2000 1.45 1.24 0.248 0.284 0.1704 0.1798 100 380 
0.260 2 1 2 0 0.2000 0.2000 1.13 1.24 0.190 0.223 0.1922 0.1798 100 390 
0.261 2 1 2 0 0.2000 0.2000 1.13 1.00 0.190 0.208 0.1922 0.1963 100 390 
0.262 2 1 2 0 0.2000 0.2000 1.19 1.00 0.200 0.151 0.1889 0.1963 100 380 
0.263 2 1 2 0 0.2000 0.2000 1.19 0.72 0.113 0.134 0.1889 0.2150 100 380 
0.264 2 1 2 0 0.2000 0.2000 1.04 0.71 0.110 0.121 0.1990 0.2150 100 390 
0.265 2 1 2 0 0.2000 0.2000 1.04 0.88 0.103 0.078 0.1990 0.2035 100 390 
0.266 2 1 2 0 0.2000 0.2000 0.97 0.88 0.097 0.079 0.2035 0.2035 100 390 
0.267 2 1 2 0 0.2000 0.2000 0.97 0.80 0.131 0.105 0.2035 0.2088 100 370 
0.268 2 1 2 0 0.2000 0.2000 0.82 0.80 0.104 0.107 0.2131 0.2088 100 380 
0.269 2 1 2 0 0.2000 0.2000 0.82 0.84 0.111 0.060 0.2131 0.2055 100 370 
0.270 2 1 2 0 0.2000 0.2000 0.80 0.84 0.079 0.036 0.2142 0.2055 100 380 
0.271 2 1 2 0 0.2000 0.2000 0.79 0.70 0.037 0.083 0.2142 0.2148 100 380 
0.272 2 1 2 0 0.2000 0.2000 0.51 0.70 0.062 0.086 0.2328 0.2148 100 380 
0.273 2 1 2 0 0.2000 0.2000 0.50 0.92 -0.001 0.047 0.2328 0.2000 100 380 
0.274 2 1 2 0 0.2000 0.2000 0.91 0.92 -0.081 0.000 0.2051 0.2000 100 380 
0.275 2 1 2 0 0.2000 0.2000 0.91 0.82 -0.047 0.069 0.2051 0.2065 100 370 
0.276 2 1 2 0 0.2000 0.2000 1.11 0.82 0.037 0.103 0.1919 0.2065 100 380 
0.277 2 1 2 0 0.2000 0.2000 1.11 0.80 0.026 0.118 0.1919 0.2075 100 370 
0.278 2 1 2 0 0.2000 0.2000 1.14 0.80 0.116 0.082 0.1902 0.2075 100 370 
0.279 2 1 2 0 0.2000 0.2000 1.14 0.52 0.109 0.048 0.1902 0.2258 100 370 
0.280 2 1 2 0 0.2000 0.2000 0.87 0.65 0.094 0.018 0.2079 0.2169 100 380 
0.281 2 1 2 0 0.2000 0.2000 0.87 0.84 0.094 -0.007 0.2079 0.2035 100 380 
0.282 2 1 2 0 0.2000 0.2000 0.96 0.84 0.056 -0.005 0.2017 0.2035 100 380 
0.283 2 1 2 0 0.2000 0.2000 0.96 0.81 0.043 -0.067 0.2017 0.2058 100 380 
0.284 2 1 2 0 0.2000 0.2000 0.94 0.80 0.101 0.042 0.2029 0.2058 100 380 
0.285 2 1 2 0 0.2000 0.2000 0.94 0.96 0.090 0.053 0.2029 0.1955 100 370 
0.286 2 1 2 0 0.2000 0.2000 0.79 0.96 0.082 0.083 0.2130 0.1955 100 390 
0.287 2 1 2 0 0.2000 0.2000 0.79 0.96 0.055 0.007 0.2130 0.1956 100 350 
0.288 2 1 2 0 0.2000 0.2000 0.67 0.96 0.050 0.049 0.2203 0.1956 100 370 
0.289 2 1 2 0 0.2000 0.2000 0.67 1.04 -0.001 0.022 0.2203 0.1907 100 380 
0.290 2 1 2 0 0.2000 0.2000 0.83 1.04 -0.029 0.107 0.2087 0.1907 100 380 
0.291 2 1 2 0 0.2000 0.2000 0.83 0.57 -0.009 0.150 0.2087 0.2219 100 380 
0.292 2 1 2 0 0.2000 0.2000 0.67 0.56 0.014 0.164 0.2195 0.2219 100 390 
0.293 2 1 2 0 0.2000 0.2000 0.81 0.82 -0.015 0.013 0.2097 0.2047 100 390 
0.294 2 1 2 0 0.2000 0.2000 1.03 0.81 -0.030 0.010 0.1946 0.2047 100 390 
0.295 2 1 2 0 0.2000 0.2000 1.03 0.89 0.065 0.021 0.1946 0.1998 100 390 
0.296 2 1 2 0 0.2000 0.2000 0.88 0.89 0.100 -0.015 0.2053 0.1998 100 360 
0.297 2 1 2 0 0.2000 0.2000 0.87 0.96 0.089 0.111 0.2053 0.1952 100 380 
0.298 2 1 2 0 0.2000 0.2000 1.04 0.96 0.105 0.113 0.1943 0.1952 100 390 
0.299 2 1 2 0 0.2000 0.2000 1.04 0.73 0.062 0.154 0.1943 0.2104 100 380 
0.300 2 1 2 0 0.2000 0.2000 0.88 0.73 0.125 0.105 0.2050 0.2104 100 380 
0.301 2 1 2 0 0.2000 0.2000 0.88 0.89 0.126 0.113 0.2050 0.1993 100 380 
0.302 2 1 2 0 0.2000 0.2000 0.88 0.89 0.080 0.065 0.2051 0.1993 100 370 
0.303 2 1 2 0 0.2000 0.2000 0.87 0.87 0.060 0.113 0.2051 0.2010 100 380 
0.304 2 1 2 0 0.2000 0.2000 0.87 0.87 0.064 0.109 0.2053 0.2010 100 370 
0.305 2 1 2 0 0.2000 0.2000 0.87 0.97 0.034 0.080 0.2053 0.1942 100 380 
0.306 2 1 2 0 0.2000 0.2000 0.93 0.97 0.071 0.091 0.2012 0.1942 100 380 
0.307 2 1 2 0 0.2000 0.2000 0.93 0.73 0.070 0.100 0.2012 0.2099 100 380 
0.308 2 1 2 0 0.2000 0.2000 0.70 0.73 0.045 0.039 0.2159 0.2099 100 380 
0.309 2 1 2 0 0.2000 0.2000 0.83 0.75 0.013 -0.051 0.2070 0.2083 100 390 
0.310 2 1 2 0 0.2000 0.2000 0.96 0.75 0.021 -0.039 0.1984 0.2083 100 390 
0.311 2 1 2 0 0.2000 0.2000 0.96 0.43 0.058 0.030 0.1984 0.2291 100 380 
0.312 2 1 2 0 0.2000 0.2000 0.98 0.81 0.061 0.010 0.1976 0.2039 100 390 
0.313 2 1 2 0 0.2000 0.2000 0.98 0.83 0.096 -0.008 0.1976 0.2019 100 380 
0.314 2 1 2 0 0.2000 0.2000 0.93 0.66 0.091 0.049 0.2005 0.2131 100 390 
0.315 2 1 2 0 0.2000 0.2000 0.93 0.66 0.071 -0.036 0.2005 0.2131 100 380 
0.316 2 1 2 0 0.2000 0.2000 0.72 0.89 0.063 -0.079 0.2145 0.1977 100 390 
0.317 2 1 2 0 0.2000 0.2000 0.73 0.89 0.054 -0.090 0.2134 0.1977 100 390 
0.318 2 1 2 0 0.2000 0.2000 0.73 0.89 0.057 -0.119 0.2134 0.1977 100 360 
0.319 2 1 2 0 0.2000 0.2000 0.68 0.91 0.022 -0.019 0.2164 0.1968 100 350 
0.320 2 1 2 0 0.2000 0.2000 0.68 0.91 -0.019 0.112 0.2164 0.1968 100 340 
0.321 2 1 2 0 0.2000 0.2000 0.84 1.00 -0.009 0.105 0.2054 0.1906 100 360 
0.322 2 1 2 0 0.2000 0.2000 0.83 1.00 0.005 0.220 0.2054 0.1906 100 350 
0.323 2 1 2 0 0.2000 0.2000 0.78 0.79 0.014 0.193 0.2092 0.2049 100 360 
0.324 2 1 2 0 0.2000 0.2000 0.77 0.79 0.002 0.103 0.2092 0.2049 100 360 
0.325 2 1 2 0 0.2000 0.2000 1.03 0.74 0.025 0.007 0.1918 0.2077 100 360 
0.326 2 1 2 0 0.2000 0.2000 1.04 0.47 0.038 -0.072 0.1918 0.2259 100 380 
0.327 2 1 2 0 0.2000 0.2000 0.98 0.46 0.087 -0.067 0.1953 0.2259 100 350 
0.328 2 1 2 0 0.2000 0.2000 0.99 0.73 0.132 -0.039 0.1953 0.2074 100 370 
0.329 2 1 2 0 0.2000 0.2000 0.96 0.73 0.086 -0.104 0.1974 0.2074 100 380 
0.330 2 1 2 0 0.2000 0.2000 0.96 0.79 0.116 -0.201 0.1974 0.2035 100 380 
0.331 2 1 2 0 0.2000 0.2000 0.67 0.79 0.086 -0.093 0.2168 0.2035 100 390 
0.332 2 1 2 0 0.2000 0.2000 0.66 0.79 -0.008 0.018 0.2168 0.2030 100 370 
0.333 2 1 2 0 0.2000 0.2000 0.79 0.79 -0.006 0.021 0.2082 0.2030 100 380 
0.334 2 1 2 0 0.2000 0.2000 0.78 0.72 0.027 0.052 0.2082 0.2077 100 390 
0.335 2 1 2 0 0.2000 0.2000 0.91 0.72 0.021 -0.105 0.1996 0.2077 100 390 
0.336 2 1 2 0 0.2000 0.2000 0.91 0.87 0.033 -0.089 0.1996 0.1975 100 370 
0.337 2 1 2 0 0.2000 0.2000 0.95 0.87 0.038 0.054 0.1967 0.1975 100 380 
0.338 2 1 2 0 0.2000 0.2000 0.95 0.73 0.029 0.021 0.1967 0.2067 100 390 
0.339 2 1 2 0 0.2000 0.2000 0.89 0.73 0.063 -0.001 0.2012 0.2067 100 390 
0.340 2 1 2 0 0.2000 0.2000 0.89 0.66 0.060 0.032 0.2012 0.2110 100 380 
0.341 2 1 2 0 0.2000 0.2000 0.96 0.66 0.090 -0.050 0.1962 0.2110 100 380 
0.342 2 1 2 0 0.2000 0.2000 0.96 0.37 0.086 -0.085 0.1962 0.2298 100 380 
0.343 2 1 2 0 0.2000 0.2000 0.96 0.36 0.058 -0.035 0.1962 0.2298 100 390 
0.344 2 1 2 0 0.2000 0.2000 0.90 0.71 0.052 -0.056 0.2007 0.2063 100 380 
0.345 2 1 2 0 0.2000 0.2000 0.84 0.71 0.052 -0.062 0.2044 0.2063 100 370 
0.346 2 1 2 0 0.2000 0.2000 0.84 0.73 0.062 0.079 0.2044 0.2047 100 370 
0.347 2 1 2 0 0.2000 0.2000 0.64 0.73 0.051 0.170 0.2175 0.2047 100 380 
0.348 2 1 2 0 0.2000 0.2000 0.64 0.88 -0.005 0.173 0.2175 0.1943 100 370 
0.349 2 1 2 0 0.2000 0.2000 0.69 0.89 -0.042 0.274 0.2133 0.1943 100 380 
0.350 2 1 2 0 0.2000 0.2000 0.69 0.73 -0.016 0.217 0.2133 0.2043 100 380 
0.351 2 1 2 0 0.2000 0.2000 0.80 0.73 0.000 0.322 0.2058 0.2043 100 380 
0.352 2 1 2 0 0.2000 0.2000 0.80 0.94 -0.006 0.239 0.2058 0.1905 100 390 
0.353 2 1 3 0 0.2500 0.2500 1.82 1.80 -0.005 0.155 0.1949 0.1905 100 380 
0.354 2 1 3 0 0.2500 0.2500 1.83 1.75 0.121 0.189 0.1949 0.1952 100 380 
0.355 2 1 3 0 0.2500 0.2500 1.70 1.77 0.207 0.231 0.2052 0.1952 100 380 
0.356 2 1 3 0 0.2500 0.2500 1.71 1.59 0.222 0.238 0.2052 0.2077 100 380 
0.357 2 1 3 0 0.2500 0.2500 1.80 1.60 0.251 0.212 0.1999 0.2077 100 390 
0.358 2 1 3 0 0.2500 0.2500 1.82 1.26 0.221 0.116 0.1999 0.2315 100 370 
0.359 2 1 3 0 0.2500 0.2500 1.58 1.26 0.284 0.155 0.2166 0.2315 100 390 
0.360 2 1 3 0 0.2500 0.2500 1.59 1.37 0.226 0.113 0.2166 0.2248 100 380 
0.361 2 1 3 0 0.2500 0.2500 1.39 1.19 0.213 0.150 0.2304 0.2371 100 390 
0.362 2 1 3 0 0.2500 0.2500 1.40 1.20 0.212 0.130 0.2304 0.2371 100 380 
0.363 2 1 3 0 0.2500 0.2500 1.15 1.20 0.186 0.072 0.2469 0.2371 100 390 
0.364 2 1 3 0 0.2500 0.2500 1.08 1.20 0.181 0.100 0.2519 0.2371 100 390 
0.365 2 1 3 0 0.2500 0.2500 1.08 1.00 0.105 0.106 0.2519 0.2505 100 380 
0.366 2 1 3 0 0.2500 0.2500 0.67 1.20 0.103 0.104 0.2787 0.2379 100 390 
0.367 2 1 3 0 0.2500 0.2500 1.08 1.20 0.015 0.056 0.2512 0.2379 100 370 
0.368 2 1 3 0 0.2500 0.2500 1.08 1.02 0.006 0.096 0.2512 0.2501 100 380 
0.369 2 1 3 0 0.2500 0.2500 1.18 1.02 0.021 0.137 0.2443 0.2501 100 380 
0.370 2 1 3 0 0.2500 0.2500 1.19 0.95 0.029 0.025 0.2443 0.2545 100 380 
0.371 2 1 3 0 0.2500 0.2500 1.16 0.57 0.056 0.088 0.2463 0.2797 100 390 
0.372 2 1 3 0 0.2500 0.2500 0.86 0.56 0.068 0.072 0.2660 0.2797 100 370 
0.373 2 1 3 0 0.2500 0.2500 0.85 0.96 0.071 -0.021 0.2660 0.2528 100 380 
0.374 2 1 3 0 0.2500 0.2500 1.06 0.89 0.025 -0.002 0.2521 0.2573 100 380 
0.375 2 1 3 0 0.2500 0.2500 1.15 0.89 0.039 0.003 0.2462 0.2573 100 390 
0.376 2 1 3 0 0.2500 0.2500 1.15 1.07 0.082 0.032 0.2462 0.2451 100 380 
0.377 2 1 3 0 0.2500 0.2500 1.01 1.07 0.082 -0.048 0.2557 0.2451 100 390 
0.378 2 1 3 0 0.2500 0.2500 0.86 1.07 0.096 -0.056 0.2652 0.2454 100 360 
0.379 2 1 3 0 0.2500 0.2500 0.86 1.18 0.057 -0.031 0.2652 0.2379 100 380 
0.380 2 1 3 0 0.2500 0.2500 1.01 1.19 0.029 0.086 0.2547 0.2379 100 390 
0.381 2 1 3 0 0.2500 0.2500 1.01 0.64 0.048 0.104 0.2547 0.2742 100 380 
0.382 2 1 3 0 0.2500 0.2500 0.70 0.98 0.052 0.097 0.2750 0.2510 100 380 
0.383 2 1 3 0 0.2500 0.2500 1.07 0.98 -0.004 -0.048 0.2504 0.2510 100 380 
0.384 2 1 3 0 0.2500 0.2500 1.07 1.03 0.059 -0.063 0.2504 0.2481 100 370 
0.385 2 1 3 0 0.2500 0.2500 0.81 1.03 0.085 0.146 0.2672 0.2481 100 390 
0.386 2 1 3 0 0.2500 0.2500 1.07 1.06 0.032 0.037 0.2497 0.2457 100 350 
0.387 2 1 3 0 0.2500 0.2500 1.07 0.78 0.067 0.030 0.2497 0.2648 100 380 
0.388 2 1 3 0 0.2500 0.2500 0.93 0.77 0.114 0.073 0.2590 0.2648 100 380 
0.389 2 1 3 0 0.2500 0.2500 0.98 1.00 0.085 0.053 0.2558 0.2491 100 360 
0.390 2 1 3 0 0.2500 0.2500 0.97 1.00 0.078 -0.043 0.2558 0.2491 100 380 
0.391 2 1 3 0 0.2500 0.2500 0.98 0.99 0.108 -0.031 0.2554 0.2501 100 380 
0.392 2 1 3 0 0.2500 0.2500 0.98 1.14 0.067 -0.020 0.2554 0.2402 100 390 
0.393 2 1 3 0 0.2500 0.2500 1.02 1.14 0.071 0.038 0.2523 0.2402 100 380 
0.394 2 1 3 0 0.2500 0.2500 0.72 0.89 0.060 0.102 0.2722 0.2573 100 350 
0.395 2 1 3 0 0.2500 0.2500 0.71 0.90 -0.009 0.032 0.2722 0.2562 100 390 
0.396 2 1 3 0 0.2500 0.2500 1.05 0.90 -0.021 0.036 0.2498 0.2562 100 370 
0.397 2 1 3 0 0.2500 0.2500 1.08 0.46 -0.006 0.172 0.2474 0.2851 100 350 
0.398 2 1 3 0 0.2500 0.2500 1.08 0.93 0.042 0.068 0.2474 0.2535 100 380 
0.399 2 1 3 0 0.2500 0.2500 1.08 0.93 0.044 0.174 0.2479 0.2535 100 380 
0.400 2 1 3 0 0.2500 0.2500 1.08 0.67 0.068 0.235 0.2479 0.2704 100 370 
0.401 2 1 3 0 0.2500 0.2500 0.87 0.94 0.109 0.175 0.2618 0.2525 100 400 
0.402 2 1 3 0 0.2500 0.2500 0.92 0.94 0.058 0.184 0.2584 0.2525 100 370 
0.403 2 1 3 0 0.2500 0.2500 0.91 0.92 0.052 0.071 0.2584 0.2537 100 380 
0.404 2 1 3 0 0.2500 0.2500 0.83 0.91 0.033 0.080 0.2634 0.2537 100 390 
0.405 2 1 3 0 0.2500 0.2500 0.96 1.08 0.059 0.068 0.2550 0.2430 100 360 
0.406 2 1 3 0 0.2500 0.2500 0.96 0.87 0.065 0.053 0.2550 0.2567 100 370 
0.407 2 1 3 0 0.2500 0.2500 0.75 0.87 0.075 0.084 0.2683 0.2567 100 370 
0.408 2 1 3 0 0.2500 0.2500 1.04 0.88 0.048 0.076 0.2488 0.2555 100 350 
0.409 2 1 3 0 0.2500 0.2500 1.04 0.58 0.025 0.091 0.2488 0.2751 100 380 
0.410 2 1 3 0 0.2500 0.2500 0.97 0.58 0.066 0.036 0.2534 0.2751 100 380 
0.411 2 1 3 0 0.2500 0.2500 0.97 0.91 0.061 -0.006 0.2534 0.2526 100 380 
0.412 2 1 3 0 0.2500 0.2500 1.01 0.91 0.067 -0.059 0.2511 0.2526 100 380 
0.413 2 1 3 0 0.2500 0.2500 0.71 0.95 0.079 -0.022 0.2704 0.2496 100 350 
0.414 2 1 3 0 0.2500 0.2500 0.71 0.95 0.025 0.156 0.2704 0.2502 100 390 
0.415 2 1 3 0 0.2500 0.2500 0.88 0.95 0.010 0.180 0.2585 0.2502 100 380 
0.416 2 1 3 0 0.2500 0.2500 1.00 0.84 0.033 0.216 0.2509 0.2572 100 340 
0.417 2 1 3 0 0.2500 0.2500 0.99 1.01 0.035 0.182 0.2509 0.2461 100 390 
0.418 2 1 3 0 0.2500 0.2500 1.02 1.01 0.049 0.204 0.2495 0.2461 100 380 
0.419 2 1 3 0 0.2500 0.2500 1.02 0.84 0.053 0.239 0.2495 0.2573 100 380 
0.420 2 1 3 0 0.2500 0.2500 0.92 0.84 0.072 0.201 0.2559 0.2573 100 380 
0.421 2 1 3 0 0.2500 0.2500 1.03 0.78 0.052 0.197 0.2482 0.2606 100 350 
0.422 2 1 3 0 0.2500 0.2500 1.03 0.43 0.044 0.163 0.2482 0.2837 100 380 
0.423 2 1 3 0 0.2500 0.2500 0.97 0.48 0.032 0.036 0.2524 0.2795 100 390 
0.424 2 1 3 0 0.2500 0.2500 0.96 0.82 0.048 -0.039 0.2532 0.2571 100 350 
0.425 2 1 3 0 0.2500 0.2500 0.96 0.78 0.055 0.025 0.2532 0.2596 100 370 
0.426 2 1 3 0 0.2500 0.2500 0.75 0.77 0.051 -0.013 0.2669 0.2596 100 370 
0.427 2 1 3 0 0.2500 0.2500 0.82 0.90 0.026 0.040 0.2615 0.2513 100 340 
0.428 2 1 3 0 0.2500 0.2500 0.82 0.70 0.024 0.037 0.2615 0.2640 100 370 
0.429 2 1 3 0 0.2500 0.2500 0.80 0.70 0.021 0.051 0.2629 0.2640 100 390 
0.430 2 1 3 0 0.2500 0.2500 0.79 1.04 0.030 0.006 0.2629 0.2414 100 380 
0.431 2 1 3 0 0.2500 0.2500 0.90 1.04 0.027 0.041 0.2558 0.2414 100 370 
0.432 2 1 3 0 0.2500 0.2500 0.67 1.01 0.026 0.060 0.2706 0.2434 100 360 
0.433 2 1 3 0 0.2500 0.2500 0.67 0.92 -0.002 0.094 0.2706 0.2498 100 390 
0.434 2 1 3 0 0.2500 0.2500 1.01 0.92 -0.054 0.119 0.2472 0.2498 100 390 
0.435 2 1 3 0 0.2500 0.2500 1.06 0.69 -0.019 0.080 0.2441 0.2646 100 350 
0.436 2 1 3 0 0.2500 0.2500 1.06 0.94 0.022 0.026 0.2441 0.2483 100 370 
0.437 2 1 3 0 0.2500 0.2500 1.11 0.94 0.067 0.026 0.2409 0.2483 100 370 
0.438 2 1 3 0 0.2500 0.2500 1.12 0.85 0.097 0.038 0.2409 0.2540 100 390 
0.439 2 1 3 0 0.2500 0.2500 0.99 0.85 0.132 0.041 0.2493 0.2540 100 390 
0.440 2 1 3 0 0.2500 0.2500 0.98 0.90 0.101 0.059 0.2501 0.2506 100 360 
0.441 2 1 3 0 0.2500 0.2500 0.98 0.74 0.040 0.037 0.2501 0.2612 100 390 
0.442 2 1 3 0 0.2500 0.2500 0.61 0.73 0.035 0.033 0.2742 0.2612 100 370 
0.443 2 1 3 0 0.2500 0.2500 1.04 1.01 -0.019 0.021 0.2457 0.2425 100 340 
0.444 2 1 3 0 0.2500 0.2500 1.04 1.02 0.000 0.014 0.2457 0.2425 100 350 
0.445 2 1 3 0 0.2500 0.2500 1.18 0.92 0.047 0.056 0.2365 0.2489 100 340 
0.446 2 1 3 0 0.2500 0.2500 1.19 0.91 0.049 0.066 0.2365 0.2495 100 380 
0.447 2 1 3 0 0.2500 0.2500 1.14 0.91 0.046 0.098 0.2395 0.2495 100 390 
0.448 2 1 3 0 0.2500 0.2500 0.88 0.60 0.084 0.112 0.2570 0.2700 100 360 
0.449 2 1 3 0 0.2500 0.2500 0.88 0.99 0.101 0.034 0.2570 0.2437 100 380 
0.450 2 1 3 0 0.2500 0.2500 1.08 1.00 0.070 0.003 0.2436 0.2437 100 380 
0.451 2 1 3 0 0.2500 0.2500 1.08 0.91 0.072 0.101 0.2436 0.2496 100 380 
0.452 2 1 3 0 0.2500 0.2500 1.12 0.91 0.084 0.102 0.2415 0.2496 100 390 
0.453 2 1 3 0 0.2500 0.2500 0.96 1.05 0.081 0.135 0.2517 0.2406 100 360 
0.454 2 1 4 0 0.0500 0.0500 -2.47 -2.41 0.054 0.110 0.2517 0.2425 100 380 
0.455 2 1 4 0 0.0500 0.0500 -2.67 -2.47 -0.166 0.047 0.2610 0.2425 100 370 
0.456 2 1 4 0 0.0500 0.0500 -2.73 -2.34 -0.440 -0.367 0.2610 0.2304 100 390 
0.457 2 1 4 0 0.0500 0.0500 -2.47 -2.39 -0.625 -0.743 0.2395 0.2304 100 380 
0.458 2 1 4 0 0.0500 0.0500 -2.25 -2.39 -0.678 -0.852 0.2212 0.2265 100 390 
0.459 2 1 4 0 0.0500 0.0500 -2.19 -2.44 -0.728 -0.863 0.2137 0.2265 100 370 
0.460 2 1 4 0 0.0500 0.0500 -2.17 -1.41 -0.641 -0.826 0.2097 0.1548 100 340 
0.461 2 1 4 0 0.0500 0.0500 -1.14 -1.29 -0.678 -0.871 0.1381 0.1446 100 380 
0.462 2 1 4 0 0.0500 0.0500 -0.80 -1.31 -0.572 -0.662 0.1141 0.1446 100 380 
0.463 2 1 4 0 0.0500 0.0500 -0.82 -1.33 -0.424 -0.609 0.1141 0.1440 100 340 
0.464 2 1 4 0 0.0500 0.0500 -0.84 -0.79 -0.315 -0.478 0.1141 0.1063 100 350 
0.465 2 1 4 0 0.0500 0.0500 -0.86 -0.47 -0.279 -0.282 0.1141 0.0842 100 340 
0.466 2 1 4 0 0.0500 0.0500 -0.55 -0.27 -0.225 -0.172 0.0927 0.0698 100 340 
0.467 2 1 4 0 0.0500 0.0500 -0.30 -0.27 -0.180 -0.090 0.0754 0.0696 100 380 
0.468 2 1 4 0 0.0500 0.0500 -0.13 -0.27 -0.084 -0.016 0.0636 0.0696 100 390 
0.469 2 1 4 0 0.0500 0.0500 -0.01 -0.28 -0.062 0.007 0.0550 0.0696 100 390 
0.470 2 1 4 0 0.0500 0.0500 0.09 -0.28 -0.052 -0.020 0.0484 0.0696 100 380 
0.471 2 1 4 0 0.0500 0.0500 0.17 -0.29 -0.017 -0.028 0.0432 0.0696 100 380 
0.472 2 1 4 0 0.0500 0.0500 0.24 -0.27 0.018 -0.016 0.0391 0.0678 100 380 
0.473 2 1 4 0 0.0500 0.0500 0.29 -0.13 -0.022 -0.013 0.0356 0.0581 100 390 
0.474 2 1 4 0 0.0500 0.0500 0.34 -0.02 -0.011 -0.015 0.0328 0.0508 100 370 
0.475 2 1 4 0 0.0500 0.0500 0.38 0.06 0.006 -0.031 0.0303 0.0451 100 380 
0.476 2 1 4 0 0.0500 0.0500 0.42 0.13 -0.013 0.003 0.0282 0.0406 100 370 
0.477 2 1 4 0 0.0500 0.0500 0.45 0.19 0.005 0.012 0.0264 0.0369 100 390 
0.478 2 1 4 0 0.0500 0.0500 0.48 0.21 0.028 0.014 0.0248 0.0362 100 400 
0.479 2 1 4 0 0.0500 0.0500 0.51 0.21 0.001 -0.010 0.0233 0.0362 100 380 
0.480 2 1 4 0 0.0500 0.0500 0.54 0.22 0.021 -0.014 0.0221 0.0362 100 370 
0.481 2 1 4 0 0.0500 0.0500 0.57 0.22 0.024 0.001 0.0209 0.0362 100 370 
0.482 2 1 4 0 0.0500 0.0500 0.59 0.23 -0.002 -0.031 0.0199 0.0362 100 370 
0.483 2 1 4 0 0.0500 0.0500 0.61 0.23 -0.006 -0.004 0.0190 0.0362 100 380 
0.484 2 1 4 0 0.0500 0.0500 0.64 0.23 0.021 -0.012 0.0181 0.0362 100 370 
0.485 2 1 4 0 0.0500 0.0500 0.66 0.24 0.000 0.013 0.0174 0.0362 100 370 
0.486 2 1 4 0 0.0500 0.0500 0.68 0.24 -0.007 0.023 0.0166 0.0362 100 380 
0.487 2 1 4 0 0.0500 0.0500 0.70 0.25 0.098 -0.033 0.0160 0.0362 100 370 
0.488 2 1 4 0 0.0500 0.0500 0.72 0.25 0.056 -0.011 0.0154 0.0362 100 370 
0.489 2 1 4 0 0.0500 0.0500 0.73 0.28 0.081 0.002 0.0152 0.0345 100 390 
0.490 2 1 4 0 0.0500 0.0500 0.74 0.33 0.074 -0.008 0.0152 0.0318 100 380 
0.491 2 1 4 0 0.0500 0.0500 0.75 0.36 0.047 -0.014 0.0152 0.0295 100 380 
0.492 2 1 4 0 0.0500 0.0500 0.76 0.40 0.140 -0.006 0.0152 0.0275 100 370 
0.493 2 1 4 0 0.0500 0.0500 0.77 0.43 0.105 0.024 0.0152 0.0257 100 380 
0.494 2 1 4 0 0.0500 0.0500 0.78 0.47 0.052 -0.016 0.0152 0.0242 100 370 
0.495 2 1 4 0 0.0500 0.0500 0.79 0.49 0.105 0.005 0.0152 0.0228 100 380 
0.496 2 1 4 0 0.0500 0.0500 0.80 0.52 0.115 0.029 0.0152 0.0216 100 380 
0.497 2 1 4 0 0.0500 0.0500 0.81 0.55 0.075 0.011 0.0152 0.0205 100 370 
0.498 2 1 4 0 0.0500 0.0500 0.82 0.57 0.113 0.007 0.0152 0.0195 100 370 
0.499 2 1 4 0 0.0500 0.0500 0.84 0.59 0.101 -0.024 0.0152 0.0186 100 380 
0.500 2 1 4 0 0.0500 0.0500 0.85 0.61 0.134 -0.034 0.0152 0.0178 100 370 
0.501 2 1 4 0 0.0500 0.0500 0.86 0.64 0.129 -0.003 0.0152 0.0171 100 380 
0.502 2 1 4 0 0.0500 0.0500 0.63 0.66 0.071 0.024 0.0306 0.0164 100 390 
0.503 2 1 4 0 0.0500 0.0500 0.64 0.68 0.094 0.059 0.0306 0.0157 100 340 
0.504 2 1 4 0 0.0500 0.0500 0.65 0.69 0.031 0.085 0.0306 0.0152 100 350 
0.505 2 1 4 0 0.0500 0.0500 0.65 0.71 0.021 0.102 0.0306 0.0146 100 350 
0.506 2 1 4 0 0.0500 0.0500 0.66 0.73 -0.028 0.100 0.0306 0.0141 100 350 
0.507 2 1 4 0 0.0500 0.0500 0.66 0.75 -0.033 0.120 0.0306 0.0136 100 350 
0.508 2 1 4 0 0.0500 0.0500 0.12 0.77 -0.014 0.163 0.0667 0.0132 100 370 
0.509 2 1 4 0 0.0500 0.0500 0.12 0.78 -0.015 0.142 0.0667 0.0128 100 390 
0.510 2 1 4 0 0.0500 0.0500 0.11 0.80 -0.056 0.140 0.0667 0.0124 100 380 
0.511 2 1 4 0 0.0500 0.0500 0.11 0.82 -0.028 0.153 0.0667 0.0120 100 370 
0.512 2 1 4 0 0.0500 0.0500 0.10 0.83 -0.032 0.167 0.0667 0.0117 100 380 
0.513 2 1 4 0 0.0500 0.0500 0.10 0.85 -0.022 0.191 0.0667 0.0113 100 370 
0.514 2 1 4 0 0.0500 0.0500 0.13 0.87 -0.002 0.189 0.0642 0.0110 100 380 
0.515 2 1 4 0 0.0500 0.0500 0.18 0.88 -0.017 0.176 0.0603 0.0107 100 390 
0.516 2 1 4 0 0.0500 0.0500 0.18 0.90 -0.022 0.189 0.0603 0.0105 100 370 
0.517 2 1 4 0 0.0500 0.0500 0.18 0.92 -0.008 0.184 0.0603 0.0102 100 370 
0.518 2 1 4 0 0.0500 0.0500 0.17 0.93 -0.041 0.215 0.0603 0.0100 100 380 
0.519 2 1 4 0 0.0500 0.0500 0.17 0.95 -0.018 0.216 0.0603 0.0097 100 370 
0.520 2 1 4 0 0.0500 0.0500 0.17 0.96 -0.036 0.225 0.0603 0.0095 100 370 
0.521 2 1 4 0 0.0500 0.0500 0.17 0.98 -0.015 0.260 0.0603 0.0093 100 380 
0.522 2 1 4 0 0.0500 0.0500 0.27 0.99 -0.024 0.239 0.0534 0.0091 100 380 
0.523 2 1 4 0 0.0500 0.0500 0.36 1.01 -0.043 0.238 0.0472 0.0089 100 390 
0.524 2 1 4 0 0.0500 0.0500 0.43 1.02 -0.028 0.232 0.0423 0.0089 100 370 
0.525 2 1 4 0 0.0500 0.0500 0.50 1.03 -0.021 0.255 0.0383 0.0089 100 370 
0.526 2 1 4 0 0.0500 0.0500 0.55 1.04 -0.032 0.232 0.0350 0.0089 100 380 
0.527 2 1 4 0 0.0500 0.0500 0.60 1.06 0.001 0.242 0.0322 0.0089 100 370 
0.528 2 1 4 0 0.0500 0.0500 0.64 1.07 -0.034 0.231 0.0298 0.0089 100 380 
0.529 2 1 4 0 0.0500 0.0500 0.68 1.08 0.006 0.235 0.0278 0.0089 100 380 
0.530 2 1 4 0 0.0500 0.0500 0.71 0.37 0.021 0.204 0.0260 0.0566 100 370 
0.531 2 1 4 0 0.0500 0.0500 0.74 0.37 0.132 0.216 0.0245 0.0566 100 340 
0.532 2 1 4 0 0.0500 0.0500 0.77 0.37 0.094 0.103 0.0231 0.0566 100 350 
0.533 2 1 4 0 0.0500 0.0500 0.80 0.37 0.083 0.056 0.0218 0.0566 100 350 
0.534 2 1 4 0 0.0500 0.0500 0.82 0.36 0.215 -0.017 0.0207 0.0566 100 350 
0.535 2 1 4 0 0.0500 0.0500 0.85 0.36 0.154 -0.028 0.0197 0.0566 100 350 
0.536 2 1 4 0 0.0500 0.0500 0.87 0.19 0.169 -0.027 0.0188 0.0677 100 390 
0.537 2 1 4 0 0.0500 0.0500 0.89 0.19 0.138 -0.024 0.0180 0.0677 100 390 
0.538 2 1 4 0 0.0500 0.0500 0.91 0.18 0.203 -0.043 0.0172 0.0677 100 380 
0.539 2 1 4 0 0.0500 0.0500 0.93 0.17 0.185 -0.052 0.0165 0.0677 100 370 
0.540 2 1 4 0 0.0500 0.0500 0.95 0.17 0.176 -0.050 0.0159 0.0677 100 370 
0.541 2 1 4 0 0.0500 0.0500 0.97 0.17 0.243 -0.066 0.0153 0.0677 100 390 
0.542 2 1 4 0 0.0500 0.0500 0.99 0.17 0.179 -0.043 0.0147 0.0669 100 370 
0.543 2 1 4 0 0.0500 0.0500 1.01 0.31 0.158 -0.032 0.0142 0.0574 100 390 
0.544 2 1 4 0 0.0500 0.0500 1.02 0.42 0.284 -0.039 0.0140 0.0503 100 390 
0.545 2 1 4 0 0.0500 0.0500 1.03 0.50 0.180 -0.032 0.0140 0.0448 100 350 
0.546 2 1 4 0 0.0500 0.0500 1.04 0.57 0.194 -0.044 0.0140 0.0403 100 340 
0.547 2 1 4 0 0.0500 0.0500 1.05 0.60 0.276 -0.027 0.0140 0.0385 100 380 
0.548 2 1 4 0 0.0500 0.0500 1.07 0.60 0.177 -0.014 0.0140 0.0385 100 380 
0.549 2 1 4 0 0.0500 0.0500 1.08 0.61 0.189 -0.008 0.0140 0.0385 100 380 
0.550 2 1 4 0 0.0500 0.0500 1.09 0.61 0.265 0.018 0.0140 0.0385 100 380 
0.551 2 1 4 0 0.0500 0.0500 1.10 0.61 0.199 0.035 0.0140 0.0385 100 370 
0.552 2 1 4 0 0.0500 0.0500 1.11 0.62 0.194 0.030 0.0140 0.0385 100 380 
0.553 2 1 4 0 0.0500 0.0500 1.12 0.62 0.233 0.032 0.0140 0.0385 100 370 
0.554 2 1 4 0 0.0500 0.0500 1.13 0.62 0.213 0.016 0.0140 0.0385 100 370 
0.555 2 1 4 0 0.0500 0.0500 0.78 0.63 0.182 0.029 0.0381 0.0385 100 380 
0.556 2 1 4 0 0.0500 0.0500 0.78 0.63 0.147 0.026 0.0381 0.0385 100 340 
0.557 2 1 4 0 0.0500 0.0500 0.78 0.63 0.143 0.048 0.0381 0.0385 100 360 
0.558 2 1 4 0 0.0500 0.0500 0.79 0.69 0.123 0.019 0.0381 0.0352 100 340 
0.559 2 1 4 0 0.0500 0.0500 0.79 0.73 0.071 0.041 0.0381 0.0324 100 350 
0.560 2 1 4 0 0.0500 0.0500 0.79 0.78 0.051 0.087 0.0381 0.0300 100 350 
0.561 2 1 4 0 0.0500 0.0500 0.41 0.81 0.105 0.109 0.0636 0.0279 100 380 
0.562 2 1 4 0 0.0500 0.0500 0.41 0.85 0.074 0.137 0.0636 0.0261 100 370 
0.563 2 1 4 0 0.0500 0.0500 0.40 0.87 -0.002 0.176 0.0636 0.0253 100 380 
0.564 2 1 4 0 0.0500 0.0500 0.40 0.87 -0.024 0.195 0.0636 0.0253 100 340 
0.565 2 1 4 0 0.0500 0.0500 0.40 0.88 -0.018 0.200 0.0636 0.0253 100 350 
0.566 2 1 4 0 0.0500 0.0500 0.39 0.89 -0.034 0.201 0.0636 0.0253 100 340 
0.567 2 1 4 0 0.0500 0.0500 0.40 0.90 -0.060 0.181 0.0629 0.0253 100 380 
0.568 2 1 4 0 0.0500 0.0500 0.39 0.90 -0.052 0.170 0.0629 0.0253 100 380 
0.569 2 1 4 0 0.0500 0.0500 0.39 0.34 -0.012 0.171 0.0629 0.0626 100 380 
0.570 2 1 4 0 0.0500 0.0500 0.39 0.34 -0.046 0.145 0.0629 0.0626 100 350 
0.571 2 1 4 0 0.0500 0.0500 0.38 0.34 -0.070 0.077 0.0629 0.0626 100 340 
0.572 2 1 4 0 0.0500 0.0500 0.38 0.33 -0.051 0.012 0.0629 0.0626 100 340 
0.573 2 1 4 0 0.0500 0.0500 0.37 0.33 -0.022 0.018 0.0629 0.0626 100 340 
0.574 2 1 4 0 0.0500 0.0500 0.46 -0.11 -0.026 -0.026 0.0570 0.0914 100 390 
0.575 2 1 4 0 0.0500 0.0500 0.56 -0.12 -0.010 -0.035 0.0500 0.0914 100 380 
0.576 2 1 4 0 0.0500 0.0500 0.64 -0.13 -0.019 -0.031 0.0447 0.0914 100 380 
0.577 2 1 4 0 0.0500 0.0500 0.65 -0.14 -0.018 -0.006 0.0447 0.0914 100 340 
0.578 2 1 4 0 0.0500 0.0500 0.65 -0.11 -0.020 -0.021 0.0447 0.0884 100 350 
0.579 2 1 4 0 0.0500 0.0500 0.65 0.12 -0.015 -0.018 0.0447 0.0726 100 330 
0.580 2 1 4 0 0.0500 0.0500 0.65 0.24 -0.015 -0.013 0.0447 0.0636 100 380 
0.581 2 1 4 0 0.0500 0.0500 0.65 0.24 -0.047 -0.020 0.0447 0.0636 100 390 
0.582 2 1 4 0 0.0500 0.0500 0.65 0.24 0.011 -0.006 0.0447 0.0636 100 380 
0.583 2 1 4 0 0.0500 0.0500 0.65 0.23 -0.006 0.029 0.0447 0.0636 100 380 
0.584 2 1 4 0 0.0500 0.0500 0.66 0.23 -0.028 -0.009 0.0447 0.0636 100 380 
0.585 2 1 4 0 0.0500 0.0500 0.66 0.22 -0.010 -0.016 0.0447 0.0636 100 390 
0.586 2 1 4 0 0.0500 0.0500 0.72 0.22 -0.013 -0.026 0.0404 0.0636 100 380 
0.587 2 1 4 0 0.0500 0.0500 0.73 0.33 0.002 -0.021 0.0400 0.0563 100 380 
0.588 2 1 4 0 0.0500 0.0500 0.74 0.43 0.053 -0.018 0.0400 0.0494 100 350 
0.589 2 1 4 0 0.0500 0.0500 0.74 0.51 0.073 -0.033 0.0400 0.0441 100 360 
0.590 2 1 4 0 0.0500 0.0500 0.74 0.58 0.075 -0.047 0.0400 0.0397 100 350 
0.591 2 1 4 0 0.0500 0.0500 0.74 0.63 0.101 -0.043 0.0400 0.0362 100 350 
0.592 2 1 4 0 0.0500 0.0500 0.75 0.68 0.086 0.000 0.0400 0.0332 100 350 
0.593 2 1 4 0 0.0500 0.0500 0.75 0.73 0.127 0.071 0.0400 0.0307 100 350 
0.594 2 1 4 0 0.0500 0.0500 0.51 0.77 0.132 0.106 0.0565 0.0285 100 390 
0.595 2 1 4 0 0.0500 0.0500 0.50 0.79 0.071 0.139 0.0565 0.0273 100 380 
0.596 2 1 4 0 0.0500 0.0500 0.50 0.80 0.008 0.168 0.0565 0.0273 100 350 
0.597 2 1 4 0 0.0500 0.0500 0.50 0.80 -0.019 0.178 0.0565 0.0273 100 340 
0.598 2 1 4 0 0.0500 0.0500 0.50 0.81 -0.036 0.170 0.0565 0.0273 100 340 
0.599 2 1 4 0 0.0500 0.0500 0.27 0.82 -0.036 0.212 0.0712 0.0273 100 390 
0.600 2 1 4 0 0.0500 0.0500 0.27 0.82 -0.009 0.174 0.0712 0.0273 100 380 
0.601 2 1 4 0 0.0500 0.0500 0.26 0.83 -0.032 0.186 0.0712 0.0273 100 370 
0.602 2 1 4 0 0.0500 0.0500 0.25 0.84 -0.021 0.172 0.0712 0.0273 100 370 
0.603 2 1 4 0 0.0500 0.0500 0.25 0.84 -0.017 0.197 0.0712 0.0273 100 370 
0.604 2 1 4 0 0.0500 0.0500 0.24 0.85 -0.006 0.182 0.0712 0.0273 100 380 
0.605 2 1 5 0 0.0000 0.0000 -0.56 0.00 -0.053 0.200 0.0673 0.0273 100 350 
0.606 2 1 5 0 0.0000 0.0000 -0.44 -0.01 -0.044 0.127 0.0577 0.0273 100 340 
0.607 2 1 5 0 0.0000 0.0000 -0.45 -0.02 -0.050 0.081 0.0576 0.0273 100 330 
0.608 2 1 5 0 0.0000 0.0000 -0.47 -0.07 -0.025 0.014 0.0576 0.0307 100 340 
0.609 2 1 5 0 0.0000 0.0000 -0.49 -0.09 -0.014 0.010 0.0576 0.0307 100 330 
0.610 2 1 5 0 0.0000 0.0000 -0.51 -0.09 -0.015 0.007 0.0576 0.0307 100 320 
0.611 2 1 5 0 0.0000 0.0000 -0.52 -0.10 -0.013 -0.043 0.0576 0.0307 100 330 
0.612 2 1 5 0 0.0000 0.0000 -0.54 -0.11 -0.024 -0.039 0.0576 0.0307 100 330 
0.613 2 1 5 0 0.0000 0.0000 -0.56 -0.12 -0.025 -0.028 0.0576 0.0307 100 330 
0.614 2 1 5 0 0.0000 0.0000 -0.47 -0.13 -0.004 -0.029 0.0508 0.0307 100 330 
0.615 2 1 5 0 0.0000 0.0000 -0.40 -0.14 0.006 -0.030 0.0452 0.0307 100 330 
0.616 2 1 5 0 0.0000 0.0000 -0.35 -0.15 -0.016 -0.023 0.0406 0.0307 100 330 
0.617 2 1 5 0 0.0000 0.0000 -0.30 -0.16 0.025 -0.031 0.0369 0.0307 100 340 
0.618 2 1 5 0 0.0000 0.0000 -0.27 -0.17 0.029 -0.013 0.0339 0.0307 100 320 
0.619 2 1 5 0 0.0000 0.0000 -0.24 -0.18 -0.021 -0.016 0.0313 0.0307 100 330 
0.620 2 1 5 0 0.0000 0.0000 -0.21 -0.19 0.025 -0.005 0.0290 0.0307 100 340 
0.621 2 1 5 0 0.0000 0.0000 -0.19 -0.20 0.023 -0.008 0.0271 0.0307 100 340 
0.622 2 1 5 0 0.0000 0.0000 -0.17 -0.17 0.001 -0.035 0.0254 0.0286 100 320 
0.623 2 1 5 0 0.0000 0.0000 -0.16 -0.15 0.014 -0.009 0.0239 0.0267 100 330 
0.624 2 1 5 0 0.0000 0.0000 -0.15 -0.14 0.000 0.007 0.0226 0.0251 100 330 
0.625 2 1 5 0 0.0000 0.0000 -0.14 -0.12 0.025 -0.012 0.0214 0.0236 100 340 
0.626 2 1 5 0 0.0000 0.0000 -0.13 -0.11 0.006 -0.003 0.0203 0.0223 100 320 
0.627 2 1 5 0 0.0000 0.0000 -0.12 -0.10 0.002 -0.016 0.0193 0.0212 100 320 
0.628 2 1 5 0 0.0000 0.0000 0.46 -0.09 0.010 0.017 -0.0193 0.0201 100 330 
0.629 2 1 5 0 0.0000 0.0000 0.47 -0.08 0.056 0.012 -0.0193 0.0192 100 290 
0.630 2 1 5 0 0.0000 0.0000 0.47 -0.07 0.072 0.015 -0.0193 0.0183 100 300 
0.631 2 1 5 0 0.0000 0.0000 0.48 -0.07 0.037 -0.011 -0.0193 0.0175 100 290 
0.632 2 1 5 0 0.0000 0.0000 0.48 -0.06 0.039 0.023 -0.0193 0.0168 100 290 
0.633 2 1 5 0 0.0000 0.0000 0.49 -0.06 0.011 0.009 -0.0193 0.0161 100 310 
0.634 2 1 5 0 0.0000 0.0000 0.49 -0.05 -0.021 0.014 -0.0193 0.0155 100 300 
0.635 2 1 5 0 0.0000 0.0000 0.50 -0.05 -0.008 0.004 -0.0193 0.0149 100 300 
0.636 2 1 5 0 0.0000 0.0000 0.51 -0.04 -0.002 -0.008 -0.0193 0.0144 100 300 
0.637 2 1 5 0 0.0000 0.0000 0.51 -0.04 -0.009 -0.019 -0.0193 0.0139 100 290 
0.638 2 1 5 0 0.0000 0.0000 0.52 -0.04 0.009 -0.029 -0.0193 0.0134 100 300 
0.639 2 1 5 0 0.0000 0.0000 0.52 -0.03 -0.019 0.014 -0.0193 0.0130 100 300 
0.640 2 1 5 0 0.0000 0.0000 0.53 -0.03 0.012 -0.001 -0.0193 0.0126 100 290 
0.641 2 1 5 0 0.0000 0.0000 0.54 -0.03 0.013 -0.013 -0.0193 0.0122 100 300 
0.642 2 1 5 0 0.0000 0.0000 0.54 -0.03 0.002 -0.005 -0.0193 0.0119 100 290 
0.643 2 1 5 0 0.0000 0.0000 0.55 -0.03 0.014 -0.014 -0.0193 0.0115 100 290 
0.644 2 1 5 0 0.0000 0.0000 0.55 -0.03 0.006 0.014 -0.0193 0.0112 100 300 
0.645 2 1 5 0 0.0000 0.0000 0.56 -0.02 0.006 -0.022 -0.0193 0.0109 100 300 
0.646 2 1 5 0 0.0000 0.0000 0.56 -0.02 -0.002 0.001 -0.0193 0.0106 100 290 
0.647 2 1 5 0 0.0000 0.0000 0.57 -0.02 -0.014 -0.024 -0.0193 0.0104 100 290 
0.648 2 1 5 0 0.0000 0.0000 0.58 -0.02 0.001 0.011 -0.0193 0.0101 100 290 
0.649 2 1 5 0 0.0000 0.0000 0.57 -0.02 0.002 -0.043 -0.0185 0.0099 100 290 
0.650 2 1 5 0 0.0000 0.0000 0.56 -0.02 -0.006 -0.005 -0.0177 0.0096 100 290 
0.651 2 1 5 0 0.0000 0.0000 0.56 -0.02 0.024 -0.017 -0.0170 0.0094 100 290 
0.652 2 1 5 0 0.0000 0.0000 0.55 -0.02 0.018 0.024 -0.0164 0.0092 100 330 
0.653 2 1 5 0 0.0000 0.0000 0.56 -0.02 0.008 0.007 -0.0164 0.0090 100 330 
0.654 2 1 5 0 0.0000 0.0000 0.56 -0.02 0.020 0.016 -0.0164 0.0088 100 320 
0.655 2 1 5 0 0.0000 0.0000 0.57 -0.02 -0.015 -0.006 -0.0164 0.0086 100 320 
0.656 2 1 5 0 0.0000 0.0000 0.57 -0.02 -0.024 0.022 -0.0164 0.0084 100 320 
0.657 2 1 5 0 0.0000 0.0000 0.58 -0.02 0.005 -0.005 -0.0164 0.0083 100 320 
0.658 2 1 5 0 0.0000 0.0000 0.58 -0.02 -0.003 0.007 -0.0164 0.0081 100 320 
0.659 2 1 5 0 0.0000 0.0000 0.59 -0.02 0.018 0.007 -0.0164 0.0079 100 320 
0.660 2 1 5 0 0.0000 0.0000 0.59 -0.02 -0.011 -0.002 -0.0164 0.0078 100 320 
0.661 2 1 5 0 0.0000 0.0000 0.60 -0.02 0.026 -0.001 -0.0164 0.0076 100 320 
0.662 2 1 5 0 0.0000 0.0000 0.60 -0.02 0.002 0.016 -0.0164 0.0075 100 330 
0.663 2 1 5 0 0.0000 0.0000 0.61 -0.02 0.006 -0.012 -0.0164 0.0074 100 320 
0.664 2 1 5 0 0.0000 0.0000 0.61 -0.02 0.014 0.020 -0.0164 0.0072 100 320 
0.665 2 1 5 0 0.0000 0.0000 0.62 -0.02 0.007 0.007 -0.0164 0.0071 100 330 
0.666 2 1 5 0 0.0000 0.0000 0.62 -0.02 0.014 0.022 -0.0164 0.0070 100 310 
0.667 2 1 5 0 0.0000 0.0000 0.63 -0.02 0.009 -0.005 -0.0164 0.0069 100 320 
0.668 2 1 5 0 0.0000 0.0000 0.63 -0.02 -0.001 0.003 -0.0164 0.0067 100 320 
0.669 2 1 5 0 0.0000 0.0000 0.64 -0.02 0.010 -0.012 -0.0164 0.0066 100 330 
0.670 2 1 5 0 0.0000 0.0000 0.64 -0.02 -0.002 -0.005 -0.0164 0.0065 100 330 
0.671 2 1 5 0 0.0000 0.0000 0.65 -0.02 -0.002 -0.001 -0.0164 0.0064 100 340 
0.672 2 1 5 0 0.0000 0.0000 0.65 -0.02 0.014 0.018 -0.0164 0.0063 100 330 
0.673 2 1 5 0 0.0000 0.0000 0.66 -0.02 0.035 -0.003 -0.0164 0.0062 100 340 
0.674 2 1 5 0 0.0000 0.0000 0.66 -0.02 0.006 -0.016 -0.0164 0.0061 100 330 
0.675 2 1 5 0 0.0000 0.0000 0.67 -0.02 0.017 -0.012 -0.0164 0.0060 100 320 
0.676 2 1 5 0 0.0000 0.0000 0.67 -0.02 0.015 -0.012 -0.0164 0.0060 100 320 
0.677 2 1 5 0 0.0000 0.0000 0.67 -0.02 -0.013 0.010 -0.0161 0.0059 100 330 
0.678 2 1 5 0 0.0000 0.0000 0.67 -0.03 0.011 0.007 -0.0155 0.0058 100 330 
0.679 2 1 5 0 0.0000 0.0000 0.66 -0.03 0.010 0.030 -0.0149 0.0057 100 340 
0.680 2 1 5 0 0.0000 0.0000 0.66 -0.03 0.011 0.022 -0.0144 0.0056 100 320 
0.681 2 1 5 0 0.0000 0.0000 0.66 -0.03 0.016 -0.009 -0.0139 0.0055 100 330 
0.682 2 1 5 0 0.0000 0.0000 0.66 -0.03 0.006 0.003 -0.0134 0.0055 100 320 
0.683 2 1 5 0 0.0000 0.0000 0.65 -0.03 0.025 -0.016 -0.0130 0.0054 100 330 
0.684 2 1 5 0 0.0000 0.0000 0.65 -0.03 0.030 0.000 -0.0126 0.0053 100 320 
0.685 2 1 5 0 0.0000 0.0000 0.65 -0.03 0.006 -0.023 -0.0122 0.0053 100 330 
0.686 2 1 5 0 0.0000 0.0000 0.65 -0.03 0.034 0.005 -0.0119 0.0052 100 330 
0.687 2 1 5 0 0.0000 0.0000 0.65 -0.03 0.020 0.010 -0.0115 0.0051 100 330 
0.688 2 1 5 0 0.0000 0.0000 0.64 -0.03 0.017 -0.003 -0.0112 0.0051 100 320 
0.689 2 1 5 0 0.0000 0.0000 0.64 -0.03 0.014 0.002 -0.0109 0.0050 100 340 
0.690 2 1 5 0 0.0000 0.0000 0.64 -0.03 0.021 0.000 -0.0106 0.0049 100 330 
0.691 2 1 5 0 0.0000 0.0000 0.64 -0.03 0.019 -0.006 -0.0103 0.0049 100 330 
0.692 2 1 5 0 0.0000 0.0000 0.64 -0.03 0.015 -0.051 -0.0101 0.0048 100 330 
0.693 2 1 5 0 0.0000 0.0000 0.64 -0.03 0.014 -0.038 -0.0098 0.0048 100 320 
0.694 2 1 5 0 0.0000 0.0000 0.64 -0.03 -0.008 0.009 -0.0096 0.0047 100 320 
0.695 2 1 5 0 0.0000 0.0000 0.64 -0.03 -0.005 -0.007 -0.0094 0.0047 100 320 
0.696 2 1 5 0 0.0000 0.0000 0.64 -0.04 0.000 -0.012 -0.0092 0.0046 100 330 
0.697 2 1 5 0 0.0000 0.0000 0.64 -0.04 -0.003 -0.028 -0.0090 0.0045 100 320 
0.698 2 1 5 0 0.0000 0.0000 0.64 -0.04 -0.018 0.026 -0.0088 0.0045 100 320 
0.699 2 1 5 0 0.0000 0.0000 0.64 -0.04 -0.009 0.022 -0.0086 0.0044 100 320 
0.700 2 1 5 0 0.0000 0.0000 0.64 -0.04 0.033 -0.031 -0.0084 0.0044 100 320 
0.701 2 1 5 0 0.0000 0.0000 0.64 -0.04 0.010 -0.018 -0.0082 0.0044 100 330 
0.702 2 1 5 0 0.0000 0.0000 0.64 -0.04 0.024 0.016 -0.0081 0.0043 100 320 
0.703 2 1 5 0 0.0000 0.0000 0.64 -0.04 0.028 0.018 -0.0079 0.0043 100 330 
0.704 2 1 5 0 0.0000 0.0000 0.64 -0.04 -0.007 -0.012 -0.0078 0.0042 100 330 
0.705 2 1 5 0 0.0000 0.0000 0.64 -0.04 0.005 0.006 -0.0076 0.0042 100 340 
0.706 2 1 5 0 0.0000 0.0000 0.64 -0.04 -0.011 -0.007 -0.0075 0.0041 100 320 
0.707 2 1 5 0 0.0000 0.0000 0.64 -0.04 -0.001 -0.019 -0.0073 0.0041 100 320 
0.708 2 1 5 0 0.0000 0.0000 0.64 -0.04 -0.027 0.017 -0.0072 0.0041 100 340 
0.709 2 1 5 0 0.0000 0.0000 0.64 -0.04 0.009 -0.003 -0.0071 0.0040 100 340 
0.710 2 1 5 0 0.0000 0.0000 0.64 -0.04 0.029 0.012 -0.0070 0.0040 100 320 
0.711 2 1 5 0 0.0000 0.0000 0.64 -0.04 0.020 0.000 -0.0069 0.0039 100 330 
0.712 2 1 5 0 0.0000 0.0000 0.64 -0.04 0.015 -0.014 -0.0067 0.0039 100 320 
0.713 2 1 5 0 0.0000 0.0000 0.64 -0.04 0.002 0.012 -0.0066 0.0039 100 330 
0.714 2 1 5 0 0.0000 0.0000 0.64 -0.05 -0.002 0.010 -0.0065 0.0038 100 320 
0.715 2 1 5 0 0.0000 0.0000 0.64 -0.05 0.021 -0.014 -0.0064 0.0038 100 330 
0.716 2 1 5 0 0.0000 0.0000 0.64 -0.05 0.022 -0.004 -0.0063 0.0038 100 330 
0.717 2 1 5 0 0.0000 0.0000 0.64 -0.05 0.039 -0.047 -0.0062 0.0037 100 340 
0.718 2 1 5 0 0.0000 0.0000 0.64 -0.05 0.019 0.018 -0.0061 0.0037 100 320 
0.719 2 1 5 0 0.0000 0.0000 0.64 -0.05 0.021 -0.009 -0.0060 0.0036 100 320 
0.720 2 1 5 0 0.0000 0.0000 0.64 -0.05 0.025 -0.026 -0.0059 0.0036 100 320 
0.721 2 1 5 0 0.0000 0.0000 0.64 -0.05 0.033 -0.013 -0.0059 0.0036 100 330 
0.722 2 1 5 0 0.0000 0.0000 0.64 -0.05 0.013 -0.001 -0.0058 0.0036 100 330 
0.723 2 1 5 0 0.0000 0.0000 0.64 -0.05 0.003 0.000 -0.0057 0.0035 100 330 
0.724 2 1 5 0 0.0000 0.0000 0.64 -0.05 0.001 0.009 -0.0056 0.0035 100 320 
0.725 2 1 5 0 0.0000 0.0000 0.64 -0.05 -0.040 0.022 -0.0055 0.0035 100 330 
0.726 2 1 5 0 0.0000 0.0000 0.65 -0.05 0.004 0.000 -0.0055 0.0034 100 320 
0.727 2 1 5 0 0.0000 0.0000 0.65 -0.05 -0.006 0.001 -0.0054 0.0034 100 320 
0.728 2 1 5 0 0.0000 0.0000 0.65 -0.05 -0.040 0.043 -0.0053 0.0034 100 320 
0.729 2 1 5 0 0.0000 0.0000 0.65 -0.06 0.000 0.015 -0.0053 0.0033 100 330 
0.730 2 1 5 0 0.0000 0.0000 0.65 -0.06 0.020 -0.001 -0.0052 0.0033 100 330 
0.731 2 1 5 0 0.0000 0.0000 0.65 -0.06 -0.023 0.013 -0.0051 0.0033 100 340 
0.732 2 1 5 0 0.0000 0.0000 0.65 -0.06 -0.001 -0.010 -0.0051 0.0033 100 340 
0.733 2 1 5 0 0.0000 0.0000 0.65 -0.06 0.017 0.013 -0.0050 0.0032 100 330 
0.734 2 1 5 0 0.0000 0.0000 0.65 -0.06 0.018 0.009 -0.0049 0.0032 100 320 
0.735 2 1 5 0 0.0000 0.0000 0.65 -0.06 0.021 0.000 -0.0049 0.0032 100 310 
0.736 2 1 5 0 0.0000 0.0000 0.65 -0.06 0.015 0.006 -0.0048 0.0032 100 330 
0.737 2 1 5 0 0.0000 0.0000 0.65 -0.06 -0.006 0.001 -0.0048 0.0031 100 330 
0.738 2 1 5 0 0.0000 0.0000 0.65 -0.06 -0.011 0.001 -0.0047 0.0031 100 330 
0.739 2 1 5 0 0.0000 0.0000 0.65 -0.06 -0.021 0.001 -0.0047 0.0031 100 340 
0.740 2 1 5 0 0.0000 0.0000 0.65 -0.06 -0.006 0.011 -0.0046 0.0031 100 340 
0.741 2 1 5 0 0.0000 0.0000 0.65 -0.06 0.014 -0.001 -0.0045 0.0030 100 330 
0.742 2 1 5 0 0.0000 0.0000 0.65 -0.06 0.013 0.016 -0.0045 0.0030 100 320 
0.743 2 1 5 0 0.0000 0.0000 0.65 -0.06 -0.006 0.010 -0.0044 0.0030 100 340 
0.744 2 1 5 0 0.0000 0.0000 0.66 -0.06 0.008 0.033 -0.0044 0.0030 100 320 
0.745 2 1 5 0 0.0000 0.0000 0.66 -0.06 0.010 0.004 -0.0044 0.0030 100 330 
0.746 2 1 5 0 0.0000 0.0000 0.66 -0.06 -0.016 0.019 -0.0043 0.0029 100 320 
0.747 2 1 5 0 0.0000 0.0000 0.66 -0.07 0.006 0.004 -0.0043 0.0029 100 330 
0.748 2 1 5 0 0.0000 0.0000 0.66 -0.07 0.019 0.033 -0.0042 0.0029 100 320 
