%% logfile from robot Liv (36)
% Liv (36)
%  1    time 0.000 sec
%  2  3  4  5   (mission 0), state 2, entered (thread 1, line 0), events 0x0 (bit-flags)
%  6  7 Motor velocity ref left, right: 0.4000 0.4000
%  8  9 Motor voltage [V] left, right: 4.84 4.84
% 10 11 Motor current left, right [A]: -0.086 -0.087
% 12 13 Wheel velocity [m/s] left, right: -0.0000 -0.0000
% 14 15 Get data time [us]: 100 +ctrl 440
0.001 2 1 0 0 0.4000 0.4000 4.92 4.92 0.370 0.145 -0.0000 -0.0000 100 340 
0.002 2 1 0 0 0.4000 0.4000 5.00 5.00 0.772 0.516 -0.0000 -0.0000 100 340 
0.003 2 1 0 0 0.4000 0.4000 5.08 5.08 1.079 0.875 -0.0000 -0.0000 100 340 
0.004 2 1 0 0 0.4000 0.4000 5.16 5.16 1.281 1.081 -0.0000 -0.0000 100 340 
0.005 2 1 0 0 0.4000 0.4000 5.24 5.24 1.414 1.218 -0.0000 -0.0000 100 340 
0.006 2 1 0 0 0.4000 0.4000 5.32 5.32 1.623 1.286 0.0000 0.0000 100 340 
0.007 2 1 0 0 0.4000 0.4000 5.40 5.40 1.362 1.278 0.0000 0.0000 100 330 
0.008 2 1 0 0 0.4000 0.4000 3.05 5.48 1.304 1.302 0.2404 0.0000 100 350 
0.009 2 1 0 0 0.4000 0.4000 3.08 5.56 1.167 1.349 0.2404 0.0000 100 340 
0.010 2 1 0 0 0.4000 0.4000 2.09 1.50 0.954 1.350 0.3419 0.4104 100 360 
0.011 2 1 0 0 0.4000 0.4000 2.10 0.72 0.739 1.214 0.3419 0.4870 100 400 
0.012 2 1 0 0 0.4000 0.4000 1.43 0.19 0.520 0.754 0.4094 0.5377 100 390 
0.013 2 1 0 0 0.4000 0.4000 1.05 0.02 0.360 0.283 0.4470 0.5521 100 390 
0.014 2 1 0 0 0.4000 0.4000 0.82 0.02 0.193 0.001 0.4687 0.5492 100 380 
0.015 2 1 0 0 0.4000 0.4000 0.81 0.11 0.082 -0.162 0.4687 0.5365 100 400 
0.016 2 1 0 0 0.4000 0.4000 0.75 0.28 0.014 -0.240 0.4730 0.5177 100 400 
0.017 2 1 0 0 0.4000 0.4000 0.79 0.23 -0.020 -0.258 0.4681 0.5200 100 400 
0.018 2 1 0 0 0.4000 0.4000 0.85 0.44 -0.009 -0.285 0.4608 0.4965 100 380 
0.019 2 1 0 0 0.4000 0.4000 0.83 0.65 0.015 -0.245 0.4608 0.4741 100 390 
0.020 2 1 0 0 0.4000 0.4000 0.84 0.85 -0.038 -0.230 0.4587 0.4531 100 390 
0.021 2 1 0 0 0.4000 0.4000 0.88 0.84 -0.046 -0.163 0.4535 0.4531 100 390 
0.022 2 1 0 0 0.4000 0.4000 0.91 1.00 -0.022 -0.044 0.4500 0.4357 100 380 
0.023 2 1 0 0 0.4000 0.4000 0.90 1.05 0.056 -0.002 0.4500 0.4303 100 390 
0.024 2 1 0 0 0.4000 0.4000 0.92 1.04 0.003 0.005 0.4471 0.4303 100 390 
0.025 2 1 0 0 0.4000 0.4000 0.94 1.06 0.009 0.005 0.4435 0.4280 100 390 
0.026 2 1 0 0 0.4000 0.4000 0.99 1.06 -0.057 0.062 0.4378 0.4271 100 390 
0.027 2 1 0 0 0.4000 0.4000 0.99 1.06 0.009 0.073 0.4378 0.4271 100 390 
0.028 2 1 0 0 0.4000 0.4000 1.01 1.06 0.026 0.085 0.4341 0.4261 100 390 
0.029 2 1 0 0 0.4000 0.4000 1.05 1.02 0.071 0.085 0.4302 0.4293 100 380 
0.030 2 1 0 0 0.4000 0.4000 1.04 1.00 -0.016 0.054 0.4302 0.4309 100 390 
0.031 2 1 0 0 0.4000 0.4000 1.05 1.00 0.025 0.069 0.4292 0.4309 100 390 
0.032 2 1 0 0 0.4000 0.4000 1.01 0.96 0.023 0.092 0.4319 0.4342 100 390 
0.033 2 1 0 0 0.4000 0.4000 1.15 0.95 0.018 0.100 0.4175 0.4346 100 390 
0.034 2 1 0 0 0.4000 0.4000 1.00 0.94 0.051 0.086 0.4317 0.4346 100 380 
0.035 2 1 0 0 0.4000 0.4000 0.99 0.92 0.043 0.077 0.4321 0.4362 100 390 
0.036 2 1 0 0 0.4000 0.4000 1.00 0.81 -0.015 0.061 0.4312 0.4455 100 390 
0.037 2 1 0 0 0.4000 0.4000 0.99 0.82 0.011 0.069 0.4312 0.4440 100 390 
0.038 2 1 0 0 0.4000 0.4000 1.00 0.81 0.035 0.035 0.4298 0.4440 100 390 
0.039 2 1 0 0 0.4000 0.4000 1.01 0.82 0.043 0.009 0.4281 0.4419 100 390 
0.040 2 1 0 0 0.4000 0.4000 1.00 0.84 0.046 -0.010 0.4281 0.4393 100 390 
0.041 2 1 0 0 0.4000 0.4000 1.02 0.83 0.052 0.019 0.4260 0.4393 100 380 
0.042 2 1 0 0 0.4000 0.4000 1.04 0.86 0.060 0.014 0.4232 0.4357 100 380 
0.043 2 1 0 0 0.4000 0.4000 1.04 0.87 0.052 0.008 0.4232 0.4339 100 390 
0.044 2 1 0 0 0.4000 0.4000 1.02 0.91 0.083 0.027 0.4243 0.4300 100 390 
0.045 2 1 0 0 0.4000 0.4000 1.02 0.90 0.042 0.054 0.4236 0.4300 100 390 
0.046 2 1 0 0 0.4000 0.4000 1.02 0.90 0.102 0.055 0.4234 0.4293 100 390 
0.047 2 1 0 0 0.4000 0.4000 1.02 0.90 0.052 0.059 0.4234 0.4288 100 380 
0.048 2 1 0 0 0.4000 0.4000 0.99 0.90 0.010 0.020 0.4253 0.4288 100 390 
0.049 2 1 0 0 0.4000 0.4000 0.96 0.92 0.044 0.032 0.4279 0.4260 100 380 
0.050 2 1 0 0 0.4000 0.4000 0.96 0.92 0.033 0.044 0.4279 0.4252 100 400 
0.051 2 1 0 0 0.4000 0.4000 0.96 1.05 0.014 0.053 0.4270 0.4119 100 390 
0.052 2 1 0 0 0.4000 0.4000 0.99 0.92 0.050 0.044 0.4236 0.4251 100 380 
0.053 2 1 0 0 0.4000 0.4000 0.98 0.89 0.006 0.041 0.4236 0.4269 100 390 
0.054 2 1 0 0 0.4000 0.4000 1.00 0.87 0.056 0.058 0.4218 0.4284 100 390 
0.055 2 1 0 0 0.4000 0.4000 0.98 0.86 -0.062 0.057 0.4227 0.4284 100 400 
0.056 2 1 0 0 0.4000 0.4000 0.98 0.86 0.042 0.054 0.4224 0.4288 100 390 
0.057 2 1 0 0 0.4000 0.4000 0.98 0.86 0.022 0.050 0.4224 0.4281 100 370 
0.058 2 1 0 0 0.4000 0.4000 1.00 0.91 0.015 0.001 0.4202 0.4222 100 390 
0.059 2 1 0 0 0.4000 0.4000 1.01 0.91 0.026 0.018 0.4182 0.4222 100 380 
0.060 2 1 0 0 0.4000 0.4000 1.01 0.93 -0.054 0.055 0.4182 0.4191 100 390 
0.061 2 1 0 0 0.4000 0.4000 1.01 0.93 0.079 0.039 0.4181 0.4190 100 380 
0.062 2 1 0 0 0.4000 0.4000 1.01 0.93 0.080 0.039 0.4177 0.4190 100 380 
0.063 2 1 0 0 0.4000 0.4000 1.00 0.92 0.084 0.055 0.4177 0.4194 100 390 
0.064 2 1 0 0 0.4000 0.4000 1.02 0.91 0.067 0.064 0.4159 0.4199 100 380 
0.065 2 1 0 0 0.4000 0.4000 1.01 0.91 0.050 0.054 0.4167 0.4199 100 390 
0.066 2 1 0 0 0.4000 0.4000 1.00 0.90 0.071 0.065 0.4167 0.4205 100 390 
0.067 2 1 0 0 0.4000 0.4000 0.99 0.90 0.079 0.073 0.4176 0.4198 100 390 
0.068 2 1 0 0 0.4000 0.4000 0.98 0.89 0.041 0.051 0.4179 0.4198 100 400 
0.069 2 1 0 0 0.4000 0.4000 1.06 0.89 0.058 0.078 0.4099 0.4203 100 400 
0.070 2 1 0 0 0.4000 0.4000 0.98 0.89 -0.016 0.058 0.4173 0.4191 100 390 
0.071 2 1 0 0 0.4000 0.4000 0.99 0.90 0.050 0.055 0.4168 0.4181 100 390 
0.072 2 1 0 0 0.4000 0.4000 0.98 0.90 0.024 0.058 0.4169 0.4181 100 390 
0.073 2 1 0 0 0.4000 0.4000 0.98 0.89 0.018 0.040 0.4169 0.4181 100 390 
0.074 2 1 0 0 0.4000 0.4000 0.98 0.90 0.078 0.044 0.4160 0.4169 100 390 
0.075 2 1 0 0 0.4000 0.4000 1.00 0.90 0.041 0.023 0.4138 0.4169 100 390 
0.076 2 1 0 0 0.4000 0.4000 1.00 0.90 0.100 0.026 0.4138 0.4162 100 390 
0.077 2 1 0 0 0.4000 0.4000 1.00 0.89 0.055 0.056 0.4139 0.4171 100 380 
0.078 2 1 0 0 0.4000 0.4000 1.00 0.89 0.041 0.070 0.4136 0.4171 100 390 
0.079 2 1 0 0 0.4000 0.4000 0.99 0.88 0.098 0.075 0.4136 0.4172 100 390 
0.080 2 1 0 0 0.4000 0.4000 1.00 0.89 -0.017 0.066 0.4132 0.4163 100 390 
0.081 2 1 0 0 0.4000 0.4000 1.01 0.88 0.058 0.051 0.4119 0.4163 100 380 
0.082 2 1 0 0 0.4000 0.4000 1.00 0.94 0.066 0.052 0.4119 0.4106 100 380 
0.083 2 1 0 0 0.4000 0.4000 0.99 0.96 0.041 0.050 0.4127 0.4079 100 380 
0.084 2 1 0 0 0.4000 0.4000 1.01 0.96 0.052 0.072 0.4109 0.4079 100 400 
0.085 2 1 0 0 0.4000 0.4000 1.01 0.97 0.022 0.055 0.4109 0.4068 100 390 
0.086 2 1 0 0 0.4000 0.4000 1.01 0.97 0.142 0.050 0.4099 0.4070 100 380 
0.087 2 1 0 0 0.4000 0.4000 1.01 0.97 0.088 0.067 0.4099 0.4070 100 390 
0.088 2 1 0 0 0.4000 0.4000 1.01 0.96 0.090 0.074 0.4099 0.4079 100 400 
0.089 2 1 0 0 0.4000 0.4000 0.97 0.94 0.126 0.114 0.4140 0.4092 100 390 
0.090 2 1 0 0 0.4000 0.4000 0.97 0.94 0.040 0.090 0.4132 0.4092 100 380 
0.091 2 1 0 0 0.4000 0.4000 0.97 0.95 0.038 0.092 0.4132 0.4082 100 380 
0.092 2 1 0 0 0.4000 0.4000 1.01 0.94 0.022 0.039 0.4092 0.4087 100 380 
0.093 2 1 0 0 0.4000 0.4000 1.03 0.94 0.059 0.037 0.4072 0.4087 100 390 
0.094 2 1 0 0 0.4000 0.4000 1.02 0.95 0.030 0.063 0.4072 0.4070 100 390 
0.095 2 1 0 0 0.4000 0.4000 1.03 0.96 0.018 0.035 0.4067 0.4063 100 380 
0.096 2 1 0 0 0.4000 0.4000 1.02 0.96 0.105 0.053 0.4075 0.4063 100 400 
0.097 2 1 0 0 0.4000 0.4000 1.02 0.99 0.017 0.053 0.4075 0.4035 100 400 
0.098 2 1 0 0 0.4000 0.4000 1.04 0.96 0.083 0.059 0.4055 0.4056 100 390 
0.099 2 1 0 0 0.4000 0.4000 1.04 0.96 0.120 0.096 0.4047 0.4056 100 390 
0.100 2 1 0 0 0.4000 0.4000 1.04 0.94 0.022 0.090 0.4047 0.4073 100 400 
0.101 2 1 1 0 0.3000 0.3000 -0.18 -0.28 0.139 0.096 0.4058 0.4091 100 390 
0.102 2 1 1 0 0.3000 0.3000 -0.21 -0.31 -0.023 0.034 0.4069 0.4091 100 390 
0.103 2 1 1 0 0.3000 0.3000 -0.23 -0.33 -0.103 -0.082 0.4069 0.4092 100 400 
0.104 2 1 1 0 0.3000 0.3000 -0.18 -0.27 -0.185 -0.070 0.3997 0.4016 100 390 
0.105 2 1 1 0 0.3000 0.3000 -0.00 -0.29 -0.200 -0.135 0.3799 0.4016 100 390 
0.106 2 1 1 0 0.3000 0.3000 -0.02 -0.19 -0.172 -0.152 0.3799 0.3893 100 380 
0.107 2 1 1 0 0.3000 0.3000 0.20 -0.00 -0.273 -0.175 0.3567 0.3689 100 380 
0.108 2 1 1 0 0.3000 0.3000 0.19 -0.02 -0.161 -0.192 0.3567 0.3689 100 390 
0.109 2 1 1 0 0.3000 0.3000 0.42 0.22 -0.149 -0.199 0.3326 0.3444 100 380 
0.110 2 1 1 0 0.3000 0.3000 0.41 0.21 -0.120 -0.128 0.3326 0.3444 100 370 
0.111 2 1 1 0 0.3000 0.3000 0.60 0.43 -0.102 -0.129 0.3139 0.3212 100 390 
0.112 2 1 1 0 0.3000 0.3000 0.59 0.43 -0.087 -0.142 0.3139 0.3212 100 380 
0.113 2 1 1 0 0.3000 0.3000 0.75 0.63 0.003 -0.154 0.2984 0.3010 100 390 
0.114 2 1 1 0 0.3000 0.3000 0.75 0.63 0.052 -0.136 0.2984 0.3010 100 370 
0.115 2 1 1 0 0.3000 0.3000 0.87 0.82 -0.022 -0.096 0.2866 0.2817 100 390 
0.116 2 1 1 0 0.3000 0.3000 0.87 0.83 -0.057 -0.074 0.2866 0.2817 100 380 
0.117 2 1 1 0 0.3000 0.3000 0.99 0.95 0.004 0.020 0.2749 0.2696 100 390 
0.118 2 1 1 0 0.3000 0.3000 1.00 0.96 0.084 0.071 0.2749 0.2696 100 380 
0.119 2 1 1 0 0.3000 0.3000 1.02 0.96 0.128 0.070 0.2730 0.2696 100 390 
0.120 2 1 1 0 0.3000 0.3000 1.02 0.96 0.076 0.114 0.2730 0.2710 100 390 
0.121 2 1 1 0 0.3000 0.3000 1.03 0.96 0.176 0.139 0.2730 0.2710 100 390 
0.122 2 1 1 0 0.3000 0.3000 0.93 0.92 0.121 0.122 0.2833 0.2756 100 390 
0.123 2 1 1 0 0.3000 0.3000 0.94 0.93 0.054 0.114 0.2833 0.2756 100 380 
0.124 2 1 1 0 0.3000 0.3000 0.86 0.82 0.125 0.165 0.2907 0.2865 100 390 
0.125 2 1 1 0 0.3000 0.3000 0.87 0.82 0.152 0.113 0.2907 0.2865 100 390 
0.126 2 1 1 0 0.3000 0.3000 0.81 0.77 0.131 0.111 0.2967 0.2925 100 390 
0.127 2 1 1 0 0.3000 0.3000 0.81 0.77 0.049 0.002 0.2967 0.2925 100 370 
0.128 2 1 1 0 0.3000 0.3000 0.77 0.73 0.006 0.066 0.3001 0.2964 100 390 
0.129 2 1 1 0 0.3000 0.3000 0.77 0.73 0.033 0.047 0.3001 0.2964 100 380 
0.130 2 1 1 0 0.3000 0.3000 0.79 0.70 0.024 0.064 0.2989 0.2991 100 380 
0.131 2 1 1 0 0.3000 0.3000 0.79 0.70 0.006 0.012 0.2989 0.2991 100 380 
0.132 2 1 1 0 0.3000 0.3000 0.83 0.70 0.062 -0.006 0.2943 0.2999 100 380 
0.133 2 1 1 0 0.3000 0.3000 0.83 0.70 0.050 0.022 0.2943 0.2999 100 380 
0.134 2 1 1 0 0.3000 0.3000 0.91 0.73 -0.026 -0.008 0.2873 0.2969 100 390 
0.135 2 1 1 0 0.3000 0.3000 0.91 0.73 0.138 0.010 0.2873 0.2969 100 380 
0.136 2 1 1 0 0.3000 0.3000 0.96 0.77 0.152 0.043 0.2823 0.2933 100 380 
0.137 2 1 1 0 0.3000 0.3000 0.96 0.77 0.085 0.035 0.2823 0.2933 100 380 
0.138 2 1 1 0 0.3000 0.3000 0.99 0.79 0.030 0.050 0.2805 0.2914 100 390 
0.139 2 1 1 0 0.3000 0.3000 0.99 0.79 0.092 0.098 0.2805 0.2914 100 360 
0.140 2 1 1 0 0.3000 0.3000 0.98 0.80 0.075 0.094 0.2816 0.2902 100 400 
0.141 2 1 1 0 0.3000 0.3000 0.99 0.82 0.221 0.065 0.2816 0.2888 100 380 
0.142 2 1 1 0 0.3000 0.3000 0.99 0.82 0.110 0.073 0.2816 0.2887 100 400 
0.143 2 1 1 0 0.3000 0.3000 1.00 0.82 0.117 0.046 0.2814 0.2887 100 380 
0.144 2 1 1 0 0.3000 0.3000 1.00 0.83 0.090 0.044 0.2814 0.2887 100 380 
0.145 2 1 1 0 0.3000 0.3000 0.94 0.80 0.097 0.069 0.2877 0.2913 100 380 
0.146 2 1 1 0 0.3000 0.3000 0.94 0.80 0.173 0.085 0.2877 0.2913 100 390 
0.147 2 1 1 0 0.3000 0.3000 0.89 0.77 0.138 0.039 0.2928 0.2946 100 380 
0.148 2 1 1 0 0.3000 0.3000 0.90 0.77 0.131 0.066 0.2928 0.2946 100 380 
0.149 2 1 1 0 0.3000 0.3000 0.88 0.82 0.052 0.116 0.2940 0.2902 100 390 
0.150 2 1 1 0 0.3000 0.3000 0.89 0.82 0.109 0.056 0.2940 0.2902 100 370 
0.151 2 1 1 0 0.3000 0.3000 0.91 0.82 0.075 0.087 0.2919 0.2904 100 390 
0.152 2 1 1 0 0.3000 0.3000 0.91 0.82 0.127 0.048 0.2919 0.2904 100 380 
0.153 2 1 1 0 0.3000 0.3000 0.95 0.82 0.106 0.066 0.2883 0.2909 100 390 
0.154 2 1 1 0 0.3000 0.3000 0.95 0.82 0.084 0.063 0.2883 0.2909 100 380 
0.155 2 1 1 0 0.3000 0.3000 0.96 0.84 0.151 0.070 0.2876 0.2893 100 390 
0.156 2 1 1 0 0.3000 0.3000 0.96 0.84 0.124 0.086 0.2876 0.2893 100 380 
0.157 2 1 1 0 0.3000 0.3000 0.93 0.87 0.144 0.087 0.2909 0.2869 100 390 
0.158 2 1 1 0 0.3000 0.3000 0.93 0.87 0.164 0.088 0.2909 0.2869 100 380 
0.159 2 1 1 0 0.3000 0.3000 0.88 0.88 0.086 0.077 0.2962 0.2865 100 390 
0.160 2 1 1 0 0.3000 0.3000 0.88 0.88 0.058 0.100 0.2962 0.2865 100 380 
0.161 2 1 1 0 0.3000 0.3000 0.84 0.86 0.072 0.091 0.3007 0.2888 100 380 
0.162 2 1 1 0 0.3000 0.3000 0.84 0.86 0.104 0.077 0.3007 0.2888 100 380 
0.163 2 1 1 0 0.3000 0.3000 0.82 0.81 0.140 0.038 0.3020 0.2941 100 390 
0.164 2 1 1 0 0.3000 0.3000 0.82 0.81 0.033 0.072 0.3020 0.2941 100 380 
0.165 2 1 1 0 0.3000 0.3000 0.84 0.76 -0.017 0.092 0.3005 0.2992 100 380 
0.166 2 1 1 0 0.3000 0.3000 0.84 0.76 0.075 0.075 0.3005 0.2992 100 380 
0.167 2 1 1 0 0.3000 0.3000 0.89 0.74 0.110 0.105 0.2951 0.3016 100 380 
0.168 2 1 1 0 0.3000 0.3000 0.89 0.74 0.138 0.094 0.2951 0.3016 100 390 
0.169 2 1 1 0 0.3000 0.3000 0.93 0.76 0.085 0.068 0.2913 0.2992 110 400 
0.170 2 1 1 0 0.3000 0.3000 0.94 0.76 0.097 0.073 0.2913 0.2992 100 370 
0.171 2 1 1 0 0.3000 0.3000 0.94 0.83 0.144 0.054 0.2913 0.2921 100 380 
0.172 2 1 1 0 0.3000 0.3000 0.94 0.83 0.125 0.049 0.2906 0.2921 100 390 
0.173 2 1 1 0 0.3000 0.3000 0.95 0.84 0.115 0.086 0.2906 0.2921 100 390 
0.174 2 1 1 0 0.3000 0.3000 0.91 0.88 0.108 0.088 0.2943 0.2880 100 380 
0.175 2 1 1 0 0.3000 0.3000 0.91 0.88 0.087 0.076 0.2943 0.2880 100 390 
0.176 2 1 1 0 0.3000 0.3000 0.88 0.90 0.095 0.121 0.2976 0.2864 100 390 
0.177 2 1 1 0 0.3000 0.3000 0.88 0.90 0.130 0.092 0.2976 0.2864 100 390 
0.178 2 1 1 0 0.3000 0.3000 0.84 0.88 0.138 0.101 0.3018 0.2894 100 390 
0.179 2 1 1 0 0.3000 0.3000 0.84 0.88 0.061 0.093 0.3018 0.2894 100 390 
0.180 2 1 1 0 0.3000 0.3000 0.81 0.82 0.059 0.028 0.3051 0.2954 100 390 
0.181 2 1 1 0 0.3000 0.3000 0.80 0.82 0.082 0.091 0.3051 0.2954 100 390 
0.182 2 1 1 0 0.3000 0.3000 0.78 0.78 0.062 0.100 0.3074 0.2992 100 390 
0.183 2 1 1 0 0.3000 0.3000 0.78 0.78 0.028 0.096 0.3074 0.2992 100 390 
0.184 2 1 1 0 0.3000 0.3000 0.83 0.79 -0.012 0.047 0.3018 0.2987 100 390 
0.185 2 1 1 0 0.3000 0.3000 0.83 0.79 0.002 0.039 0.3018 0.2987 100 390 
0.186 2 1 1 0 0.3000 0.3000 0.91 0.79 0.001 -0.004 0.2946 0.2985 100 390 
0.187 2 1 1 0 0.3000 0.3000 0.91 0.79 0.071 -0.029 0.2946 0.2985 100 370 
0.188 2 1 1 0 0.3000 0.3000 0.94 0.82 0.074 0.035 0.2917 0.2956 100 390 
0.189 2 1 1 0 0.3000 0.3000 0.94 0.82 0.056 0.074 0.2917 0.2956 100 380 
0.190 2 1 1 0 0.3000 0.3000 0.93 0.86 0.063 0.075 0.2929 0.2921 100 380 
0.191 2 1 1 0 0.3000 0.3000 0.93 0.86 0.091 0.089 0.2929 0.2921 100 380 
0.192 2 1 1 0 0.3000 0.3000 0.90 0.89 0.052 0.093 0.2957 0.2893 100 400 
0.193 2 1 1 0 0.3000 0.3000 0.90 0.89 0.091 0.068 0.2957 0.2893 100 380 
0.194 2 1 1 0 0.3000 0.3000 0.87 0.89 0.123 0.100 0.2989 0.2893 100 400 
0.195 2 1 1 0 0.3000 0.3000 0.87 0.86 0.083 0.087 0.2989 0.2930 100 390 
0.196 2 1 1 0 0.3000 0.3000 0.86 0.86 0.100 0.076 0.3001 0.2930 100 390 
0.197 2 1 1 0 0.3000 0.3000 0.86 0.80 0.065 0.085 0.3001 0.2994 100 390 
0.198 2 1 1 0 0.3000 0.3000 0.88 0.80 0.048 0.087 0.2983 0.2994 100 400 
0.199 2 1 1 0 0.3000 0.3000 0.88 0.74 0.071 0.067 0.2983 0.3051 100 390 
0.200 2 1 1 0 0.3000 0.3000 0.97 0.70 0.018 0.048 0.2896 0.3083 100 390 
0.201 2 1 1 0 0.3000 0.3000 0.97 0.70 0.073 0.043 0.2896 0.3083 100 380 
0.202 2 1 2 0 0.2000 0.2000 -0.19 -0.44 0.122 0.019 0.2849 0.3020 100 400 
0.203 2 1 2 0 0.2000 0.2000 -0.21 -0.52 -0.005 0.023 0.2849 0.3072 100 390 
0.204 2 1 2 0 0.2000 0.2000 -0.23 -0.44 -0.118 -0.087 0.2849 0.2971 100 400 
0.205 2 1 2 0 0.2000 0.2000 -0.20 -0.46 -0.126 -0.142 0.2808 0.2971 100 390 
0.206 2 1 2 0 0.2000 0.2000 -0.22 -0.47 -0.138 -0.158 0.2808 0.2971 100 380 
0.207 2 1 2 0 0.2000 0.2000 -0.02 -0.25 -0.169 -0.147 0.2595 0.2732 100 390 
0.208 2 1 2 0 0.2000 0.2000 -0.03 -0.27 -0.109 -0.136 0.2595 0.2732 100 390 
0.209 2 1 2 0 0.2000 0.2000 0.21 0.00 -0.142 -0.122 0.2348 0.2453 100 390 
0.210 2 1 2 0 0.2000 0.2000 0.20 -0.01 -0.032 -0.105 0.2353 0.2453 100 390 
0.211 2 1 2 0 0.2000 0.2000 0.19 -0.02 -0.054 -0.120 0.2353 0.2453 100 380 
0.212 2 1 2 0 0.2000 0.2000 0.33 0.25 -0.097 -0.163 0.2202 0.2173 100 390 
0.213 2 1 2 0 0.2000 0.2000 0.33 0.25 -0.117 -0.083 0.2202 0.2173 100 380 
0.214 2 1 2 0 0.2000 0.2000 0.33 0.25 -0.073 -0.091 0.2202 0.2173 100 370 
0.215 2 1 2 0 0.2000 0.2000 0.44 0.49 -0.052 -0.067 0.2084 0.1933 100 390 
0.216 2 1 2 0 0.2000 0.2000 0.44 0.49 -0.036 -0.107 0.2084 0.1933 100 390 
0.217 2 1 2 0 0.2000 0.2000 0.44 0.49 -0.043 -0.063 0.2084 0.1933 100 380 
0.218 2 1 2 0 0.2000 0.2000 0.60 0.52 -0.045 -0.056 0.1925 0.1902 100 390 
0.219 2 1 2 0 0.2000 0.2000 0.60 0.69 -0.094 -0.057 0.1925 0.1740 100 390 
0.220 2 1 2 0 0.2000 0.2000 0.60 0.69 -0.092 -0.040 0.1925 0.1740 100 380 
0.221 2 1 2 0 0.2000 0.2000 0.60 0.70 -0.058 -0.020 0.1925 0.1740 100 370 
0.222 2 1 2 0 0.2000 0.2000 0.82 0.84 -0.058 0.017 0.1705 0.1606 100 390 
0.223 2 1 2 0 0.2000 0.2000 0.83 0.85 -0.044 -0.040 0.1705 0.1606 100 380 
0.224 2 1 2 0 0.2000 0.2000 0.84 0.85 0.030 0.016 0.1705 0.1606 100 380 
0.225 2 1 2 0 0.2000 0.2000 0.84 0.86 0.047 0.125 0.1705 0.1606 100 360 
0.226 2 1 2 0 0.2000 0.2000 1.05 0.79 0.077 0.120 0.1504 0.1684 100 380 
0.227 2 1 2 0 0.2000 0.2000 1.06 0.80 0.080 0.147 0.1504 0.1684 100 380 
0.228 2 1 2 0 0.2000 0.2000 1.07 0.80 0.139 0.146 0.1504 0.1684 100 390 
0.229 2 1 2 0 0.2000 0.2000 1.08 0.81 0.192 0.034 0.1504 0.1684 100 380 
0.230 2 1 2 0 0.2000 0.2000 1.05 0.73 0.181 0.028 0.1548 0.1771 100 390 
0.231 2 1 2 0 0.2000 0.2000 1.06 0.73 0.144 0.044 0.1548 0.1771 100 380 
0.232 2 1 2 0 0.2000 0.2000 1.06 0.74 0.178 0.092 0.1548 0.1771 100 380 
0.233 2 1 2 0 0.2000 0.2000 0.84 0.71 0.167 0.092 0.1783 0.1806 100 390 
0.234 2 1 2 0 0.2000 0.2000 0.84 0.71 0.124 0.128 0.1783 0.1806 100 370 
0.235 2 1 2 0 0.2000 0.2000 0.85 0.71 0.082 -0.022 0.1783 0.1806 100 380 
0.236 2 1 2 0 0.2000 0.2000 0.63 0.72 0.088 -0.115 0.2004 0.1803 100 390 
0.237 2 1 2 0 0.2000 0.2000 0.63 0.72 0.008 0.007 0.2004 0.1803 100 370 
0.238 2 1 2 0 0.2000 0.2000 0.63 0.73 0.000 0.052 0.2004 0.1803 100 380 
0.239 2 1 2 0 0.2000 0.2000 0.53 0.73 -0.020 0.025 0.2095 0.1803 100 390 
0.240 2 1 2 0 0.2000 0.2000 0.53 0.74 -0.019 0.050 0.2095 0.1802 100 390 
0.241 2 1 2 0 0.2000 0.2000 0.53 0.74 -0.054 0.098 0.2095 0.1802 100 380 
0.242 2 1 2 0 0.2000 0.2000 0.63 0.75 -0.078 0.169 0.1997 0.1802 100 390 
0.243 2 1 2 0 0.2000 0.2000 0.63 0.69 -0.029 0.172 0.1997 0.1866 100 390 
0.244 2 1 2 0 0.2000 0.2000 0.63 0.69 -0.005 0.098 0.1997 0.1866 100 390 
0.245 2 1 2 0 0.2000 0.2000 0.78 0.69 -0.061 -0.019 0.1846 0.1866 100 390 
0.246 2 1 2 0 0.2000 0.2000 0.91 0.69 -0.013 -0.007 0.1720 0.1869 100 380 
0.247 2 1 2 0 0.2000 0.2000 0.92 0.69 0.067 0.006 0.1720 0.1869 100 390 
0.248 2 1 2 0 0.2000 0.2000 0.92 0.70 0.071 -0.017 0.1720 0.1869 100 390 
0.249 2 1 2 0 0.2000 0.2000 1.02 0.72 0.127 0.050 0.1626 0.1850 100 390 
0.250 2 1 2 0 0.2000 0.2000 1.13 0.72 0.105 0.121 0.1527 0.1850 100 390 
0.251 2 1 2 0 0.2000 0.2000 1.14 0.72 0.095 0.151 0.1527 0.1850 100 380 
0.252 2 1 2 0 0.2000 0.2000 1.15 0.73 0.122 0.113 0.1527 0.1850 100 390 
0.253 2 1 2 0 0.2000 0.2000 1.11 0.76 0.154 0.035 0.1579 0.1822 100 380 
0.254 2 1 2 0 0.2000 0.2000 1.11 0.76 0.148 0.086 0.1579 0.1822 100 380 
0.255 2 1 2 0 0.2000 0.2000 1.12 0.77 0.127 0.002 0.1579 0.1822 100 380 
0.256 2 1 2 0 0.2000 0.2000 1.13 0.79 0.104 -0.045 0.1579 0.1800 100 390 
0.257 2 1 2 0 0.2000 0.2000 0.94 0.80 0.165 -0.045 0.1782 0.1800 100 390 
0.258 2 1 2 0 0.2000 0.2000 0.94 0.80 0.096 -0.041 0.1782 0.1800 100 380 
0.259 2 1 2 0 0.2000 0.2000 0.94 0.77 0.076 0.077 0.1782 0.1828 100 400 
0.260 2 1 2 0 0.2000 0.2000 0.72 0.78 0.108 0.110 0.2002 0.1828 100 390 
0.261 2 1 2 0 0.2000 0.2000 0.72 0.78 0.060 0.146 0.2002 0.1828 100 380 
0.262 2 1 2 0 0.2000 0.2000 0.72 0.70 0.001 0.276 0.2002 0.1908 100 380 
0.263 2 1 2 0 0.2000 0.2000 0.60 0.71 -0.001 0.179 0.2126 0.1908 100 380 
0.264 2 1 2 0 0.2000 0.2000 0.60 0.71 -0.046 0.011 0.2126 0.1908 100 390 
0.265 2 1 2 0 0.2000 0.2000 0.59 0.71 -0.068 -0.152 0.2126 0.1908 100 380 
0.266 2 1 2 0 0.2000 0.2000 0.60 0.63 -0.085 -0.068 0.2116 0.1987 100 390 
0.267 2 1 2 0 0.2000 0.2000 0.60 0.63 -0.074 -0.063 0.2116 0.1987 100 380 
0.268 2 1 2 0 0.2000 0.2000 0.60 0.63 -0.035 -0.022 0.2116 0.1987 100 390 
0.269 2 1 2 0 0.2000 0.2000 0.68 0.65 -0.021 -0.015 0.2031 0.1974 100 390 
0.270 2 1 2 0 0.2000 0.2000 0.68 0.65 -0.017 0.010 0.2031 0.1974 100 380 
0.271 2 1 2 0 0.2000 0.2000 0.68 0.65 -0.053 -0.025 0.2031 0.1974 100 380 
0.272 2 1 2 0 0.2000 0.2000 0.81 0.74 -0.030 0.014 0.1898 0.1878 100 390 
0.273 2 1 2 0 0.2000 0.2000 0.82 0.75 -0.002 0.114 0.1898 0.1878 100 380 
0.274 2 1 2 0 0.2000 0.2000 0.82 0.75 0.035 0.147 0.1898 0.1878 100 380 
0.275 2 1 2 0 0.2000 0.2000 1.00 0.84 0.059 0.227 0.1720 0.1794 100 390 
0.276 2 1 2 0 0.2000 0.2000 1.04 0.84 0.075 0.134 0.1686 0.1794 100 380 
0.277 2 1 2 0 0.2000 0.2000 1.05 0.84 0.112 0.082 0.1686 0.1794 100 380 
0.278 2 1 2 0 0.2000 0.2000 1.05 0.83 0.142 0.064 0.1686 0.1807 100 390 
0.279 2 1 2 0 0.2000 0.2000 1.11 0.84 0.148 0.084 0.1634 0.1807 100 390 
0.280 2 1 2 0 0.2000 0.2000 1.12 0.84 0.125 0.062 0.1634 0.1807 100 380 
0.281 2 1 2 0 0.2000 0.2000 1.12 0.85 0.183 0.122 0.1634 0.1807 100 390 
0.282 2 1 2 0 0.2000 0.2000 1.13 0.83 0.169 0.073 0.1634 0.1832 100 390 
0.283 2 1 2 0 0.2000 0.2000 1.00 0.83 0.182 -0.020 0.1777 0.1832 100 390 
0.284 2 1 2 0 0.2000 0.2000 1.00 0.83 0.174 -0.030 0.1777 0.1832 100 380 
0.285 2 1 2 0 0.2000 0.2000 1.00 0.81 0.154 0.028 0.1777 0.1854 100 400 
0.286 2 1 2 0 0.2000 0.2000 0.79 0.82 0.111 0.130 0.1999 0.1854 100 380 
0.287 2 1 2 0 0.2000 0.2000 0.79 0.82 0.080 0.199 0.1999 0.1854 100 370 
0.288 2 1 2 0 0.2000 0.2000 0.79 0.77 0.084 0.326 0.1999 0.1903 100 400 
0.289 2 1 2 0 0.2000 0.2000 0.66 0.78 0.064 0.209 0.2127 0.1903 100 390 
0.290 2 1 2 0 0.2000 0.2000 0.65 0.78 -0.027 0.205 0.2127 0.1903 100 370 
0.291 2 1 2 0 0.2000 0.2000 0.60 0.71 -0.013 0.119 0.2175 0.1970 100 390 
0.292 2 1 2 0 0.2000 0.2000 0.60 0.71 -0.034 0.028 0.2175 0.1970 100 390 
0.293 2 1 2 0 0.2000 0.2000 0.60 0.71 -0.035 -0.039 0.2175 0.1970 100 380 
0.294 2 1 2 0 0.2000 0.2000 0.67 0.64 -0.053 -0.018 0.2097 0.2038 100 380 
0.295 2 1 2 0 0.2000 0.2000 0.67 0.64 -0.027 -0.008 0.2097 0.2038 100 380 
0.296 2 1 2 0 0.2000 0.2000 0.67 0.64 -0.052 -0.012 0.2097 0.2038 100 390 
0.297 2 1 2 0 0.2000 0.2000 0.87 0.66 -0.030 -0.007 0.1890 0.2018 100 390 
0.298 2 1 2 0 0.2000 0.2000 0.84 0.66 -0.004 0.006 0.1925 0.2018 100 380 
0.299 2 1 2 0 0.2000 0.2000 0.84 0.66 -0.005 -0.029 0.1925 0.2018 100 380 
0.300 2 1 2 0 0.2000 0.2000 0.84 0.76 0.027 0.024 0.1925 0.1919 100 390 
0.301 2 1 2 0 0.2000 0.2000 1.03 0.76 0.041 0.095 0.1743 0.1919 100 390 
0.302 2 1 2 0 0.2000 0.2000 1.03 0.76 0.079 0.208 0.1743 0.1919 100 380 
0.303 2 1 3 0 0.1500 0.1500 0.43 0.20 0.122 0.233 0.1743 0.1885 100 380 
0.304 2 1 3 0 0.1500 0.1500 0.43 0.27 0.061 0.097 0.1743 0.1807 100 400 
0.305 2 1 3 0 0.1500 0.1500 0.43 0.26 0.001 -0.004 0.1735 0.1807 100 390 
0.306 2 1 3 0 0.1500 0.1500 0.43 0.25 -0.043 -0.068 0.1735 0.1807 100 380 
0.307 2 1 3 0 0.1500 0.1500 0.42 0.40 -0.058 -0.071 0.1735 0.1653 100 390 
0.308 2 1 3 0 0.1500 0.1500 0.46 0.40 -0.096 -0.063 0.1693 0.1653 100 390 
0.309 2 1 3 0 0.1500 0.1500 0.46 0.40 -0.061 -0.055 0.1693 0.1653 100 380 
0.310 2 1 3 0 0.1500 0.1500 0.45 0.39 -0.065 -0.060 0.1693 0.1653 100 380 
0.311 2 1 3 0 0.1500 0.1500 0.45 0.57 -0.075 -0.041 0.1693 0.1474 100 370 
0.312 2 1 3 0 0.1500 0.1500 0.69 0.75 -0.080 -0.068 0.1452 0.1297 100 390 
0.313 2 1 3 0 0.1500 0.1500 0.69 0.76 -0.054 -0.094 0.1452 0.1297 100 370 
0.314 2 1 3 0 0.1500 0.1500 0.69 0.76 -0.071 -0.063 0.1452 0.1297 100 380 
0.315 2 1 3 0 0.1500 0.1500 0.69 0.76 -0.051 0.102 0.1452 0.1297 100 380 
0.316 2 1 3 0 0.1500 0.1500 0.69 0.77 -0.033 0.187 0.1452 0.1297 100 380 
0.317 2 1 3 0 0.1500 0.1500 0.87 0.94 -0.009 0.264 0.1280 0.1134 100 390 
0.318 2 1 3 0 0.1500 0.1500 0.87 1.02 0.047 0.303 0.1280 0.1054 100 380 
0.319 2 1 3 0 0.1500 0.1500 0.88 1.03 0.033 0.176 0.1280 0.1054 100 380 
0.320 2 1 3 0 0.1500 0.1500 0.88 1.04 0.069 0.186 0.1280 0.1054 100 390 
0.321 2 1 3 0 0.1500 0.1500 0.89 1.05 0.110 0.189 0.1280 0.1054 100 380 
0.322 2 1 3 0 0.1500 0.1500 0.80 1.06 0.116 0.185 0.1368 0.1054 100 380 
0.323 2 1 3 0 0.1500 0.1500 0.80 0.82 0.094 0.195 0.1368 0.1300 100 390 
0.324 2 1 3 0 0.1500 0.1500 0.81 0.82 0.087 0.102 0.1368 0.1300 100 390 
0.325 2 1 3 0 0.1500 0.1500 0.62 0.83 0.080 0.097 0.1557 0.1300 100 390 
0.326 2 1 3 0 0.1500 0.1500 0.62 0.48 0.051 0.077 0.1557 0.1646 100 390 
0.327 2 1 3 0 0.1500 0.1500 0.62 0.48 -0.024 0.073 0.1557 0.1646 100 380 
0.328 2 1 3 0 0.1500 0.1500 0.61 0.48 -0.035 0.024 0.1557 0.1646 100 390 
0.329 2 1 3 0 0.1500 0.1500 0.63 0.47 -0.021 -0.032 0.1541 0.1646 100 390 
0.330 2 1 3 0 0.1500 0.1500 0.63 0.36 -0.049 -0.025 0.1541 0.1756 100 390 
0.331 2 1 3 0 0.1500 0.1500 0.63 0.35 0.027 -0.064 0.1541 0.1756 100 380 
0.332 2 1 3 0 0.1500 0.1500 0.63 0.35 -0.005 -0.131 0.1541 0.1756 100 390 
0.333 2 1 3 0 0.1500 0.1500 0.70 0.46 -0.030 -0.043 0.1470 0.1645 100 380 
0.334 2 1 3 0 0.1500 0.1500 0.94 0.50 -0.008 -0.029 0.1226 0.1599 100 380 
0.335 2 1 3 0 0.1500 0.1500 0.95 0.50 0.023 -0.044 0.1226 0.1599 100 370 
0.336 2 1 3 0 0.1500 0.1500 0.96 0.50 0.072 -0.056 0.1226 0.1599 100 390 
0.337 2 1 3 0 0.1500 0.1500 0.96 0.49 0.098 -0.041 0.1226 0.1599 100 380 
0.338 2 1 3 0 0.1500 0.1500 0.97 0.66 0.122 -0.048 0.1226 0.1431 100 390 
0.339 2 1 3 0 0.1500 0.1500 1.01 0.66 0.150 -0.007 0.1186 0.1431 100 370 
0.340 2 1 3 0 0.1500 0.1500 1.21 0.67 0.141 0.014 0.1001 0.1431 100 390 
0.341 2 1 3 0 0.1500 0.1500 1.22 0.67 0.196 -0.003 0.1001 0.1431 100 380 
0.342 2 1 3 0 0.1500 0.1500 1.23 0.70 0.182 -0.029 0.1001 0.1398 100 380 
0.343 2 1 3 0 0.1500 0.1500 1.24 0.90 0.192 0.015 0.1001 0.1207 100 380 
0.344 2 1 3 0 0.1500 0.1500 1.25 0.90 0.187 0.024 0.1001 0.1207 100 390 
0.345 2 1 3 0 0.1500 0.1500 0.99 0.91 0.230 0.106 0.1261 0.1207 100 390 
0.346 2 1 3 0 0.1500 0.1500 1.00 0.91 0.177 0.142 0.1261 0.1207 100 380 
0.347 2 1 3 0 0.1500 0.1500 1.00 0.92 0.140 0.153 0.1261 0.1207 100 380 
0.348 2 1 3 0 0.1500 0.1500 1.01 1.02 0.153 0.153 0.1261 0.1112 100 390 
0.349 2 1 3 0 0.1500 0.1500 0.60 1.05 0.132 0.187 0.1665 0.1093 100 390 
0.350 2 1 3 0 0.1500 0.1500 0.60 1.06 0.083 0.205 0.1665 0.1093 100 380 
0.351 2 1 3 0 0.1500 0.1500 0.60 1.06 0.033 0.256 0.1665 0.1093 100 370 
0.352 2 1 3 0 0.1500 0.1500 0.46 1.07 -0.023 0.242 0.1796 0.1093 100 390 
0.353 2 1 3 0 0.1500 0.1500 0.46 0.82 -0.042 0.275 0.1796 0.1349 100 390 
0.354 2 1 3 0 0.1500 0.1500 0.45 0.82 -0.073 0.246 0.1796 0.1349 100 380 
0.355 2 1 3 0 0.1500 0.1500 0.44 0.83 -0.065 0.185 0.1796 0.1349 100 380 
0.356 2 1 3 0 0.1500 0.1500 0.51 0.83 -0.079 0.143 0.1721 0.1349 100 390 
0.357 2 1 3 0 0.1500 0.1500 0.51 0.52 -0.046 0.095 0.1721 0.1657 100 390 
0.358 2 1 3 0 0.1500 0.1500 0.51 0.52 -0.096 0.091 0.1721 0.1657 100 390 
0.359 2 1 3 0 0.1500 0.1500 0.58 0.52 -0.070 0.024 0.1639 0.1657 100 390 
0.360 2 1 3 0 0.1500 0.1500 0.65 0.51 -0.054 -0.047 0.1573 0.1657 100 400 
0.361 2 1 3 0 0.1500 0.1500 0.65 0.39 -0.046 -0.090 0.1573 0.1780 100 390 
0.362 2 1 3 0 0.1500 0.1500 0.64 0.38 0.013 -0.085 0.1573 0.1780 100 370 
0.363 2 1 3 0 0.1500 0.1500 0.64 0.38 -0.016 -0.064 0.1573 0.1780 100 380 
0.364 2 1 3 0 0.1500 0.1500 0.89 0.47 -0.018 -0.073 0.1330 0.1676 100 380 
0.365 2 1 3 0 0.1500 0.1500 0.89 0.47 0.021 -0.071 0.1330 0.1676 100 380 
0.366 2 1 3 0 0.1500 0.1500 0.89 0.47 0.035 -0.046 0.1330 0.1676 100 370 
0.367 2 1 3 0 0.1500 0.1500 0.90 0.46 0.065 -0.056 0.1330 0.1676 100 370 
0.368 2 1 3 0 0.1500 0.1500 0.92 0.61 0.094 -0.060 0.1307 0.1532 100 390 
0.369 2 1 3 0 0.1500 0.1500 1.16 0.61 0.105 -0.029 0.1076 0.1532 100 390 
0.370 2 1 3 0 0.1500 0.1500 1.16 0.60 0.114 -0.026 0.1083 0.1532 100 390 
0.371 2 1 3 0 0.1500 0.1500 1.17 0.60 0.148 -0.022 0.1083 0.1532 100 370 
0.372 2 1 3 0 0.1500 0.1500 1.18 0.80 0.181 -0.023 0.1083 0.1342 100 390 
0.373 2 1 3 0 0.1500 0.1500 1.19 0.83 0.179 0.013 0.1083 0.1313 100 390 
0.374 2 1 3 0 0.1500 0.1500 1.20 0.83 0.198 0.051 0.1083 0.1313 100 390 
0.375 2 1 3 0 0.1500 0.1500 1.04 0.83 0.203 0.107 0.1249 0.1313 100 390 
0.376 2 1 3 0 0.1500 0.1500 1.04 0.84 0.159 0.117 0.1249 0.1313 100 380 
0.377 2 1 3 0 0.1500 0.1500 1.05 0.87 0.154 0.145 0.1249 0.1286 100 390 
0.378 2 1 3 0 0.1500 0.1500 1.05 0.99 0.119 0.147 0.1249 0.1166 100 390 
0.379 2 1 3 0 0.1500 0.1500 0.67 1.00 0.115 0.191 0.1633 0.1166 100 380 
0.380 2 1 3 0 0.1500 0.1500 0.67 1.01 0.054 0.186 0.1633 0.1166 100 370 
0.381 2 1 3 0 0.1500 0.1500 0.66 1.01 -0.010 0.202 0.1633 0.1166 100 380 
0.382 2 1 3 0 0.1500 0.1500 0.44 0.87 -0.057 0.197 0.1853 0.1317 100 390 
0.383 2 1 3 0 0.1500 0.1500 0.43 0.87 -0.055 0.214 0.1853 0.1317 100 380 
0.384 2 1 3 0 0.1500 0.1500 0.42 0.88 -0.101 0.169 0.1853 0.1317 100 380 
0.385 2 1 3 0 0.1500 0.1500 0.48 0.88 -0.071 0.166 0.1791 0.1317 100 390 
0.386 2 1 3 0 0.1500 0.1500 0.47 0.61 -0.068 0.177 0.1791 0.1586 100 380 
0.387 2 1 3 0 0.1500 0.1500 0.47 0.61 -0.099 0.153 0.1791 0.1586 100 380 
0.388 2 1 3 0 0.1500 0.1500 0.46 0.61 -0.082 0.031 0.1791 0.1586 100 370 
0.389 2 1 3 0 0.1500 0.1500 0.59 0.61 -0.069 0.001 0.1658 0.1586 100 380 
0.390 2 1 3 0 0.1500 0.1500 0.59 0.47 -0.069 -0.002 0.1658 0.1719 100 390 
0.391 2 1 3 0 0.1500 0.1500 0.58 0.47 -0.061 -0.059 0.1658 0.1719 100 380 
0.392 2 1 3 0 0.1500 0.1500 0.58 0.46 -0.050 -0.060 0.1658 0.1719 100 390 
0.393 2 1 3 0 0.1500 0.1500 0.70 0.46 -0.032 -0.052 0.1538 0.1719 100 380 
0.394 2 1 3 0 0.1500 0.1500 0.70 0.62 -0.038 -0.053 0.1538 0.1556 100 390 
0.395 2 1 3 0 0.1500 0.1500 0.70 0.62 0.014 -0.066 0.1538 0.1556 100 380 
0.396 2 1 3 0 0.1500 0.1500 0.70 0.62 -0.046 -0.042 0.1538 0.1556 100 380 
0.397 2 1 3 0 0.1500 0.1500 0.88 0.61 -0.035 -0.031 0.1361 0.1556 100 390 
0.398 2 1 3 0 0.1500 0.1500 0.88 0.80 -0.001 -0.045 0.1361 0.1376 100 390 
0.399 2 1 3 0 0.1500 0.1500 0.88 0.80 0.040 -0.006 0.1361 0.1376 100 380 
0.400 2 1 3 0 0.1500 0.1500 0.88 0.80 0.073 0.031 0.1361 0.1376 100 370 
0.401 2 1 3 0 0.1500 0.1500 0.89 0.80 0.171 0.112 0.1361 0.1376 100 380 
0.402 2 1 3 0 0.1500 0.1500 1.04 0.81 0.173 0.137 0.1214 0.1376 100 390 
0.403 2 1 3 0 0.1500 0.1500 1.11 0.86 0.163 0.123 0.1149 0.1322 100 390 
0.404 2 1 4 0 0.1000 0.1000 0.51 0.26 0.189 0.114 0.1149 0.1322 100 380 
0.405 2 1 4 0 0.1000 0.1000 0.51 0.26 0.132 0.108 0.1149 0.1322 100 370 
0.406 2 1 4 0 0.1000 0.1000 0.51 0.25 0.002 0.003 0.1149 0.1322 100 380 
0.407 2 1 4 0 0.1000 0.1000 0.50 0.13 -0.017 0.014 0.1149 0.1430 100 390 
0.408 2 1 4 0 0.1000 0.1000 0.49 0.12 -0.031 -0.043 0.1159 0.1430 100 380 
0.409 2 1 4 0 0.1000 0.1000 0.49 0.12 -0.055 -0.026 0.1159 0.1430 100 380 
0.410 2 1 4 0 0.1000 0.1000 0.48 0.11 -0.064 -0.030 0.1159 0.1430 100 380 
0.411 2 1 4 0 0.1000 0.1000 0.48 0.15 -0.042 -0.027 0.1159 0.1377 100 380 
0.412 2 1 4 0 0.1000 0.1000 0.48 0.27 -0.022 -0.060 0.1159 0.1257 100 390 
0.413 2 1 4 0 0.1000 0.1000 0.57 0.26 -0.061 -0.061 0.1059 0.1257 100 380 
0.414 2 1 4 0 0.1000 0.1000 0.73 0.26 -0.024 -0.056 0.0902 0.1257 100 380 
0.415 2 1 4 0 0.1000 0.1000 0.73 0.25 -0.021 -0.053 0.0900 0.1257 100 390 
0.416 2 1 4 0 0.1000 0.1000 0.74 0.24 -0.044 -0.030 0.0900 0.1257 100 390 
0.417 2 1 4 0 0.1000 0.1000 0.74 0.39 0.045 -0.044 0.0900 0.1112 100 380 
0.418 2 1 4 0 0.1000 0.1000 0.74 0.56 0.030 -0.029 0.0900 0.0940 100 380 
0.419 2 1 4 0 0.1000 0.1000 0.74 0.66 -0.001 -0.027 0.0900 0.0840 100 390 
0.420 2 1 4 0 0.1000 0.1000 0.74 0.66 -0.006 -0.009 0.0900 0.0840 100 370 
0.421 2 1 4 0 0.1000 0.1000 0.75 0.67 -0.017 0.033 0.0896 0.0840 100 380 
0.422 2 1 4 0 0.1000 0.1000 0.87 0.67 0.026 0.013 0.0781 0.0840 100 380 
0.423 2 1 4 0 0.1000 0.1000 0.97 0.67 0.151 0.027 0.0683 0.0840 100 390 
0.424 2 1 4 0 0.1000 0.1000 0.98 0.68 0.098 0.002 0.0683 0.0840 100 390 
0.425 2 1 4 0 0.1000 0.1000 0.99 0.68 0.144 0.020 0.0683 0.0840 100 380 
0.426 2 1 4 0 0.1000 0.1000 0.99 0.68 0.149 0.009 0.0683 0.0840 100 380 
0.427 2 1 4 0 0.1000 0.1000 1.00 0.78 0.123 0.033 0.0683 0.0743 100 370 
0.428 2 1 4 0 0.1000 0.1000 1.00 0.87 0.117 0.073 0.0683 0.0662 100 380 
0.429 2 1 4 0 0.1000 0.1000 1.01 0.94 0.132 0.093 0.0683 0.0597 100 380 
0.430 2 1 4 0 0.1000 0.1000 0.74 1.00 0.117 0.168 0.0960 0.0543 100 390 
0.431 2 1 4 0 0.1000 0.1000 0.74 1.01 0.030 0.219 0.0960 0.0543 100 380 
0.432 2 1 4 0 0.1000 0.1000 0.74 1.02 0.031 0.234 0.0960 0.0543 100 380 
0.433 2 1 4 0 0.1000 0.1000 0.74 1.03 0.125 0.239 0.0960 0.0543 100 380 
0.434 2 1 4 0 0.1000 0.1000 0.33 1.04 0.010 0.187 0.1368 0.0543 100 380 
0.435 2 1 4 0 0.1000 0.1000 0.32 1.05 0.007 0.228 0.1368 0.0543 100 380 
0.436 2 1 4 0 0.1000 0.1000 0.31 1.06 0.003 0.237 0.1368 0.0543 100 380 
0.437 2 1 4 0 0.1000 0.1000 0.31 0.65 -0.028 0.237 0.1368 0.0957 100 390 
0.438 2 1 4 0 0.1000 0.1000 0.30 0.65 -0.032 0.180 0.1368 0.0957 100 370 
0.439 2 1 4 0 0.1000 0.1000 0.30 0.65 -0.043 0.077 0.1356 0.0957 100 390 
0.440 2 1 4 0 0.1000 0.1000 0.30 0.65 -0.041 0.016 0.1356 0.0957 100 390 
0.441 2 1 4 0 0.1000 0.1000 0.29 0.15 -0.040 0.025 0.1356 0.1453 100 390 
0.442 2 1 4 0 0.1000 0.1000 0.28 0.14 -0.043 0.027 0.1356 0.1453 100 380 
0.443 2 1 4 0 0.1000 0.1000 0.39 0.14 -0.047 0.005 0.1243 0.1453 100 370 
0.444 2 1 4 0 0.1000 0.1000 0.58 0.13 -0.021 -0.033 0.1051 0.1453 100 390 
0.445 2 1 4 0 0.1000 0.1000 0.58 0.21 -0.024 -0.053 0.1051 0.1362 100 380 
0.446 2 1 4 0 0.1000 0.1000 0.58 0.23 -0.036 -0.071 0.1051 0.1335 100 390 
0.447 2 1 4 0 0.1000 0.1000 0.57 0.22 -0.003 -0.075 0.1051 0.1335 100 380 
0.448 2 1 4 0 0.1000 0.1000 0.57 0.22 0.007 -0.085 0.1051 0.1335 100 390 
0.449 2 1 4 0 0.1000 0.1000 0.57 0.21 -0.022 -0.082 0.1051 0.1335 100 380 
0.450 2 1 4 0 0.1000 0.1000 0.62 0.34 -0.041 -0.064 0.1001 0.1203 100 390 
0.451 2 1 4 0 0.1000 0.1000 0.77 0.33 -0.014 -0.033 0.0859 0.1203 100 380 
0.452 2 1 4 0 0.1000 0.1000 0.88 0.33 0.014 -0.039 0.0753 0.1203 100 390 
0.453 2 1 4 0 0.1000 0.1000 0.96 0.32 -0.049 -0.022 0.0670 0.1203 100 390 
0.454 2 1 4 0 0.1000 0.1000 1.04 0.32 0.121 -0.033 0.0604 0.1203 100 380 
0.455 2 1 4 0 0.1000 0.1000 1.10 0.37 0.049 -0.029 0.0549 0.1152 100 380 
0.456 2 1 4 0 0.1000 0.1000 1.16 0.52 0.148 -0.020 0.0504 0.1002 100 390 
0.457 2 1 4 0 0.1000 0.1000 1.21 0.52 0.185 0.011 0.0465 0.1002 100 390 
0.458 2 1 4 0 0.1000 0.1000 1.22 0.52 0.175 -0.006 0.0460 0.1002 100 390 
0.459 2 1 4 0 0.1000 0.1000 1.23 0.52 0.243 -0.024 0.0460 0.1002 100 380 
0.460 2 1 4 0 0.1000 0.1000 1.24 0.52 0.330 -0.012 0.0460 0.1002 100 380 
0.461 2 1 4 0 0.1000 0.1000 1.25 0.52 0.363 0.012 0.0460 0.1002 100 370 
0.462 2 1 4 0 0.1000 0.1000 1.26 0.53 0.270 0.037 0.0460 0.0992 100 380 
0.463 2 1 4 0 0.1000 0.1000 1.27 0.67 0.219 0.044 0.0460 0.0853 100 380 
0.464 2 1 4 0 0.1000 0.1000 1.29 0.78 0.182 0.062 0.0460 0.0748 100 390 
0.465 2 1 4 0 0.1000 0.1000 0.96 0.86 0.321 0.068 0.0794 0.0666 100 390 
0.466 2 1 4 0 0.1000 0.1000 0.96 0.93 0.235 0.100 0.0794 0.0608 100 380 
0.467 2 1 4 0 0.1000 0.1000 0.97 0.94 0.154 0.164 0.0794 0.0608 100 380 
0.468 2 1 4 0 0.1000 0.1000 0.97 0.94 0.140 0.192 0.0794 0.0608 100 380 
0.469 2 1 4 0 0.1000 0.1000 0.98 0.95 0.124 0.216 0.0794 0.0608 100 380 
0.470 2 1 4 0 0.1000 0.1000 0.45 0.96 0.136 0.247 0.1320 0.0608 100 390 
0.471 2 1 4 0 0.1000 0.1000 0.44 0.97 0.126 0.263 0.1320 0.0608 100 380 
0.472 2 1 4 0 0.1000 0.1000 0.44 0.97 0.029 0.258 0.1320 0.0608 100 380 
0.473 2 1 4 0 0.1000 0.1000 0.43 0.98 -0.002 0.263 0.1320 0.0608 100 380 
0.474 2 1 4 0 0.1000 0.1000 0.22 0.99 -0.046 0.232 0.1523 0.0608 100 400 
0.475 2 1 4 0 0.1000 0.1000 0.21 0.89 -0.084 0.218 0.1523 0.0721 100 390 
0.476 2 1 4 0 0.1000 0.1000 0.20 0.89 -0.063 0.225 0.1523 0.0721 100 380 
0.477 2 1 4 0 0.1000 0.1000 0.19 0.90 -0.090 0.225 0.1523 0.0721 100 370 
0.478 2 1 4 0 0.1000 0.1000 0.30 0.90 -0.110 0.193 0.1397 0.0721 100 390 
0.479 2 1 4 0 0.1000 0.1000 0.30 0.36 -0.100 0.209 0.1397 0.1262 100 390 
0.480 2 1 4 0 0.1000 0.1000 0.29 0.36 -0.058 0.139 0.1397 0.1262 100 370 
0.481 2 1 4 0 0.1000 0.1000 0.28 0.35 -0.073 0.068 0.1397 0.1262 100 370 
0.482 2 1 4 0 0.1000 0.1000 0.27 0.34 -0.081 0.005 0.1397 0.1262 100 380 
0.483 2 1 4 0 0.1000 0.1000 0.39 0.12 -0.077 -0.027 0.1272 0.1483 100 380 
0.484 2 1 4 0 0.1000 0.1000 0.39 0.11 -0.044 -0.059 0.1272 0.1483 100 380 
0.485 2 1 4 0 0.1000 0.1000 0.38 0.10 -0.067 -0.074 0.1272 0.1483 100 380 
0.486 2 1 4 0 0.1000 0.1000 0.37 0.09 -0.065 -0.074 0.1272 0.1483 100 390 
0.487 2 1 4 0 0.1000 0.1000 0.37 0.08 -0.062 -0.098 0.1272 0.1483 100 380 
0.488 2 1 4 0 0.1000 0.1000 0.49 0.24 -0.051 -0.086 0.1142 0.1309 100 390 
0.489 2 1 4 0 0.1000 0.1000 0.49 0.24 -0.058 -0.049 0.1142 0.1309 100 380 
0.490 2 1 4 0 0.1000 0.1000 0.49 0.23 -0.053 -0.061 0.1142 0.1309 100 370 
0.491 2 1 4 0 0.1000 0.1000 0.49 0.23 -0.002 -0.048 0.1142 0.1309 100 370 
0.492 2 1 4 0 0.1000 0.1000 0.48 0.22 -0.027 -0.052 0.1142 0.1309 100 390 
0.493 2 1 4 0 0.1000 0.1000 0.48 0.39 -0.046 -0.030 0.1142 0.1136 100 380 
0.494 2 1 4 0 0.1000 0.1000 0.62 0.46 -0.027 -0.011 0.1003 0.1065 100 390 
0.495 2 1 4 0 0.1000 0.1000 0.76 0.46 -0.002 -0.056 0.0861 0.1065 100 370 
0.496 2 1 4 0 0.1000 0.1000 0.83 0.45 0.051 -0.037 0.0792 0.1065 100 390 
0.497 2 1 4 0 0.1000 0.1000 0.84 0.45 0.106 -0.024 0.0792 0.1065 100 380 
0.498 2 1 4 0 0.1000 0.1000 0.84 0.45 0.091 -0.005 0.0792 0.1065 100 380 
0.499 2 1 4 0 0.1000 0.1000 0.85 0.45 0.117 0.016 0.0792 0.1065 100 370 
0.500 2 1 4 0 0.1000 0.1000 0.85 0.60 0.118 -0.000 0.0792 0.0910 100 390 
0.501 2 1 4 0 0.1000 0.1000 0.85 0.68 0.102 0.026 0.0792 0.0837 100 390 
0.502 2 1 4 0 0.1000 0.1000 0.86 0.69 0.206 0.024 0.0792 0.0837 100 380 
0.503 2 1 4 0 0.1000 0.1000 0.86 0.69 0.158 0.047 0.0792 0.0837 100 380 
0.504 2 1 4 0 0.1000 0.1000 0.95 0.69 0.102 0.019 0.0713 0.0837 100 390 
0.505 2 1 5 0 0.0500 0.0500 0.42 0.09 0.226 0.039 0.0638 0.0837 100 390 
0.506 2 1 5 0 0.0500 0.0500 0.48 0.08 0.132 0.046 0.0578 0.0837 100 380 
0.507 2 1 5 0 0.0500 0.0500 0.53 0.08 0.032 -0.007 0.0528 0.0837 100 380 
0.508 2 1 5 0 0.0500 0.0500 0.57 0.13 -0.013 -0.026 0.0485 0.0778 100 390 
0.509 2 1 5 0 0.0500 0.0500 0.58 0.21 -0.002 -0.029 0.0473 0.0690 100 380 
0.510 2 1 5 0 0.0500 0.0500 0.58 0.28 0.019 -0.001 0.0473 0.0620 100 380 
0.511 2 1 5 0 0.0500 0.0500 0.59 0.31 -0.035 -0.007 0.0473 0.0585 100 390 
0.512 2 1 5 0 0.0500 0.0500 0.59 0.31 0.019 -0.026 0.0473 0.0585 100 380 
0.513 2 1 5 0 0.0500 0.0500 0.59 0.31 0.008 -0.003 0.0473 0.0585 100 380 
0.514 2 1 5 0 0.0500 0.0500 0.59 0.31 0.003 -0.033 0.0473 0.0585 100 380 
0.515 2 1 5 0 0.0500 0.0500 0.59 0.30 -0.004 -0.002 0.0473 0.0585 100 370 
0.516 2 1 5 0 0.0500 0.0500 0.59 0.30 -0.007 0.008 0.0473 0.0585 100 370 
0.517 2 1 5 0 0.0500 0.0500 0.59 0.30 0.002 -0.007 0.0473 0.0585 100 370 
0.518 2 1 5 0 0.0500 0.0500 0.59 0.30 -0.013 -0.017 0.0473 0.0585 100 380 
0.519 2 1 5 0 0.0500 0.0500 0.59 0.30 -0.005 -0.010 0.0473 0.0585 100 380 
0.520 2 1 5 0 0.0500 0.0500 0.59 0.30 -0.007 0.014 0.0473 0.0585 100 390 
0.521 2 1 5 0 0.0500 0.0500 0.59 0.29 -0.003 0.007 0.0473 0.0585 100 380 
0.522 2 1 5 0 0.0500 0.0500 0.61 0.34 -0.003 0.037 0.0450 0.0539 100 380 
0.523 2 1 5 0 0.0500 0.0500 0.65 0.38 0.022 0.038 0.0419 0.0495 100 380 
0.524 2 1 5 0 0.0500 0.0500 0.68 0.42 0.015 0.016 0.0392 0.0458 100 370 
0.525 2 1 5 0 0.0500 0.0500 0.70 0.45 0.043 0.026 0.0368 0.0426 100 370 
0.526 2 1 5 0 0.0500 0.0500 0.73 0.48 0.018 0.042 0.0347 0.0398 100 380 
0.527 2 1 5 0 0.0500 0.0500 1.40 0.51 0.052 -0.011 -0.0318 0.0374 100 390 
0.528 2 1 5 0 0.0500 0.0500 1.42 0.53 0.182 0.001 -0.0318 0.0352 100 390 
0.529 2 1 5 0 0.0500 0.0500 1.44 0.56 0.265 0.053 -0.0318 0.0333 100 380 
0.530 2 1 5 0 0.0500 0.0500 1.45 0.58 0.293 0.019 -0.0318 0.0316 100 380 
0.531 2 1 5 0 0.0500 0.0500 1.47 0.60 0.341 0.016 -0.0318 0.0300 100 380 
0.532 2 1 5 0 0.0500 0.0500 1.48 0.61 0.324 0.022 -0.0318 0.0286 100 380 
0.533 2 1 5 0 0.0500 0.0500 1.50 0.63 0.384 0.039 -0.0318 0.0273 100 380 
0.534 2 1 5 0 0.0500 0.0500 0.33 0.65 0.392 0.037 0.0862 0.0261 100 380 
0.535 2 1 5 0 0.0500 0.0500 0.32 0.66 0.271 0.017 0.0862 0.0251 100 380 
0.536 2 1 5 0 0.0500 0.0500 0.31 0.68 0.128 -0.002 0.0862 0.0241 100 390 
0.537 2 1 5 0 0.0500 0.0500 0.30 0.69 0.046 -0.001 0.0862 0.0232 100 380 
0.538 2 1 5 0 0.0500 0.0500 0.30 0.71 0.046 0.065 0.0862 0.0223 100 380 
0.539 2 1 5 0 0.0500 0.0500 0.29 0.72 0.024 0.066 0.0862 0.0215 100 380 
0.540 2 1 5 0 0.0500 0.0500 0.28 0.73 0.008 0.077 0.0862 0.0208 100 370 
0.541 2 1 5 0 0.0500 0.0500 0.27 0.75 -0.008 0.087 0.0862 0.0201 100 380 
0.542 2 1 5 0 0.0500 0.0500 0.37 0.76 -0.026 0.127 0.0756 0.0195 100 380 
0.543 2 1 5 0 0.0500 0.0500 0.45 0.77 -0.027 0.096 0.0672 0.0189 100 370 
0.544 2 1 5 0 0.0500 0.0500 0.52 0.78 -0.019 0.141 0.0605 0.0183 100 390 
0.545 2 1 5 0 0.0500 0.0500 0.57 0.80 0.027 0.142 0.0551 0.0178 100 380 
0.546 2 1 5 0 0.0500 0.0500 0.61 0.81 0.039 0.144 0.0505 0.0172 100 380 
0.547 2 1 5 0 0.0500 0.0500 0.65 0.82 0.012 0.127 0.0466 0.0168 100 380 
0.548 2 1 5 0 0.0500 0.0500 0.69 0.83 0.007 0.151 0.0433 0.0163 100 380 
0.549 2 1 5 0 0.0500 0.0500 0.72 0.84 0.002 0.089 0.0404 0.0159 100 370 
0.550 2 1 5 0 0.0500 0.0500 0.75 0.85 0.010 0.119 0.0379 0.0155 100 370 
0.551 2 1 5 0 0.0500 0.0500 0.77 0.86 0.039 0.073 0.0357 0.0151 100 370 
0.552 2 1 5 0 0.0500 0.0500 0.79 0.87 0.060 0.141 0.0337 0.0147 100 380 
0.553 2 1 5 0 0.0500 0.0500 0.81 0.88 0.090 0.124 0.0319 0.0144 100 380 
0.554 2 1 5 0 0.0500 0.0500 0.83 0.89 0.135 0.192 0.0304 0.0141 100 380 
0.555 2 1 5 0 0.0500 0.0500 0.85 0.91 0.161 0.221 0.0289 0.0137 100 380 
0.556 2 1 5 0 0.0500 0.0500 0.87 0.92 0.167 0.224 0.0276 0.0134 100 370 
0.557 2 1 5 0 0.0500 0.0500 0.89 0.93 0.160 0.203 0.0264 0.0131 100 380 
0.558 2 1 5 0 0.0500 0.0500 0.90 0.94 0.225 0.168 0.0253 0.0129 100 370 
0.559 2 1 5 0 0.0500 0.0500 0.92 0.95 0.170 0.201 0.0243 0.0126 100 390 
0.560 2 1 5 0 0.0500 0.0500 0.93 0.95 0.147 0.166 0.0234 0.0126 100 380 
0.561 2 1 5 0 0.0500 0.0500 0.95 0.96 0.160 0.180 0.0225 0.0126 100 380 
0.562 2 1 5 0 0.0500 0.0500 0.96 0.97 0.182 0.244 0.0217 0.0126 100 380 
0.563 2 1 5 0 0.0500 0.0500 0.97 0.98 0.193 0.252 0.0209 0.0126 100 380 
0.564 2 1 5 0 0.0500 0.0500 0.99 0.98 0.159 0.245 0.0202 0.0126 100 380 
0.565 2 1 5 0 0.0500 0.0500 1.00 0.99 0.167 0.239 0.0193 0.0126 100 380 
0.566 2 1 5 0 0.0500 0.0500 1.01 0.29 0.178 0.254 0.0193 0.0823 100 390 
0.567 2 1 5 0 0.0500 0.0500 1.01 0.29 0.192 0.265 0.0193 0.0823 100 370 
0.568 2 1 5 0 0.0500 0.0500 1.02 0.28 0.174 0.103 0.0193 0.0823 100 390 
0.569 2 1 5 0 0.0500 0.0500 1.03 0.27 0.193 0.023 0.0193 0.0823 100 370 
0.570 2 1 5 0 0.0500 0.0500 1.03 0.27 0.199 -0.014 0.0193 0.0823 100 380 
0.571 2 1 5 0 0.0500 0.0500 1.04 0.26 0.197 -0.022 0.0193 0.0823 100 370 
0.572 2 1 5 0 0.0500 0.0500 1.04 0.26 0.159 -0.052 0.0193 0.0823 100 390 
0.573 2 1 5 0 0.0500 0.0500 1.05 0.12 0.179 -0.022 0.0193 0.0953 100 390 
0.574 2 1 5 0 0.0500 0.0500 0.55 0.11 0.187 -0.033 0.0700 0.0953 100 390 
0.575 2 1 5 0 0.0500 0.0500 0.54 0.10 0.117 -0.045 0.0700 0.0953 100 370 
0.576 2 1 5 0 0.0500 0.0500 0.54 0.09 0.051 -0.033 0.0700 0.0953 100 390 
0.577 2 1 5 0 0.0500 0.0500 0.53 0.08 -0.015 -0.050 0.0700 0.0953 100 380 
0.578 2 1 5 0 0.0500 0.0500 0.53 0.07 -0.027 -0.010 0.0700 0.0953 100 370 
0.579 2 1 5 0 0.0500 0.0500 0.18 0.15 -0.042 -0.006 0.1046 0.0869 100 390 
0.580 2 1 5 0 0.0500 0.0500 0.17 0.25 -0.062 -0.017 0.1046 0.0761 100 380 
0.581 2 1 5 0 0.0500 0.0500 0.15 0.33 -0.065 0.019 0.1046 0.0677 100 380 
0.582 2 1 5 0 0.0500 0.0500 0.14 0.39 -0.068 0.009 0.1046 0.0609 100 380 
0.583 2 1 5 0 0.0500 0.0500 0.13 0.45 -0.075 -0.010 0.1046 0.0553 100 380 
0.584 2 1 5 0 0.0500 0.0500 0.12 0.49 -0.039 0.009 0.1046 0.0507 100 390 
0.585 2 1 5 0 0.0500 0.0500 0.16 0.53 -0.058 0.005 0.1000 0.0468 100 380 
0.586 2 1 5 0 0.0500 0.0500 0.22 0.57 -0.041 -0.007 0.0928 0.0435 100 390 
0.587 2 1 5 0 0.0500 0.0500 0.21 0.60 -0.051 0.011 0.0928 0.0406 100 370 
0.588 2 1 5 0 0.0500 0.0500 0.20 0.62 -0.070 -0.007 0.0928 0.0380 100 380 
0.589 2 1 5 0 0.0500 0.0500 0.19 0.65 -0.045 0.012 0.0928 0.0358 100 380 
0.590 2 1 5 0 0.0500 0.0500 0.18 0.67 -0.050 0.046 0.0928 0.0338 100 380 
0.591 2 1 5 0 0.0500 0.0500 0.18 0.69 -0.085 0.054 0.0928 0.0320 100 370 
0.592 2 1 5 0 0.0500 0.0500 0.17 0.71 -0.049 0.141 0.0928 0.0304 100 370 
0.593 2 1 5 0 0.0500 0.0500 0.29 0.73 0.009 0.109 0.0797 0.0290 100 390 
0.594 2 1 5 0 0.0500 0.0500 0.29 0.75 -0.041 0.172 0.0797 0.0277 100 380 
0.595 2 1 5 0 0.0500 0.0500 0.28 0.77 -0.037 0.228 0.0797 0.0265 100 380 
0.596 2 1 5 0 0.0500 0.0500 0.27 0.78 -0.040 0.178 0.0797 0.0254 100 390 
0.597 2 1 5 0 0.0500 0.0500 0.27 0.80 -0.018 0.163 0.0797 0.0243 100 380 
0.598 2 1 5 0 0.0500 0.0500 0.26 0.81 -0.024 0.120 0.0797 0.0234 100 380 
0.599 2 1 5 0 0.0500 0.0500 0.26 0.83 -0.039 0.129 0.0797 0.0225 100 380 
0.600 2 1 5 0 0.0500 0.0500 0.25 0.83 -0.050 0.027 0.0797 0.0230 100 390 
0.601 2 1 5 0 0.0500 0.0500 0.29 0.83 -0.010 0.029 0.0751 0.0230 100 380 
0.602 2 1 5 0 0.0500 0.0500 0.37 0.84 -0.013 0.107 0.0669 0.0230 100 360 
0.603 2 1 5 0 0.0500 0.0500 0.43 0.84 0.033 0.121 0.0603 0.0230 100 370 
0.604 2 1 5 0 0.0500 0.0500 0.47 0.85 0.005 0.210 0.0566 0.0230 100 390 
0.605 2 1 5 0 0.0500 0.0500 0.47 0.85 -0.018 0.276 0.0566 0.0230 100 380 
0.606 2 1 6 0 0.0000 0.0000 -0.14 0.26 0.003 0.265 0.0566 0.0230 100 350 
0.607 2 1 6 0 0.0000 0.0000 -0.15 0.25 -0.055 0.183 0.0566 0.0230 100 340 
0.608 2 1 6 0 0.0000 0.0000 -0.16 -0.24 -0.024 0.073 0.0566 0.0712 100 360 
0.609 2 1 6 0 0.0000 0.0000 -0.17 -0.25 -0.005 0.009 0.0566 0.0712 100 350 
0.610 2 1 6 0 0.0000 0.0000 -0.18 -0.27 -0.008 -0.042 0.0566 0.0712 100 340 
0.611 2 1 6 0 0.0000 0.0000 -0.20 -0.28 -0.001 -0.065 0.0566 0.0712 100 340 
0.612 2 1 6 0 0.0000 0.0000 -0.21 -0.30 -0.015 -0.009 0.0566 0.0712 100 350 
0.613 2 1 6 0 0.0000 0.0000 -0.22 -0.31 -0.010 -0.048 0.0566 0.0712 100 350 
0.614 2 1 6 0 0.0000 0.0000 -0.23 -0.33 0.014 -0.034 0.0566 0.0712 100 350 
0.615 2 1 6 0 0.0000 0.0000 -0.21 -0.34 0.020 -0.063 0.0536 0.0712 100 340 
0.616 2 1 6 0 0.0000 0.0000 -0.18 -0.43 0.025 -0.061 0.0493 0.0786 100 360 
0.617 2 1 6 0 0.0000 0.0000 -0.15 -0.45 -0.020 -0.010 0.0456 0.0786 100 340 
0.618 2 1 6 0 0.0000 0.0000 -0.13 -0.46 -0.029 -0.033 0.0424 0.0786 100 340 
0.619 2 1 6 0 0.0000 0.0000 -0.11 -0.48 0.025 0.001 0.0396 0.0786 100 350 
0.620 2 1 6 0 0.0000 0.0000 -0.09 -0.49 0.010 -0.003 0.0372 0.0786 100 340 
0.621 2 1 6 0 0.0000 0.0000 -0.08 -0.51 0.022 0.016 0.0351 0.0786 100 350 
0.622 2 1 6 0 0.0000 0.0000 -0.07 -0.52 -0.003 -0.001 0.0331 0.0786 100 350 
0.623 2 1 6 0 0.0000 0.0000 -0.05 -0.54 0.005 -0.031 0.0314 0.0786 100 340 
0.624 2 1 6 0 0.0000 0.0000 -0.04 -0.50 -0.024 0.022 0.0299 0.0733 100 350 
0.625 2 1 6 0 0.0000 0.0000 -0.04 -0.44 -0.001 0.004 0.0285 0.0654 100 340 
0.626 2 1 6 0 0.0000 0.0000 -0.03 -0.39 0.012 -0.024 0.0272 0.0591 100 340 
0.627 2 1 6 0 0.0000 0.0000 -0.02 -0.34 -0.013 -0.020 0.0261 0.0539 100 350 
0.628 2 1 6 0 0.0000 0.0000 -0.02 -0.31 -0.016 0.002 0.0250 0.0495 100 350 
0.629 2 1 6 0 0.0000 0.0000 -0.01 -0.28 -0.019 0.005 0.0240 0.0458 100 350 
0.630 2 1 6 0 0.0000 0.0000 -0.01 -0.26 0.022 -0.010 0.0231 0.0426 100 340 
0.631 2 1 6 0 0.0000 0.0000 -0.01 -0.24 0.005 -0.000 0.0222 0.0398 100 350 
0.632 2 1 6 0 0.0000 0.0000 -0.00 -0.22 0.020 0.016 0.0215 0.0373 100 350 
0.633 2 1 6 0 0.0000 0.0000 0.00 -0.21 0.049 0.001 0.0207 0.0352 100 340 
0.634 2 1 6 0 0.0000 0.0000 0.41 -0.20 0.028 -0.018 -0.0207 0.0333 100 360 
0.635 2 1 6 0 0.0000 0.0000 0.42 -0.19 0.033 0.029 -0.0207 0.0315 100 350 
0.636 2 1 6 0 0.0000 0.0000 0.42 -0.18 0.018 -0.013 -0.0207 0.0300 100 350 
0.637 2 1 6 0 0.0000 0.0000 0.43 -0.17 -0.014 0.006 -0.0207 0.0286 100 350 
0.638 2 1 6 0 0.0000 0.0000 0.43 -0.16 -0.008 0.005 -0.0207 0.0273 100 340 
0.639 2 1 6 0 0.0000 0.0000 0.44 -0.15 -0.020 -0.054 -0.0207 0.0261 100 350 
0.640 2 1 6 0 0.0000 0.0000 0.44 -0.15 -0.029 -0.021 -0.0207 0.0251 100 350 
0.641 2 1 6 0 0.0000 0.0000 0.44 -0.14 -0.002 0.005 -0.0207 0.0241 100 350 
0.642 2 1 6 0 0.0000 0.0000 0.45 -0.14 -0.014 0.006 -0.0207 0.0231 100 350 
0.643 2 1 6 0 0.0000 0.0000 0.45 -0.14 0.023 0.019 -0.0207 0.0223 100 340 
0.644 2 1 6 0 0.0000 0.0000 0.46 -0.13 -0.008 0.037 -0.0207 0.0215 100 350 
0.645 2 1 6 0 0.0000 0.0000 0.46 -0.13 0.034 0.013 -0.0207 0.0208 100 350 
0.646 2 1 6 0 0.0000 0.0000 0.47 -0.13 0.036 -0.003 -0.0207 0.0201 100 340 
0.647 2 1 6 0 0.0000 0.0000 0.47 -0.12 0.042 0.007 -0.0207 0.0194 100 350 
0.648 2 1 6 0 0.0000 0.0000 0.47 -0.12 0.027 0.001 -0.0207 0.0188 100 350 
0.649 2 1 6 0 0.0000 0.0000 0.48 -0.12 0.010 0.003 -0.0207 0.0183 100 350 
0.650 2 1 6 0 0.0000 0.0000 0.48 -0.12 -0.012 0.013 -0.0207 0.0177 100 330 
0.651 2 1 6 0 0.0000 0.0000 0.49 -0.12 0.002 -0.004 -0.0207 0.0172 100 350 
0.652 2 1 6 0 0.0000 0.0000 0.49 -0.12 0.017 0.021 -0.0207 0.0168 100 340 
0.653 2 1 6 0 0.0000 0.0000 0.49 -0.11 -0.003 0.011 -0.0207 0.0163 100 350 
0.654 2 1 6 0 0.0000 0.0000 0.50 -0.11 -0.019 -0.010 -0.0207 0.0159 100 340 
0.655 2 1 6 0 0.0000 0.0000 0.50 -0.11 -0.020 0.012 -0.0207 0.0155 100 350 
0.656 2 1 6 0 0.0000 0.0000 0.51 -0.11 -0.012 -0.007 -0.0207 0.0151 100 350 
0.657 2 1 6 0 0.0000 0.0000 0.51 -0.11 0.006 -0.051 -0.0207 0.0147 100 350 
0.658 2 1 6 0 0.0000 0.0000 0.52 -0.11 -0.016 -0.012 -0.0207 0.0144 100 350 
0.659 2 1 6 0 0.0000 0.0000 0.52 -0.11 -0.031 -0.000 -0.0207 0.0141 100 350 
0.660 2 1 6 0 0.0000 0.0000 0.52 -0.11 -0.025 -0.022 -0.0207 0.0137 100 350 
0.661 2 1 6 0 0.0000 0.0000 0.53 -0.11 0.014 0.017 -0.0207 0.0134 100 350 
0.662 2 1 6 0 0.0000 0.0000 0.53 -0.11 0.039 0.017 -0.0207 0.0131 100 350 
0.663 2 1 6 0 0.0000 0.0000 0.54 -0.11 0.018 -0.013 -0.0207 0.0129 100 350 
0.664 2 1 6 0 0.0000 0.0000 0.53 -0.11 0.009 -0.006 -0.0200 0.0126 100 350 
0.665 2 1 6 0 0.0000 0.0000 0.53 -0.11 0.021 -0.018 -0.0194 0.0123 100 350 
0.666 2 1 6 0 0.0000 0.0000 0.53 -0.11 0.014 -0.024 -0.0188 0.0121 100 350 
0.667 2 1 6 0 0.0000 0.0000 0.53 -0.11 -0.006 -0.020 -0.0182 0.0119 100 340 
0.668 2 1 6 0 0.0000 0.0000 0.52 -0.11 0.016 -0.032 -0.0177 0.0116 100 350 
0.669 2 1 6 0 0.0000 0.0000 0.52 -0.11 -0.016 -0.000 -0.0172 0.0114 100 350 
0.670 2 1 6 0 0.0000 0.0000 0.52 -0.11 -0.005 0.032 -0.0167 0.0112 100 350 
0.671 2 1 6 0 0.0000 0.0000 0.52 -0.11 -0.014 0.011 -0.0163 0.0110 100 350 
0.672 2 1 6 0 0.0000 0.0000 0.52 -0.11 -0.031 -0.014 -0.0158 0.0108 100 350 
0.673 2 1 6 0 0.0000 0.0000 0.52 -0.11 0.015 0.017 -0.0154 0.0106 100 340 
0.674 2 1 6 0 0.0000 0.0000 0.52 -0.11 0.022 -0.026 -0.0151 0.0104 100 350 
0.675 2 1 6 0 0.0000 0.0000 0.52 -0.11 0.021 -0.005 -0.0147 0.0103 100 340 
0.676 2 1 6 0 0.0000 0.0000 0.52 -0.11 0.021 0.012 -0.0144 0.0101 100 350 
0.677 2 1 6 0 0.0000 0.0000 0.52 -0.11 0.001 -0.003 -0.0140 0.0099 100 350 
0.678 2 1 6 0 0.0000 0.0000 0.52 -0.11 -0.009 0.004 -0.0137 0.0098 100 350 
0.679 2 1 6 0 0.0000 0.0000 0.52 -0.11 0.000 -0.003 -0.0134 0.0096 100 350 
0.680 2 1 6 0 0.0000 0.0000 0.52 -0.11 -0.017 -0.004 -0.0131 0.0095 100 350 
0.681 2 1 6 0 0.0000 0.0000 0.52 -0.11 0.022 -0.012 -0.0128 0.0093 100 350 
0.682 2 1 6 0 0.0000 0.0000 0.52 -0.11 -0.004 -0.045 -0.0126 0.0092 100 340 
0.683 2 1 6 0 0.0000 0.0000 0.52 -0.11 0.007 -0.015 -0.0123 0.0090 100 350 
0.684 2 1 6 0 0.0000 0.0000 0.52 -0.11 -0.006 0.001 -0.0121 0.0089 100 340 
0.685 2 1 6 0 0.0000 0.0000 0.52 -0.11 -0.008 0.017 -0.0118 0.0088 100 340 
0.686 2 1 6 0 0.0000 0.0000 0.52 -0.12 -0.001 0.017 -0.0116 0.0087 100 350 
0.687 2 1 6 0 0.0000 0.0000 0.52 -0.12 -0.002 0.011 -0.0114 0.0085 100 340 
0.688 2 1 6 0 0.0000 0.0000 0.52 -0.12 0.006 -0.011 -0.0112 0.0084 100 350 
0.689 2 1 6 0 0.0000 0.0000 0.52 -0.12 -0.026 -0.009 -0.0110 0.0083 100 340 
0.690 2 1 6 0 0.0000 0.0000 0.52 -0.12 -0.020 0.017 -0.0108 0.0082 100 350 
0.691 2 1 6 0 0.0000 0.0000 0.52 -0.12 0.008 0.012 -0.0106 0.0081 100 350 
0.692 2 1 6 0 0.0000 0.0000 0.52 -0.12 -0.008 0.012 -0.0104 0.0080 100 340 
0.693 2 1 6 0 0.0000 0.0000 0.52 -0.12 -0.046 -0.026 -0.0102 0.0079 100 340 
0.694 2 1 6 0 0.0000 0.0000 0.52 -0.12 -0.005 -0.006 -0.0101 0.0078 100 350 
0.695 2 1 6 0 0.0000 0.0000 0.52 -0.12 0.011 0.032 -0.0099 0.0077 100 350 
0.696 2 1 6 0 0.0000 0.0000 0.52 -0.12 0.010 0.031 -0.0098 0.0076 100 350 
0.697 2 1 6 0 0.0000 0.0000 0.52 -0.12 0.015 0.018 -0.0096 0.0075 100 340 
0.698 2 1 6 0 0.0000 0.0000 0.52 -0.12 -0.022 0.009 -0.0094 0.0074 100 350 
0.699 2 1 6 0 0.0000 0.0000 0.52 -0.12 0.007 -0.000 -0.0093 0.0073 100 350 
0.700 2 1 6 0 0.0000 0.0000 0.52 -0.12 0.028 -0.007 -0.0092 0.0072 100 350 
0.701 2 1 6 0 0.0000 0.0000 0.52 -0.12 0.016 0.011 -0.0090 0.0071 100 350 
0.702 2 1 6 0 0.0000 0.0000 0.52 -0.12 -0.008 0.019 -0.0089 0.0071 100 350 
0.703 2 1 6 0 0.0000 0.0000 0.52 -0.12 0.013 0.022 -0.0088 0.0070 100 350 
0.704 2 1 6 0 0.0000 0.0000 0.52 -0.12 0.024 -0.006 -0.0086 0.0069 100 350 
0.705 2 1 6 0 0.0000 0.0000 0.52 -0.12 -0.017 0.016 -0.0085 0.0068 100 350 
0.706 2 1 6 0 0.0000 0.0000 0.52 -0.13 -0.025 0.017 -0.0084 0.0067 100 350 
0.707 2 1 6 0 0.0000 0.0000 0.52 -0.13 0.010 -0.007 -0.0083 0.0067 100 350 
0.708 2 1 6 0 0.0000 0.0000 0.52 -0.13 -0.021 -0.039 -0.0082 0.0066 100 350 
0.709 2 1 6 0 0.0000 0.0000 0.52 -0.13 0.018 0.021 -0.0081 0.0065 100 350 
0.710 2 1 6 0 0.0000 0.0000 0.52 -0.13 -0.008 0.020 -0.0080 0.0065 100 350 
0.711 2 1 6 0 0.0000 0.0000 0.53 -0.13 0.017 0.033 -0.0079 0.0064 100 350 
0.712 2 1 6 0 0.0000 0.0000 0.53 -0.13 0.007 0.014 -0.0078 0.0063 100 350 
0.713 2 1 6 0 0.0000 0.0000 0.53 -0.13 -0.001 0.024 -0.0077 0.0063 100 340 
0.714 2 1 6 0 0.0000 0.0000 0.53 -0.13 0.005 0.001 -0.0076 0.0062 100 350 
0.715 2 1 6 0 0.0000 0.0000 0.53 -0.13 -0.003 0.005 -0.0075 0.0061 100 350 
0.716 2 1 6 0 0.0000 0.0000 0.53 -0.13 0.033 -0.001 -0.0074 0.0061 100 350 
0.717 2 1 6 0 0.0000 0.0000 0.53 -0.13 0.024 -0.018 -0.0073 0.0060 100 350 
0.718 2 1 6 0 0.0000 0.0000 0.53 -0.13 -0.016 0.020 -0.0072 0.0059 100 340 
0.719 2 1 6 0 0.0000 0.0000 0.53 -0.13 -0.033 -0.003 -0.0071 0.0059 100 350 
0.720 2 1 6 0 0.0000 0.0000 0.53 -0.13 0.008 -0.011 -0.0070 0.0058 100 340 
0.721 2 1 6 0 0.0000 0.0000 0.53 -0.14 0.010 -0.008 -0.0070 0.0058 100 350 
0.722 2 1 6 0 0.0000 0.0000 0.53 -0.14 -0.020 -0.006 -0.0069 0.0057 100 350 
0.723 2 1 6 0 0.0000 0.0000 0.53 -0.14 0.004 0.005 -0.0068 0.0057 100 350 
0.724 2 1 6 0 0.0000 0.0000 0.53 -0.14 -0.001 -0.006 -0.0067 0.0056 100 350 
0.725 2 1 6 0 0.0000 0.0000 0.53 -0.14 -0.004 -0.014 -0.0067 0.0056 100 350 
0.726 2 1 6 0 0.0000 0.0000 0.53 -0.14 -0.004 0.001 -0.0066 0.0055 100 340 
0.727 2 1 6 0 0.0000 0.0000 0.53 -0.14 -0.016 0.004 -0.0065 0.0055 100 340 
0.728 2 1 6 0 0.0000 0.0000 0.54 -0.14 0.007 0.001 -0.0064 0.0054 100 350 
0.729 2 1 6 0 0.0000 0.0000 0.54 -0.14 0.020 0.001 -0.0064 0.0054 100 350 
0.730 2 1 6 0 0.0000 0.0000 0.54 -0.14 0.024 0.024 -0.0063 0.0053 100 340 
0.731 2 1 6 0 0.0000 0.0000 0.54 -0.14 -0.005 0.009 -0.0062 0.0053 100 340 
0.732 2 1 6 0 0.0000 0.0000 0.54 -0.14 0.012 -0.007 -0.0062 0.0052 100 350 
0.733 2 1 6 0 0.0000 0.0000 0.54 -0.14 -0.008 0.020 -0.0061 0.0052 100 350 
0.734 2 1 6 0 0.0000 0.0000 0.54 -0.14 -0.067 -0.010 -0.0061 0.0051 100 340 
0.735 2 1 6 0 0.0000 0.0000 0.54 -0.14 -0.006 -0.030 -0.0060 0.0051 100 340 
0.736 2 1 6 0 0.0000 0.0000 0.54 -0.14 0.012 0.001 -0.0059 0.0051 100 350 
0.737 2 1 6 0 0.0000 0.0000 0.54 -0.14 -0.003 0.015 -0.0059 0.0050 100 340 
0.738 2 1 6 0 0.0000 0.0000 0.54 -0.14 0.014 0.013 -0.0058 0.0050 100 350 
0.739 2 1 6 0 0.0000 0.0000 0.54 -0.15 0.023 0.012 -0.0058 0.0049 100 350 
0.740 2 1 6 0 0.0000 0.0000 0.54 -0.15 0.025 -0.014 -0.0057 0.0049 100 350 
0.741 2 1 6 0 0.0000 0.0000 0.54 -0.15 -0.004 -0.055 -0.0057 0.0049 100 350 
0.742 2 1 6 0 0.0000 0.0000 0.54 -0.15 -0.003 -0.014 -0.0056 0.0048 100 350 
0.743 2 1 6 0 0.0000 0.0000 0.54 -0.15 -0.001 -0.007 -0.0056 0.0048 100 350 
0.744 2 1 6 0 0.0000 0.0000 0.55 -0.15 0.018 -0.002 -0.0055 0.0047 100 340 
0.745 2 1 6 0 0.0000 0.0000 0.55 -0.15 0.028 0.006 -0.0055 0.0047 100 350 
0.746 2 1 6 0 0.0000 0.0000 0.55 -0.15 -0.005 0.014 -0.0054 0.0047 100 350 
0.747 2 1 6 0 0.0000 0.0000 0.55 -0.15 -0.012 0.021 -0.0054 0.0046 100 350 
0.748 2 1 6 0 0.0000 0.0000 0.55 -0.15 0.008 0.027 -0.0053 0.0046 100 350 
