%% logfile from robot Alma (11)
% Alma (11)
%  1    time 0.001 sec
%  2  3  4  5   (mission 0), state 2, entered (thread 1, line 0), events 0x0 (bit-flags)
%  6  7 Motor velocity ref left, right: 0.0209 0.0209
%  8  9 10 11 Pose x,y,h,tilt [m,m,rad,rad]: 0 0 0 0.00618061
% 12 .. 33 Edge sensor: left 0.000000 0, right 0.000000 0, values 1668 2172 2316 2383 2464 2439 2259 1686, 
%    white 1, used 1, LEDhigh=1, xingVal=0.00 xlcnt=0 lvcnt=0,LineVal=1.00, lineLow=0, lineHi=0, edgeAngle=0.
% whitelevel=[2535 3152 3268 3333 3360 3332 3209 2504];
% blacklevel=[720 962 1047 1112 1138 1116 1015 748];
% 34    Battery voltage [V]: 11.34
0.001 2 1 0 0 0.0209 0.0209 0.0000 0.0000 0.000000 0.006181 0.0000 0 0.0000 0  1668 2172 2316 2383 2464 2439 2259 1686  1 1 1 0.00 0 0 1.00 0 0 0 11.34 
0.003 2 1 0 0 0.0218 0.0218 0.0000 0.0000 0.000000 0.006300 0.0000 0 0.0000 0  1664 2170 2317 2381 2463 2439 2260 1685  1 1 1 0.00 0 0 1.00 0 0 0 11.33 
0.005 2 1 0 0 0.0236 0.0236 0.0000 0.0000 0.000000 0.006423 0.0000 0 0.0000 0  1659 2169 2310 2381 2464 2434 2259 1689  1 1 1 0.00 0 0 1.00 0 0 0 11.33 
0.007 2 1 0 0 0.0243 0.0243 0.0000 0.0000 0.000000 0.006557 0.0000 0 0.0000 0  1670 2174 2320 2387 2471 2441 2261 1685  1 1 1 0.00 0 0 1.00 0 0 0 11.33 
0.009 2 1 0 0 0.0259 0.0259 0.0000 0.0000 0.000000 0.006703 0.0000 0 0.0000 0  1657 2176 2315 2388 2468 2422 2262 1686  1 1 1 0.00 0 0 1.00 0 0 0 11.33 
0.011 2 1 0 0 0.0270 0.0270 0.0000 0.0000 0.000000 0.006852 0.0000 0 0.0000 0  1660 2175 2314 2388 2467 2437 2268 1690  1 1 1 0.00 0 0 1.00 0 0 0 11.33 
0.013 2 1 0 0 0.0283 0.0283 0.0000 0.0000 0.000000 0.007005 0.0000 0 0.0000 0  1667 2182 2316 2387 2466 2440 2263 1690  1 1 1 0.00 0 0 1.00 0 0 0 11.33 
0.015 2 1 0 0 0.0296 0.0296 0.0000 0.0000 0.000000 0.007165 0.0000 0 0.0000 0  1666 2183 2314 2387 2465 2443 2261 1695  1 1 1 0.00 0 0 1.00 0 0 0 11.33 
0.017 2 1 0 0 0.0308 0.0308 0.0000 0.0000 0.000000 0.007336 0.0000 0 0.0000 0  1673 2173 2316 2383 2473 2446 2253 1690  1 1 1 0.00 0 0 1.00 0 0 0 11.33 
0.019 2 1 0 0 0.0320 0.0320 0.0000 0.0000 0.000000 0.007513 0.0000 0 0.0000 0  1673 2175 2320 2385 2472 2446 2263 1691  1 1 1 0.00 0 0 1.00 0 0 0 11.33 
0.021 2 1 0 0 0.0332 0.0332 0.0000 0.0000 0.000000 0.007687 0.0000 0 0.0000 0  1652 2178 2318 2392 2475 2434 2264 1690  1 1 1 0.00 0 0 1.00 0 0 0 11.33 
0.023 2 1 0 0 0.0340 0.0340 0.0000 0.0000 0.000000 0.007861 0.0000 0 0.0000 0  1651 2178 2318 2390 2473 2437 2264 1695  1 1 1 0.00 0 0 1.00 0 0 0 11.32 
0.025 2 1 0 0 0.0343 0.0343 0.0000 0.0000 0.000000 0.008029 0.0000 0 0.0000 0  1653 2181 2321 2375 2477 2447 2261 1693  1 1 1 0.00 0 0 1.00 0 0 0 11.33 
0.027 2 1 0 0 0.0347 0.0347 0.0000 0.0000 0.000000 0.008184 0.0000 0 0.0000 0  1671 2167 2313 2392 2478 2452 2274 1696  1 1 1 0.00 0 0 1.00 0 0 0 11.32 
0.029 2 1 0 0 0.0343 0.0343 0.0000 0.0000 0.000000 0.008331 0.0000 0 0.0000 0  1628 2190 2337 2413 2495 2459 2278 1699  1 1 1 0.00 0 0 1.00 0 0 0 11.33 
0.031 2 1 0 0 0.0525 0.0158 0.0002 0.0000 0.002591 0.008458 0.0000 0 0.0000 0  1663 2179 2318 2392 2476 2444 2272 1695  1 1 1 0.00 0 0 1.00 0 0 0 11.33 
0.033 2 1 0 0 0.0511 0.0171 0.0002 0.0000 0.002591 0.008573 0.0000 0 0.0000 0  1664 2183 2314 2396 2476 2448 2268 1696  1 1 1 0.00 0 0 1.00 0 0 0 11.33 
0.035 2 1 0 0 0.0501 0.0185 0.0002 0.0000 0.002591 0.008682 0.0000 0 0.0000 0  1670 2174 2323 2390 2480 2447 2268 1700  1 1 1 0.00 0 0 1.00 0 0 0 11.33 
0.037 2 1 0 0 0.0515 0.0221 0.0002 0.0000 0.002591 0.008805 0.0000 0 0.0000 0  1660 2193 2327 2387 2478 2452 2274 1693  1 1 1 0.00 0 0 1.00 0 0 0 11.33 
0.039 2 1 0 0 0.0532 0.0259 0.0002 0.0000 0.002591 0.008977 0.0000 0 0.0000 0  1661 2195 2324 2400 2484 2448 2272 1696  1 1 1 0.00 0 0 1.00 0 0 0 11.33 
0.041 2 1 0 0 0.0550 0.0295 0.0002 0.0000 0.002591 0.009131 0.0000 0 0.0000 0  1667 2194 2327 2401 2479 2452 2277 1696  1 1 1 0.00 0 0 1.00 0 0 0 11.33 
0.043 2 1 0 0 0.0544 0.0304 0.0002 0.0000 0.002591 0.009250 0.0000 0 0.0000 0  1686 2192 2326 2417 2484 2453 2271 1700  1 1 1 0.00 0 0 1.00 0 0 0 11.32 
0.045 2 1 0 0 0.0550 0.0325 0.0002 0.0000 0.002591 0.009391 0.0000 0 0.0000 0  1684 2196 2328 2395 2485 2459 2272 1697  1 1 1 0.00 0 0 1.00 0 0 0 11.31 
0.047 2 1 0 0 0.0552 0.0340 0.0002 0.0000 0.002591 0.009503 0.0000 0 0.0000 0  1672 2191 2327 2405 2486 2455 2259 1701  1 1 1 0.00 0 0 1.00 0 0 0 11.33 
0.049 2 1 0 0 0.0530 0.0330 0.0002 0.0000 0.002591 0.009529 0.0000 0 0.0000 0  1673 2192 2334 2396 2489 2475 2269 1698  1 1 1 0.00 0 0 1.00 0 0 0 11.33 
0.051 2 1 0 0 0.0523 0.0334 0.0002 0.0000 0.002591 0.009502 0.0000 0 0.0000 0  1678 2198 2328 2391 2488 2460 2280 1706  1 1 1 0.00 0 0 1.00 0 0 0 11.32 
0.053 2 1 0 0 0.0336 0.0523 0.0004 0.0000 0.000000 0.009480 0.0000 0 0.0000 0  1674 2189 2331 2399 2484 2460 2286 1695  1 1 1 0.00 0 0 1.00 0 0 0 11.32 
0.055 2 1 0 0 0.0358 0.0527 0.0004 0.0000 0.000000 0.009542 0.0000 0 0.0000 0  1669 2197 2335 2404 2489 2457 2285 1704  1 1 1 0.00 0 0 1.00 0 0 0 11.33 
0.057 2 1 0 0 0.0376 0.0529 0.0004 0.0000 0.000000 0.009643 0.0000 0 0.0000 0  1699 2190 2331 2404 2487 2458 2280 1702  1 1 1 0.00 0 0 1.00 0 0 0 11.32 
0.059 2 1 0 0 0.0345 0.0482 0.0004 0.0000 0.000000 0.009679 0.0000 0 0.0000 0  1670 2202 2335 2412 2489 2463 2291 1704  1 1 1 0.00 0 0 1.00 0 0 0 11.33 
0.061 2 1 0 0 0.0323 0.0447 0.0004 0.0000 0.000000 0.009697 0.0000 0 0.0000 0  1660 2192 2326 2408 2496 2465 2279 1706  1 1 1 0.00 0 0 1.00 0 0 0 11.34 
0.063 2 1 0 0 0.0329 0.0441 0.0004 0.0000 0.000000 0.009799 0.0000 0 0.0000 0  1665 2189 2325 2407 2481 2448 2279 1693  1 1 1 0.00 0 0 1.00 0 0 0 11.32 
0.065 2 1 0 0 0.0530 0.0250 0.0006 0.0000 0.002591 0.009940 0.0000 0 0.0000 0  1676 2186 2326 2402 2490 2451 2260 1702  1 1 1 0.00 0 0 1.00 0 0 0 11.33 
0.067 2 1 0 0 0.0523 0.0261 0.0006 0.0000 0.002591 0.009939 0.0000 0 0.0000 0  1673 2189 2331 2396 2486 2457 2273 1702  1 1 1 0.00 0 0 1.00 0 0 0 11.33 
0.069 2 1 0 0 0.0509 0.0263 0.0006 0.0000 0.002591 0.009782 0.0000 0 0.0000 0  1675 2195 2332 2407 2488 2457 2275 1697  1 1 1 0.00 0 0 1.00 0 0 0 11.32 
0.071 2 1 0 0 0.0517 0.0286 0.0006 0.0000 0.002591 0.009646 0.0000 0 0.0000 0  1674 2192 2338 2413 2488 2457 2276 1699  1 1 1 0.00 0 0 1.00 0 0 0 11.32 
0.073 2 1 0 0 0.0548 0.0331 0.0006 0.0000 0.002591 0.009569 0.0000 0 0.0000 0  1675 2189 2330 2409 2482 2452 2275 1694  1 1 1 0.00 0 0 1.00 0 0 0 11.33 
0.075 2 1 0 0 0.0585 0.0380 0.0006 0.0000 0.002591 0.009581 0.0000 0 0.0000 0  1689 2198 2332 2414 2488 2455 2269 1696  1 1 1 0.00 0 0 1.00 0 0 0 11.32 
0.077 2 1 0 0 0.0609 0.0415 0.0006 0.0000 0.002591 0.009590 0.0000 0 0.0000 0  1670 2195 2336 2416 2490 2452 2267 1699  1 1 1 0.00 0 0 1.00 0 0 0 11.33 
0.079 2 1 0 0 0.0640 0.0455 0.0006 0.0000 0.002591 0.009640 0.0000 0 0.0000 0  1664 2195 2337 2414 2491 2460 2276 1701  1 1 1 0.00 0 0 1.00 0 0 0 11.35 
0.081 2 1 0 0 0.0668 0.0493 0.0006 0.0000 0.002591 0.009797 0.0000 0 0.0000 0  1670 2202 2342 2417 2501 2465 2283 1704  1 1 1 0.00 0 0 1.00 0 0 0 11.32 
0.083 2 1 0 0 0.0681 0.0514 0.0006 0.0000 0.002591 0.009964 0.0000 0 0.0000 0  1655 2198 2338 2404 2497 2461 2274 1705  1 1 1 0.00 0 0 1.00 0 0 0 11.32 
0.085 2 1 0 0 0.0490 0.0697 0.0008 0.0000 0.000000 0.010022 0.0000 0 0.0000 0  1662 2201 2338 2432 2498 2487 2296 1687  1 1 1 0.00 0 0 1.00 0 0 0 11.32 
0.087 2 1 0 0 0.0461 0.0647 0.0008 0.0000 0.000000 0.009793 0.0000 0 0.0000 0  1668 2199 2331 2404 2496 2459 2313 1700  1 1 1 0.00 0 0 1.00 0 0 0 11.33 
0.089 2 1 0 0 0.0597 0.0398 0.0010 0.0000 0.002591 0.009399 0.0000 0 0.0000 0  1684 2194 2335 2421 2490 2460 2267 1703  1 1 1 0.00 0 0 1.00 0 0 0 11.33 
0.091 2 1 0 0 0.0592 0.0403 0.0010 0.0000 0.002591 0.009105 0.0000 0 0.0000 0  1675 2204 2334 2397 2493 2458 2267 1696  1 1 1 0.00 0 0 1.00 0 0 0 11.33 
0.093 2 1 0 0 0.0601 0.0421 0.0010 0.0000 0.002591 0.008966 0.0000 0 0.0000 0  1682 2191 2337 2412 2491 2455 2275 1700  1 1 1 0.00 0 0 1.00 0 0 0 11.33 
0.095 2 1 0 0 0.0553 0.0382 0.0010 0.0000 0.002591 0.008861 0.0000 0 0.0000 0  1674 2197 2334 2411 2492 2456 2290 1699  1 1 1 0.00 0 0 1.00 0 0 0 11.33 
0.097 2 1 0 0 0.0552 0.0388 0.0010 0.0000 0.002591 0.008904 0.0000 0 0.0000 0  1677 2193 2338 2419 2492 2456 2260 1698  1 1 1 0.00 0 0 1.00 0 0 0 11.33 
0.099 2 1 0 0 0.0614 0.0457 0.0010 0.0000 0.002591 0.009076 0.0000 0 0.0000 0  1676 2202 2337 2454 2498 2457 2263 1698  1 1 1 0.00 0 0 1.00 0 0 0 11.33 
0.101 2 1 0 0 0.0628 0.0477 0.0010 0.0000 0.002591 0.009125 0.0000 0 0.0000 0  1675 2212 2339 2427 2498 2457 2271 1694  1 1 1 0.00 0 0 1.00 0 0 0 11.33 
0.103 2 1 0 0 0.0650 0.0504 0.0010 0.0000 0.002591 0.008994 0.0000 0 0.0000 0  1661 2199 2338 2411 2488 2451 2239 1695  1 1 1 0.00 0 0 1.00 0 0 0 11.33 
0.105 2 1 0 0 0.0854 0.0332 0.0012 0.0000 0.005182 0.008735 0.0000 0 0.0000 0  1702 2183 2337 2418 2498 2453 2241 1691  1 1 1 0.00 0 0 1.00 0 0 0 11.33 
0.107 2 1 0 0 0.0832 0.0342 0.0012 0.0000 0.005182 0.008568 0.0000 0 0.0000 0  1678 2199 2335 2407 2499 2454 2276 1693  1 1 1 0.00 0 0 1.00 0 0 0 11.33 
0.109 2 1 0 0 0.0703 0.0610 0.0014 0.0000 0.002591 0.008660 0.0000 0 0.0000 0  1668 2200 2338 2416 2499 2456 2276 1696  1 1 1 0.00 0 0 1.00 0 0 0 11.33 
0.111 2 1 0 0 0.0755 0.0661 0.0014 0.0000 0.002591 0.008917 0.0000 0 0.0000 0  1691 2217 2338 2397 2495 2454 2289 1697  1 1 1 0.00 0 0 1.00 0 0 0 11.33 
0.113 2 1 0 0 0.0739 0.0645 0.0014 0.0000 0.002591 0.009021 0.0000 0 0.0000 0  1679 2200 2337 2436 2493 2452 2279 1694  1 1 1 0.00 0 0 1.00 0 0 0 11.33 
0.115 2 1 0 0 0.0726 0.0632 0.0014 0.0000 0.002591 0.008842 0.0000 0 0.0000 0  1674 2195 2338 2455 2496 2451 2281 1694  1 1 1 0.00 0 0 1.00 0 0 0 11.33 
0.117 2 1 0 0 0.0662 0.0567 0.0014 0.0000 0.002591 0.008434 0.0000 0 0.0000 0  1672 2189 2342 2439 2487 2452 2256 1692  1 1 1 0.00 0 0 1.00 0 0 0 11.33 
0.119 2 1 0 0 0.0814 0.0338 0.0016 0.0000 0.005182 0.008024 0.0000 0 0.0000 0  1674 2184 2338 2414 2479 2454 2253 1695  1 1 1 0.00 0 0 1.00 0 0 0 11.33 
0.121 2 1 0 0 0.0811 0.0363 0.0016 0.0000 0.005182 0.007702 0.0000 0 0.0000 0  1660 2197 2338 2416 2494 2453 2262 1693  1 1 1 0.00 0 0 1.00 0 0 0 11.33 
0.123 2 1 0 0 0.0798 0.0376 0.0016 0.0000 0.005182 0.007492 0.0000 0 0.0000 0  1669 2197 2338 2420 2492 2452 2253 1694  1 1 1 0.00 0 0 1.00 0 0 0 11.33 
0.125 2 1 0 0 0.0631 0.0597 0.0018 0.0000 0.002591 0.007392 0.0000 0 0.0000 0  1686 2198 2338 2403 2492 2451 2262 1690  1 1 1 0.00 0 0 1.00 0 0 0 11.33 
0.127 2 1 0 0 0.0643 0.0603 0.0018 0.0000 0.002591 0.007337 0.0000 0 0.0000 0  1671 2186 2338 2407 2477 2449 2254 1692  1 1 1 0.00 0 0 1.00 0 0 0 11.33 
0.129 2 1 0 0 0.0625 0.0579 0.0018 0.0000 0.002591 0.007283 0.0000 0 0.0000 0  1673 2204 2353 2454 2532 2423 2206 1663  1 1 1 0.00 0 0 1.00 0 0 0 11.32 
0.131 2 1 0 0 0.0651 0.0599 0.0018 0.0000 0.002591 0.007216 0.0000 0 0.0000 0  1669 2208 2336 2426 2502 2445 2235 1687  1 1 1 0.00 0 0 1.00 0 0 0 11.33 
0.133 2 1 0 0 0.0832 0.0409 0.0020 0.0000 0.005182 0.006973 0.0000 0 0.0000 0  1668 2207 2341 2429 2498 2449 2249 1692  1 1 1 0.00 0 0 1.00 0 0 0 11.33 
0.135 2 1 0 0 0.0779 0.0379 0.0020 0.0000 0.005182 0.006552 0.0000 0 0.0000 0  1681 2196 2326 2397 2492 2444 2243 1684  1 1 1 0.00 0 0 1.00 0 0 0 11.33 
0.137 2 1 0 0 0.0598 0.0585 0.0022 0.0000 0.002591 0.006150 0.0000 0 0.0000 0  1677 2216 2359 2398 2473 2431 2258 1682  1 1 1 0.00 0 0 1.00 0 0 0 11.33 
0.139 2 1 0 0 0.0639 0.0617 0.0022 0.0000 0.002591 0.006021 0.0000 0 0.0000 0  1670 2215 2335 2412 2491 2444 2267 1688  1 1 1 0.00 0 0 1.00 0 0 0 11.33 
0.141 2 1 0 0 0.0689 0.0659 0.0022 0.0000 0.002591 0.006103 0.0000 0 0.0000 0  1670 2211 2336 2408 2499 2444 2269 1686  1 1 1 0.00 0 0 1.00 0 0 0 11.33 
0.143 2 1 0 0 0.0726 0.0689 0.0022 0.0000 0.002591 0.006122 0.0000 0 0.0000 0  1668 2191 2331 2412 2480 2448 2244 1674  1 1 1 0.00 0 0 1.00 0 0 0 11.33 
0.145 2 1 0 0 0.0736 0.0692 0.0022 0.0000 0.002591 0.005963 0.0000 0 0.0000 0  1673 2163 2335 2410 2473 2440 2251 1683  1 1 1 0.00 0 0 1.00 0 0 0 11.33 
0.147 2 1 0 0 0.0744 0.0695 0.0022 0.0000 0.002591 0.005753 0.0000 0 0.0000 0  1668 2157 2336 2417 2490 2438 2258 1682  1 1 1 0.00 0 0 1.00 0 0 0 11.33 
0.149 2 1 0 0 0.0778 0.0709 0.0026 0.0000 0.002591 0.005671 0.0000 0 0.0000 0  1674 2193 2333 2415 2491 2440 2251 1702  1 1 1 0.00 0 0 1.00 0 0 0 11.33 
0.151 2 1 0 0 0.0787 0.0714 0.0026 0.0000 0.002591 0.005726 0.0000 0 0.0000 0  1668 2202 2332 2421 2497 2443 2258 1693  1 1 1 0.00 0 0 1.00 0 0 0 11.33 
0.153 2 1 0 0 0.0749 0.0673 0.0026 0.0000 0.002591 0.005715 0.0000 0 0.0000 0  1667 2178 2336 2418 2478 2435 2243 1669  1 1 1 0.00 0 0 1.00 0 0 0 11.33 
0.155 2 1 0 0 0.0720 0.0641 0.0026 0.0000 0.002591 0.005606 0.0000 0 0.0000 0  1670 2193 2332 2394 2474 2439 2250 1679  1 1 1 0.00 0 0 1.00 0 0 0 11.33 
0.157 2 1 0 0 0.0694 0.0612 0.0026 0.0000 0.002591 0.005465 0.0000 0 0.0000 0  1668 2205 2332 2402 2495 2436 2239 1678  1 1 1 0.00 0 0 1.00 0 0 0 11.33 
0.159 2 1 0 0 0.0478 0.0775 0.0028 0.0000 0.000000 0.005285 0.0000 0 0.0000 0  1668 2194 2330 2407 2477 2433 2244 1687  1 1 1 0.00 0 0 1.00 0 0 0 11.33 
0.161 2 1 0 0 0.0653 0.0552 0.0030 0.0000 0.002591 0.005009 0.0000 0 0.0000 0  1668 2192 2333 2399 2489 2431 2243 1672  1 1 1 0.00 0 0 1.00 0 0 0 11.33 
0.163 2 1 0 0 0.0616 0.0515 0.0030 0.0000 0.002591 0.004555 0.0000 0 0.0000 0  1666 2168 2326 2400 2449 2395 2212 1667  1 1 1 0.00 0 0 1.00 0 0 0 11.33 
0.165 2 1 0 0 0.0582 0.0480 0.0030 0.0000 0.002591 0.003976 0.0000 0 0.0000 0  1659 2180 2315 2396 2473 2424 2228 1666  1 1 1 0.00 0 0 1.00 0 0 0 11.33 
0.167 2 1 0 0 0.0587 0.0484 0.0030 0.0000 0.002591 0.003423 0.0000 0 0.0000 0  1660 2180 2325 2396 2473 2420 2238 1670  1 1 1 0.00 0 0 1.00 0 0 0 11.33 
0.169 2 1 0 0 0.0629 0.0525 0.0030 0.0000 0.002591 0.003064 0.0000 0 0.0000 0  1665 2183 2323 2395 2475 2425 2230 1669  1 1 1 0.00 0 0 1.00 0 0 0 11.34 
0.171 2 1 0 0 0.0675 0.0571 0.0030 0.0000 0.002591 0.002911 0.0000 0 0.0000 0  1663 2201 2322 2399 2471 2419 2222 1675  1 1 1 0.00 0 0 1.00 0 0 0 11.33 
0.173 2 1 0 0 0.0675 0.0571 0.0030 0.0000 0.002591 0.002760 0.0000 0 0.0000 0  1659 2185 2325 2397 2478 2416 2222 1650  1 1 1 0.00 0 0 1.00 0 0 0 11.33 
0.175 2 1 0 0 0.0690 0.0585 0.0030 0.0000 0.002591 0.002571 0.0000 0 0.0000 0  1658 2185 2322 2398 2472 2424 2218 1654  1 1 1 0.00 0 0 1.00 0 0 0 11.33 
0.177 2 1 0 0 0.0701 0.0595 0.0030 0.0000 0.002591 0.002376 0.0000 0 0.0000 0  1661 2203 2323 2398 2483 2422 2220 1663  1 1 1 0.00 0 0 1.00 0 0 0 11.32 
0.179 2 1 0 0 0.0516 0.0791 0.0032 0.0000 0.000000 0.002216 0.0000 0 0.0000 0  1663 2183 2322 2395 2471 2420 2223 1636  1 1 1 0.00 0 0 1.00 0 0 0 11.33 
0.181 2 1 0 0 0.0758 0.0637 0.0034 0.0000 0.002591 0.002207 0.0000 0 0.0000 0  1664 2205 2321 2399 2478 2422 2213 1653  1 1 1 0.00 0 0 1.00 0 0 0 11.33 
0.183 2 1 0 0 0.0768 0.0648 0.0034 0.0000 0.002591 0.002208 0.0000 0 0.0000 0  1660 2184 2321 2395 2459 2414 2208 1681  1 1 1 0.00 0 0 1.00 0 0 0 11.33 
0.185 2 1 0 0 0.0786 0.0666 0.0034 0.0000 0.002591 0.002229 0.0000 0 0.0000 0  1662 2186 2321 2397 2484 2413 2217 1683  1 1 1 0.00 0 0 1.00 0 0 0 11.33 
0.187 2 1 0 0 0.1041 0.0541 0.0036 0.0000 0.005182 0.002310 0.0000 0 0.0000 0  1657 2176 2318 2403 2491 2417 2214 1662  1 1 1 0.00 0 0 1.00 0 0 0 11.32 
0.189 2 1 0 0 0.1060 0.0588 0.0036 0.0000 0.005182 0.002416 0.0000 0 0.0000 0  1660 2157 2323 2400 2468 2419 2226 1667  1 1 1 0.00 0 0 1.00 0 0 0 11.33 
0.191 2 1 0 0 0.1073 0.0628 0.0036 0.0000 0.005182 0.002505 0.0000 0 0.0000 0  1667 2182 2322 2402 2481 2419 2219 1667  1 1 1 0.00 0 0 1.00 0 0 0 11.33 
0.193 2 1 0 0 0.0851 0.0796 0.0038 0.0000 0.002591 0.002501 0.0000 0 0.0000 0  1668 2192 2323 2400 2476 2413 2227 1651  1 1 1 0.00 0 0 1.00 0 0 0 11.33 
0.195 2 1 0 0 0.0790 0.0729 0.0038 0.0000 0.002591 0.002528 0.0000 0 0.0000 0  1659 2190 2322 2399 2455 2412 2224 1659  1 1 1 0.00 0 0 1.00 0 0 0 11.33 
0.197 2 1 0 0 0.0974 0.0541 0.0040 0.0000 0.005182 0.002576 0.0000 0 0.0000 0  1662 2152 2321 2398 2466 2415 2223 1681  1 1 1 0.00 0 0 1.00 0 0 0 11.33 
0.199 2 1 0 0 0.0934 0.0523 0.0040 0.0000 0.005182 0.002425 0.0000 0 0.0000 0  1661 2175 2320 2398 2455 2411 2220 1664  1 1 1 0.00 0 0 1.00 0 0 0 11.33 
0.201 2 1 0 0 0.0819 0.0428 0.0040 0.0000 0.005182 0.001790 0.0000 0 0.0000 0  1651 2170 2319 2394 2455 2409 2214 1670  1 1 1 0.00 0 0 1.00 0 0 0 11.33 
0.203 2 1 0 0 0.0706 0.0333 0.0040 0.0000 0.005182 0.000721 0.0000 0 0.0000 0  1664 2188 2316 2393 2471 2406 2216 1643  1 1 1 0.00 0 0 1.00 0 0 0 11.33 
0.205 2 1 0 0 0.0476 0.0486 0.0042 0.0000 0.002591 -0.000091 0.0000 0 0.0000 0  1653 2171 2312 2388 2461 2400 2206 1655  1 1 1 0.00 0 0 1.00 0 0 0 11.33 
0.207 2 1 0 0 0.0511 0.0508 0.0042 0.0000 0.002591 -0.000562 0.0000 0 0.0000 0  1648 2172 2314 2387 2463 2400 2206 1652  1 1 1 0.00 0 0 1.00 0 0 0 11.33 
0.209 2 1 0 0 0.0528 0.0514 0.0042 0.0000 0.002591 -0.000860 0.0000 0 0.0000 0  1655 2173 2313 2388 2462 2396 2204 1650  1 1 1 0.00 0 0 1.00 0 0 0 11.33 
0.211 2 1 0 0 0.0551 0.0527 0.0042 0.0000 0.002591 -0.001038 0.0000 0 0.0000 0  1655 2167 2310 2388 2454 2392 2199 1649  1 1 1 0.00 0 0 1.00 0 0 0 11.33 
0.213 2 1 0 0 0.0594 0.0560 0.0042 0.0000 0.002591 -0.001295 0.0000 0 0.0000 0  1647 2167 2310 2382 2460 2394 2196 1645  1 1 1 0.00 0 0 1.00 0 0 0 11.33 
0.215 2 1 0 0 0.0592 0.0551 0.0042 0.0000 0.002591 -0.001562 0.0000 0 0.0000 0  1646 2168 2304 2383 2475 2391 2197 1650  1 1 1 0.00 0 0 1.00 0 0 0 11.33 
0.217 2 1 0 0 0.0590 0.0540 0.0042 0.0000 0.002591 -0.001909 0.0000 0 0.0000 0  1648 2174 2309 2381 2460 2390 2196 1639  1 1 1 0.00 0 0 1.00 0 0 0 11.33 
0.219 2 1 0 0 0.0607 0.0551 0.0042 0.0000 0.002591 -0.002171 0.0000 0 0.0000 0  1642 2191 2299 2384 2449 2393 2195 1608  1 1 1 0.00 0 0 1.00 0 0 0 11.33 
0.221 2 1 0 0 0.0800 0.0371 0.0044 0.0000 0.005182 -0.002371 0.0000 0 0.0000 0  1644 2166 2303 2382 2437 2388 2191 1623  1 1 1 0.00 0 0 1.00 0 0 0 11.33 
0.223 2 1 0 0 0.0777 0.0368 0.0044 0.0000 0.005182 -0.002620 0.0000 0 0.0000 0  1643 2146 2303 2378 2439 2388 2187 1639  1 1 1 0.00 0 0 1.00 0 0 0 11.33 
0.225 2 1 0 0 0.0776 0.0387 0.0044 0.0000 0.005182 -0.002751 0.0000 0 0.0000 0  1644 2157 2299 2377 2450 2385 2184 1628  1 1 1 0.00 0 0 1.00 0 0 0 11.33 
0.227 2 1 0 0 0.0816 0.0444 0.0044 0.0000 0.005182 -0.002683 0.0000 0 0.0000 0  1641 2156 2302 2378 2436 2384 2186 1642  1 1 1 0.00 0 0 1.00 0 0 0 11.33 
0.229 2 1 0 0 0.0830 0.0473 0.0044 0.0000 0.005182 -0.002601 0.0000 0 0.0000 0  1644 2177 2309 2381 2450 2396 2191 1638  1 1 1 0.00 0 0 1.00 0 0 0 11.33 
0.231 2 1 0 0 0.0830 0.0487 0.0044 0.0000 0.005182 -0.002609 0.0000 0 0.0000 0  1635 2132 2282 2388 2457 2427 2235 1662  1 1 1 0.00 0 0 1.00 0 0 0 11.33 
0.233 2 1 0 0 0.0851 0.0506 0.0048 0.0000 0.005182 -0.002662 0.0000 0 0.0000 0  1639 2175 2305 2372 2444 2382 2184 1623  1 1 1 0.00 0 0 1.00 0 0 0 11.33 
0.235 2 1 0 0 0.0853 0.0521 0.0048 0.0000 0.005182 -0.002692 0.0000 0 0.0000 0  1640 2161 2312 2405 2457 2368 2174 1645  1 1 1 0.00 0 0 1.00 0 0 0 11.33 
0.237 2 1 0 0 0.0874 0.0553 0.0048 0.0000 0.005182 -0.002621 0.0000 0 0.0000 0  1657 2200 2327 2414 2500 2417 2210 1657  1 1 1 0.00 0 0 1.00 0 0 0 11.33 
0.239 2 1 0 0 0.0789 0.0845 0.0050 0.0000 0.002591 -0.002388 0.0000 0 0.0000 0  1651 2177 2316 2399 2485 2403 2202 1645  1 1 1 0.00 0 0 1.00 0 0 0 11.33 
0.241 2 1 0 0 0.0859 0.0897 0.0050 0.0000 0.002591 -0.002021 0.0000 0 0.0000 0  1645 2167 2313 2386 2470 2394 2199 1633  1 1 1 0.00 0 0 1.00 0 0 0 11.33 
0.243 2 1 0 0 0.0833 0.0855 0.0050 0.0000 0.002591 -0.002061 0.0000 0 0.0000 0  1643 2164 2309 2382 2463 2388 2191 1632  1 1 1 0.00 0 0 1.00 0 0 0 11.33 
0.245 2 1 0 0 0.0730 0.0737 0.0050 0.0000 0.002591 -0.002588 0.0000 0 0.0000 0  1649 2163 2284 2380 2451 2371 2188 1627  1 1 1 0.00 0 0 1.00 0 0 0 11.33 
0.247 2 1 0 0 0.0769 0.0397 0.0052 0.0000 0.005182 -0.003479 0.0000 0 0.0000 0  1637 2158 2297 2380 2420 2382 2181 1648  1 1 1 0.00 0 0 1.00 0 0 0 11.33 
0.249 2 1 0 0 0.0665 0.0308 0.0052 0.0000 0.005182 -0.004376 0.0000 0 0.0000 0  1639 2176 2300 2378 2432 2380 2183 1644  1 1 1 0.00 0 0 1.00 0 0 0 11.33 
0.251 2 1 0 0 0.0702 0.0357 0.0052 0.0000 0.005182 -0.004772 0.0000 0 0.0000 0  1644 2175 2294 2375 2435 2378 2183 1653  1 1 1 0.00 0 0 1.00 0 0 0 11.33 
0.253 2 1 0 0 0.0965 0.0252 0.0054 0.0000 0.007773 -0.004638 0.0000 0 0.0000 0  1637 2168 2294 2373 2447 2382 2179 1625  1 1 1 0.00 0 0 1.00 0 0 0 11.33 
0.255 2 1 0 0 0.1010 0.0335 0.0054 0.0000 0.007773 -0.004382 0.0000 0 0.0000 0  1638 2154 2294 2373 2442 2376 2181 1625  1 1 1 0.00 0 0 1.00 0 0 0 11.33 
0.257 2 1 0 0 0.0865 0.0607 0.0056 0.0000 0.005182 -0.004253 0.0000 0 0.0000 0  1638 2147 2294 2375 2444 2374 2178 1632  1 1 1 0.00 0 0 1.00 0 0 0 11.33 
0.259 2 1 0 0 0.0820 0.0566 0.0056 0.0000 0.005182 -0.004544 0.0000 0 0.0000 0  1641 2151 2294 2371 2449 2373 2177 1654  1 1 1 0.00 0 0 1.00 0 0 0 11.33 
0.261 2 1 0 0 0.0753 0.0502 0.0056 0.0000 0.005182 -0.004930 0.0000 0 0.0000 0  1634 2165 2292 2373 2436 2370 2178 1637  1 1 1 0.00 0 0 1.00 0 0 0 11.33 
0.263 2 1 0 0 0.0641 0.0759 0.0058 0.0000 0.002591 -0.005094 0.0000 0 0.0000 0  1629 2154 2296 2370 2436 2368 2175 1643  1 1 1 0.00 0 0 1.00 0 0 0 11.33 
0.265 2 1 0 0 0.0681 0.0774 0.0058 0.0000 0.002591 -0.005052 0.0000 0 0.0000 0  1627 2148 2289 2373 2437 2369 2169 1632  1 1 1 0.00 0 0 1.00 0 0 0 11.33 
0.267 2 1 0 0 0.0652 0.0723 0.0058 0.0000 0.002591 -0.005303 0.0000 0 0.0000 0  1630 2143 2291 2361 2428 2356 2161 1624  1 1 1 0.00 0 0 1.00 0 0 0 11.33 
0.269 2 1 0 0 0.0607 0.0658 0.0058 0.0000 0.002591 -0.005886 0.0000 0 0.0000 0  1626 2143 2282 2362 2431 2350 2163 1619  1 1 1 0.00 0 0 1.00 0 0 0 11.33 
0.271 2 1 0 0 0.0519 0.0552 0.0058 0.0000 0.002591 -0.006705 0.0000 0 0.0000 0  1629 2143 2263 2363 2429 2351 2165 1608  1 1 1 0.00 0 0 1.00 0 0 0 11.33 
0.273 2 1 0 0 0.0657 0.0291 0.0060 0.0000 0.005182 -0.007462 0.0000 0 0.0000 0  1626 2137 2283 2362 2423 2361 2169 1629  1 1 1 0.00 0 0 1.00 0 0 0 11.33 
0.275 2 1 0 0 0.0664 0.0312 0.0060 0.0000 0.005182 -0.007923 0.0000 0 0.0000 0  1627 2145 2280 2359 2434 2358 2163 1619  1 1 1 0.00 0 0 1.00 0 0 0 11.33 
0.277 2 1 0 0 0.0599 0.0260 0.0060 0.0000 0.005182 -0.008183 0.0000 0 0.0000 0  1624 2144 2289 2366 2415 2358 2153 1622  1 1 1 0.00 0 0 1.00 0 0 0 11.33 
0.279 2 1 0 0 0.0531 0.0202 0.0060 0.0000 0.005182 -0.008527 0.0000 0 0.0000 0  1621 2135 2278 2361 2423 2357 2155 1615  1 1 1 0.00 0 0 1.00 0 0 0 11.33 
0.281 2 1 0 0 0.0529 0.0209 0.0060 0.0000 0.005182 -0.008820 0.0000 0 0.0000 0  1619 2134 2278 2358 2418 2352 2149 1604  1 1 1 0.00 0 0 1.00 0 0 0 11.33 
0.283 2 1 0 0 0.0509 0.0198 0.0060 0.0000 0.005182 -0.009144 0.0000 0 0.0000 0  1620 2137 2270 2352 2411 2354 2154 1606  1 1 1 0.00 0 0 1.00 0 0 0 11.33 
0.285 2 1 0 0 0.0325 0.0403 0.0062 0.0000 0.002591 -0.009443 0.0000 0 0.0000 0  1621 2126 2266 2350 2410 2342 2147 1605  1 1 1 0.00 0 0 1.00 0 0 0 11.33 
0.287 2 1 0 0 0.0348 0.0405 0.0062 0.0000 0.002591 -0.009813 0.0000 0 0.0000 0  1615 2135 2272 2346 2410 2348 2146 1605  1 1 1 0.00 0 0 1.00 0 0 0 11.33 
0.289 2 1 0 0 0.0306 0.0344 0.0062 0.0000 0.002591 -0.010332 0.0000 0 0.0000 0  1616 2128 2264 2347 2408 2343 2146 1603  1 1 1 0.00 0 0 1.00 0 0 0 11.33 
0.291 2 1 0 0 0.0311 0.0330 0.0062 0.0000 0.002591 -0.010822 0.0000 0 0.0000 0  1611 2131 2268 2347 2406 2341 2146 1607  1 1 1 0.00 0 0 1.00 0 0 0 11.33 
0.293 2 1 0 0 0.0351 0.0354 0.0062 0.0000 0.002591 -0.011087 0.0000 0 0.0000 0  1611 2128 2270 2345 2428 2344 2143 1604  1 1 1 0.00 0 0 1.00 0 0 0 11.34 
0.295 2 1 0 0 0.0370 0.0359 0.0062 0.0000 0.002591 -0.011136 0.0000 0 0.0000 0  1615 2129 2264 2344 2404 2343 2147 1607  1 1 1 0.00 0 0 1.00 0 0 0 11.33 
0.297 2 1 0 0 0.0431 0.0407 0.0062 0.0000 0.002591 -0.011028 0.0000 0 0.0000 0  1611 2129 2270 2349 2409 2341 2142 1605  1 1 1 0.00 0 0 1.00 0 0 0 11.33 
0.299 2 1 0 0 0.0478 0.0442 0.0062 0.0000 0.002591 -0.010968 0.0000 0 0.0000 0  1611 2127 2251 2342 2405 2333 2146 1604  1 1 1 0.00 0 0 1.00 0 0 0 11.33 
0.301 2 1 0 0 0.0469 0.0422 0.0062 0.0000 0.002591 -0.011039 0.0000 0 0.0000 0  1612 2126 2261 2344 2403 2341 2142 1605  1 1 1 0.00 0 0 1.00 0 0 0 11.33 
0.303 2 1 0 0 0.0482 0.0425 0.0062 0.0000 0.002591 -0.011158 0.0000 0 0.0000 0  1616 2125 2262 2347 2402 2350 2143 1604  1 1 1 0.00 0 0 1.00 0 0 0 11.33 
0.305 2 1 0 0 0.0506 0.0441 0.0062 0.0000 0.002591 -0.011156 0.0000 0 0.0000 0  1614 2128 2278 2343 2402 2345 2142 1604  1 1 1 0.00 0 0 1.00 0 0 0 11.33 
0.307 2 1 0 0 0.0545 0.0471 0.0062 0.0000 0.002591 -0.010961 0.0000 0 0.0000 0  1615 2129 2277 2351 2407 2345 2145 1606  1 1 1 0.00 0 0 1.00 0 0 0 11.32 
0.309 2 1 0 0 0.0644 0.0563 0.0062 0.0000 0.002591 -0.010479 0.0000 0 0.0000 0  1612 2128 2275 2349 2411 2358 2149 1608  1 1 1 0.00 0 0 1.00 0 0 0 11.32 
0.311 2 1 0 0 0.0904 0.0435 0.0064 0.0000 0.005182 -0.009837 0.0000 0 0.0000 0  1616 2127 2272 2348 2409 2342 2153 1602  1 1 1 0.00 0 0 1.00 0 0 0 11.32 
0.313 2 1 0 0 0.0898 0.0451 0.0064 0.0000 0.005182 -0.009401 0.0000 0 0.0000 0  1617 2129 2280 2353 2414 2371 2150 1614  1 1 1 0.00 0 0 1.00 0 0 0 11.33 
0.315 2 1 0 0 0.0891 0.0464 0.0064 0.0000 0.005182 -0.009135 0.0000 0 0.0000 0  1621 2133 2281 2348 2414 2367 2152 1621  1 1 1 0.00 0 0 1.00 0 0 0 11.32 
0.317 2 1 0 0 0.0663 0.0621 0.0066 0.0000 0.002591 -0.008909 0.0000 0 0.0000 0  1618 2135 2302 2356 2414 2362 2151 1608  1 1 1 0.00 0 0 1.00 0 0 0 11.33 
0.319 2 1 0 0 0.0553 0.0500 0.0066 0.0000 0.002591 -0.008771 0.0000 0 0.0000 0  1619 2139 2282 2354 2419 2330 2148 1609  1 1 1 0.00 0 0 1.00 0 0 0 11.32 
0.321 2 1 0 0 0.0521 0.0458 0.0066 0.0000 0.002591 -0.008537 0.0000 0 0.0000 0  1624 2133 2297 2356 2410 2329 2152 1613  1 1 1 0.00 0 0 1.00 0 0 0 11.32 
0.323 2 1 0 0 0.0412 0.0707 0.0068 0.0000 0.000000 -0.008267 0.0000 0 0.0000 0  1604 2140 2267 2350 2415 2343 2152 1609  1 1 1 0.00 0 0 1.00 0 0 0 11.32 
0.325 2 1 0 0 0.0433 0.0693 0.0068 0.0000 0.000000 -0.008149 0.0000 0 0.0000 0  1618 2137 2261 2352 2416 2343 2148 1611  1 1 1 0.00 0 0 1.00 0 0 0 11.33 
0.327 2 1 0 0 0.0647 0.0508 0.0070 0.0000 0.002591 -0.008220 0.0000 0 0.0000 0  1622 2136 2305 2352 2408 2349 2150 1609  1 1 1 0.00 0 0 1.00 0 0 0 11.33 
0.329 2 1 0 0 0.0643 0.0503 0.0070 0.0000 0.002591 -0.008369 0.0000 0 0.0000 0  1628 2135 2273 2353 2415 2356 2152 1610  1 1 1 0.00 0 0 1.00 0 0 0 11.33 
0.331 2 1 0 0 0.0597 0.0456 0.0070 0.0000 0.002591 -0.008517 0.0000 0 0.0000 0  1616 2137 2270 2352 2410 2348 2149 1605  1 1 1 0.00 0 0 1.00 0 0 0 11.33 
0.333 2 1 0 0 0.0557 0.0414 0.0070 0.0000 0.002591 -0.008799 0.0000 0 0.0000 0  1633 2154 2294 2361 2423 2353 2144 1599  1 1 1 0.00 0 0 1.00 0 0 0 11.33 
0.335 2 1 0 0 0.0507 0.0362 0.0070 0.0000 0.002591 -0.009282 0.0000 0 0.0000 0  1602 2125 2267 2349 2409 2348 2145 1605  1 1 1 0.00 0 0 1.00 0 0 0 11.33 
0.337 2 1 0 0 0.0456 0.0311 0.0070 0.0000 0.002591 -0.009876 0.0000 0 0.0000 0  1610 2125 2267 2347 2406 2342 2146 1605  1 1 1 0.00 0 0 1.00 0 0 0 11.33 
0.339 2 1 0 0 0.0471 0.0324 0.0070 0.0000 0.002591 -0.010217 0.0000 0 0.0000 0  1618 2130 2271 2347 2405 2342 2145 1604  1 1 1 0.00 0 0 1.00 0 0 0 11.34 
0.341 2 1 0 0 0.0501 0.0353 0.0070 0.0000 0.002591 -0.010261 0.0000 0 0.0000 0  1612 2126 2267 2346 2406 2340 2142 1600  1 1 1 0.00 0 0 1.00 0 0 0 11.33 
0.343 2 1 0 0 0.0532 0.0383 0.0070 0.0000 0.002591 -0.010177 0.0000 0 0.0000 0  1611 2129 2265 2345 2404 2342 2143 1600  1 1 1 0.00 0 0 1.00 0 0 0 11.34 
0.345 2 1 0 0 0.0550 0.0400 0.0070 0.0000 0.002591 -0.010170 0.0000 0 0.0000 0  1610 2126 2269 2348 2407 2334 2145 1603  1 1 1 0.00 0 0 1.00 0 0 0 11.33 
0.347 2 1 0 0 0.0550 0.0399 0.0070 0.0000 0.002591 -0.010266 0.0000 0 0.0000 0  1609 2130 2279 2346 2406 2344 2142 1602  1 1 1 0.00 0 0 1.00 0 0 0 11.33 
0.349 2 1 0 0 0.0536 0.0384 0.0070 0.0000 0.002591 -0.010419 0.0000 0 0.0000 0  1613 2130 2283 2351 2405 2327 2139 1601  1 1 1 0.00 0 0 1.00 0 0 0 11.33 
0.351 2 1 0 0 0.0537 0.0384 0.0070 0.0000 0.002591 -0.010469 0.0000 0 0.0000 0  1619 2129 2265 2345 2404 2339 2139 1598  1 1 1 0.00 0 0 1.00 0 0 0 11.33 
0.353 2 1 0 0 0.0394 0.0607 0.0072 0.0000 0.000000 -0.010332 0.0000 0 0.0000 0  1603 2133 2264 2334 2408 2339 2145 1602  1 1 1 0.00 0 0 1.00 0 0 0 11.33 
0.355 2 1 0 0 0.0422 0.0607 0.0072 0.0000 0.000000 -0.010178 0.0000 0 0.0000 0  1636 2130 2268 2345 2404 2325 2146 1600  1 1 1 0.00 0 0 1.00 0 0 0 11.32 
0.357 2 1 0 0 0.0431 0.0591 0.0072 0.0000 0.000000 -0.010049 0.0000 0 0.0000 0  1611 2130 2268 2332 2403 2340 2146 1601  1 1 1 0.00 0 0 1.00 0 0 0 11.32 
0.359 2 1 0 0 0.0666 0.0423 0.0074 0.0000 0.002591 -0.009897 0.0000 0 0.0000 0  1635 2133 2258 2346 2410 2345 2150 1606  1 1 1 0.00 0 0 1.00 0 0 0 11.32 
0.361 2 1 0 0 0.0676 0.0440 0.0074 0.0000 0.002591 -0.009683 0.0000 0 0.0000 0  1606 2131 2277 2354 2410 2324 2145 1604  1 1 1 0.00 0 0 1.00 0 0 0 11.32 
0.363 2 1 0 0 0.0671 0.0442 0.0074 0.0000 0.002591 -0.009508 0.0000 0 0.0000 0  1605 2130 2255 2354 2412 2342 2146 1602  1 1 1 0.00 0 0 1.00 0 0 0 11.32 
0.365 2 1 0 0 0.0675 0.0453 0.0074 0.0000 0.002591 -0.009367 0.0000 0 0.0000 0  1627 2135 2264 2344 2411 2363 2141 1604  1 1 1 0.00 0 0 1.00 0 0 0 11.33 
0.367 2 1 0 0 0.0895 0.0311 0.0076 0.0000 0.005182 -0.009227 0.0000 0 0.0000 0  1622 2132 2271 2349 2412 2364 2149 1605  1 1 1 0.00 0 0 1.00 0 0 0 11.32 
0.369 2 1 0 0 0.0890 0.0338 0.0076 0.0000 0.005182 -0.009110 0.0000 0 0.0000 0  1625 2130 2290 2340 2407 2343 2144 1601  1 1 1 0.00 0 0 1.00 0 0 0 11.32 
0.371 2 1 0 0 0.0875 0.0352 0.0076 0.0000 0.005182 -0.009064 0.0000 0 0.0000 0  1619 2136 2283 2346 2407 2326 2142 1605  1 1 1 0.00 0 0 1.00 0 0 0 11.32 
0.373 2 1 0 0 0.0802 0.0306 0.0076 0.0000 0.005182 -0.009182 0.0000 0 0.0000 0  1603 2136 2259 2352 2408 2338 2145 1605  1 1 1 0.00 0 0 1.00 0 0 0 11.33 
0.375 2 1 0 0 0.0690 0.0217 0.0076 0.0000 0.005182 -0.009458 0.0000 0 0.0000 0  1609 2143 2270 2345 2413 2364 2143 1602  1 1 1 0.00 0 0 1.00 0 0 0 11.33 
0.377 2 1 0 0 0.0662 0.0211 0.0076 0.0000 0.005182 -0.009667 0.0000 0 0.0000 0  1629 2136 2272 2348 2411 2365 2143 1598  1 1 1 0.00 0 0 1.00 0 0 0 11.33 
0.379 2 1 0 0 0.0645 0.0212 0.0076 0.0000 0.005182 -0.009823 0.0000 0 0.0000 0  1618 2130 2270 2347 2408 2347 2143 1602  1 1 1 0.00 0 0 1.00 0 0 0 11.33 
0.381 2 1 0 0 0.0615 0.0200 0.0076 0.0000 0.005182 -0.010039 0.0000 0 0.0000 0  1617 2129 2278 2349 2410 2336 2141 1602  1 1 1 0.00 0 0 1.00 0 0 0 11.33 
0.383 2 1 0 0 0.0582 0.0183 0.0076 0.0000 0.005182 -0.010395 0.0000 0 0.0000 0  1619 2130 2262 2351 2403 2331 2140 1601  1 1 1 0.00 0 0 1.00 0 0 0 11.32 
0.385 2 1 0 0 0.0538 0.0152 0.0076 0.0000 0.005182 -0.010749 0.0000 0 0.0000 0  1616 2133 2269 2343 2403 2341 2150 1594  1 1 1 0.00 0 0 1.00 0 0 0 11.33 
0.387 2 1 0 0 0.0540 0.0166 0.0076 0.0000 0.005182 -0.010931 0.0000 0 0.0000 0  1627 2126 2270 2349 2405 2336 2139 1599  1 1 1 0.00 0 0 1.00 0 0 0 11.33 
0.389 2 1 0 0 0.0361 0.0366 0.0078 0.0000 0.002591 -0.011049 0.0000 0 0.0000 0  1614 2129 2265 2345 2405 2332 2137 1594  1 1 1 0.00 0 0 1.00 0 0 0 11.33 
0.391 2 1 0 0 0.0350 0.0338 0.0078 0.0000 0.002591 -0.011220 0.0000 0 0.0000 0  1613 2131 2266 2347 2402 2337 2138 1599  1 1 1 0.00 0 0 1.00 0 0 0 11.33 
0.393 2 1 0 0 0.0347 0.0320 0.0078 0.0000 0.002591 -0.011422 0.0000 0 0.0000 0  1616 2125 2265 2344 2403 2337 2136 1593  1 1 1 0.00 0 0 1.00 0 0 0 11.36 
0.395 2 1 0 0 0.0357 0.0316 0.0078 0.0000 0.002591 -0.011534 0.0000 0 0.0000 0  1612 2127 2261 2336 2401 2342 2133 1591  1 1 1 0.00 0 0 1.00 0 0 0 11.34 
0.397 2 1 0 0 0.0364 0.0310 0.0078 0.0000 0.002591 -0.011562 0.0000 0 0.0000 0  1617 2122 2265 2348 2405 2334 2136 1594  1 1 1 0.00 0 0 1.00 0 0 0 11.34 
0.399 2 1 0 0 0.0390 0.0325 0.0078 0.0000 0.002591 -0.011545 0.0000 0 0.0000 0  1616 2128 2265 2343 2408 2338 2141 1597  1 1 1 0.00 0 0 1.00 0 0 0 11.33 
0.401 2 1 0 0 0.0402 0.0327 0.0078 0.0000 0.002591 -0.011544 0.0000 0 0.0000 0  1618 2125 2264 2340 2403 2354 2136 1593  1 1 1 0.00 0 0 1.00 0 0 0 11.34 
0.403 2 1 0 0 0.0404 0.0319 0.0078 0.0000 0.002591 -0.011553 0.0000 0 0.0000 0  1615 2127 2282 2339 2400 2335 2132 1595  1 1 1 0.00 0 0 1.00 0 0 0 11.33 
0.405 2 1 0 0 0.0416 0.0322 0.0078 0.0000 0.002591 -0.011537 0.0000 0 0.0000 0  1602 2125 2265 2339 2404 2338 2137 1592  1 1 1 0.00 0 0 1.00 0 0 0 11.33 
0.407 2 1 0 0 0.0432 0.0331 0.0078 0.0000 0.002591 -0.011439 0.0000 0 0.0000 0  1615 2127 2264 2335 2406 2339 2131 1593  1 1 1 0.00 0 0 1.00 0 0 0 11.33 
0.409 2 1 0 0 0.0463 0.0354 0.0078 0.0000 0.002591 -0.011250 0.0000 0 0.0000 0  1613 2124 2267 2342 2400 2340 2118 1596  1 1 1 0.00 0 0 1.00 0 0 0 11.33 
0.411 2 1 0 0 0.0482 0.0367 0.0078 0.0000 0.002591 -0.011072 0.0000 0 0.0000 0  1625 2130 2268 2341 2404 2341 2149 1594  1 1 1 0.00 0 0 1.00 0 0 0 11.33 
0.413 2 1 0 0 0.0494 0.0373 0.0078 0.0000 0.002591 -0.010930 0.0000 0 0.0000 0  1613 2131 2264 2354 2408 2339 2143 1597  1 1 1 0.00 0 0 1.00 0 0 0 11.33 
0.415 2 1 0 0 0.0511 0.0385 0.0078 0.0000 0.002591 -0.010764 0.0000 0 0.0000 0  1620 2128 2270 2359 2406 2338 2139 1596  1 1 1 0.00 0 0 1.00 0 0 0 11.32 
0.417 2 1 0 0 0.0523 0.0391 0.0078 0.0000 0.002591 -0.010554 0.0000 0 0.0000 0  1631 2134 2266 2360 2404 2343 2137 1595  1 1 1 0.00 0 0 1.00 0 0 0 11.32 
0.419 2 1 0 0 0.0527 0.0392 0.0078 0.0000 0.002591 -0.010326 0.0000 0 0.0000 0  1628 2127 2271 2356 2409 2344 2128 1600  1 1 1 0.00 0 0 1.00 0 0 0 11.34 
0.421 2 1 0 0 0.0538 0.0399 0.0078 0.0000 0.002591 -0.010100 0.0000 0 0.0000 0  1627 2131 2272 2358 2409 2347 2128 1600  1 1 1 0.00 0 0 1.00 0 0 0 11.32 
0.423 2 1 0 0 0.0531 0.0388 0.0078 0.0000 0.002591 -0.009910 0.0000 0 0.0000 0  1626 2133 2266 2334 2408 2344 2135 1600  1 1 1 0.00 0 0 1.00 0 0 0 11.32 
0.425 2 1 0 0 0.0690 0.0176 0.0080 0.0000 0.005182 -0.009802 0.0000 0 0.0000 0  1635 2129 2264 2352 2407 2344 2131 1600  1 1 1 0.00 0 0 1.00 0 0 0 11.32 
0.427 2 1 0 0 0.0640 0.0150 0.0080 0.0000 0.005182 -0.009792 0.0000 0 0.0000 0  1617 2138 2268 2352 2406 2345 2142 1599  1 1 1 0.00 0 0 1.00 0 0 0 11.32 
0.429 2 1 0 0 0.0556 0.0088 0.0080 0.0000 0.005182 -0.009962 0.0000 0 0.0000 0  1673 2193 2340 2418 2481 2410 2204 1638  1 1 1 0.00 0 0 1.00 0 0 0 11.33 
0.431 2 1 0 0 0.0496 0.0048 0.0080 0.0000 0.005182 -0.010272 0.0000 0 0.0000 0  1636 2174 2305 2374 2452 2380 2163 1622  1 1 1 0.00 0 0 1.00 0 0 0 11.33 
0.433 2 1 0 0 0.0470 0.0039 0.0080 0.0000 0.005182 -0.010511 0.0000 0 0.0000 0  1623 2149 2285 2368 2438 2363 2158 1607  1 1 1 0.00 0 0 1.00 0 0 0 11.32 
0.435 2 1 0 0 0.0464 0.0049 0.0080 0.0000 0.005182 -0.010617 0.0000 0 0.0000 0  1647 2153 2285 2356 2413 2342 2134 1589  1 1 1 0.00 0 0 1.00 0 0 0 11.32 
0.437 2 1 0 0 0.0451 0.0049 0.0080 0.0000 0.005182 -0.010705 0.0000 0 0.0000 0  1602 2150 2295 2348 2416 2347 2139 1627  1 1 1 0.00 0 0 1.00 0 0 0 11.33 
0.439 2 1 0 0 0.0263 0.0240 0.0082 0.0000 0.002591 -0.010808 0.0000 0 0.0000 0  1639 2162 2315 2369 2386 2320 2120 1582  1 1 1 0.00 0 0 1.00 0 0 0 11.32 
0.441 2 1 0 0 0.0274 0.0237 0.0082 0.0000 0.002591 -0.010899 0.0000 0 0.0000 0  1607 2138 2273 2357 2417 2347 2143 1596  1 1 1 0.00 0 0 1.00 0 0 0 11.33 
0.443 2 1 0 0 0.0283 0.0231 0.0082 0.0000 0.002591 -0.010960 0.0000 0 0.0000 0  1611 2130 2267 2345 2406 2342 2140 1602  1 1 1 0.00 0 0 1.00 0 0 0 11.33 
0.445 2 1 0 0 0.0295 0.0230 0.0082 0.0000 0.002591 -0.010974 0.0000 0 0.0000 0  1619 2129 2264 2343 2409 2342 2136 1595  1 1 1 0.00 0 0 1.00 0 0 0 11.33 
0.447 2 1 0 0 0.0311 0.0234 0.0082 0.0000 0.002591 -0.010982 0.0000 0 0.0000 0  1615 2134 2269 2345 2417 2343 2139 1598  1 1 1 0.00 0 0 1.00 0 0 0 11.34 
0.449 2 1 0 0 0.0320 0.0234 0.0082 0.0000 0.002591 -0.010953 0.0000 0 0.0000 0  1617 2131 2272 2346 2402 2340 2140 1596  1 1 1 0.00 0 0 1.00 0 0 0 11.33 
0.451 2 1 0 0 0.0337 0.0241 0.0082 0.0000 0.002591 -0.010869 0.0000 0 0.0000 0  1629 2132 2267 2345 2405 2340 2141 1597  1 1 1 0.00 0 0 1.00 0 0 0 11.33 
0.453 2 1 0 0 0.0356 0.0251 0.0082 0.0000 0.002591 -0.010741 0.0000 0 0.0000 0  1623 2129 2267 2346 2410 2336 2139 1600  1 1 1 0.00 0 0 1.00 0 0 0 11.33 
0.455 2 1 0 0 0.0359 0.0246 0.0082 0.0000 0.002591 -0.010632 0.0000 0 0.0000 0  1617 2131 2270 2345 2405 2341 2142 1599  1 1 1 0.00 0 0 1.00 0 0 0 11.33 
0.457 2 1 0 0 0.0367 0.0247 0.0082 0.0000 0.002591 -0.010546 0.0000 0 0.0000 0  1615 2133 2268 2346 2412 2342 2141 1599  1 1 1 0.00 0 0 1.00 0 0 0 11.33 
0.459 2 1 0 0 0.0378 0.0251 0.0082 0.0000 0.002591 -0.010434 0.0000 0 0.0000 0  1617 2135 2271 2347 2413 2343 2138 1602  1 1 1 0.00 0 0 1.00 0 0 0 11.33 
0.461 2 1 0 0 0.0383 0.0251 0.0082 0.0000 0.002591 -0.010318 0.0000 0 0.0000 0  1615 2137 2273 2344 2414 2348 2121 1596  1 1 1 0.00 0 0 1.00 0 0 0 11.33 
0.463 2 1 0 0 0.0389 0.0251 0.0082 0.0000 0.002591 -0.010189 0.0000 0 0.0000 0  1618 2130 2270 2343 2411 2343 2142 1602  1 1 1 0.00 0 0 1.00 0 0 0 11.33 
0.465 2 1 0 0 0.0401 0.0258 0.0082 0.0000 0.002591 -0.010044 0.0000 0 0.0000 0  1618 2132 2271 2327 2408 2343 2145 1599  1 1 1 0.00 0 0 1.00 0 0 0 11.33 
0.467 2 1 0 0 0.0406 0.0259 0.0082 0.0000 0.002591 -0.009911 0.0000 0 0.0000 0  1623 2136 2273 2348 2414 2345 2141 1600  1 1 1 0.00 0 0 1.00 0 0 0 11.34 
0.469 2 1 0 0 0.0399 0.0248 0.0082 0.0000 0.002591 -0.009803 0.0000 0 0.0000 0  1622 2134 2272 2352 2415 2343 2145 1602  1 1 1 0.00 0 0 1.00 0 0 0 11.33 
0.471 2 1 0 0 0.0401 0.0245 0.0082 0.0000 0.002591 -0.009704 0.0000 0 0.0000 0  1618 2127 2270 2341 2408 2346 2154 1606  1 1 1 0.00 0 0 1.00 0 0 0 11.33 
0.473 2 1 0 0 0.0401 0.0242 0.0082 0.0000 0.002591 -0.009611 0.0000 0 0.0000 0  1618 2124 2262 2340 2403 2339 2145 1603  1 1 1 0.00 0 0 1.00 0 0 0 11.33 
0.475 2 1 0 0 0.0386 0.0224 0.0082 0.0000 0.002591 -0.009558 0.0000 0 0.0000 0  1616 2135 2266 2347 2410 2337 2142 1597  1 1 1 0.00 0 0 1.00 0 0 0 11.33 
0.477 2 1 0 0 0.0387 0.0222 0.0082 0.0000 0.002591 -0.009523 0.0000 0 0.0000 0  1620 2135 2276 2352 2415 2346 2143 1600  1 1 1 0.00 0 0 1.00 0 0 0 11.33 
0.479 2 1 0 0 0.0379 0.0212 0.0082 0.0000 0.002591 -0.009475 0.0000 0 0.0000 0  1622 2133 2272 2349 2412 2349 2146 1604  1 1 1 0.00 0 0 1.00 0 0 0 11.34 
0.481 2 1 0 0 0.0375 0.0205 0.0082 0.0000 0.002591 -0.009443 0.0000 0 0.0000 0  1608 2135 2273 2355 2411 2349 2147 1602  1 1 1 0.00 0 0 1.00 0 0 0 11.33 
0.483 2 1 0 0 0.0374 0.0202 0.0082 0.0000 0.002591 -0.009419 0.0000 0 0.0000 0  1622 2134 2272 2352 2413 2343 2143 1604  1 1 1 0.00 0 0 1.00 0 0 0 11.33 
0.485 2 1 0 0 0.0365 0.0190 0.0082 0.0000 0.002591 -0.009418 0.0000 0 0.0000 0  1623 2133 2272 2355 2414 2344 2152 1603  1 1 1 0.00 0 0 1.00 0 0 0 11.33 
0.487 2 1 0 0 0.0361 0.0184 0.0082 0.0000 0.002591 -0.009445 0.0000 0 0.0000 0  1624 2136 2275 2352 2410 2350 2144 1604  1 1 1 0.00 0 0 1.00 0 0 0 11.33 
0.489 2 1 0 0 0.0356 0.0178 0.0082 0.0000 0.002591 -0.009457 0.0000 0 0.0000 0  1623 2138 2271 2353 2414 2347 2145 1604  1 1 1 0.00 0 0 1.00 0 0 0 11.33 
0.491 2 1 0 0 0.0355 0.0175 0.0082 0.0000 0.002591 -0.009453 0.0000 0 0.0000 0  1624 2140 2271 2353 2389 2348 2148 1603  1 1 1 0.00 0 0 1.00 0 0 0 11.33 
0.493 2 1 0 0 0.0355 0.0174 0.0082 0.0000 0.002591 -0.009441 0.0000 0 0.0000 0  1617 2131 2274 2351 2412 2346 2146 1605  1 1 1 0.00 0 0 1.00 0 0 0 11.33 
0.495 2 1 0 0 0.0350 0.0167 0.0082 0.0000 0.002591 -0.009434 0.0000 0 0.0000 0  1620 2135 2270 2350 2407 2350 2147 1602  1 1 1 0.00 0 0 1.00 0 0 0 11.34 
0.497 2 1 0 0 0.0347 0.0162 0.0082 0.0000 0.002591 -0.009435 0.0000 0 0.0000 0  1624 2133 2276 2351 2413 2345 2147 1602  1 1 1 0.00 0 0 1.00 0 0 0 11.33 
0.499 2 1 0 0 0.0345 0.0159 0.0082 0.0000 0.002591 -0.009438 0.0000 0 0.0000 0  1614 2135 2274 2353 2411 2349 2145 1606  1 1 1 0.00 0 0 1.00 0 0 0 11.33 
0.501 2 1 0 0 0.0346 0.0160 0.0082 0.0000 0.002591 -0.009424 0.0000 0 0.0000 0  1619 2138 2276 2349 2412 2346 2149 1602  1 1 1 0.00 0 0 1.00 0 0 0 11.33 
0.503 2 1 0 0 0.0341 0.0154 0.0082 0.0000 0.002591 -0.009395 0.0000 0 0.0000 0  1625 2133 2272 2354 2410 2344 2142 1603  1 1 1 0.00 0 0 1.00 0 0 0 11.33 
0.505 2 1 0 0 0.0340 0.0152 0.0082 0.0000 0.002591 -0.009367 0.0000 0 0.0000 0  1618 2139 2273 2353 2411 2345 2144 1605  1 1 1 0.00 0 0 1.00 0 0 0 11.33 
0.507 2 1 0 0 0.0341 0.0151 0.0082 0.0000 0.002591 -0.009328 0.0000 0 0.0000 0  1624 2135 2273 2349 2414 2346 2143 1602  1 1 1 0.00 0 0 1.00 0 0 0 11.34 
0.509 2 1 0 0 0.0343 0.0152 0.0082 0.0000 0.002591 -0.009284 0.0000 0 0.0000 0  1626 2115 2267 2347 2407 2337 2142 1623  1 1 1 0.00 0 0 1.00 0 0 0 11.32 
0.511 2 1 0 0 0.0341 0.0149 0.0082 0.0000 0.002591 -0.009236 0.0000 0 0.0000 0  1619 2131 2272 2342 2410 2338 2142 1597  1 1 1 0.00 0 0 1.00 0 0 0 11.33 
0.513 2 1 0 0 0.0339 0.0146 0.0082 0.0000 0.002591 -0.009200 0.0000 0 0.0000 0  1622 2133 2271 2348 2410 2341 2143 1598  1 1 1 0.00 0 0 1.00 0 0 0 11.33 
0.515 2 1 0 0 0.0331 0.0138 0.0082 0.0000 0.002591 -0.009171 0.0000 0 0.0000 0  1619 2134 2273 2350 2416 2345 2145 1604  1 1 1 0.00 0 0 1.00 0 0 0 11.34 
0.517 2 1 0 0 0.0325 0.0131 0.0082 0.0000 0.002591 -0.009141 0.0000 0 0.0000 0  1626 2136 2274 2351 2413 2344 2145 1604  1 1 1 0.00 0 0 1.00 0 0 0 11.34 
0.519 2 1 0 0 0.0325 0.0130 0.0082 0.0000 0.002591 -0.009105 0.0000 0 0.0000 0  1620 2129 2275 2352 2413 2346 2152 1604  1 1 1 0.00 0 0 1.00 0 0 0 11.33 
0.521 2 1 0 0 0.0319 0.0123 0.0082 0.0000 0.002591 -0.009073 0.0000 0 0.0000 0  1616 2138 2274 2353 2414 2344 2145 1607  1 1 1 0.00 0 0 1.00 0 0 0 11.33 
0.523 2 1 0 0 0.0316 0.0120 0.0082 0.0000 0.002591 -0.009045 0.0000 0 0.0000 0  1626 2142 2275 2354 2412 2348 2147 1609  1 1 1 0.00 0 0 1.00 0 0 0 11.33 
0.525 2 1 0 0 0.0309 0.0112 0.0082 0.0000 0.002591 -0.009040 0.0000 0 0.0000 0  1621 2137 2270 2355 2413 2347 2145 1608  1 1 1 0.00 0 0 1.00 0 0 0 11.33 
0.527 2 1 0 0 0.0304 0.0107 0.0082 0.0000 0.002591 -0.009036 0.0000 0 0.0000 0  1623 2145 2281 2360 2422 2353 2153 1607  1 1 1 0.00 0 0 1.00 0 0 0 11.34 
0.529 2 1 0 0 0.0299 0.0101 0.0082 0.0000 0.002591 -0.009027 0.0000 0 0.0000 0  1622 2144 2278 2359 2422 2351 2149 1605  1 1 1 0.00 0 0 1.00 0 0 0 11.33 
0.531 2 1 0 0 0.0300 0.0101 0.0082 0.0000 0.002591 -0.009023 0.0000 0 0.0000 0  1638 2170 2294 2370 2442 2367 2164 1616  1 1 1 0.00 0 0 1.00 0 0 0 11.33 
0.533 2 1 0 0 0.0287 0.0088 0.0082 0.0000 0.002591 -0.009025 0.0000 0 0.0000 0  1629 2145 2286 2367 2407 2360 2154 1613  1 1 1 0.00 0 0 1.00 0 0 0 11.33 
0.535 2 1 0 0 0.0282 0.0082 0.0082 0.0000 0.002591 -0.009034 0.0000 0 0.0000 0  1621 2143 2279 2353 2416 2354 2155 1607  1 1 1 0.00 0 0 1.00 0 0 0 11.34 
0.537 2 1 0 0 0.0275 0.0075 0.0082 0.0000 0.002591 -0.009043 0.0000 0 0.0000 0  1626 2138 2274 2355 2413 2345 2142 1604  1 1 1 0.00 0 0 1.00 0 0 0 11.33 
0.539 2 1 0 0 0.0271 0.0070 0.0082 0.0000 0.002591 -0.009043 0.0000 0 0.0000 0  1624 2109 2247 2358 2432 2360 2156 1614  1 1 1 0.00 0 0 1.00 0 0 0 11.33 
0.541 2 1 0 0 0.0265 0.0064 0.0082 0.0000 0.002591 -0.009046 0.0000 0 0.0000 0  1626 2138 2274 2355 2412 2348 2144 1604  1 1 1 0.00 0 0 1.00 0 0 0 11.34 
0.543 2 1 0 0 0.0261 0.0059 0.0082 0.0000 0.002591 -0.009044 0.0000 0 0.0000 0  1621 2135 2278 2353 2410 2347 2143 1602  1 1 1 0.00 0 0 1.00 0 0 0 11.33 
0.545 2 1 0 0 0.0252 0.0049 0.0082 0.0000 0.002591 -0.009061 0.0000 0 0.0000 0  1622 2143 2275 2351 2412 2346 2145 1601  1 1 1 0.00 0 0 1.00 0 0 0 11.33 
0.547 2 1 0 0 0.0253 0.0050 0.0082 0.0000 0.002591 -0.009066 0.0000 0 0.0000 0  1623 2135 2277 2351 2414 2347 2145 1602  1 1 1 0.00 0 0 1.00 0 0 0 11.33 
0.549 2 1 0 0 0.0246 0.0043 0.0082 0.0000 0.002591 -0.009061 0.0000 0 0.0000 0  1618 2140 2276 2354 2433 2347 2147 1609  1 1 1 0.00 0 0 1.00 0 0 0 11.34 
0.551 2 1 0 0 0.0238 0.0035 0.0082 0.0000 0.002591 -0.009060 0.0000 0 0.0000 0  1615 2139 2276 2352 2435 2344 2144 1605  1 1 1 0.00 0 0 1.00 0 0 0 11.33 
0.553 2 1 0 0 0.0235 0.0030 0.0082 0.0000 0.002591 -0.009076 0.0000 0 0.0000 0  1622 2134 2273 2349 2411 2344 2144 1605  1 1 1 0.00 0 0 1.00 0 0 0 11.34 
0.555 2 1 0 0 0.0229 0.0024 0.0082 0.0000 0.002591 -0.009085 0.0000 0 0.0000 0  1621 2116 2273 2349 2411 2342 2149 1602  1 1 1 0.00 0 0 1.00 0 0 0 11.33 
0.557 2 1 0 0 0.0223 0.0018 0.0082 0.0000 0.002591 -0.009086 0.0000 0 0.0000 0  1616 2132 2276 2351 2409 2345 2151 1603  1 1 1 0.00 0 0 1.00 0 0 0 11.33 
0.559 2 1 0 0 0.0215 0.0009 0.0082 0.0000 0.002591 -0.009095 0.0000 0 0.0000 0  1621 2137 2274 2352 2397 2347 2143 1607  1 1 1 0.00 0 0 1.00 0 0 0 11.33 
0.561 2 1 0 0 0.0211 0.0005 0.0082 0.0000 0.002591 -0.009112 0.0000 0 0.0000 0  1616 2136 2278 2352 2412 2343 2140 1603  1 1 1 0.00 0 0 1.00 0 0 0 11.33 
0.563 2 1 0 0 0.0204 -0.0003 0.0082 0.0000 0.002591 -0.009137 0.0000 0 0.0000 0  1621 2135 2272 2352 2411 2344 2144 1604  1 1 1 0.00 0 0 1.00 0 0 0 11.33 
0.565 2 1 0 0 0.0191 -0.0016 0.0082 0.0000 0.002591 -0.009170 0.0000 0 0.0000 0  1619 2133 2272 2352 2412 2344 2142 1605  1 1 1 0.00 0 0 1.00 0 0 0 11.33 
0.567 2 1 0 0 0.0187 -0.0020 0.0082 0.0000 0.002591 -0.009215 0.0000 0 0.0000 0  1617 2127 2272 2352 2407 2343 2141 1604  1 1 1 0.00 0 0 1.00 0 0 0 11.33 
0.569 2 1 0 0 0.0177 -0.0031 0.0082 0.0000 0.002591 -0.009272 0.0000 0 0.0000 0  1620 2138 2272 2354 2412 2344 2145 1601  1 1 1 0.00 0 0 1.00 0 0 0 11.33 
0.571 2 1 0 0 0.0167 -0.0042 0.0082 0.0000 0.002591 -0.009324 0.0000 0 0.0000 0  1616 2136 2273 2350 2407 2343 2145 1603  1 1 1 0.00 0 0 1.00 0 0 0 11.33 
0.573 2 1 0 0 0.0162 -0.0047 0.0082 0.0000 0.002591 -0.009385 0.0000 0 0.0000 0  1624 2133 2310 2391 2433 2354 2142 1623  1 1 1 0.00 0 0 1.00 0 0 0 11.32 
0.575 2 1 0 0 0.0155 -0.0054 0.0082 0.0000 0.002591 -0.009445 0.0000 0 0.0000 0  1621 2125 2265 2341 2400 2336 2138 1595  1 1 1 0.00 0 0 1.00 0 0 0 11.32 
0.577 2 1 0 0 0.0144 -0.0066 0.0082 0.0000 0.002591 -0.009497 0.0000 0 0.0000 0  1604 2125 2258 2334 2412 2330 2124 1588  1 1 1 0.00 0 0 1.00 0 0 0 11.33 
0.579 2 1 0 0 0.0134 -0.0076 0.0082 0.0000 0.002591 -0.009557 0.0000 0 0.0000 0  1618 2143 2274 2353 2415 2348 2146 1604  1 1 1 0.00 0 0 1.00 0 0 0 11.33 
0.581 2 1 0 0 0.0128 -0.0082 0.0082 0.0000 0.002591 -0.009631 0.0000 0 0.0000 0  1618 2157 2279 2349 2408 2345 2144 1587  1 1 1 0.00 0 0 1.00 0 0 0 11.34 
0.583 2 1 0 0 0.0121 -0.0090 0.0082 0.0000 0.002591 -0.009705 0.0000 0 0.0000 0  1622 2137 2266 2347 2408 2339 2140 1600  1 1 1 0.00 0 0 1.00 0 0 0 11.34 
0.585 2 1 0 0 0.0108 -0.0104 0.0082 0.0000 0.002591 -0.009788 0.0000 0 0.0000 0  1613 2129 2264 2345 2404 2334 2137 1598  1 1 1 0.00 0 0 1.00 0 0 0 11.33 
0.587 2 1 0 0 0.0096 -0.0116 0.0082 0.0000 0.002591 -0.009880 0.0000 0 0.0000 0  1616 2128 2269 2345 2402 2335 2139 1603  1 1 1 0.00 0 0 1.00 0 0 0 11.33 
0.589 2 1 0 0 0.0089 -0.0123 0.0082 0.0000 0.002591 -0.009970 0.0000 0 0.0000 0  1620 2137 2269 2353 2411 2342 2140 1601  1 1 1 0.00 0 0 1.00 0 0 0 11.33 
0.591 2 1 0 0 0.0074 -0.0139 0.0082 0.0000 0.002591 -0.010065 0.0000 0 0.0000 0  1613 2129 2264 2351 2405 2341 2140 1600  1 1 1 0.00 0 0 1.00 0 0 0 11.33 
0.593 2 1 0 0 0.0067 -0.0146 0.0082 0.0000 0.002591 -0.010166 0.0000 0 0.0000 0  1619 2130 2268 2348 2403 2340 2141 1600  1 1 1 0.00 0 0 1.00 0 0 0 11.34 
0.595 2 1 0 0 0.0058 -0.0155 0.0082 0.0000 0.002591 -0.010262 0.0000 0 0.0000 0  1612 2127 2267 2348 2401 2337 2132 1599  1 1 1 0.00 0 0 1.00 0 0 0 11.33 
0.597 2 1 0 0 0.0047 -0.0167 0.0082 0.0000 0.002591 -0.010365 0.0000 0 0.0000 0  1621 2128 2266 2348 2406 2337 2138 1601  1 1 1 0.00 0 0 1.00 0 0 0 11.34 
0.599 2 1 0 0 0.0033 -0.0181 0.0082 0.0000 0.002591 -0.010475 0.0000 0 0.0000 0  1619 2127 2268 2346 2407 2337 2137 1598  1 1 1 0.00 0 0 1.00 0 0 0 11.33 
0.601 2 1 0 0 0.0022 -0.0192 0.0082 0.0000 0.002591 -0.010596 0.0000 0 0.0000 0  1612 2125 2267 2344 2418 2338 2135 1586  1 1 1 0.00 0 0 1.00 0 0 0 11.33 
0.603 2 1 0 0 0.0014 -0.0201 0.0082 0.0000 0.002591 -0.010711 0.0000 0 0.0000 0  1612 2124 2261 2344 2394 2334 2131 1593  1 1 1 0.00 0 0 1.00 0 0 0 11.33 
0.605 2 1 0 0 0.0004 -0.0212 0.0082 0.0000 0.002591 -0.010830 0.0000 0 0.0000 0  1615 2123 2261 2339 2399 2333 2128 1594  1 1 1 0.00 0 0 1.00 0 0 0 11.34 
0.607 2 1 0 0 -0.0005 -0.0221 0.0082 0.0000 0.002591 -0.010947 0.0000 0 0.0000 0  1611 2127 2240 2342 2399 2332 2134 1572  1 1 1 0.00 0 0 1.00 0 0 0 11.33 
0.609 2 1 0 0 -0.0019 -0.0235 0.0082 0.0000 0.002591 -0.011072 0.0000 0 0.0000 0  1609 2124 2261 2341 2399 2333 2136 1596  1 1 1 0.00 0 0 1.00 0 0 0 11.33 
0.611 2 1 0 0 -0.0033 -0.0250 0.0082 0.0000 0.002591 -0.011206 0.0000 0 0.0000 0  1608 2120 2261 2340 2394 2334 2129 1597  1 1 1 0.00 0 0 1.00 0 0 0 11.34 
0.613 2 1 0 0 -0.0045 -0.0262 0.0082 0.0000 0.002591 -0.011352 0.0000 0 0.0000 0  1610 2123 2252 2339 2391 2331 2129 1589  1 1 1 0.00 0 0 1.00 0 0 0 11.33 
0.615 2 1 0 0 -0.0057 -0.0275 0.0082 0.0000 0.002591 -0.011485 0.0000 0 0.0000 0  1605 2119 2257 2334 2393 2329 2128 1589  1 1 1 0.00 0 0 1.00 0 0 0 11.33 
0.617 2 1 0 0 -0.0073 -0.0291 0.0082 0.0000 0.002591 -0.011629 0.0000 0 0.0000 0  1611 2122 2261 2338 2396 2328 2132 1588  1 1 1 0.00 0 0 1.00 0 0 0 11.33 
0.619 2 1 0 0 -0.0084 -0.0303 0.0082 0.0000 0.002591 -0.011776 0.0000 0 0.0000 0  1604 2120 2258 2334 2394 2334 2128 1590  1 1 1 0.00 0 0 1.00 0 0 0 11.33 
0.621 2 1 0 0 -0.0097 -0.0316 0.0082 0.0000 0.002591 -0.011931 0.0000 0 0.0000 0  1610 2120 2253 2339 2393 2329 2123 1588  1 1 1 0.00 0 0 1.00 0 0 0 11.33 
0.623 2 1 0 0 -0.0114 -0.0333 0.0082 0.0000 0.002591 -0.012088 0.0000 0 0.0000 0  1608 2120 2255 2337 2398 2323 2124 1589  1 1 1 0.00 0 0 1.00 0 0 0 11.33 
0.625 2 1 0 0 -0.0128 -0.0348 0.0082 0.0000 0.002591 -0.012252 0.0000 0 0.0000 0  1611 2124 2258 2335 2396 2323 2123 1584  1 1 1 0.00 0 0 1.00 0 0 0 11.33 
0.627 2 1 0 0 -0.0142 -0.0362 0.0082 0.0000 0.002591 -0.012425 0.0000 0 0.0000 0  1607 2115 2256 2335 2388 2327 2119 1607  1 1 1 0.00 0 0 1.00 0 0 0 11.34 
0.629 2 1 0 0 -0.0159 -0.0379 0.0082 0.0000 0.002591 -0.012613 0.0000 0 0.0000 0  1598 2120 2257 2336 2398 2319 2124 1585  1 1 1 0.00 0 0 1.00 0 0 0 11.33 
0.631 2 1 0 0 -0.0174 -0.0395 0.0082 0.0000 0.002591 -0.012798 0.0000 0 0.0000 0  1598 2116 2245 2334 2376 2325 2122 1583  1 1 1 0.00 0 0 1.00 0 0 0 11.33 
0.633 2 1 0 0 -0.0192 -0.0414 0.0082 0.0000 0.002591 -0.012990 0.0000 0 0.0000 0  1600 2114 2227 2332 2403 2325 2120 1585  1 1 1 0.00 0 0 1.00 0 0 0 11.33 
0.635 2 1 0 0 -0.0208 -0.0430 0.0082 0.0000 0.002591 -0.013199 0.0000 0 0.0000 0  1600 2112 2261 2331 2379 2331 2115 1581  1 1 1 0.00 0 0 1.00 0 0 0 11.33 
0.637 2 1 0 0 -0.0407 -0.0248 0.0080 0.0000 0.000000 -0.013395 0.0000 0 0.0000 0  1605 2110 2249 2331 2373 2321 2116 1580  1 1 1 0.00 0 0 1.00 0 0 0 11.33 
0.639 2 1 0 0 -0.0413 -0.0282 0.0080 0.0000 0.000000 -0.013593 0.0000 0 0.0000 0  1602 2118 2260 2327 2385 2328 2117 1577  1 1 1 0.00 0 0 1.00 0 0 0 11.34 
0.641 2 1 0 0 -0.0417 -0.0313 0.0080 0.0000 0.000000 -0.013791 0.0000 0 0.0000 0  1606 2116 2270 2320 2378 2312 2117 1577  1 1 1 0.00 0 0 1.00 0 0 0 11.33 
0.643 2 1 0 0 -0.0421 -0.0340 0.0080 0.0000 0.000000 -0.014003 0.0000 0 0.0000 0  1620 2140 2258 2294 2351 2252 2104 1574  1 1 1 0.00 0 0 1.00 0 0 0 11.33 
0.645 2 1 0 0 -0.0427 -0.0367 0.0080 0.0000 0.000000 -0.014220 0.0000 0 0.0000 0  1596 2108 2241 2320 2382 2327 2114 1576  1 1 1 0.00 0 0 1.00 0 0 0 11.33 
0.647 2 1 0 0 -0.0243 -0.0585 0.0078 0.0000 0.002591 -0.014446 0.0000 0 0.0000 0  1602 2101 2245 2328 2380 2319 2108 1584  1 1 1 0.00 0 0 1.00 0 0 0 11.33 
0.649 2 1 0 0 -0.0464 -0.0413 0.0076 0.0000 0.000000 -0.014670 0.0000 0 0.0000 0  1596 2105 2246 2328 2378 2305 2110 1596  1 1 1 0.00 0 0 1.00 0 0 0 11.33 
0.651 2 1 0 0 -0.0471 -0.0439 0.0076 0.0000 0.000000 -0.014896 0.0000 0 0.0000 0  1597 2103 2238 2319 2379 2298 2109 1594  1 1 1 0.00 0 0 1.00 0 0 0 11.33 
0.653 2 1 0 0 -0.0482 -0.0467 0.0076 0.0000 0.000000 -0.015123 0.0000 0 0.0000 0  1605 2097 2233 2318 2374 2303 2108 1572  1 1 1 0.00 0 0 1.00 0 0 0 11.33 
0.655 2 1 0 0 -0.0495 -0.0494 0.0076 0.0000 0.000000 -0.015349 0.0000 0 0.0000 0  1591 2099 2233 2318 2370 2311 2109 1575  1 1 1 0.00 0 0 1.00 0 0 0 11.33 
0.657 2 1 0 0 -0.0336 -0.0730 0.0074 0.0000 0.002591 -0.015568 0.0000 0 0.0000 0  1596 2100 2238 2318 2378 2333 2108 1576  1 1 1 0.00 0 0 1.00 0 0 0 11.33 
0.659 2 1 0 0 -0.0372 -0.0750 0.0074 0.0000 0.002591 -0.015790 0.0000 0 0.0000 0  1593 2100 2211 2318 2372 2298 2108 1570  1 1 1 0.00 0 0 1.00 0 0 0 11.33 
0.661 2 1 0 0 -0.0393 -0.0757 0.0074 0.0000 0.002591 -0.015974 0.0000 0 0.0000 0  1586 2095 2233 2322 2371 2303 2103 1574  1 1 1 0.00 0 0 1.00 0 0 0 11.33 
0.663 2 1 0 0 -0.0417 -0.0768 0.0074 0.0000 0.002591 -0.016181 0.0000 0 0.0000 0  1591 2097 2223 2312 2375 2287 2100 1570  1 1 1 0.00 0 0 1.00 0 0 0 11.33 
0.665 2 1 0 0 -0.0277 -0.0998 0.0072 0.0000 0.005182 -0.016438 0.0000 0 0.0000 0  1589 2096 2214 2318 2371 2288 2099 1559  1 1 1 0.00 0 0 1.00 0 0 0 11.33 
0.667 2 1 0 0 -0.0315 -0.0996 0.0072 0.0000 0.005182 -0.016649 0.0000 0 0.0000 0  1592 2094 2247 2309 2368 2306 2101 1570  1 1 1 0.00 0 0 1.00 0 0 0 11.33 
0.669 2 1 0 0 -0.0349 -0.0995 0.0072 0.0000 0.005182 -0.016795 0.0000 0 0.0000 0  1591 2095 2241 2313 2370 2307 2098 1575  1 1 1 0.00 0 0 1.00 0 0 0 11.33 
0.671 2 1 0 0 -0.0382 -0.0997 0.0072 0.0000 0.005182 -0.016916 0.0000 0 0.0000 0  1594 2092 2241 2313 2365 2299 2097 1584  1 1 1 0.00 0 0 1.00 0 0 0 11.33 
0.673 2 1 0 0 -0.0583 -0.0788 0.0070 0.0000 0.002591 -0.017077 0.0000 0 0.0000 0  1584 2094 2239 2313 2366 2304 2104 1579  1 1 1 0.00 0 0 1.00 0 0 0 11.33 
0.675 2 1 0 0 -0.0564 -0.0771 0.0070 0.0000 0.002591 -0.017245 0.0000 0 0.0000 0  1589 2094 2229 2313 2363 2301 2101 1572  1 1 1 0.00 0 0 1.00 0 0 0 11.32 
0.677 2 1 0 0 -0.0512 -0.0722 0.0070 0.0000 0.002591 -0.017288 0.0000 0 0.0000 0  1591 2109 2239 2313 2365 2301 2097 1557  1 1 1 0.00 0 0 1.00 0 0 0 11.32 
0.679 2 1 0 0 -0.0449 -0.0661 0.0070 0.0000 0.002591 -0.017154 0.0000 0 0.0000 0  1567 2067 2186 2287 2345 2268 2076 1550  1 1 1 0.00 0 0 1.00 0 0 0 11.33 
0.681 2 1 0 0 -0.0394 -0.0608 0.0070 0.0000 0.002591 -0.016836 0.0000 0 0.0000 0  1594 2112 2254 2328 2384 2300 2110 1579  1 1 1 0.00 0 0 1.00 0 0 0 11.33 
0.683 2 1 0 0 -0.0377 -0.0593 0.0070 0.0000 0.002591 -0.016547 0.0000 0 0.0000 0  1591 2095 2221 2317 2373 2283 2114 1591  1 1 1 0.00 0 0 1.00 0 0 0 11.33 
0.685 2 1 0 0 -0.0403 -0.0621 0.0070 0.0000 0.002591 -0.016443 0.0000 0 0.0000 0  1590 2101 2212 2318 2374 2294 2102 1575  1 1 1 0.00 0 0 1.00 0 0 0 11.33 
0.687 2 1 0 0 -0.0606 -0.0459 0.0068 0.0000 0.000000 -0.016358 0.0000 0 0.0000 0  1594 2098 2237 2321 2380 2320 2107 1571  1 1 1 0.00 0 0 1.00 0 0 0 11.33 
0.689 2 1 0 0 -0.0583 -0.0464 0.0068 0.0000 0.000000 -0.016132 0.0000 0 0.0000 0  1595 2102 2247 2320 2373 2303 2102 1571  1 1 1 0.00 0 0 1.00 0 0 0 11.33 
0.691 2 1 0 0 -0.0588 -0.0495 0.0068 0.0000 0.000000 -0.015830 0.0000 0 0.0000 0  1592 2100 2248 2316 2370 2313 2108 1577  1 1 1 0.00 0 0 1.00 0 0 0 11.32 
0.693 2 1 0 0 -0.0601 -0.0531 0.0068 0.0000 0.000000 -0.015617 0.0000 0 0.0000 0  1592 2095 2242 2320 2370 2277 2106 1574  1 1 1 0.00 0 0 1.00 0 0 0 11.33 
0.695 2 1 0 0 -0.0421 -0.0754 0.0066 0.0000 0.002591 -0.015490 0.0000 0 0.0000 0  1591 2097 2238 2316 2369 2305 2107 1576  1 1 1 0.00 0 0 1.00 0 0 0 11.33 
0.697 2 1 0 0 -0.0455 -0.0778 0.0066 0.0000 0.002591 -0.015426 0.0000 0 0.0000 0  1595 2097 2227 2321 2371 2301 2110 1580  1 1 1 0.00 0 0 1.00 0 0 0 11.33 
0.699 2 1 0 0 -0.0488 -0.0802 0.0066 0.0000 0.002591 -0.015415 0.0000 0 0.0000 0  1598 2096 2225 2310 2373 2331 2115 1575  1 1 1 0.00 0 0 1.00 0 0 0 11.33 
0.701 2 1 0 0 -0.0487 -0.0794 0.0066 0.0000 0.002591 -0.015297 0.0000 0 0.0000 0  1592 2100 2235 2324 2377 2307 2114 1577  1 1 1 0.00 0 0 1.00 0 0 0 11.32 
0.703 2 1 0 0 -0.0459 -0.0759 0.0066 0.0000 0.002591 -0.015065 0.0000 0 0.0000 0  1589 2099 2234 2313 2372 2315 2109 1578  1 1 1 0.00 0 0 1.00 0 0 0 11.31 
0.705 2 1 0 0 -0.0605 -0.0533 0.0064 0.0000 0.000000 -0.014588 0.0000 0 0.0000 0  1583 2103 2226 2313 2375 2307 2111 1573  1 1 1 0.00 0 0 1.00 0 0 0 11.32 
0.707 2 1 0 0 -0.0552 -0.0501 0.0064 0.0000 0.000000 -0.014023 0.0000 0 0.0000 0  1597 2103 2242 2323 2377 2316 2113 1578  1 1 1 0.00 0 0 1.00 0 0 0 11.32 
0.709 2 1 0 0 -0.0579 -0.0547 0.0064 0.0000 0.000000 -0.013769 0.0000 0 0.0000 0  1587 2096 2240 2326 2376 2305 2114 1585  1 1 1 0.00 0 0 1.00 0 0 0 11.33 
0.711 2 1 0 0 -0.0819 -0.0424 0.0062 0.0000 -0.002591 -0.013779 0.0000 0 0.0000 0  1601 2098 2236 2323 2375 2325 2121 1580  1 1 1 0.00 0 0 1.00 0 0 0 11.33 
0.713 2 1 0 0 -0.0826 -0.0475 0.0062 0.0000 -0.002591 -0.013887 0.0000 0 0.0000 0  1594 2100 2239 2325 2371 2322 2113 1577  1 1 1 0.00 0 0 1.00 0 0 0 11.32 
0.715 2 1 0 0 -0.0859 -0.0548 0.0062 0.0000 -0.002591 -0.013962 0.0000 0 0.0000 0  1597 2102 2240 2319 2375 2307 2114 1581  1 1 1 0.00 0 0 1.00 0 0 0 11.32 
0.717 2 1 0 0 -0.0655 -0.0761 0.0060 0.0000 0.000000 -0.013914 0.0000 0 0.0000 0  1611 2101 2265 2312 2380 2319 2106 1581  1 1 1 0.00 0 0 1.00 0 0 0 11.31 
0.719 2 1 0 0 -0.0574 -0.0685 0.0060 0.0000 0.000000 -0.013670 0.0000 0 0.0000 0  1611 2102 2243 2320 2379 2323 2119 1580  1 1 1 0.00 0 0 1.00 0 0 0 11.33 
0.721 2 1 0 0 -0.0551 -0.0666 0.0060 0.0000 0.000000 -0.013473 0.0000 0 0.0000 0  1615 2098 2239 2324 2380 2300 2111 1582  1 1 1 0.00 0 0 1.00 0 0 0 11.33 
0.723 2 1 0 0 -0.0544 -0.0663 0.0060 0.0000 0.000000 -0.013191 0.0000 0 0.0000 0  1599 2101 2241 2320 2376 2321 2109 1583  1 1 1 0.00 0 0 1.00 0 0 0 11.32 
0.725 2 1 0 0 -0.0671 -0.0426 0.0058 0.0000 -0.002591 -0.012668 0.0000 0 0.0000 0  1604 2120 2251 2327 2377 2321 2107 1578  1 1 1 0.00 0 0 1.00 0 0 0 11.33 
0.727 2 1 0 0 -0.0640 -0.0424 0.0058 0.0000 -0.002591 -0.012073 0.0000 0 0.0000 0  1657 2190 2352 2238 2300 2231 2041 1523  1 1 1 0.00 0 0 1.00 0 0 0 11.33 
