%% logfile from robot Alma (11)
% Alma (11)
%  1    time 1.501 sec
%  2  3  4  5   (mission 0), state 2, entered (thread 1, line 1), events 0x0 (bit-flags)
%  6  7 Motor velocity ref left, right: -0.0776 -0.0736
%  8  9 10 11 Pose x,y,h,tilt [m,m,rad,rad]: 0.00602116 0.000834589 -4.65661e-10 0.00112017
% 12 .. 35 Edge sensor: left 0.000000 0, right 0.000000 0, values 1674 2209 2282 2267 2346 2350 2212 1620, 
%    white 1, used 1, LEDhigh=1, xingVal=0.00 xlcnt=0 lvcnt=0,LineVal=1.00, lineLow=-1, lineHi=-1, edgeAngle=0.
% whitelevel=[2898 3352 3437 3462 3485 3466 3391 2862];
% blacklevel=[1435 1889 2091 2192 2279 2230 2035 1497];
% 36    Battery voltage [V]: 11.90
% 37 46 ctrl edge, ref=0, m=0, m2=-8.84346e-17, uf=0, r2=0, ep=1.76869e-17,up=0.00188724, ui=0, u1=0.00188724, u=0
1.501 2 1 1 0 -0.0776 -0.0736 0.0060 0.0008 -0.000000 0.001120 0.0000 0 0.0000 0  1674 2209 2282 2267 2346 2350 2212 1620  1 1 1 0 0 0.00 0 0 1.00 -1 -1 0 11.90 0 0 -8.84346e-17 0 0 1.76869e-17 0.00188724 0 0.00188724 0 
1.511 2 1 1 0 -0.0663 -0.0588 0.0056 0.0008 -0.000000 0.002607 0.0000 0 0.0000 0  1723 2206 2284 2292 2344 2351 2227 1625  1 1 1 0 0 0.00 0 0 1.00 -1 -1 0 11.91 0 0 -8.84346e-17 0 0 1.76869e-17 0.00188724 0 0.00188724 0 
1.521 2 1 1 0 -0.0819 -0.0735 0.0052 0.0008 -0.000000 0.003444 0.0000 0 0.0000 0  1674 2197 2283 2297 2344 2354 2205 1627  1 1 1 0 0 0.00 0 0 1.00 -1 -1 0 11.91 0 0 -8.84346e-17 0 0 1.76869e-17 0.00188724 0 0.00188724 0 
1.531 2 1 1 0 -0.0752 -0.0649 0.0048 0.0008 -0.000000 0.004914 0.0000 0 0.0000 0  1697 2214 2286 2297 2343 2348 2219 1630  1 1 1 0 0 0.00 0 0 1.00 -1 -1 0 11.92 0 0 -8.84346e-17 0 0 1.76869e-17 0.00188724 0 0.00188724 0 
1.541 2 1 1 0 -0.0767 -0.0641 0.0044 0.0008 -0.000000 0.007527 0.0000 0 0.0000 0  1715 2217 2295 2268 2349 2352 2235 1643  1 1 1 0 0 0.00 0 0 1.00 -1 -1 0 11.91 0 0 -8.84346e-17 0 0 1.76869e-17 0.00188724 0 0.00188724 0 
1.551 2 1 1 0 -0.0704 -0.0917 0.0042 0.0008 0.002591 0.008913 0.0000 0 0.0000 0  1722 2241 2298 2316 2375 2360 2240 1651  1 1 1 0 0 0.00 0 0 1.00 -1 -1 0 11.91 0 0 -8.84346e-17 0 0 1.76869e-17 0.00188724 0 0.00188724 0 
1.561 2 1 1 0 -0.0934 -0.0752 0.0036 0.0008 -0.000000 0.010702 0.0000 0 0.0000 0  1716 2223 2295 2287 2351 2359 2237 1653  1 1 1 0 0 0.00 0 0 1.00 -1 -1 0 11.91 0 0 -8.84346e-17 0 0 1.76869e-17 0.00188724 0 0.00188724 0 
1.571 2 1 1 0 -0.0850 -0.0736 0.0032 0.0008 -0.000000 0.011956 0.0000 0 0.0000 0  1713 2207 2299 2295 2358 2356 2236 1650  1 1 1 0 0 0.00 0 0 1.00 -1 -1 0 11.91 0 0 -8.84346e-17 0 0 1.76869e-17 0.00188724 0 0.00188724 0 
1.581 2 1 1 0 -0.0808 -0.0661 0.0028 0.0008 -0.000000 0.014867 0.0000 0 0.0000 0  1736 2239 2308 2302 2346 2369 2259 1666  1 1 1 0 0 0.00 0 0 1.00 -1 -1 0 11.92 0 0 -8.84346e-17 0 0 1.76869e-17 0.00188724 0 0.00188724 0 
1.591 2 1 1 0 -0.0956 -0.0817 0.0024 0.0008 -0.000000 0.016461 0.0000 0 0.0000 0  1739 2244 2317 2308 2382 2382 2285 1678  1 1 1 0 0 0.00 0 0 1.00 -1 -1 0 11.91 0 0 -8.84346e-17 0 0 1.76869e-17 0.00188724 0 0.00188724 0 
1.601 2 1 1 0 -0.0579 -0.0793 0.0018 0.0008 0.002591 0.019444 0.0000 0 0.0000 0  1751 2266 2330 2327 2409 2394 2284 1701  1 1 1 0 0 0.00 0 0 1.00 -1 -1 0 11.91 0 0 -8.84346e-17 0 0 1.76869e-17 0.00188724 0 0.00188724 0 
1.611 2 1 1 0 -0.0579 -0.0706 0.0014 0.0008 0.002591 0.023269 0.0000 0 0.0000 0  1764 2260 2341 2342 2418 2409 2294 1706  1 1 1 0 0 0.00 0 0 1.00 -1 -1 0 11.92 0 0 -8.84346e-17 0 0 1.76869e-17 0.00188724 0 0.00188724 0 
1.621 2 1 1 0 -0.0811 -0.0531 0.0012 0.0008 -0.000000 0.025966 0.0000 0 0.0000 0  1763 2274 2350 2357 2420 2431 2316 1718  1 1 1 0 0 0.00 0 0 1.00 -1 -1 0 11.91 0 0 -8.84346e-17 0 0 1.76869e-17 0.00188724 0 0.00188724 0 
1.631 2 1 1 0 -0.0720 -0.0849 0.0006 0.0008 0.002591 0.027647 0.0000 0 0.0000 0  1769 2294 2359 2363 2442 2437 2326 1702  1 1 1 0 0 0.00 0 0 1.00 -1 -1 0 11.92 0 0 -8.84346e-17 0 0 1.76869e-17 0.00188724 0 0.00188724 0 
1.641 2 1 1 0 -0.0850 -0.0885 0.0002 0.0008 0.002591 0.028801 0.0000 0 0.0000 0  1784 2290 2361 2370 2446 2439 2333 1747  1 1 1 0 0 0.00 0 0 1.00 -1 -1 0 11.91 0 0 -8.84346e-17 0 0 1.76869e-17 0.00188724 0 0.00188724 0 
1.651 2 1 1 0 -0.1154 -0.0504 -0.0002 0.0008 -0.002591 0.030201 0.0000 0 0.0000 0  1783 2290 2367 2378 2461 2460 2341 1772  1 1 1 0 0 0.00 0 0 1.00 -1 -1 0 11.91 0 0 -8.84346e-17 0 0 1.76869e-17 0.00188724 0 0.00188724 0 
1.661 2 1 1 0 -0.0591 -0.0399 -0.0004 0.0008 -0.000000 0.032904 0.0000 0 0.0000 0  1799 2303 2378 2393 2453 2477 2357 1762  1 1 1 0 0 0.00 0 0 1.00 -1 -1 0 11.91 0 0 -8.84346e-17 0 0 1.76869e-17 0.00188724 0 0.00188724 0 
1.671 2 1 1 0 -0.0188 -0.0297 -0.0006 0.0008 0.002591 0.038654 0.0000 0 0.0000 0  1809 2346 2403 2413 2479 2503 2380 1786  1 1 1 0 0 0.00 0 0 1.00 -1 -1 0 11.92 0 0 -8.84346e-17 0 0 1.76869e-17 0.00188724 0 0.00188724 0 
1.681 2 1 1 0 -0.0445 -0.0158 -0.0008 0.0008 -0.000000 0.042389 0.0000 0 0.0000 0  1819 2338 2424 2442 2528 2528 2405 1808  1 1 1 0 0 0.00 0 0 1.00 -1 -1 0 11.91 0 0 -8.84346e-17 0 0 1.76869e-17 0.00188724 0 0.00188724 0 
1.691 2 1 1 0 -0.0669 -0.0096 -0.0010 0.0008 -0.002591 0.044148 0.0000 0 0.0000 0  1825 2348 2421 2457 2544 2527 2414 1814  1 1 1 0 0 0.00 0 0 1.00 -1 -1 0 11.91 0 0 -8.84346e-17 0 0 1.76869e-17 0.00188724 0 0.00188724 0 
1.701 2 1 1 0 -0.0489 -0.0377 -0.0012 0.0008 -0.000000 0.044935 0.0000 0 0.0000 0  1832 2354 2440 2462 2549 2557 2421 1833  1 1 1 0 0 0.00 0 0 1.00 -1 -1 0 11.92 0 0 -8.84346e-17 0 0 1.76869e-17 0.00188724 0 0.00188724 0 
1.711 2 1 1 0 -0.0242 -0.0727 -0.0016 0.0008 0.005182 0.045629 0.0000 0 0.0000 0  1833 2359 2438 2470 2556 2556 2429 1822  1 1 1 0 0 0.00 0 0 1.00 -1 -1 0 11.91 0 0 -8.84346e-17 0 0 1.76869e-17 0.00188724 0 0.00188724 0 
1.721 2 1 1 0 -0.0368 -0.0349 -0.0022 0.0008 0.002591 0.046879 0.0000 0 0.0000 0  1841 2365 2444 2482 2561 2557 2436 1838  1 1 1 0 0 0.00 0 0 1.00 -1 -1 0 11.92 0 0 -8.84346e-17 0 0 1.76869e-17 0.00188724 0 0.00188724 0 
1.731 2 1 1 0 -0.0584 -0.0194 -0.0024 0.0008 -0.000000 0.048592 0.0000 0 0.0000 0  1845 2369 2472 2489 2574 2567 2446 1848  1 1 1 0 0 0.00 0 0 1.00 -1 -1 0 11.92 0 0 -8.84346e-17 0 0 1.76869e-17 0.00188724 0 0.00188724 0 
1.741 2 1 1 0 -0.0413 -0.0132 -0.0024 0.0008 -0.000000 0.050377 0.0000 0 0.0000 0  1858 2382 2470 2504 2584 2602 2461 1854  1 1 1 0 0 0.00 0 0 1.00 -1 -1 0 11.91 0 0 -8.84346e-17 0 0 1.76869e-17 0.00188724 0 0.00188724 0 
1.751 2 1 1 0 -0.0304 -0.0089 -0.0024 0.0008 -0.000000 0.052026 0.0000 0 0.0000 0  1872 2384 2482 2510 2593 2593 2465 1863  1 1 1 0 0 0.00 0 0 1.00 -1 -1 0 11.91 0 0 -8.84346e-17 0 0 1.76869e-17 0.00188724 0 0.00188724 0 
1.761 2 1 1 0 -0.0017 -0.0147 -0.0022 0.0008 0.002591 0.053590 0.0000 0 0.0000 0  1878 2395 2494 2523 2604 2603 2480 1872  1 1 1 0 0 0.00 0 0 1.00 -1 -1 0 11.92 0 0 -8.84346e-17 0 0 1.76869e-17 0.00188724 0 0.00188724 0 
1.771 2 1 1 0 0.0111 0.0042 -0.0022 0.0008 0.002591 0.055239 0.0000 0 0.0000 0  1885 2406 2502 2529 2617 2615 2492 1884  1 1 1 0 0 0.00 0 0 1.00 -1 -1 0 11.92 0 0 -8.84346e-17 0 0 1.76869e-17 0.00188724 0 0.00188724 0 
1.781 2 1 1 0 0.0261 0.0228 -0.0022 0.0008 0.002591 0.057482 0.0000 0 0.0000 0  1890 2420 2511 2540 2628 2624 2503 1896  1 1 1 0 0 0.00 0 0 1.00 -1 -1 0 11.92 0 0 -8.84346e-17 0 0 1.76869e-17 0.00188724 0 0.00188724 0 
1.791 2 1 1 0 0.0381 0.0370 -0.0022 0.0008 0.002591 0.059951 0.0000 0 0.0000 0  1912 2436 2540 2558 2645 2634 2525 1909  1 1 1 0 0 0.00 0 0 1.00 -1 -1 0 11.93 0 0 -8.84346e-17 0 0 1.76869e-17 0.00188724 0 0.00188724 0 
1.801 2 1 1 0 0.0341 0.0682 -0.0020 0.0008 -0.000000 0.062498 0.0000 0 0.0000 0  1916 2452 2541 2583 2659 2659 2543 1920  1 1 1 0 0 0.00 0 0 1.00 -1 -1 0 11.92 0 0 -8.84346e-17 0 0 1.76869e-17 0.00188724 0 0.00188724 0 
1.811 2 1 1 0 0.0959 0.0509 -0.0016 0.0008 0.005182 0.065579 0.0000 0 0.0000 0  1963 2463 2547 2576 2676 2678 2558 1937  1 1 1 0 0 0.00 0 0 1.00 -1 -1 0 11.89 0 0 -8.84346e-17 0 0 1.76869e-17 0.00188724 0 0.00188724 0 
1.821 2 1 1 0 0.0820 0.0849 -0.0014 0.0008 0.002591 0.067795 0.0000 0 0.0000 0  1931 2478 2565 2585 2681 2683 2567 1946  1 1 1 0 0 0.00 0 0 1.00 -1 -1 0 11.91 0 0 -8.84346e-17 0 0 1.76869e-17 0.00188724 0 0.00188724 0 
1.831 2 1 1 0 0.0892 0.0835 -0.0010 0.0008 0.002591 0.067984 0.0000 0 0.0000 0  1942 2484 2565 2604 2687 2690 2586 1945  1 1 1 0 0 0.00 0 0 1.00 -1 -1 0 11.90 0 0 -8.84346e-17 0 0 1.76869e-17 0.00188724 0 0.00188724 0 
1.841 2 1 1 0 0.1215 0.0882 -0.0008 0.0008 0.005182 0.069638 0.0000 0 0.0000 0  1958 2494 2581 2583 2691 2687 2590 1945  1 1 1 0 0 0.00 0 0 1.00 -1 -1 0 11.90 0 0 -8.84346e-17 0 0 1.76869e-17 0.00188724 0 0.00188724 0 
1.851 2 1 1 0 0.0945 0.1014 -0.0002 0.0008 0.002591 0.070004 0.0000 0 0.0000 0  1971 2493 2580 2574 2693 2689 2566 1945  1 1 1 0 0 0.00 0 0 1.00 -1 -1 0 11.89 0 0 -8.84346e-17 0 0 1.76869e-17 0.00188724 0 0.00188724 0 
1.861 2 1 1 0 0.1399 0.0834 0.0002 0.0008 0.007773 0.069094 0.0000 0 0.0000 0  1950 2507 2581 2586 2691 2698 2572 1942  1 1 1 0 0 0.00 0 0 1.00 -1 -1 0 11.89 0 0 -8.84346e-17 0 0 1.76869e-17 0.00188724 0 0.00188724 0 
1.871 2 1 1 0 0.1284 0.1137 0.0008 0.0008 0.005182 0.069562 0.0000 0 0.0000 0  1962 2491 2576 2594 2681 2685 2569 1933  1 1 1 0 0 0.00 0 0 1.00 -1 -1 0 11.90 0 0 -8.84346e-17 0 0 1.76869e-17 0.00188724 0 0.00188724 0 
1.881 2 1 1 0 0.1257 0.1221 0.0016 0.0008 0.005182 0.068267 0.0000 0 0.0000 0  1994 2526 2572 2544 2675 2685 2576 1919  1 1 1 0 0 0.00 0 0 1.00 -1 -1 0 11.91 0 0 -8.84346e-17 0 0 1.76869e-17 0.00188724 0 0.00188724 0 
1.891 2 1 1 0 0.1590 0.1163 0.0022 0.0008 0.007773 0.067771 0.0000 0 0.0000 0  1993 2511 2583 2540 2664 2683 2566 1922  1 1 1 0 0 0.00 0 0 1.00 -1 -1 0 11.91 0 0 -8.84346e-17 0 0 1.76869e-17 0.00188724 0 0.00188724 0 
1.901 2 1 1 0 0.1526 0.1534 0.0032 0.0009 0.005182 0.067891 0.0000 0 0.0000 0  1997 2533 2589 2578 2671 2683 2569 1918  1 1 1 0 0 0.00 0 0 1.00 -1 -1 0 11.89 0 0 -8.84346e-17 0 0 1.76869e-17 0.00188724 0 0.00188724 0 
1.911 2 1 1 0 0.1426 0.1390 0.0040 0.0009 0.005182 0.065791 0.0000 0 0.0000 0  1985 2562 2587 2563 2670 2681 2560 1885  1 1 1 0 0 0.00 0 0 1.00 -1 -1 0 11.91 0 0 -8.84346e-17 0 0 1.76869e-17 0.00188724 0 0.00188724 0 
1.921 2 1 1 0 0.1656 0.1285 0.0050 0.0009 0.007773 0.063591 0.0000 0 0.0000 0  1983 2552 2588 2569 2645 2674 2543 1888  1 1 1 0 0 0.00 0 0 1.00 -1 -1 0 11.91 0 0 -8.84346e-17 0 0 1.76869e-17 0.00188724 0 0.00188724 0 
1.931 2 1 1 0 0.1482 0.1503 0.0060 0.0009 0.005182 0.061217 0.0000 0 0.0000 0  1971 2553 2595 2570 2672 2679 2550 1905  1 1 1 0 0 0.00 0 0 1.00 -1 -1 0 11.91 0 0 -8.84346e-17 0 0 1.76869e-17 0.00188724 0 0.00188724 0 
1.941 2 1 1 0 0.1669 0.1353 0.0070 0.0009 0.007773 0.059442 0.0000 0 0.0000 0  1967 2566 2608 2576 2649 2689 2559 1896  1 1 1 0 0 0.00 0 0 1.00 -1 -1 0 11.91 0 0 -8.84346e-17 0 0 1.76869e-17 0.00188724 0 0.00188724 0 
1.951 2 1 1 0 0.1678 0.1380 0.0082 0.0009 0.007773 0.056476 0.0000 0 0.0000 0  1943 2557 2618 2594 2669 2691 2550 1896  1 1 1 0 0 0.00 0 0 1.00 -1 -1 0 11.91 0 0 -8.84346e-17 0 0 1.76869e-17 0.00188724 0 0.00188724 0 
1.961 2 1 1 0 0.1755 0.1514 0.0094 0.0009 0.007773 0.054938 0.0000 0 0.0000 0  1944 2563 2627 2613 2699 2711 2554 1866  1 1 1 0 0 0.00 0 0 1.00 -1 -1 0 11.91 0 0 -8.84346e-17 0 0 1.76869e-17 0.00188724 0 0.00188724 0 
1.971 2 1 1 0 0.1911 0.1298 0.0104 0.0009 0.010364 0.053001 0.0000 0 0.0000 0  1936 2525 2650 2639 2727 2757 2610 1884  1 1 1 0 0 0.00 0 0 1.00 -1 -1 0 11.91 0 0 -8.84346e-17 0 0 1.76869e-17 0.00188724 0 0.00188724 0 
1.981 2 1 1 0 0.1616 0.1789 0.0116 0.0009 0.005182 0.051440 0.0000 0 0.0000 0  1904 2542 2622 2626 2708 2702 2532 1885  1 1 1 0 0 0.00 0 0 1.00 -1 -1 0 11.90 0 0 -8.84346e-17 0 0 1.76869e-17 0.00188724 0 0.00188724 0 
1.991 2 1 1 0 0.1765 0.1515 0.0130 0.0009 0.007773 0.049010 0.0000 0 0.0000 0  1897 2524 2640 2645 2722 2760 2581 1886  1 1 1 0 0 0.00 0 0 1.00 -1 -1 0 11.91 0 0 -8.84346e-17 0 0 1.76869e-17 0.00188724 0 0.00188724 0 
2.001 2 1 1 0 0.1714 0.1468 0.0143 0.0009 0.007773 0.046983 0.0000 0 0.0000 0  1872 2491 2621 2658 2753 2778 2589 1867  1 1 1 0 0 0.00 0 0 1.00 -1 -1 0 11.91 0 0 -8.84346e-17 0 0 1.76869e-17 0.00188724 0 0.00188724 0 
2.011 2 1 1 0 0.1765 0.1547 0.0155 0.0009 0.007773 0.044327 0.0000 0 0.0000 0  1855 2480 2612 2656 2762 2786 2595 1881  1 1 1 0 0 0.00 0 0 1.00 -1 -1 0 11.91 0 0 -8.84346e-17 0 0 1.76869e-17 0.00188724 0 0.00188724 0 
2.021 2 1 1 0 0.1807 0.1614 0.0167 0.0010 0.007773 0.043292 0.0000 0 0.0000 0  1833 2459 2609 2664 2780 2804 2606 1889  1 1 1 0 0 0.00 0 0 1.00 -1 -1 0 11.91 0 0 -8.84346e-17 0 0 1.76869e-17 0.00188724 0 0.00188724 0 
2.031 2 1 1 0 0.1675 0.1527 0.0179 0.0010 0.007773 0.040511 0.0000 0 0.0000 0  1813 2442 2602 2660 2780 2788 2612 1903  1 1 1 0 0 0.00 0 0 1.00 -1 -1 0 11.91 0 0 -8.84346e-17 0 0 1.76869e-17 0.00188724 0 0.00188724 0 
2.041 2 1 1 0 0.1964 0.1805 0.0195 0.0010 0.007773 0.039999 0.0000 0 0.0000 0  1821 2420 2576 2658 2790 2816 2618 1877  1 1 1 0 0 0.00 0 0 1.00 -1 -1 0 11.91 0 0 -8.84346e-17 0 0 1.76869e-17 0.00188724 0 0.00188724 0 
2.051 2 1 1 0 0.1656 0.1453 0.0207 0.0010 0.007773 0.038268 0.0000 0 0.0000 0  1801 2398 2537 2649 2790 2795 2617 1872  1 1 1 0 0 0.00 0 0 1.00 -1 -1 0 11.91 0 0 -8.84346e-17 0 0 1.76869e-17 0.00188724 0 0.00188724 0 
2.061 2 1 1 0 0.1810 0.1556 0.0219 0.0010 0.007773 0.036749 0.0000 0 0.0000 0  1787 2376 2555 2633 2791 2789 2618 1898  1 1 1 0 0 0.00 0 0 1.00 -1 -1 0 11.90 0 0 -8.84346e-17 0 0 1.76869e-17 0.00188724 0 0.00188724 0 
2.071 2 1 1 0 0.1859 0.1595 0.0235 0.0010 0.007773 0.036123 0.0000 0 0.0000 0  1789 2368 2525 2624 2782 2800 2628 1882  1 1 1 0 0 0.00 0 0 1.00 -1 -1 0 11.91 0 0 -8.84346e-17 0 0 1.76869e-17 0.00188724 0 0.00188724 0 
2.081 2 1 1 0 0.1736 0.1499 0.0247 0.0010 0.007773 0.033943 0.0000 0 0.0000 0  1784 2347 2493 2602 2768 2792 2613 1879  1 1 1 0 0 0.00 0 0 1.00 -1 -1 0 11.90 0 0 -8.84346e-17 0 0 1.76869e-17 0.00188724 0 0.00188724 0 
2.091 2 1 1 0 0.1874 0.1614 0.0259 0.0010 0.007773 0.033235 0.0000 0 0.0000 0  1785 2335 2470 2580 2753 2766 2608 1876  1 1 1 0 0 0.00 0 0 1.00 -1 -1 0 11.90 0 0 -8.84346e-17 0 0 1.76869e-17 0.00188724 0 0.00188724 0 
2.101 2 1 1 0 0.1999 0.1718 0.0275 0.0010 0.007773 0.033310 0.0000 0 0.0000 0  1786 2331 2480 2575 2744 2779 2611 1884  1 1 1 0 0 0.00 0 0 1.00 -1 -1 0 11.90 0 0 -8.84346e-17 0 0 1.76869e-17 0.00188724 0 0.00188724 0 
2.111 2 1 1 0 0.1871 0.1570 0.0287 0.0011 0.007773 0.032056 0.0000 0 0.0000 0  1783 2323 2459 2560 2730 2745 2599 1880  1 1 1 0 0 0.00 0 0 1.00 -1 -1 0 11.91 0 0 -8.84346e-17 0 0 1.76869e-17 0.00188724 0 0.00188724 0 
2.121 2 1 1 0 0.1973 0.1618 0.0303 0.0011 0.007773 0.031977 0.0000 0 0.0000 0  1792 2325 2434 2548 2716 2748 2589 1878  1 1 1 0 0 0.00 0 0 1.00 -1 -1 0 11.89 0 0 -8.84346e-17 0 0 1.76869e-17 0.00188724 0 0.00188724 0 
2.131 2 1 1 0 0.1877 0.1526 0.0315 0.0011 0.007773 0.030626 0.0000 0 0.0000 0  1775 2327 2430 2542 2706 2744 2570 1873  1 1 1 0 0 0.00 0 0 1.00 -1 -1 0 11.90 0 0 -8.84346e-17 0 0 1.76869e-17 0.00188724 0 0.00188724 0 
2.141 2 1 1 0 0.1981 0.1629 0.0331 0.0011 0.007773 0.030168 0.0000 0 0.0000 0  1786 2324 2426 2526 2703 2732 2549 1870  1 1 1 0 0 0.00 0 0 1.00 -1 -1 0 11.90 0 0 -8.84346e-17 0 0 1.76869e-17 0.00188724 0 0.00188724 0 
2.151 2 1 1 0 0.1993 0.1636 0.0343 0.0011 0.007773 0.029233 0.0000 0 0.0000 0  1756 2331 2433 2524 2695 2704 2527 1864  1 1 1 0 0 0.00 0 0 1.00 -1 -1 0 11.90 0 0 -8.84346e-17 0 0 1.76869e-17 0.00188724 0 0.00188724 0 
2.161 2 1 1 0 0.2063 0.2010 0.0361 0.0011 0.005182 0.029751 0.0000 0 0.0000 0  1770 2328 2428 2555 2690 2702 2540 1865  1 1 1 0 0 0.00 0 0 1.00 -1 -1 0 11.90 0 0 -8.84346e-17 0 0 1.76869e-17 0.00188724 0 0.00188724 0 
2.171 2 1 1 0 0.1740 0.1643 0.0373 0.0011 0.005182 0.028342 0.0000 0 0.0000 0  1730 2323 2426 2528 2681 2697 2534 1871  1 1 1 0 0 0.00 0 0 1.00 -1 -1 0 11.89 0 0 -8.84346e-17 0 0 1.76869e-17 0.00188724 0 0.00188724 0 
2.181 2 1 1 0 0.1958 0.1832 0.0390 0.0011 0.005182 0.027774 0.0000 0 0.0000 0  1745 2312 2444 2528 2669 2679 2518 1872  1 1 1 0 0 0.00 0 0 1.00 -1 -1 0 11.90 0 0 -8.84346e-17 0 0 1.76869e-17 0.00188724 0 0.00188724 0 
2.191 2 1 1 0 0.2170 0.1692 0.0404 0.0011 0.007773 0.027037 0.0000 0 0.0000 0  1749 2315 2454 2528 2663 2656 2490 1871  1 1 1 0 0 0.00 0 0 1.00 -1 -1 0 11.90 0 0 -8.84346e-17 0 0 1.76869e-17 0.00188724 0 0.00188724 0 
2.201 2 1 1 0 0.2207 0.1763 0.0420 0.0011 0.007773 0.026995 0.0000 0 0.0000 0  1748 2321 2462 2556 2659 2667 2488 1876  1 1 1 0 0 0.00 0 0 1.00 -1 -1 0 11.90 0 0 -8.84346e-17 0 0 1.76869e-17 0.00188724 0 0.00188724 0 
2.211 2 1 1 0 0.2194 0.1724 0.0436 0.0012 0.007773 0.027193 0.0000 0 0.0000 0  1730 2313 2466 2532 2649 2664 2524 1874  1 1 1 0 0 0.00 0 0 1.00 -1 -1 0 11.90 0 0 -8.84346e-17 0 0 1.76869e-17 0.00188724 0 0.00188724 0 
2.221 2 1 1 0 0.2115 0.1624 0.0452 0.0012 0.007773 0.025860 0.0000 0 0.0000 0  1720 2316 2462 2539 2653 2664 2526 1869  1 1 1 0 0 0.00 0 0 1.00 -1 -1 0 11.91 0 0 -8.84346e-17 0 0 1.76869e-17 0.00188724 0 0.00188724 0 
2.231 2 1 1 0 0.2204 0.1691 0.0468 0.0012 0.007773 0.025499 0.0000 0 0.0000 0  1730 2308 2458 2549 2657 2661 2489 1860  1 1 1 0 0 0.00 0 0 1.00 -1 -1 0 11.90 0 0 -8.84346e-17 0 0 1.76869e-17 0.00188724 0 0.00188724 0 
2.241 2 1 1 0 0.2242 0.1758 0.0484 0.0012 0.007773 0.025201 0.0000 0 0.0000 0  1761 2290 2457 2555 2658 2658 2476 1858  1 1 1 0 0 0.00 0 0 1.00 -1 -1 0 11.91 0 0 -8.84346e-17 0 0 1.76869e-17 0.00188724 0 0.00188724 0 
2.251 2 1 1 0 0.2307 0.1805 0.0500 0.0012 0.007773 0.024738 0.0000 0 0.0000 0  1738 2335 2469 2547 2679 2665 2474 1858  1 1 1 0 0 0.00 0 0 1.00 -1 -1 0 11.91 0 0 -8.84346e-17 0 0 1.76869e-17 0.00188724 0 0.00188724 0 
2.261 2 1 1 0 0.2143 0.1994 0.0518 0.0012 0.005182 0.025358 0.0000 0 0.0000 0  1695 2330 2478 2596 2660 2658 2491 1846  1 1 1 0 0 0.00 0 0 1.00 -1 -1 0 11.91 0 0 -8.84346e-17 0 0 1.76869e-17 0.00188724 0 0.00188724 0 
2.271 2 1 1 0 0.2006 0.1846 0.0534 0.0012 0.005182 0.023881 0.0000 0 0.0000 0  1705 2320 2484 2586 2677 2652 2490 1847  1 1 1 0 0 0.00 0 0 1.00 -1 -1 0 11.90 0 0 -8.84346e-17 0 0 1.76869e-17 0.00188724 0 0.00188724 0 
2.281 2 1 1 0 0.2147 0.1936 0.0550 0.0012 0.005182 0.023465 0.0000 0 0.0000 0  1691 2312 2493 2594 2667 2649 2453 1837  1 1 1 0 0 0.00 0 0 1.00 -1 -1 0 11.91 0 0 -8.84346e-17 0 0 1.76869e-17 0.00188724 0 0.00188724 0 
2.291 2 1 1 0 0.2324 0.1739 0.0568 0.0012 0.007773 0.022657 0.0000 0 0.0000 0  1696 2341 2507 2586 2666 2639 2455 1821  1 1 1 0 0 0.00 0 0 1.00 -1 -1 0 11.91 0 0 -8.84346e-17 0 0 1.76869e-17 0.00188724 0 0.00188724 0 
2.301 2 1 1 0 0.2421 0.2189 0.0586 0.0012 0.005182 0.023324 0.0000 0 0.0000 0  1699 2363 2507 2607 2688 2637 2447 1819  1 1 1 0 0 0.00 0 0 1.00 -1 -1 0 11.91 0 0 -8.84346e-17 0 0 1.76869e-17 0.00188724 0 0.00188724 0 
2.311 2 1 1 0 0.2079 0.1809 0.0606 0.0013 0.005182 0.021863 0.0000 0 0.0000 0  1697 2315 2506 2581 2694 2631 2437 1802  1 1 1 0 0 0.00 0 0 1.00 -1 -1 0 11.91 0 0 -8.84346e-17 0 0 1.76869e-17 0.00188724 0 0.00188724 0 
2.321 2 1 1 0 0.2238 0.1931 0.0622 0.0013 0.005182 0.021227 0.0000 0 0.0000 0  1679 2278 2497 2569 2677 2631 2442 1819  1 1 1 0 0 0.00 0 0 1.00 -1 -1 0 11.91 0 0 -8.84346e-17 0 0 1.76869e-17 0.00188724 0 0.00188724 0 
2.331 2 1 1 0 0.1958 0.2021 0.0641 0.0013 0.002591 0.019488 0.0000 0 0.0000 0  1668 2297 2483 2559 2665 2641 2436 1793  1 1 1 0 0 0.00 0 0 1.00 -1 -1 0 11.91 0 0 -8.84346e-17 0 0 1.76869e-17 0.00188724 0 0.00188724 0 
2.341 2 1 1 0 0.2201 0.2197 0.0661 0.0013 0.002591 0.019364 0.0000 0 0.0000 0  1657 2289 2463 2553 2677 2648 2435 1789  1 1 1 0 0 0.00 0 0 1.00 -1 -1 0 11.91 0 0 -8.84346e-17 0 0 1.76869e-17 0.00188724 0 0.00188724 0 
2.351 2 1 1 0 0.2179 0.2075 0.0681 0.0013 0.002591 0.019170 0.0000 0 0.0000 0  1626 2259 2447 2545 2677 2659 2440 1791  1 1 1 0 0 0.00 0 0 1.00 -1 -1 0 11.91 0 0 -8.84346e-17 0 0 1.76869e-17 0.00188724 0 0.00188724 0 
2.361 2 1 1 0 0.2135 0.1968 0.0697 0.0013 0.002591 0.017730 0.0000 0 0.0000 0  1605 2259 2433 2546 2681 2661 2439 1788  1 1 1 0 0 0.00 0 0 1.00 -1 -1 0 11.91 0 0 -8.84346e-17 0 0 1.76869e-17 0.00188724 0 0.00188724 0 
2.371 2 1 1 0 0.2155 0.1970 0.0717 0.0013 0.002591 0.016751 0.0000 0 0.0000 0  1584 2219 2407 2541 2680 2672 2435 1772  1 1 1 0 0 0.00 0 0 1.00 -1 -1 0 11.91 0 0 -8.84346e-17 0 0 1.76869e-17 0.00188724 0 0.00188724 0 
2.381 2 1 1 0 0.2068 0.2232 0.0735 0.0013 0.000000 0.016387 0.0000 0 0.0000 0  1551 2193 2381 2551 2670 2699 2453 1800  1 1 1 0 0 0.00 0 0 1.00 -1 -1 0 11.91 0 0 -8.84346e-17 0 0 1.76869e-17 0.00188724 0 0.00188724 0 
2.391 2 1 1 0 0.2159 0.2246 0.0755 0.0013 0.000000 0.016350 0.0000 0 0.0000 0  1577 2190 2408 2551 2690 2694 2445 1763  1 1 1 0 0 0.00 0 0 1.00 -1 -1 0 11.91 0 0 -8.84346e-17 0 0 1.76869e-17 0.00188724 0 0.00188724 0 
2.401 2 1 1 0 0.2262 0.1929 0.0773 0.0013 0.002591 0.015380 0.0000 0 0.0000 0  1574 2167 2381 2555 2707 2689 2457 1805  1 1 1 0 0 0.00 0 0 1.00 -1 -1 0 11.91 0 0 -8.84346e-17 0 0 1.76869e-17 0.00188724 0 0.00188724 0 
2.411 2 1 1 0 0.2259 0.1894 0.0793 0.0013 0.002591 0.014352 0.0000 0 0.0000 0  1581 2148 2381 2545 2702 2697 2481 1838  1 1 1 0 0 0.00 0 0 1.00 -1 -1 0 11.91 0 0 -8.84346e-17 0 0 1.76869e-17 0.00188724 0 0.00188724 0 
2.421 2 1 1 0 0.2243 0.2233 0.0811 0.0013 0.000000 0.014583 0.0000 0 0.0000 0  1583 2139 2348 2539 2705 2708 2512 1873  1 1 1 0 0 0.00 0 0 1.00 -1 -1 0 11.90 0 0 -8.84346e-17 0 0 1.76869e-17 0.00188724 0 0.00188724 0 
2.431 2 1 1 0 0.2290 0.2209 0.0831 0.0013 0.000000 0.014925 0.0000 0 0.0000 0  1597 2133 2348 2524 2714 2711 2544 1923  1 1 1 0 0 0.00 0 0 1.00 -1 -1 0 11.90 0 0 -8.84346e-17 0 0 1.76869e-17 0.00188724 0 0.00188724 0 
2.441 2 1 1 0 0.2090 0.1976 0.0851 0.0013 0.000000 0.013594 0.0000 0 0.0000 0  1590 2127 2344 2508 2711 2736 2586 1990  1 1 1 0 0 0.00 0 0 1.00 -1 -1 0 11.91 0 0 -8.84346e-17 0 0 1.76869e-17 0.00188724 0 0.00188724 0 
2.451 2 1 1 0 0.2398 0.1911 0.0869 0.0013 0.002591 0.013004 0.0000 0 0.0000 0  1595 2119 2298 2499 2712 2750 2650 2070  1 1 1 0 0 0.00 0 0 1.00 -1 -1 0 11.91 0 0 -8.84346e-17 0 0 1.76869e-17 0.00188724 0 0.00188724 0 
2.461 2 1 1 0 0.2246 0.2450 0.0890 0.0013 -0.002591 0.013370 0.0000 0 0.0000 0  1606 2128 2296 2499 2719 2812 2728 2167  1 1 1 0 0 0.00 0 0 1.00 -1 -1 0 11.91 0 0 -8.84346e-17 0 0 1.76869e-17 0.00188724 0 0.00188724 0 
2.471 2 1 1 0 0.2100 0.2264 0.0910 0.0013 -0.002591 0.013395 0.0000 0 0.0000 0  1617 2137 2298 2518 2745 2873 2828 2301  1 1 1 0 0 0.00 0 0 1.00 -1 -1 0 11.90 0 0 -8.84346e-17 0 0 1.76869e-17 0.00188724 0 0.00188724 0 
2.481 2 1 1 0 0.2266 0.2051 0.0928 0.0013 0.000000 0.012372 0.0000 0 0.0000 0  1602 2144 2324 2530 2783 2945 2966 2430  1 1 1 0 0 0.00 0 0 1.00 -1 -1 0 11.90 0 0 -8.84346e-17 0 0 1.76869e-17 0.00188724 0 0.00188724 0 
2.491 2 1 1 0 0.2255 0.2051 0.0948 0.0013 0.000000 0.011721 0.0000 0 0.0000 0  1659 2163 2333 2568 2824 3019 3081 2564  1 1 1 0 0 0.00 0 0 1.00 -1 -1 0 11.90 0 0 -8.84346e-17 0 0 1.76869e-17 0.00188724 0 0.00188724 0 
2.501 2 1 1 0 0.2433 0.2235 0.0968 0.0013 0.000000 0.011914 2.6598 0 2.6600 0  1626 2185 2357 2608 2949 3150 3196 2699  1 1 1 0 0 0.00 0 3 0.86 6 7 0 11.90 0 0 -8.84346e-17 0 0 1.76869e-17 0.00188724 0 0.00188724 0 
2.511 2 1 1 0 0.2225 0.2374 0.0990 0.0013 -0.002591 0.012412 2.2745 1 2.6600 1  1651 2209 2384 2703 3050 3262 3300 2796  1 1 1 0 0 -0.10 0 5 0.94 6 7 0 11.89 0 0 -8.84346e-17 0 0 1.76869e-17 0.00188724 0 0.00188724 0 
2.521 2 1 1 0 0.2187 0.2237 0.1010 0.0013 -0.002591 0.011555 1.7643 1 2.6600 1  1667 2233 2429 2751 3161 3346 3360 2864  1 1 1 0 0 -0.10 0 5 0.98 6 7 0 11.90 0 0 -8.84346e-17 0 0 1.76869e-17 0.00188724 0 0.00188724 0 
2.531 2 1 1 0 0.2248 0.2262 0.1030 0.0013 -0.002591 0.011293 1.5632 1 2.6600 1  1667 2262 2484 2854 3250 3406 3428 2909  1 1 1 0 0 -0.10 0 5 1.00 6 7 0 11.90 0 0 -8.84346e-17 0 0 1.76869e-17 0.00188724 0 0.00188724 0 
2.541 2 1 1 0 0.2204 0.2493 0.1048 0.0013 -0.005182 0.011436 1.1041 1 2.6600 1  1684 2301 2568 2981 3329 3458 3419 2933  1 1 1 0 0 -0.10 0 5 1.00 5 7 0 11.91 0 0 -8.84346e-17 0 0 1.76869e-17 0.00188724 0 0.00188724 0 
2.551 2 1 1 0 0.2198 0.2368 0.1068 0.0013 -0.005182 0.011599 0.9324 1 2.6600 1  1697 2352 2676 3092 3394 3492 3463 2951  1 1 1 0 0 -0.10 0 5 1.00 5 7 0 11.91 0 0 -8.84346e-17 0 0 1.76869e-17 0.00188724 0 0.00188724 0 
2.561 2 1 1 0 0.2159 0.2259 0.1088 0.0013 -0.005182 0.010821 0.7372 1 2.6600 1  1729 2441 2808 3221 3454 3516 3497 2963  1 1 1 0 0 0.47 0 5 1.00 5 7 0 11.90 0 0 -8.84346e-17 0 0 1.76869e-17 0.00188724 0 0.00188724 0 
2.571 2 1 1 0 0.2378 0.2104 0.1110 0.0013 -0.002591 0.010023 0.2678 1 2.6600 1  1839 2571 2974 3320 3497 3537 3469 2969  1 1 1 0 0 1.87 0 5 1.00 4 7 0 11.91 0 0 -8.84346e-17 0 0 1.76869e-17 0.00188724 0 0.00188724 0 
2.581 2 1 1 0 0.2492 0.2242 0.1131 0.0013 -0.002591 0.009998 -0.0171 1 2.6600 1  1899 2693 3116 3406 3537 3549 3461 2980  1 1 1 0 0 2.73 0 5 1.00 4 7 0 11.91 0 0 -8.84346e-17 0 0 1.76869e-17 0.00188724 0 0.00188724 0 
2.591 2 1 1 0 0.2329 0.2085 0.1151 0.0012 -0.002591 0.008939 -0.2473 1 2.6600 1  2014 2845 3229 3476 3552 3549 3450 2974  1 1 1 0 0 3.42 0 5 1.00 3 7 0 11.88 0 0 -8.84346e-17 0 0 1.76869e-17 0.00188724 0 0.00188724 0 
2.601 2 1 1 0 0.2307 0.2068 0.1171 0.0012 -0.002591 0.008633 -0.5670 1 2.6600 1  2155 2998 3316 3513 3561 3542 3479 2971  1 1 1 0 0 4.38 0 5 1.00 3 7 0 11.91 0 0 -8.84346e-17 0 0 1.76869e-17 0.00188724 0 0.00188724 0 
2.611 2 1 1 0 0.2358 0.2173 0.1191 0.0012 -0.002591 0.007821 -0.8309 1 2.6600 1  2327 3140 3386 3527 3558 3531 3441 2950  1 1 1 0 0 5.17 2 5 1.00 3 7 0 11.91 0 0 -8.84346e-17 0 0 1.76869e-17 0.00188724 0 0.00188724 0 
2.621 2 1 1 0 0.2484 0.2306 0.1215 0.0012 -0.002591 0.008450 -2.1492 1 2.6600 1  2465 3245 3447 3538 3561 3530 3455 2958  1 1 1 0 0 6.00 12 5 1.00 2 7 0 11.91 0 0 -8.84346e-17 0 0 1.76869e-17 0.00188724 0 0.00188724 0 
2.631 2 1 1 0 0.2295 0.2145 0.1235 0.0012 -0.002591 0.007681 -2.4474 1 2.6600 1  2621 3326 3474 3546 3548 3516 3447 2927  1 1 1 0 0 6.00 20 5 1.00 2 7 0 11.91 0 0 -8.84346e-17 0 0 1.76869e-17 0.00188724 0 0.00188724 0 
2.641 2 1 1 0 0.2284 0.2166 0.1255 0.0012 -0.002591 0.007288 -2.6600 1 2.6600 1  2741 3399 3511 3541 3557 3522 3441 2904  1 1 1 0 0 6.00 20 5 1.00 1 7 0 11.91 0 0 -8.84346e-17 0 0 1.76869e-17 0.00188724 0 0.00188724 0 
2.651 2 1 1 0 0.2371 0.2273 0.1275 0.0012 -0.002591 0.006932 -2.6600 1 2.6600 1  2842 3424 3514 3541 3527 3505 3440 2851  1 1 1 0 0 6.00 20 5 1.00 1 7 0 11.91 0 0 -8.84346e-17 0 0 1.76869e-17 0.00188724 0 0.00188724 0 
2.661 2 1 1 0 0.2509 0.2412 0.1299 0.0012 -0.002591 0.007930 -2.6600 1 2.6600 1  2912 3446 3505 3522 3520 3497 3413 2817  1 1 1 0 0 6.00 20 5 1.00 0 6 0 11.90 0 0 -8.84346e-17 0 0 1.76869e-17 0.00188724 0 0.00188724 0 
2.671 2 1 1 0 0.2387 0.2318 0.1319 0.0012 -0.002591 0.007565 -2.6600 1 2.6600 1  2951 3488 3499 3516 3510 3487 3400 2701  1 1 1 0 0 6.00 20 5 1.00 0 6 0 11.91 0 0 -8.84346e-17 0 0 1.76869e-17 0.00188724 0 0.00188724 0 
2.681 2 1 1 0 0.2522 0.2151 0.1337 0.0012 0.000000 0.007048 -2.6600 1 2.4786 1  2986 3478 3499 3510 3519 3480 3360 2588  1 1 1 0 0 6.00 20 5 1.00 0 6 0 11.91 0 0 -8.84346e-17 0 0 1.76869e-17 0.00188724 0 0.00188724 0 
2.691 2 1 1 0 0.2762 0.2444 0.1361 0.0012 0.000000 0.008105 -2.6600 1 2.1596 1  2999 3466 3481 3489 3511 3454 3283 2435  1 1 1 0 0 6.00 20 5 1.00 0 5 0 11.91 0 0 -8.84346e-17 0 0 1.76869e-17 0.00188724 0 0.00188724 0 
2.701 2 1 1 0 0.2484 0.2215 0.1382 0.0012 0.000000 0.007793 -2.6600 1 1.9340 1  2989 3387 3469 3474 3457 3414 3203 2291  1 1 1 0 0 6.00 20 5 1.00 0 4 0 11.91 0 0 -8.84346e-17 0 0 1.76869e-17 0.00188724 0 0.00188724 0 
2.711 2 1 1 0 0.2601 0.2014 0.1404 0.0012 0.002591 0.007123 -2.6600 1 0.6331 1  2986 3429 3463 3477 3453 3369 3045 2145  1 1 1 0 0 4.58 12 5 1.00 0 4 0 11.91 0 0 -8.84346e-17 0 0 1.76869e-17 0.00188724 0 0.00188724 0 
2.721 2 1 1 0 0.2553 0.2381 0.1426 0.0012 0.000000 0.006704 -2.6600 1 0.3964 1  2964 3415 3447 3455 3423 3285 2858 1977  1 1 1 0 0 3.87 2 5 1.00 0 3 0 11.91 0 0 -8.84346e-17 0 0 1.76869e-17 0.00188724 0 0.00188724 0 
2.731 2 1 1 0 0.2392 0.2579 0.1448 0.0012 -0.002591 0.007373 -2.6600 1 -0.1830 1  2959 3383 3431 3425 3359 3170 2674 1830  1 1 1 0 0 2.13 0 5 0.99 0 3 0 11.91 0 0 -8.84346e-17 0 0 1.76869e-17 0.00188724 0 0.00188724 0 
2.741 2 1 1 0 0.2516 0.2311 0.1470 0.0012 0.000000 0.006470 -2.6600 1 -0.7032 1  2932 3388 3422 3372 3298 3005 2507 1807  1 1 1 0 0 0.57 0 5 1.00 0 2 0 11.91 0 0 -8.84346e-17 0 0 1.76869e-17 0.00188724 0 0.00188724 0 
2.751 2 1 1 0 0.2478 0.2273 0.1490 0.0012 0.000000 0.006225 -2.6600 1 -1.0116 1  2911 3368 3374 3309 3179 2813 2381 1726  1 1 1 0 0 -0.10 0 5 1.00 0 1 0 11.91 0 0 -8.84346e-17 0 0 1.76869e-17 0.00188724 0 0.00188724 0 
2.761 2 1 1 0 0.2557 0.2415 0.1514 0.0012 0.000000 0.005809 -2.6600 1 -1.4815 1  2887 3347 3344 3219 3011 2667 2308 1705  1 1 1 0 0 -0.10 0 5 0.99 0 1 0 11.91 0 0 -8.84346e-17 0 0 1.76869e-17 0.00188724 0 0.00188724 0 
2.771 2 1 1 0 0.2698 0.2531 0.1538 0.0012 0.000000 0.006264 -2.6600 1 -1.7531 1  2841 3300 3273 3073 2857 2548 2263 1678  1 1 1 0 0 -0.10 0 5 0.97 0 1 0 11.91 0 0 -8.84346e-17 0 0 1.76869e-17 0.00188724 0 0.00188724 0 
2.781 2 1 1 0 0.2464 0.2346 0.1558 0.0012 0.000000 0.005219 -2.6600 1 -2.3594 1  2760 3235 3156 2872 2680 2462 2232 1674  1 1 1 0 0 -0.10 0 5 0.92 0 1 0 11.90 0 0 -8.84346e-17 0 0 1.76869e-17 0.00188724 0 0.00188724 0 
2.791 2 1 1 0 0.2691 0.2263 0.1580 0.0012 0.002591 0.003986 -2.6600 1 -2.6432 1  2677 3125 3003 2680 2542 2416 2207 1644  1 1 1 0 0 -0.10 0 5 0.85 0 1 0 11.91 0 0 -8.84346e-17 0 0 1.76869e-17 0.00188724 0 0.00188724 0 
2.801 2 1 1 0 0.2798 0.2341 0.1604 0.0012 0.002591 0.004147 0.0000 0 0.0000 0  2576 2997 2800 2535 2465 2371 2189 1618  1 1 1 0 0 0.00 0 0 1.00 -1 -1 0 11.91 0 0 -8.84346e-17 0 0 1.76869e-17 0.00188724 0 0.00188724 0 
2.811 2 1 1 0 0.2705 0.2280 0.1629 0.0012 0.002591 0.003609 0.0000 0 0.0000 0  2426 2845 2683 2432 2430 2383 2192 1616  1 1 1 0 0 0.00 0 0 1.00 -1 -1 0 11.91 0 0 -8.84346e-17 0 0 1.76869e-17 0.00188724 0 0.00188724 0 
2.821 2 1 1 0 0.2478 0.2461 0.1651 0.0012 0.000000 0.003064 0.0000 0 0.0000 0  2240 2652 2483 2355 2399 2369 2193 1603  1 1 1 0 0 0.00 0 0 1.00 -1 -1 0 11.90 0 0 -8.84346e-17 0 0 1.76869e-17 0.00188724 0 0.00188724 0 
2.831 2 1 1 0 0.2789 0.2399 0.1673 0.0012 0.002591 0.002737 0.0000 0 0.0000 0  2071 2467 2355 2318 2386 2376 2190 1594  1 1 1 0 0 0.00 0 0 1.00 -1 -1 0 11.90 0 0 -8.84346e-17 0 0 1.76869e-17 0.00188724 0 0.00188724 0 
2.841 2 1 1 0 0.2601 0.2558 0.1695 0.0012 0.000000 0.003254 0.0000 0 0.0000 0  1920 2302 2258 2286 2371 2390 2174 1579  1 1 1 0 0 0.00 0 0 1.00 -1 -1 0 11.89 0 0 -8.84346e-17 0 0 1.76869e-17 0.00188724 0 0.00188724 0 
2.851 2 1 1 0 0.2514 0.2441 0.1719 0.0012 0.000000 0.002237 0.0000 0 0.0000 0  1745 2153 2191 2268 2355 2342 2160 1566  1 1 1 0 0 0.00 0 0 1.00 -1 -1 0 11.90 0 0 -8.84346e-17 0 0 1.76869e-17 0.00188724 0 0.00188724 0 
2.861 2 1 1 0 0.2710 0.2273 0.1741 0.0012 0.002591 0.001114 0.0000 0 0.0000 0  1620 2056 2137 2219 2341 2360 2139 1556  1 1 1 0 0 0.00 0 0 1.00 -1 -1 0 11.90 0 0 -8.84346e-17 0 0 1.76869e-17 0.00188724 0 0.00188724 0 
2.871 2 1 1 0 0.2517 0.2814 0.1765 0.0012 -0.002591 0.001421 0.0000 0 0.0000 0  1577 1997 2122 2212 2334 2323 2150 1559  1 1 1 0 0 0.00 0 0 1.00 -1 -1 0 11.90 0 0 -8.84346e-17 0 0 1.76869e-17 0.00188724 0 0.00188724 0 
2.881 2 1 1 0 0.2460 0.2314 0.1787 0.0012 0.000000 0.000554 0.0000 0 0.0000 0  1473 1950 2079 2191 2311 2316 2143 1554  1 1 1 0 0 0.00 0 0 1.00 -1 -1 0 11.89 0 0 -8.84346e-17 0 0 1.76869e-17 0.00188724 0 0.00188724 0 
2.891 2 1 1 0 0.2538 0.2405 0.1811 0.0012 0.000000 -0.000422 0.0000 0 0.0000 0  1471 1921 2050 2159 2287 2305 2139 1557  1 1 1 0 0 0.00 0 0 1.00 -1 -1 0 11.90 0 0 -8.84346e-17 0 0 1.76869e-17 0.00188724 0 0.00188724 0 
2.901 2 1 1 0 0.2863 0.2343 0.1833 0.0012 0.002591 -0.000325 0.0000 0 0.0000 0  1455 1912 2024 2123 2278 2286 2140 1562  1 1 1 0 0 0.00 0 0 1.00 -1 -1 0 11.90 0 0 -8.84346e-17 0 0 1.76869e-17 0.00188724 0 0.00188724 0 
2.911 2 1 1 0 0.2519 0.2400 0.1855 0.0012 0.000000 -0.000815 0.0000 0 0.0000 0  1451 1909 2014 2117 2264 2300 2151 1568  1 1 1 0 0 0.00 0 0 1.00 -1 -1 0 11.89 0 0 -8.84346e-17 0 0 1.76869e-17 0.00188724 0 0.00188724 0 
2.921 2 1 1 0 0.2670 0.2181 0.1878 0.0012 0.002591 -0.001115 0.0000 0 0.0000 0  1478 1891 2013 2134 2275 2299 2135 1570  1 1 1 0 0 0.00 0 0 1.00 -1 -1 0 11.90 0 0 -8.84346e-17 0 0 1.76869e-17 0.00188724 0 0.00188724 0 
2.931 2 1 1 0 0.2550 0.2496 0.1900 0.0012 0.000000 -0.001531 0.0000 0 0.0000 0  1449 1922 2013 2135 2282 2306 2165 1577  1 1 1 0 0 0.00 0 0 1.00 -1 -1 0 11.90 0 0 -8.84346e-17 0 0 1.76869e-17 0.00188724 0 0.00188724 0 
2.941 2 1 1 0 0.2643 0.2563 0.1924 0.0012 0.000000 -0.000632 0.0000 0 0.0000 0  1469 1919 2021 2139 2293 2325 2176 1579  1 1 1 0 0 0.00 0 0 1.00 -1 -1 0 11.92 0 0 -8.84346e-17 0 0 1.76869e-17 0.00188724 0 0.00188724 0 
2.951 2 1 1 0 0.2628 0.2159 0.1946 0.0012 0.002591 -0.001694 0.0000 0 0.0000 0  1448 1922 2033 2135 2306 2336 2179 1585  1 1 1 0 0 0.00 0 0 1.00 -1 -1 0 11.90 0 0 -8.84346e-17 0 0 1.76869e-17 0.00188724 0 0.00188724 0 
2.961 2 1 1 0 0.2502 0.2460 0.1968 0.0012 0.000000 -0.002013 0.0000 0 0.0000 0  1478 1932 2047 2131 2305 2334 2158 1588  1 1 1 0 0 0.00 0 0 1.00 -1 -1 0 11.90 0 0 -8.84346e-17 0 0 1.76869e-17 0.00188724 0 0.00188724 0 
2.971 2 1 1 0 0.2650 0.2611 0.1992 0.0012 0.000000 -0.000836 0.0000 0 0.0000 0  1479 1942 2064 2169 2312 2333 2142 1585  1 1 1 0 0 0.00 0 0 1.00 -1 -1 0 11.91 0 0 -8.84346e-17 0 0 1.76869e-17 0.00188724 0 0.00188724 0 
2.981 2 1 1 0 0.2566 0.2152 0.2014 0.0012 0.002591 -0.001609 0.0000 0 0.0000 0  1482 1959 2069 2142 2286 2320 2156 1579  1 1 1 0 0 0.00 0 0 1.00 -1 -1 0 11.91 0 0 -8.84346e-17 0 0 1.76869e-17 0.00188724 0 0.00188724 0 
2.991 2 1 1 0 0.2651 0.2305 0.2034 0.0012 0.002591 -0.001211 0.0000 0 0.0000 0  1489 1990 2071 2143 2308 2318 2158 1591  1 1 1 0 0 0.00 0 0 1.00 -1 -1 0 11.91 0 0 -8.84346e-17 0 0 1.76869e-17 0.00188724 0 0.00188724 0 
3.001 2 1 1 0 0.2542 0.2283 0.2054 0.0012 0.002591 -0.002508 0.0000 0 0.0000 0  1530 1972 2089 2139 2286 2315 2171 1577  1 1 1 0 0 0.00 0 0 1.00 -1 -1 0 11.91 0 0 -8.84346e-17 0 0 1.76869e-17 0.00188724 0 0.00188724 0 
3.011 2 1 1 0 0.2707 0.2469 0.2078 0.0012 0.002591 -0.001654 0.0000 0 0.0000 0  1577 1999 2101 2140 2281 2311 2150 1577  1 1 1 0 0 0.00 0 0 1.00 -1 -1 0 11.91 0 0 -8.84346e-17 0 0 1.76869e-17 0.00188724 0 0.00188724 0 
3.021 2 1 1 0 0.2776 0.2190 0.2100 0.0013 0.005182 -0.001995 0.0000 0 0.0000 0  1633 2092 2123 2148 2282 2306 2134 1539  1 1 1 0 0 0.00 0 0 1.00 -1 -1 0 11.91 0 0 -8.84346e-17 0 0 1.76869e-17 0.00188724 0 0.00188724 0 
3.031 2 1 1 0 0.2369 0.2218 0.2123 0.0013 0.002591 -0.003642 0.0000 0 0.0000 0  1671 2117 2148 2154 2252 2291 2133 1561  1 1 1 0 0 0.00 0 0 1.00 -1 -1 0 11.91 0 0 -8.84346e-17 0 0 1.76869e-17 0.00188724 0 0.00188724 0 
3.041 2 1 1 0 0.2410 0.2621 0.2145 0.0013 0.000000 -0.003280 0.0000 0 0.0000 0  1715 2139 2170 2160 2257 2282 2120 1569  1 1 1 0 0 0.00 0 0 1.00 -1 -1 0 11.91 0 0 -8.84346e-17 0 0 1.76869e-17 0.00188724 0 0.00188724 0 
3.051 2 1 1 0 0.2595 0.2371 0.2167 0.0013 0.002591 -0.002675 0.0000 0 0.0000 0  1747 2181 2197 2170 2251 2280 2121 1545  1 1 1 0 0 0.00 0 0 1.00 -1 -1 0 11.91 0 0 -8.84346e-17 0 0 1.76869e-17 0.00188724 0 0.00188724 0 
3.061 2 1 1 0 0.2201 0.2345 0.2189 0.0013 0.000000 -0.003656 0.0000 0 0.0000 0  1757 2197 2214 2174 2256 2281 2117 1570  1 1 1 0 0 0.00 0 0 1.00 -1 -1 0 11.91 0 0 -8.84346e-17 0 0 1.76869e-17 0.00188724 0 0.00188724 0 
3.071 2 1 1 0 0.2574 0.2292 0.2211 0.0013 0.002591 -0.003883 0.0000 0 0.0000 0  1769 2221 2233 2186 2258 2264 2117 1541  1 1 1 0 0 0.00 0 0 1.00 -1 -1 0 11.90 0 0 -8.84346e-17 0 0 1.76869e-17 0.00188724 0 0.00188724 0 
3.081 2 1 1 0 0.2539 0.2595 0.2233 0.0013 0.000000 -0.002685 0.0000 0 0.0000 0  1777 2268 2231 2195 2245 2287 2122 1523  1 1 1 0 0 0.00 0 0 1.00 -1 -1 0 11.91 0 0 -8.84346e-17 0 0 1.76869e-17 0.00188724 0 0.00188724 0 
3.091 2 1 1 0 0.2538 0.2169 0.2255 0.0013 0.002591 -0.003097 0.0000 0 0.0000 0  1801 2273 2252 2196 2266 2288 2126 1595  1 1 1 0 0 0.00 0 0 1.00 -1 -1 0 11.90 0 0 -8.84346e-17 0 0 1.76869e-17 0.00188724 0 0.00188724 0 
3.101 2 1 1 0 0.2337 0.2378 0.2277 0.0013 0.000000 -0.003761 0.0000 0 0.0000 0  1819 2297 2247 2200 2245 2253 2126 1578  1 1 1 0 0 0.00 0 0 1.00 -1 -1 0 11.91 0 0 -8.84346e-17 0 0 1.76869e-17 0.00188724 0 0.00188724 0 
3.111 2 1 1 0 0.2545 0.2568 0.2301 0.0013 0.000000 -0.003012 0.0000 0 0.0000 0  1830 2322 2302 2208 2239 2275 2124 1584  1 1 1 0 0 0.00 0 0 1.00 -1 -1 0 11.91 0 0 -8.84346e-17 0 0 1.76869e-17 0.00188724 0 0.00188724 0 
3.121 2 1 1 0 0.2561 0.2194 0.2323 0.0013 0.002591 -0.003232 0.0000 0 0.0000 0  1837 2337 2320 2199 2230 2232 2127 1578  1 1 1 0 0 0.00 0 0 1.00 -1 -1 0 11.91 0 0 -8.84346e-17 0 0 1.76869e-17 0.00188724 0 0.00188724 0 
3.131 2 1 1 0 0.2465 0.2093 0.2343 0.0013 0.002591 -0.003759 0.0000 0 0.0000 0  1829 2335 2314 2193 2207 2262 2137 1617  1 1 1 0 0 0.00 0 0 1.00 -1 -1 0 11.91 0 0 -8.84346e-17 0 0 1.76869e-17 0.00188724 0 0.00188724 0 
3.141 2 1 1 0 0.2650 0.2271 0.2368 0.0013 0.002591 -0.003709 0.0000 0 0.0000 0  1807 2329 2296 2201 2231 2258 2152 1619  1 1 1 0 0 0.00 0 0 1.00 -1 -1 0 11.90 0 0 -8.84346e-17 0 0 1.76869e-17 0.00188724 0 0.00188724 0 
3.151 2 1 1 0 0.2743 0.2323 0.2392 0.0013 0.002591 -0.002761 0.0000 0 0.0000 0  1821 2315 2299 2210 2252 2292 2177 1659  1 1 1 0 0 0.00 0 0 1.00 -1 -1 0 11.90 0 0 -8.84346e-17 0 0 1.76869e-17 0.00188724 0 0.00188724 0 
3.161 2 1 1 0 0.2536 0.2115 0.2412 0.0013 0.002591 -0.003483 0.0000 0 0.0000 0  1764 2291 2331 2239 2278 2292 2222 1724  1 1 1 0 0 0.00 0 0 1.00 -1 -1 0 11.91 0 0 -8.84346e-17 0 0 1.76869e-17 0.00188724 0 0.00188724 0 
3.171 2 1 1 0 0.2338 0.2275 0.2434 0.0013 0.000000 -0.004108 0.0000 0 0.0000 0  1755 2274 2345 2274 2323 2341 2291 1812  1 1 1 0 0 0.00 0 0 1.00 -1 -1 0 11.91 0 0 -8.84346e-17 0 0 1.76869e-17 0.00188724 0 0.00188724 0 
3.181 2 1 1 0 0.2764 0.2317 0.2456 0.0013 0.002591 -0.003337 0.0000 0 0.0000 0  1753 2274 2363 2352 2366 2392 2390 1922  1 1 1 0 0 0.00 0 0 1.00 -1 -1 0 11.90 0 0 -8.84346e-17 0 0 1.76869e-17 0.00188724 0 0.00188724 0 
3.191 2 1 1 0 0.2491 0.2410 0.2478 0.0013 0.000000 -0.002783 0.0000 0 0.0000 0  1729 2287 2413 2417 2437 2488 2520 2061  1 1 1 0 0 0.00 0 0 1.00 -1 -1 0 11.89 0 0 -8.84346e-17 0 0 1.76869e-17 0.00188724 0 0.00188724 0 
3.201 2 1 1 0 0.2206 0.2121 0.2502 0.0013 0.000000 -0.004725 0.0000 0 0.0000 0  1748 2318 2475 2495 2531 2638 2691 2224  1 1 1 0 0 0.00 0 0 1.00 -1 -1 0 11.91 0 0 -8.84346e-17 0 0 1.76869e-17 0.00188724 0 0.00188724 0 
3.211 2 1 1 0 0.2277 0.2151 0.2522 0.0013 0.000000 -0.005704 0.0000 0 0.0000 0  1759 2354 2528 2595 2661 2814 2863 2382  1 1 1 0 0 0.00 0 0 1.00 -1 -1 0 11.90 0 0 -8.84346e-17 0 0 1.76869e-17 0.00188724 0 0.00188724 0 
3.221 2 1 1 0 0.2397 0.2246 0.2546 0.0013 0.000000 -0.005851 0.0000 0 0.0000 0  1810 2413 2595 2725 2819 3004 3045 2542  1 1 1 0 0 0.00 0 0 1.00 -1 -1 0 11.89 0 0 -8.84346e-17 0 0 1.76869e-17 0.00188724 0 0.00188724 0 
3.231 2 1 1 0 0.2465 0.2274 0.2566 0.0013 0.000000 -0.005427 0.0000 0 0.0000 0  1833 2465 2663 2803 2986 3148 3181 2657  1 1 1 0 0 0.00 0 0 1.00 -1 -1 0 11.90 0 0 -8.84346e-17 0 0 1.76869e-17 0.00188724 0 0.00188724 0 
3.241 2 1 1 0 0.2350 0.2444 0.2588 0.0013 -0.002591 -0.004748 2.1183 1 2.6600 1  1866 2514 2719 2928 3142 3274 3305 2737  1 1 1 0 0 -0.10 0 5 0.92 6 7 0 11.89 0 0 -8.84346e-17 0 0 1.76869e-17 0.00188724 0 0.00188724 0 
3.251 2 1 1 0 0.2377 0.2384 0.2613 0.0013 -0.002591 -0.004196 1.4810 1 2.6600 1  1907 2561 2784 3052 3269 3373 3369 2792  1 1 1 0 0 -0.10 0 5 0.95 5 7 0 11.90 0 0 -8.84346e-17 0 0 1.76869e-17 0.00188724 0 0.00188724 0 
3.261 2 1 1 0 0.2423 0.2355 0.2633 0.0013 -0.002591 -0.003814 0.9435 1 2.6600 1  1936 2611 2878 3155 3361 3449 3396 2822  1 1 1 0 0 -0.10 0 5 0.98 5 7 0 11.91 0 0 -8.84346e-17 0 0 1.76869e-17 0.00188724 0 0.00188724 0 
3.271 2 1 1 0 0.2528 0.2400 0.2657 0.0013 -0.002591 -0.002874 0.3668 1 2.6600 1  1982 2694 2992 3288 3433 3490 3449 2844  1 1 1 0 0 1.58 0 5 1.00 5 7 0 11.90 0 0 -8.84346e-17 0 0 1.76869e-17 0.00188724 0 0.00188724 0 
3.281 2 1 1 0 0.2354 0.2549 0.2679 0.0013 -0.005182 -0.002640 0.0923 1 2.6600 1  2017 2782 3106 3355 3490 3520 3440 2861  1 1 1 0 0 2.40 0 5 1.00 4 7 0 11.91 0 0 -8.84346e-17 0 0 1.76869e-17 0.00188724 0 0.00188724 0 
3.291 2 1 1 0 0.2432 0.2213 0.2701 0.0013 -0.002591 -0.003011 -0.2238 1 2.6600 1  2127 2897 3206 3412 3524 3534 3450 2871  1 1 1 0 0 3.35 0 5 1.00 4 7 0 11.90 0 0 -8.84346e-17 0 0 1.76869e-17 0.00188724 0 0.00188724 0 
3.301 2 1 1 0 0.2349 0.2172 0.2721 0.0013 -0.002591 -0.003807 -0.4861 1 2.6600 1  2223 2997 3273 3469 3542 3534 3441 2876  1 1 1 0 0 4.14 0 5 1.00 3 7 0 11.90 0 0 -8.84346e-17 0 0 1.76869e-17 0.00188724 0 0.00188724 0 
3.311 2 1 1 0 0.2244 0.2126 0.2745 0.0013 -0.002591 -0.004903 -0.7049 1 2.6600 1  2324 3108 3331 3477 3534 3526 3431 2864  1 1 1 0 0 4.79 0 5 1.00 3 7 0 11.90 0 0 -8.84346e-17 0 0 1.76869e-17 0.00188724 0 0.00188724 0 
3.321 2 1 1 0 0.2381 0.2238 0.2765 0.0013 -0.002591 -0.004891 -2.0269 1 2.6600 1  2424 3203 3377 3494 3547 3515 3435 2857  1 1 1 0 0 6.00 7 5 1.00 3 7 0 11.91 0 0 -8.84346e-17 0 0 1.76869e-17 0.00188724 0 0.00188724 0 
3.331 2 1 1 0 0.2556 0.2070 0.2787 0.0013 0.000000 -0.004681 -2.2060 1 2.6600 1  2528 3242 3421 3505 3530 3506 3424 2867  1 1 1 0 0 6.00 17 5 1.00 2 7 0 11.91 0 0 -8.84346e-17 0 0 1.76869e-17 0.00188724 0 0.00188724 0 
3.341 2 1 1 0 0.2442 0.2036 0.2807 0.0012 0.000000 -0.004797 -2.4794 1 2.6600 1  2632 3312 3440 3504 3520 3495 3402 2814  1 1 1 0 0 6.00 20 5 1.00 2 6 0 11.91 0 0 -8.84346e-17 0 0 1.76869e-17 0.00188724 0 0.00188724 0 
3.351 2 1 1 0 0.2282 0.2327 0.2829 0.0012 -0.002591 -0.004935 -2.6600 1 2.6600 1  2719 3372 3455 3502 3501 3487 3399 2794  1 1 1 0 0 6.00 20 5 1.00 1 6 0 11.91 0 0 -8.84346e-17 0 0 1.76869e-17 0.00188724 0 0.00188724 0 
3.361 2 1 1 0 0.2451 0.2483 0.2853 0.0012 -0.002591 -0.004218 -2.6600 1 2.6600 1  2789 3388 3471 3503 3514 3486 3378 2733  1 1 1 0 0 6.00 20 5 1.00 1 6 0 11.91 0 0 -8.84346e-17 0 0 1.76869e-17 0.00188724 0 0.00188724 0 
3.371 2 1 1 0 0.2266 0.2228 0.2874 0.0012 -0.002591 -0.003872 -2.6600 1 2.6600 1  2837 3375 3463 3489 3501 3471 3375 2674  1 1 1 0 0 6.00 20 5 1.00 1 6 0 11.91 0 0 -8.84346e-17 0 0 1.76869e-17 0.00188724 0 0.00188724 0 
3.381 2 1 1 0 0.2170 0.2163 0.2894 0.0012 -0.002591 -0.005143 -2.6600 1 2.3782 1  2856 3395 3467 3484 3503 3463 3327 2562  1 1 1 0 0 6.00 20 5 1.00 1 5 0 11.91 0 0 -8.84346e-17 0 0 1.76869e-17 0.00188724 0 0.00188724 0 
3.391 2 1 1 0 0.2431 0.2017 0.2916 0.0012 0.000000 -0.005462 -2.6600 1 2.1255 1  2873 3421 3452 3474 3476 3438 3269 2434  1 1 1 0 0 6.00 20 5 0.99 0 5 0 11.91 0 0 -8.84346e-17 0 0 1.76869e-17 0.00188724 0 0.00188724 0 
3.401 2 1 1 0 0.2325 0.2297 0.2938 0.0012 -0.002591 -0.004921 -2.6600 1 1.9395 1  2879 3414 3431 3456 3462 3411 3198 2265  1 1 1 0 0 6.00 20 5 0.99 0 4 0 11.91 0 0 -8.84346e-17 0 0 1.76869e-17 0.00188724 0 0.00188724 0 
3.411 2 1 1 0 0.2348 0.2253 0.2958 0.0012 -0.002591 -0.004204 -2.6600 1 0.6496 1  2879 3411 3444 3454 3437 3376 3098 2100  1 1 1 0 0 4.63 12 5 0.99 0 4 0 11.91 0 0 -8.84346e-17 0 0 1.76869e-17 0.00188724 0 0.00188724 0 
3.421 2 1 1 0 0.2164 0.2394 0.2980 0.0012 -0.005182 -0.003600 -2.6600 1 0.4822 1  2883 3397 3421 3432 3423 3318 2961 1984  1 1 1 0 0 4.12 2 5 0.99 0 3 0 11.91 0 0 -8.84346e-17 0 0 1.76869e-17 0.00188724 0 0.00188724 0 
3.431 2 1 1 0 0.2408 0.2233 0.3002 0.0012 -0.002591 -0.003074 -2.6600 1 -0.0442 1  2880 3382 3412 3424 3405 3237 2813 1880  1 1 1 0 0 2.54 0 5 0.99 0 3 0 11.91 0 0 -8.84346e-17 0 0 1.76869e-17 0.00188724 0 0.00188724 0 
3.441 2 1 1 0 0.2363 0.2556 0.3024 0.0012 -0.005182 -0.001978 -2.6600 1 -0.2367 1  2860 3361 3381 3387 3339 3152 2690 1822  1 1 1 0 0 1.97 0 5 0.98 0 2 0 11.90 0 0 -8.84346e-17 0 0 1.76869e-17 0.00188724 0 0.00188724 0 
3.451 2 1 1 0 0.2346 0.2166 0.3046 0.0012 -0.002591 -0.001931 -2.6600 1 -0.7588 1  2850 3365 3367 3348 3245 3027 2582 1783  1 1 1 0 0 0.40 0 5 0.98 0 2 0 11.91 0 0 -8.84346e-17 0 0 1.76869e-17 0.00188724 0 0.00188724 0 
3.461 2 1 1 0 0.2467 0.2297 0.3066 0.0012 -0.002591 -0.001836 -2.6600 1 -1.0680 1  2830 3332 3348 3283 3176 2907 2511 1789  1 1 1 0 0 -0.10 0 5 0.97 0 1 0 11.91 0 0 -8.84346e-17 0 0 1.76869e-17 0.00188724 0 0.00188724 0 
3.471 2 1 1 0 0.2435 0.2290 0.3090 0.0012 -0.002591 -0.001953 -2.6600 1 -1.5262 1  2810 3300 3316 3206 3061 2819 2468 1789  1 1 1 0 0 -0.10 0 5 0.95 0 1 0 11.91 0 0 -8.84346e-17 0 0 1.76869e-17 0.00188724 0 0.00188724 0 
3.481 2 1 1 0 0.2535 0.2106 0.3113 0.0012 0.000000 -0.002409 -2.6600 1 -2.0912 1  2767 3256 3223 3075 2919 2715 2449 1788  1 1 1 0 0 -0.10 0 5 0.93 0 1 0 11.91 0 0 -8.84346e-17 0 0 1.76869e-17 0.00188724 0 0.00188724 0 
3.491 2 1 1 0 0.2362 0.1990 0.3133 0.0012 0.000000 -0.003887 -2.6600 1 -2.4271 1  2711 3197 3140 2934 2803 2681 2431 1785  1 1 1 0 0 -0.10 0 5 0.89 0 1 0 11.91 0 0 -8.84346e-17 0 0 1.76869e-17 0.00188724 0 0.00188724 0 
3.501 2 1 1 0 0.2373 0.2425 0.3155 0.0012 -0.002591 -0.003388 0.0000 1 0.0000 1  2665 3121 3044 2812 2735 2630 2421 1793  1 1 1 0 0 -0.10 0 2 1.00 -1 -1 0 11.90 0 0 -8.84346e-17 0 0 1.76869e-17 0.00188724 0 0.00188724 0 
3.511 2 1 1 0 0.2697 0.2367 0.3177 0.0012 0.000000 -0.002229 0.0000 0 0.0000 0  2612 3058 2958 2735 2716 2609 2418 1795  1 1 1 0 0 0.00 0 0 1.00 -1 -1 0 11.91 0 0 -8.84346e-17 0 0 1.76869e-17 0.00188724 0 0.00188724 0 
3.521 2 1 1 0 0.2649 0.2021 0.3199 0.0012 0.002591 -0.002211 0.0000 0 0.0000 0  2582 2990 2846 2673 2664 2613 2407 1773  1 1 1 0 0 0.00 0 0 1.00 -1 -1 0 11.90 0 0 -8.84346e-17 0 0 1.76869e-17 0.00188724 0 0.00188724 0 
3.531 2 1 1 0 0.2659 0.2464 0.3221 0.0012 0.000000 -0.001877 0.0000 0 0.0000 0  2569 2933 2774 2631 2631 2575 2395 1777  1 1 1 0 0 0.00 0 0 1.00 -1 -1 0 11.90 0 0 -8.84346e-17 0 0 1.76869e-17 0.00188724 0 0.00188724 0 
3.541 2 1 1 0 0.2562 0.2372 0.3245 0.0012 0.000000 -0.001555 0.0000 0 0.0000 0  2545 2901 2735 2620 2616 2579 2384 1774  1 1 1 0 0 0.00 0 0 1.00 -1 -1 0 11.89 0 0 -8.84346e-17 0 0 1.76869e-17 0.00188724 0 0.00188724 0 
3.551 2 1 1 0 0.2453 0.2262 0.3265 0.0012 0.000000 -0.002328 0.0000 0 0.0000 0  2587 2885 2736 2573 2580 2561 2354 1754  1 1 1 0 0 0.00 0 0 1.00 -1 -1 0 11.90 0 0 -8.84346e-17 0 0 1.76869e-17 0.00188724 0 0.00188724 0 
3.561 2 1 1 0 0.2465 0.2313 0.3289 0.0012 0.000000 -0.003158 0.0000 0 0.0000 0  2637 2916 2762 2575 2562 2533 2347 1744  1 1 1 0 0 0.00 0 0 1.00 -1 -1 0 11.90 0 0 -8.84346e-17 0 0 1.76869e-17 0.00188724 0 0.00188724 0 
3.571 2 1 1 0 0.2398 0.2637 0.3311 0.0012 -0.002591 -0.002636 0.0000 0 0.0000 0  2676 2972 2786 2592 2565 2526 2347 1740  1 1 1 0 0 0.00 0 0 1.00 -1 -1 0 11.90 0 0 -8.84346e-17 0 0 1.76869e-17 0.00188724 0 0.00188724 0 
3.581 2 1 1 0 0.2395 0.2215 0.3333 0.0012 0.000000 -0.002853 -2.6600 1 -3.3062 1  2718 3026 2839 2564 2564 2536 2335 1733  1 1 1 0 0 -0.10 0 5 0.87 0 0 0 11.90 0 0 -8.84346e-17 0 0 1.76869e-17 0.00188724 0 0.00188724 0 
3.591 2 1 1 0 0.2443 0.2248 0.3353 0.0012 0.000000 -0.003456 -2.6600 1 -3.1785 1  2756 3078 2881 2616 2564 2530 2337 1719  1 1 1 0 0 -0.10 0 5 0.90 0 0 0 11.87 0 0 -8.84346e-17 0 0 1.76869e-17 0.00188724 0 0.00188724 0 
3.601 2 1 1 0 0.2504 0.2350 0.3378 0.0012 0.000000 -0.003752 -2.6600 1 -2.9855 1  2828 3133 2933 2651 2565 2533 2330 1699  1 1 1 0 0 -0.10 0 5 0.94 0 0 0 11.90 0 0 -8.84346e-17 0 0 1.76869e-17 0.00188724 0 0.00188724 0 
3.611 2 1 1 0 0.2471 0.2673 0.3400 0.0011 -0.002591 -0.002723 -2.6600 1 -2.5783 1  2792 3178 2983 2649 2573 2517 2312 1688  1 1 1 0 0 -0.10 0 5 0.93 0 0 0 11.90 0 0 -8.84346e-17 0 0 1.76869e-17 0.00188724 0 0.00188724 0 
3.621 2 1 1 0 0.2386 0.2185 0.3422 0.0011 0.000000 -0.003489 -2.6600 1 -2.5034 1  2821 3215 3028 2703 2570 2502 2335 1671  1 1 1 0 0 -0.10 0 5 0.95 0 0 0 11.91 0 0 -8.84346e-17 0 0 1.76869e-17 0.00188724 0 0.00188724 0 
3.631 2 1 1 0 0.2382 0.2238 0.3442 0.0011 0.000000 -0.004389 -2.6600 1 -2.4366 1  2874 3235 3087 2732 2582 2503 2272 1665  1 1 1 0 0 -0.10 0 5 0.98 0 0 0 11.90 0 0 -8.84346e-17 0 0 1.76869e-17 0.00188724 0 0.00188724 0 
3.641 2 1 1 0 0.2250 0.2505 0.3464 0.0011 -0.002591 -0.004376 -2.6600 1 -2.3607 1  2863 3276 3139 2795 2589 2489 2266 1647  1 1 1 0 0 -0.10 0 5 0.96 0 1 0 11.91 0 0 -8.84346e-17 0 0 1.76869e-17 0.00188724 0 0.00188724 0 
3.651 2 1 1 0 0.2445 0.2324 0.3486 0.0011 0.000000 -0.004782 -2.6600 1 -2.2262 1  2859 3320 3191 2875 2616 2481 2230 1631  1 1 1 0 0 -0.10 0 5 0.98 0 1 0 11.90 0 0 -8.84346e-17 0 0 1.76869e-17 0.00188724 0 0.00188724 0 
3.661 2 1 1 0 0.2378 0.2314 0.3506 0.0012 0.000000 -0.004456 -2.6600 1 -1.8986 1  2886 3339 3242 2917 2653 2479 2216 1608  1 1 1 0 0 -0.10 0 5 0.99 0 1 0 11.90 0 0 -8.84346e-17 0 0 1.76869e-17 0.00188724 0 0.00188724 0 
3.671 2 1 1 0 0.2505 0.2143 0.3528 0.0012 0.002591 -0.005045 -2.6600 1 -1.8263 1  2871 3357 3273 2982 2694 2468 2209 1595  1 1 1 0 0 -0.10 0 5 0.99 0 1 0 11.91 0 0 -8.84346e-17 0 0 1.76869e-17 0.00188724 0 0.00188724 0 
3.681 2 1 1 0 0.2553 0.2572 0.3550 0.0012 0.000000 -0.003569 -2.6600 1 -1.7296 1  2884 3356 3320 3069 2744 2468 2186 1594  1 1 1 0 0 -0.10 0 5 0.99 0 1 0 11.91 0 0 -8.84346e-17 0 0 1.76869e-17 0.00188724 0 0.00188724 0 
3.691 2 1 1 0 0.2481 0.2147 0.3572 0.0012 0.002591 -0.004178 -2.6600 1 -1.6555 1  2890 3364 3355 3087 2774 2456 2143 1595  1 1 1 0 0 -0.10 0 5 1.00 0 1 0 11.91 0 0 -8.84346e-17 0 0 1.76869e-17 0.00188724 0 0.00188724 0 
3.701 2 1 1 0 0.2311 0.2000 0.3592 0.0012 0.002591 -0.005376 -2.6600 1 -1.5886 1  2887 3415 3381 3148 2803 2442 2158 1598  1 1 1 0 0 -0.10 0 5 0.99 0 1 0 11.91 0 0 -8.84346e-17 0 0 1.76869e-17 0.00188724 0 0.00188724 0 
3.711 2 1 1 0 0.2494 0.2192 0.3613 0.0012 0.002591 -0.005514 -2.6600 1 -1.5569 1  2885 3376 3393 3182 2820 2438 2131 1615  1 1 1 0 0 -0.10 0 5 0.99 0 1 0 11.91 0 0 -8.84346e-17 0 0 1.76869e-17 0.00188724 0 0.00188724 0 
3.721 2 1 1 0 0.2422 0.2487 0.3635 0.0012 0.000000 -0.004900 -2.6600 1 -1.5164 1  2875 3380 3391 3206 2886 2457 2142 1602  1 1 1 0 0 -0.10 0 5 0.99 0 2 0 11.91 0 0 -8.84346e-17 0 0 1.76869e-17 0.00188724 0 0.00188724 0 
3.731 2 1 1 0 0.2115 0.2175 0.3655 0.0012 0.000000 -0.005042 -2.6600 1 -1.4884 1  2875 3391 3410 3240 2878 2472 2161 1604  1 1 1 0 0 -0.10 0 5 0.99 0 2 0 11.91 0 0 -8.84346e-17 0 0 1.76869e-17 0.00188724 0 0.00188724 0 
3.741 2 1 1 0 0.2224 0.2290 0.3675 0.0012 0.000000 -0.005330 -2.6600 1 -1.4618 1  2848 3367 3408 3255 2911 2482 2143 1594  1 1 1 0 0 -0.10 0 5 0.98 0 2 0 11.91 0 0 -8.84346e-17 0 0 1.76869e-17 0.00188724 0 0.00188724 0 
3.751 2 1 1 0 0.2381 0.2424 0.3699 0.0012 0.000000 -0.004608 -2.6600 1 -1.4469 1  2845 3385 3406 3267 2950 2484 2149 1626  1 1 1 0 0 -0.10 0 5 0.98 0 2 0 11.91 0 0 -8.84346e-17 0 0 1.76869e-17 0.00188724 0 0.00188724 0 
3.761 2 1 1 0 0.2362 0.1966 0.3717 0.0012 0.002591 -0.004759 -2.6600 1 -1.4978 1  2820 3318 3392 3251 2921 2467 2142 1626  1 1 1 0 0 -0.10 0 5 0.97 0 2 0 11.91 0 0 -8.84346e-17 0 0 1.76869e-17 0.00188724 0 0.00188724 0 
3.771 2 1 1 0 0.2286 0.2241 0.3739 0.0012 0.000000 -0.004409 -2.6600 1 -1.5765 1  2796 3316 3364 3217 2876 2436 2131 1613  1 1 1 0 0 -0.10 0 5 0.98 1 1 0 11.91 0 0 -8.84346e-17 0 0 1.76869e-17 0.00188724 0 0.00188724 0 
3.781 2 1 1 0 0.2227 0.2232 0.3759 0.0012 0.000000 -0.004889 -2.6600 1 -1.7108 1  2742 3294 3317 3131 2777 2401 2131 1633  1 1 1 0 0 -0.10 0 5 0.97 1 1 0 11.91 0 0 -8.84346e-17 0 0 1.76869e-17 0.00188724 0 0.00188724 0 
3.791 2 1 1 0 0.2510 0.2453 0.3779 0.0012 0.000000 -0.003493 -2.6600 1 -1.8749 1  2704 3256 3231 3014 2698 2362 2138 1627  1 1 1 0 0 -0.10 0 5 0.94 1 1 0 11.91 0 0 -8.84346e-17 0 0 1.76869e-17 0.00188724 0 0.00188724 0 
3.801 2 1 1 0 0.2256 0.2194 0.3799 0.0012 0.000000 -0.003427 -2.3611 1 -2.4618 1  2619 3196 3152 2842 2574 2328 2152 1640  1 1 1 0 0 -0.10 0 5 0.90 1 1 0 11.91 0 0 -8.84346e-17 0 0 1.76869e-17 0.00188724 0 0.00188724 0 
3.811 2 1 1 0 0.2149 0.2105 0.3819 0.0012 0.000000 -0.003973 0.0000 0 0.0000 0  2511 3068 2993 2665 2444 2310 2169 1636  1 1 1 0 0 0.00 0 0 1.00 -1 -1 0 11.91 0 0 -8.84346e-17 0 0 1.76869e-17 0.00188724 0 0.00188724 0 
3.821 2 1 1 0 0.2256 0.2234 0.3839 0.0012 0.000000 -0.003877 0.0000 0 0.0000 0  2371 2948 2831 2520 2384 2312 2188 1645  1 1 1 0 0 0.00 0 0 1.00 -1 -1 0 11.91 0 0 -8.84346e-17 0 0 1.76869e-17 0.00188724 0 0.00188724 0 
3.831 2 1 1 0 0.2517 0.2137 0.3862 0.0012 0.002591 -0.003064 0.0000 0 0.0000 0  2244 2806 2675 2411 2334 2295 2207 1645  1 1 1 0 0 0.00 0 0 1.00 -1 -1 0 11.90 0 0 -8.84346e-17 0 0 1.76869e-17 0.00188724 0 0.00188724 0 
3.841 2 1 1 0 0.2299 0.1978 0.3882 0.0012 0.002591 -0.003493 0.0000 0 0.0000 0  2072 2628 2535 2343 2325 2335 2214 1629  1 1 1 0 0 0.00 0 0 1.00 -1 -1 0 11.90 0 0 -8.84346e-17 0 0 1.76869e-17 0.00188724 0 0.00188724 0 
3.851 2 1 1 0 0.2088 0.2136 0.3900 0.0012 0.000000 -0.003649 0.0000 0 0.0000 0  1913 2428 2382 2301 2327 2337 2208 1629  1 1 1 0 0 0.00 0 0 1.00 -1 -1 0 11.91 0 0 -8.84346e-17 0 0 1.76869e-17 0.00188724 0 0.00188724 0 
3.861 2 1 1 0 0.2204 0.2306 0.3920 0.0012 0.000000 -0.003383 0.0000 0 0.0000 0  1781 2292 2311 2296 2332 2343 2197 1625  1 1 1 0 0 0.00 0 0 1.00 -1 -1 0 11.90 0 0 -8.84346e-17 0 0 1.76869e-17 0.00188724 0 0.00188724 0 
3.871 2 1 1 0 0.2326 0.2363 0.3940 0.0012 0.000000 -0.002344 0.0000 0 0.0000 0  1697 2189 2266 2299 2334 2330 2174 1604  1 1 1 0 0 0.00 0 0 1.00 -1 -1 0 11.89 0 0 -8.84346e-17 0 0 1.76869e-17 0.00188724 0 0.00188724 0 
3.881 2 1 1 0 0.2103 0.2126 0.3960 0.0012 0.000000 -0.002867 0.0000 0 0.0000 0  1616 2116 2233 2301 2328 2297 2148 1608  1 1 1 0 0 0.00 0 0 1.00 -1 -1 0 11.90 0 0 -8.84346e-17 0 0 1.76869e-17 0.00188724 0 0.00188724 0 
3.891 2 1 1 0 0.2266 0.1862 0.3978 0.0012 0.002591 -0.004215 0.0000 0 0.0000 0  1574 2089 2233 2303 2326 2270 2116 1579  1 1 1 0 0 0.00 0 0 1.00 -1 -1 0 11.90 0 0 -8.84346e-17 0 0 1.76869e-17 0.00188724 0 0.00188724 0 
3.901 2 1 1 0 0.2384 0.1972 0.3998 0.0012 0.002591 -0.003978 0.0000 0 0.0000 0  1585 2076 2225 2310 2325 2281 2090 1569  1 1 1 0 0 0.00 0 0 1.00 -1 -1 0 11.90 0 0 -8.84346e-17 0 0 1.76869e-17 0.00188724 0 0.00188724 0 
3.911 2 1 1 0 0.2318 0.2262 0.4020 0.0012 0.000000 -0.003185 0.0000 0 0.0000 0  1545 2083 2239 2332 2335 2244 2086 1555  1 1 1 0 0 0.00 0 0 1.00 -1 -1 0 11.90 0 0 -8.84346e-17 0 0 1.76869e-17 0.00188724 0 0.00188724 0 
3.921 2 1 1 0 0.2190 0.2095 0.4040 0.0012 0.000000 -0.002471 0.0000 0 0.0000 0  1576 2095 2240 2344 2352 2254 2063 1541  1 1 1 0 0 0.00 0 0 1.00 -1 -1 0 11.89 0 0 -8.84346e-17 0 0 1.76869e-17 0.00188724 0 0.00188724 0 
3.931 2 1 1 0 0.2336 0.1874 0.4058 0.0012 0.002591 -0.002858 0.0000 0 0.0000 0  1590 2090 2246 2348 2364 2259 2051 1524  1 1 1 0 0 0.00 0 0 1.00 -1 -1 0 11.91 0 0 -8.84346e-17 0 0 1.76869e-17 0.00188724 0 0.00188724 0 
