%% logfile from robot Alma (11)
% Alma (11)
%  1    time 1.509 sec
%  2  3  4  5   (mission 0), state 2, entered (thread 1, line 1), events 0x0 (bit-flags)
%  6  7 Motor velocity ref left, right: 0.0422 0.0302
%  8  9 10 11 Pose x,y,h,tilt [m,m,rad,rad]: -0.0381536 0.000713887 4.65661e-10 -0.00842912
1.509 2 1 1 0 0.0422 0.0302 -0.0382 0.0007 0.000000 -0.008429 0.9711 1 2.7058 1  1744 2332 2610 3067 3372 3440 3375 2731  1 1 1 -0.10 0 5 0.99 5 6 0 11.81 0 -0.0313531 -0.0553718 0 0 0.0110744 0.00604724 0 0.00604724 0.00604724 
1.524 2 1 1 0 0.0447 0.0175 -0.0382 0.0007 0.000000 -0.008462 0.9880 1 2.7068 1  1765 2336 2602 3069 3366 3434 3359 2733  1 1 1 -0.10 0 5 0.98 5 6 0 11.80 0 -0.0313531 -0.0553718 0 0 0.0110744 0.00604724 0 0.00604724 0.00604724 
1.539 2 1 1 0 0.0402 0.0147 -0.0382 0.0007 0.000000 -0.007050 0.9737 1 2.7123 1  1755 2341 2610 3063 3376 3448 3381 2745  1 1 1 -0.10 0 5 0.99 5 6 0 11.81 0 -0.0313531 -0.0553718 0 0 0.0110744 0.00604724 0 0.00604724 0.00604724 
1.554 2 1 1 0 0.0225 -0.0023 -0.0382 0.0007 0.000000 -0.006110 0.9684 1 2.7162 1  1753 2348 2618 3071 3373 3446 3381 2752  1 1 1 -0.10 0 5 0.99 5 6 0 11.81 0 -0.0313531 -0.0553718 0 0 0.0110744 0.00604724 0 0.00604724 0.00604724 
1.569 2 1 1 0 0.0128 -0.0116 -0.0382 0.0007 0.000000 -0.004016 0.9567 1 2.7208 1  1761 2352 2622 3080 3383 3446 3388 2760  1 1 1 -0.10 0 5 0.99 5 6 0 11.81 0 -0.0313531 -0.0553718 0 0 0.0110744 0.00604724 0 0.00604724 0.00604724 
1.584 2 1 1 0 -0.0019 -0.0262 -0.0382 0.0007 0.000000 -0.002209 0.9381 1 2.7254 1  1776 2364 2632 3090 3385 3451 3395 2767  1 1 1 -0.10 0 5 0.99 5 6 0 11.81 0 -0.0313531 -0.0553718 0 0 0.0110744 0.00604724 0 0.00604724 0.00604724 
1.599 2 1 1 0 -0.0282 -0.0184 -0.0384 0.0007 -0.002591 -0.000091 0.9350 1 2.7285 1  1779 2365 2640 3090 3388 3453 3396 2772  1 1 1 -0.10 0 5 0.99 5 6 0 11.81 0 -0.0313531 -0.0553718 0 0 0.0110744 0.00604724 0 0.00604724 0.00604724 
1.614 2 1 1 0 -0.0330 -0.0366 -0.0384 0.0007 -0.002591 0.001657 0.9440 1 2.7337 1  1789 2380 2644 3099 3376 3454 3390 2781  1 1 1 -0.10 0 5 0.99 5 6 0 11.81 0 -0.0313531 -0.0553718 0 0 0.0110744 0.00604724 0 0.00604724 0.00604724 
1.629 2 1 1 0 -0.0182 -0.0661 -0.0386 0.0007 0.000000 0.003765 0.9122 1 2.7387 1  1796 2400 2656 3105 3408 3450 3403 2795  1 1 1 0.08 0 5 0.99 5 6 0 11.80 0 -0.0313531 -0.0553718 0 0 0.0110744 0.00604724 0 0.00604724 0.00604724 
1.644 2 1 1 0 -0.0362 -0.0372 -0.0388 0.0007 -0.002591 0.006666 0.8742 1 2.7442 1  1815 2404 2673 3127 3411 3459 3408 2798  1 1 1 0.29 0 5 1.00 5 6 0 11.81 0 -0.0313531 -0.0553718 0 0 0.0110744 0.00604724 0 0.00604724 0.00604724 
1.659 2 1 1 0 -0.0424 -0.0507 -0.0388 0.0007 -0.002591 0.010258 0.8872 1 2.7557 1  1831 2435 2699 3147 3396 3464 3408 2834  1 1 1 0.29 0 5 1.00 5 6 0 11.80 0 -0.0313531 -0.0553718 0 0 0.0110744 0.00604724 0 0.00604724 0.00604724 
1.674 2 1 1 0 -0.0432 -0.0548 -0.0392 0.0007 -0.002591 0.014311 0.8250 1 2.7596 1  1836 2441 2715 3163 3420 3474 3418 2825  1 1 1 0.62 0 5 0.99 5 7 0 11.80 0 -0.0313531 -0.0553718 0 0 0.0110744 0.00604724 0 0.00604724 0.00604724 
1.689 2 1 1 0 -0.0583 -0.0466 -0.0394 0.0007 -0.005182 0.017843 0.8112 1 2.7673 1  1858 2457 2733 3181 3431 3483 3424 2845  1 1 1 0.72 0 5 1.00 5 7 0 11.80 0 -0.0313531 -0.0553718 0 0 0.0110744 0.00604724 0 0.00604724 0.00604724 
1.704 2 1 1 0 -0.0387 -0.0606 -0.0396 0.0007 -0.002591 0.021886 0.8021 1 2.7737 1  1874 2481 2742 3189 3428 3475 3428 2873  1 1 1 0.80 0 5 1.00 5 7 0 11.80 0 -0.0313531 -0.0553718 0 0 0.0110744 0.00604724 0 0.00604724 0.00604724 
1.719 2 1 1 0 -0.0436 -0.0378 -0.0398 0.0007 -0.005182 0.026340 0.7607 1 2.7741 1  1895 2501 2769 3208 3442 3488 3441 2879  1 1 1 1.01 0 5 1.00 5 7 0 11.81 0 -0.0313531 -0.0553718 0 0 0.0110744 0.00604724 0 0.00604724 0.00604724 
1.734 2 1 1 0 -0.0394 -0.0389 -0.0398 0.0007 -0.005182 0.031122 0.7312 1 2.7740 1  1921 2528 2790 3224 3452 3491 3442 2897  1 1 1 1.16 0 5 1.00 5 7 0 11.81 0 -0.0313531 -0.0553718 0 0 0.0110744 0.00604724 0 0.00604724 0.00604724 
1.749 2 1 1 0 -0.0253 -0.0270 -0.0398 0.0007 -0.005182 0.036103 0.6940 1 2.7741 1  1932 2547 2815 3242 3460 3497 3447 2915  1 1 1 1.34 0 5 0.99 4 7 0 11.81 0 -0.0313531 -0.0553718 0 0 0.0110744 0.00604724 0 0.00604724 0.00604724 
1.764 2 1 1 0 -0.0168 -0.0191 -0.0398 0.0007 -0.005182 0.040918 0.6579 1 2.7741 1  1952 2572 2832 3250 3473 3505 3453 2932  1 1 1 1.52 0 5 1.00 4 7 0 11.80 0 -0.0313531 -0.0553718 0 0 0.0110744 0.00604724 0 0.00604724 0.00604724 
1.779 2 1 1 0 0.0000 -0.0023 -0.0398 0.0007 -0.005182 0.045901 0.6235 1 2.7741 1  1968 2597 2861 3267 3478 3515 3468 2954  1 1 1 1.70 0 5 1.00 4 7 0 11.80 0 -0.0313531 -0.0553718 0 0 0.0110744 0.00604724 0 0.00604724 0.00604724 
1.794 2 1 1 0 0.0164 0.0143 -0.0398 0.0007 -0.005182 0.051059 0.3370 1 2.7741 1  2002 2625 2886 3282 3484 3523 3472 2978  1 1 1 3.13 0 5 1.00 4 7 0 11.81 0 -0.0313531 -0.0553718 0 0 0.0110744 0.00604724 0 0.00604724 0.00604724 
1.809 2 1 1 0 0.0414 0.0398 -0.0398 0.0007 -0.005182 0.056751 0.2918 1 2.7741 1  2008 2654 2904 3296 3488 3504 3477 3000  1 1 1 3.36 0 5 1.00 4 7 0 11.80 0 -0.0313531 -0.0553718 0 0 0.0110744 0.00604724 0 0.00604724 0.00604724 
1.824 2 1 1 0 0.0541 0.0507 -0.0394 0.0007 -0.005182 0.062608 -0.0854 1 2.7741 1  2119 2801 3085 3554 3791 3844 3787 3162  1 1 1 5.24 1 5 1.00 4 7 0 11.78 0 -0.0313531 -0.0553718 0 0 0.0110744 0.00604724 0 0.00604724 0.00604724 
1.839 2 1 1 0 0.0893 0.0733 -0.0386 0.0007 -0.005182 0.066887 0.2980 1 2.7741 1  2087 2695 2938 3298 3482 3509 3465 3023  1 1 1 3.32 0 5 1.00 4 7 0 11.80 0 -0.0313531 -0.0553718 0 0 0.0110744 0.00604724 0 0.00604724 0.00604724 
1.854 2 1 1 0 0.1135 0.1112 -0.0382 0.0007 -0.005182 0.069798 0.1801 1 2.7741 1  2105 2720 2946 3317 3505 3536 3492 3063  1 1 1 3.91 0 5 1.00 4 7 0 11.77 0 -0.0313531 -0.0553718 0 0 0.0110744 0.00604724 0 0.00604724 0.00604724 
1.869 2 1 1 0 0.1426 0.0906 -0.0374 0.0007 -0.000000 0.070732 0.2009 1 2.7741 1  2115 2737 2956 3317 3502 3528 3498 3078  1 1 1 3.81 0 5 1.00 4 7 0 11.78 0 -0.0313531 -0.0553718 0 0 0.0110744 0.00604724 0 0.00604724 0.00604724 
1.884 2 1 1 0 0.1363 0.0975 -0.0361 0.0007 -0.000000 0.069238 0.2434 1 2.7741 1  2117 2746 2962 3306 3500 3540 3483 3077  1 1 1 3.60 0 5 1.00 4 7 0 11.80 0 -0.0313531 -0.0553718 0 0 0.0110744 0.00604724 0 0.00604724 0.00604724 
1.899 2 1 1 0 0.1500 0.1162 -0.0349 0.0007 -0.000000 0.068586 0.1649 1 2.7741 1  2093 2742 2962 3327 3490 3529 3485 3063  1 1 1 3.99 0 5 1.00 4 7 0 11.79 0 -0.0313531 -0.0553718 0 0 0.0110744 0.00604724 0 0.00604724 0.00604724 
1.914 2 1 1 0 0.1398 0.1475 -0.0335 0.0007 -0.002591 0.067926 0.2241 1 2.7741 1  2092 2734 2961 3308 3490 3522 3474 3053  1 1 1 3.69 0 5 1.00 4 7 0 11.80 0 -0.0313531 -0.0553718 0 0 0.0110744 0.00604724 0 0.00604724 0.00604724 
1.929 2 1 1 0 0.1412 0.1507 -0.0319 0.0007 -0.002591 0.064677 0.2983 1 2.7741 1  2059 2695 2921 3281 3467 3505 3453 3031  1 1 1 3.32 0 5 1.00 4 7 0 11.79 0 -0.0313531 -0.0553718 0 0 0.0110744 0.00604724 0 0.00604724 0.00604724 
1.944 2 1 1 0 0.1872 0.1579 -0.0301 0.0007 -0.000000 0.063061 0.2672 1 2.7741 1  2056 2674 2918 3301 3489 3522 3469 3045  1 1 1 3.48 0 5 1.00 4 7 0 11.80 0 -0.0313531 -0.0553718 0 0 0.0110744 0.00604724 0 0.00604724 0.00604724 
1.959 2 1 1 0 0.1555 0.1256 -0.0285 0.0007 -0.000000 0.059229 0.3530 1 2.7741 1  2028 2667 2894 3273 3476 3516 3473 3030  1 1 1 3.05 0 5 1.00 4 7 0 11.81 0 -0.0313531 -0.0553718 0 0 0.0110744 0.00604724 0 0.00604724 0.00604724 
1.974 2 1 1 0 0.1940 0.1643 -0.0265 0.0007 -0.000000 0.057212 0.5980 1 2.7741 1  2017 2650 2873 3254 3482 3518 3472 3033  1 1 1 1.82 0 5 1.00 4 7 0 11.80 0 -0.0313531 -0.0553718 0 0 0.0110744 0.00604724 0 0.00604724 0.00604724 
1.989 2 1 1 0 0.1676 0.1441 -0.0245 0.0007 -0.000000 0.053533 0.6376 1 2.7741 1  1999 2666 2853 3246 3478 3514 3473 3059  1 1 1 1.63 0 5 1.00 4 7 0 11.80 0 -0.0313531 -0.0553718 0 0 0.0110744 0.00604724 0 0.00604724 0.00604724 
2.004 2 1 1 0 0.1841 0.1646 -0.0225 0.0007 -0.000000 0.050795 0.6680 1 2.7741 1  1993 2648 2838 3234 3461 3510 3452 2968  1 1 1 1.47 0 5 1.00 4 7 0 11.80 0 -0.0313531 -0.0553718 0 0 0.0110744 0.00604724 0 0.00604724 0.00604724 
2.019 2 1 1 0 0.1880 0.1663 -0.0201 0.0007 -0.000000 0.048182 0.6963 1 2.7741 1  1990 2601 2833 3230 3455 3505 3463 3030  1 1 1 1.33 0 5 1.00 5 7 0 11.80 0 -0.0313531 -0.0553718 0 0 0.0110744 0.00604724 0 0.00604724 0.00604724 
2.034 2 1 1 0 0.1799 0.1600 -0.0181 0.0007 -0.000000 0.044920 0.7178 1 2.7741 1  1986 2597 2828 3218 3434 3492 3451 2983  1 1 1 1.23 0 5 1.00 5 7 0 11.80 0 -0.0313531 -0.0553718 0 0 0.0110744 0.00604724 0 0.00604724 0.00604724 
2.049 2 1 1 0 0.2012 0.1514 -0.0159 0.0007 0.002591 0.042282 0.7156 1 2.7741 1  1986 2624 2835 3216 3440 3495 3454 2998  1 1 1 1.24 0 5 1.00 5 7 0 11.80 0 -0.0313531 -0.0553718 0 0 0.0110744 0.00604724 0 0.00604724 0.00604724 
2.064 2 1 1 0 0.2004 0.1933 -0.0137 0.0007 -0.000000 0.041105 0.7253 1 2.7741 1  1987 2618 2823 3214 3435 3490 3455 2972  1 1 1 1.19 0 5 1.00 5 7 0 11.80 0 -0.0313531 -0.0553718 0 0 0.0110744 0.00604724 0 0.00604724 0.00604724 
2.079 2 1 1 0 0.1803 0.1730 -0.0112 0.0007 -0.000000 0.037670 0.6942 1 2.7741 1  1998 2619 2840 3217 3457 3495 3451 2975  1 1 1 1.34 0 5 1.00 5 7 0 11.80 0 -0.0313531 -0.0553718 0 0 0.0110744 0.00604724 0 0.00604724 0.00604724 
2.094 2 1 1 0 0.1794 0.1730 -0.0088 0.0007 -0.000000 0.035557 0.7133 1 2.7741 1  2001 2626 2833 3216 3441 3493 3452 2962  1 1 1 1.25 0 5 1.00 5 7 0 11.80 0 -0.0313531 -0.0553718 0 0 0.0110744 0.00604724 0 0.00604724 0.00604724 
2.109 2 1 1 0 0.2028 0.1993 -0.0064 0.0007 -0.000000 0.033827 0.6897 1 2.7741 1  2006 2634 2848 3220 3451 3491 3455 2970  1 1 1 1.37 0 5 1.00 5 7 0 11.80 0 -0.0313531 -0.0553718 0 0 0.0110744 0.00604724 0 0.00604724 0.00604724 
2.124 2 1 1 0 0.1876 0.1769 -0.0040 0.0007 -0.000000 0.032611 0.6625 1 2.7741 1  2019 2653 2864 3228 3457 3530 3465 2974  1 1 1 1.50 0 5 0.99 4 7 0 11.80 0 -0.0313531 -0.0553718 0 0 0.0110744 0.00604724 0 0.00604724 0.00604724 
2.139 2 1 1 0 0.1912 0.1785 -0.0016 0.0007 -0.000000 0.030439 0.6776 1 2.7741 1  2011 2661 2860 3228 3450 3493 3457 2965  1 1 1 1.43 0 5 0.99 4 7 0 11.80 0 -0.0313531 -0.0553718 0 0 0.0110744 0.00604724 0 0.00604724 0.00604724 
2.154 2 1 1 0 0.2080 0.1948 0.0012 0.0007 -0.000000 0.029056 0.6628 1 2.7741 1  2021 2657 2885 3230 3454 3509 3461 2968  1 1 1 1.50 0 5 0.99 4 7 0 11.79 0 -0.0313531 -0.0553718 0 0 0.0110744 0.00604724 0 0.00604724 0.00604724 
2.169 2 1 1 0 0.1853 0.2050 0.0038 0.0007 -0.002591 0.028447 0.6565 1 2.7741 1  2024 2659 2874 3236 3455 3497 3462 2966  1 1 1 1.53 0 5 0.99 4 7 0 11.78 0 -0.0313531 -0.0553718 0 0 0.0110744 0.00604724 0 0.00604724 0.00604724 
2.184 2 1 1 0 0.2058 0.1879 0.0064 0.0007 -0.000000 0.027302 0.6821 1 2.7741 1  1995 2644 2863 3220 3448 3482 3457 2955  1 1 1 1.40 0 5 0.99 4 7 0 11.79 0 -0.0313531 -0.0553718 0 0 0.0110744 0.00604724 0 0.00604724 0.00604724 
2.199 2 1 1 0 0.2116 0.1988 0.0088 0.0007 -0.000000 0.025789 0.6994 1 2.7741 1  1974 2631 2844 3219 3445 3497 3451 2946  1 1 1 1.32 0 5 1.00 5 7 0 11.79 0 -0.0313531 -0.0553718 0 0 0.0110744 0.00604724 0 0.00604724 0.00604724 
2.214 2 1 1 0 0.2090 0.1920 0.0116 0.0007 -0.000000 0.025457 0.7512 1 2.7741 1  1917 2595 2797 3203 3435 3494 3447 2927  1 1 1 1.06 0 5 1.00 5 7 0 11.79 0 -0.0313531 -0.0553718 0 0 0.0110744 0.00604724 0 0.00604724 0.00604724 
2.229 2 1 1 0 0.2022 0.1847 0.0145 0.0007 -0.000000 0.024052 0.8140 1 2.7741 1  1900 2536 2770 3160 3417 3471 3426 2910  1 1 1 0.74 0 5 1.00 5 7 0 11.80 0 -0.0313531 -0.0553718 0 0 0.0110744 0.00604724 0 0.00604724 0.00604724 
2.244 2 1 1 0 0.2105 0.2337 0.0171 0.0007 -0.002591 0.023865 0.8495 1 2.7741 1  1829 2490 2724 3129 3410 3469 3429 2900  1 1 1 0.57 0 5 1.00 5 7 0 11.79 0 -0.0313531 -0.0553718 0 0 0.0110744 0.00604724 0 0.00604724 0.00604724 
2.259 2 1 1 0 0.1948 0.2098 0.0199 0.0007 -0.002591 0.023024 0.9682 1 2.7741 1  1776 2395 2638 3051 3381 3453 3393 2875  1 1 1 -0.10 0 5 0.99 5 7 0 11.79 0 -0.0313531 -0.0553718 0 0 0.0110744 0.00604724 0 0.00604724 0.00604724 
2.274 2 1 1 0 0.2258 0.2030 0.0229 0.0007 -0.000000 0.021770 0.9826 1 2.7741 1  1705 2338 2549 2995 3376 3458 3445 2874  1 1 1 -0.10 0 5 1.00 5 7 0 11.80 0 -0.0313531 -0.0553718 0 0 0.0110744 0.00604724 0 0.00604724 0.00604724 
2.289 2 1 1 0 0.2474 0.2311 0.0257 0.0007 -0.000000 0.021913 1.0501 1 2.7740 1  1671 2279 2492 2977 3355 3447 3415 2887  1 1 1 -0.10 0 5 0.99 5 7 0 11.79 0 -0.0313531 -0.0553718 0 0 0.0110744 0.00604724 0 0.00604724 0.00604724 
2.304 2 1 1 0 0.2536 0.1973 0.0287 0.0007 0.002591 0.021024 1.0297 1 2.7741 1  1669 2258 2461 2948 3358 3455 3427 2880  1 1 1 -0.10 0 5 1.00 5 7 0 11.80 0 -0.0313531 -0.0553718 0 0 0.0110744 0.00604724 0 0.00604724 0.00604724 
2.319 2 1 1 0 0.2310 0.2173 0.0317 0.0007 -0.000000 0.019728 1.0422 1 2.7741 1  1683 2239 2442 2910 3356 3458 3434 2884  1 1 1 -0.10 0 5 1.00 5 7 0 11.80 0 -0.0313531 -0.0553718 0 0 0.0110744 0.00604724 0 0.00604724 0.00604724 
2.334 2 1 1 0 0.2428 0.2259 0.0349 0.0007 -0.000000 0.020587 1.0541 1 2.7741 1  1693 2280 2462 2928 3348 3454 3432 2879  1 1 1 -0.10 0 5 1.00 5 7 0 11.80 0 -0.0313531 -0.0553718 0 0 0.0110744 0.00604724 0 0.00604724 0.00604724 
2.349 2 1 1 0 0.2396 0.2275 0.0378 0.0007 -0.000000 0.018974 1.0446 1 2.7741 1  1725 2273 2481 2934 3347 3461 3416 2871  1 1 1 -0.10 0 5 1.00 5 7 0 11.80 0 -0.0313531 -0.0553718 0 0 0.0110744 0.00604724 0 0.00604724 0.00604724 
2.364 2 1 1 0 0.2573 0.2495 0.0410 0.0007 -0.000000 0.018872 1.0276 1 2.7730 1  1767 2315 2527 2956 3361 3459 3434 2888  1 1 1 -0.10 0 5 1.00 5 7 0 11.80 0 -0.0313531 -0.0553718 0 0 0.0110744 0.00604724 0 0.00604724 0.00604724 
2.379 2 1 1 0 0.2431 0.2358 0.0442 0.0007 -0.000000 0.017664 0.9788 1 2.7741 1  1812 2395 2578 2978 3376 3471 3432 2890  1 1 1 -0.10 0 5 1.00 5 7 0 11.80 0 -0.0313531 -0.0553718 0 0 0.0110744 0.00604724 0 0.00604724 0.00604724 
2.394 2 1 1 0 0.2380 0.2360 0.0474 0.0007 -0.000000 0.016138 0.9764 1 2.7741 1  1845 2429 2620 3002 3364 3473 3435 2902  1 1 1 -0.10 0 5 1.00 5 7 0 11.80 0 -0.0313531 -0.0553718 0 0 0.0110744 0.00604724 0 0.00604724 0.00604724 
2.409 2 1 1 0 0.2495 0.2436 0.0506 0.0007 -0.000000 0.016609 0.9611 1 2.7741 1  1860 2461 2618 2997 3369 3466 3463 2940  1 1 1 0.01 0 5 1.00 5 7 0 11.80 0 -0.0313531 -0.0553718 0 0 0.0110744 0.00604724 0 0.00604724 0.00604724 
2.424 2 1 1 0 0.2525 0.2101 0.0540 0.0007 0.002591 0.014076 0.9932 1 2.7741 1  1858 2478 2635 2999 3353 3456 3427 2908  1 1 1 -0.10 0 5 1.00 5 7 0 11.80 0 -0.0313531 -0.0553718 0 0 0.0110744 0.00604724 0 0.00604724 0.00604724 
2.439 2 1 1 0 0.2679 0.2663 0.0574 0.0007 -0.000000 0.014224 0.9596 1 2.7741 1  1857 2484 2676 3021 3371 3456 3424 2894  1 1 1 0.02 0 5 1.00 5 7 0 11.80 0 -0.0313531 -0.0553718 0 0 0.0110744 0.00604724 0 0.00604724 0.00604724 
2.454 2 1 1 0 0.2724 0.2316 0.0608 0.0007 0.002591 0.012567 0.9873 1 2.7741 1  1836 2453 2684 3032 3364 3474 3423 2933  1 1 1 -0.10 0 5 1.00 5 7 0 11.80 0 -0.0313531 -0.0553718 0 0 0.0110744 0.00604724 0 0.00604724 0.00604724 
2.469 2 1 2 0 0.4080 0.1394 0.0635 0.0007 -0.010364 0.011475 0.9914 1 2.7741 1  1810 2436 2634 3015 3371 3434 3418 2923  1 1 1 -0.10 0 5 0.99 5 7 0 11.78 0 0.991398 1.39384 0 0 -0.278769 -0.134301 0 -0.134301 -0.134301 
2.484 2 1 2 0 0.4064 0.1444 0.0673 0.0006 -0.018138 0.010621 0.9621 1 2.7741 1  1807 2404 2635 3023 3375 3461 3424 2926  1 1 1 0.00 0 5 1.00 5 7 0 11.78 0 0.962076 0.985487 0 0 -0.197097 -0.131003 0 -0.131003 -0.131003 
2.499 2 1 2 0 0.4524 0.1640 0.0709 0.0005 -0.038867 0.007816 0.9676 1 2.7741 1  1774 2375 2593 3023 3385 3453 3426 2913  1 1 1 -0.10 0 5 1.00 5 7 0 11.78 0 0.967585 0.959952 0 0 -0.19199 -0.144185 0 -0.144185 -0.144185 
2.514 2 1 2 0 0.4279 0.1225 0.0747 0.0004 -0.057005 0.001201 0.9519 1 2.7741 1  1755 2349 2573 3028 3389 3467 3426 2900  1 1 1 0.05 0 5 1.00 5 7 0 11.79 0 0.951875 0.931441 0 0 -0.186288 -0.152727 0 -0.152727 -0.152727 
2.529 2 1 2 0 0.4406 0.1209 0.0785 0.0001 -0.085507 -0.003929 0.9419 1 2.7741 1  1750 2329 2569 3044 3398 3465 3420 2872  1 1 1 0.10 0 5 1.00 5 7 0 11.77 0 0.941887 0.92054 0 0 -0.184108 -0.159839 0 -0.159839 -0.159839 
2.544 2 1 2 0 0.5112 0.0160 0.0817 -0.0002 -0.121783 -0.007565 0.9478 1 2.7552 1  1750 2326 2581 3078 3390 3461 3403 2822  1 1 1 -0.10 0 5 0.99 5 7 0 11.78 0 0.947829 0.953488 0 0 -0.190698 -0.167799 0 -0.167799 -0.167799 
2.559 2 1 2 0 0.5493 0.2302 0.0855 -0.0008 -0.155467 -0.007465 0.8607 1 2.7435 1  1820 2350 2673 3157 3420 3464 3403 2809  1 1 1 0.36 0 5 1.00 5 6 0 11.75 0 0.860691 0.797489 0 0 -0.159498 -0.159593 0 -0.159593 -0.159593 
2.574 2 1 2 0 0.4726 0.1878 0.0898 -0.0015 -0.186561 -0.010977 0.7123 1 2.7080 1  1810 2407 2792 3249 3464 3486 3404 2727  1 1 1 0.92 0 5 0.99 4 6 0 11.78 0 0.712253 0.591977 0 0 -0.118395 -0.142387 0 -0.142387 -0.142387 
2.589 2 1 2 0 0.3526 0.1628 0.0938 -0.0023 -0.217654 -0.021473 0.3200 1 2.5167 1  1827 2536 2942 3287 3440 3441 3349 2605  1 1 1 1.93 0 5 0.98 4 6 0 11.79 0 0.320037 0.208115 0 0 -0.0416229 -0.094922 0 -0.094922 -0.094922 
2.604 2 1 2 0 0.3011 0.1670 0.0977 -0.0032 -0.238384 -0.032388 0.1544 1 2.2379 1  1804 2561 3003 3369 3459 3439 3319 2482  1 1 1 1.36 0 5 0.97 4 6 0 11.80 0 0.154413 0.0176491 0 0 -0.00352982 -0.0670634 0 -0.0670634 -0.0670634 
2.619 2 1 2 0 0.3328 0.2188 0.1014 -0.0042 -0.261704 -0.032735 0.1113 1 2.0594 1  1809 2614 3063 3365 3433 3414 3247 2380  1 1 1 0.68 0 5 0.96 4 5 0 11.79 0 0.111301 0.0593098 0 0 -0.011862 -0.0570097 0 -0.0570097 -0.0570097 
2.634 2 1 2 0 0.2488 0.1788 0.1049 -0.0051 -0.277251 -0.036972 0.0093 1 1.9659 1  1890 2707 3130 3394 3447 3399 3213 2270  1 1 1 0.73 0 5 0.95 3 5 0 11.80 0 0.00932409 -0.0994842 0 0 0.0198968 -0.0350044 0 -0.0350044 -0.0350044 
2.649 2 1 2 0 0.2325 0.1891 0.1081 -0.0061 -0.285024 -0.038986 -0.0497 1 0.6483 1  2004 2800 3187 3389 3419 3375 3144 2165  1 1 1 -0.10 0 5 0.94 3 5 0 11.80 0 -0.0497229 -0.126647 0 0 0.0253295 -0.0217315 0 -0.0217315 -0.0217315 
2.664 2 1 2 0 0.1746 0.2503 0.1110 -0.0069 -0.292797 -0.036343 -0.4095 1 0.6038 1  2168 2935 3246 3402 3430 3371 3073 2080  1 1 1 -0.10 0 5 0.94 3 5 0 11.80 0 -0.409537 -0.742246 0 0 0.148449 0.0378493 0 0.0378493 0.0378493 
2.679 2 1 2 0 0.1231 0.2601 0.1137 -0.0078 -0.292797 -0.032792 -0.6177 1 0.5860 1  2337 3082 3301 3406 3450 3365 3084 2052  1 1 1 -0.10 0 5 0.96 3 4 0 11.80 0 -0.617691 -0.83783 0 0 0.167566 0.0685109 0 0.0685109 0.0685109 
2.694 2 1 2 0 -0.4145 0.3025 0.1164 -0.0086 -0.287615 -0.028609 -2.0274 1 0.5900 1  2518 3172 3344 3408 3427 3375 3089 2030  1 1 1 4.03 0 5 0.96 3 4 0 11.64 0 -2.02737 -3.77919 0 0 0.755839 0.305633 0 0.305633 0.305633 
2.709 2 1 2 0 0.2998 0.2998 0.1170 -0.0087 -0.248748 -0.016702 -2.3910 1 0.5793 1  2630 3258 3352 3416 3445 3355 3112 2068  1 1 1 5.79 5 5 0.97 3 4 0 11.71 0 -2.31288 -2.69496 0 0 0.538993 0.31171 0 0.31171 0 
2.724 2 1 2 0 0.3773 0.3773 0.1205 -0.0096 -0.243566 0.001152 -2.6810 1 1.9007 1  2721 3330 3390 3436 3472 3420 3189 2154  1 1 1 6.00 20 5 0.97 1 5 0 11.77 0 -2.31288 -2.35754 0 0 0.471507 0.332675 0 0.332675 0 
2.739 2 1 2 0 0.2164 0.2164 0.1236 -0.0104 -0.228019 -0.005047 -2.7248 1 0.7353 1  2796 3338 3406 3445 3478 3425 3183 2134  1 1 1 6.00 20 5 0.98 1 5 0 11.79 0 -2.31288 -2.31809 0 0 0.463619 0.359958 0 0.359958 0 
2.754 2 1 2 0 0.2084 0.2084 0.1266 -0.0110 -0.220246 -0.013968 -2.7325 1 0.7104 1  2811 3365 3402 3440 3479 3419 3167 2110  1 1 1 6.00 20 5 0.98 1 5 0 11.80 0 -2.31288 -2.31348 0 0 0.462697 0.382488 0 0.382488 0 
2.769 2 1 2 0 0.2160 0.2160 0.1297 -0.0117 -0.209881 -0.016973 -2.7345 1 0.6540 1  2812 3329 3384 3425 3441 3393 3148 2082  1 1 1 6.00 20 5 0.96 0 5 0 11.80 0 -2.31288 -2.31294 0 0 0.462589 0.400183 0 0.400183 0 
2.784 2 1 2 0 0.1938 0.1938 0.1326 -0.0123 -0.207290 -0.019164 -2.7306 1 0.6362 1  2805 3328 3399 3422 3435 3378 3121 2093  1 1 1 6.00 20 5 0.96 0 4 0 11.80 0 -2.31288 -2.31288 0 0 0.462576 0.413981 0 0.413981 0 
2.799 2 1 2 0 0.1917 0.1917 0.1352 -0.0129 -0.204699 -0.019163 -2.7297 1 0.6112 1  2803 3323 3394 3416 3442 3380 3104 2058  1 1 1 6.00 20 5 0.96 0 4 0 11.80 0 -2.31288 -2.31288 0 0 0.462575 0.42473 0 0.42473 0 
2.814 2 1 2 0 0.1684 0.1684 0.1378 -0.0134 -0.202108 -0.018787 -2.7278 1 0.5522 1  2796 3322 3364 3423 3436 3347 3077 2035  1 1 1 6.00 20 5 0.97 1 4 0 11.80 0 -2.31288 -2.31288 0 0 0.462575 0.433101 0 0.433101 0 
2.829 2 1 2 0 0.1574 0.1574 0.1399 -0.0138 -0.199517 -0.017791 -2.7234 1 0.5668 1  2790 3326 3388 3422 3428 3361 3049 2019  1 1 1 6.00 20 5 0.97 1 4 0 11.80 0 -2.31288 -2.31288 0 0 0.462575 0.43962 0 0.43962 0 
2.844 2 1 2 0 0.1491 0.1491 0.1421 -0.0143 -0.196925 -0.015745 -2.7210 1 0.5450 1  2788 3323 3396 3427 3433 3348 3035 2009  1 1 1 6.00 20 5 0.97 1 4 0 11.80 0 -2.31288 -2.31288 0 0 0.462575 0.444697 0 0.444697 0 
2.859 2 1 2 0 0.1700 0.1700 0.1442 -0.0147 -0.199517 -0.011406 -2.7166 1 0.5676 1  2780 3316 3417 3429 3432 3362 3020 2002  1 1 1 6.00 20 5 0.97 1 4 0 11.79 0 -2.31288 -2.31288 0 0 0.462575 0.448651 0 0.448651 0 
2.874 2 1 2 0 0.1976 0.1976 0.1468 -0.0152 -0.196925 -0.005775 -2.7050 1 0.5540 1  2767 3327 3399 3442 3442 3360 3031 2008  1 1 1 6.00 20 5 0.97 1 4 0 11.79 0 -2.31288 -2.31288 0 0 0.462575 0.451731 0 0.451731 0 
2.889 2 1 2 0 0.1524 0.1524 0.1492 -0.0157 -0.196925 -0.002381 -2.6838 1 0.5505 1  2705 3320 3403 3431 3448 3355 3014 2004  1 1 1 6.00 20 5 0.97 1 4 0 11.79 0 -2.31288 -2.31288 0 0 0.462575 0.454129 0 0.454129 0 
2.904 2 1 2 0 0.1540 0.1540 0.1513 -0.0161 -0.194334 -0.001813 -2.4229 1 0.5652 1  2603 3287 3387 3457 3453 3362 3015 1995  1 1 1 5.88 20 5 0.97 1 4 0 11.79 0 -2.31288 -2.31288 0 0 0.462575 0.455997 0 0.455997 0 
2.919 2 1 2 0 0.1628 0.1628 0.1533 -0.0165 -0.194334 0.000302 -2.1802 1 0.5373 1  2478 3240 3373 3425 3442 3358 3001 1980  1 1 1 4.53 16 5 0.96 2 4 0 11.79 0 -2.31288 -2.31288 0 0 0.462575 0.457452 0 0.457452 0 
2.934 2 1 2 0 -0.6427 0.1880 0.1557 -0.0170 -0.189152 0.003956 -2.0662 1 0.5539 1  2423 3206 3373 3469 3455 3363 2992 1995  1 1 1 4.04 1 5 0.97 2 4 0 11.78 0 -2.06619 -1.69639 0 0 0.339277 0.415312 0 0.415312 0.415312 
2.949 2 1 2 0 -0.5691 0.2579 0.1553 -0.0169 -0.152876 0.010916 -1.9746 1 0.5482 1  2358 3170 3334 3437 3443 3355 3038 2019  1 1 1 3.56 0 5 0.96 2 4 0 11.70 0 -1.97462 -1.86317 0 0 0.372633 0.413478 0 0.413478 0.413478 
2.964 2 1 2 0 -0.3455 0.5293 0.1549 -0.0169 -0.106236 0.047458 -2.1319 1 0.7093 1  2456 3240 3400 3447 3476 3413 3144 2157  1 1 1 5.15 1 5 0.99 3 4 0 11.72 0 -2.13186 -2.2706 0 0 0.45412 0.437426 0 0.437426 0.437426 
2.979 2 1 2 0 0.6473 0.6473 0.1581 -0.0171 -0.075143 0.077074 -2.3989 1 2.0990 1  2602 3281 3407 3468 3478 3455 3309 2345  1 1 1 6.00 16 5 0.99 2 5 0 11.47 0 -2.12002 -2.13347 0 0 0.426694 0.428907 0 0.428907 0 
2.994 2 1 2 0 0.4165 0.4165 0.1637 -0.0175 -0.059596 0.067691 -1.9232 1 2.1773 1  2299 3126 3357 3482 3522 3514 3341 2390  1 1 1 6.00 20 5 1.00 3 5 0 11.70 0 -2.12002 -2.12159 0 0 0.424318 0.427385 0 0.427385 0 
3.009 2 1 2 0 0.3010 0.3010 0.1687 -0.0177 -0.041458 0.036979 -0.1504 1 2.1763 1  1927 2767 3187 3423 3507 3493 3331 2394  1 1 1 2.58 9 5 0.99 3 5 0 11.79 0 -2.12002 -2.1202 0 0 0.42404 0.426586 0 0.426586 0 
3.024 2 1 2 0 0.2140 0.4287 0.1735 -0.0179 -0.020729 0.009096 0.1414 1 2.1451 1  1740 2522 3021 3362 3463 3464 3313 2377  1 1 1 0.96 0 5 0.99 4 5 0 11.80 0 0.141385 1.46206 0 0 -0.292412 0.107351 0 0.107351 0.107351 
3.039 2 1 2 0 0.2011 0.3749 0.1783 -0.0179 0.005182 -0.010347 0.3699 1 2.1067 1  1630 2426 2872 3273 3421 3423 3297 2380  1 1 1 -0.10 0 5 0.96 4 5 0 11.80 0 0.369906 0.680566 0 0 -0.136113 0.0869085 0 0.0869085 0.0869085 
3.054 2 1 2 0 0.2166 0.1637 0.1824 -0.0179 0.015547 -0.027835 0.9993 1 2.0135 1  1531 2203 2703 3164 3343 3362 3236 2351  1 1 1 -0.10 0 5 0.90 4 6 0 11.80 0 0.999313 1.32803 0 0 -0.265606 -0.0264622 0 -0.0264622 -0.0264622 
3.069 2 1 2 0 0.3201 0.0342 0.1858 -0.0178 0.018138 -0.042084 1.5035 1 1.9489 1  1480 2097 2586 3085 3295 3343 3202 2346  1 1 1 -0.10 0 5 0.88 5 6 0 11.79 0 1.50354 2.29585 0 0 -0.45917 -0.142976 0 -0.142976 -0.142976 
3.084 2 1 2 0 0.2532 0.0902 0.1882 -0.0178 0.007773 -0.048584 1.1335 1 1.9278 1  1467 2092 2543 3055 3316 3323 3202 2332  1 1 1 -0.10 0 5 0.87 4 6 0 11.77 0 1.13351 0.530966 0 0 -0.106193 -0.0815005 0 -0.0815005 -0.0815005 
3.099 2 1 2 0 0.3458 0.1264 0.1894 -0.0178 -0.012956 -0.047657 1.1383 1 1.9223 1  1474 2086 2598 3100 3309 3338 3190 2325  1 1 1 -0.10 0 5 0.88 5 6 0 11.77 0 1.13829 0.377968 0 0 -0.0755936 -0.109671 0 -0.109671 -0.109671 
3.114 2 1 2 0 0.3842 0.1140 0.1920 -0.0179 -0.031094 -0.038435 0.9698 1 1.9370 1  1500 2227 2727 3185 3370 3359 3206 2286  1 1 1 -0.10 0 5 0.89 4 6 0 11.79 0 0.969767 0.741593 0 0 -0.148319 -0.135086 0 -0.135086 -0.135086 
3.129 2 1 2 0 0.2840 -0.0281 0.1940 -0.0179 -0.062187 -0.043461 0.9767 1 0.6024 1  1498 2212 2762 3208 3360 3353 3171 2197  1 1 1 -0.10 0 5 0.90 4 5 0 11.80 0 0.976673 0.940949 0 0 -0.18819 -0.156046 0 -0.156046 -0.156046 
3.144 2 1 2 0 0.2525 -0.2314 0.1956 -0.0181 -0.093280 -0.051054 0.9581 1 0.5262 1  1491 2251 2806 3221 3359 3325 3094 2140  1 1 1 -0.10 0 5 0.89 4 5 0 11.77 0 0.958096 0.935834 0 0 -0.187167 -0.162934 0 -0.162934 -0.162934 
3.159 2 1 2 0 0.3738 -0.1208 0.1974 -0.0183 -0.132147 -0.047835 0.9582 1 0.4647 1  1516 2337 2893 3247 3362 3315 3047 2043  1 1 1 -0.10 0 5 0.88 4 5 0 11.79 0 0.958219 0.907982 0 0 -0.181596 -0.168215 0 -0.168215 -0.168215 
3.174 2 1 2 0 0.2905 0.1235 0.1998 -0.0186 -0.163241 -0.040685 0.3196 1 0.4379 1  1578 2464 2991 3298 3386 3306 3008 1976  1 1 1 -0.10 0 5 0.91 4 4 0 11.76 0 0.31958 -0.0980469 0 0 0.0196094 -0.0835349 0 -0.0835349 -0.0835349 
3.189 2 1 2 0 0.1241 -0.0571 0.2012 -0.0189 -0.186561 -0.046200 0.3051 1 -0.0842 1  1631 2531 3025 3301 3367 3283 2902 1865  1 1 1 -0.10 0 5 0.89 3 4 0 11.80 0 0.305144 0.245499 0 0 -0.0490997 -0.0905942 0 -0.0905942 -0.0905942 
3.204 2 1 2 0 0.1628 -0.0075 0.2029 -0.0192 -0.209881 -0.049091 0.3019 1 -0.2196 1  1695 2614 3066 3298 3347 3236 2817 1779  1 1 1 -0.10 0 5 0.88 3 4 0 11.80 0 0.301858 0.282784 0 0 -0.0565568 -0.0851281 0 -0.0851281 -0.0851281 
3.219 2 1 2 0 0.1490 0.0060 0.2043 -0.0195 -0.228019 -0.044796 0.2456 1 -0.2555 1  1770 2685 3124 3309 3338 3206 2768 1725  1 1 1 -0.10 0 5 0.88 3 4 0 11.80 0 0.245581 0.189102 0 0 -0.0378204 -0.0715234 0 -0.0715234 -0.0715234 
3.234 2 1 2 0 0.0968 -0.0133 0.2053 -0.0198 -0.240975 -0.041327 0.1921 1 -0.3043 1  1871 2770 3192 3340 3341 3187 2716 1677  1 1 1 -0.10 0 5 0.88 3 4 0 11.80 0 0.192113 0.0027948 0 0 -0.00055896 -0.0550528 0 -0.0550528 -0.0550528 
3.249 2 1 2 0 0.1049 0.0044 0.2063 -0.0200 -0.253930 -0.034444 0.1470 1 -0.2831 1  1894 2810 3187 3324 3333 3188 2710 1684  1 1 1 -0.10 0 5 0.88 3 4 0 11.80 0 0.146955 0.0702182 0 0 -0.0140436 -0.0502713 0 -0.0502713 -0.0502713 
3.264 2 1 2 0 0.0622 -0.0137 0.2068 -0.0202 -0.261704 -0.028400 0.0775 1 -0.2765 1  1937 2857 3209 3331 3337 3186 2707 1681  1 1 1 -0.10 0 5 0.89 3 4 0 11.80 0 0.0774888 0.0205767 0 0 -0.00411533 -0.0379444 0 -0.0379444 -0.0379444 
3.279 2 1 2 0 -0.0062 0.0774 0.2072 -0.0203 -0.266886 -0.019975 -0.3924 1 -0.1991 1  1996 2907 3244 3355 3362 3207 2745 1694  1 1 1 -0.10 0 5 0.90 3 4 0 11.78 0 -0.392401 -0.954703 0 0 0.190941 0.0417827 0 0.0417827 0.0417827 
3.294 2 1 2 0 0.0056 0.0892 0.2078 -0.0204 -0.264295 -0.009882 -0.4603 1 -0.1131 1  2031 2948 3271 3380 3386 3230 2756 1721  1 1 1 -0.10 0 5 0.93 3 4 0 11.81 0 -0.46025 -0.58133 0 0 0.116266 0.0418283 0 0.0418283 0.0418283 
3.309 2 1 2 0 -0.0218 0.0798 0.2080 -0.0205 -0.261704 -0.002133 -0.4619 1 -0.1104 1  2038 2961 3276 3384 3382 3249 2803 1741  1 1 1 -0.10 0 5 0.92 3 4 0 11.79 0 -0.461852 -0.51861 0 0 0.103722 0.0507942 0 0.0507942 0.0507942 
3.324 2 1 2 0 -0.0413 0.1013 0.2084 -0.0206 -0.256522 0.004309 -0.5395 1 0.4015 1  2045 3008 3325 3436 3446 3312 2849 1780  1 1 1 -0.10 0 5 0.96 3 4 0 11.80 0 -0.539479 -0.652133 0 0 0.130427 0.0713208 0 0.0713208 0.0713208 
3.339 2 1 2 0 -0.0388 0.1086 0.2090 -0.0207 -0.248748 0.009351 -0.5274 1 0.4267 1  2051 2986 3300 3411 3431 3306 2870 1794  1 1 1 -0.10 0 5 0.96 3 4 0 11.80 0 -0.527403 -0.521659 0 0 0.104332 0.0736802 0 0.0736802 0.0736802 
3.354 2 1 2 0 -0.0518 0.1170 0.2096 -0.0209 -0.240975 0.012669 -0.5466 1 0.4655 1  2052 3003 3310 3424 3446 3331 2912 1826  1 1 1 -0.10 0 5 0.96 3 4 0 11.80 0 -0.546587 -0.57587 0 0 0.115174 0.0843542 0 0.0843542 0.0843542 
3.369 2 1 2 0 -0.0450 0.1222 0.2101 -0.0210 -0.233201 0.016049 -0.5155 1 0.4690 1  2042 2967 3291 3410 3431 3325 2921 1843  1 1 1 -0.10 0 5 0.96 3 4 0 11.80 0 -0.515459 -0.474483 0 0 0.0948967 0.083575 0 0.083575 0.083575 
3.384 2 1 2 0 -0.0577 0.1292 0.2109 -0.0212 -0.222837 0.018302 -0.5430 1 0.5305 1  2028 2967 3310 3434 3445 3355 2975 1887  1 1 1 -0.10 0 5 0.97 3 4 0 11.80 0 -0.543008 -0.562703 0 0 0.112541 0.0934526 0 0.0934526 0.0934526 
3.399 2 1 2 0 -0.0304 0.1371 0.2115 -0.0213 -0.209881 0.020846 -0.4644 1 0.5035 1  1998 2897 3271 3398 3430 3339 3014 1936  1 1 1 -0.10 0 5 0.95 3 4 0 11.79 0 -0.464356 -0.384825 0 0 0.0769649 0.0837407 0 0.0837407 0.0837407 
3.414 2 1 2 0 -0.0571 0.1283 0.2125 -0.0215 -0.196926 0.021581 -0.4954 1 0.5898 1  1970 2933 3288 3429 3437 3386 3049 1961  1 1 1 -0.10 0 5 0.97 3 4 0 11.80 0 -0.495365 -0.502329 0 0 0.100466 0.0926787 0 0.0926787 0.0926787 
3.429 2 1 2 0 -0.0252 0.1549 0.2131 -0.0216 -0.183970 0.023476 -0.4669 1 0.6177 1  1948 2905 3276 3428 3456 3400 3080 1988  1 1 1 -0.10 0 5 0.97 3 4 0 11.80 0 -0.466931 -0.458309 0 0 0.0916618 0.0900068 0 0.0900068 0.0900068 
3.444 2 1 2 0 -0.0441 0.1305 0.2141 -0.0218 -0.171014 0.024240 -0.4440 1 0.6555 1  1923 2898 3261 3430 3454 3412 3117 2011  1 1 1 -0.10 0 5 0.97 3 5 0 11.80 0 -0.444038 -0.416169 0 0 0.0832337 0.0873218 0 0.0873218 0.0873218 
3.459 2 1 2 0 -0.0653 0.1343 0.2147 -0.0219 -0.163241 0.023276 -0.4161 1 0.6517 1  1919 2850 3274 3446 3475 3418 3137 2049  1 1 1 -0.10 0 5 0.96 3 5 0 11.79 0 -0.416105 -0.792811 0 0 0.158562 0.0997941 0 0.0997941 0.0997941 
3.474 2 1 2 0 0.0046 0.0804 0.2155 -0.0220 -0.152876 0.023910 -0.0991 1 0.6832 1  1854 2799 3227 3409 3449 3406 3159 2085  1 1 1 -0.10 0 5 0.96 3 5 0 11.80 0 -0.0991212 0.0562332 0 0 -0.0112466 0.037879 0 0.037879 0.037879 
3.489 2 1 2 0 -0.0381 0.1431 0.2159 -0.0221 -0.147694 0.026384 -0.3954 1 1.9104 1  1855 2796 3250 3422 3464 3432 3196 2126  1 1 1 2.47 0 5 0.97 3 5 0 11.80 0 -0.395367 -0.81746 0 0 0.163492 0.090628 0 0.090628 0.090628 
3.504 2 1 2 0 0.0578 0.1152 0.2169 -0.0222 -0.134738 0.030197 -0.1035 1 1.9096 1  1858 2789 3212 3413 3456 3418 3198 2128  1 1 1 1.01 0 5 0.96 3 5 0 11.79 0 -0.103464 0.131981 0 0 -0.0263963 0.0287311 0 0.0287311 0.0287311 
3.519 2 1 2 0 0.0278 0.0876 0.2177 -0.0224 -0.129556 0.032439 -0.1233 1 1.9562 1  1852 2792 3186 3424 3467 3412 3226 2182  1 1 1 1.34 0 5 0.97 3 5 0 11.80 0 -0.123333 0.100307 0 0 -0.0200613 0.0298761 0 0.0298761 0.0298761 
3.534 2 1 2 0 0.0081 0.1577 0.2187 -0.0225 -0.121783 0.035889 -0.3932 1 2.0119 1  1856 2788 3240 3446 3496 3480 3265 2222  1 1 1 2.97 0 5 1.00 3 5 0 11.79 0 -0.393157 -0.541113 0 0 0.108223 0.0748185 0 0.0748185 0.0748185 
3.549 2 1 2 0 0.0494 0.1167 0.2192 -0.0226 -0.114009 0.037935 -0.1506 1 2.0390 1  1853 2775 3209 3440 3491 3451 3279 2258  1 1 1 1.89 0 5 0.99 3 5 0 11.80 0 -0.150579 0.0503309 0 0 -0.0100662 0.0336376 0 0.0336376 0.0336376 
3.564 2 1 2 0 0.0695 0.1317 0.2200 -0.0226 -0.103645 0.039717 -0.0980 1 2.0668 1  1847 2753 3231 3424 3470 3448 3284 2295  1 1 1 1.77 0 5 0.98 3 5 0 11.78 0 -0.0980015 -0.0196358 0 0 0.00392716 0.0310903 0 0.0310903 0.0310903 
3.579 2 1 2 0 0.0574 0.1114 0.2212 -0.0228 -0.093280 0.039302 -0.0661 1 2.0900 1  1839 2731 3219 3423 3474 3424 3298 2335  1 1 1 1.72 0 5 0.97 3 5 0 11.79 0 -0.0661228 -0.0449174 0 0 0.00898348 0.0269627 0 0.0269627 0.0269627 
3.594 2 1 2 0 0.0730 0.1295 0.2222 -0.0229 -0.085507 0.039280 -0.0951 1 2.1395 1  1864 2725 3206 3433 3488 3479 3324 2365  1 1 1 2.12 0 5 0.99 3 5 0 11.80 0 -0.0951357 -0.0924496 0 0 0.0184899 0.0282291 0 0.0282291 0.0282291 
3.609 2 1 2 0 0.0755 0.1319 0.2230 -0.0229 -0.080325 0.041016 -0.1006 1 2.1766 1  1844 2718 3206 3443 3491 3458 3336 2396  1 1 1 2.33 0 5 0.99 3 5 0 11.78 0 -0.100635 -0.134435 0 0 0.026887 0.0281825 0 0.0281825 0.0281825 
3.624 2 1 2 0 0.0857 0.1277 0.2240 -0.0230 -0.072551 0.041295 -0.0692 1 2.1960 1  1832 2710 3194 3437 3491 3474 3345 2418  1 1 1 2.27 0 5 1.00 4 5 0 11.79 0 -0.0692365 -0.0568194 0 0 0.0113639 0.0209988 0 0.0209988 0.0209988 
3.639 2 1 2 0 0.0907 0.1330 0.2252 -0.0231 -0.062187 0.040897 -0.0751 1 2.2378 1  1830 2694 3178 3435 3485 3476 3364 2443  1 1 1 2.51 0 5 0.99 3 6 0 11.79 0 -0.07512 -0.0915783 0 0 0.0183157 0.0211636 0 0.0211636 0.0211636 
3.654 2 1 2 0 0.0896 0.1279 0.2265 -0.0231 -0.057005 0.040627 -0.0707 1 2.2500 1  1876 2681 3168 3438 3493 3480 3347 2463  1 1 1 2.55 0 5 0.99 3 6 0 11.79 0 -0.0707242 -0.0839462 0 0 0.0167892 0.0191568 0 0.0191568 0.0191568 
3.669 2 1 2 0 0.0945 0.1157 0.2279 -0.0232 -0.054414 0.039463 -0.0257 1 2.2613 1  1864 2664 3148 3411 3474 3468 3344 2478  1 1 1 2.38 0 5 0.98 3 6 0 11.80 0 -0.0256879 0.00994302 0 0 -0.0019886 0.0106077 0 0.0106077 0.0106077 
3.684 2 1 2 0 0.1229 0.1469 0.2291 -0.0233 -0.049231 0.040897 -0.0314 1 2.3309 1  1861 2672 3156 3428 3492 3478 3405 2506  1 1 1 2.76 0 5 1.00 4 6 0 11.79 0 -0.0313596 -0.0469475 0 0 0.0093895 0.0120075 0 0.0120075 0.0120075 
3.699 2 1 2 0 0.1150 0.1208 0.2303 -0.0233 -0.044049 0.040048 0.0126 1 2.3283 1  1861 2660 3141 3391 3485 3480 3367 2527  1 1 1 2.52 0 5 0.99 4 6 0 11.80 0 0.0125556 0.0638633 0 0 -0.0127727 0.00290227 0 0.00290227 0.00290227 
3.714 2 1 2 0 0.1064 0.1169 0.2315 -0.0234 -0.038867 0.039147 -0.0042 1 2.3839 1  1874 2653 3143 3412 3502 3490 3393 2543  1 1 1 2.88 0 5 1.00 4 6 0 11.80 0 -0.00420742 0.00727867 0 0 -0.00145573 0.00529285 0 0.00529285 0.00529285 
3.729 2 1 2 0 0.1102 0.1217 0.2329 -0.0234 -0.036276 0.038237 -0.0088 1 2.4030 1  1868 2618 3133 3421 3480 3483 3391 2560  1 1 1 3.00 0 5 1.00 4 6 0 11.80 0 -0.00881927 -0.0208157 0 0 0.00416315 0.00574746 0 0.00574746 0.00574746 
3.744 2 1 2 0 0.1172 0.1367 0.2341 -0.0235 -0.031094 0.038992 -0.0416 1 2.4364 1  1876 2678 3138 3420 3500 3492 3401 2575  1 1 1 3.33 0 5 1.00 4 6 0 11.80 0 -0.0415596 -0.0788329 0 0 0.0157666 0.00973841 0 0.00973841 0.00973841 
3.759 2 1 2 0 0.1131 0.1132 0.2353 -0.0235 -0.025911 0.038559 0.0144 1 2.4878 1  1890 2616 3125 3410 3474 3484 3393 2606  1 1 1 3.31 0 5 1.00 4 6 0 11.80 0 0.0144074 0.0452562 0 0 -0.00905124 6.43953e-05 0 6.43953e-05 6.43953e-05 
3.774 2 1 2 0 0.1255 0.1208 0.2367 -0.0236 -0.023320 0.038463 0.0289 1 2.4582 1  1897 2652 3114 3400 3449 3477 3387 2584  1 1 1 3.09 0 5 0.99 4 6 0 11.80 0 0.0289435 0.0608508 0 0 -0.0121702 -0.00232594 0 -0.00232594 -0.00232594 
3.789 2 1 2 0 0.1280 0.1324 0.2381 -0.0236 -0.025911 0.039211 -0.0032 1 2.5424 1  1907 2672 3128 3404 3486 3486 3402 2619  1 1 1 3.67 0 5 1.00 4 6 0 11.80 0 -0.00315846 -0.0109762 0 0 0.00219525 0.00220954 0 0.00220954 0.00220954 
3.804 2 1 2 0 0.1200 0.1246 0.2393 -0.0236 -0.020729 0.038937 -0.0086 1 2.5364 1  1924 2657 3121 3409 3483 3492 3405 2620  1 1 1 3.67 0 5 1.00 4 6 0 11.80 0 -0.00856995 -0.0091147 0 0 0.00182294 0.00229663 0 0.00229663 0.00229663 
3.819 2 1 2 0 0.1245 0.1224 0.2409 -0.0236 -0.015547 0.038781 0.0125 1 2.5631 1  1927 2658 3124 3407 3501 3492 3405 2618  1 1 1 3.70 0 5 1.00 4 6 0 11.80 0 0.0125462 0.0326251 0 0 -0.00652501 -0.00106607 0 -0.00106607 -0.00106607 
3.834 2 1 2 0 0.1383 0.1441 0.2425 -0.0237 -0.015547 0.039847 -0.0107 1 2.6154 1  1945 2680 3103 3407 3490 3496 3415 2641  1 1 1 4.07 0 5 1.00 4 6 0 11.80 0 -0.0106631 -0.030364 0 0 0.0060728 0.0028901 0 0.0028901 0.0028901 
3.849 2 1 2 0 0.1273 0.1211 0.2437 -0.0237 -0.015547 0.038623 0.0239 1 2.6494 1  1946 2675 3112 3392 3483 3485 3414 2657  1 1 1 4.07 0 5 1.00 4 6 0 11.80 0 0.0238605 0.0469355 0 0 -0.00938709 -0.00305534 0 -0.00305534 -0.00305534 
3.864 2 1 2 0 0.1520 0.1477 0.2453 -0.0237 -0.010365 0.038618 0.0178 1 2.6749 1  1956 2687 3108 3394 3491 3509 3421 2678  1 1 1 4.23 0 5 1.00 4 6 0 11.80 0 0.0178295 0.0256793 0 0 -0.00513587 -0.00211772 0 -0.00211772 -0.00211772 
3.879 2 1 2 0 0.1385 0.1314 0.2471 -0.0237 -0.012956 0.039516 0.0291 1 2.6768 1  1958 2680 3119 3391 3486 3496 3419 2684  1 1 1 4.18 0 5 1.00 4 6 0 11.79 0 0.0290899 0.0310063 0 0 -0.00620126 -0.00356453 0 -0.00356453 -0.00356453 
3.894 2 1 2 0 0.1513 0.1427 0.2489 -0.0238 -0.010365 0.038845 0.0298 1 2.6903 1  1969 2675 3080 3391 3492 3501 3421 2705  1 1 1 4.25 0 5 1.00 4 6 0 11.80 0 0.0298104 0.0363862 0 0 -0.00727724 -0.00430974 0 -0.00430974 -0.00430974 
3.909 2 1 2 0 0.1414 0.1313 0.2505 -0.0238 -0.010365 0.038127 0.0354 1 2.6942 1  1960 2666 3084 3389 3497 3492 3427 2712  1 1 1 4.24 0 5 1.00 4 6 0 11.80 0 0.0353998 0.0326022 0 0 -0.00652044 -0.00505775 0 -0.00505775 -0.00505775 
3.924 2 1 2 0 0.1627 0.1417 0.2523 -0.0238 -0.007773 0.038251 0.0722 1 2.6963 1  1973 2661 3036 3375 3487 3492 3416 2714  1 1 1 4.06 0 5 1.00 4 6 0 11.79 0 0.0722281 0.0869315 0 0 -0.0173863 -0.0105276 0 -0.0105276 -0.0105276 
3.939 2 1 2 0 0.1568 0.1401 0.2540 -0.0238 -0.007773 0.038344 0.0573 1 2.7025 1  1963 2661 3047 3383 3495 3497 3431 2726  1 1 1 4.17 0 5 1.00 4 6 0 11.79 0 0.0573122 0.0381484 0 0 -0.00762969 -0.00835099 0 -0.00835099 -0.00835099 
3.954 2 1 2 0 0.1886 0.1487 0.2560 -0.0238 -0.007773 0.039166 0.1225 1 2.7046 1  1953 2649 3035 3349 3484 3488 3414 2729  1 1 1 3.85 0 5 1.00 4 6 0 11.79 0 0.122542 0.184332 0 0 -0.0368663 -0.0199364 0 -0.0199364 -0.0199364 
3.969 2 1 2 0 0.1682 0.1359 0.2578 -0.0238 -0.010365 0.038168 0.1016 1 2.7060 1  1939 2630 3020 3361 3481 3488 3423 2731  1 1 1 3.97 0 5 1.00 4 6 0 11.79 0 0.101565 0.0994517 0 0 -0.0198903 -0.0161414 0 -0.0161414 -0.0161414 
3.984 2 1 2 0 0.1869 0.1329 0.2594 -0.0238 -0.010365 0.037889 0.1694 1 2.7097 1  1920 2615 2994 3342 3485 3489 3416 2739  1 1 1 3.65 0 5 1.00 4 6 0 11.78 0 0.169373 0.208531 0 0 -0.0417063 -0.0269829 0 -0.0269829 -0.0269829 
3.999 2 1 2 0 0.1959 0.1408 0.2616 -0.0239 -0.012956 0.037669 0.1589 1 2.7096 1  1909 2607 2999 3347 3481 3479 3415 2739  1 1 1 3.70 0 5 1.00 4 6 0 11.78 0 0.158942 0.208105 0 0 -0.0416211 -0.0275359 0 -0.0275359 -0.0275359 
4.014 2 1 2 0 0.1938 0.1387 0.2636 -0.0239 -0.012956 0.037327 0.1669 1 2.7106 1  1929 2599 2993 3354 3483 3486 3448 2742  1 1 1 3.66 0 5 1.00 4 6 0 11.78 0 0.166865 0.165535 0 0 -0.033107 -0.0275496 0 -0.0275496 -0.0275496 
4.029 2 1 2 0 0.2094 0.1526 0.2656 -0.0239 -0.018138 0.036843 0.1688 1 2.7093 1  1915 2596 2984 3349 3485 3490 3408 2738  1 1 1 3.65 0 5 1.00 4 6 0 11.78 0 0.168774 0.151359 0 0 -0.0302719 -0.0283883 0 -0.0283883 -0.0283883 
4.044 2 1 2 0 0.1937 0.1536 0.2678 -0.0240 -0.020729 0.035297 0.1062 1 2.7089 1  1927 2597 2987 3377 3488 3493 3427 2740  1 1 1 3.96 0 5 1.00 4 6 0 11.80 0 0.106222 0.0314961 0 0 -0.00629923 -0.0200249 0 -0.0200249 -0.0200249 
4.059 2 1 2 0 0.2286 0.1642 0.2700 -0.0240 -0.028502 0.036136 0.1725 1 2.7115 1  1927 2606 2985 3334 3488 3484 3421 2740  1 1 1 3.64 0 5 1.00 4 6 0 11.79 0 0.172471 0.198721 0 0 -0.0397442 -0.0322058 0 -0.0322058 -0.0322058 
4.074 2 1 2 0 0.2100 0.1483 0.2722 -0.0241 -0.031094 0.034293 0.1655 1 2.7072 1  1929 2580 2980 3352 3466 3489 3392 2730  1 1 1 3.65 0 5 1.00 4 6 0 11.80 0 0.165473 0.163723 0 0 -0.0327447 -0.0308422 0 -0.0308422 -0.0308422 
4.089 2 1 2 0 0.2190 0.1422 0.2744 -0.0242 -0.033685 0.033210 0.2099 1 2.7141 1  1922 2594 2984 3330 3485 3481 3410 2754  1 1 1 3.46 0 5 1.00 4 6 0 11.80 0 0.209884 0.252634 0 0 -0.0505268 -0.0384068 0 -0.0384068 -0.0384068 
4.104 2 1 2 0 0.2378 0.1735 0.2768 -0.0242 -0.038867 0.033151 0.1704 1 2.7148 1  1913 2590 2980 3357 3478 3493 3432 2753  1 1 1 3.67 0 5 1.00 4 6 0 11.80 0 0.170398 0.15524 0 0 -0.031048 -0.0321487 0 -0.0321487 -0.0321487 
4.119 2 1 2 0 0.2243 0.1490 0.2790 -0.0243 -0.041458 0.030772 0.2038 1 2.7150 1  1888 2595 2974 3336 3479 3488 3420 2738  1 1 1 3.50 0 5 1.00 4 6 0 11.80 0 0.203767 0.217664 0 0 -0.0435328 -0.037681 0 -0.037681 -0.037681 
4.134 2 1 2 0 0.2197 0.1379 0.2815 -0.0244 -0.046640 0.028696 0.2274 1 2.7095 1  1873 2560 2963 3331 3457 3480 3413 2737  1 1 1 3.35 0 5 0.99 4 6 0 11.80 0 0.227427 0.233816 0 0 -0.0467631 -0.0408627 0 -0.0408627 -0.0408627 
4.149 2 1 2 0 0.2546 0.1785 0.2841 -0.0246 -0.054414 0.029225 0.2054 1 2.6999 1  1867 2593 2974 3335 3474 3481 3417 2707  1 1 1 3.42 0 5 1.00 4 6 0 11.79 0 0.205354 0.180956 0 0 -0.0361913 -0.0380934 0 -0.0380934 -0.0380934 
4.164 2 1 2 0 0.2270 0.1494 0.2865 -0.0247 -0.059596 0.026564 0.2018 1 2.7142 1  1832 2535 2959 3340 3477 3492 3419 2747  1 1 1 3.51 0 5 1.00 4 6 0 11.79 0 0.201817 0.191909 0 0 -0.0383819 -0.0388217 0 -0.0388217 -0.0388217 
4.179 2 1 2 0 0.2381 0.1535 0.2889 -0.0249 -0.064778 0.024958 0.2190 1 2.6968 1  1803 2506 2958 3335 3459 3490 3412 2720  1 1 1 3.33 0 5 0.99 4 6 0 11.80 0 0.218984 0.23784 0 0 -0.0475681 -0.0423227 0 -0.0423227 -0.0423227 
4.194 2 1 2 0 0.2371 0.1510 0.2913 -0.0250 -0.069960 0.024247 0.2279 1 2.6952 1  1773 2509 2949 3331 3468 3481 3404 2706  1 1 1 3.28 0 5 1.00 4 6 0 11.80 0 0.227928 0.228397 0 0 -0.0456793 -0.0430781 0 -0.0430781 -0.0430781 
4.209 2 1 2 0 0.2377 0.1445 0.2939 -0.0252 -0.077734 0.022310 0.2476 1 2.6780 1  1761 2445 2899 3329 3471 3471 3399 2681  1 1 1 3.10 0 5 1.00 4 6 0 11.80 0 0.247579 0.264106 0 0 -0.0528212 -0.0465836 0 -0.0465836 -0.0465836 
4.224 2 1 2 0 0.2743 0.1610 0.2965 -0.0254 -0.085507 0.021815 0.3072 1 2.6704 1  1817 2460 2912 3311 3438 3424 3351 2667  1 1 1 2.76 0 5 0.97 4 6 0 11.78 0 0.307217 0.386881 0 0 -0.0773761 -0.056658 0 -0.056658 -0.056658 
4.239 2 1 2 0 0.2385 0.1516 0.2991 -0.0256 -0.088098 0.020623 0.2264 1 2.6679 1  1765 2457 2954 3336 3464 3477 3388 2661  1 1 1 3.15 0 5 0.99 4 6 0 11.79 0 0.226413 0.17987 0 0 -0.035974 -0.0434125 0 -0.0434125 -0.0434125 
4.254 2 1 2 0 0.2274 0.1644 0.3017 -0.0259 -0.095872 0.018490 0.1529 1 2.6635 1  1782 2485 2981 3379 3502 3483 3423 2666  1 1 1 3.50 0 5 1.00 4 6 0 11.79 0 0.152853 0.0119759 0 0 -0.00239518 -0.0315053 0 -0.0315053 -0.0315053 
4.269 2 1 2 0 0.2349 0.1640 0.3043 -0.0261 -0.103645 0.018280 0.1603 1 2.6329 1  1785 2500 2996 3363 3476 3499 3385 2647  1 1 1 3.31 0 5 1.00 4 6 0 11.79 0 0.16026 0.105749 0 0 -0.0211497 -0.0354744 0 -0.0354744 -0.0354744 
4.284 2 1 2 0 0.2311 0.1524 0.3067 -0.0264 -0.108827 0.016706 0.1754 1 2.5563 1  1777 2513 3000 3357 3461 3463 3378 2623  1 1 1 2.85 0 5 0.99 4 6 0 11.79 0 0.175422 0.196136 0 0 -0.0392271 -0.0393133 0 -0.0393133 -0.0393133 
4.299 2 1 2 0 0.2361 0.1746 0.3095 -0.0267 -0.114009 0.016371 0.1222 1 2.5252 1  1784 2530 3034 3373 3488 3495 3379 2615  1 1 1 2.96 0 5 1.00 4 6 0 11.79 0 0.122217 0.110575 0 0 -0.0221151 -0.0307157 0 -0.0307157 -0.0307157 
4.314 2 1 2 0 0.2132 0.1571 0.3121 -0.0270 -0.116601 0.016160 0.1117 1 2.4810 1  1750 2523 3036 3390 3482 3489 3393 2593  1 1 1 2.79 0 5 1.00 4 6 0 11.78 0 0.111688 0.101683 0 0 -0.0203367 -0.0280457 0 -0.0280457 -0.0280457 
4.329 2 1 2 0 0.2168 0.1609 0.3147 -0.0273 -0.119192 0.015234 0.1149 1 2.4124 1  1731 2509 3032 3380 3483 3475 3373 2554  1 1 1 2.43 0 5 1.00 4 6 0 11.80 0 0.114896 0.126924 0 0 -0.0253848 -0.0279461 0 -0.0279461 -0.0279461 
4.344 2 1 2 0 0.2254 0.1885 0.3172 -0.0276 -0.126965 0.016386 0.0666 1 2.4310 1  1789 2531 3056 3417 3490 3491 3395 2570  1 1 1 2.77 0 5 1.00 4 6 0 11.79 0 0.0665892 0.00754745 0 0 -0.00150949 -0.018439 0 -0.018439 -0.018439 
4.359 2 1 2 0 0.2000 0.1587 0.3198 -0.0280 -0.129556 0.015385 0.0728 1 2.3998 1  1784 2556 3073 3385 3491 3477 3366 2560  1 1 1 2.58 0 5 1.00 4 6 0 11.80 0 0.0728445 0.0843415 0 0 -0.0168683 -0.0206782 0 -0.0206782 -0.0206782 
4.374 2 1 2 0 0.1993 0.1860 0.3224 -0.0283 -0.132147 0.015313 -0.0069 1 2.3991 1  1796 2589 3112 3440 3501 3487 3379 2559  1 1 1 2.97 0 5 0.99 3 6 0 11.80 0 -0.00688372 -0.078097 0 0 0.0156194 -0.00664241 0 -0.00664241 -0.00664241 
4.389 2 1 2 0 0.2046 0.1910 0.3250 -0.0287 -0.134738 0.015942 -0.0015 1 2.3633 1  1838 2638 3126 3427 3489 3479 3375 2542  1 1 1 2.77 0 5 0.99 4 6 0 11.80 0 -0.00147858 -0.0358989 0 0 0.00717977 -0.00680779 0 -0.00680779 -0.00680779 
4.404 2 1 2 0 0.1767 0.1793 0.3276 -0.0290 -0.137330 0.015791 -0.0513 1 2.3156 1  1866 2678 3151 3432 3499 3484 3333 2520  1 1 1 2.78 0 5 0.99 3 6 0 11.80 0 -0.0513052 -0.0984728 0 0 0.0196946 0.00130834 0 0.00130834 0.00130834 
4.419 2 1 2 0 0.1820 0.1864 0.3302 -0.0294 -0.134738 0.016008 -0.0551 1 2.3353 1  1885 2699 3163 3426 3495 3482 3383 2514  1 1 1 2.90 0 5 0.99 3 6 0 11.80 0 -0.0551172 -0.0617925 0 0 0.0123585 0.00221372 0 0.00221372 0.00221372 
4.434 2 1 2 0 0.1852 0.2001 0.3328 -0.0297 -0.132147 0.017128 -0.0767 1 2.2817 1  1904 2723 3155 3437 3522 3499 3331 2476  1 1 1 2.74 0 5 0.99 4 6 0 11.80 0 -0.0766854 -0.100269 0 0 0.0200538 0.00745362 0 0.00745362 0.00745362 
4.449 2 1 2 0 0.1892 0.2065 0.3354 -0.0301 -0.134738 0.018500 -0.0733 1 2.2956 1  1915 2735 3162 3424 3496 3485 3362 2488  1 1 1 2.79 0 5 0.99 4 6 0 11.80 0 -0.0732731 -0.090912 0 0 0.0181824 0.00865302 0 0.00865302 0.00865302 
4.464 2 1 2 0 0.1960 0.2173 0.3381 -0.0304 -0.129556 0.019227 -0.0796 1 2.3273 1  1923 2728 3169 3423 3495 3479 3360 2532  1 1 1 2.98 0 5 0.99 3 6 0 11.80 0 -0.0795559 -0.0952911 0 0 0.0190582 0.0106523 0 0.0106523 0.0106523 
4.479 2 1 2 0 0.1936 0.2190 0.3409 -0.0308 -0.129556 0.019942 -0.0907 1 2.3062 1  1921 2729 3169 3423 3467 3468 3357 2507  1 1 1 2.93 0 5 0.98 3 6 0 11.80 0 -0.0906694 -0.0971824 0 0 0.0194365 0.0127082 0 0.0127082 0.0127082 
4.494 2 1 2 0 0.1977 0.2221 0.3437 -0.0311 -0.124374 0.019424 -0.0769 1 2.3295 1  1913 2730 3170 3425 3511 3469 3355 2529  1 1 1 2.98 0 5 0.99 3 6 0 11.80 0 -0.0769157 -0.0813344 0 0 0.0162669 0.0121799 0 0.0121799 0.0121799 
4.509 2 1 2 0 0.1949 0.2115 0.3463 -0.0315 -0.121783 0.018232 -0.0503 1 2.2833 1  1897 2694 3171 3420 3471 3468 3350 2514  1 1 1 2.61 0 5 0.98 3 6 0 11.80 0 -0.0502885 -0.0168562 0 0 0.00337125 0.00831639 0 0.00831639 0.00831639 
4.524 2 1 2 0 0.1987 0.2282 0.3493 -0.0318 -0.119192 0.018786 -0.0852 1 2.2681 1  1902 2707 3181 3433 3509 3477 3347 2478  1 1 1 2.71 0 5 0.99 3 6 0 11.80 0 -0.085207 -0.102225 0 0 0.0204451 0.014777 0 0.014777 0.014777 
4.539 2 1 2 0 0.1942 0.2176 0.3521 -0.0321 -0.114009 0.017435 -0.0668 1 2.2686 1  1887 2704 3164 3425 3493 3465 3342 2498  1 1 1 2.62 0 5 0.98 3 6 0 11.80 0 -0.066838 -0.0454992 0 0 0.00909984 0.0116856 0 0.0116856 0.0116856 
4.554 2 1 2 0 0.1992 0.2264 0.3549 -0.0325 -0.108827 0.016811 -0.0742 1 2.2448 1  1873 2706 3147 3429 3494 3454 3344 2458  1 1 1 2.54 0 5 0.98 3 6 0 11.80 0 -0.0741635 -0.0690365 0 0 0.0138073 0.0136058 0 0.0136058 0.0136058 
4.569 2 1 2 0 0.2001 0.2238 0.3579 -0.0328 -0.106236 0.016770 -0.0583 1 2.2819 1  1864 2699 3174 3424 3503 3497 3351 2488  1 1 1 2.64 0 5 0.98 3 6 0 11.80 0 -0.058336 -0.0512985 0 0 0.0102597 0.0118571 0 0.0118571 0.0118571 
4.584 2 1 2 0 0.2013 0.2124 0.3607 -0.0331 -0.101054 0.015247 -0.0158 1 2.2687 1  1836 2657 3124 3414 3488 3481 3348 2486  1 1 1 2.37 0 5 0.98 3 6 0 11.80 0 -0.0157972 0.0216103 0 0 -0.00432207 0.00558302 0 0.00558302 0.00558302 
4.599 2 1 2 0 0.2069 0.2111 0.3637 -0.0334 -0.098463 0.014331 0.0143 1 2.2717 1  1811 2624 3125 3410 3502 3487 3348 2486  1 1 1 2.23 0 5 0.99 4 6 0 11.79 0 0.014327 0.0326526 0 0 -0.00653052 0.00209555 0 0.00209555 0.00209555 
4.614 2 1 2 0 0.2119 0.2093 0.3665 -0.0337 -0.098463 0.014444 0.0374 1 2.2609 1  1801 2608 3103 3409 3489 3482 3344 2479  1 1 1 2.06 0 5 0.99 4 6 0 11.79 0 0.0373819 0.043285 0 0 -0.00865699 -0.00130171 0 -0.00130171 -0.00130171 
4.629 2 1 2 0 0.2030 0.1972 0.3695 -0.0339 -0.095872 0.013031 0.0396 1 2.2646 1  1802 2603 3095 3404 3483 3457 3349 2477  1 1 1 2.07 0 5 0.99 4 6 0 11.79 0 0.0395664 0.0448911 0 0 -0.00897823 -0.00291699 0 -0.00291699 -0.00291699 
4.644 2 1 2 0 0.2131 0.2170 0.3723 -0.0342 -0.095872 0.013026 0.0078 1 2.2610 1  1798 2614 3123 3420 3492 3483 3352 2472  1 1 1 2.21 0 5 0.98 3 6 0 11.79 0 0.00781508 -0.0459946 0 0 0.00919892 0.00196963 0 0.00196963 0.00196963 
4.659 2 1 2 0 0.2143 0.2119 0.3753 -0.0345 -0.093280 0.013731 0.0102 1 2.2479 1  1795 2626 3124 3406 3490 3479 3332 2476  1 1 1 2.13 0 5 0.98 3 6 0 11.79 0 0.0102188 0.0119472 0 0 -0.00238945 -0.00120764 0 -0.00120764 -0.00120764 
4.674 2 1 2 0 0.1964 0.2144 0.3783 -0.0348 -0.090689 0.013408 -0.0527 1 2.2726 1  1825 2621 3135 3451 3501 3482 3357 2478  1 1 1 2.57 0 5 0.99 3 6 0 11.79 0 -0.0526957 -0.127738 0 0 0.0255476 0.00897773 0 0.00897773 0.00897773 
4.689 2 1 2 0 0.2099 0.2114 0.3811 -0.0350 -0.090689 0.013561 -0.0101 1 2.2682 1  1812 2628 3134 3424 3493 3485 3355 2476  1 1 1 2.33 0 5 0.99 3 6 0 11.79 0 -0.0100833 0.006268 0 0 -0.0012536 0.000770075 0 0.000770075 0.000770075 
4.704 2 1 2 0 0.2119 0.2156 0.3841 -0.0353 -0.088098 0.014118 -0.0172 1 2.2678 1  1810 2635 3147 3422 3507 3489 3347 2485  1 1 1 2.37 0 5 0.98 3 6 0 11.79 0 -0.0172305 2.57343e-05 0 0 -5.14686e-06 0.00182999 0 0.00182999 0.00182999 
4.719 2 1 2 0 0.2009 0.2158 0.3871 -0.0356 -0.085507 0.012919 -0.0501 1 2.2921 1  1791 2645 3151 3443 3503 3486 3375 2482  1 1 1 2.65 0 5 0.99 3 6 0 11.79 0 -0.0500774 -0.0672357 0 0 0.0134471 0.00747355 0 0.00747355 0.00747355 
4.734 2 1 2 0 0.2153 0.2169 0.3901 -0.0358 -0.082916 0.013028 -0.0119 1 2.3068 1  1797 2626 3153 3423 3500 3483 3384 2501  1 1 1 2.54 0 5 0.99 3 6 0 11.79 0 -0.0118946 0.0427719 0 0 -0.00855438 0.000834599 0 0.000834599 0.000834599 
4.749 2 1 2 0 0.2178 0.2351 0.3931 -0.0361 -0.080325 0.014619 -0.0528 1 2.3137 1  1778 2616 3149 3443 3493 3479 3367 2501  1 1 1 2.78 0 5 0.99 3 6 0 11.79 0 -0.052829 -0.0667157 0 0 0.0133431 0.00867994 0 0.00867994 0.00867994 
4.764 2 1 2 0 0.2274 0.2359 0.3963 -0.0363 -0.080325 0.014543 -0.0212 1 2.2984 1  1789 2654 3154 3420 3503 3484 3372 2496  1 1 1 2.54 0 5 0.99 3 6 0 11.79 0 -0.0212265 -0.00627259 0 0 0.00125452 0.00424317 0 0.00424317 0.00424317 
4.779 2 1 2 0 0.2233 0.2402 0.3993 -0.0366 -0.077734 0.014771 -0.0468 1 2.2682 1  1812 2660 3157 3431 3496 3478 3339 2484  1 1 1 2.52 0 5 0.99 3 6 0 11.80 0 -0.0468296 -0.0624576 0 0 0.0124915 0.00845061 0 0.00845061 0.00845061 
4.794 2 1 2 0 0.2319 0.2291 0.4025 -0.0368 -0.072551 0.014100 0.0111 1 2.2669 1  1798 2643 3134 3404 3486 3463 3352 2477  1 1 1 2.22 0 5 0.98 3 6 0 11.79 0 0.0111201 0.0798286 0 0 -0.0159657 -0.00139804 0 -0.00139804 -0.00139804 
4.809 2 1 2 0 0.2427 0.2504 0.4055 -0.0370 -0.069960 0.013731 -0.0156 1 2.2335 1  1802 2649 3148 3412 3471 3472 3318 2473  1 1 1 2.19 0 5 0.99 3 5 0 11.79 0 -0.0156494 -0.00597312 0 0 0.00119462 0.00386575 0 0.00386575 0.00386575 
4.824 2 1 2 0 0.2281 0.2353 0.4089 -0.0372 -0.067369 0.012621 -0.0118 1 2.2859 1  1810 2644 3141 3417 3499 3467 3352 2495  1 1 1 2.43 0 5 0.98 3 6 0 11.80 0 -0.011788 -0.0119505 0 0 0.0023901 0.00358857 0 0.00358857 0.00358857 
4.839 2 1 2 0 0.2337 0.2384 0.4121 -0.0375 -0.062187 0.011487 -0.0046 1 2.2841 1  1809 2655 3140 3417 3483 3469 3346 2529  1 1 1 2.39 0 5 0.98 3 6 0 11.80 0 -0.00460606 -0.00108979 0 0 0.000217959 0.0023661 0 0.0023661 0.0023661 
4.854 2 1 2 0 0.2438 0.2522 0.4153 -0.0377 -0.062187 0.012293 -0.0175 1 2.2526 1  1808 2651 3122 3419 3478 3464 3349 2462  1 1 1 2.29 0 5 0.98 3 6 0 11.80 0 -0.017503 -0.0324976 0 0 0.00649952 0.00423898 0 0.00423898 0.00423898 
4.869 2 1 2 0 0.2260 0.2386 0.4185 -0.0378 -0.057005 0.010479 -0.0292 1 2.3069 1  1794 2622 3132 3437 3503 3489 3373 2512  1 1 1 2.62 0 5 0.99 3 6 0 11.80 0 -0.029249 -0.0669551 0 0 0.013391 0.00630821 0 0.00630821 0.00630821 
4.884 2 1 2 0 0.2474 0.2432 0.4219 -0.0380 -0.054414 0.009617 0.0115 1 2.2481 1  1794 2608 3112 3407 3464 3454 3340 2447  1 1 1 2.13 0 5 0.98 3 6 0 11.80 0 0.0114854 0.0680855 0 0 -0.0136171 -0.00209662 0 -0.00209662 -0.00209662 
4.899 2 1 2 0 0.2462 0.2122 0.4251 -0.0382 -0.054414 0.008515 0.1153 1 2.2461 1  1789 2587 3104 3372 3435 3434 3322 2480  1 1 1 1.60 0 5 0.96 4 6 0 11.78 0 0.115293 0.237038 0 0 -0.0474076 -0.0169792 0 -0.0169792 -0.0169792 
4.914 2 1 2 0 0.2339 0.2164 0.4283 -0.0384 -0.049231 0.007125 0.0628 1 2.2242 1  1785 2607 3101 3388 3449 3441 3320 2467  1 1 1 1.75 0 5 0.97 4 6 0 11.79 0 0.0627672 0.0964843 0 0 -0.0192969 -0.00873707 0 -0.00873707 -0.00873707 
4.929 2 1 2 0 0.2582 0.2388 0.4318 -0.0386 -0.051823 0.007852 0.0654 1 2.2264 1  1792 2611 3118 3391 3470 3443 3325 2468  1 1 1 1.75 0 5 0.97 4 6 0 11.79 0 0.065429 0.0875807 0 0 -0.0175161 -0.00971758 0 -0.00971758 -0.00971758 
4.944 2 1 2 0 0.2314 0.2261 0.4350 -0.0387 -0.051823 0.007042 0.0137 1 2.2327 1  1834 2642 3135 3410 3476 3459 3334 2463  1 1 1 2.04 0 5 0.97 3 6 0 11.79 0 0.0137192 -0.00535409 0 0 0.00107082 -0.00267813 0 -0.00267813 -0.00267813 
4.959 2 1 2 0 0.2341 0.2472 0.4384 -0.0389 -0.049231 0.006893 -0.0533 1 2.2457 1  1833 2678 3177 3430 3498 3447 3346 2466  1 1 1 2.44 0 5 0.98 3 6 0 11.80 0 -0.0532808 -0.105466 0 0 0.0210931 0.00656086 0 0.00656086 0.00656086 
4.974 2 1 2 0 0.2242 0.2380 0.4416 -0.0390 -0.049231 0.007071 -0.0615 1 2.2366 1  1853 2693 3177 3426 3487 3481 3344 2460  1 1 1 2.43 0 5 0.98 3 6 0 11.79 0 -0.0615075 -0.0730977 0 0 0.0146195 0.00690704 0 0.00690704 0.00690704 
4.989 2 1 2 0 0.2328 0.2438 0.4448 -0.0392 -0.044049 0.006377 -0.0432 1 2.2227 1  1870 2684 3173 3426 3484 3463 3334 2444  1 1 1 2.27 0 5 0.98 3 6 0 11.79 0 -0.0432473 -0.0418619 0 0 0.00837238 0.00547859 0 0.00547859 0.00547859 
5.004 2 1 2 0 0.2404 0.2373 0.4480 -0.0393 -0.044049 0.007098 0.0106 1 2.2328 1  1873 2671 3160 3396 3480 3481 3331 2468  1 1 1 2.05 0 5 0.98 3 6 0 11.78 0 0.0106472 0.0461279 0 0 -0.00922558 -0.00151101 0 -0.00151101 -0.00151101 
5.019 2 1 2 0 0.2322 0.2375 0.4514 -0.0395 -0.041458 0.005991 -0.0128 1 2.2722 1  1821 2662 3142 3412 3484 3470 3360 2483  1 1 1 2.37 0 5 0.98 3 6 0 11.78 0 -0.0127643 -0.0163522 0 0 0.00327045 0.00264564 0 0.00264564 0.00264564 
5.034 2 1 2 0 0.2560 0.2465 0.4548 -0.0396 -0.038867 0.006385 0.0261 1 2.2651 1  1835 2664 3137 3393 3484 3470 3333 2493  1 1 1 2.14 0 5 1.00 4 5 0 11.78 0 0.0261433 0.0978389 0 0 -0.0195678 -0.00477944 0 -0.00477944 -0.00477944 
5.049 2 1 2 0 0.2393 0.2455 0.4580 -0.0397 -0.033685 0.005742 -0.0141 1 2.3036 1  1802 2667 3141 3409 3486 3503 3400 2493  1 1 1 2.53 0 5 1.00 4 6 0 11.79 0 -0.0140724 -0.0282918 0 0 0.00565836 0.00312932 0 0.00312932 0.00312932 
5.064 2 1 2 0 0.2335 0.2327 0.4614 -0.0398 -0.031094 0.004777 0.0031 1 2.2573 1  1828 2648 3126 3397 3482 3474 3343 2481  1 1 1 2.21 0 5 0.98 3 6 0 11.79 0 0.00307946 0.0296544 0 0 -0.00593089 -0.000431482 0 -0.000431482 -0.000431482 
5.079 2 1 2 0 0.2460 0.2641 0.4647 -0.0399 -0.031094 0.005477 -0.0510 1 2.2717 1  1858 2661 3141 3439 3482 3471 3351 2482  1 1 1 2.56 0 5 0.99 3 6 0 11.79 0 -0.0510422 -0.106637 0 0 0.0213274 0.00906038 0 0.00906038 0.00906038 
5.094 2 1 2 0 0.2301 0.2359 0.4679 -0.0400 -0.025911 0.004115 -0.0145 1 2.2486 1  1864 2670 3147 3405 3482 3468 3353 2469  1 1 1 2.26 0 5 0.99 4 6 0 11.79 0 -0.0145488 -0.0184182 0 0 0.00368364 0.00287153 0 0.00287153 0.00287153 
5.109 2 1 2 0 0.2423 0.2496 0.4713 -0.0401 -0.023320 0.003394 -0.0297 1 2.1977 1  1895 2701 3162 3410 3488 3468 3313 2461  1 1 1 2.08 0 5 0.99 3 5 0 11.80 0 -0.0297103 -0.00353471 0 0 0.000706942 0.00365221 0 0.00365221 0.00365221 
5.124 2 1 2 0 0.2200 0.2436 0.4747 -0.0402 -0.020729 0.002919 -0.0774 1 2.2489 1  1883 2707 3175 3435 3490 3468 3369 2455  1 1 1 2.58 0 5 0.99 3 6 0 11.79 0 -0.0774385 -0.102832 0 0 0.0205663 0.0117968 0 0.0117968 0.0117968 
5.139 2 1 2 0 0.2294 0.2491 0.4779 -0.0403 -0.015547 0.002215 -0.0648 1 2.2162 1  1890 2701 3179 3436 3468 3470 3322 2460  1 1 1 2.35 0 5 0.99 3 5 0 11.80 0 -0.0648494 -0.0534556 0 0 0.0106911 0.00986953 0 0.00986953 0.00986953 
5.154 2 1 2 0 0.2266 0.2583 0.4813 -0.0403 -0.012956 0.002612 -0.0987 1 2.2313 1  1903 2733 3178 3438 3500 3468 3331 2451  1 1 1 2.59 0 5 0.98 3 6 0 11.79 0 -0.0986664 -0.118777 0 0 0.0237555 0.0158484 0 0.0158484 0.0158484 
