%% logfile from robot Alma (11)
% Alma (11)
%  1    time 1.502 sec
%  2  3  4  5   (mission 0), state 2, entered (thread 1, line 1), events 0x0 (bit-flags)
%  6  7 Motor velocity ref left, right: 0.0520 0.0585
%  8  9 10 11 Pose x,y,h,tilt [m,m,rad,rad]: -0.00843446 0.000285658 0.00518225 -0.018667
% 12 .. 33 Edge sensor: left 0.082643 1, right 2.079525 1, values 1784 2607 3086 3386 3465 3443 3283 2341, 
%    white 1, used 1, LEDhigh=1, xingVal=0.69 xlcnt=0 lvcnt=5,LineVal=0.98, lineLow=4, lineHi=5, edgeAngle=0.
% whitelevel=[2898 3352 3437 3462 3485 3466 3391 2862];
% blacklevel=[1435 1889 2091 2192 2279 2230 2035 1497];
% 34    Battery voltage [V]: 11.82
% 35 44 ctrl edge, ref=0, m=0, m2=4.2039e-45, uf=0, r2=0, ep=-1.4013e-45,up=1.57833e-11, ui=0, u1=1.57833e-11, u=0
1.502 2 1 1 0 0.0520 0.0585 -0.0084 0.0003 0.005182 -0.018667 0.0826 1 2.0795 1  1784 2607 3086 3386 3465 3443 3283 2341  1 1 1 0.69 0 5 0.98 4 5 0 11.82 0 0 4.2039e-45 0 0 -1.4013e-45 1.57833e-11 0 1.57833e-11 0 
1.517 2 1 1 0 0.0435 0.0040 -0.0082 0.0003 0.007773 -0.021021 0.1238 1 2.0714 1  1729 2566 3043 3361 3450 3446 3283 2345  1 1 1 0.54 0 5 0.98 4 5 0 11.82 0 0 4.2039e-45 0 0 -1.4013e-45 1.57833e-11 0 1.57833e-11 0 
1.532 2 1 1 0 0.0556 0.0189 -0.0082 0.0003 0.007773 -0.019146 0.1121 1 2.0717 1  1771 2592 3071 3380 3458 3439 3275 2348  1 1 1 0.58 0 5 0.98 4 5 0 11.81 0 0 4.2039e-45 0 0 -1.4013e-45 1.57833e-11 0 1.57833e-11 0 
1.547 2 1 1 0 0.0525 0.0254 -0.0078 0.0003 0.007773 -0.015016 0.0969 1 2.0991 1  1809 2616 3087 3372 3465 3452 3288 2367  1 1 1 0.71 0 5 0.99 4 5 0 11.82 0 0 4.2039e-45 0 0 -1.4013e-45 1.57833e-11 0 1.57833e-11 0 
1.562 2 1 1 0 0.0307 -0.0012 -0.0078 0.0003 0.007773 -0.013283 0.0612 1 2.1225 1  1798 2631 3101 3389 3474 3459 3309 2373  1 1 1 0.88 0 5 0.99 4 5 0 11.82 0 0 4.2039e-45 0 0 -1.4013e-45 1.57833e-11 0 1.57833e-11 0 
1.577 2 1 1 0 0.0363 0.0015 -0.0078 0.0003 0.007773 -0.009291 0.0273 1 2.1355 1  1814 2644 3114 3399 3479 3465 3311 2381  1 1 1 1.02 0 5 1.00 4 5 0 11.82 0 0 4.2039e-45 0 0 -1.4013e-45 1.57833e-11 0 1.57833e-11 0 
1.592 2 1 1 0 0.0326 -0.0039 -0.0078 0.0003 0.007773 -0.004712 0.0119 1 2.1528 1  1827 2662 3127 3405 3478 3467 3317 2397  1 1 1 1.12 0 5 1.00 4 5 0 11.82 0 0 4.2039e-45 0 0 -1.4013e-45 1.57833e-11 0 1.57833e-11 0 
1.607 2 1 1 0 0.0210 -0.0168 -0.0078 0.0003 0.007773 -0.001682 0.0156 1 2.1691 1  1841 2675 3141 3394 3474 3459 3322 2411  1 1 1 1.16 0 5 0.99 4 5 0 11.82 0 0 4.2039e-45 0 0 -1.4013e-45 1.57833e-11 0 1.57833e-11 0 
1.622 2 1 1 0 0.0210 -0.0180 -0.0078 0.0003 0.007773 0.001531 -0.0097 1 2.1715 1  1850 2686 3144 3404 3481 3465 3327 2417  1 1 1 1.24 0 5 0.99 4 5 0 11.82 0 0 4.2039e-45 0 0 -1.4013e-45 1.57833e-11 0 1.57833e-11 0 
1.637 2 1 1 0 0.0193 -0.0207 -0.0078 0.0003 0.007773 0.005445 -0.0285 1 2.2098 1  1869 2698 3167 3408 3485 3466 3340 2435  1 1 1 1.41 0 5 1.00 4 5 0 11.82 0 0 4.2039e-45 0 0 -1.4013e-45 1.57833e-11 0 1.57833e-11 0 
1.652 2 1 1 0 0.0159 -0.0250 -0.0078 0.0003 0.007773 0.008910 -0.0601 1 2.2336 1  1883 2717 3174 3420 3493 3471 3347 2452  1 1 1 1.58 0 5 1.00 4 5 0 11.82 0 0 4.2039e-45 0 0 -1.4013e-45 1.57833e-11 0 1.57833e-11 0 
1.667 2 1 1 0 0.0193 -0.0227 -0.0078 0.0003 0.007773 0.012661 -0.0876 1 2.2542 1  1897 2735 3183 3427 3496 3483 3352 2462  1 1 1 1.72 0 5 1.00 4 5 0 11.82 0 0 4.2039e-45 0 0 -1.4013e-45 1.57833e-11 0 1.57833e-11 0 
1.682 2 1 1 0 0.0201 -0.0228 -0.0078 0.0003 0.007773 0.016547 -0.1173 1 2.2898 1  1949 2780 3224 3444 3522 3505 3385 2496  1 1 1 1.92 0 5 0.99 3 6 0 11.81 0 0 4.2039e-45 0 0 -1.4013e-45 1.57833e-11 0 1.57833e-11 0 
1.697 2 1 1 0 0.0264 -0.0174 -0.0078 0.0003 0.007773 0.020655 -0.1196 1 2.3079 1  1928 2766 3212 3426 3501 3482 3372 2499  1 1 1 1.98 0 5 0.99 3 6 0 11.82 0 0 4.2039e-45 0 0 -1.4013e-45 1.57833e-11 0 1.57833e-11 0 
1.712 2 1 1 0 0.0336 -0.0111 -0.0078 0.0003 0.007773 0.025056 -0.1411 1 2.3401 1  1946 2781 3223 3430 3505 3486 3377 2521  1 1 1 2.14 0 5 0.99 3 6 0 11.82 0 0 4.2039e-45 0 0 -1.4013e-45 1.57833e-11 0 1.57833e-11 0 
1.727 2 1 1 0 0.0443 -0.0014 -0.0078 0.0003 0.007773 0.029663 -0.2065 1 2.3920 1  1961 2803 3230 3456 3517 3493 3389 2543  1 1 1 2.49 0 5 1.00 3 6 0 11.82 0 0 4.2039e-45 0 0 -1.4013e-45 1.57833e-11 0 1.57833e-11 0 
1.742 2 1 1 0 0.0401 0.0208 -0.0076 0.0003 0.005182 0.034565 -0.4042 1 2.4232 1  1983 2816 3245 3449 3513 3496 3399 2566  1 1 1 3.18 0 5 1.00 3 6 0 11.82 0 0 4.2039e-45 0 0 -1.4013e-45 1.57833e-11 0 1.57833e-11 0 
1.757 2 1 1 0 0.0646 0.0346 -0.0076 0.0003 0.005182 0.039737 -0.4378 1 2.4635 1  2008 2842 3259 3453 3518 3469 3402 2589  1 1 1 3.40 0 5 1.00 3 6 0 11.80 0 0 4.2039e-45 0 0 -1.4013e-45 1.57833e-11 0 1.57833e-11 0 
1.772 2 1 1 0 0.0989 0.0281 -0.0074 0.0003 0.007773 0.044854 -0.4854 1 2.5134 1  2035 2886 3280 3478 3532 3538 3424 2608  1 1 1 3.70 0 5 1.00 3 6 0 11.81 0 0 4.2039e-45 0 0 -1.4013e-45 1.57833e-11 0 1.57833e-11 0 
1.787 2 1 1 0 0.1040 0.0453 -0.0070 0.0003 0.007773 0.048695 -0.4955 1 2.5332 1  2047 2898 3284 3470 3530 3513 3413 2610  1 1 1 3.79 0 5 1.00 3 6 0 11.81 0 0 4.2039e-45 0 0 -1.4013e-45 1.57833e-11 0 1.57833e-11 0 
1.802 2 1 1 0 0.1087 0.0791 -0.0064 0.0003 0.005182 0.051163 -0.5554 1 2.5574 1  2080 2914 3306 3488 3548 3531 3445 2628  1 1 1 4.04 0 5 1.00 3 6 0 11.80 0 0 4.2039e-45 0 0 -1.4013e-45 1.57833e-11 0 1.57833e-11 0 
1.817 2 1 1 0 0.0973 0.0975 -0.0058 0.0003 0.002591 0.053656 -0.5656 1 2.5828 1  2108 2927 3309 3486 3539 3526 3438 2633  1 1 1 4.14 0 5 1.00 3 6 0 11.80 0 0 4.2039e-45 0 0 -1.4013e-45 1.57833e-11 0 1.57833e-11 0 
1.832 2 1 1 0 0.1179 0.1100 -0.0050 0.0003 0.002591 0.055549 -0.5862 1 2.6141 1  2091 2938 3321 3475 3550 3519 3448 2644  1 1 1 4.30 0 5 1.00 3 6 0 11.80 0 0 4.2039e-45 0 0 -1.4013e-45 1.57833e-11 0 1.57833e-11 0 
1.847 2 1 1 0 0.1316 0.0837 -0.0040 0.0003 0.005182 0.054912 -0.5737 1 2.6400 1  2088 2930 3314 3500 3548 3532 3439 2653  1 1 1 4.34 0 5 1.00 3 6 0 11.80 0 0 4.2039e-45 0 0 -1.4013e-45 1.57833e-11 0 1.57833e-11 0 
1.862 2 1 1 0 0.1407 0.0923 -0.0032 0.0003 0.005182 0.053993 -0.5403 1 2.6314 1  2063 2919 3302 3500 3535 3521 3449 2649  1 1 1 4.21 0 5 1.00 3 6 0 11.80 0 0 4.2039e-45 0 0 -1.4013e-45 1.57833e-11 0 1.57833e-11 0 
1.877 2 1 1 0 0.1505 0.1373 -0.0018 0.0003 0.002591 0.055065 -0.5398 1 2.6513 1  2069 2937 3299 3478 3531 3516 3443 2659  1 1 1 4.27 0 5 1.00 3 6 0 11.81 0 0 4.2039e-45 0 0 -1.4013e-45 1.57833e-11 0 1.57833e-11 0 
1.892 2 1 1 0 0.1381 0.1147 -0.0006 0.0003 0.002591 0.053284 -0.5290 1 2.6099 1  2089 2902 3297 3479 3528 3505 3416 2644  1 1 1 4.12 0 5 1.00 3 6 0 11.81 0 0 4.2039e-45 0 0 -1.4013e-45 1.57833e-11 0 1.57833e-11 0 
1.907 2 1 1 0 0.1596 0.1308 0.0010 0.0003 0.002591 0.051222 -0.5190 1 2.6009 1  2076 2905 3292 3473 3530 3506 3426 2639  1 1 1 4.06 0 5 1.00 3 6 0 11.81 0 0 4.2039e-45 0 0 -1.4013e-45 1.57833e-11 0 1.57833e-11 0 
1.922 2 1 1 0 0.1622 0.1316 0.0026 0.0003 0.002591 0.049737 -0.5133 1 2.5771 1  2078 2909 3289 3464 3527 3514 3422 2638  1 1 1 3.97 0 5 1.00 3 6 0 11.81 0 0 4.2039e-45 0 0 -1.4013e-45 1.57833e-11 0 1.57833e-11 0 
1.937 2 1 1 0 0.1369 0.1450 0.0040 0.0003 0.000000 0.046773 -0.5215 1 2.5728 1  2084 2919 3290 3477 3554 3513 3421 2627  1 1 1 3.98 0 5 1.00 3 6 0 11.81 0 0 4.2039e-45 0 0 -1.4013e-45 1.57833e-11 0 1.57833e-11 0 
1.952 2 1 1 0 0.1703 0.1734 0.0060 0.0003 0.000000 0.045683 -0.5174 1 2.5289 1  2090 2905 3290 3479 3519 3513 3419 2606  1 1 1 3.84 0 5 1.00 3 6 0 11.81 0 0 4.2039e-45 0 0 -1.4013e-45 1.57833e-11 0 1.57833e-11 0 
1.967 2 1 1 0 0.1583 0.1506 0.0076 0.0003 0.000000 0.042939 -0.5207 1 2.4936 1  2089 2908 3291 3476 3525 3512 3424 2598  1 1 1 3.74 0 5 1.00 3 6 0 11.81 0 0 4.2039e-45 0 0 -1.4013e-45 1.57833e-11 0 1.57833e-11 0 
1.982 2 1 1 0 0.1647 0.1452 0.0096 0.0003 0.000000 0.039996 -0.5080 1 2.4919 1  2086 2909 3285 3477 3520 3512 3410 2602  1 1 1 3.70 0 5 1.00 3 6 0 11.81 0 0 4.2039e-45 0 0 -1.4013e-45 1.57833e-11 0 1.57833e-11 0 
1.997 2 1 1 0 0.1686 0.1443 0.0116 0.0003 0.000000 0.037503 -0.5294 1 2.4894 1  2085 2894 3301 3469 3515 3516 3419 2607  1 1 1 3.76 0 5 1.00 3 6 0 11.82 0 0 4.2039e-45 0 0 -1.4013e-45 1.57833e-11 0 1.57833e-11 0 
2.012 2 1 1 0 0.1813 0.1524 0.0137 0.0003 0.000000 0.035720 -0.5246 1 2.5204 1  2088 2916 3288 3476 3535 3511 3412 2606  1 1 1 3.83 0 5 1.00 3 6 0 11.81 0 0 4.2039e-45 0 0 -1.4013e-45 1.57833e-11 0 1.57833e-11 0 
2.027 2 1 1 0 0.1755 0.1353 0.0157 0.0003 0.000000 0.034142 -0.5357 1 2.4399 1  2125 2940 3285 3453 3516 3489 3400 2569  1 1 1 3.63 0 5 1.00 3 6 0 11.84 0 0 4.2039e-45 0 0 -1.4013e-45 1.57833e-11 0 1.57833e-11 0 
2.042 2 1 1 0 0.1698 0.1598 0.0175 0.0003 -0.002591 0.032175 -0.5680 1 2.4995 1  2097 2919 3307 3481 3525 3516 3410 2610  1 1 1 3.90 0 5 1.00 3 6 0 11.81 0 0 4.2039e-45 0 0 -1.4013e-45 1.57833e-11 0 1.57833e-11 0 
2.057 2 1 1 0 0.1856 0.1358 0.0197 0.0003 0.000000 0.031077 -0.5529 1 2.5190 1  2098 2930 3302 3473 3536 3503 3412 2611  1 1 1 3.91 0 5 1.00 3 6 0 11.81 0 0 4.2039e-45 0 0 -1.4013e-45 1.57833e-11 0 1.57833e-11 0 
2.072 2 1 1 0 0.1990 0.1843 0.0219 0.0003 -0.002591 0.031353 -0.5523 1 2.5266 1  2106 2934 3298 3481 3544 3489 3415 2612  1 1 1 3.94 0 5 1.00 3 6 0 11.81 0 0 4.2039e-45 0 0 -1.4013e-45 1.57833e-11 0 1.57833e-11 0 
2.087 2 1 1 0 0.1779 0.1630 0.0239 0.0003 -0.002591 0.029861 -0.5122 1 2.5316 1  2102 2930 3280 3486 3541 3521 3418 2617  1 1 1 3.83 0 5 1.00 3 6 0 11.81 0 0 4.2039e-45 0 0 -1.4013e-45 1.57833e-11 0 1.57833e-11 0 
2.102 2 1 1 0 0.1931 0.1761 0.0263 0.0003 -0.002591 0.029023 -0.4937 1 2.5024 1  2098 2904 3276 3462 3529 3516 3409 2606  1 1 1 3.69 0 5 1.00 3 6 0 11.81 0 0 4.2039e-45 0 0 -1.4013e-45 1.57833e-11 0 1.57833e-11 0 
2.117 2 1 1 0 0.1943 0.1790 0.0287 0.0003 -0.002591 0.027848 -0.4962 1 2.4866 1  2075 2894 3279 3466 3518 3506 3399 2593  1 1 1 3.65 0 5 1.00 3 6 0 11.81 0 0 4.2039e-45 0 0 -1.4013e-45 1.57833e-11 0 1.57833e-11 0 
2.132 2 1 1 0 0.1732 0.1916 0.0309 0.0003 -0.005182 0.027597 -0.4216 1 2.4640 1  2053 2873 3256 3449 3508 3475 3394 2582  1 1 1 3.36 0 5 1.00 3 6 0 11.80 0 0 4.2039e-45 0 0 -1.4013e-45 1.57833e-11 0 1.57833e-11 0 
2.147 2 1 1 0 0.1779 0.1922 0.0333 0.0003 -0.005182 0.026281 -0.4163 1 2.4283 1  2028 2847 3241 3454 3508 3472 3383 2569  1 1 1 3.23 0 5 1.00 3 6 0 11.80 0 0 4.2039e-45 0 0 -1.4013e-45 1.57833e-11 0 1.57833e-11 0 
2.162 2 1 1 0 0.1952 0.1711 0.0355 0.0003 -0.002591 0.024997 -0.1936 1 2.3933 1  1986 2798 3232 3445 3505 3490 3382 2550  1 1 1 2.46 0 5 0.99 3 6 0 11.80 0 0 4.2039e-45 0 0 -1.4013e-45 1.57833e-11 0 1.57833e-11 0 
2.177 2 1 1 0 0.2095 0.2167 0.0382 0.0003 -0.005182 0.025156 -0.1215 1 2.3742 1  1914 2760 3215 3426 3499 3479 3380 2542  1 1 1 2.19 0 5 0.99 3 6 0 11.80 0 0 4.2039e-45 0 0 -1.4013e-45 1.57833e-11 0 1.57833e-11 0 
2.192 2 1 1 0 0.1879 0.1908 0.0406 0.0003 -0.005182 0.024096 -0.0876 1 2.3695 1  1856 2713 3187 3426 3493 3480 3385 2535  1 1 1 2.07 0 5 0.99 3 6 0 11.81 0 0 4.2039e-45 0 0 -1.4013e-45 1.57833e-11 0 1.57833e-11 0 
2.207 2 1 1 0 0.2078 0.1749 0.0432 0.0003 -0.002591 0.022672 -0.0006 1 2.3362 1  1836 2658 3155 3409 3483 3474 3364 2529  1 1 1 1.71 0 5 0.99 4 6 0 11.80 0 0 4.2039e-45 0 0 -1.4013e-45 1.57833e-11 0 1.57833e-11 0 
2.222 2 1 1 0 0.2021 0.2078 0.0458 0.0003 -0.005182 0.022669 -0.0033 1 2.3340 1  1802 2622 3144 3407 3492 3479 3357 2523  1 1 1 1.71 0 5 0.99 3 6 0 11.81 0 0 4.2039e-45 0 0 -1.4013e-45 1.57833e-11 0 1.57833e-11 0 
2.237 2 1 1 0 0.2193 0.1849 0.0484 0.0002 -0.002591 0.021233 0.0227 1 2.3489 1  1733 2581 3120 3418 3499 3484 3383 2525  1 1 1 1.68 0 5 1.00 4 6 0 11.81 0 0 4.2039e-45 0 0 -1.4013e-45 1.57833e-11 0 1.57833e-11 0 
2.252 2 1 1 0 0.2109 0.1798 0.0512 0.0002 -0.002591 0.019731 0.0574 1 2.3572 1  1743 2563 3105 3406 3506 3490 3398 2533  1 1 1 1.60 0 5 1.00 4 6 0 11.81 0 0 4.2039e-45 0 0 -1.4013e-45 1.57833e-11 0 1.57833e-11 0 
2.267 2 1 1 0 0.2135 0.2262 0.0538 0.0002 -0.005182 0.020320 0.0302 1 2.3615 1  1769 2585 3106 3418 3495 3482 3373 2532  1 1 1 1.69 0 5 1.00 4 6 0 11.81 0 0 4.2039e-45 0 0 -1.4013e-45 1.57833e-11 0 1.57833e-11 0 
2.282 2 1 1 0 0.1993 0.2111 0.0566 0.0002 -0.005182 0.019003 0.0113 1 2.3604 1  1781 2582 3110 3423 3503 3488 3370 2539  1 1 1 1.75 0 5 0.99 3 6 0 11.81 0 0 4.2039e-45 0 0 -1.4013e-45 1.57833e-11 0 1.57833e-11 0 
2.297 2 1 1 0 0.2216 0.1963 0.0592 0.0002 -0.002591 0.018221 0.0034 1 2.3652 1  1802 2605 3111 3418 3486 3471 3348 2552  1 1 1 1.78 0 5 0.99 3 6 0 11.81 0 0 4.2039e-45 0 0 -1.4013e-45 1.57833e-11 0 1.57833e-11 0 
2.312 2 1 1 0 0.2175 0.2238 0.0623 0.0002 -0.005182 0.018329 -0.0320 1 2.4608 1  1848 2619 3143 3435 3489 3485 3375 2596  1 1 1 2.18 0 5 0.99 3 6 0 11.81 0 0 4.2039e-45 0 0 -1.4013e-45 1.57833e-11 0 1.57833e-11 0 
2.327 2 1 1 0 0.2329 0.2019 0.0653 0.0002 -0.002591 0.016822 -0.0482 1 2.4586 1  1884 2628 3159 3437 3504 3478 3388 2576  1 1 1 2.22 0 5 0.99 3 6 0 11.81 0 0 4.2039e-45 0 0 -1.4013e-45 1.57833e-11 0 1.57833e-11 0 
2.342 2 1 1 0 0.2345 0.2125 0.0681 0.0002 -0.002591 0.016078 -0.0875 1 2.5896 1  1915 2721 3165 3439 3525 3495 3397 2631  1 1 1 2.73 0 5 1.00 3 6 0 11.81 0 0 4.2039e-45 0 0 -1.4013e-45 1.57833e-11 0 1.57833e-11 0 
2.357 2 1 1 0 0.2091 0.2230 0.0711 0.0002 -0.005182 0.016181 -0.0884 1 2.6218 1  1936 2707 3182 3432 3524 3500 3411 2662  1 1 1 2.83 0 5 0.99 3 6 0 11.81 0 0 4.2039e-45 0 0 -1.4013e-45 1.57833e-11 0 1.57833e-11 0 
2.372 2 1 1 0 0.2444 0.2218 0.0741 0.0002 -0.002591 0.015699 -0.0873 1 2.6242 1  1941 2746 3167 3427 3491 3495 3406 2650  1 1 1 2.83 0 5 0.99 3 6 0 11.81 0 0 4.2039e-45 0 0 -1.4013e-45 1.57833e-11 0 1.57833e-11 0 
2.387 2 1 1 0 0.2586 0.2399 0.0773 0.0001 -0.002591 0.015382 -0.0714 1 2.6660 1  1946 2728 3169 3416 3504 3483 3406 2671  1 1 1 2.91 0 5 1.00 4 6 0 11.81 0 0 4.2039e-45 0 0 -1.4013e-45 1.57833e-11 0 1.57833e-11 0 
2.402 2 1 1 0 0.2344 0.2191 0.0801 0.0001 -0.002591 0.013938 -0.0410 1 2.6638 1  1938 2707 3157 3415 3485 3485 3401 2667  1 1 1 2.81 0 5 1.00 4 6 0 11.81 0 0 4.2039e-45 0 0 -1.4013e-45 1.57833e-11 0 1.57833e-11 0 
2.417 2 1 1 0 0.2516 0.2433 0.0833 0.0001 -0.002591 0.013069 -0.0681 1 2.6698 1  1938 2718 3178 3425 3488 3511 3415 2675  1 1 1 2.91 0 5 1.00 4 6 0 11.81 0 0 4.2039e-45 0 0 -1.4013e-45 1.57833e-11 0 1.57833e-11 0 
2.432 2 1 1 0 0.2412 0.2321 0.0865 0.0001 -0.002591 0.012200 -0.0610 1 2.6665 1  1909 2705 3195 3421 3502 3501 3416 2668  1 1 1 2.88 0 5 1.00 4 6 0 11.81 0 0 4.2039e-45 0 0 -1.4013e-45 1.57833e-11 0 1.57833e-11 0 
2.447 2 1 1 0 0.2390 0.2336 0.0898 0.0001 -0.002591 0.010746 -0.0285 1 2.6667 1  1860 2670 3142 3417 3500 3477 3409 2669  1 1 1 2.78 0 5 1.00 4 6 0 11.81 0 0 4.2039e-45 0 0 -1.4013e-45 1.57833e-11 0 1.57833e-11 0 
2.462 2 1 2 0 0.2595 0.2615 0.0932 0.0001 0.000000 0.011164 -0.0094 1 2.6721 1  1850 2647 3138 3415 3503 3491 3412 2676  1 1 1 2.74 0 5 1.00 4 6 0 11.80 0 -0.00938715 -0.00578034 0 0 0.00115607 0.000976314 0 0.000976314 0.000976314 
2.477 2 1 2 0 0.2395 0.2398 0.0964 0.0001 0.000000 0.009907 -0.0001 1 2.6754 1  1827 2620 3107 3415 3509 3493 3426 2681  1 1 1 2.73 0 5 1.00 4 6 0 11.80 0 -0.000116692 0.00101162 0 0 -0.000202325 0.000189307 0 0.000189307 0.000189307 
2.492 2 1 2 0 0.2631 0.2560 0.0998 0.0001 0.002591 0.009217 0.0258 1 2.6758 1  1845 2590 3095 3414 3506 3520 3418 2684  1 1 1 2.65 0 5 1.00 4 6 0 11.79 0 0.0258247 0.0419948 0 0 -0.00839895 -0.00354083 0 -0.00354083 -0.00354083 
2.507 2 1 2 0 0.2537 0.2332 0.1032 0.0001 0.000000 0.008229 0.0745 1 2.6774 1  1844 2563 3092 3387 3496 3486 3412 2683  1 1 1 2.51 0 5 1.00 4 6 0 11.80 0 0.0744967 0.105041 0 0 -0.0210081 -0.0102556 0 -0.0102556 -0.0102556 
2.522 2 1 2 0 0.2624 0.2388 0.1066 0.0001 0.002591 0.007023 0.0795 1 2.6754 1  1859 2569 3055 3384 3491 3491 3402 2679  1 1 1 2.49 0 5 1.00 4 6 0 11.80 0 0.0794981 0.105654 0 0 -0.0211307 -0.0118464 0 -0.0118464 -0.0118464 
2.537 2 1 2 0 0.2754 0.2492 0.1100 0.0001 0.000000 0.007403 0.0843 1 2.6828 1  1883 2586 3056 3388 3493 3512 3421 2692  1 1 1 2.49 0 5 1.00 4 6 0 11.79 0 0.0842963 0.103382 0 0 -0.0206763 -0.0130612 0 -0.0130612 -0.0130612 
2.552 2 1 2 0 0.2541 0.2276 0.1135 0.0001 0.002591 0.005187 0.0809 1 2.6797 1  1897 2620 3066 3381 3501 3491 3410 2688  1 1 1 2.50 0 5 1.00 4 6 0 11.80 0 0.0808709 0.0924819 0 0 -0.0184964 -0.0132487 0 -0.0132487 -0.0132487 
2.567 2 1 2 0 0.2655 0.2573 0.1169 0.0001 0.000000 0.004529 0.0228 1 2.6748 1  1957 2668 3082 3390 3486 3485 3425 2680  1 1 1 2.65 0 5 1.00 4 6 0 11.80 0 0.0228313 -0.0415638 0 0 0.00831276 -0.00412768 0 -0.00412768 -0.00412768 
2.582 2 1 2 0 0.2583 0.2362 0.1203 0.0001 0.002591 0.003635 0.0518 1 2.6678 1  1959 2699 3093 3373 3477 3476 3412 2670  1 1 1 2.55 0 5 1.00 4 6 0 11.80 0 0.0517973 0.083239 0 0 -0.0166478 -0.0110356 0 -0.0110356 -0.0110356 
2.597 2 1 2 0 0.2681 0.2650 0.1237 0.0001 0.000000 0.003007 -0.0044 1 2.6620 1  1955 2692 3095 3407 3484 3487 3421 2660  1 1 1 2.70 0 5 1.00 4 6 0 11.81 0 -0.00443537 -0.042479 0 0 0.0084958 -0.00153202 0 -0.00153202 -0.00153202 
2.612 2 1 2 0 0.2652 0.2386 0.1271 0.0001 0.002591 0.001819 0.0705 1 2.6536 1  1964 2663 3086 3373 3458 3481 3394 2655  1 1 1 2.45 0 5 0.99 4 6 0 11.81 0 0.0705174 0.120608 0 0 -0.0241217 -0.0132923 0 -0.0132923 -0.0132923 
2.627 2 1 2 0 0.2607 0.2437 0.1307 0.0001 0.002591 0.000564 0.0435 1 2.6609 1  2006 2675 3108 3384 3480 3464 3364 2666  1 1 1 2.55 0 5 0.99 4 6 0 11.81 0 0.043543 0.0471293 0 0 -0.00942586 -0.00849064 0 -0.00849064 -0.00849064 
2.642 2 1 2 0 0.2501 0.2614 0.1343 0.0002 0.002591 0.000518 -0.0466 1 2.6685 1  2078 2788 3153 3396 3500 3483 3390 2676  1 1 1 2.84 0 5 1.00 4 6 0 11.81 0 -0.0466409 -0.133534 0 0 0.0267067 0.00568597 0 0.00568597 0.00568597 
2.657 2 1 2 0 0.2272 0.2865 0.1376 0.0002 0.007773 -0.000650 -0.2221 1 2.6752 1  2230 2896 3228 3408 3470 3482 3405 2692  1 1 1 3.39 0 5 1.00 4 6 0 11.81 0 -0.222106 -0.366032 0 0 0.0732063 0.0296556 0 0.0296556 0.0296556 
2.672 2 1 2 0 0.1604 0.3651 0.1414 0.0002 0.015547 -0.001178 -0.7287 1 2.6763 1  2435 3122 3308 3434 3492 3468 3405 2671  1 1 1 4.91 0 5 0.99 3 6 0 11.81 0 -0.728729 -1.09825 0 0 0.21965 0.102352 0 0.102352 0.102352 
2.687 2 1 2 0 0.2764 0.2764 0.1444 0.0003 0.028502 -0.001621 -2.4716 1 2.6861 1  2654 3249 3403 3474 3493 3488 3408 2693  1 1 1 6.00 15 5 1.00 3 6 0 11.81 0 -1.92241 -2.28591 0 0 0.457182 0.258544 0 0.258544 0 
2.702 2 1 2 0 0.2797 0.2797 0.1484 0.0004 0.028502 -0.001374 -2.7221 1 2.7038 1  2796 3352 3441 3471 3474 3470 3402 2736  1 1 1 6.00 20 5 1.00 1 6 0 11.81 0 -1.92241 -1.9649 0 0 0.39298 0.274599 0 0.274599 0 
2.717 2 1 2 0 0.2636 0.2636 0.1520 0.0005 0.038867 -0.004606 -2.7697 1 2.7129 1  2894 3383 3469 3486 3498 3472 3406 2742  1 1 1 6.00 20 5 1.00 0 6 0 11.81 0 -1.92241 -1.92738 0 0 0.385476 0.297526 0 0.297526 0 
2.732 2 1 2 0 0.2435 0.2435 0.1554 0.0006 0.041458 -0.008162 -2.7740 1 2.7088 1  2920 3408 3470 3475 3475 3467 3396 2742  1 1 1 6.00 20 5 1.00 0 6 0 11.81 0 -1.92241 -1.92299 0 0 0.384598 0.316599 0 0.316599 0 
2.747 2 1 2 0 0.2487 0.2487 0.1592 0.0008 0.044049 -0.009745 -2.7740 1 2.7006 1  2928 3410 3472 3469 3485 3463 3388 2725  1 1 1 6.00 20 5 1.00 0 6 0 11.81 0 -1.92241 -1.92248 0 0 0.384496 0.331596 0 0.331596 0 
2.762 2 1 2 0 0.2445 0.2445 0.1626 0.0010 0.046640 -0.010558 -2.7740 1 2.7037 1  2933 3400 3452 3476 3498 3470 3388 2718  1 1 1 6.00 20 5 1.00 0 6 0 11.81 0 -1.92241 -1.92242 0 0 0.384484 0.343292 0 0.343292 0 
2.777 2 1 2 0 0.2625 0.2625 0.1661 0.0011 0.049231 -0.010168 -2.7740 1 2.7181 1  2931 3388 3442 3471 3498 3447 3395 2764  1 1 1 6.00 20 5 1.00 0 6 0 11.81 0 -1.92241 -1.92241 0 0 0.384483 0.352403 0 0.352403 0 
2.792 2 1 2 0 0.2676 0.2676 0.1697 0.0013 0.054414 -0.009378 -2.7740 1 2.7212 1  2903 3380 3426 3475 3484 3487 3391 2762  1 1 1 6.00 20 5 1.00 0 6 0 11.81 0 -1.92241 -1.92241 0 0 0.384483 0.359499 0 0.359499 0 
2.807 2 1 2 0 0.2487 0.2487 0.1731 0.0015 0.057005 -0.009967 -2.7445 1 2.7266 1  2822 3337 3381 3442 3502 3461 3390 2769  1 1 1 6.00 20 5 0.99 1 6 0 11.81 0 -1.92241 -1.92241 0 0 0.384483 0.365025 0 0.365025 0 
2.822 2 1 2 0 0.2524 0.2524 0.1769 0.0017 0.059596 -0.009429 -2.6739 1 2.7306 1  2685 3238 3305 3385 3435 3477 3389 2778  1 1 1 6.00 20 5 0.97 3 7 0 11.80 0 -1.92241 -1.92241 0 0 0.384483 0.369329 0 0.369329 0 
2.837 2 1 2 0 0.2505 0.2505 0.1803 0.0019 0.062187 -0.009719 0.3195 1 2.7377 1  2477 3044 3119 3254 3409 3458 3401 2791  1 1 1 1.95 16 5 0.99 5 6 0 11.81 0 -1.92241 -1.92241 0 0 0.384483 0.372681 0 0.372681 0 
2.852 2 1 2 0 0.3807 0.1449 0.1839 0.0022 0.062187 -0.008134 0.8865 1 2.7432 1  2190 2768 2868 3122 3367 3462 3427 2803  1 1 1 0.27 1 5 0.99 5 6 0 11.79 0 0.886467 5.10833 0 0 -1.02167 -0.117893 0 -0.117893 -0.117893 
2.867 2 1 2 0 0.2521 0.2037 0.1873 0.0024 0.059596 -0.009770 1.0947 1 2.7416 1  1935 2475 2616 3006 3312 3443 3389 2796  1 1 1 -0.10 0 5 0.99 5 6 0 11.79 0 1.09465 1.72519 0 0 -0.345038 -0.0241883 0 -0.0241883 -0.0241883 
2.882 2 1 2 0 0.3485 0.1422 0.1905 0.0025 0.054414 -0.010736 1.4790 1 2.7392 1  1785 2323 2522 2921 3289 3414 3384 2790  1 1 1 -0.10 0 5 0.97 5 7 0 11.80 0 1.47902 1.84235 0 0 -0.368469 -0.103142 0 -0.103142 -0.103142 
2.897 2 1 2 0 0.4097 0.1311 0.1939 0.0027 0.046640 -0.009452 1.5150 1 2.7454 1  1739 2293 2478 2888 3281 3407 3375 2802  1 1 1 -0.10 0 5 0.97 5 7 0 11.75 0 1.51503 1.58542 0 0 -0.317084 -0.139272 0 -0.139272 -0.139272 
2.912 2 1 2 0 0.4606 -0.0447 0.1971 0.0028 0.025911 -0.010885 1.5200 1 2.7387 1  1698 2252 2427 2870 3280 3406 3370 2783  1 1 1 -0.10 0 5 0.96 5 7 0 11.73 0 1.52001 1.51748 0 0 -0.303497 -0.17338 0 -0.17338 -0.17338 
2.927 2 1 2 0 0.5269 -0.0389 0.2003 0.0029 -0.005182 -0.010431 1.5256 1 2.7457 1  1703 2228 2467 2911 3303 3397 3359 2805  1 1 1 -0.10 0 5 0.96 5 7 0 11.74 0 1.5256 1.53872 0 0 -0.307744 -0.203632 0 -0.203632 -0.203632 
2.942 2 1 2 0 0.5581 0.0784 0.2044 0.0028 -0.031093 -0.006365 1.0495 1 2.7446 1  1687 2247 2496 2989 3347 3444 3385 2799  1 1 1 -0.10 0 5 0.98 5 7 0 11.74 0 1.04945 0.855986 0 0 -0.171197 -0.160497 0 -0.160497 -0.160497 
2.957 2 1 2 0 0.5092 0.0105 0.2082 0.0026 -0.075143 -0.011943 0.9967 1 2.7120 1  1630 2196 2520 3038 3375 3441 3378 2749  1 1 1 -0.10 0 5 0.99 5 6 0 11.81 0 0.996685 0.937258 0 0 -0.187452 -0.169972 0 -0.169972 -0.169972 
2.972 2 1 2 0 0.5437 0.0445 0.2120 0.0022 -0.119192 -0.020073 0.9430 1 2.6262 1  1613 2185 2578 3114 3394 3440 3358 2643  1 1 1 -0.10 0 5 0.98 5 6 0 11.81 0 0.94303 0.888486 0 0 -0.177697 -0.170256 0 -0.170256 -0.170256 
2.987 2 1 2 0 0.5521 0.0676 0.2161 0.0016 -0.163241 -0.024458 0.8550 1 2.3718 1  1559 2209 2686 3217 3421 3439 3342 2558  1 1 1 -0.10 0 5 0.96 4 6 0 11.80 0 0.855038 0.777873 0 0 -0.155575 -0.162847 0 -0.162847 -0.162847 
3.002 2 1 2 0 0.5506 0.2422 0.2205 0.0008 -0.204699 -0.031280 0.7632 1 2.1486 1  1544 2303 2800 3256 3427 3423 3292 2420  1 1 1 -0.10 0 5 0.96 4 5 0 11.79 0 0.763245 0.700295 0 0 -0.140059 -0.154194 0 -0.154194 -0.154194 
3.017 2 1 2 0 0.3708 0.1788 0.2254 -0.0003 -0.238383 -0.041444 0.3248 1 1.9689 1  1565 2348 2901 3302 3423 3397 3220 2306  1 1 1 -0.10 0 5 0.95 4 5 0 11.81 0 0.32477 0.132523 0 0 -0.0265045 -0.0959652 0 -0.0959652 -0.0959652 
3.032 2 1 2 0 0.3270 0.1373 0.2293 -0.0013 -0.264295 -0.056777 0.3183 1 0.5527 1  1593 2430 2943 3300 3385 3342 3097 2094  1 1 1 -0.10 0 5 0.91 4 5 0 11.82 0 0.318294 0.306165 0 0 -0.061233 -0.0948538 0 -0.0948538 -0.0948538 
3.047 2 1 2 0 0.3562 0.1828 0.2335 -0.0025 -0.290206 -0.060225 0.3037 1 0.4241 1  1645 2519 3013 3298 3379 3290 3002 1988  1 1 1 -0.10 0 5 0.88 3 5 0 11.81 0 0.303654 0.30667 0 0 -0.0613339 -0.0866986 0 -0.0866986 -0.0866986 
3.062 2 1 2 0 0.2921 0.1399 0.2370 -0.0036 -0.310935 -0.063650 0.2731 1 -0.1640 1  1695 2589 3078 3306 3347 3262 2913 1876  1 1 1 -0.10 0 5 0.88 3 4 0 11.81 0 0.273091 0.246175 0 0 -0.0492351 -0.0761254 0 -0.0761254 -0.0761254 
3.077 2 1 2 0 0.2518 0.1156 0.2402 -0.0046 -0.329073 -0.068238 0.2480 1 -0.2690 1  1809 2703 3126 3311 3332 3218 2791 1751  1 1 1 -0.10 0 5 0.88 3 4 0 11.82 0 0.248023 0.21266 0 0 -0.042532 -0.0680676 0 -0.0680676 -0.0680676 
3.092 2 1 2 0 0.2636 0.1360 0.2427 -0.0055 -0.347211 -0.066687 0.2395 1 -0.3570 1  1898 2792 3148 3300 3306 3179 2719 1692  1 1 1 -0.10 0 5 0.86 3 4 0 11.81 0 0.239483 0.225484 0 0 -0.0450968 -0.0638291 0 -0.0638291 -0.0638291 
3.107 2 1 2 0 0.2380 0.1287 0.2457 -0.0066 -0.357576 -0.063742 0.2043 1 -0.3620 1  1976 2854 3206 3306 3314 3149 2664 1656  1 1 1 -0.10 0 5 0.86 3 4 0 11.81 0 0.20435 0.149908 0 0 -0.0299817 -0.0546575 0 -0.0546575 -0.0546575 
3.122 2 1 2 0 0.1974 0.1189 0.2479 -0.0075 -0.367940 -0.060613 0.1211 1 -0.8368 1  2065 2936 3209 3310 3292 3147 2599 1613  1 1 1 -0.10 0 5 0.88 3 3 0 11.81 0 0.121126 0.00585157 0 0 -0.00117031 -0.0392609 0 -0.0392609 -0.0392609 
3.137 2 1 2 0 0.1183 0.2098 0.2502 -0.0084 -0.378305 -0.055318 -0.4110 1 -0.8723 1  2156 3006 3250 3317 3295 3088 2541 1588  1 1 1 -0.10 0 5 0.87 2 3 0 11.81 0 -0.411042 -0.999053 0 0 0.199811 0.0457321 0 0.0457321 0.0457321 
3.152 2 1 2 0 0.0848 0.1696 0.2521 -0.0091 -0.383487 -0.049338 -0.4652 1 -0.9073 1  2227 3054 3256 3307 3281 3056 2490 1571  1 1 1 -0.10 0 5 0.88 2 3 0 11.80 0 -0.465167 -0.565666 0 0 0.113133 0.0423823 0 0.0423823 0.0423823 
3.167 2 1 2 0 0.0613 0.1776 0.2541 -0.0099 -0.380896 -0.043442 -0.5082 1 -0.9048 1  2269 3084 3275 3324 3285 3025 2467 1558  1 1 1 -0.10 0 5 0.88 2 3 0 11.81 0 -0.508221 -0.593061 0 0 0.118612 0.0581362 0 0.0581362 0.0581362 
3.182 2 1 2 0 0.0679 0.2144 0.2560 -0.0107 -0.375714 -0.036762 -0.5772 1 -0.8486 1  2326 3126 3279 3328 3293 3043 2453 1560  1 1 1 -0.10 0 5 0.89 2 3 0 11.80 0 -0.57718 -0.589269 0 0 0.117854 0.0732781 0 0.0732781 0.0732781 
3.197 2 1 2 0 -0.4628 0.2236 0.2576 -0.0113 -0.362758 -0.031115 -1.9397 1 -0.3668 1  2372 3153 3313 3341 3314 3076 2468 1578  1 1 1 -0.10 0 5 0.91 2 3 0 11.65 0 -1.93974 -3.46306 0 0 0.692612 0.300327 0 0.300327 0.300327 
3.212 2 1 2 0 -0.2814 0.3482 0.2575 -0.0113 -0.323891 -0.016755 -1.9509 1 -0.3231 1  2356 3156 3320 3374 3329 3116 2558 1609  1 1 1 -0.10 0 5 0.92 2 3 0 11.75 0 -1.95091 -2.13527 0 0 0.427054 0.271931 0 0.271931 0.271931 
3.227 2 1 2 0 -0.2342 0.4466 0.2586 -0.0116 -0.287615 0.005287 -1.9855 1 -0.1280 1  2375 3177 3355 3382 3395 3231 2711 1711  1 1 1 0.27 0 5 0.94 2 3 0 11.75 0 -1.9855 -2.03954 0 0 0.407908 0.297517 0 0.297517 0.297517 
3.242 2 1 2 0 -0.2011 0.5103 0.2600 -0.0120 -0.238384 0.019572 -1.9552 1 0.4343 1  2311 3157 3369 3428 3433 3313 2876 1824  1 1 1 1.87 0 5 0.96 2 4 0 11.77 0 -1.95515 -1.92585 0 0 0.385171 0.312846 0 0.312846 0.312846 
3.257 2 1 2 0 0.3292 0.6100 0.2623 -0.0125 -0.186561 0.026973 -0.6774 1 0.5689 1  2180 3064 3324 3391 3461 3370 3058 1975  1 1 1 -0.10 0 5 0.97 3 4 0 11.53 0 -0.677414 0.36409 0 0 -0.072818 0.14044 0 0.14044 0.14044 
3.272 2 1 2 0 0.2331 0.5355 0.2667 -0.0132 -0.145103 0.019650 -0.5341 1 0.6758 1  2024 2945 3299 3438 3473 3419 3147 2035  1 1 1 -0.10 0 5 0.99 3 4 0 11.73 0 -0.534083 -0.280741 0 0 0.0561482 0.151165 0 0.151165 0.151165 
3.287 2 1 2 0 0.1835 0.3204 0.2711 -0.0138 -0.103645 -0.008025 0.0005 1 0.6743 1  1828 2732 3180 3381 3456 3412 3093 2039  1 1 1 -0.10 0 5 0.97 4 5 0 11.79 0 0.000538158 0.496724 0 0 -0.0993449 0.0684187 0 0.0684187 0.0684187 
3.302 2 1 2 0 0.2001 0.2485 0.2749 -0.0141 -0.075143 -0.033679 0.3023 1 0.5840 1  1715 2546 3015 3278 3396 3358 3115 2053  1 1 1 -0.10 0 5 0.92 4 5 0 11.80 0 0.302287 0.599158 0 0 -0.119832 0.0242065 0 0.0242065 0.0242065 
3.317 2 1 2 0 0.2427 0.1097 0.2787 -0.0144 -0.057005 -0.048880 0.8598 1 0.5248 1  1653 2437 2923 3279 3367 3338 3063 2077  1 1 1 -0.10 0 5 0.90 4 5 0 11.76 0 0.859768 1.31117 0 0 -0.262234 -0.0664973 0 -0.0664973 -0.0664973 
3.332 2 1 2 0 0.2152 0.0139 0.2813 -0.0145 -0.054414 -0.060696 1.0409 1 0.4351 1  1606 2384 2860 3223 3328 3294 3088 2074  1 1 1 -0.10 0 5 0.87 4 5 0 11.79 0 1.04093 1.19004 0 0 -0.238007 -0.100641 0 -0.100641 -0.100641 
3.347 2 1 2 0 0.2376 -0.0029 0.2831 -0.0146 -0.057005 -0.063318 1.0476 1 0.4284 1  1615 2403 2875 3221 3326 3299 3068 2062  1 1 1 -0.10 0 5 0.87 4 5 0 11.80 0 1.04763 1.06142 0 0 -0.212285 -0.120246 0 -0.120246 -0.120246 
3.362 2 1 2 0 0.2427 -0.0249 0.2847 -0.0147 -0.072552 -0.060677 1.0094 1 0.4208 1  1630 2435 2915 3224 3332 3298 3039 2037  1 1 1 -0.10 0 5 0.87 4 5 0 11.81 0 1.00944 0.981843 0 0 -0.196369 -0.133796 0 -0.133796 -0.133796 
3.377 2 1 2 0 0.2632 -0.0074 0.2861 -0.0148 -0.095872 -0.055962 0.9214 1 0.4159 1  1676 2505 2963 3258 3352 3293 3015 2009  1 1 1 -0.10 0 5 0.87 4 5 0 11.81 0 0.921369 0.813072 0 0 -0.162614 -0.135307 0 -0.135307 -0.135307 
3.392 2 1 2 0 0.2256 -0.0628 0.2875 -0.0150 -0.114009 -0.054802 0.8518 1 0.3917 1  1706 2564 3006 3263 3354 3287 2973 1951  1 1 1 -0.10 0 5 0.87 4 5 0 11.81 0 0.851815 0.90527 0 0 -0.181054 -0.144207 0 -0.144207 -0.144207 
3.407 2 1 2 0 0.0969 -0.0600 0.2885 -0.0151 -0.126965 -0.055715 0.3307 1 -0.0546 1  1739 2607 3052 3289 3366 3275 2923 1916  1 1 1 -0.10 0 5 0.88 3 4 0 11.82 0 0.330661 0.190164 0 0 -0.0380329 -0.0784716 0 -0.0784716 -0.0784716 
3.422 2 1 2 0 0.1432 -0.0027 0.2899 -0.0153 -0.145103 -0.049711 0.2808 1 -0.1080 1  1800 2686 3094 3298 3363 3264 2890 1862  1 1 1 -0.10 0 5 0.88 3 4 0 11.82 0 0.280782 0.226634 0 0 -0.0453268 -0.0729617 0 -0.0729617 -0.0729617 
3.437 2 1 2 0 0.0921 -0.0123 0.2907 -0.0154 -0.155468 -0.043504 0.1569 1 -0.0928 1  1842 2746 3145 3333 3366 3267 2882 1846  1 1 1 -0.10 0 5 0.90 3 4 0 11.82 0 0.156912 0.0418984 0 0 -0.00837967 -0.052194 0 -0.052194 -0.052194 
3.452 2 1 2 0 0.0763 -0.0062 0.2913 -0.0155 -0.163241 -0.037298 0.0956 1 -0.0659 1  1895 2789 3178 3344 3374 3264 2869 1834  1 1 1 -0.10 0 5 0.91 3 4 0 11.82 0 0.0955719 0.00724769 0 0 -0.00144954 -0.0412416 0 -0.0412416 -0.0412416 
3.467 2 1 2 0 0.0592 0.0163 0.2919 -0.0156 -0.171014 -0.029109 -0.0211 1 -0.0139 1  1934 2846 3216 3368 3393 3281 2883 1840  1 1 1 -0.10 0 5 0.92 3 4 0 11.82 0 -0.0211284 -0.129182 0 0 0.0258365 -0.0214782 0 -0.0214782 -0.0214782 
3.482 2 1 2 0 0.0074 0.0880 0.2922 -0.0157 -0.176197 -0.019446 -0.3973 1 0.3992 1  1976 2879 3241 3376 3402 3285 2911 1858  1 1 1 -0.10 0 5 0.93 3 4 0 11.81 0 -0.397329 -0.81591 0 0 0.163182 0.040307 0 0.040307 0.040307 
3.497 2 1 2 0 0.0087 0.1012 0.2928 -0.0158 -0.168423 -0.009941 -0.4563 1 0.4647 1  2016 2935 3274 3404 3423 3332 2950 1892  1 1 1 -0.10 0 5 0.95 3 4 0 11.82 0 -0.456346 -0.637286 0 0 0.127457 0.04629 0 0.04629 0.04629 
3.512 2 1 2 0 0.0098 0.1124 0.2930 -0.0158 -0.165832 -0.000885 -0.4664 1 0.4960 1  2033 2956 3273 3409 3433 3344 2992 1923  1 1 1 -0.10 0 5 0.96 3 4 0 11.81 0 -0.466398 -0.480073 0 0 0.0960146 0.0513216 0 0.0513216 0.0513216 
3.527 2 1 2 0 -0.0150 0.1112 0.2936 -0.0159 -0.158059 0.005035 -0.4928 1 0.5617 1  2040 2955 3284 3403 3434 3366 3022 1959  1 1 1 -0.10 0 5 0.96 3 4 0 11.80 0 -0.492837 -0.48711 0 0 0.0974221 0.0631142 0 0.0631142 0.0631142 
3.542 2 1 2 0 -0.0167 0.1289 0.2944 -0.0160 -0.147694 0.009274 -0.5054 1 0.6037 1  2039 2965 3288 3419 3457 3385 3067 1997  1 1 1 -0.10 0 5 0.97 3 4 0 11.81 0 -0.505403 -0.508001 0 0 0.1016 0.0728403 0 0.0728403 0.0728403 
3.557 2 1 2 0 -0.0109 0.1471 0.2952 -0.0162 -0.137330 0.012074 -0.5028 1 0.6685 1  2030 2941 3290 3442 3463 3414 3113 2042  1 1 1 -0.10 0 5 0.97 3 5 0 11.81 0 -0.502769 -0.511574 0 0 0.102315 0.0789833 0 0.0789833 0.0789833 
3.572 2 1 2 0 -0.0150 0.1421 0.2960 -0.0163 -0.126965 0.013978 -0.4681 1 0.6882 1  1994 2924 3271 3433 3470 3420 3133 2068  1 1 1 -0.10 0 5 0.97 3 5 0 11.81 0 -0.468072 -0.44965 0 0 0.0899301 0.0785166 0 0.0785166 0.0785166 
3.587 2 1 2 0 -0.0082 0.1528 0.2970 -0.0164 -0.114009 0.015207 -0.4564 1 0.7230 1  1972 2904 3271 3436 3479 3426 3164 2103  1 1 1 -0.10 0 5 0.98 3 5 0 11.81 0 -0.456378 -0.438674 0 0 0.0877348 0.0805187 0 0.0805187 0.0805187 
3.602 2 1 2 0 -0.0102 0.1470 0.2980 -0.0165 -0.101054 0.016052 -0.4241 1 1.9352 1  1944 2874 3253 3448 3480 3439 3213 2141  1 1 1 1.78 0 5 0.99 3 5 0 11.82 0 -0.424087 -0.394764 0 0 0.0789528 0.0785896 0 0.0785896 0.0785896 
3.617 2 1 2 0 0.0006 0.1575 0.2990 -0.0166 -0.088098 0.016635 -0.4073 1 1.9427 1  1955 2835 3247 3424 3482 3431 3211 2179  1 1 1 1.75 0 5 0.98 3 5 0 11.81 0 -0.407312 -0.390785 0 0 0.078157 0.0784282 0 0.0784282 0.0784282 
3.632 2 1 2 0 0.0305 0.1150 0.2998 -0.0166 -0.077734 0.016834 -0.1609 1 1.9639 1  1904 2818 3225 3426 3474 3441 3228 2216  1 1 1 1.07 0 5 0.98 3 5 0 11.82 0 -0.160913 0.0623548 0 0 -0.012471 0.0422212 0 0.0422212 0.0422212 
3.647 2 1 2 0 0.0301 0.1136 0.3006 -0.0167 -0.067369 0.017647 -0.1257 1 2.0085 1  1909 2800 3219 3418 3473 3452 3251 2255  1 1 1 1.10 0 5 0.98 3 5 0 11.81 0 -0.125738 -0.0669465 0 0 0.0133893 0.0417395 0 0.0417395 0.0417395 
3.662 2 1 2 0 0.0453 0.1214 0.3014 -0.0168 -0.057005 0.019226 -0.1090 1 2.0205 1  1900 2773 3211 3429 3472 3434 3258 2292  1 1 1 1.09 0 5 0.98 3 5 0 11.81 0 -0.109015 -0.104966 0 0 0.0209931 0.0380643 0 0.0380643 0.0380643 
3.677 2 1 2 0 0.0707 0.1452 0.3024 -0.0168 -0.049231 0.022166 -0.1204 1 2.0848 1  1900 2787 3211 3434 3476 3456 3290 2333  1 1 1 1.31 0 5 0.98 3 5 0 11.81 0 -0.120421 -0.155522 0 0 0.0311044 0.0372809 0 0.0372809 0.0372809 
3.692 2 1 2 0 0.0237 0.1623 0.3036 -0.0169 -0.044049 0.024811 -0.3919 1 2.1695 1  1903 2787 3231 3438 3521 3495 3333 2376  1 1 1 2.38 0 5 1.00 3 5 0 11.81 0 -0.391933 -0.502003 0 0 0.100401 0.0692869 0 0.0692869 0.0692869 
3.707 2 1 2 0 0.0641 0.1305 0.3044 -0.0169 -0.033685 0.025674 -0.1255 1 2.1549 1  1888 2791 3206 3431 3490 3473 3322 2391  1 1 1 1.54 0 5 0.99 3 5 0 11.81 0 -0.125514 -0.0921453 0 0 0.0184291 0.0332341 0 0.0332341 0.0332341 
3.722 2 1 2 0 0.0982 0.1426 0.3054 -0.0169 -0.025911 0.026908 -0.0538 1 2.1854 1  1882 2733 3194 3410 3484 3462 3326 2439  1 1 1 1.42 0 5 1.00 4 5 0 11.81 0 -0.0537832 -0.00542794 0 0 0.00108559 0.022195 0 0.022195 0.022195 
3.737 2 1 2 0 0.0672 0.1051 0.3064 -0.0169 -0.018138 0.026211 -0.0386 1 2.2023 1  1872 2736 3175 3403 3472 3463 3333 2436  1 1 1 1.42 0 5 0.99 4 5 0 11.82 0 -0.0386494 -0.0172787 0 0 0.00345574 0.0189329 0 0.0189329 0.0189329 
3.752 2 1 2 0 0.0898 0.1204 0.3074 -0.0170 -0.010365 0.026710 -0.0295 1 2.2527 1  1856 2720 3167 3398 3479 3465 3344 2469  1 1 1 1.55 0 5 0.98 4 6 0 11.81 0 -0.0294664 -0.00687715 0 0 0.00137543 0.0153068 0 0.0153068 0.0153068 
3.767 2 1 2 0 0.0811 0.1021 0.3084 -0.0170 -0.002591 0.026508 -0.0084 1 2.2723 1  1848 2698 3166 3402 3473 3476 3352 2477  1 1 1 1.54 0 5 0.99 4 6 0 11.81 0 -0.00843369 0.0197743 0 0 -0.00395486 0.0105204 0 0.0105204 0.0105204 
3.782 2 1 2 0 0.1015 0.1190 0.3096 -0.0170 0.002591 0.028196 -0.0121 1 2.3200 1  1842 2682 3154 3403 3481 3468 3358 2521  1 1 1 1.70 0 5 0.99 4 6 0 11.81 0 -0.0121352 0.0235741 0 0 -0.00471482 0.00871088 0 0.00871088 0.00871088 
3.797 2 1 2 0 0.1041 0.1212 0.3105 -0.0170 0.007773 0.029484 -0.0159 1 2.3700 1  1830 2657 3163 3411 3484 3475 3375 2546  1 1 1 1.86 0 5 1.00 4 6 0 11.81 0 -0.0158643 -0.000419609 0 0 8.39218e-05 0.0085602 0 0.0085602 0.0085602 
3.812 2 1 2 0 0.0922 0.1010 0.3115 -0.0170 0.010364 0.029310 0.0072 1 2.3631 1  1813 2649 3116 3403 3484 3467 3376 2540  1 1 1 1.77 0 5 1.00 4 6 0 11.81 0 0.00717871 0.0267166 0 0 -0.00534331 0.00440415 0 0.00440415 0.00440415 
3.827 2 1 2 0 0.1011 0.1058 0.3125 -0.0169 0.012955 0.029046 0.0171 1 2.4142 1  1808 2628 3124 3413 3484 3483 3382 2567  1 1 1 1.89 0 5 1.00 4 6 0 11.82 0 0.0171468 0.0254672 0 0 -0.00509343 0.00230759 0 0.00230759 0.00230759 
3.842 2 1 2 0 0.1225 0.1108 0.3137 -0.0169 0.018138 0.030307 0.0643 1 2.4250 1  1804 2602 3101 3387 3481 3477 3378 2572  1 1 1 1.78 0 5 1.00 4 6 0 11.81 0 0.0642703 0.106146 0 0 -0.0212293 -0.00584674 0 -0.00584674 -0.00584674 
3.857 2 1 2 0 0.1226 0.1222 0.3147 -0.0169 0.020729 0.032544 0.0197 1 2.4782 1  1816 2609 3145 3409 3503 3497 3393 2589  1 1 1 2.07 0 5 1.00 4 6 0 11.81 0 0.0197136 0.0126046 0 0 -0.00252093 -0.000195838 0 -0.000195838 -0.000195838 
3.872 2 1 2 0 0.1214 0.1136 0.3161 -0.0169 0.023320 0.032423 0.0410 1 2.5221 1  1806 2595 3111 3406 3500 3484 3394 2610  1 1 1 2.14 0 5 1.00 4 6 0 11.81 0 0.041003 0.0429269 0 0 -0.00858538 -0.00390579 0 -0.00390579 -0.00390579 
3.887 2 1 2 0 0.1160 0.1048 0.3173 -0.0168 0.023320 0.032249 0.0468 1 2.5606 1  1813 2585 3086 3412 3499 3491 3404 2625  1 1 1 2.24 0 5 1.00 4 6 0 11.81 0 0.0468009 0.0513881 0 0 -0.0102776 -0.00558156 0 -0.00558156 -0.00558156 
3.902 2 1 2 0 0.1426 0.1285 0.3185 -0.0168 0.028502 0.033469 0.0493 1 2.6144 1  1833 2582 3075 3405 3501 3486 3399 2645  1 1 1 2.39 0 5 1.00 4 6 0 11.80 0 0.0492507 0.0665189 0 0 -0.0133038 -0.00708315 0 -0.00708315 -0.00708315 
3.917 2 1 2 0 0.1218 0.1074 0.3197 -0.0168 0.028502 0.032866 0.0564 1 2.6378 1  1818 2569 3076 3407 3492 3500 3404 2651  1 1 1 2.44 0 5 1.00 4 6 0 11.80 0 0.0563845 0.0357523 0 0 -0.00715047 -0.00721664 0 -0.00721664 -0.00721664 
3.932 2 1 2 0 0.1196 0.1078 0.3211 -0.0167 0.031093 0.031971 0.0432 1 2.6505 1  1827 2570 3054 3410 3484 3484 3409 2654  1 1 1 2.52 0 5 1.00 4 6 0 11.80 0 0.043221 0.00287712 0 0 -0.000575425 -0.00588824 0 -0.00588824 -0.00588824 
3.947 2 1 2 0 0.1493 0.1252 0.3223 -0.0167 0.031093 0.033611 0.0810 1 2.6677 1  1834 2578 3064 3378 3484 3484 3391 2669  1 1 1 2.46 0 5 1.00 4 6 0 11.80 0 0.0809595 0.0603634 0 0 -0.0120727 -0.0120201 0 -0.0120201 -0.0120201 
3.962 2 1 2 0 0.1510 0.1120 0.3237 -0.0167 0.033684 0.033507 0.1108 1 2.6706 1  1848 2581 3066 3356 3485 3479 3396 2673  1 1 1 2.38 0 5 1.00 4 6 0 11.80 0 0.110778 0.171238 0 0 -0.0342476 -0.0195104 0 -0.0195104 -0.0195104 
3.977 2 1 2 0 0.1478 0.1181 0.3253 -0.0166 0.033684 0.033632 0.0831 1 2.6708 1  1836 2596 3071 3388 3483 3485 3432 2672  1 1 1 2.46 0 5 1.00 4 6 0 11.80 0 0.0830612 0.0919502 0 0 -0.01839 -0.0148083 0 -0.0148083 -0.0148083 
3.992 2 1 2 0 0.1438 0.1125 0.3267 -0.0166 0.031093 0.033131 0.0882 1 2.6721 1  1827 2583 3062 3392 3485 3486 3409 2673  1 1 1 2.45 0 5 1.00 4 6 0 11.81 0 0.0882339 0.0965251 0 0 -0.019305 -0.0156693 0 -0.0156693 -0.0156693 
4.007 2 1 2 0 0.1514 0.1261 0.3283 -0.0165 0.031093 0.033221 0.0683 1 2.6749 1  1848 2578 3053 3391 3492 3494 3429 2682  1 1 1 2.52 0 5 1.00 4 6 0 11.81 0 0.0682918 0.0462314 0 0 -0.00924627 -0.0126555 0 -0.0126555 -0.0126555 
4.022 2 1 2 0 0.1437 0.1175 0.3299 -0.0165 0.031093 0.033205 0.0759 1 2.6834 1  1831 2556 3044 3404 3503 3499 3412 2693  1 1 1 2.52 0 5 1.00 4 6 0 11.82 0 0.0759369 0.0348823 0 0 -0.00697646 -0.0131188 0 -0.0131188 -0.0131188 
4.037 2 1 2 0 0.1608 0.1288 0.3313 -0.0164 0.033684 0.033028 0.0862 1 2.6919 1  1806 2529 3018 3396 3502 3498 3422 2712  1 1 1 2.52 0 5 1.00 4 6 0 11.81 0 0.0862311 0.0769812 0 0 -0.0153962 -0.0160333 0 -0.0160333 -0.0160333 
4.052 2 1 2 0 0.1782 0.1403 0.3329 -0.0164 0.028502 0.033992 0.1057 1 2.7018 1  1819 2508 3020 3392 3496 3501 3420 2732  1 1 1 2.49 0 5 1.00 4 6 0 11.81 0 0.105714 0.100353 0 0 -0.0200706 -0.0189334 0 -0.0189334 -0.0189334 
4.067 2 1 2 0 0.1687 0.1194 0.3345 -0.0163 0.028502 0.032841 0.1370 1 2.6971 1  1808 2531 3008 3375 3483 3496 3421 2714  1 1 1 2.38 0 5 1.00 4 6 0 11.81 0 0.137044 0.172471 0 0 -0.0344942 -0.024626 0 -0.024626 -0.024626 
4.082 2 1 2 0 0.1747 0.1297 0.3365 -0.0163 0.028502 0.032289 0.1216 1 2.7086 1  1814 2506 3006 3385 3501 3500 3422 2736  1 1 1 2.46 0 5 1.00 4 6 0 11.81 0 0.121642 0.135098 0 0 -0.0270196 -0.0224999 0 -0.0224999 -0.0224999 
4.097 2 1 2 0 0.1709 0.1321 0.3380 -0.0162 0.025911 0.031606 0.1061 1 2.7069 1  1818 2517 3006 3394 3504 3507 3436 2741  1 1 1 2.50 0 5 1.00 4 6 0 11.81 0 0.106099 0.0752034 0 0 -0.0150407 -0.0194168 0 -0.0194168 -0.0194168 
4.112 2 1 2 0 0.1815 0.1412 0.3400 -0.0162 0.020729 0.031878 0.1026 1 2.6908 1  1836 2546 3012 3390 3501 3504 3435 2698  1 1 1 2.46 0 5 1.00 4 6 0 11.81 0 0.10256 0.0925923 0 0 -0.0185185 -0.020142 0 -0.020142 -0.020142 
4.127 2 1 2 0 0.1847 0.1413 0.3420 -0.0161 0.020729 0.030710 0.1100 1 2.6995 1  1857 2533 3013 3384 3497 3501 3422 2718  1 1 1 2.47 0 5 1.00 4 6 0 11.81 0 0.11002 0.114372 0 0 -0.0228743 -0.0217086 0 -0.0217086 -0.0217086 
4.142 2 1 2 0 0.1740 0.1256 0.3440 -0.0161 0.020729 0.028680 0.1203 1 2.6919 1  1860 2549 3006 3364 3442 3446 3378 2693  1 1 1 2.41 0 5 0.99 4 6 0 11.80 0 0.12034 0.156431 0 0 -0.0312862 -0.0242098 0 -0.0242098 -0.0242098 
4.157 2 1 2 0 0.1785 0.1358 0.3458 -0.0160 0.018138 0.028151 0.1039 1 2.6976 1  1882 2591 3052 3373 3504 3498 3422 2708  1 1 1 2.48 0 5 1.00 4 6 0 11.81 0 0.103888 0.116344 0 0 -0.0232688 -0.0213378 0 -0.0213378 -0.0213378 
4.172 2 1 2 0 0.2068 0.1614 0.3480 -0.0160 0.015547 0.028828 0.1138 1 2.6998 1  1902 2594 3034 3372 3497 3464 3421 2729  1 1 1 2.46 0 5 1.00 4 6 0 11.81 0 0.113834 0.137124 0 0 -0.0274249 -0.0227307 0 -0.0227307 -0.0227307 
4.187 2 1 2 0 0.1755 0.1352 0.3500 -0.0160 0.015547 0.027657 0.1037 1 2.6952 1  1908 2604 3056 3376 3478 3479 3423 2712  1 1 1 2.47 0 5 1.00 4 6 0 11.81 0 0.103698 0.090711 0 0 -0.0181422 -0.0201469 0 -0.0201469 -0.0201469 
4.202 2 1 2 0 0.1893 0.1385 0.3520 -0.0159 0.015547 0.026994 0.1368 1 2.6956 1  1916 2602 3022 3354 3484 3491 3418 2711  1 1 1 2.38 0 5 1.00 4 6 0 11.81 0 0.136763 0.1538 0 0 -0.0307599 -0.0254017 0 -0.0254017 -0.0254017 
4.217 2 1 2 0 0.2138 0.1586 0.3540 -0.0159 0.010364 0.027390 0.1513 1 2.6998 1  1927 2608 3006 3352 3481 3475 3412 2724  1 1 1 2.34 0 5 1.00 4 6 0 11.81 0 0.151347 0.168778 0 0 -0.0337556 -0.0275787 0 -0.0275787 -0.0275787 
4.232 2 1 2 0 0.1946 0.1408 0.3560 -0.0159 0.010364 0.026230 0.1478 1 2.6965 1  1935 2620 3012 3351 3477 3518 3419 2719  1 1 1 2.35 0 5 1.00 4 6 0 11.80 0 0.147809 0.141114 0 0 -0.0282228 -0.0268794 0 -0.0268794 -0.0268794 
4.247 2 1 2 0 0.2045 0.1402 0.3582 -0.0159 0.007773 0.025572 0.1746 1 2.6917 1  1929 2612 3017 3336 3466 3479 3396 2703  1 1 1 2.25 0 5 0.99 4 6 0 11.80 0 0.174642 0.206981 0 0 -0.0413962 -0.0321295 0 -0.0321295 -0.0321295 
4.262 2 1 2 0 0.2038 0.1428 0.3604 -0.0159 0.005182 0.024767 0.1574 1 2.6882 1  1940 2622 3025 3340 3477 3471 3399 2702  1 1 1 2.29 0 5 1.00 4 6 0 11.80 0 0.157416 0.185073 0 0 -0.0370146 -0.0304849 0 -0.0304849 -0.0304849 
4.277 2 1 2 0 0.2182 0.1617 0.3628 -0.0158 -0.000000 0.024316 0.1439 1 2.6836 1  1929 2616 3016 3354 3491 3486 3397 2697  1 1 1 2.32 0 5 1.00 4 6 0 11.80 0 0.143918 0.15159 0 0 -0.0303179 -0.0282471 0 -0.0282471 -0.0282471 
4.292 2 1 2 0 0.1993 0.1389 0.3651 -0.0158 -0.002591 0.022560 0.1556 1 2.6736 1  1913 2606 3010 3347 3481 3499 3399 2681  1 1 1 2.25 0 5 1.00 4 6 0 11.81 0 0.155612 0.178793 0 0 -0.0357586 -0.030228 0 -0.030228 -0.030228 
4.307 2 1 2 0 0.1926 0.1528 0.3673 -0.0159 -0.005182 0.021207 0.0885 1 2.6688 1  1912 2597 3025 3388 3499 3506 3411 2672  1 1 1 2.44 0 5 1.00 4 6 0 11.81 0 0.0885472 0.0456025 0 0 -0.0091205 -0.0198786 0 -0.0198786 -0.0198786 
4.322 2 1 2 0 0.2316 0.1807 0.3697 -0.0159 -0.010365 0.022147 0.1235 1 2.6689 1  1887 2590 3023 3363 3491 3473 3393 2673  1 1 1 2.34 0 5 1.00 4 6 0 11.80 0 0.123452 0.131046 0 0 -0.0262093 -0.0254896 0 -0.0254896 -0.0254896 
4.337 2 1 2 0 0.1843 0.1577 0.3719 -0.0159 -0.012956 0.020816 0.0514 1 2.6679 1  1889 2593 3027 3405 3497 3499 3392 2672  1 1 1 2.55 0 5 1.00 4 6 0 11.81 0 0.0514146 -0.033746 0 0 0.0067492 -0.0133089 0 -0.0133089 -0.0133089 
4.352 2 1 2 0 0.2027 0.1501 0.3743 -0.0159 -0.012956 0.018989 0.1352 1 2.6622 1  1869 2577 3020 3373 3483 3478 3405 2658  1 1 1 2.28 0 5 1.00 4 6 0 11.81 0 0.135168 0.145954 0 0 -0.0291908 -0.0263136 0 -0.0263136 -0.0263136 
4.367 2 1 2 0 0.2180 0.1695 0.3767 -0.0160 -0.018138 0.019614 0.1211 1 2.6654 1  1863 2574 3022 3384 3486 3484 3389 2668  1 1 1 2.33 0 5 1.00 4 6 0 11.81 0 0.121116 0.120812 0 0 -0.0241625 -0.0242822 0 -0.0242822 -0.0242822 
4.382 2 1 2 0 0.2017 0.1380 0.3789 -0.0160 -0.020729 0.017335 0.1702 1 2.6136 1  1806 2535 3008 3343 3479 3475 3396 2649  1 1 1 2.03 0 5 0.99 4 6 0 11.81 0 0.170157 0.213359 0 0 -0.0426719 -0.0318606 0 -0.0318606 -0.0318606 
4.397 2 1 2 0 0.2091 0.1436 0.3813 -0.0161 -0.025911 0.015887 0.1872 1 2.5926 1  1802 2501 2975 3355 3485 3483 3402 2635  1 1 1 1.92 0 5 1.00 4 6 0 11.81 0 0.187209 0.18507 0 0 -0.0370141 -0.0327685 0 -0.0327685 -0.0327685 
4.412 2 1 2 0 0.2351 0.1653 0.3839 -0.0161 -0.033685 0.016544 0.2029 1 2.5714 1  1793 2514 2964 3344 3479 3472 3373 2631  1 1 1 1.80 0 5 1.00 4 6 0 11.81 0 0.202923 0.179074 0 0 -0.0358149 -0.0349177 0 -0.0349177 -0.0349177 
4.427 2 1 2 0 0.2231 0.1469 0.3863 -0.0162 -0.038867 0.015363 0.2137 1 2.5527 1  1781 2496 2966 3344 3464 3478 3387 2631  1 1 1 1.72 0 5 0.99 4 6 0 11.82 0 0.213723 0.207053 0 0 -0.0414107 -0.0380771 0 -0.0380771 -0.0380771 
4.442 2 1 2 0 0.2278 0.1560 0.3887 -0.0163 -0.044049 0.014220 0.1920 1 2.4748 1  1784 2504 2977 3352 3454 3470 3375 2599  1 1 1 1.55 0 5 0.99 4 6 0 11.81 0 0.192002 0.167681 0 0 -0.0335362 -0.0358873 0 -0.0358873 -0.0358873 
4.457 2 1 2 0 0.2144 0.1499 0.3914 -0.0164 -0.051823 0.014255 0.1610 1 2.4736 1  1788 2520 3006 3360 3498 3479 3381 2595  1 1 1 1.64 0 5 0.99 4 6 0 11.81 0 0.16098 0.121754 0 0 -0.0243509 -0.0322328 0 -0.0322328 -0.0322328 
4.472 2 1 2 0 0.2093 0.1503 0.3938 -0.0166 -0.051823 0.012645 0.1331 1 2.4256 1  1777 2521 3039 3374 3465 3472 3374 2572  1 1 1 1.58 0 5 0.99 4 6 0 11.81 0 0.13313 0.110441 0 0 -0.0220883 -0.0295028 0 -0.0295028 -0.0295028 
4.487 2 1 2 0 0.2145 0.1675 0.3964 -0.0167 -0.059596 0.012639 0.0944 1 2.4081 1  1774 2552 3050 3397 3484 3487 3372 2568  1 1 1 1.64 0 5 0.99 4 6 0 11.81 0 0.0943622 0.0536817 0 0 -0.0107363 -0.0235034 0 -0.0235034 -0.0235034 
4.502 2 1 2 0 0.2008 0.1514 0.3988 -0.0169 -0.064778 0.011760 0.1008 1 2.3742 1  1770 2549 3066 3384 3500 3469 3367 2546  1 1 1 1.52 0 5 0.99 4 6 0 11.81 0 0.100847 0.0961182 0 0 -0.0192236 -0.0246958 0 -0.0246958 -0.0246958 
4.517 2 1 2 0 0.1949 0.1560 0.4014 -0.0170 -0.067369 0.011338 0.0678 1 2.3448 1  1761 2554 3068 3402 3494 3469 3368 2529  1 1 1 1.53 0 5 0.99 4 6 0 11.82 0 0.0678478 0.0575157 0 0 -0.0115031 -0.0194872 0 -0.0194872 -0.0194872 
4.532 2 1 2 0 0.2039 0.1717 0.4038 -0.0172 -0.072552 0.011550 0.0517 1 2.3380 1  1766 2579 3089 3404 3495 3465 3360 2525  1 1 1 1.56 0 5 0.99 4 6 0 11.81 0 0.0517118 0.0368064 0 0 -0.00736128 -0.0160725 0 -0.0160725 -0.0160725 
4.547 2 1 2 0 0.1941 0.1758 0.4062 -0.0174 -0.077734 0.011785 0.0119 1 2.3339 1  1770 2592 3100 3424 3498 3483 3369 2519  1 1 1 1.66 0 5 0.99 4 6 0 11.81 0 0.0118906 -0.0282257 0 0 0.00564515 -0.00913698 0 -0.00913698 -0.00913698 
4.562 2 1 2 0 0.1938 0.1827 0.4090 -0.0176 -0.077734 0.012397 -0.0070 1 2.3385 1  1768 2602 3131 3430 3497 3492 3363 2527  1 1 1 1.74 0 5 0.99 3 6 0 11.81 0 -0.00697033 -0.0445434 0 0 0.00890869 -0.00554602 0 -0.00554602 -0.00554602 
4.577 2 1 2 0 0.1962 0.1902 0.4116 -0.0178 -0.080325 0.012936 -0.0187 1 2.3276 1  1781 2619 3121 3433 3495 3474 3369 2516  1 1 1 1.74 0 5 0.99 3 6 0 11.80 0 -0.0186699 -0.0468811 0 0 0.00937622 -0.00301064 0 -0.00301064 -0.00301064 
4.592 2 1 2 0 0.1916 0.1835 0.4140 -0.0180 -0.080325 0.013638 -0.0005 1 2.3088 1  1790 2627 3150 3426 3488 3477 3365 2505  1 1 1 1.63 0 5 0.99 4 6 0 11.80 0 -0.000500832 -0.0173188 0 0 0.00346376 -0.00405155 0 -0.00405155 -0.00405155 
4.607 2 1 2 0 0.1877 0.1885 0.4164 -0.0182 -0.080325 0.014234 -0.0296 1 2.2878 1  1778 2644 3166 3429 3497 3470 3358 2494  1 1 1 1.65 0 5 0.99 3 6 0 11.80 0 -0.0295849 -0.0477477 0 0 0.00954954 0.000430217 0 0.000430217 0.000430217 
4.622 2 1 2 0 0.1999 0.2085 0.4192 -0.0184 -0.080325 0.015786 -0.0528 1 2.2565 1  1803 2660 3163 3441 3494 3470 3346 2479  1 1 1 1.63 0 5 0.99 3 6 0 11.80 0 -0.0527609 -0.0660059 0 0 0.0132012 0.00430924 0 0.00430924 0.00430924 
4.637 2 1 2 0 0.1805 0.2080 0.4218 -0.0186 -0.077734 0.015666 -0.0988 1 2.2612 1  1828 2673 3176 3462 3501 3487 3358 2472  1 1 1 1.78 0 5 0.99 3 6 0 11.81 0 -0.0988139 -0.180271 0 0 0.0360542 0.013752 0 0.013752 0.013752 
4.652 2 1 2 0 0.1926 0.2074 0.4244 -0.0188 -0.075143 0.015307 -0.0588 1 2.2248 1  1827 2674 3166 3424 3481 3465 3324 2451  1 1 1 1.55 0 5 0.99 3 5 0 11.80 0 -0.058787 -0.0653166 0 0 0.0130633 0.00738226 0 0.00738226 0.00738226 
4.667 2 1 2 0 0.1906 0.2138 0.4272 -0.0190 -0.075143 0.014921 -0.0803 1 2.2322 1  1858 2681 3186 3437 3490 3475 3336 2461  1 1 1 1.64 0 5 0.99 3 5 0 11.80 0 -0.0803025 -0.111678 0 0 0.0223355 0.0116184 0 0.0116184 0.0116184 
4.682 2 1 2 0 0.2017 0.2043 0.4300 -0.0192 -0.069960 0.014504 -0.0094 1 2.2437 1  1835 2680 3175 3410 3489 3467 3349 2458  1 1 1 1.46 0 5 1.00 4 5 0 11.80 0 -0.00942122 0.0323085 0 0 -0.0064617 0.00128731 0 0.00128731 0.00128731 
4.697 2 1 2 0 0.1875 0.1976 0.4326 -0.0194 -0.067369 0.012834 -0.0340 1 2.2299 1  1828 2680 3177 3419 3491 3470 3341 2449  1 1 1 1.49 0 5 0.98 3 6 0 11.81 0 -0.0340353 -0.00637396 0 0 0.00127479 0.00504939 0 0.00504939 0.00504939 
4.712 2 1 2 0 0.1980 0.2242 0.4354 -0.0196 -0.067369 0.013204 -0.0755 1 2.2355 1  1835 2686 3173 3441 3491 3470 3343 2450  1 1 1 1.63 0 5 0.99 3 6 0 11.81 0 -0.0754748 -0.120967 0 0 0.0241935 0.0131113 0 0.0131113 0.0131113 
4.727 2 1 2 0 0.1976 0.2190 0.4382 -0.0198 -0.062187 0.013644 -0.0606 1 2.2163 1  1828 2664 3179 3440 3486 3457 3345 2447  1 1 1 1.53 0 5 0.99 3 5 0 11.81 0 -0.0605821 -0.0780796 0 0 0.0156159 0.0107276 0 0.0107276 0.0107276 
4.742 2 1 2 0 0.1937 0.2159 0.4408 -0.0200 -0.059596 0.012663 -0.0712 1 2.2112 1  1832 2689 3186 3429 3486 3472 3332 2431  1 1 1 1.55 0 5 0.98 3 6 0 11.81 0 -0.0712424 -0.0569283 0 0 0.0113857 0.0111045 0 0.0111045 0.0111045 
4.757 2 1 2 0 0.2100 0.2256 0.4438 -0.0201 -0.057005 0.013770 -0.0405 1 2.2124 1  1815 2695 3176 3423 3485 3463 3328 2453  1 1 1 1.46 0 5 0.98 3 6 0 11.81 0 -0.0405313 -0.0176546 0 0 0.00353092 0.00779695 0 0.00779695 0.00779695 
4.772 2 1 2 0 0.2003 0.2237 0.4466 -0.0203 -0.051823 0.012163 -0.0616 1 2.2249 1  1826 2684 3178 3430 3498 3471 3346 2447  1 1 1 1.56 0 5 0.99 3 6 0 11.81 0 -0.0615885 -0.073083 0 0 0.0146166 0.0116887 0 0.0116887 0.0116887 
4.787 2 1 2 0 0.2021 0.2284 0.4495 -0.0204 -0.046640 0.011476 -0.0721 1 2.2277 1  1833 2686 3186 3439 3490 3480 3341 2456  1 1 1 1.60 0 5 0.99 3 6 0 11.82 0 -0.0720647 -0.087671 0 0 0.0175342 0.0131668 0 0.0131668 0.0131668 
4.802 2 1 2 0 0.2053 0.2353 0.4523 -0.0206 -0.046640 0.011417 -0.0850 1 2.2015 1  1856 2698 3192 3441 3508 3474 3339 2418  1 1 1 1.56 0 5 0.99 3 6 0 11.81 0 -0.0850473 -0.0993614 0 0 0.0198723 0.0150068 0 0.0150068 0.0150068 
4.817 2 1 2 0 0.1944 0.2381 0.4553 -0.0207 -0.038867 0.010025 -0.1304 1 2.2092 1  1877 2743 3209 3444 3505 3481 3347 2434  1 1 1 1.72 0 5 1.00 3 5 0 11.81 0 -0.130411 -0.169413 0 0 0.0338827 0.0218179 0 0.0218179 0.0218179 
4.832 2 1 2 0 0.1938 0.2364 0.4581 -0.0208 -0.033685 0.009196 -0.1231 1 2.2007 1  1886 2737 3208 3447 3501 3470 3334 2428  1 1 1 1.67 0 5 0.99 3 5 0 11.81 0 -0.123067 -0.149212 0 0 0.0298424 0.021329 0 0.021329 0.021329 
4.847 2 1 2 0 0.2064 0.2513 0.4611 -0.0209 -0.031094 0.009508 -0.1290 1 2.1932 1  1879 2746 3212 3443 3486 3482 3340 2407  1 1 1 1.67 0 5 0.99 3 5 0 11.81 0 -0.128973 -0.146236 0 0 0.0292472 0.0224594 0 0.0224594 0.0224594 
4.862 2 1 2 0 0.2065 0.2315 0.4643 -0.0210 -0.025911 0.008578 -0.0623 1 2.2083 1  1871 2723 3190 3416 3485 3462 3335 2430  1 1 1 1.51 0 5 0.99 3 5 0 11.81 0 -0.0622738 -0.00547889 0 0 0.00109578 0.012481 0 0.012481 0.012481 
4.877 2 1 2 0 0.2086 0.2347 0.4671 -0.0210 -0.020729 0.006809 -0.0494 1 2.2159 1  1857 2686 3167 3426 3492 3474 3335 2451  1 1 1 1.49 0 5 0.98 3 6 0 11.81 0 -0.0494084 -0.0499645 0 0 0.00999291 0.0130372 0 0.0130372 0.0130372 
4.892 2 1 2 0 0.2100 0.2313 0.4701 -0.0211 -0.012956 0.005681 -0.0345 1 2.2216 1  1857 2674 3166 3411 3468 3450 3338 2462  1 1 1 1.47 0 5 0.98 3 5 0 11.80 0 -0.0344831 -0.0374231 0 0 0.00748462 0.0106355 0 0.0106355 0.0106355 
4.907 2 1 2 0 0.2079 0.2198 0.4731 -0.0211 -0.010365 0.004731 -0.0056 1 2.2425 1  1842 2679 3148 3413 3497 3465 3336 2477  1 1 1 1.44 0 5 0.99 4 6 0 11.81 0 -0.00559648 -0.00158611 0 0 0.000317222 0.00596766 0 0.00596766 0.00596766 
4.922 2 1 2 0 0.2022 0.2102 0.4759 -0.0212 -0.005182 0.003495 -0.0032 1 2.2436 1  1823 2685 3129 3399 3482 3443 3342 2470  1 1 1 1.44 0 5 0.99 4 5 0 11.81 0 -0.00316263 0.0182837 0 0 -0.00365674 0.00401117 0 0.00401117 0.00401117 
4.937 2 1 2 0 0.2217 0.2224 0.4792 -0.0212 -0.005182 0.004061 0.0167 1 2.2365 1  1837 2661 3133 3395 3473 3459 3339 2467  1 1 1 1.36 0 5 0.99 4 5 0 11.81 0 0.0166604 0.0510575 0 0 -0.0102115 0.000385644 0 0.000385644 0.000385644 
4.952 2 1 2 0 0.2124 0.2179 0.4818 -0.0212 -0.002591 0.003910 0.0014 1 2.2373 1  1831 2675 3115 3398 3472 3459 3336 2464  1 1 1 1.41 0 5 0.99 4 5 0 11.81 0 0.00141226 -0.00215091 0 0 0.000430182 0.00274579 0 0.00274579 0.00274579 
4.967 2 1 2 0 0.2086 0.2235 0.4846 -0.0212 0.002591 0.003417 -0.0297 1 2.2239 1  1882 2680 3157 3425 3482 3474 3341 2461  1 1 1 1.46 0 5 1.00 4 5 0 11.80 0 -0.0296882 -0.0772681 0 0 0.0154536 0.0074527 0 0.0074527 0.0074527 
4.982 2 1 2 0 0.2215 0.2350 0.4878 -0.0212 0.002591 0.005038 -0.0387 1 2.2281 1  1884 2700 3167 3414 3487 3469 3335 2461  1 1 1 1.50 0 5 1.00 4 5 0 11.79 0 -0.038744 -0.0490173 0 0 0.00980345 0.00676476 0 0.00676476 0.00676476 
4.997 2 1 2 0 0.2125 0.2295 0.4906 -0.0212 0.007773 0.004649 -0.0572 1 2.2189 1  1914 2709 3174 3420 3483 3455 3332 2458  1 1 1 1.53 0 5 1.00 4 5 0 11.79 0 -0.057243 -0.0491991 0 0 0.00983982 0.00851817 0 0.00851817 0.00851817 
5.012 2 1 2 0 0.2028 0.2309 0.4936 -0.0211 0.010364 0.004467 -0.0851 1 2.2390 1  1909 2725 3190 3428 3489 3467 3337 2458  1 1 1 1.67 0 5 0.99 3 6 0 11.78 0 -0.0851281 -0.117646 0 0 0.0235292 0.0140311 0 0.0140311 0.0140311 
5.027 2 1 2 0 0.2033 0.2361 0.4966 -0.0211 0.012955 0.005393 -0.0992 1 2.2424 1  1906 2736 3196 3432 3490 3462 3340 2474  1 1 1 1.72 0 5 0.99 3 5 0 11.80 0 -0.0992335 -0.129408 0 0 0.0258816 0.0164235 0 0.0164235 0.0164235 
5.042 2 1 2 0 0.2044 0.2366 0.4994 -0.0211 0.018138 0.004904 -0.1017 1 2.2676 1  1907 2740 3195 3419 3484 3465 3343 2488  1 1 1 1.81 0 5 0.99 3 6 0 11.81 0 -0.101725 -0.0956094 0 0 0.0191219 0.0160806 0 0.0160806 0.0160806 
5.057 2 1 2 0 0.2084 0.2425 0.5025 -0.0210 0.020729 0.004344 -0.0952 1 2.2872 1  1898 2750 3196 3427 3491 3480 3343 2505  1 1 1 1.85 0 5 0.98 3 6 0 11.81 0 -0.0952406 -0.112306 0 0 0.0224611 0.0170737 0 0.0170737 0.0170737 
5.072 2 1 2 0 0.2136 0.2496 0.5055 -0.0209 0.028502 0.004988 -0.1064 1 2.3126 1  1937 2724 3193 3422 3492 3478 3323 2528  1 1 1 1.96 0 5 0.99 3 5 0 11.80 0 -0.10637 -0.105448 0 0 0.0210897 0.0180188 0 0.0180188 0.0180188 
5.087 2 1 2 0 0.1992 0.2357 0.5083 -0.0208 0.033684 0.003836 -0.0945 1 2.3547 1  1935 2749 3193 3430 3487 3475 3376 2535  1 1 1 2.05 0 5 0.99 3 6 0 11.78 0 -0.0945466 -0.120849 0 0 0.0241697 0.0182663 0 0.0182663 0.0182663 
5.102 2 1 2 0 0.2180 0.2514 0.5115 -0.0207 0.038867 0.002713 -0.0900 1 2.3760 1  1951 2772 3195 3412 3496 3468 3367 2552  1 1 1 2.10 0 5 0.99 3 6 0 11.81 0 -0.0899558 -0.0807125 0 0 0.0161425 0.0166947 0 0.0166947 0.0166947 
5.117 2 1 2 0 0.1965 0.2462 0.5145 -0.0206 0.046640 0.002602 -0.1387 1 2.3801 1  1976 2788 3197 3426 3495 3474 3360 2558  1 1 1 2.26 0 5 0.99 3 6 0 11.81 0 -0.138663 -0.18231 0 0 0.0364619 0.0248555 0 0.0248555 0.0248555 
5.132 2 1 2 0 0.2066 0.2534 0.5175 -0.0204 0.054413 0.001872 -0.1269 1 2.3901 1  2014 2806 3194 3418 3497 3475 3360 2562  1 1 1 2.25 0 5 0.99 3 6 0 11.81 0 -0.126895 -0.154091 0 0 0.0308181 0.0234161 0 0.0234161 0.0234161 
5.147 2 1 2 0 0.1938 0.2364 0.5203 -0.0203 0.059596 -0.000118 -0.1201 1 2.3737 1  2038 2770 3187 3416 3460 3470 3364 2568  1 1 1 2.18 0 5 0.99 4 6 0 11.81 0 -0.120095 -0.104197 0 0 0.0208394 0.0212994 0 0.0212994 0.0212994 
