%% logfile from robot Alma (11)
% Alma (11)
%  1    time 1.512 sec
%  2  3  4  5   (mission 0), state 2, entered (thread 1, line 1), events 0x0 (bit-flags)
%  6  7 Motor velocity ref left, right: -0.0182 -0.0403
%  8  9 10 11 Pose x,y,h,tilt [m,m,rad,rad]: 0.00582352 1.69106e-05 0.00259112 -0.00932569
% 12 .. 35 Edge sensor: left 0.000000 0, right 0.000000 0, values 2676 2982 2823 2568 2532 2446 2201 1568, 
%    white 1, used 1, LEDhigh=1, xingVal=0.00 xlcnt=0 lvcnt=0,LineVal=1.00, lineLow=-1, lineHi=-1, edgeAngle=0.
% whitelevel=[3006 3451 3494 3526 3547 3531 3470 2982];
% blacklevel=[1404 1879 2038 2116 2154 2097 1922 1386];
% 36    Battery voltage [V]: 12.30
1.512 2 1 1 0 -0.0182 -0.0403 0.0058 0.0000 0.002591 -0.009326 0.0000 0 0.0000 0  2676 2982 2823 2568 2532 2446 2201 1568  1 1 1 0 0 0.00 0 0 1.00 -1 -1 0 12.30 
1.527 2 1 1 0 -0.0527 -0.0458 0.0056 0.0000 0.000000 -0.010119 0.0000 0 0.0000 0  2671 2980 2823 2563 2530 2444 2224 1563  1 1 1 0 0 0.00 0 0 1.00 -1 -1 0 12.30 
1.542 2 1 1 0 -0.0468 -0.0743 0.0050 0.0000 0.002591 -0.010817 0.0000 0 0.0000 0  2672 2975 2819 2551 2522 2444 2201 1562  1 1 1 0 0 0.00 0 0 1.00 -1 -1 0 12.29 
1.557 2 1 1 0 -0.0625 -0.0524 0.0048 0.0000 0.000000 -0.007592 0.0000 0 0.0000 0  2695 2985 2815 2539 2526 2447 2217 1562  1 1 1 0 0 0.00 0 0 1.00 -1 -1 0 12.30 
1.572 2 1 1 0 -0.0810 -0.0774 0.0044 0.0000 0.000000 -0.005370 0.0000 0 0.0000 0  2674 2994 2817 2564 2547 2454 2233 1572  1 1 1 0 0 0.00 0 0 1.00 -1 -1 0 12.30 
1.587 2 1 1 0 -0.0645 -0.0725 0.0040 0.0000 0.000000 -0.002719 0.0000 0 0.0000 0  2691 2976 2807 2556 2526 2450 2194 1557  1 1 1 0 0 0.00 0 0 1.00 -1 -1 0 12.30 
1.602 2 1 1 0 -0.0659 -0.0856 0.0036 0.0000 0.000000 0.002239 0.0000 0 0.0000 0  2722 3004 2818 2566 2541 2465 2226 1574  1 1 1 0 0 0.00 0 0 1.00 -1 -1 0 12.29 
1.617 2 1 1 0 -0.1082 -0.0674 0.0028 0.0000 -0.005182 0.005305 0.0000 0 0.0000 0  2731 3001 2815 2565 2545 2476 2248 1605  1 1 1 0 0 0.00 0 0 1.00 -1 -1 0 12.30 
1.632 2 1 1 0 -0.0693 -0.0786 0.0022 0.0000 -0.002591 0.012115 0.0000 0 0.0000 0  2756 3030 2842 2583 2600 2499 2266 1627  1 1 1 0 0 0.00 0 0 1.00 -1 -1 0 12.30 
1.647 2 1 1 0 -0.0767 -0.0741 0.0014 0.0000 -0.002591 0.017247 -2.6600 1 -3.2670 1  2789 3051 2860 2595 2597 2527 2290 1638  1 1 1 0 0 -0.10 0 5 0.86 0 0 0 12.30 
1.662 2 1 1 0 -0.0339 -0.0772 0.0008 0.0000 0.000000 0.022700 -2.6600 1 -3.2648 1  2807 3079 2894 2620 2619 2561 2316 1666  1 1 1 0 0 -0.10 0 5 0.87 0 0 0 12.30 
1.677 2 1 1 0 -0.0419 -0.0391 0.0006 0.0000 -0.002591 0.029484 -2.6600 1 -3.2709 1  2852 3097 2904 2643 2653 2582 2345 1683  1 1 1 0 0 -0.10 0 5 0.90 0 0 0 12.31 
1.692 2 1 1 0 -0.0422 -0.0576 0.0002 0.0000 -0.002591 0.033961 -2.6600 1 -3.2761 1  2873 3114 2913 2655 2676 2610 2365 1699  1 1 1 0 0 -0.10 0 5 0.92 0 0 0 12.30 
1.707 2 1 1 0 -0.0522 -0.0682 -0.0002 0.0000 -0.002591 0.036851 -2.6600 1 -3.2722 1  2841 3111 2901 2636 2654 2594 2346 1692  1 1 1 0 0 -0.10 0 5 0.91 0 0 0 12.31 
1.722 2 1 1 0 -0.0790 -0.0539 -0.0008 0.0000 -0.005182 0.038180 -2.6600 1 -3.2770 1  2896 3140 2928 2670 2678 2685 2381 1720  1 1 1 0 0 -0.10 0 5 0.93 0 0 0 12.30 
1.737 2 1 1 0 -0.0174 -0.0334 -0.0010 0.0000 -0.002591 0.041844 -2.6600 1 -3.2750 1  2911 3156 2950 2682 2710 2656 2406 1731  1 1 1 0 0 -0.10 0 5 0.94 0 0 0 12.30 
1.752 2 1 1 0 -0.0049 -0.0140 -0.0010 0.0000 -0.002591 0.048134 -2.6600 1 -3.2761 1  2945 3182 2978 2713 2740 2685 2439 1755  1 1 1 0 0 -0.10 0 5 0.96 0 0 0 12.30 
1.767 2 1 1 0 0.0153 0.0096 -0.0010 0.0000 -0.002591 0.053828 -2.6600 1 -3.2777 1  2973 3205 3000 2738 2768 2709 2465 1777  1 1 1 0 0 -0.10 0 5 0.98 0 0 0 12.30 
1.782 2 1 1 0 0.0376 0.0337 -0.0010 0.0000 -0.002591 0.059592 -2.6600 1 -3.2745 1  3017 3227 3046 2767 2798 2763 2502 1805  1 1 1 0 0 -0.10 0 5 1.00 0 0 0 12.29 
1.797 2 1 1 0 0.0339 0.0309 -0.0010 0.0000 -0.002591 0.063260 -2.6600 1 -3.2706 1  3026 3237 3048 2780 2819 2760 2526 1825  1 1 1 0 0 -0.10 0 5 1.00 0 0 0 12.30 
1.812 2 1 1 0 0.0623 0.0665 -0.0006 0.0000 -0.002591 0.067312 -2.6600 1 -3.2640 1  3031 3252 3072 2798 2838 2774 2545 1843  1 1 1 0 0 -0.10 0 5 1.00 0 0 0 12.29 
1.827 2 1 1 0 0.0702 0.0810 -0.0002 0.0000 -0.002591 0.069806 -2.6600 1 -3.2602 1  3064 3260 3076 2806 2858 2792 2542 1857  1 1 1 0 0 -0.10 0 5 1.00 0 0 0 12.28 
1.842 2 1 1 0 0.1063 0.0807 0.0004 0.0000 0.000000 0.071398 -2.6600 1 -3.2566 1  3087 3265 3083 2826 2868 2800 2574 1857  1 1 1 0 0 -0.10 0 5 1.00 0 0 0 12.28 
1.857 2 1 1 0 0.1129 0.1237 0.0010 0.0000 -0.002591 0.072231 -2.6600 1 -2.6367 1  3182 3428 3208 2947 2958 2896 2624 1893  1 1 1 0 0 -0.10 0 5 0.99 0 1 0 12.29 
1.872 2 1 1 0 0.1425 0.1156 0.0020 0.0000 0.000000 0.073321 -2.6600 1 -3.2455 1  3072 3297 3114 2835 2888 2823 2590 1865  1 1 1 0 0 -0.10 0 5 1.00 0 0 0 12.28 
1.887 2 1 1 0 0.1480 0.1222 0.0032 0.0000 0.000000 0.073346 -2.6600 1 -3.2440 1  3067 3287 3118 2847 2882 2833 2589 1859  1 1 1 0 0 -0.10 0 5 1.00 0 0 0 12.29 
1.902 2 1 1 0 0.1694 0.1472 0.0048 0.0000 0.000000 0.071213 -2.6600 1 -3.2394 1  3082 3294 3130 2861 2886 2827 2611 1862  1 1 1 0 0 -0.10 0 5 1.00 0 0 0 12.29 
1.917 2 1 1 0 0.1961 0.1477 0.0062 0.0000 0.002591 0.069239 -2.6600 1 -3.2291 1  3055 3298 3148 2903 2925 2845 2612 1871  1 1 1 0 0 -0.10 0 5 1.00 0 0 0 12.30 
1.932 2 1 1 0 0.1854 0.1472 0.0078 0.0000 0.002591 0.065306 -2.6600 1 -3.2236 1  3070 3306 3158 2929 2937 2869 2631 1855  1 1 1 0 0 -0.10 0 5 1.00 0 0 0 12.29 
1.947 2 1 1 0 0.1946 0.1629 0.0098 0.0000 0.002591 0.062210 -2.6600 1 -3.2152 1  3060 3277 3168 2927 2927 2882 2629 1886  1 1 1 0 0 -0.10 0 5 1.00 0 0 0 12.30 
1.962 2 1 1 0 0.2021 0.1686 0.0118 0.0000 0.002591 0.059296 -2.6600 1 -3.2058 1  3066 3289 3181 2962 2932 2913 2660 1903  1 1 1 0 0 -0.10 0 5 1.00 0 0 0 12.30 
1.977 2 1 1 0 0.2015 0.1639 0.0139 0.0000 0.002591 0.055234 -2.6600 1 -3.2026 1  3052 3315 3186 2962 3001 2945 2701 1935  1 1 1 0 0 -0.10 0 5 1.00 0 0 0 12.30 
1.992 2 1 1 0 0.1806 0.1853 0.0161 0.0000 0.000000 0.051209 -2.6600 1 -3.2030 1  3047 3287 3190 2974 3009 2961 2723 1945  1 1 1 0 0 -0.10 0 5 1.00 0 0 0 12.30 
2.007 2 1 1 0 0.2101 0.1774 0.0183 0.0000 0.002591 0.047483 -2.6600 1 -3.1954 1  3040 3306 3198 2978 3017 2973 2732 1982  1 1 1 0 0 -0.10 0 5 1.00 0 0 0 12.30 
2.022 2 1 1 0 0.2015 0.1978 0.0205 0.0000 0.000000 0.045591 -2.6600 1 -3.2067 1  3023 3275 3185 2966 2995 2965 2761 2003  1 1 1 0 0 -0.10 0 5 1.00 0 0 0 12.29 
2.037 2 1 1 0 0.2065 0.2081 0.0229 0.0000 0.000000 0.042545 -2.6600 1 -3.2161 1  3016 3285 3162 2955 2991 2938 2737 1980  1 1 1 0 0 -0.10 0 5 1.00 0 0 0 12.29 
2.052 2 1 1 0 0.2146 0.1868 0.0251 0.0000 0.002591 0.038981 -2.6600 1 -3.2154 1  3011 3265 3172 2958 2985 2954 2735 2036  1 1 1 0 0 -0.10 0 5 1.00 0 0 0 12.30 
2.067 2 1 1 0 0.2227 0.1956 0.0275 0.0001 0.002591 0.036971 -2.6600 1 -3.2229 1  2993 3269 3151 2939 2966 2934 2720 2012  1 1 1 0 0 -0.10 0 5 0.99 0 0 0 12.29 
2.082 2 1 1 0 0.2030 0.2188 0.0301 0.0001 0.000000 0.034092 -2.6600 1 -3.2195 1  2979 3243 3126 2923 2962 2913 2696 2019  1 1 1 0 0 -0.10 0 5 0.98 0 0 0 12.30 
2.097 2 1 1 0 0.2170 0.1998 0.0327 0.0001 0.002591 0.031189 -2.6600 1 -3.2234 1  2972 3247 3132 2902 2929 2901 2678 1985  1 1 1 0 0 -0.10 0 5 0.98 0 0 0 12.29 
2.112 2 1 1 0 0.2027 0.2207 0.0353 0.0001 0.000000 0.029106 -2.6600 1 -3.2133 1  2962 3240 3137 2900 2908 2821 2654 1957  1 1 1 0 0 -0.10 0 5 0.98 0 0 0 12.30 
2.127 2 1 1 0 0.2233 0.1960 0.0380 0.0001 0.002591 0.026360 -2.6600 1 -3.2135 1  2955 3241 3123 2891 2871 2810 2606 1943  1 1 1 0 0 -0.10 0 5 0.97 0 0 0 12.29 
2.142 2 1 1 0 0.2110 0.1877 0.0404 0.0001 0.002591 0.024122 -2.6600 1 -3.2320 1  2974 3247 3090 2860 2835 2794 2579 1920  1 1 1 0 0 -0.10 0 5 0.98 0 0 0 12.29 
2.157 2 1 1 0 0.2484 0.2284 0.0432 0.0001 0.002591 0.024017 -2.6600 1 -3.2273 1  2968 3231 3104 2815 2792 2778 2565 1900  1 1 1 0 0 -0.10 0 5 0.97 0 0 0 12.27 
2.172 2 1 1 0 0.2245 0.2034 0.0460 0.0001 0.002591 0.022338 -2.6600 1 -3.2403 1  2975 3235 3080 2771 2752 2723 2531 1875  1 1 1 0 0 -0.10 0 5 0.97 0 0 0 12.28 
2.187 2 1 1 0 0.2389 0.1815 0.0486 0.0001 0.005182 0.019515 -2.6600 1 -3.2565 1  2973 3217 3035 2746 2734 2716 2528 1855  1 1 1 0 0 -0.10 0 5 0.97 0 0 0 12.28 
2.202 2 1 1 0 0.2310 0.2085 0.0512 0.0001 0.002591 0.019341 -2.6600 1 -3.2449 1  2957 3214 3058 2744 2712 2708 2549 1860  1 1 1 0 0 -0.10 0 5 0.96 0 0 0 12.27 
2.217 2 1 1 0 0.2253 0.2021 0.0540 0.0001 0.002591 0.017562 -2.6600 1 -3.2345 1  2935 3236 3078 2759 2747 2751 2543 1886  1 1 1 0 0 -0.10 0 5 0.96 0 0 0 12.29 
2.232 2 1 1 0 0.2262 0.2008 0.0568 0.0001 0.002591 0.015939 -2.6600 1 -3.2240 1  2949 3243 3102 2822 2776 2746 2554 1897  1 1 1 0 0 -0.10 0 5 0.96 0 0 0 12.29 
2.247 2 1 1 0 0.2498 0.2208 0.0596 0.0001 0.002591 0.016793 -2.6600 1 -3.2074 1  2957 3229 3125 2837 2785 2740 2523 1900  1 1 1 0 0 -0.10 0 5 0.96 0 0 0 12.29 
2.262 2 1 1 0 0.2213 0.2268 0.0623 0.0001 0.000000 0.015923 -2.6600 1 -3.2014 1  2953 3248 3139 2832 2775 2718 2494 1873  1 1 1 0 0 -0.10 0 5 0.96 0 0 0 12.29 
2.277 2 1 1 0 0.2202 0.2313 0.0651 0.0001 0.000000 0.014949 -2.6600 1 -3.2024 1  2935 3241 3125 2807 2754 2695 2485 1845  1 1 1 0 0 -0.10 0 5 0.96 0 0 0 12.29 
2.292 2 1 1 0 0.2319 0.1998 0.0681 0.0001 0.002591 0.014118 -2.6600 1 -3.2049 1  2924 3203 3110 2796 2717 2666 2461 1827  1 1 1 0 0 -0.10 0 5 0.95 0 0 0 12.30 
2.307 2 1 1 0 0.2446 0.2101 0.0709 0.0001 0.002591 0.012800 -2.6600 1 -3.2222 1  2909 3245 3078 2717 2713 2656 2436 1803  1 1 1 0 0 -0.10 0 5 0.94 0 0 0 12.30 
2.322 2 1 1 0 0.2290 0.2345 0.0739 0.0002 0.000000 0.012230 -2.6600 1 -3.2187 1  2927 3221 3095 2754 2686 2618 2390 1786  1 1 1 0 0 -0.10 0 5 0.95 0 0 0 12.29 
2.337 2 1 1 0 0.2342 0.2005 0.0769 0.0002 0.002591 0.011502 -2.6600 1 -3.1980 1  2904 3237 3112 2790 2694 2592 2348 1725  1 1 1 0 0 -0.10 0 5 0.94 0 0 0 12.30 
2.352 2 1 1 0 0.2297 0.2020 0.0797 0.0002 0.002591 0.010997 -2.6600 1 -3.1722 1  2908 3250 3142 2833 2708 2597 2351 1737  1 1 1 0 0 -0.10 0 5 0.94 0 0 0 12.30 
2.367 2 1 1 0 0.2531 0.2622 0.0827 0.0002 0.000000 0.012992 -2.6600 1 -3.1663 1  2905 3227 3148 2864 2726 2626 2374 1739  1 1 1 0 0 -0.10 0 5 0.94 0 0 0 12.30 
2.382 2 1 1 0 0.2436 0.2161 0.0857 0.0002 0.002591 0.011789 -2.6600 1 -3.1501 1  2908 3250 3162 2873 2806 2685 2435 1764  1 1 1 0 0 -0.10 0 5 0.94 0 0 0 12.30 
2.397 2 1 1 0 0.2519 0.2333 0.0886 0.0002 0.002591 0.010927 -2.6600 1 -3.1719 1  2913 3245 3140 2886 2795 2727 2503 1797  1 1 1 0 0 -0.10 0 5 0.94 0 0 0 12.29 
2.412 2 1 1 0 0.2584 0.1988 0.0916 0.0002 0.005182 0.010826 -2.6600 1 -3.1394 1  2913 3243 3177 2892 2828 2756 2538 1844  1 1 1 0 0 -0.10 0 5 0.94 0 0 0 12.29 
2.427 2 1 1 0 0.2352 0.2183 0.0946 0.0002 0.002591 0.009347 -2.6600 1 -3.1643 1  2903 3247 3136 2877 2822 2754 2548 1880  1 1 1 0 0 -0.10 0 5 0.94 0 0 0 12.30 
2.442 2 1 1 0 0.2601 0.2419 0.0978 0.0002 0.002591 0.009755 -2.6600 1 -3.1767 1  2910 3246 3129 2874 2813 2755 2539 1854  1 1 1 0 0 -0.10 0 5 0.94 0 0 0 12.29 
2.457 2 1 1 0 0.2479 0.2284 0.1010 0.0002 0.002591 0.009332 -2.6600 1 -3.1358 1  2903 3262 3164 2864 2779 2760 2533 1846  1 1 1 0 0 -0.10 0 5 0.94 0 0 0 12.29 
2.472 2 1 1 0 0.2534 0.2368 0.1038 0.0002 0.002591 0.008423 -2.6600 1 -3.1580 1  2917 3252 3149 2865 2777 2740 2530 1862  1 1 1 0 0 -0.10 0 5 0.94 0 0 0 12.29 
2.487 2 1 2 0 0.2430 0.2430 0.1072 0.0003 0.005182 0.008077 -2.6600 1 -3.1116 1  2915 3256 3203 2881 2779 2724 2528 1867  1 1 1 0 0 -0.10 0 5 0.94 0 0 0 12.29 
2.502 2 1 2 0 0.2398 0.2398 0.1104 0.0003 0.005182 0.007215 -2.6600 1 -3.1240 1  2926 3266 3198 2911 2798 2740 2539 1870  1 1 1 0 0 -0.10 0 5 0.95 0 0 0 12.28 
2.517 2 1 2 0 0.2531 0.2531 0.1137 0.0003 0.005182 0.006728 -2.6600 1 -3.0873 1  2893 3273 3207 2935 2820 2747 2558 1873  1 1 1 0 0 -0.10 0 5 0.94 0 0 0 12.29 
2.532 2 1 2 0 0.2516 0.2516 0.1171 0.0003 0.007773 0.006446 -2.6600 1 -3.0783 1  2934 3295 3226 2966 2835 2778 2558 1872  1 1 1 0 0 -0.10 0 5 0.95 0 0 0 12.29 
2.547 2 1 2 0 0.2544 0.2544 0.1201 0.0003 0.010364 0.005474 -2.6600 1 -3.0414 1  2904 3296 3226 2961 2841 2762 2533 1871  1 1 1 0 0 -0.10 0 5 0.94 0 0 0 12.29 
2.562 2 1 2 0 0.2467 0.2467 0.1235 0.0004 0.012956 0.005076 -2.6600 1 -3.0451 1  2943 3302 3252 3004 2836 2758 2524 1862  1 1 1 0 0 -0.10 0 5 0.95 0 0 0 12.29 
2.577 2 1 2 0 0.2416 0.2416 0.1269 0.0004 0.015547 0.003704 -2.6600 1 -2.6453 1  2886 3305 3260 2985 2813 2726 2488 1850  1 1 1 0 0 -0.10 0 5 0.93 0 0 0 12.29 
2.592 2 1 2 0 0.2655 0.2655 0.1303 0.0005 0.018138 0.003852 -2.6600 1 -3.0114 1  2951 3318 3277 3017 2809 2707 2479 1838  1 1 1 0 0 -0.10 0 5 0.94 0 1 0 12.29 
2.607 2 1 2 0 0.2480 0.2480 0.1337 0.0005 0.020729 0.002941 -2.6600 1 -2.6418 1  2911 3318 3283 3000 2798 2689 2517 1837  1 1 1 0 0 -0.10 0 5 0.93 0 1 0 12.29 
2.622 2 1 2 0 0.2565 0.2565 0.1370 0.0006 0.025911 0.001921 -2.6600 1 -2.6153 1  2919 3334 3297 3009 2789 2672 2463 1818  1 1 1 0 0 -0.10 0 5 0.93 0 1 0 12.30 
2.637 2 1 2 0 0.2504 0.2504 0.1404 0.0007 0.023320 0.002086 -2.6600 1 -2.5288 1  2928 3364 3308 3044 2784 2648 2445 1809  1 1 1 0 0 -0.10 0 5 0.94 0 1 0 12.29 
2.652 2 1 2 0 0.2481 0.2481 0.1436 0.0008 0.028502 0.000123 -2.6600 1 -2.5928 1  2918 3348 3314 3039 2774 2613 2424 1773  1 1 1 0 0 -0.10 0 5 0.94 0 1 0 12.30 
2.667 2 1 2 0 0.2540 0.2540 0.1472 0.0009 0.028502 -0.000135 -2.6600 1 -2.4920 1  2908 3350 3327 3069 2759 2586 2362 1747  1 1 1 0 0 -0.10 0 5 0.94 0 1 0 12.30 
2.682 2 1 2 0 0.2432 0.2432 0.1506 0.0010 0.031093 -0.001877 -2.6600 1 -2.5032 1  2908 3355 3352 3088 2782 2561 2357 1747  1 1 1 0 0 -0.10 0 5 0.94 0 1 0 12.30 
2.697 2 1 2 0 0.2411 0.2411 0.1540 0.0011 0.033685 -0.003191 -2.6600 1 -1.8949 1  2889 3328 3349 3096 2782 2545 2310 1684  1 1 1 0 0 1.29 0 5 0.91 0 2 0 12.30 
2.712 2 1 2 0 0.2502 0.2502 0.1576 0.0012 0.033685 -0.002780 -2.6600 1 -1.8708 1  2885 3311 3349 3126 2796 2507 2268 1709  1 1 1 0 0 1.36 0 5 0.91 0 2 0 12.29 
2.727 2 1 2 0 0.2331 0.2331 0.1606 0.0013 0.036276 -0.004242 -2.6600 1 -1.8329 1  2866 3307 3355 3141 2786 2484 2240 1635  1 1 1 0 0 1.48 0 5 0.91 0 2 0 12.30 
2.742 2 1 2 0 0.2605 0.2605 0.1640 0.0015 0.038867 -0.002929 -2.6600 1 -1.8401 1  2880 3324 3354 3174 2844 2490 2236 1665  1 1 1 0 0 1.45 0 5 0.92 0 2 0 12.30 
2.757 2 1 2 0 0.2314 0.2314 0.1675 0.0016 0.041458 -0.003140 -2.6600 1 -1.8281 1  2870 3326 3357 3192 2877 2539 2268 1647  1 1 1 0 0 1.49 0 5 0.92 0 2 0 12.30 
2.772 2 1 2 0 0.2563 0.2563 0.1709 0.0017 0.038867 -0.002433 -2.6600 1 -1.8293 1  2888 3335 3366 3219 2919 2574 2306 1679  1 1 1 0 0 1.49 0 5 0.92 0 2 0 12.30 
2.787 2 1 2 0 0.2408 0.2408 0.1743 0.0019 0.041458 -0.002866 -2.6600 1 -1.7724 1  2875 3331 3398 3228 2949 2623 2322 1715  1 1 1 0 0 1.66 0 5 0.92 0 2 0 12.30 
2.802 2 1 2 0 0.2511 0.2511 0.1777 0.0020 0.044049 -0.003008 -2.6600 1 -1.7729 1  2886 3340 3411 3247 2963 2624 2319 1695  1 1 1 0 0 1.66 0 5 0.93 0 2 0 12.29 
2.817 2 1 2 0 -0.0853 0.4209 0.1811 0.0022 0.051822 -0.002414 0.0000 0 0.0000 0  2917 3360 3434 3279 3006 2644 2338 1709  1 1 1 0 0 0.00 0 0 1.00 -1 -1 0 12.20 
2.832 2 1 2 0 -0.0275 0.4637 0.1835 0.0023 0.077734 -0.001401 0.0000 0 0.0000 0  2895 3343 3401 3291 3035 2693 2364 1724  1 1 1 0 0 0.00 0 0 1.00 -1 -1 0 12.25 
2.847 2 1 2 0 0.3696 0.3696 0.1875 0.0027 0.098463 0.007047 -2.6600 1 -1.7189 1  2913 3356 3402 3338 3129 2767 2428 1778  1 1 1 0 0 1.82 0 5 0.94 0 2 0 12.26 
2.862 2 1 2 0 0.2838 0.2838 0.1919 0.0031 0.108827 0.002835 -2.6359 1 -1.6604 1  2879 3358 3416 3387 3221 2909 2496 1840  1 1 1 0 0 1.92 0 5 0.94 0 2 0 12.27 
2.877 2 1 2 0 0.2761 0.2761 0.1957 0.0036 0.121783 -0.008590 -1.9553 1 -1.6075 1  2785 3330 3421 3389 3267 2983 2615 1924  1 1 1 0 0 0.04 0 5 0.93 1 3 0 12.29 
2.892 2 1 2 0 0.2682 0.2682 0.1997 0.0041 0.132147 -0.014314 -0.8731 1 -1.0503 1  2777 3321 3421 3434 3333 3111 2778 2082  1 1 1 0 0 -0.10 0 5 0.93 1 3 0 12.29 
2.907 2 1 2 0 0.2392 0.2392 0.2035 0.0046 0.134738 -0.018983 -0.7314 1 -0.8440 1  2714 3297 3415 3441 3381 3232 3017 2324  1 1 1 0 0 -0.10 0 5 0.94 2 3 0 12.28 
2.922 2 1 2 0 0.2283 0.2283 0.2070 0.0051 0.139921 -0.021744 -0.5667 1 -0.3488 1  2662 3269 3402 3461 3440 3363 3223 2595  1 1 1 0 0 -0.10 0 5 0.93 2 4 0 12.30 
2.937 2 1 2 0 0.2423 0.2423 0.2104 0.0056 0.142512 -0.021737 -0.4170 1 1.9033 1  2616 3261 3408 3488 3488 3451 3384 2778  1 1 1 0 0 5.96 1 5 0.95 2 6 0 12.29 
2.952 2 1 2 0 0.2347 0.2347 0.2138 0.0061 0.145103 -0.020850 0.2481 1 2.2766 1  2551 3245 3407 3467 3510 3499 3433 2858  1 1 1 0 0 5.08 1 5 0.96 2 6 0 12.29 
2.967 2 1 2 0 0.2303 0.2303 0.2172 0.0066 0.147694 -0.020088 0.3259 1 2.2923 1  2507 3217 3400 3480 3517 3528 3455 2886  1 1 1 0 0 4.89 4 5 0.99 3 6 0 12.29 
2.982 2 1 2 0 0.2341 0.2341 0.2204 0.0070 0.147694 -0.018082 0.7249 1 2.3779 1  2479 3239 3393 3470 3520 3527 3456 2905  1 1 1 0 0 3.95 0 5 0.99 4 6 0 12.30 
2.997 2 1 2 0 0.2250 0.2250 0.2235 0.0075 0.147694 -0.017157 0.3656 1 2.6431 1  2462 3213 3386 3458 3499 3503 3429 2910  1 1 1 0 0 5.83 2 5 0.97 3 7 0 12.30 
3.012 2 1 2 0 0.2360 0.2360 0.2267 0.0080 0.147694 -0.014290 0.3127 1 2.6600 1  2454 3192 3398 3458 3518 3491 3433 2909  1 1 1 0 0 6.00 4 5 0.97 3 7 0 12.30 
3.027 2 1 2 0 0.2277 0.2277 0.2297 0.0084 0.150285 -0.013369 0.2846 1 2.6600 1  2428 3161 3382 3427 3464 3471 3403 2892  1 1 1 0 0 6.00 19 5 0.94 2 7 0 12.30 
3.042 2 1 2 0 0.2378 0.2378 0.2327 0.0089 0.152876 -0.011587 0.0949 1 2.6031 1  2404 3234 3399 3456 3498 3470 3407 2875  1 1 1 0 0 6.00 20 5 0.95 2 7 0 12.30 
3.057 2 1 2 0 0.2246 0.2246 0.2356 0.0093 0.155467 -0.010452 -0.4049 1 2.1191 1  2394 3214 3441 3513 3539 3528 3444 2827  1 1 1 0 0 6.00 20 5 0.99 2 6 0 12.30 
3.072 2 1 2 0 0.2183 0.2183 0.2384 0.0098 0.155467 -0.009566 -0.4105 1 1.9638 1  2365 3190 3410 3467 3472 3475 3372 2743  1 1 1 0 0 6.00 14 5 0.95 2 6 0 12.29 
3.087 2 1 2 0 0.2387 0.2387 0.2416 0.0103 0.155467 -0.007762 -0.4191 1 0.5467 1  2335 3189 3395 3454 3493 3447 3324 2610  1 1 1 0 0 1.89 12 5 0.95 2 5 0 12.30 
3.102 2 1 2 0 0.2200 0.2200 0.2446 0.0107 0.158059 -0.006383 0.0693 1 -0.2000 1  2302 3149 3381 3462 3448 3426 3269 2435  1 1 1 0 0 -0.10 0 5 0.93 2 5 0 12.30 
3.117 2 1 2 0 0.2332 0.2332 0.2477 0.0112 0.158059 -0.005929 -0.4167 1 -0.1063 1  2258 3118 3390 3455 3465 3413 3192 2252  1 1 1 0 0 -0.10 0 5 0.94 2 4 0 12.30 
3.132 2 1 2 0 0.2339 0.2339 0.2507 0.0117 0.160650 -0.004712 -0.4071 1 -0.2244 1  2199 3101 3407 3465 3473 3412 3164 2196  1 1 1 0 0 -0.10 0 5 0.94 2 4 0 12.30 
3.147 2 1 2 0 0.2268 0.2268 0.2537 0.0122 0.163241 -0.004366 0.1431 1 -0.1722 1  2174 3072 3360 3461 3471 3382 3148 2157  1 1 1 0 0 -0.10 0 5 0.95 3 4 0 12.30 
3.162 2 1 2 0 0.2344 0.2344 0.2569 0.0127 0.163241 -0.003748 0.1618 1 -0.1204 1  2144 3052 3358 3465 3481 3424 3169 2169  1 1 1 0 0 -0.10 0 5 0.95 3 4 0 12.29 
3.177 2 1 2 0 0.2229 0.2229 0.2598 0.0132 0.165832 -0.003174 0.2225 1 -0.0677 1  2110 3014 3347 3464 3502 3429 3184 2190  1 1 1 0 0 -0.10 0 5 0.96 3 4 0 12.30 
3.192 2 1 2 0 0.2280 0.2280 0.2630 0.0137 0.165832 -0.003690 0.2240 1 0.4309 1  2083 2991 3356 3471 3495 3449 3215 2210  1 1 1 0 0 -0.10 0 5 0.96 3 5 0 12.29 
3.207 2 1 2 0 0.2401 0.2401 0.2660 0.0142 0.168423 -0.002448 0.2766 1 0.4088 1  2034 2966 3326 3470 3507 3473 3236 2237  1 1 1 0 0 -0.10 0 5 0.96 3 5 0 12.29 
3.222 2 1 2 0 0.2253 0.2253 0.2689 0.0148 0.171014 -0.003197 0.2815 1 0.3954 1  1998 2918 3300 3460 3497 3442 3248 2248  1 1 1 0 0 -0.10 0 5 0.95 3 5 0 12.28 
3.237 2 1 2 0 0.2255 0.2255 0.2721 0.0153 0.171014 -0.003811 0.2927 1 0.4773 1  1974 2879 3301 3462 3499 3476 3259 2263  1 1 1 0 0 -0.10 0 5 0.96 3 5 0 12.29 
3.252 2 1 2 0 0.2249 0.2249 0.2753 0.0159 0.176196 -0.003753 0.3110 1 0.4846 1  1933 2833 3287 3455 3497 3481 3283 2276  1 1 1 0 0 -0.10 0 5 0.96 3 5 0 12.29 
3.267 2 1 2 0 0.2271 0.2271 0.2782 0.0164 0.178788 -0.003566 0.2600 1 0.4969 1  1934 2799 3273 3469 3490 3478 3296 2311  1 1 1 0 0 -0.10 0 5 0.96 3 5 0 12.29 
3.282 2 1 2 0 0.2442 0.2442 0.2814 0.0170 0.178788 -0.002830 0.3338 1 0.5087 1  1940 2772 3250 3428 3488 3481 3316 2356  1 1 1 0 0 -0.10 0 5 0.95 3 5 0 12.29 
3.297 2 1 2 0 0.2310 0.2310 0.2846 0.0175 0.183970 -0.002933 0.3158 1 0.5127 1  1930 2743 3241 3455 3490 3464 3297 2414  1 1 1 0 0 -0.10 0 5 0.95 3 5 0 12.29 
3.312 2 1 2 0 0.2348 0.2348 0.2875 0.0181 0.186561 -0.003280 0.3763 1 0.5316 1  1906 2710 3219 3434 3500 3478 3347 2476  1 1 1 0 0 -0.10 0 5 0.95 3 5 0 12.29 
3.327 2 1 2 0 0.2426 0.2426 0.2907 0.0187 0.191743 -0.001850 0.9107 1 0.5595 1  1916 2689 3201 3397 3489 3481 3364 2522  1 1 1 0 0 -0.10 0 5 0.95 4 6 0 12.29 
3.342 2 1 2 0 0.2402 0.2402 0.2936 0.0193 0.194334 -0.002915 0.9387 1 1.9652 1  1876 2648 3166 3416 3487 3483 3404 2556  1 1 1 0 0 2.07 0 5 0.96 4 6 0 12.29 
3.357 2 1 2 0 0.2384 0.2384 0.2968 0.0199 0.199517 -0.003511 0.9826 1 1.9404 1  1867 2601 3126 3401 3489 3480 3387 2600  1 1 1 0 0 1.87 0 5 0.95 4 6 0 12.29 
3.372 2 1 2 0 0.2301 0.2301 0.2999 0.0205 0.199517 -0.002989 1.0428 1 1.9561 1  1858 2567 3094 3408 3477 3481 3386 2603  1 1 1 0 0 1.73 0 5 0.96 4 6 0 12.29 
3.387 2 1 2 0 0.2287 0.2287 0.3029 0.0211 0.202108 -0.004367 1.0663 1 1.9910 1  1854 2501 3038 3361 3466 3477 3391 2669  1 1 1 0 0 1.77 0 5 0.95 4 6 0 12.29 
3.402 2 1 2 0 0.2385 0.2385 0.3062 0.0218 0.204699 -0.003964 1.0176 1 2.0208 1  1869 2518 3074 3485 3639 3624 3526 2718  1 1 1 0 0 2.00 0 5 0.98 3 6 0 12.29 
3.417 2 1 2 0 0.2361 0.2361 0.3092 0.0225 0.207290 -0.004592 1.0435 1 2.0084 1  1836 2461 2953 3338 3486 3479 3396 2681  1 1 1 0 0 1.89 0 5 0.96 4 6 0 12.30 
3.432 2 1 2 0 0.2200 0.2200 0.3121 0.0231 0.209881 -0.005292 1.1190 1 2.0307 1  1825 2419 2906 3304 3452 3466 3387 2697  1 1 1 0 0 1.73 0 5 0.94 4 6 0 12.30 
3.447 2 1 2 0 0.2407 0.2407 0.3153 0.0238 0.215063 -0.004841 1.5550 1 2.0409 1  1818 2426 2855 3280 3444 3476 3394 2702  1 1 1 0 0 0.45 0 5 0.95 4 6 0 12.29 
3.462 2 1 2 0 0.2286 0.2286 0.3182 0.0244 0.217655 -0.005029 1.1299 1 2.0258 1  1813 2382 2824 3287 3491 3529 3443 2765  1 1 1 0 0 1.68 0 5 0.99 4 6 0 12.30 
3.477 2 1 2 0 0.2313 0.2313 0.3213 0.0251 0.217655 -0.005778 1.6384 1 2.1206 1  1781 2354 2739 3199 3416 3453 3380 2742  1 1 1 0 0 0.44 0 5 0.95 5 6 0 12.29 
3.492 2 1 2 0 0.2254 0.2254 0.3243 0.0258 0.220246 -0.005267 1.6744 1 2.1640 1  1758 2331 2705 3160 3380 3444 3372 2766  1 1 1 0 0 0.46 0 5 0.94 5 6 0 12.30 
3.507 2 1 2 0 0.2227 0.2227 0.3272 0.0264 0.222837 -0.006084 1.7506 1 2.2196 1  1722 2276 2642 3091 3351 3430 3369 2768  1 1 1 0 0 0.40 0 5 0.93 5 6 0 12.30 
3.522 2 1 2 0 0.2381 0.2381 0.3302 0.0271 0.225428 -0.005223 1.8290 1 2.2144 1  1691 2259 2610 3042 3341 3410 3378 2772  1 1 1 0 0 0.15 0 5 0.93 5 6 0 12.29 
3.537 2 1 2 0 0.2190 0.2190 0.3331 0.0278 0.228019 -0.005490 1.8296 1 2.2783 1  1681 2244 2554 3003 3309 3409 3364 2777  1 1 1 0 0 0.34 0 5 0.92 5 6 0 12.29 
3.552 2 1 2 0 0.2185 0.2185 0.3362 0.0285 0.233201 -0.005628 2.2326 1 2.2995 1  1679 2250 2555 2991 3314 3401 3380 2799  1 1 1 0 0 -0.10 0 5 0.92 5 6 0 12.29 
3.567 2 1 2 0 0.2407 0.2407 0.3393 0.0292 0.233201 -0.004067 1.8336 1 2.3933 1  1706 2265 2578 2972 3303 3432 3381 2819  1 1 1 0 0 0.67 0 5 0.93 5 6 0 12.28 
3.582 2 1 2 0 0.2157 0.2157 0.3423 0.0299 0.235793 -0.005016 1.8765 1 2.4260 1  1712 2289 2562 2915 3290 3420 3376 2821  1 1 1 0 0 0.64 0 5 0.92 5 7 0 12.29 
3.597 2 1 2 0 0.2265 0.2265 0.3452 0.0306 0.238384 -0.005270 1.8955 1 2.5310 1  1765 2306 2566 2898 3274 3408 3378 2832  1 1 1 0 0 0.90 0 5 0.92 5 7 0 12.29 
3.612 2 1 2 0 0.2212 0.2212 0.3483 0.0314 0.238384 -0.004578 2.3773 1 2.5207 1  1756 2310 2560 2862 3251 3410 3404 2848  1 1 1 0 0 -0.10 0 5 0.93 5 7 0 12.29 
3.627 2 1 2 0 0.2221 0.2221 0.3512 0.0321 0.240975 -0.005107 2.3795 1 2.6600 1  1797 2323 2547 2821 3231 3384 3374 2846  1 1 1 0 0 -0.10 0 5 0.93 6 7 0 12.29 
3.642 2 1 2 0 0.2204 0.2204 0.3542 0.0328 0.243566 -0.005330 2.4147 1 2.6600 1  1742 2314 2543 2780 3202 3367 3372 2847  1 1 1 0 0 -0.10 0 5 0.93 6 7 0 12.29 
3.657 2 1 2 0 0.2295 0.2295 0.3571 0.0336 0.240975 -0.004068 2.4402 1 2.6600 1  1751 2304 2519 2752 3167 3352 3374 2845  1 1 1 0 0 -0.10 0 5 0.93 6 7 0 12.30 
3.672 2 1 2 0 0.2151 0.2151 0.3600 0.0343 0.243566 -0.004615 2.4648 1 2.6600 1  1758 2294 2494 2722 3133 3344 3372 2851  1 1 1 0 0 -0.10 0 5 0.93 6 7 0 12.30 
3.687 2 1 2 0 0.2361 0.2361 0.3629 0.0350 0.246157 -0.003198 2.4775 1 2.6600 1  1743 2244 2472 2655 3071 3323 3344 2841  1 1 1 0 0 -0.10 0 5 0.92 6 7 0 12.30 
3.702 2 1 2 0 0.2140 0.2140 0.3661 0.0358 0.246157 -0.003364 2.4929 1 2.6600 1  1742 2290 2508 2680 3152 3480 3531 2923  1 1 1 0 0 -0.10 0 5 0.95 5 7 0 12.30 
3.717 2 1 2 0 0.2330 0.2330 0.3690 0.0365 0.248748 -0.002774 2.5341 1 2.6600 1  1684 2197 2391 2562 2980 3271 3312 2831  1 1 1 0 0 -0.10 0 5 0.91 6 7 0 12.30 
3.732 2 1 2 0 0.2132 0.2132 0.3719 0.0373 0.246157 -0.002913 2.5812 1 2.6600 1  1677 2173 2373 2511 2899 3236 3302 2828  1 1 1 0 0 -0.10 0 5 0.90 6 7 0 12.30 
3.747 2 1 2 0 0.2168 0.2168 0.3748 0.0380 0.248748 -0.003502 3.0953 1 2.6600 1  1680 2173 2371 2491 2858 3200 3280 2839  1 1 1 0 0 -0.10 0 5 0.89 6 7 0 12.30 
3.762 2 1 2 0 0.2259 0.2259 0.3779 0.0388 0.248748 -0.003296 2.6533 1 2.6600 1  1691 2205 2399 2506 2802 3166 3265 2813  1 1 1 0 0 -0.10 0 5 0.88 6 7 0 12.30 
3.777 2 1 2 0 0.2175 0.2175 0.3809 0.0395 0.251339 -0.003610 3.1371 1 2.6600 1  1709 2211 2420 2523 2767 3136 3239 2800  1 1 1 0 0 -0.10 0 5 0.89 7 7 0 12.30 
3.792 2 1 2 0 0.2236 0.2236 0.3838 0.0403 0.253930 -0.004052 3.1590 1 2.6600 1  1713 2230 2437 2549 2772 3110 3226 2787  1 1 1 0 0 -0.10 0 5 0.88 7 7 0 12.30 
3.807 2 1 2 0 0.2269 0.2269 0.3867 0.0410 0.251339 -0.003359 3.1755 1 2.6600 1  1707 2235 2436 2546 2758 3088 3207 2769  1 1 1 0 0 -0.10 0 5 0.88 7 7 0 12.30 
3.822 2 1 2 0 0.2161 0.2161 0.3896 0.0418 0.253930 -0.003421 3.2106 1 2.6600 1  1691 2204 2426 2517 2707 3027 3168 2767  1 1 1 0 0 -0.10 0 5 0.87 7 7 0 12.29 
3.837 2 1 2 0 0.3729 0.0701 0.3927 0.0426 0.253930 -0.003740 0.0000 0 0.0000 0  1675 2169 2378 2482 2672 2985 3134 2747  1 1 1 0 0 0.00 0 0 1.00 -1 -1 0 12.28 
3.852 2 1 2 0 0.3926 -0.1474 0.3947 0.0431 0.228019 -0.005384 0.0000 0 0.0000 0  1627 2100 2291 2399 2614 2921 3077 2685  1 1 1 0 0 0.00 0 0 1.00 -1 -1 0 12.25 
3.867 2 1 2 0 0.5177 0.0458 0.3966 0.0435 0.202108 -0.003568 0.0000 0 0.0000 0  1686 2144 2336 2457 2693 3020 3158 2768  1 1 1 0 0 0.00 0 0 1.00 -1 -1 0 12.27 
3.882 2 1 2 0 0.4371 0.1853 0.4006 0.0443 0.181379 0.001467 3.2103 0 2.6600 0  1698 2159 2342 2497 2736 3061 3218 2819  1 1 1 0 0 0.00 0 5 0.89 7 7 0 12.28 
3.897 2 1 2 0 0.2101 0.2101 0.4037 0.0448 0.160650 -0.007072 3.1700 1 2.6600 1  1683 2148 2350 2470 2726 3087 3202 2774  1 1 1 0 0 -0.10 0 5 0.87 7 7 0 12.27 
3.912 2 1 2 0 0.2608 0.2608 0.4073 0.0454 0.145103 -0.011347 2.6564 1 2.6600 1  1653 2154 2358 2474 2707 3047 3194 2741  1 1 1 0 0 -0.10 0 5 0.85 7 7 0 12.28 
3.927 2 1 2 0 0.3908 0.1495 0.4111 0.0459 0.132147 -0.013383 0.0000 0 0.0000 0  1631 2121 2322 2429 2665 2994 3159 2715  1 1 1 0 0 0.00 0 0 1.00 -1 -1 0 12.29 
3.942 2 1 2 0 0.3581 0.1260 0.4145 0.0463 0.114009 -0.017570 0.0000 0 0.0000 0  1587 2079 2298 2390 2621 2967 3083 2662  1 1 1 0 0 0.00 0 0 1.00 -1 -1 0 12.28 
3.957 2 1 2 0 0.3211 0.1352 0.4177 0.0467 0.098463 -0.024551 0.0000 0 0.0000 0  1578 2056 2260 2369 2610 2993 3134 2678  1 1 1 0 0 0.00 0 0 1.00 -1 -1 0 12.29 
3.972 2 1 2 0 0.3344 0.1890 0.4213 0.0470 0.082916 -0.025664 0.0000 0 0.0000 0  1564 2054 2229 2373 2625 2989 3155 2685  1 1 1 0 0 0.00 0 0 1.00 -1 -1 0 12.29 
3.987 2 1 2 0 0.2651 0.1517 0.4243 0.0472 0.069960 -0.028099 0.0000 0 0.0000 0  1557 2051 2244 2353 2649 3017 3165 2681  1 1 1 0 0 0.00 0 0 1.00 -1 -1 0 12.29 
4.002 2 1 2 0 0.2345 0.1462 0.4273 0.0474 0.057005 -0.031150 0.0000 0 0.0000 0  1598 2057 2241 2365 2671 3042 3176 2679  1 1 1 0 0 0.00 0 0 1.00 -1 -1 0 12.30 
4.017 2 1 2 0 0.2410 0.1722 0.4301 0.0476 0.046640 -0.030898 0.0000 0 0.0000 0  1583 2055 2234 2362 2695 3058 3156 2682  1 1 1 0 0 0.00 0 0 1.00 -1 -1 0 12.30 
4.032 2 1 2 0 0.2121 0.1586 0.4329 0.0477 0.036276 -0.029423 0.0000 0 0.0000 0  1587 2043 2248 2364 2698 3082 3202 2686  1 1 1 0 0 0.00 0 0 1.00 -1 -1 0 12.30 
4.047 2 1 2 0 0.1990 0.1573 0.4355 0.0478 0.028502 -0.028637 0.0000 0 0.0000 0  1593 2082 2257 2382 2732 3092 3219 2688  1 1 1 0 0 0.00 0 0 1.00 -1 -1 0 12.29 
4.062 2 1 2 0 0.1888 0.1563 0.4379 0.0478 0.023320 -0.026292 0.0000 0 0.0000 0  1606 2114 2291 2399 2770 3128 3239 2708  1 1 1 0 0 0.00 0 0 1.00 -1 -1 0 12.29 
4.077 2 1 2 0 0.1862 0.1609 0.4403 0.0479 0.023320 -0.022789 2.5411 0 2.6600 0  1613 2128 2315 2433 2810 3141 3239 2719  1 1 1 0 0 0.00 0 1 0.85 6 6 0 12.30 
4.092 2 1 2 0 0.1774 0.1774 0.4425 0.0479 0.020729 -0.019138 2.5417 1 2.6600 1  1623 2121 2319 2458 2812 3175 3253 2745  1 1 1 0 0 -0.10 0 5 0.86 6 7 0 12.30 
4.107 2 1 2 0 0.1724 0.1724 0.4449 0.0480 0.020729 -0.015536 2.5440 1 2.6600 1  1622 2107 2317 2459 2803 3189 3268 2738  1 1 1 0 0 -0.10 0 5 0.86 6 7 0 12.30 
4.122 2 1 2 0 0.1804 0.1804 0.4473 0.0480 0.020729 -0.011343 2.5415 1 2.6600 1  1634 2128 2323 2463 2839 3195 3272 2758  1 1 1 0 0 -0.10 0 5 0.87 6 7 0 12.30 
4.137 2 1 2 0 0.1594 0.1594 0.4492 0.0481 0.023320 -0.010061 2.5447 1 2.6600 1  1641 2130 2323 2467 2818 3191 3276 2779  1 1 1 0 0 -0.10 0 5 0.87 6 7 0 12.30 
4.152 2 1 2 0 0.1809 0.1809 0.4518 0.0481 0.025911 -0.006564 2.5392 1 2.6600 1  1634 2138 2347 2493 2843 3201 3277 2763  1 1 1 0 0 -0.10 0 5 0.87 6 7 0 12.30 
4.167 2 1 2 0 0.1729 0.1729 0.4540 0.0482 0.028502 -0.003453 2.5432 1 2.6600 1  1633 2162 2367 2520 2856 3209 3280 2799  1 1 1 0 0 -0.10 0 5 0.88 6 7 0 12.30 
4.182 2 1 2 0 0.1720 0.1720 0.4560 0.0482 0.033685 -0.002198 2.5345 1 2.6600 1  1620 2170 2357 2544 2881 3198 3295 2772  1 1 1 0 0 -0.10 0 5 0.88 6 7 0 12.30 
4.197 2 1 2 0 0.1724 0.1724 0.4582 0.0483 0.036276 -0.000225 2.5729 1 2.6600 1  1610 2160 2382 2541 2887 3218 3280 2809  1 1 1 0 0 -0.10 0 5 0.89 6 7 0 12.30 
4.212 2 1 2 0 0.1823 0.1823 0.4604 0.0484 0.038867 0.001347 2.5338 1 2.6600 1  1595 2149 2389 2557 2896 3208 3308 2806  1 1 1 0 0 -0.10 0 5 0.89 6 7 0 12.29 
4.227 2 1 2 0 0.1614 0.1614 0.4626 0.0485 0.041458 0.002600 2.5561 1 2.6600 1  1575 2131 2421 2583 2907 3218 3298 2824  1 1 1 0 0 -0.10 0 5 0.89 6 7 0 12.29 
4.242 2 1 2 0 0.1821 0.1821 0.4648 0.0486 0.044049 0.003863 2.5638 1 2.6600 1  1566 2131 2433 2621 2946 3227 3308 2829  1 1 1 0 0 -0.10 0 5 0.90 6 7 0 12.29 
4.257 2 1 2 0 0.1749 0.1749 0.4668 0.0487 0.049231 0.003872 2.5203 1 2.6600 1  1544 2118 2420 2652 2977 3244 3325 2839  1 1 1 0 0 -0.10 0 5 0.91 6 7 0 12.29 
4.272 2 1 2 0 0.1869 0.1869 0.4692 0.0488 0.049231 0.005407 2.5537 1 2.6600 1  1514 2105 2407 2639 2986 3258 3310 2830  1 1 1 0 0 -0.10 0 5 0.90 6 7 0 12.29 
4.287 2 1 2 0 0.1647 0.1647 0.4712 0.0489 0.054414 0.004595 2.5592 1 2.6600 1  1500 2074 2385 2640 2980 3249 3312 2830  1 1 1 0 0 -0.10 0 5 0.90 6 7 0 12.29 
4.302 2 1 2 0 0.1729 0.1729 0.4736 0.0490 0.059596 0.005293 2.5688 1 2.6600 1  1524 2057 2377 2640 2973 3231 3307 2832  1 1 1 0 0 -0.10 0 5 0.90 6 7 0 12.29 
4.317 2 1 2 0 0.1841 0.1841 0.4758 0.0492 0.062187 0.006283 2.6248 1 2.6600 1  1497 2046 2356 2595 2947 3230 3287 2841  1 1 1 0 0 -0.10 0 5 0.90 6 7 0 12.29 
4.332 2 1 2 0 0.1835 0.1835 0.4782 0.0493 0.062187 0.006876 2.6404 1 2.6600 1  1518 2052 2350 2545 2909 3221 3310 2846  1 1 1 0 0 -0.10 0 5 0.90 6 7 0 12.29 
4.347 2 1 2 0 0.1675 0.1675 0.4804 0.0495 0.064778 0.007017 2.5993 1 2.6600 1  1541 2053 2324 2471 2850 3186 3305 2838  1 1 1 0 0 -0.10 0 5 0.90 6 7 0 12.29 
4.362 2 1 2 0 0.1826 0.1826 0.4827 0.0496 0.067369 0.007784 3.1390 1 2.6600 1  1544 2065 2301 2416 2788 3167 3276 2837  1 1 1 0 0 -0.10 0 5 0.91 7 7 0 12.29 
4.377 2 1 2 0 0.1776 0.1776 0.4851 0.0498 0.072551 0.007169 3.1710 1 2.6600 1  1566 2084 2294 2421 2737 3132 3259 2830  1 1 1 0 0 -0.10 0 5 0.89 6 7 0 12.30 
4.392 2 1 2 0 0.1889 0.1889 0.4873 0.0499 0.075143 0.008744 3.1791 1 2.6600 1  1594 2104 2307 2394 2724 3134 3268 2838  1 1 1 0 0 -0.10 0 5 0.91 7 7 0 12.29 
4.407 2 1 2 0 0.1826 0.1826 0.4895 0.0501 0.077734 0.008676 2.6126 1 2.6600 1  1604 2124 2326 2419 2735 3165 3326 2858  1 1 1 0 0 -0.10 0 5 0.92 6 7 0 12.29 
4.422 2 1 2 0 0.1689 0.1689 0.4917 0.0503 0.080325 0.008488 3.1792 1 2.6600 1  1623 2126 2332 2438 2748 3138 3281 2853  1 1 1 0 0 -0.10 0 5 0.90 6 7 0 12.30 
4.437 2 1 2 0 0.1895 0.1895 0.4939 0.0504 0.082916 0.009354 3.1594 1 2.6600 1  1637 2128 2343 2451 2772 3150 3279 2831  1 1 1 0 0 -0.10 0 5 0.89 6 7 0 12.30 
4.452 2 1 2 0 0.1754 0.1754 0.4963 0.0506 0.082916 0.009560 3.1297 1 2.6600 1  1655 2165 2373 2498 2868 3194 3268 2828  1 1 1 0 0 -0.10 0 5 0.89 6 7 0 12.30 
4.467 2 1 2 0 0.1767 0.1767 0.4985 0.0508 0.085507 0.009203 3.1461 1 2.6600 1  1670 2199 2387 2508 2828 3170 3274 2838  1 1 1 0 0 -0.10 0 5 0.92 7 7 0 12.30 
4.482 2 1 2 0 0.1802 0.1802 0.5007 0.0510 0.088098 0.009073 2.6511 1 2.6600 1  1673 2187 2391 2533 2818 3188 3284 2834  1 1 1 0 0 -0.10 0 5 0.89 6 7 0 12.30 
4.497 2 1 2 0 0.1785 0.1785 0.5031 0.0512 0.093280 0.009027 3.1535 1 2.6600 1  1685 2190 2414 2536 2838 3177 3281 2863  1 1 1 0 0 -0.10 0 5 0.90 6 7 0 12.30 
4.512 2 1 2 0 0.1704 0.1704 0.5055 0.0515 0.093280 0.009492 3.1578 1 2.6600 1  1673 2196 2398 2533 2796 3161 3278 2856  1 1 1 0 0 -0.10 0 5 0.92 7 7 0 12.30 
4.527 2 1 2 0 0.1828 0.1828 0.5077 0.0517 0.095872 0.009213 3.1560 1 2.6600 1  1680 2189 2416 2536 2826 3156 3260 2832  1 1 1 0 0 -0.10 0 5 0.91 7 7 0 12.30 
4.542 2 1 2 0 0.1759 0.1759 0.5097 0.0519 0.101054 0.008966 3.1454 1 2.6600 1  1686 2178 2402 2528 2807 3146 3252 2807  1 1 1 0 0 -0.10 0 5 0.89 7 7 0 12.29 
4.557 2 1 2 0 0.1878 0.1878 0.5121 0.0521 0.101054 0.010307 3.1638 1 2.6600 1  1645 2165 2387 2506 2790 3114 3249 2823  1 1 1 0 0 -0.10 0 5 0.88 6 7 0 12.29 
4.572 2 1 2 0 0.1818 0.1818 0.5145 0.0524 0.106236 0.009510 3.1684 1 2.6600 1  1692 2196 2386 2520 2792 3122 3248 2822  1 1 1 0 0 -0.10 0 5 0.88 6 7 0 12.30 
4.587 2 1 2 0 0.1735 0.1735 0.5167 0.0526 0.108827 0.009018 3.1886 1 2.6600 1  1693 2193 2378 2504 2776 3113 3234 2817  1 1 1 0 0 -0.10 0 5 0.90 7 7 0 12.30 
4.602 2 1 2 0 0.1725 0.1725 0.5191 0.0529 0.108827 0.008984 3.1754 1 2.6600 1  1688 2187 2378 2494 2759 3122 3233 2817  1 1 1 0 0 -0.10 0 5 0.90 7 7 0 12.29 
4.617 2 1 2 0 0.1814 0.1814 0.5212 0.0531 0.111418 0.009643 3.1976 1 2.6600 1  1684 2182 2389 2476 2738 3070 3241 2808  1 1 1 0 0 -0.10 0 5 0.89 7 7 0 12.29 
4.632 2 1 2 0 0.1711 0.1711 0.5236 0.0534 0.111418 0.008846 3.1840 1 2.6600 1  1684 2179 2356 2458 2720 3088 3235 2801  1 1 1 0 0 -0.10 0 5 0.89 7 7 0 12.29 
4.647 2 1 2 0 0.1668 0.1668 0.5258 0.0536 0.114009 0.008508 3.1858 1 2.6600 1  1713 2180 2361 2447 2708 3093 3231 2807  1 1 1 0 0 -0.10 0 5 0.89 7 7 0 12.28 
4.662 2 1 2 0 0.1752 0.1752 0.5280 0.0539 0.116600 0.008330 3.2009 1 2.6600 1  1711 2191 2364 2458 2706 3063 3210 2799  1 1 1 0 0 -0.10 0 5 0.88 7 7 0 12.29 
4.677 2 1 2 0 0.1762 0.1762 0.5304 0.0542 0.116600 0.009239 3.1917 1 2.6600 1  1741 2221 2390 2481 2729 3091 3230 2811  1 1 1 0 0 -0.10 0 5 0.89 7 7 0 12.29 
4.692 2 1 2 0 0.1635 0.1635 0.5326 0.0544 0.119192 0.009562 3.1849 1 2.6600 1  1766 2258 2416 2504 2750 3110 3250 2824  1 1 1 0 0 -0.10 0 5 0.90 7 7 0 12.30 
4.707 2 1 2 0 0.1751 0.1751 0.5348 0.0547 0.121783 0.009599 3.1828 1 2.6600 1  1769 2268 2445 2574 2772 3106 3239 2818  1 1 1 0 0 -0.10 0 5 0.90 7 7 0 12.29 
4.722 2 1 2 0 0.1784 0.1784 0.5372 0.0550 0.121783 0.010839 3.1774 1 2.6600 1  1799 2293 2469 2547 2793 3125 3239 2828  1 1 1 0 0 -0.10 0 5 0.90 7 7 0 12.29 
4.737 2 1 2 0 0.1678 0.1678 0.5394 0.0552 0.124374 0.011080 3.1747 1 2.6600 1  1764 2298 2473 2562 2794 3114 3220 2813  1 1 1 0 0 -0.10 0 5 0.90 7 7 0 12.30 
4.752 2 1 2 0 0.1790 0.1790 0.5416 0.0555 0.126965 0.011103 3.1880 1 2.6600 1  1785 2283 2470 2566 2791 3099 3225 2822  1 1 1 0 0 -0.10 0 5 0.90 7 7 0 12.30 
4.767 2 1 2 0 0.1746 0.1746 0.5440 0.0558 0.126965 0.010517 3.1875 1 2.6600 1  1770 2268 2455 2531 2757 3086 3231 2807  1 1 1 0 0 -0.10 0 5 0.89 7 7 0 12.30 
4.782 2 1 2 0 0.1925 0.1925 0.5464 0.0561 0.126965 0.012184 3.1975 1 2.6600 1  1762 2287 2447 2528 2757 3084 3215 2811  1 1 1 0 0 -0.10 0 5 0.89 7 7 0 12.29 
4.797 2 1 2 0 0.1804 0.1804 0.5486 0.0564 0.129556 0.012259 3.2045 1 2.6600 1  1745 2257 2432 2516 2747 3063 3202 2796  1 1 1 0 0 -0.10 0 5 0.89 7 7 0 12.30 
4.812 2 1 2 0 0.1703 0.1703 0.5507 0.0567 0.132147 0.011369 3.2076 1 2.6600 1  1726 2262 2428 2524 2733 3059 3195 2802  1 1 1 0 0 -0.10 0 5 0.88 7 7 0 12.29 
4.827 2 1 2 0 0.1913 0.1913 0.5531 0.0570 0.132147 0.012193 3.2260 1 2.6600 1  1719 2206 2424 2526 2748 3058 3201 2832  1 1 1 0 0 -0.10 0 5 0.90 7 7 0 12.30 
4.842 2 1 2 0 0.1757 0.1757 0.5553 0.0573 0.134738 0.012463 3.2194 1 2.6600 1  1722 2225 2419 2545 2757 3056 3207 2822  1 1 1 0 0 -0.10 0 5 0.90 7 7 0 12.29 
4.857 2 1 2 0 0.1744 0.1744 0.5577 0.0576 0.134738 0.012279 3.2230 1 2.6600 1  1738 2196 2397 2522 2773 3050 3205 2815  1 1 1 0 0 -0.10 0 5 0.90 7 7 0 12.30 
4.872 2 1 2 0 0.1802 0.1802 0.5603 0.0580 0.137329 0.012261 3.2203 1 2.6600 1  1707 2195 2416 2561 2767 3057 3219 2821  1 1 1 0 0 -0.10 0 5 0.90 7 7 0 12.30 
4.887 2 1 2 0 0.1804 0.1804 0.5627 0.0583 0.137329 0.013094 3.2140 1 2.6600 1  1706 2214 2411 2566 2772 3050 3215 2818  1 1 1 0 0 -0.10 0 5 0.89 7 7 0 12.30 
4.902 2 1 2 0 0.1849 0.1849 0.5649 0.0586 0.139921 0.012705 3.2192 1 2.6600 1  1700 2208 2433 2539 2759 3065 3215 2827  1 1 1 0 0 -0.10 0 5 0.90 7 7 0 12.29 
4.917 2 1 2 0 0.1774 0.1774 0.5671 0.0589 0.142512 0.012411 3.2175 1 2.6600 1  1690 2197 2424 2567 2770 3044 3190 2801  1 1 1 0 0 -0.10 0 5 0.89 7 7 0 12.30 
4.932 2 1 2 0 0.1935 0.1935 0.5696 0.0593 0.139921 0.013475 3.1961 1 2.6600 1  1687 2192 2442 2578 2776 3087 3194 2798  1 1 1 0 0 -0.10 0 5 0.89 7 7 0 12.29 
4.947 2 1 2 0 0.1893 0.1893 0.5718 0.0596 0.142512 0.013667 3.2078 1 2.6600 1  1695 2191 2411 2580 2774 3064 3186 2787  1 1 1 0 0 -0.10 0 5 0.88 7 7 0 12.29 
4.962 2 1 2 0 0.1766 0.1766 0.5744 0.0600 0.145103 0.012128 3.2188 1 2.6600 1  1694 2189 2414 2574 2772 3038 3174 2784  1 1 1 0 0 -0.10 0 5 0.88 7 7 0 12.29 
4.977 2 1 2 0 0.1937 0.1937 0.5768 0.0603 0.145103 0.012954 3.2232 1 2.6600 1  1690 2184 2424 2567 2762 3015 3163 2779  1 1 1 0 0 -0.10 0 5 0.87 7 7 0 12.29 
4.992 2 1 2 0 0.1749 0.1749 0.5792 0.0607 0.145103 0.012386 3.2369 1 2.6600 1  1673 2174 2395 2563 2747 2989 3153 2786  1 1 1 0 0 -0.10 0 5 0.88 7 7 0 12.29 
5.007 2 1 2 0 0.1912 0.1912 0.5818 0.0611 0.147694 0.011971 3.2347 1 2.6600 1  1720 2183 2390 2558 2729 2991 3149 2777  1 1 1 0 0 -0.10 0 5 0.87 7 7 0 12.29 
5.022 2 1 2 0 0.1900 0.1900 0.5840 0.0614 0.150285 0.011454 3.2429 1 2.6600 1  1711 2187 2388 2521 2711 2980 3137 2775  1 1 1 0 0 -0.10 0 5 0.87 7 7 0 12.28 
5.037 2 1 2 0 0.2082 0.2082 0.5865 0.0618 0.147694 0.013283 3.2468 1 2.6600 1  1710 2189 2381 2478 2706 2964 3110 2777  1 1 1 0 0 -0.10 0 5 0.87 7 7 0 12.29 
5.052 2 1 2 0 0.1919 0.1919 0.5891 0.0622 0.150285 0.013020 3.2470 1 2.6600 1  1693 2182 2365 2506 2694 2963 3145 2773  1 1 1 0 0 -0.10 0 5 0.87 7 7 0 12.28 
5.067 2 1 2 0 0.1987 0.1987 0.5913 0.0625 0.152876 0.012689 3.2508 1 2.6600 1  1677 2168 2348 2479 2683 2945 3121 2762  1 1 1 0 0 -0.10 0 5 0.86 7 7 0 12.29 
5.082 2 1 2 0 0.1957 0.1957 0.5941 0.0629 0.152876 0.013650 3.2508 1 2.6600 1  1705 2175 2353 2496 2678 2939 3141 2752  1 1 1 0 0 -0.10 0 5 0.86 7 7 0 12.29 
5.097 2 1 2 0 0.3439 -0.2180 0.5963 0.0633 0.150285 0.012780 0.0000 0 0.0000 0  1733 2210 2375 2504 2662 2897 3084 2751  1 1 1 0 0 0.00 0 0 1.00 -1 -1 0 12.09 
5.112 2 1 2 0 0.3814 -0.1761 0.5973 0.0634 0.121783 0.009545 0.0000 0 0.0000 0  1734 2200 2416 2491 2644 2916 3080 2755  1 1 1 0 0 0.00 0 0 1.00 -1 -1 0 12.25 
5.127 2 1 2 0 0.4899 0.0131 0.5995 0.0637 0.093280 0.016817 0.0000 0 0.0000 0  1783 2281 2439 2535 2722 3014 3196 2825  1 1 1 0 0 0.00 0 0 1.00 -1 -1 0 12.23 
5.142 2 1 2 0 0.3051 0.3051 0.6029 0.0639 0.069960 0.016734 3.2229 1 2.6600 1  1810 2282 2478 2558 2771 3113 3250 2871  1 1 1 0 0 -0.10 0 5 0.93 7 7 0 12.27 
5.157 2 1 2 0 0.2009 0.2009 0.6061 0.0641 0.054414 0.009425 3.1953 1 2.6600 1  1777 2303 2450 2541 2808 3140 3272 2860  1 1 1 0 0 -0.10 0 5 0.93 7 7 0 12.29 
5.172 2 1 2 0 0.2579 0.2579 0.6093 0.0643 0.044049 0.004658 2.6436 1 2.6600 1  1751 2254 2432 2536 2808 3167 3285 2830  1 1 1 0 0 -0.10 0 5 0.89 6 7 0 12.29 
5.187 2 1 2 0 0.2256 0.2256 0.6125 0.0644 0.033685 0.001224 2.5565 1 2.6600 1  1729 2243 2395 2540 2858 3195 3300 2801  1 1 1 0 0 -0.10 0 5 0.89 6 7 0 12.29 
5.202 2 1 2 0 0.1997 0.1997 0.6157 0.0645 0.033685 -0.003566 2.5423 1 2.6600 1  1720 2218 2426 2557 2907 3262 3365 2863  1 1 1 0 0 -0.10 0 5 0.92 6 7 0 12.30 
5.217 2 1 2 0 0.1956 0.1956 0.6185 0.0646 0.033685 -0.006390 2.5373 1 2.6600 1  1711 2215 2378 2534 2859 3203 3296 2785  1 1 1 0 0 -0.10 0 5 0.89 6 7 0 12.30 
5.232 2 1 2 0 0.1899 0.1899 0.6211 0.0647 0.031094 -0.007150 2.5466 1 2.6600 1  1711 2194 2439 2558 2917 3235 3311 2825  1 1 1 0 0 -0.10 0 5 0.90 6 7 0 12.30 
5.247 2 1 2 0 0.1909 0.1909 0.6239 0.0648 0.031094 -0.006605 2.5259 1 2.6600 1  1717 2222 2407 2573 2916 3246 3302 2782  1 1 1 0 0 -0.10 0 5 0.89 6 7 0 12.29 
5.262 2 1 2 0 0.1698 0.1698 0.6263 0.0649 0.036276 -0.006465 2.5203 1 2.6600 1  1733 2242 2460 2600 2953 3239 3314 2793  1 1 1 0 0 -0.10 0 5 0.89 6 7 0 12.30 
5.277 2 1 2 0 0.1698 0.1698 0.6287 0.0650 0.036276 -0.006420 2.5140 1 2.6600 1  1719 2241 2455 2613 2963 3230 3301 2806  1 1 1 0 0 -0.10 0 5 0.89 6 7 0 12.29 
5.292 2 1 2 0 0.1869 0.1869 0.6309 0.0650 0.038867 -0.004851 2.5099 1 2.6600 1  1707 2257 2464 2644 2992 3244 3324 2815  1 1 1 0 0 -0.10 0 5 0.90 6 7 0 12.29 
5.307 2 1 2 0 0.1639 0.1639 0.6332 0.0651 0.041458 -0.003990 2.5103 1 2.6600 1  1734 2219 2437 2615 2988 3270 3326 2819  1 1 1 0 0 -0.10 0 5 0.90 6 7 0 12.29 
5.322 2 1 2 0 0.1636 0.1636 0.6356 0.0652 0.041458 -0.002345 2.5104 1 2.6600 1  1681 2228 2450 2621 3008 3292 3343 2831  1 1 1 0 0 -0.10 0 5 0.91 6 7 0 12.28 
5.337 2 1 2 0 0.1786 0.1786 0.6376 0.0653 0.046640 -0.000507 2.5074 1 2.6600 1  1711 2206 2424 2596 3006 3286 3322 2830  1 1 1 0 0 -0.10 0 5 0.90 6 7 0 12.30 
5.352 2 1 2 0 0.1771 0.1771 0.6400 0.0654 0.046640 0.002007 2.5161 1 2.6308 1  1697 2232 2462 2653 3094 3430 3485 2917  1 1 1 0 0 -0.10 0 5 0.94 5 7 0 12.29 
5.367 2 1 2 0 0.1677 0.1677 0.6420 0.0655 0.051823 0.003408 2.5192 1 2.6600 1  1668 2172 2372 2569 2998 3293 3361 2851  1 1 1 0 0 -0.10 0 5 0.93 6 7 0 12.27 
5.382 2 1 2 0 0.1672 0.1672 0.6442 0.0656 0.054414 0.004339 2.5270 1 2.6600 1  1659 2152 2355 2541 2987 3303 3384 2849  1 1 1 0 0 -0.10 0 5 0.93 6 7 0 12.29 
5.397 2 1 2 0 0.1642 0.1642 0.6462 0.0657 0.054414 0.005595 2.5221 1 2.6600 1  1630 2137 2341 2548 2985 3283 3361 2854  1 1 1 0 0 -0.10 0 5 0.92 6 7 0 12.28 
5.412 2 1 2 0 0.1806 0.1806 0.6484 0.0659 0.057005 0.008327 2.5203 1 2.6600 1  1634 2128 2336 2547 2998 3305 3365 2865  1 1 1 0 0 -0.10 0 5 0.93 6 7 0 12.29 
5.427 2 1 2 0 0.1730 0.1730 0.6504 0.0660 0.062187 0.008897 2.5222 1 2.6600 1  1644 2131 2323 2533 2988 3295 3363 2864  1 1 1 0 0 -0.10 0 5 0.93 6 7 0 12.29 
5.442 2 1 2 0 0.1653 0.1653 0.6526 0.0661 0.064778 0.009694 2.5361 1 2.6600 1  1630 2123 2311 2526 2996 3309 3367 2877  1 1 1 0 0 -0.10 0 5 0.93 6 7 0 12.29 
5.457 2 1 2 0 0.1816 0.1816 0.6548 0.0663 0.067369 0.010265 2.5292 1 2.6600 1  1637 2139 2325 2531 3033 3368 3437 2905  1 1 1 0 0 -0.10 0 5 0.97 6 7 0 12.29 
5.472 2 1 2 0 0.1775 0.1775 0.6572 0.0665 0.072552 0.011470 2.5701 1 2.6600 1  1649 2121 2322 2546 3029 3336 3389 2913  1 1 1 0 0 -0.10 0 5 0.95 6 7 0 12.30 
5.487 2 1 2 0 0.1841 0.1841 0.6594 0.0666 0.075143 0.012248 2.6591 1 2.6600 1  1672 2151 2322 2544 3042 3330 3359 2932  1 1 1 0 0 -0.10 0 5 0.95 6 7 0 12.30 
5.502 2 1 2 0 0.1732 0.1732 0.6616 0.0668 0.077734 0.012030 2.6534 1 2.6600 1  1684 2119 2337 2547 3041 3343 3388 2955  1 1 1 0 0 -0.10 0 5 0.96 6 7 0 12.30 
5.517 2 1 2 0 0.1836 0.1836 0.6640 0.0670 0.082916 0.012638 2.5604 1 2.6600 1  1688 2174 2363 2568 3028 3352 3397 2929  1 1 1 0 0 -0.10 0 5 0.96 6 7 0 12.30 
5.532 2 1 2 0 0.1905 0.1905 0.6664 0.0672 0.082916 0.013574 3.0023 1 2.6600 1  1703 2204 2383 2595 3084 3359 3410 2972  1 1 1 0 0 -0.10 0 5 0.97 6 7 0 12.29 
5.547 2 1 2 0 0.1879 0.1879 0.6686 0.0674 0.085507 0.013653 2.5899 1 2.6600 1  1721 2183 2392 2611 3087 3363 3397 2928  1 1 1 0 0 -0.10 0 5 0.96 6 7 0 12.29 
5.562 2 1 2 0 0.1806 0.1806 0.6710 0.0676 0.090689 0.013231 2.9897 1 2.6600 1  1722 2233 2405 2623 3118 3370 3409 2981  1 1 1 0 0 -0.10 0 5 0.98 6 7 0 12.30 
5.577 2 1 2 0 0.1999 0.1999 0.6734 0.0678 0.090689 0.013765 2.5156 1 2.6600 1  1737 2250 2437 2641 3139 3413 3431 2922  1 1 1 0 0 -0.10 0 5 0.97 6 7 0 12.29 
5.592 2 1 2 0 0.1835 0.1835 0.6758 0.0680 0.095872 0.013633 2.5670 1 2.6600 1  1742 2257 2439 2666 3157 3395 3420 2940  1 1 1 0 0 -0.10 0 5 0.97 6 7 0 12.30 
5.607 2 1 2 0 0.1812 0.1812 0.6784 0.0683 0.098463 0.013463 2.4935 1 2.6600 1  1741 2266 2466 2689 3177 3435 3459 2976  1 1 1 0 0 -0.10 0 5 1.00 6 7 0 12.30 
5.622 2 1 2 0 0.2009 0.2009 0.6806 0.0685 0.101054 0.013497 2.5656 1 2.6600 1  1756 2282 2497 2705 3166 3401 3420 2951  1 1 1 0 0 -0.10 0 5 0.97 6 7 0 12.29 
5.637 2 1 2 0 0.1963 0.1963 0.6832 0.0688 0.103645 0.013343 2.6067 1 2.6600 1  1762 2291 2512 2697 3154 3393 3402 2946  1 1 1 0 0 -0.10 0 5 0.97 6 7 0 12.29 
5.652 2 1 2 0 0.1887 0.1887 0.6858 0.0690 0.106236 0.012807 2.6043 1 2.6600 1  1767 2298 2495 2709 3167 3404 3408 2955  1 1 1 0 0 -0.10 0 5 0.97 6 7 0 12.29 
5.667 2 1 2 0 0.1874 0.1874 0.6880 0.0693 0.108827 0.012186 2.5849 1 2.6600 1  1755 2292 2504 2706 3166 3387 3414 2951  1 1 1 0 0 -0.10 0 5 0.97 6 7 0 12.29 
5.682 2 1 2 0 0.2042 0.2042 0.6906 0.0696 0.111418 0.012281 2.5693 1 2.6600 1  1744 2297 2500 2697 3165 3396 3422 2952  1 1 1 0 0 -0.10 0 5 0.98 6 7 0 12.28 
5.697 2 1 2 0 0.1905 0.1905 0.6932 0.0699 0.114009 0.011566 2.5891 1 2.6600 1  1743 2290 2484 2722 3179 3403 3414 2958  1 1 1 0 0 -0.10 0 5 0.97 6 7 0 12.28 
5.712 2 1 2 0 0.1930 0.1930 0.6958 0.0702 0.116601 0.011238 2.5286 1 2.6600 1  1767 2293 2502 2745 3186 3396 3426 2958  1 1 1 0 0 -0.10 0 5 0.98 6 7 0 12.29 
5.727 2 1 2 0 0.2057 0.2057 0.6982 0.0704 0.121783 0.011554 2.5698 1 2.6600 1  1740 2299 2495 2723 3191 3405 3400 2947  1 1 1 0 0 -0.10 0 5 0.97 6 7 0 12.29 
5.742 2 1 2 0 0.1903 0.1903 0.7010 0.0708 0.121783 0.011445 2.5464 1 2.6600 1  1765 2288 2487 2699 3205 3399 3420 2953  1 1 1 0 0 -0.10 0 5 0.97 6 7 0 12.29 
5.757 2 1 2 0 0.1958 0.1958 0.7034 0.0711 0.126965 0.010788 2.4582 1 2.6600 1  1714 2274 2487 2732 3212 3431 3452 2960  1 1 1 0 0 -0.10 0 5 0.99 6 7 0 12.28 
5.772 2 1 2 0 0.1846 0.1846 0.7058 0.0714 0.126965 0.009836 2.4765 1 2.6600 1  1673 2252 2475 2711 3205 3408 3449 2940  1 1 1 0 0 -0.10 0 5 0.97 6 7 0 12.30 
5.787 2 1 2 0 0.1992 0.1992 0.7085 0.0717 0.126965 0.009912 2.5210 1 2.6600 1  1694 2240 2483 2755 3196 3386 3409 2949  1 1 1 0 0 -0.10 0 5 0.97 6 7 0 12.29 
5.802 2 1 2 0 0.1858 0.1858 0.7111 0.0721 0.129556 0.009238 2.4525 1 2.6600 1  1671 2220 2441 2711 3204 3397 3407 2918  1 1 1 0 0 -0.10 0 5 0.96 6 7 0 12.29 
5.817 2 1 2 0 0.1826 0.1826 0.7135 0.0724 0.129556 0.008375 2.4623 1 2.6600 1  1653 2210 2433 2709 3192 3414 3430 2904  1 1 1 0 0 -0.10 0 5 0.97 6 7 0 12.29 
5.832 2 1 2 0 0.1999 0.1999 0.7161 0.0727 0.132147 0.008631 2.4495 1 2.6600 1  1631 2179 2401 2690 3183 3390 3405 2908  1 1 1 0 0 -0.10 0 5 0.95 6 7 0 12.30 
5.847 2 1 2 0 0.1869 0.1869 0.7185 0.0730 0.132147 0.009094 2.4584 1 2.6600 1  1608 2114 2367 2664 3157 3386 3398 2897  1 1 1 0 0 -0.10 0 5 0.95 6 7 0 12.29 
5.862 2 1 2 0 0.1854 0.1854 0.7211 0.0734 0.134738 0.008605 2.4765 1 2.6600 1  1578 2100 2321 2617 3160 3383 3384 2885  1 1 1 0 0 -0.10 0 5 0.95 6 7 0 12.30 
5.877 2 1 2 0 0.1974 0.1974 0.7237 0.0738 0.137330 0.009813 2.4848 1 2.6600 1  1555 2039 2272 2575 3099 3369 3385 2879  1 1 1 0 0 -0.10 0 5 0.94 6 7 0 12.29 
5.892 2 1 2 0 0.1883 0.1883 0.7261 0.0741 0.137330 0.009883 2.4794 1 2.6600 1  1531 2048 2242 2549 3108 3361 3381 2860  1 1 1 0 0 -0.10 0 5 0.94 6 7 0 12.29 
5.907 2 1 2 0 0.1907 0.1907 0.7286 0.0744 0.139921 0.009774 2.4919 1 2.6600 1  1522 2009 2241 2544 3111 3360 3383 2900  1 1 1 0 0 -0.10 0 5 0.94 6 7 0 12.29 
5.922 2 1 2 0 0.1990 0.1990 0.7312 0.0748 0.142512 0.010381 2.4912 1 2.6600 1  1525 2001 2223 2541 3098 3354 3383 2890  1 1 1 0 0 -0.10 0 5 0.94 6 7 0 12.29 
5.937 2 1 2 0 0.1860 0.1860 0.7336 0.0751 0.142512 0.010481 2.4901 1 2.6600 1  1522 2011 2229 2534 3116 3385 3389 2905  1 1 1 0 0 -0.10 0 5 0.95 6 7 0 12.30 
5.952 2 1 2 0 0.1882 0.1882 0.7362 0.0755 0.145103 0.009968 2.4856 1 2.6600 1  1514 2010 2222 2546 3100 3366 3391 2898  1 1 1 0 0 -0.10 0 5 0.94 6 7 0 12.30 
5.967 2 1 2 0 0.1975 0.1975 0.7388 0.0759 0.147694 0.009782 2.4951 1 2.6600 1  1525 2019 2234 2541 3114 3355 3408 2908  1 1 1 0 0 -0.10 0 5 0.96 6 7 0 12.29 
5.982 2 1 2 0 0.2047 0.2047 0.7416 0.0763 0.147694 0.011339 2.5061 1 2.6600 1  1530 2034 2246 2551 3119 3387 3413 2931  1 1 1 0 0 -0.10 0 5 0.96 6 7 0 12.29 
5.997 2 1 2 0 0.1983 0.1983 0.7441 0.0767 0.150285 0.010561 2.4911 1 2.6600 1  1540 2034 2221 2542 3116 3358 3405 2914  1 1 1 0 0 -0.10 0 5 0.96 6 7 0 12.29 
6.012 2 1 2 0 0.1997 0.1997 0.7469 0.0771 0.150285 0.010150 2.4917 1 2.6600 1  1547 2056 2270 2566 3121 3389 3420 2919  1 1 1 0 0 -0.10 0 5 0.96 6 7 0 12.30 
6.027 2 1 2 0 0.2129 0.2129 0.7497 0.0776 0.150285 0.011202 2.4842 1 2.6600 1  1549 2076 2283 2558 3131 3394 3410 2910  1 1 1 0 0 -0.10 0 5 0.96 6 7 0 12.29 
6.042 2 1 2 0 0.2051 0.2051 0.7523 0.0779 0.152876 0.010880 2.4819 1 2.6600 1  1602 2085 2305 2588 3136 3408 3410 2901  1 1 1 0 0 -0.10 0 5 0.95 6 7 0 12.28 
6.057 2 1 2 0 0.2064 0.2064 0.7549 0.0783 0.155467 0.010452 2.4830 1 2.6600 1  1586 2109 2327 2600 3142 3418 3421 2890  1 1 1 0 0 -0.10 0 5 0.96 6 7 0 12.29 
6.072 2 1 2 0 0.2063 0.2063 0.7576 0.0788 0.155467 0.011076 2.4696 1 2.6600 1  1584 2116 2337 2620 3157 3394 3411 2890  1 1 1 0 0 -0.10 0 5 0.95 6 7 0 12.28 
6.087 2 1 2 0 0.2002 0.2002 0.7604 0.0792 0.155467 0.009956 2.4766 1 2.6600 1  1554 2101 2325 2614 3149 3384 3418 2881  1 1 1 0 0 -0.10 0 5 0.95 6 7 0 12.28 
6.102 2 1 2 0 0.2086 0.2086 0.7632 0.0796 0.155467 0.009415 2.4592 1 2.6600 1  1577 2079 2316 2640 3164 3390 3399 2878  1 1 1 0 0 -0.10 0 5 0.94 6 7 0 12.29 
6.117 2 1 2 0 0.2130 0.2130 0.7660 0.0801 0.155467 0.009935 2.4640 1 2.6600 1  1579 2072 2294 2627 3158 3386 3395 2881  1 1 1 0 0 -0.10 0 5 0.95 6 7 0 12.29 
6.132 2 1 2 0 0.2071 0.2071 0.7687 0.0805 0.160650 0.009293 2.4647 1 2.6600 1  1563 2052 2288 2625 3161 3390 3391 2880  1 1 1 0 0 -0.10 0 5 0.95 6 7 0 12.30 
6.147 2 1 2 0 0.2139 0.2139 0.7715 0.0810 0.160650 0.009153 2.4536 1 2.6600 1  1572 2074 2291 2606 3168 3390 3389 2891  1 1 1 0 0 -0.10 0 5 0.94 6 7 0 12.29 
6.162 2 1 2 0 0.2114 0.2114 0.7743 0.0814 0.160650 0.009589 2.4698 1 2.6600 1  1574 2087 2314 2638 3174 3395 3443 2914  1 1 1 0 0 -0.10 0 5 0.96 6 7 0 12.29 
6.177 2 1 2 0 0.2153 0.2153 0.7773 0.0819 0.163241 0.008969 2.5712 1 2.6600 1  1591 2090 2332 2660 3177 3396 3387 2925  1 1 1 0 0 -0.10 0 5 0.95 6 7 0 12.29 
6.192 2 1 2 0 0.2292 0.2292 0.7800 0.0824 0.163241 0.009542 2.4770 1 2.6600 1  1578 2124 2336 2664 3183 3390 3410 2925  1 1 1 0 0 -0.10 0 5 0.96 6 7 0 12.29 
6.207 2 1 2 0 0.2161 0.2161 0.7828 0.0828 0.163241 0.009055 2.4727 1 2.6600 1  1577 2105 2324 2627 3195 3440 3464 2946  1 1 1 0 0 -0.10 0 5 0.99 6 7 0 12.29 
6.222 2 1 2 0 0.2077 0.2077 0.7856 0.0833 0.168423 0.008656 2.4743 1 2.6600 1  1586 2097 2312 2614 3151 3404 3419 2925  1 1 1 0 0 -0.10 0 5 0.96 6 7 0 12.30 
6.237 2 1 2 0 0.2305 0.2305 0.7886 0.0838 0.165832 0.009266 2.5287 1 2.6600 1  1599 2110 2315 2605 3136 3397 3409 2947  1 1 1 0 0 -0.10 0 5 0.97 6 7 0 12.30 
6.252 2 1 2 0 0.2227 0.2227 0.7913 0.0843 0.171014 0.008803 2.4766 1 2.6600 1  1610 2123 2344 2628 3179 3423 3441 2940  1 1 1 0 0 -0.10 0 5 0.97 6 7 0 12.29 
6.267 2 1 2 0 0.2219 0.2219 0.7943 0.0848 0.173605 0.007422 2.5575 1 2.6600 1  1666 2181 2372 2645 3165 3377 3414 2951  1 1 1 0 0 -0.10 0 5 0.97 6 7 0 12.30 
6.282 2 1 2 0 0.2268 0.2268 0.7975 0.0853 0.173605 0.008273 2.5370 1 2.6600 1  1686 2196 2405 2666 3169 3410 3425 2955  1 1 1 0 0 -0.10 0 5 0.97 6 7 0 12.29 
6.297 2 1 2 0 0.2144 0.2144 0.8000 0.0858 0.176197 0.006418 2.5557 1 2.6600 1  1700 2226 2426 2690 3165 3394 3411 2936  1 1 1 0 0 -0.10 0 5 0.97 6 7 0 12.29 
6.312 2 1 2 0 0.2211 0.2211 0.8030 0.0863 0.178788 0.005483 2.5253 1 2.6600 1  1680 2212 2436 2719 3212 3436 3438 2958  1 1 1 0 0 -0.10 0 5 0.99 6 7 0 12.29 
6.327 2 1 2 0 0.2129 0.2129 0.8060 0.0869 0.181379 0.005606 2.6113 1 2.6600 1  1690 2212 2411 2716 3215 3407 3432 2999  1 1 1 0 0 -0.10 0 5 0.99 6 7 0 12.29 
6.342 2 1 2 0 0.2115 0.2115 0.8087 0.0874 0.181379 0.004759 2.5705 1 2.6600 1  1684 2209 2439 2704 3217 3455 3447 3005  1 1 1 0 0 -0.10 0 5 0.99 6 7 0 12.29 
6.357 2 1 2 0 0.2247 0.2247 0.8117 0.0879 0.183970 0.004709 2.5734 1 2.6600 1  1694 2215 2438 2708 3215 3419 3443 2994  1 1 1 0 0 -0.10 0 5 0.99 6 7 0 12.29 
6.372 2 1 2 0 0.2128 0.2128 0.8147 0.0885 0.186561 0.004444 2.5881 1 2.6600 1  1681 2227 2450 2680 3195 3422 3440 2999  1 1 1 0 0 -0.10 0 5 0.99 6 7 0 12.29 
6.387 2 1 2 0 0.2198 0.2198 0.8176 0.0890 0.189152 0.003731 2.8752 1 2.6600 1  1691 2201 2434 2687 3173 3414 3423 2997  1 1 1 0 0 -0.10 0 5 0.98 6 7 0 12.29 
6.402 2 1 2 0 0.2291 0.2291 0.8208 0.0896 0.189152 0.004248 2.9596 1 2.6600 1  1601 2146 2355 2595 3122 3384 3409 2965  1 1 1 0 0 -0.10 0 5 0.98 6 7 0 12.29 
6.417 2 1 2 0 0.2210 0.2210 0.8233 0.0901 0.191743 0.003614 2.6481 1 2.6600 1  1649 2157 2376 2689 3135 3412 3425 2986  1 1 1 0 0 -0.10 0 5 0.99 6 7 0 12.29 
6.432 2 1 2 0 0.2123 0.2123 0.8263 0.0907 0.194334 0.003003 2.6453 1 2.6600 1  1610 2147 2373 2652 3144 3382 3430 2980  1 1 1 0 0 -0.10 0 5 0.98 6 7 0 12.28 
6.447 2 1 2 0 0.2371 0.2371 0.8292 0.0913 0.196926 0.004158 2.6553 1 2.6600 1  1600 2134 2377 2658 3139 3374 3407 2968  1 1 1 0 0 -0.10 0 5 0.98 6 7 0 12.29 
6.462 2 1 2 0 0.2232 0.2232 0.8322 0.0919 0.199517 0.003401 2.5133 1 2.6600 1  1595 2143 2412 2653 3153 3419 3480 2987  1 1 1 0 0 -0.10 0 5 1.00 6 7 0 12.28 
6.477 2 1 2 0 0.2288 0.2288 0.8351 0.0925 0.202108 0.002613 2.9348 1 2.6600 1  1591 2144 2390 2625 3130 3384 3409 2970  1 1 1 0 0 -0.10 0 5 0.98 6 7 0 12.29 
6.492 2 1 2 0 0.2219 0.2219 0.8381 0.0931 0.204699 0.003199 2.5913 1 2.6600 1  1619 2170 2417 2655 3125 3384 3439 2965  1 1 1 0 0 -0.10 0 5 0.98 6 7 0 12.29 
6.507 2 1 2 0 0.2281 0.2281 0.8408 0.0937 0.209881 0.002864 2.9580 1 2.6600 1  1606 2171 2426 2630 3089 3362 3376 2949  1 1 1 0 0 -0.10 0 5 0.96 6 7 0 12.29 
6.522 2 1 2 0 0.2230 0.2230 0.8438 0.0943 0.212472 0.002267 2.5434 1 2.6600 1  1635 2210 2433 2633 3081 3360 3412 2923  1 1 1 0 0 -0.10 0 5 0.97 6 7 0 12.30 
6.537 2 1 2 0 0.2189 0.2189 0.8467 0.0950 0.215064 0.002654 2.5766 1 2.6600 1  1681 2197 2416 2590 3039 3335 3359 2904  1 1 1 0 0 -0.10 0 5 0.94 6 7 0 12.29 
6.552 2 1 2 0 0.2204 0.2204 0.8495 0.0956 0.220246 0.001898 2.5215 1 2.6600 1  1707 2210 2407 2586 3008 3316 3372 2883  1 1 1 0 0 -0.10 0 5 0.94 6 7 0 12.30 
6.567 2 1 2 0 0.2336 0.2336 0.8526 0.0963 0.220246 0.001740 2.5251 1 2.6600 1  1754 2277 2438 2590 3039 3306 3368 2881  1 1 1 0 0 -0.10 0 5 0.93 6 7 0 12.30 
6.582 2 1 2 0 0.2217 0.2217 0.8554 0.0969 0.225428 0.001504 2.5117 1 2.6600 1  1800 2297 2483 2626 3020 3306 3363 2850  1 1 1 0 0 -0.10 0 5 0.92 6 7 0 12.30 
6.597 2 1 2 0 0.2208 0.2208 0.8583 0.0976 0.228019 0.000875 2.5310 1 2.6600 1  1835 2372 2514 2642 3036 3300 3351 2862  1 1 1 0 0 -0.10 0 5 0.93 6 7 0 12.30 
6.612 2 1 2 0 0.2292 0.2292 0.8612 0.0983 0.230610 0.001323 2.5300 1 2.6600 1  1839 2362 2549 2659 3017 3306 3354 2886  1 1 1 0 0 -0.10 0 5 0.93 6 7 0 12.30 
6.627 2 1 2 0 0.2152 0.2152 0.8640 0.0989 0.235793 0.000961 2.5125 1 2.6600 1  1865 2387 2576 2687 3049 3301 3351 2869  1 1 1 0 0 -0.10 0 5 0.92 6 7 0 12.30 
6.642 2 1 2 0 0.2147 0.2147 0.8669 0.0996 0.238384 0.000984 2.5633 1 2.6600 1  1840 2379 2562 2701 3036 3285 3355 2880  1 1 1 0 0 -0.10 0 5 0.93 6 7 0 12.29 
6.657 2 1 2 0 0.2282 0.2282 0.8696 0.1003 0.238384 0.001283 2.5464 1 2.6600 1  1824 2360 2543 2688 3030 3292 3338 2861  1 1 1 0 0 -0.10 0 5 0.92 6 7 0 12.29 
6.672 2 1 2 0 0.2211 0.2211 0.8725 0.1010 0.240975 0.001528 2.4991 1 2.6600 1  1816 2344 2556 2678 3035 3265 3343 2843  1 1 1 0 0 -0.10 0 5 0.92 6 7 0 12.30 
6.687 2 1 2 0 0.2223 0.2223 0.8753 0.1017 0.246157 0.000882 2.5111 1 2.6600 1  1782 2317 2524 2643 2996 3286 3338 2844  1 1 1 0 0 -0.10 0 5 0.91 6 7 0 12.29 
6.702 2 1 2 0 0.2226 0.2226 0.8782 0.1024 0.248748 0.001852 2.5200 1 2.6600 1  1749 2291 2487 2598 2958 3248 3326 2835  1 1 1 0 0 -0.10 0 5 0.91 6 7 0 12.29 
6.717 2 1 2 0 0.2241 0.2241 0.8811 0.1031 0.251339 0.001479 2.5407 1 2.6600 1  1744 2278 2467 2578 2925 3241 3308 2821  1 1 1 0 0 -0.10 0 5 0.90 6 7 0 12.29 
6.732 2 1 2 0 0.2207 0.2207 0.8838 0.1038 0.256522 0.001329 2.5686 1 2.6600 1  1751 2287 2493 2607 2923 3248 3298 2820  1 1 1 0 0 -0.10 0 5 0.90 6 7 0 12.28 
6.747 2 1 2 0 0.2347 0.2347 0.8868 0.1046 0.259113 0.002786 2.5838 1 2.6600 1  1779 2295 2498 2627 2921 3234 3297 2825  1 1 1 0 0 -0.10 0 5 0.90 6 7 0 12.29 
6.762 2 1 2 0 0.2231 0.2231 0.8895 0.1053 0.259113 0.002154 2.5835 1 2.6600 1  1761 2294 2508 2617 2905 3214 3289 2822  1 1 1 0 0 -0.10 0 5 0.89 6 7 0 12.28 
6.777 2 1 2 0 0.2280 0.2280 0.8924 0.1061 0.261704 0.001861 2.6305 1 2.6600 1  1752 2292 2504 2599 2895 3199 3281 2822  1 1 1 0 0 -0.10 0 5 0.89 6 7 0 12.28 
6.792 2 1 2 0 0.2174 0.2174 0.8953 0.1069 0.264295 0.001569 2.5941 1 2.6600 1  1705 2298 2516 2594 2880 3199 3303 2826  1 1 1 0 0 -0.10 0 5 0.90 6 7 0 12.29 
6.807 2 1 2 0 0.2211 0.2211 0.8982 0.1077 0.266886 0.000768 3.0844 1 2.6600 1  1737 2294 2525 2630 2879 3181 3258 2815  1 1 1 0 0 -0.10 0 5 0.88 6 7 0 12.29 
6.822 2 1 2 0 0.2145 0.2145 0.9011 0.1085 0.269477 0.000008 2.5389 1 2.6600 1  1750 2314 2549 2646 2912 3245 3344 2859  1 1 1 0 0 -0.10 0 5 0.92 6 7 0 12.28 
6.837 2 1 2 0 0.2239 0.2239 0.9040 0.1093 0.272068 0.000265 2.6316 1 2.6600 1  1730 2282 2491 2593 2851 3169 3267 2805  1 1 1 0 0 -0.10 0 5 0.88 6 7 0 12.29 
6.852 2 1 2 0 0.2048 0.2048 0.9069 0.1101 0.274660 -0.000700 3.1123 1 2.6600 1  1701 2252 2487 2609 2842 3160 3247 2811  1 1 1 0 0 -0.10 0 5 0.88 6 7 0 12.29 
6.867 2 1 2 0 0.2071 0.2071 0.9096 0.1109 0.274660 -0.001274 2.6560 1 2.6600 1  1720 2212 2445 2551 2801 3125 3248 2795  1 1 1 0 0 -0.10 0 5 0.88 7 7 0 12.30 
6.882 2 1 2 0 0.2272 0.2272 0.9125 0.1117 0.277251 0.000125 3.1652 1 2.6600 1  1686 2194 2397 2497 2763 3098 3216 2788  1 1 1 0 0 -0.10 0 5 0.88 7 7 0 12.30 
6.897 2 1 2 0 0.2050 0.2050 0.9152 0.1125 0.277251 -0.000508 3.1900 1 2.6600 1  1658 2177 2334 2442 2723 3063 3205 2776  1 1 1 0 0 -0.10 0 5 0.87 7 7 0 12.29 
6.912 2 1 2 0 0.2269 0.2269 0.9181 0.1133 0.279842 0.000827 3.2124 1 2.6600 1  1637 2133 2298 2400 2668 3013 3170 2759  1 1 1 0 0 -0.10 0 5 0.86 7 7 0 12.29 
6.927 2 1 2 0 0.2035 0.2035 0.9208 0.1141 0.279842 0.001164 0.0000 1 0.0000 1  1600 2105 2279 2377 2608 2972 3157 2729  1 1 1 0 0 -0.10 0 2 1.00 -1 -1 0 12.30 
6.942 2 1 2 0 0.3601 -0.1952 0.9233 0.1148 0.266886 0.000168 0.0000 0 0.0000 0  1615 2079 2272 2337 2611 2953 3136 2752  1 1 1 0 0 0.00 0 0 1.00 -1 -1 0 12.24 
6.957 2 1 2 0 0.4396 -0.0694 0.9251 0.1152 0.238384 -0.001769 0.0000 0 0.0000 0  1609 2152 2317 2416 2631 3028 3235 2804  1 1 1 0 0 0.00 0 0 1.00 -1 -1 0 12.27 
