%% logfile from robot Alma (11)
% Alma (11)
%  1    time 2.945 sec
%  2  3  4  5   (mission 0), state 2, entered (thread 1, line 2), events 0x0 (bit-flags)
%  6  7 Motor velocity ref left, right: 0.3010 0.2793
%  8  9 10 11 Pose x,y,h,tilt [m,m,rad,rad]: 0.120487 0.000507317 -4.65661e-10 0.038173
% 12 .. 33 Edge sensor: left -3.000000 1, right -1.454516 1, values 2926 3223 3034 2743 2745 2684 2470 1780, 
%    white 1, used 1, LEDhigh=1, xingVal=-0.10 xlcnt=18 lvcnt=5,LineVal=1.00, lineLow=0, lineHi=0, edgeAngle=nan.
% whitelevel=[3068 3458 3495 3520 3531 3522 3474 3062];
% blacklevel=[740 1027 1136 1228 1243 1179 1067 772];
% 34    Battery voltage [V]: 12.09
2.945 2 1 2 0 0.3010 0.2793 0.1205 0.0005 -0.000000 0.038173 -3.0000 1 -1.4545 1  2926 3223 3034 2743 2745 2684 2470 1780  1 1 1 -0.10 18 5 1.00 0 0 nan 12.09 
2.948 2 1 2 0 0.2991 0.2791 0.1213 0.0005 -0.000000 0.037338 -3.0000 1 -1.4601 1  2948 3225 3024 2732 2730 2685 2442 1771  1 1 1 -0.10 19 5 1.00 0 0 nan 12.09 
2.951 2 1 2 0 0.3074 0.2889 0.1221 0.0005 -0.000000 0.037027 -3.0000 1 -1.4617 1  2951 3237 3022 2739 2728 2678 2454 1773  1 1 1 -0.10 16 5 1.00 0 0 nan 12.09 
2.954 2 1 2 0 0.3203 0.3030 0.1229 0.0005 -0.000000 0.037330 -3.0000 1 -1.4451 1  2969 3241 3034 2724 2715 2667 2445 1767  1 1 1 6.00 19 5 1.00 0 0 nan 12.09 
2.957 2 1 2 0 0.3201 0.3025 0.1237 0.0005 -0.000000 0.037332 -3.0000 1 -1.4582 1  2963 3244 3025 2733 2704 2667 2447 1767  1 1 1 6.00 20 5 1.00 0 0 nan 12.10 
2.960 2 1 2 0 0.3313 0.3134 0.1245 0.0005 -0.000000 0.037386 -3.0000 1 -1.4428 1  2971 3250 3043 2722 2698 2666 2433 1772  1 1 1 6.00 20 5 1.00 0 0 nan 12.11 
2.963 2 1 2 0 0.3192 0.3026 0.1253 0.0005 -0.000000 0.037213 -3.0000 1 -1.4380 1  2994 3254 3036 2691 2697 2672 2412 1771  1 1 1 6.00 20 5 1.00 0 0 nan 12.08 
2.966 2 1 2 0 0.3106 0.2950 0.1261 0.0005 -0.000000 0.036556 -3.0000 1 -1.4273 1  2968 3258 3051 2699 2689 2651 2407 1770  1 1 1 6.00 20 5 1.00 0 0 nan 12.09 
2.969 2 1 2 0 0.3139 0.2991 0.1269 0.0005 -0.000000 0.036140 -3.0000 1 -1.4143 1  2978 3270 3074 2713 2689 2657 2418 1773  1 1 1 6.00 20 5 1.00 0 0 nan 12.09 
2.972 2 1 2 0 0.3155 0.3015 0.1277 0.0005 -0.000000 0.035960 -3.0000 1 -1.4155 1  2985 3282 3080 2749 2683 2636 2421 1766  1 1 1 6.00 20 5 1.00 0 0 nan 12.09 
2.975 2 1 2 0 0.3295 0.2795 0.1287 0.0005 0.002591 0.035417 -3.0000 1 -1.3993 1  2960 3283 3085 2734 2678 2624 2388 1764  1 1 1 6.00 20 5 1.00 0 0 nan 12.09 
2.978 2 1 2 0 0.3265 0.2781 0.1295 0.0005 0.002591 0.034789 -3.0000 1 -1.3851 1  2982 3291 3100 2755 2678 2623 2410 1768  1 1 1 6.00 20 5 1.00 0 0 nan 12.09 
2.981 2 1 2 0 0.3268 0.2799 0.1303 0.0005 0.002591 0.034447 -3.0000 1 -1.3763 1  2973 3301 3115 2772 2681 2620 2406 1766  1 1 1 6.00 20 5 1.00 0 0 nan 12.09 
2.984 2 1 2 0 0.3398 0.2941 0.1311 0.0005 0.002591 0.034457 -3.0000 1 -1.3724 1  2963 3308 3118 2797 2688 2626 2418 1769  1 1 1 6.00 20 5 1.00 0 0 nan 12.10 
2.987 2 1 2 0 0.3492 0.3045 0.1319 0.0005 0.002591 0.034714 -3.0000 1 -1.3515 1  2993 3306 3131 2801 2690 2628 2400 1774  1 1 1 6.00 20 5 1.00 0 0 nan 12.09 
2.990 2 1 2 0 0.3292 0.3235 0.1329 0.0005 -0.000000 0.034713 -3.0000 1 -1.3495 1  2995 3317 3139 2796 2695 2630 2399 1787  1 1 1 6.00 20 5 1.00 0 0 nan 12.09 
2.993 2 1 2 0 0.3261 0.3198 0.1337 0.0005 -0.000000 0.034608 -3.0000 1 -1.3306 1  3006 3323 3161 2786 2699 2641 2419 1805  1 1 1 6.00 20 5 1.00 0 0 nan 12.09 
2.996 2 1 2 0 0.3170 0.3116 0.1345 0.0005 -0.000000 0.033944 -3.0000 1 -1.3161 1  2989 3313 3152 2813 2697 2658 2426 1807  1 1 1 6.00 20 5 1.00 0 0 nan 12.09 
2.999 2 1 2 0 0.3097 0.3051 0.1353 0.0005 -0.000000 0.033298 -3.0000 1 -1.3334 1  2983 3343 3163 2827 2710 2653 2460 1816  1 1 1 6.00 20 5 1.00 0 0 nan 12.10 
3.002 2 1 2 0 0.3136 0.3097 0.1362 0.0005 -0.000000 0.033114 -3.0000 1 -1.2987 1  3012 3344 3185 2834 2718 2652 2454 1817  1 1 1 6.00 20 5 1.00 0 0 nan 12.09 
3.005 2 1 2 0 0.3268 0.2853 0.1372 0.0005 0.002591 0.032572 -3.2508 1 -1.2662 1  2979 3333 3183 2878 2738 2673 2492 1824  1 1 1 6.00 20 5 1.00 0 0 nan 12.08 
3.008 2 1 2 0 0.3295 0.2899 0.1380 0.0005 0.002591 0.032001 -3.5623 1 -1.2333 1  2997 3346 3199 2884 2725 2675 2482 1824  1 1 1 6.00 20 5 1.00 0 0 nan 12.10 
3.011 2 1 2 0 0.3443 0.3062 0.1388 0.0005 0.002591 0.032188 -6.9142 1 -1.1574 1  3015 3363 3221 2904 2743 2688 2472 1832  1 1 1 6.00 20 5 1.00 0 0 nan 12.10 
3.014 2 1 2 0 0.3509 0.3128 0.1396 0.0005 0.002591 0.032468 -10.7788 1 -0.7685 1  3008 3347 3230 2917 2741 2684 2471 1826  1 1 1 6.00 19 5 1.00 0 0 nan 12.10 
3.017 2 1 2 0 0.3324 0.3309 0.1406 0.0005 -0.000000 0.032408 -3.2488 1 -1.1726 1  2992 3377 3239 2906 2765 2688 2474 1825  1 1 1 6.00 20 5 1.00 0 0 nan 12.10 
3.020 2 1 2 0 0.3386 0.3358 0.1414 0.0005 -0.000000 0.032688 -3.2366 1 -1.1623 1  2982 3384 3251 2946 2777 2692 2473 1823  1 1 1 6.00 20 5 1.00 0 0 nan 12.10 
3.023 2 1 2 0 0.3273 0.3249 0.1422 0.0005 -0.000000 0.032305 -3.2623 1 -0.7634 1  3002 3364 3263 2956 2775 2686 2476 1828  1 1 1 6.00 20 5 1.00 0 0 nan 12.09 
3.026 2 1 2 0 0.3344 0.2942 0.1432 0.0005 0.002591 0.031467 -3.2517 1 -0.7600 1  3002 3376 3264 2955 2772 2686 2457 1826  1 1 1 6.00 20 5 1.00 0 0 nan 12.09 
3.029 2 1 2 0 0.3356 0.2970 0.1440 0.0005 0.002591 0.031180 -3.2577 1 -0.7471 1  3019 3392 3275 2977 2779 2688 2454 1815  1 1 1 6.00 20 5 1.00 0 0 nan 12.09 
3.032 2 1 2 0 0.3354 0.2982 0.1448 0.0005 0.002591 0.031104 -3.2494 1 -0.7318 1  3007 3390 3285 2987 2778 2674 2495 1822  1 1 1 6.00 20 5 1.00 0 0 nan 12.10 
3.035 2 1 2 0 0.3381 0.3020 0.1456 0.0005 0.002591 0.030706 -3.2286 1 -0.7258 1  2995 3399 3286 2987 2781 2674 2465 1801  1 1 1 6.00 20 5 1.00 0 0 nan 12.10 
3.038 2 1 2 0 0.3401 0.3050 0.1464 0.0005 0.002591 0.030104 -3.2189 1 -0.7207 1  2989 3416 3303 3002 2793 2670 2448 1814  1 1 1 6.00 20 5 1.00 0 0 nan 12.10 
3.041 2 1 2 0 0.3370 0.3395 0.1474 0.0005 -0.000000 0.030274 -3.2461 1 -0.7185 1  3014 3392 3320 3028 2783 2677 2448 1796  1 1 1 6.00 20 5 1.00 0 0 nan 12.10 
3.044 2 1 2 0 0.3411 0.3432 0.1482 0.0005 -0.000000 0.030864 -3.2506 1 -0.7107 1  3011 3417 3317 3037 2785 2669 2437 1799  1 1 1 6.00 20 5 1.00 0 0 nan 12.10 
3.047 2 1 2 0 0.3552 0.3174 0.1492 0.0006 0.002591 0.030753 -3.2447 1 -0.7171 1  3020 3432 3329 3042 2815 2674 2456 1802  1 1 1 6.00 20 5 1.00 0 0 nan 12.10 
3.050 2 1 2 0 0.3372 0.3007 0.1500 0.0006 0.002591 0.029808 -3.2448 1 -0.7089 1  3012 3414 3338 3073 2803 2668 2433 1783  1 1 1 6.00 20 5 1.00 0 0 nan 12.10 
3.053 2 1 2 0 0.3356 0.3015 0.1508 0.0006 0.002591 0.029193 -3.2649 1 -0.7136 1  3025 3413 3343 3066 2813 2671 2437 1803  1 1 1 6.00 20 5 1.00 0 0 nan 12.10 
3.056 2 1 2 0 0.3345 0.3011 0.1516 0.0006 0.002591 0.029028 -3.2513 1 -0.6896 1  3016 3407 3344 3090 2818 2668 2421 1793  1 1 1 6.00 20 5 1.00 0 0 nan 12.10 
3.059 2 1 2 0 0.3381 0.3053 0.1524 0.0006 0.002591 0.028794 -3.2287 1 -0.7213 1  3016 3437 3360 3070 2844 2657 2417 1778  1 1 1 6.00 20 5 1.00 0 0 nan 12.10 
3.062 2 1 2 0 0.3272 0.2963 0.1532 0.0006 0.002591 0.027798 -3.2416 1 -0.7006 1  3019 3431 3366 3095 2817 2654 2422 1773  1 1 1 6.00 20 5 1.00 0 0 nan 12.10 
3.065 2 1 2 0 0.3430 0.3123 0.1544 0.0006 0.002591 0.027283 -3.2588 1 -0.7328 1  3014 3408 3359 3112 2816 2639 2405 1757  1 1 1 6.00 20 5 1.00 0 0 nan 12.11 
3.068 2 1 2 0 0.3540 0.3234 0.1552 0.0006 0.002591 0.027726 -3.3123 1 -0.7211 1  3022 3411 3380 3127 2826 2640 2421 1755  1 1 1 6.00 20 5 1.00 0 0 nan 12.10 
3.071 2 1 2 0 0.3615 0.3297 0.1560 0.0006 0.002591 0.028132 -3.2885 1 -0.7186 1  3005 3417 3387 3135 2847 2640 2416 1786  1 1 1 6.00 20 5 1.00 0 0 nan 12.10 
3.074 2 1 2 0 0.3530 0.3215 0.1568 0.0006 0.002591 0.028070 -3.2641 1 -0.6745 1  3016 3434 3394 3161 2862 2637 2406 1770  1 1 1 6.00 20 5 1.00 0 0 nan 12.10 
3.077 2 1 2 0 0.3380 0.3449 0.1578 0.0006 -0.000000 0.028019 -3.2526 1 -0.6829 1  2999 3452 3395 3155 2858 2631 2411 1791  1 1 1 6.00 20 5 1.00 0 0 nan 12.10 
3.080 2 1 2 0 0.3482 0.2778 0.1586 0.0006 0.005182 0.027108 -3.2609 1 -0.6312 1  3006 3431 3400 3181 2877 2627 2386 1783  1 1 1 6.00 20 5 1.00 0 0 nan 12.10 
3.083 2 1 2 0 0.3472 0.2785 0.1594 0.0006 0.005182 0.026257 -3.2720 1 -0.6269 1  3020 3431 3406 3171 2888 2626 2403 1786  1 1 1 6.00 20 5 1.00 0 0 nan 12.10 
3.086 2 1 2 0 0.3295 0.3017 0.1604 0.0006 0.002591 0.025815 -3.2550 1 -0.5416 1  3013 3445 3405 3192 2894 2633 2402 1749  1 1 1 6.00 20 5 1.00 0 0 nan 12.10 
3.089 2 1 2 0 0.3392 0.3139 0.1613 0.0006 0.002591 0.025477 -3.2388 1 -0.4833 1  3010 3453 3419 3193 2906 2634 2391 1748  1 1 1 6.00 20 5 1.00 0 0 nan 12.10 
3.092 2 1 2 0 0.3667 0.3040 0.1623 0.0006 0.005182 0.025504 -3.2680 1 -0.4063 1  3017 3442 3420 3222 2907 2639 2409 1772  1 1 1 6.00 20 5 1.00 0 0 nan 12.11 
3.095 2 1 2 0 0.3547 0.3307 0.1633 0.0006 0.002591 0.025502 -3.3582 1 -0.4388 1  3017 3405 3422 3221 2898 2649 2407 1759  1 1 1 6.00 20 5 1.00 0 0 nan 12.10 
3.098 2 1 2 0 0.3593 0.3358 0.1641 0.0006 0.002591 0.025663 -3.3143 1 0.2200 1  3017 3433 3427 3232 2964 2662 2428 1785  1 1 1 6.00 20 5 1.00 0 0 nan 12.10 
3.101 2 1 2 0 0.3656 0.3397 0.1649 0.0006 0.002591 0.025939 -3.3012 1 0.2219 1  3023 3446 3438 3237 2962 2670 2430 1783  1 1 1 6.00 20 5 1.00 0 0 nan 12.09 
3.104 2 1 2 0 0.3534 0.3269 0.1657 0.0006 0.002591 0.025625 -3.2980 1 0.2284 1  3016 3433 3428 3230 2962 2673 2437 1795  1 1 1 6.00 20 5 1.00 0 0 nan 12.10 
3.107 2 1 2 0 0.3545 0.2893 0.1667 0.0006 0.005182 0.024706 -3.2925 1 0.2153 1  3008 3427 3426 3251 2978 2681 2431 1795  1 1 1 6.00 20 5 1.00 0 0 nan 12.10 
3.110 2 1 2 0 0.3307 0.3045 0.1677 0.0006 0.002591 0.024063 -3.2847 1 1.6083 1  3010 3439 3428 3256 2990 2686 2424 1758  1 1 1 6.00 20 5 1.00 0 0 nan 12.10 
3.113 2 1 2 0 0.3286 0.3032 0.1685 0.0006 0.002591 0.023455 -3.2984 1 1.5644 1  3016 3429 3436 3270 2991 2705 2432 1771  1 1 1 6.00 20 5 1.00 0 0 nan 12.10 
3.116 2 1 2 0 0.3351 0.3118 0.1693 0.0006 0.002591 0.023014 -3.2641 1 1.6162 1  3016 3450 3430 3280 3018 2712 2455 1775  1 1 1 6.00 20 5 1.00 0 0 nan 12.10 
3.119 2 1 2 0 0.3628 0.3004 0.1703 0.0006 0.005182 0.022950 -3.3350 1 1.5927 1  3015 3422 3458 3298 3029 2734 2450 1808  1 1 1 6.00 20 5 1.00 0 0 nan 12.10 
3.122 2 1 2 0 0.3515 0.3275 0.1713 0.0006 0.002591 0.022928 -3.3429 1 1.5937 1  3020 3433 3458 3309 3070 2742 2461 1801  1 1 1 6.00 20 5 1.00 0 0 nan 12.10 
3.125 2 1 2 0 0.3575 0.3326 0.1721 0.0006 0.002591 0.022911 -3.3399 1 1.5891 1  3016 3428 3449 3308 3071 2751 2463 1795  1 1 1 6.00 20 5 1.00 0 0 nan 12.10 
3.128 2 1 2 0 0.3451 0.3575 0.1731 0.0006 -0.000000 0.023139 -3.3426 1 1.5908 1  3010 3432 3457 3328 3081 2766 2477 1816  1 1 1 6.00 20 5 1.00 0 0 nan 12.10 
3.131 2 1 2 0 0.3599 0.3321 0.1741 0.0006 0.002591 0.023214 -3.3386 1 0.1889 1  3024 3443 3459 3337 3099 2778 2469 1825  1 1 1 4.29 19 5 1.00 0 0 nan 12.10 
3.134 2 1 2 0 0.3500 0.3204 0.1749 0.0006 0.002591 0.022884 -3.3709 1 0.3189 1  3016 3402 3456 3338 3112 2779 2464 1824  1 1 1 6.00 20 5 1.00 0 0 nan 12.10 
3.137 2 1 2 0 0.3386 0.3102 0.1757 0.0006 0.002591 0.021874 -3.3386 1 0.9302 1  3018 3433 3448 3344 3126 2785 2463 1802  1 1 1 6.00 20 5 1.00 0 0 nan 12.10 
3.140 2 1 2 0 0.3597 0.2943 0.1767 0.0006 0.005182 0.021243 -3.3456 1 0.9178 1  3018 3423 3463 3359 3147 2794 2470 1797  1 1 1 6.00 20 5 1.00 0 0 nan 12.10 
3.143 2 1 2 0 0.3542 0.3277 0.1777 0.0006 0.002591 0.021452 -3.3524 1 0.3339 1  3005 3416 3453 3361 3121 2792 2470 1795  1 1 1 6.00 20 5 1.00 0 0 nan 12.10 
3.146 2 1 2 0 0.3633 0.3347 0.1785 0.0006 0.002591 0.021817 -3.3631 1 0.9680 1  3017 3424 3469 3360 3133 2801 2470 1813  1 1 1 6.00 20 5 1.00 0 0 nan 12.10 
3.149 2 1 2 0 0.3456 0.3548 0.1795 0.0006 -0.000000 0.021621 -3.3540 1 0.9192 1  3012 3427 3457 3378 3163 2809 2467 1815  1 1 1 6.00 20 5 1.00 0 0 nan 12.10 
3.152 2 1 2 0 0.3739 0.3419 0.1805 0.0006 0.002591 0.021720 -3.3474 1 0.9289 1  3014 3438 3463 3382 3173 2815 2467 1806  1 1 1 6.00 20 5 1.00 0 0 nan 12.10 
3.155 2 1 2 0 0.3649 0.3301 0.1813 0.0006 0.002591 0.021595 -3.3386 1 0.9558 1  3010 3427 3462 3381 3167 2823 2464 1849  1 1 1 6.00 20 5 1.00 0 0 nan 12.10 
3.158 2 1 2 0 0.3548 0.3204 0.1821 0.0006 0.002591 0.020980 -3.3418 1 0.9004 1  3013 3437 3468 3391 3193 2818 2468 1812  1 1 1 6.00 20 5 1.00 0 0 nan 12.10 
3.161 2 1 2 0 0.3484 0.3145 0.1833 0.0006 0.002591 0.020513 -3.3761 1 0.9025 1  3009 3422 3485 3395 3201 2819 2448 1840  1 1 1 6.00 20 5 1.00 0 0 nan 12.10 
3.164 2 1 2 0 0.3504 0.3168 0.1841 0.0006 0.002591 0.020158 -3.3368 1 0.9267 1  3006 3429 3467 3396 3178 2819 2443 1801  1 1 1 6.00 20 5 1.00 0 0 nan 12.10 
3.167 2 1 2 0 0.3512 0.3179 0.1849 0.0006 0.002591 0.019708 -3.3186 1 0.9363 1  3003 3437 3449 3407 3180 2827 2441 1785  1 1 1 6.00 20 5 1.00 0 0 nan 12.10 
3.170 2 1 2 0 0.3404 0.3454 0.1860 0.0007 -0.000000 0.019313 -3.3319 1 0.8820 1  3005 3432 3459 3417 3242 2839 2422 1785  1 1 1 6.00 20 5 1.00 0 0 nan 12.10 
3.173 2 1 2 0 0.3714 0.3343 0.1870 0.0007 0.002591 0.019597 -3.2947 1 0.9044 1  2994 3441 3446 3404 3199 2826 2439 1793  1 1 1 6.00 20 5 1.00 0 0 nan 12.09 
3.176 2 1 2 0 0.3553 0.3543 0.1880 0.0007 -0.000000 0.019816 -3.3368 1 0.9021 1  2994 3429 3477 3417 3218 2841 2445 1805  1 1 1 6.00 20 5 1.00 0 0 nan 12.10 
3.179 2 1 2 0 0.3524 0.3497 0.1888 0.0007 -0.000000 0.019531 -3.3201 1 0.8888 1  2994 3436 3479 3429 3238 2862 2448 1793  1 1 1 6.00 20 5 1.00 0 0 nan 12.10 
3.182 2 1 2 0 0.3576 0.3139 0.1898 0.0007 0.002591 0.019002 -3.3064 1 0.9085 1  2990 3442 3474 3433 3239 2867 2453 1776  1 1 1 6.00 20 5 1.00 0 0 nan 12.10 
3.185 2 1 2 0 0.3530 0.3081 0.1906 0.0007 0.002591 0.018529 -3.3538 1 0.9099 1  2990 3426 3482 3434 3244 2869 2462 1805  1 1 1 6.00 20 5 1.00 0 0 nan 12.10 
3.188 2 1 2 0 0.3500 0.3069 0.1914 0.0007 0.002591 0.017912 -3.3521 1 0.8896 1  2987 3426 3472 3441 3259 2869 2469 1812  1 1 1 6.00 20 5 1.00 0 0 nan 12.10 
3.191 2 1 2 0 0.3521 0.3106 0.1926 0.0007 0.002591 0.017374 -3.2946 1 0.8889 1  2983 3450 3476 3443 3260 2893 2473 1792  1 1 1 6.00 20 5 1.00 0 0 nan 12.10 
3.194 2 1 2 0 0.3677 0.3246 0.1934 0.0007 0.002591 0.017449 -3.2830 1 0.9441 1  2981 3436 3462 3443 3282 2938 2483 1798  1 1 1 6.00 20 5 1.00 0 0 nan 12.10 
3.197 2 1 2 0 0.3548 0.3499 0.1944 0.0007 -0.000000 0.017732 -3.2839 1 0.9041 1  2960 3437 3463 3458 3292 2929 2495 1811  1 1 1 6.00 20 5 1.00 0 0 nan 12.10 
3.200 2 1 2 0 0.3730 0.3289 0.1954 0.0007 0.002591 0.017641 -3.2944 1 1.8189 1  2975 3443 3500 3476 3322 2963 2505 1796  1 1 1 6.00 20 5 1.00 0 0 nan 12.09 
3.203 2 1 2 0 0.3549 0.3477 0.1964 0.0007 -0.000000 0.017621 -3.2680 1 1.0403 1  2953 3439 3482 3461 3323 2948 2496 1785  1 1 1 6.00 20 5 1.00 0 0 nan 12.09 
3.206 2 1 2 0 0.3450 0.3384 0.1972 0.0007 -0.000000 0.017301 -3.2736 1 1.7799 1  2958 3443 3472 3463 3329 2982 2500 1785  1 1 1 6.00 20 5 1.00 0 0 nan 12.09 
3.209 2 1 2 0 0.3540 0.3097 0.1982 0.0007 0.002591 0.016582 -3.2820 1 1.7178 1  2950 3440 3497 3471 3328 3001 2504 1799  1 1 1 6.00 20 5 1.00 0 0 nan 12.09 
3.212 2 1 2 0 0.3537 0.3111 0.1990 0.0007 0.002591 0.016047 -3.2945 1 1.7085 1  2935 3423 3481 3464 3323 2998 2497 1786  1 1 1 6.00 20 5 1.00 0 0 nan 12.10 
3.215 2 1 2 0 0.3569 0.3158 0.1998 0.0007 0.002591 0.015628 -3.2687 1 1.7732 1  2923 3425 3488 3455 3325 2987 2500 1774  1 1 1 6.00 20 5 1.00 0 0 nan 12.10 
3.218 2 1 2 0 0.3629 0.3230 0.2010 0.0007 0.002591 0.015697 -3.2653 1 1.7329 1  2918 3417 3460 3463 3332 3012 2509 1786  1 1 1 6.00 20 5 1.00 0 0 nan 12.10 
3.221 2 1 2 0 0.3728 0.3311 0.2018 0.0007 0.002591 0.015823 -3.2633 1 1.7277 1  2923 3429 3486 3473 3347 3026 2514 1790  1 1 1 6.00 20 5 1.00 0 0 nan 12.09 
3.224 2 1 2 0 0.3572 0.3534 0.2028 0.0007 -0.000000 0.015794 -3.2586 1 1.7107 1  2916 3429 3471 3476 3354 3018 2515 1789  1 1 1 6.00 20 5 1.00 0 0 nan 12.09 
3.227 2 1 2 0 0.3793 0.3346 0.2038 0.0007 0.002591 0.015812 -3.2521 1 1.7098 1  2903 3427 3486 3478 3364 3038 2526 1791  1 1 1 6.00 20 5 1.00 0 0 nan 12.09 
3.230 2 1 2 0 0.3605 0.3528 0.2048 0.0007 -0.000000 0.016036 -3.2390 1 1.6950 1  2887 3426 3462 3483 3370 3064 2533 1787  1 1 1 6.00 20 5 1.00 0 0 nan 12.09 
3.233 2 1 2 0 0.3470 0.3398 0.2056 0.0007 -0.000000 0.015687 -3.2558 1 1.6737 1  2911 3421 3471 3477 3371 3065 2545 1785  1 1 1 6.00 20 5 1.00 0 0 nan 12.09 
3.236 2 1 2 0 0.3560 0.3099 0.2066 0.0007 0.002591 0.014854 -3.2523 1 1.6548 1  2897 3426 3475 3467 3379 3084 2539 1778  1 1 1 6.00 20 5 1.00 0 0 nan 12.09 
3.239 2 1 2 0 0.3505 0.3063 0.2074 0.0007 0.002591 0.014250 -3.2433 1 1.6530 1  2880 3423 3473 3473 3385 3103 2548 1786  1 1 1 6.00 20 5 1.00 0 0 nan 12.10 
3.242 2 1 2 0 0.3574 0.3148 0.2086 0.0007 0.002591 0.014024 -3.2282 1 1.6946 1  2875 3418 3463 3482 3386 3077 2561 1781  1 1 1 6.00 20 5 1.00 0 0 nan 12.09 
3.245 2 1 2 0 0.3680 0.3268 0.2094 0.0007 0.002591 0.014174 -3.2257 1 1.6728 1  2866 3413 3458 3477 3388 3108 2568 1777  1 1 1 6.00 20 5 1.00 0 0 nan 12.09 
3.248 2 1 2 0 0.3529 0.3495 0.2104 0.0007 -0.000000 0.014231 -3.2079 1 1.6785 1  2853 3428 3469 3493 3397 3125 2584 1789  1 1 1 6.00 20 5 1.00 0 0 nan 12.10 
3.251 2 1 2 0 0.3756 0.3340 0.2115 0.0007 0.002591 0.014233 -3.2036 1 1.6868 1  2842 3424 3463 3495 3408 3107 2586 1793  1 1 1 6.00 20 5 1.00 0 0 nan 12.08 
3.254 2 1 2 0 0.3610 0.3560 0.2125 0.0007 -0.000000 0.014343 -3.2072 1 1.6650 1  2830 3410 3473 3491 3407 3149 2609 1799  1 1 1 6.00 20 5 1.00 0 0 nan 12.09 
3.257 2 1 2 0 0.3550 0.3487 0.2133 0.0007 -0.000000 0.014341 -3.1939 1 1.6720 1  2820 3411 3486 3501 3417 3144 2621 1808  1 1 1 6.00 20 5 1.00 0 0 nan 12.08 
3.260 2 1 2 0 0.3611 0.3156 0.2143 0.0007 0.002591 0.013804 -3.2014 1 1.6377 1  2818 3412 3479 3498 3420 3188 2628 1813  1 1 1 6.00 20 5 1.00 0 0 nan 12.08 
3.263 2 1 2 0 0.3469 0.3017 0.2151 0.0007 0.002591 0.012903 -3.2052 1 1.6560 1  2817 3402 3474 3484 3427 3173 2633 1815  1 1 1 6.00 20 5 1.00 0 0 nan 12.09 
3.266 2 1 2 0 0.3359 0.3306 0.2161 0.0007 -0.000000 0.012674 -3.1896 1 1.5271 1  2775 3397 3453 3492 3425 3174 2652 1812  1 1 1 6.00 20 5 1.00 0 0 nan 12.09 
3.269 2 1 2 0 0.3643 0.3210 0.2171 0.0007 0.002591 0.012986 -3.1756 1 1.5374 1  2762 3402 3466 3487 3425 3165 2651 1818  1 1 1 6.00 20 5 1.00 0 0 nan 12.09 
3.272 2 1 2 0 0.3468 0.3402 0.2181 0.0007 -0.000000 0.012730 -3.1744 1 1.5421 1  2740 3388 3486 3502 3438 3214 2694 1829  1 1 1 6.00 20 5 1.00 0 0 nan 12.08 
3.275 2 1 2 0 0.3546 0.3468 0.2189 0.0007 -0.000000 0.012498 -3.1820 1 1.5451 1  2748 3378 3453 3486 3427 3205 2694 1828  1 1 1 6.00 20 5 1.00 0 0 nan 12.08 
3.278 2 1 2 0 0.3785 0.3303 0.2199 0.0007 0.002591 0.012704 -3.1833 1 1.5392 1  2743 3376 3469 3496 3444 3242 2714 1830  1 1 1 6.00 20 5 1.00 0 0 nan 12.09 
3.281 2 1 2 0 0.3469 0.3361 0.2209 0.0007 -0.000000 0.012334 -3.1732 1 1.5542 1  2706 3376 3457 3493 3449 3224 2727 1840  1 1 1 6.00 20 5 1.00 0 0 nan 12.08 
3.284 2 1 2 0 0.3269 0.3156 0.2217 0.0007 -0.000000 0.011465 -3.1741 1 1.5617 1  2705 3368 3447 3495 3449 3237 2746 1846  1 1 1 6.00 20 5 1.00 0 0 nan 12.09 
3.287 2 1 2 0 0.3453 0.2955 0.2227 0.0007 0.002591 0.010869 -3.1750 1 1.5536 1  2701 3361 3443 3499 3449 3259 2740 1846  1 1 1 6.00 20 5 1.00 0 0 nan 12.09 
3.290 2 1 2 0 0.3460 0.2957 0.2235 0.0007 0.002591 0.010305 -3.1855 1 1.5628 1  2708 3359 3460 3496 3466 3258 2753 1850  1 1 1 6.00 20 5 1.00 0 0 nan 12.10 
3.293 2 1 2 0 0.3268 0.3155 0.2245 0.0007 -0.000000 0.009720 -3.1871 1 1.5683 1  2677 3346 3462 3485 3469 3277 2778 1851  1 1 1 6.00 20 5 1.00 0 0 nan 12.09 
3.296 2 1 2 0 0.3550 0.3038 0.2255 0.0007 0.002591 0.009630 -3.1728 1 1.5760 1  2651 3345 3458 3493 3464 3275 2788 1853  1 1 1 6.00 20 5 1.00 0 0 nan 12.09 
3.299 2 1 2 0 0.3395 0.3261 0.2265 0.0007 -0.000000 0.009591 -3.1786 1 1.5808 1  2661 3340 3451 3498 3469 3282 2794 1857  1 1 1 6.00 20 5 1.00 0 0 nan 12.10 
3.302 2 1 2 0 0.3410 0.3274 0.2273 0.0007 -0.000000 0.009389 -3.1753 1 1.5805 1  2634 3339 3445 3505 3473 3299 2814 1869  1 1 1 6.00 20 5 1.00 0 0 nan 12.09 
3.305 2 1 2 0 0.3462 0.3310 0.2285 0.0007 -0.000000 0.009154 -3.1666 1 1.5979 1  2606 3328 3443 3498 3471 3299 2838 1876  1 1 1 6.00 20 5 1.00 0 0 nan 12.10 
3.308 2 1 2 0 0.3505 0.3340 0.2293 0.0007 -0.000000 0.009376 -3.1738 1 1.5960 1  2616 3330 3458 3501 3481 3322 2857 1880  1 1 1 6.00 20 5 1.00 0 0 nan 12.09 
3.311 2 1 2 0 0.3475 0.3298 0.2301 0.0007 -0.000000 0.009476 -3.1724 1 1.5963 1  2621 3336 3467 3517 3488 3318 2855 1882  1 1 1 6.00 20 5 1.00 0 0 nan 12.09 
3.314 2 1 2 0 0.3340 0.3153 0.2313 0.0007 -0.000000 0.008884 -3.1716 1 1.5868 1  2610 3312 3443 3461 3466 3322 2824 1882  1 1 1 6.00 20 5 1.00 0 0 nan 12.09 
3.317 2 1 2 0 0.3302 0.3107 0.2321 0.0007 -0.000000 0.008158 -3.1747 1 1.5897 1  2607 3314 3454 3465 3474 3323 2847 1890  1 1 1 6.00 20 5 1.00 0 0 nan 12.01 
3.320 2 1 2 0 0.3461 0.3243 0.2329 0.0007 -0.000000 0.008750 -3.1584 1 1.5974 1  2548 3308 3449 3474 3484 3333 2874 1898  1 1 1 6.00 20 5 1.00 0 0 nan 12.09 
3.323 2 1 2 0 0.3464 0.3243 0.2341 0.0007 -0.000000 0.008947 -3.1426 1 1.6668 1  2533 3323 3471 3470 3484 3339 2885 1905  1 1 1 6.00 20 5 1.00 0 0 nan 12.09 
3.326 2 1 2 0 0.3490 0.3250 0.2349 0.0007 -0.000000 0.008518 -3.1557 1 1.6141 1  2556 3310 3449 3481 3484 3336 2899 1903  1 1 1 6.00 20 5 1.00 0 0 nan 12.09 
3.329 2 1 2 0 0.3462 0.3207 0.2358 0.0007 -0.000000 0.008425 -3.1639 1 1.6171 1  2552 3306 3444 3485 3490 3359 2911 1902  1 1 1 6.00 20 5 1.00 0 0 nan 12.09 
3.332 2 1 2 0 0.3341 0.3087 0.2370 0.0007 -0.000000 0.008102 -3.1521 1 1.6221 1  2518 3304 3457 3497 3498 3364 2934 1909  1 1 1 6.00 20 5 1.00 0 0 nan 12.09 
3.335 2 1 2 0 0.3257 0.3004 0.2378 0.0007 -0.000000 0.007340 -3.1478 1 1.5292 1  2499 3297 3441 3515 3499 3356 2909 1900  1 1 1 6.00 20 5 1.00 0 0 nan 12.09 
3.338 2 1 2 0 0.3298 0.3046 0.2386 0.0007 -0.000000 0.006929 -3.1452 1 1.6175 1  2502 3289 3450 3493 3499 3371 2914 1892  1 1 1 6.00 20 5 1.00 0 0 nan 12.11 
3.341 2 1 2 0 0.3346 0.3095 0.2394 0.0007 -0.000000 0.007245 -3.1385 1 1.6119 1  2478 3292 3468 3500 3508 3373 2901 1896  1 1 1 6.00 20 5 1.00 0 0 nan 12.10 
3.344 2 1 2 0 0.3356 0.3105 0.2406 0.0007 -0.000000 0.007201 -3.1422 1 1.6231 1  2462 3292 3439 3477 3494 3361 2936 1890  1 1 1 6.00 20 5 1.00 0 0 nan 12.10 
3.347 2 1 2 0 0.3335 0.3071 0.2414 0.0007 -0.000000 0.006710 -3.1272 1 1.6261 1  2427 3290 3430 3490 3490 3358 2928 1880  1 1 1 6.00 20 5 1.00 0 0 nan 12.10 
3.350 2 1 2 0 0.3239 0.3344 0.2424 0.0007 -0.002591 0.006857 -3.1298 1 1.6295 1  2422 3274 3436 3485 3494 3373 2931 1876  1 1 1 6.00 20 5 1.00 0 0 nan 12.10 
3.353 2 1 2 0 0.3512 0.3213 0.2434 0.0007 -0.000000 0.007330 -3.1334 1 1.6227 1  2420 3250 3433 3486 3498 3376 2911 1874  1 1 1 6.00 20 5 1.00 0 0 nan 12.10 
3.356 2 1 2 0 0.3314 0.3374 0.2444 0.0007 -0.002591 0.007283 -3.1292 1 1.6326 1  2396 3266 3436 3486 3491 3379 2937 1877  1 1 1 6.00 20 5 1.00 0 0 nan 12.10 
3.359 2 1 2 0 0.3303 0.3361 0.2452 0.0007 -0.002591 0.007486 -3.1352 1 1.6454 1  2406 3262 3435 3504 3501 3384 2963 1869  1 1 1 6.00 20 5 1.00 0 0 nan 12.10 
3.362 2 1 2 0 0.3470 0.3130 0.2462 0.0007 -0.000000 0.007529 -3.1382 1 1.6433 1  2400 3255 3426 3515 3501 3386 2959 1865  1 1 1 6.00 20 5 1.00 0 0 nan 12.10 
3.365 2 1 2 0 0.3204 0.3230 0.2472 0.0007 -0.002591 0.007157 -3.1303 1 1.6486 1  2358 3252 3433 3478 3482 3384 2956 1867  1 1 1 6.00 20 5 1.00 0 0 nan 12.10 
3.368 2 1 2 0 0.3282 0.3296 0.2480 0.0007 -0.002591 0.007358 -3.1326 1 1.6417 1  2369 3248 3426 3484 3502 3395 2964 1852  1 1 1 6.00 20 5 1.00 0 0 nan 12.10 
3.371 2 1 2 0 0.3363 0.3353 0.2488 0.0007 -0.002591 0.007839 -3.1308 1 1.6518 1  2357 3238 3433 3498 3512 3403 2978 1866  1 1 1 6.00 20 5 1.00 0 0 nan 12.10 
3.374 2 1 2 0 0.3314 0.3282 0.2500 0.0007 -0.002591 0.007754 -3.1272 1 1.6524 1  2329 3224 3393 3503 3510 3397 2974 1853  1 1 1 6.00 20 5 1.00 0 0 nan 12.09 
3.377 2 1 2 0 0.3338 0.3289 0.2508 0.0007 -0.002591 0.007673 -3.1297 1 1.6641 1  2305 3162 3329 3388 3422 3339 2960 1898  1 1 1 6.00 20 5 1.00 0 0 nan 12.09 
3.380 2 1 2 0 0.3264 0.3199 0.2516 0.0007 -0.002591 0.007663 -3.1221 1 1.6525 1  2304 3190 3370 3444 3441 3333 2921 1850  1 1 1 6.00 20 5 1.00 0 0 nan 12.08 
3.383 2 1 2 0 0.3459 0.2999 0.2526 0.0007 -0.000000 0.007240 -3.1335 1 nan 1  2300 3174 3357 3417 3438 3351 2984 1875  1 1 1 nan 19 5 1.00 0 0 nan 12.08 
3.386 2 1 2 0 0.3216 0.3154 0.2536 0.0007 -0.002591 0.006903 -3.1203 1 1.6808 1  2288 3213 3384 3442 3469 3376 3014 1899  1 1 1 nan 16 5 1.00 0 0 nan 12.10 
3.389 2 1 2 0 0.3474 0.3031 0.2546 0.0007 -0.000000 0.006980 -3.1104 1 1.5998 1  2274 3220 3436 3488 3464 3378 3001 1896  1 1 1 6.00 19 5 1.00 0 0 nan 11.92 
3.392 2 1 2 0 0.3548 0.3105 0.2554 0.0007 -0.000000 0.007282 -3.1124 1 1.6782 1  2266 3207 3408 3475 3501 3415 3055 1934  1 1 1 6.00 20 5 1.00 0 0 nan 12.09 
3.395 2 1 2 0 0.3314 0.3252 0.2564 0.0007 -0.002591 0.007251 -3.1236 1 1.6814 1  2268 3175 3414 3488 3499 3420 3073 1939  1 1 1 6.00 20 5 1.00 0 0 nan 12.10 
3.398 2 1 2 0 0.3399 0.3324 0.2572 0.0007 -0.002591 0.007138 -3.1137 1 1.6766 1  2258 3187 3405 3503 3514 3431 3063 1956  1 1 1 6.00 20 5 1.00 0 0 nan 12.10 
3.401 2 1 2 0 0.3432 0.3346 0.2584 0.0007 -0.002591 0.007621 -3.1136 1 1.6862 1  2248 3177 3410 3504 3513 3439 3089 1989  1 1 1 6.00 20 5 1.00 0 0 nan 12.10 
3.404 2 1 2 0 0.3449 0.3353 0.2592 0.0007 -0.002591 0.007967 -3.1183 1 1.6984 1  2227 3140 3392 3487 3503 3439 3113 1999  1 1 1 6.00 20 5 1.00 0 0 nan 12.10 
3.407 2 1 2 0 0.3367 0.3277 0.2601 0.0007 -0.002591 0.007971 -3.0987 1 1.6938 1  2197 3172 3394 3480 3530 3441 3108 2007  1 1 1 6.00 20 5 1.00 0 0 nan 12.10 
3.410 2 1 2 0 0.3259 0.3160 0.2613 0.0007 -0.002591 0.007738 -3.0983 1 1.7076 1  2176 3159 3389 3491 3524 3447 3141 2010  1 1 1 6.00 20 5 1.00 0 0 nan 12.10 
3.413 2 1 2 0 0.3237 0.3130 0.2621 0.0007 -0.002591 0.007231 -3.0942 1 1.7112 1  2177 3150 3388 3487 3509 3451 3155 2041  1 1 1 6.00 20 5 1.00 0 0 nan 12.10 
3.416 2 1 2 0 0.3321 0.3208 0.2629 0.0007 -0.002591 0.007318 -3.0906 1 1.7198 1  2145 3126 3372 3474 3501 3449 3167 2050  1 1 1 6.00 20 5 1.00 0 0 nan 12.10 
3.419 2 1 2 0 0.3344 0.3225 0.2641 0.0007 -0.002591 0.007632 -3.0994 1 1.7247 1  2142 3084 3382 3496 3504 3460 3188 2080  1 1 1 6.00 20 5 1.00 0 0 nan 12.10 
3.422 2 1 2 0 0.3352 0.3228 0.2649 0.0007 -0.002591 0.007695 -3.1110 1 1.7300 1  2123 3069 3376 3489 3524 3461 3192 2090  1 1 1 6.00 20 5 1.00 0 0 nan 12.10 
3.425 2 1 2 0 0.3362 0.3221 0.2657 0.0006 -0.002591 0.007816 -3.0854 1 1.7256 1  2107 3092 3376 3486 3519 3473 3199 2121  1 1 1 6.00 20 5 1.00 0 0 nan 12.10 
3.428 2 1 2 0 0.3403 0.3260 0.2669 0.0006 -0.002591 0.007943 -3.0767 1 1.7279 1  2092 3065 3370 3497 3517 3469 3208 2134  1 1 1 6.00 20 5 1.00 0 0 nan 12.10 
3.431 2 1 2 0 0.3283 0.3139 0.2677 0.0006 -0.002591 0.007796 -3.0755 1 1.7263 1  2083 3070 3383 3496 3533 3486 3231 2174  1 1 1 6.00 20 5 1.00 0 0 nan 12.10 
3.434 2 1 2 0 0.3266 0.3150 0.2685 0.0006 -0.002591 0.007401 -3.0658 1 1.7284 1  2066 3051 3363 3491 3531 3477 3228 2182  1 1 1 6.00 20 5 1.00 0 0 nan 12.10 
3.437 2 1 2 0 0.3470 0.2982 0.2695 0.0006 -0.000000 0.007264 -3.0699 1 1.7394 1  2058 3052 3357 3484 3510 3473 3251 2172  1 1 1 6.00 20 5 1.00 0 0 nan 12.10 
3.440 2 1 2 0 0.3288 0.3189 0.2705 0.0006 -0.002591 0.007193 -3.0640 1 1.7397 1  2050 3053 3364 3495 3532 3481 3249 2186  1 1 1 6.00 20 5 1.00 0 0 nan 12.10 
3.443 2 1 2 0 0.3336 0.3244 0.2713 0.0006 -0.002591 0.007514 -3.0614 1 1.7490 1  2045 3047 3358 3496 3507 3480 3266 2212  1 1 1 6.00 20 5 1.00 0 0 nan 12.10 
3.446 2 1 2 0 0.3167 0.3448 0.2723 0.0006 -0.005182 0.007646 -3.0564 1 1.6620 1  2043 2998 3346 3492 3516 3481 3263 2255  1 1 1 6.00 20 5 1.00 0 0 nan 12.11 
3.449 2 1 2 0 0.3477 0.3357 0.2733 0.0006 -0.002591 0.007854 -3.0706 1 1.7375 1  2030 2972 3353 3497 3512 3494 3274 2261  1 1 1 6.00 20 5 1.00 0 0 nan 12.10 
3.452 2 1 2 0 0.3454 0.3316 0.2741 0.0006 -0.002591 0.008004 -3.0659 1 1.7414 1  2028 2970 3350 3493 3517 3493 3272 2267  1 1 1 6.00 20 5 1.00 0 0 nan 12.10 
3.455 2 1 2 0 0.3428 0.3289 0.2753 0.0006 -0.002591 0.008164 -3.0497 1 1.7481 1  2022 2988 3343 3487 3520 3485 3285 2279  1 1 1 6.00 20 5 1.00 0 0 nan 12.10 
3.458 2 1 2 0 0.3380 0.3240 0.2761 0.0006 -0.002591 0.008069 -3.0438 1 1.7559 1  2016 2991 3344 3491 3521 3491 3297 2300  1 1 1 6.00 20 5 1.00 0 0 nan 12.10 
3.461 2 1 2 0 0.3285 0.3159 0.2769 0.0006 -0.002591 0.007509 -3.0435 1 1.7625 1  2010 2969 3345 3499 3530 3497 3298 2314  1 1 1 6.00 20 5 1.00 0 0 nan 12.10 
3.464 2 1 2 0 0.3465 0.2955 0.2779 0.0006 -0.000000 0.007288 -3.0395 1 1.7526 1  2008 2977 3337 3487 3517 3498 3300 2311  1 1 1 6.00 20 5 1.00 0 0 nan 12.10 
3.467 2 1 2 0 0.3311 0.3194 0.2789 0.0006 -0.002591 0.007649 -3.0586 1 1.7603 1  2002 2946 3330 3480 3515 3491 3307 2295  1 1 1 6.00 20 5 1.00 0 0 nan 12.10 
3.470 2 1 2 0 0.3373 0.3266 0.2797 0.0006 -0.002591 0.007866 -3.0400 1 1.7616 1  1996 2947 3340 3487 3511 3497 3315 2348  1 1 1 6.00 20 5 1.00 0 0 nan 12.10 
3.473 2 1 2 0 0.3153 0.3422 0.2807 0.0006 -0.005182 0.007792 -3.0638 1 1.7621 1  1988 2900 3326 3487 3507 3493 3313 2347  1 1 1 6.00 20 5 1.00 0 0 nan 12.10 
3.476 2 1 2 0 0.3425 0.3296 0.2817 0.0006 -0.002591 0.007794 -3.0439 1 1.7631 1  1980 2909 3314 3471 3505 3490 3315 2356  1 1 1 6.00 20 5 1.00 0 0 nan 12.10 
3.479 2 1 2 0 0.3342 0.3578 0.2827 0.0006 -0.005182 0.008136 -3.0354 1 1.7698 1  1970 2920 3313 3478 3508 3494 3326 2357  1 1 1 6.00 20 5 1.00 0 0 nan 12.10 
3.482 2 1 2 0 0.3565 0.3407 0.2837 0.0006 -0.002591 0.008745 -3.0289 1 1.7663 1  1982 2906 3308 3484 3508 3495 3320 2371  1 1 1 6.00 20 5 1.00 0 0 nan 12.10 
3.485 2 1 2 0 0.3516 0.3361 0.2845 0.0006 -0.002591 0.008901 -3.0143 1 1.7682 1  1962 2888 3294 3466 3503 3488 3327 2400  1 1 1 6.00 20 5 1.00 0 0 nan 12.10 
3.488 2 1 2 0 0.3585 0.3050 0.2856 0.0006 -0.000000 0.008666 -3.0144 1 1.7774 1  1964 2898 3300 3479 3529 3494 3340 2410  1 1 1 6.00 20 5 1.00 0 0 nan 12.10 
3.491 2 1 2 0 0.3421 0.3283 0.2866 0.0006 -0.002591 0.008575 -3.0403 1 1.7939 1  1962 2855 3280 3476 3514 3478 3343 2415  1 1 1 6.00 20 5 1.00 0 0 nan 12.10 
3.494 2 1 2 0 0.3541 0.3389 0.2874 0.0006 -0.002591 0.009487 -3.0401 1 1.7889 1  1952 2858 3296 3472 3514 3493 3351 2412  1 1 1 6.00 20 5 1.00 0 0 nan 12.10 
3.497 2 1 2 0 0.3314 0.3546 0.2884 0.0006 -0.005182 0.009698 -3.0317 1 1.7862 1  1952 2834 3273 3469 3502 3503 3356 2443  1 1 1 6.00 20 5 1.00 0 0 nan 12.10 
3.500 2 1 2 0 0.3466 0.3305 0.2894 0.0006 -0.002591 0.009473 -3.0336 1 1.7945 1  1953 2830 3272 3472 3534 3501 3363 2445  1 1 1 6.00 20 5 1.00 0 0 nan 12.10 
3.503 2 1 2 0 0.3385 0.3227 0.2902 0.0006 -0.002591 0.009214 -3.0408 1 1.7975 1  1949 2823 3269 3471 3519 3497 3369 2462  1 1 1 6.00 20 5 1.00 0 0 nan 12.10 
3.506 2 1 2 0 0.3569 0.3048 0.2912 0.0006 -0.000000 0.008961 -3.0156 1 1.7913 1  1947 2826 3246 3462 3511 3497 3363 2471  1 1 1 6.00 20 5 1.00 0 0 nan 12.10 
3.509 2 1 2 0 0.3550 0.3056 0.2920 0.0006 -0.000000 0.008822 -3.0000 1 1.7931 1  1943 2821 3259 3464 3502 3505 3377 2487  1 1 1 6.00 20 5 1.00 0 0 nan 12.10 
3.512 2 1 2 0 0.3357 0.3283 0.2930 0.0006 -0.002591 0.008672 -3.0115 1 1.8008 1  1936 2807 3247 3470 3517 3506 3381 2490  1 1 1 6.00 20 5 1.00 0 0 nan 12.10 
3.515 2 1 2 0 0.3620 0.3171 0.2940 0.0006 -0.000000 0.008936 -3.0102 1 1.8089 1  1928 2802 3254 3466 3526 3512 3379 2490  1 1 1 6.00 20 5 1.00 0 0 nan 12.10 
3.518 2 1 2 0 0.3451 0.3387 0.2950 0.0006 -0.002591 0.009050 -3.0345 1 1.8217 1  1915 2766 3219 3448 3507 3474 3373 2483  1 1 1 6.00 20 5 1.00 0 0 nan 12.09 
3.521 2 1 2 0 0.3504 0.3444 0.2958 0.0006 -0.002591 0.009211 -3.0264 1 1.8064 1  1920 2783 3224 3459 3520 3509 3384 2498  1 1 1 6.00 20 5 1.00 0 0 nan 12.10 
3.524 2 1 2 0 0.3677 0.3225 0.2968 0.0006 -0.000000 0.009386 -3.0225 1 1.8059 1  1922 2756 3222 3453 3517 3504 3383 2514  1 1 1 6.00 20 5 1.00 0 0 nan 12.10 
3.527 2 1 2 0 0.3454 0.3389 0.2978 0.0006 -0.002591 0.009209 -3.0000 1 1.8036 1  1908 2759 3233 3458 3526 3505 3385 2506  1 1 1 6.00 20 5 1.00 0 0 nan 12.10 
3.530 2 1 2 0 0.3519 0.3091 0.2988 0.0006 -0.000000 0.008709 -3.0000 1 1.7406 1  1903 2736 3220 3455 3496 3512 3391 2537  1 1 1 6.00 20 5 1.00 0 0 nan 12.10 
3.533 2 1 2 0 0.3505 0.3107 0.2996 0.0006 -0.000000 0.008760 -3.0055 1 1.7936 1  1898 2732 3211 3453 3516 3526 3395 2536  1 1 1 6.00 20 5 1.00 0 0 nan 12.10 
3.536 2 1 2 0 0.3444 0.3071 0.3004 0.0006 -0.000000 0.008787 -3.0000 1 1.7913 1  1898 2700 3206 3447 3515 3517 3393 2570  1 1 1 6.00 20 5 1.00 0 0 nan 12.10 
3.539 2 1 2 0 0.3270 0.3300 0.3014 0.0006 -0.002591 0.008262 -3.0000 1 1.7985 1  1885 2680 3219 3447 3517 3517 3400 2576  1 1 1 6.00 20 5 1.00 0 0 nan 12.10 
3.542 2 1 2 0 0.3527 0.3182 0.3024 0.0006 -0.000000 0.008158 -3.0000 1 1.8216 1  1876 2686 3197 3449 3519 3505 3405 2553  1 1 1 6.00 20 5 1.00 0 0 nan 12.10 
3.545 2 1 2 0 0.3441 0.3480 0.3034 0.0006 -0.002591 0.008722 -3.0000 1 1.8172 1  1871 2685 3173 3440 3513 3511 3401 2580  1 1 1 6.00 20 5 1.00 0 0 nan 12.10 
3.548 2 1 2 0 0.3646 0.3309 0.3044 0.0006 -0.000000 0.008960 -3.0000 1 1.8330 1  1866 2671 3175 3445 3513 3490 3413 2591  1 1 1 6.00 20 5 1.00 0 0 nan 12.10 
3.551 2 1 2 0 0.3549 0.3582 0.3054 0.0006 -0.002591 0.009346 -3.0000 1 1.8332 1  1864 2654 3166 3443 3517 3503 3411 2595  1 1 1 6.00 20 5 1.00 0 0 nan 12.09 
3.554 2 1 2 0 0.3454 0.3478 0.3062 0.0006 -0.002591 0.009490 -3.0000 1 1.8193 1  1857 2622 3173 3418 3513 3509 3405 2617  1 1 1 6.00 20 5 1.00 0 0 nan 12.09 
3.557 2 1 2 0 0.3522 0.3171 0.3072 0.0006 -0.000000 0.009129 -3.0000 1 1.8210 1  1855 2638 3134 3432 3514 3504 3408 2601  1 1 1 6.00 20 5 1.00 0 0 nan 12.08 
3.560 2 1 2 0 0.3376 0.3045 0.3080 0.0006 -0.000000 0.008294 -3.0000 1 1.7987 1  1856 2627 3157 3436 3514 3531 3412 2622  1 1 1 6.00 20 5 1.00 0 0 nan 12.09 
3.563 2 1 2 0 0.3444 0.3129 0.3088 0.0006 -0.000000 0.008049 -3.0000 1 1.8086 1  1846 2614 3140 3424 3513 3500 3406 2622  1 1 1 6.00 20 5 1.00 0 0 nan 12.10 
3.566 2 1 2 0 0.3529 0.3228 0.3101 0.0006 -0.000000 0.008591 -3.0000 1 1.6255 1  1847 2602 3124 3412 3503 3488 3404 2612  1 1 1 6.00 20 5 1.00 0 0 nan 12.10 
3.569 2 1 2 0 0.3602 0.3300 0.3109 0.0006 -0.000000 0.008710 -3.0000 1 1.8379 1  1855 2618 3103 3404 3490 3472 3387 2572  1 1 1 6.00 20 5 1.00 0 0 nan 12.08 
3.572 2 1 2 0 0.3398 0.3489 0.3119 0.0006 -0.002591 0.008445 -3.0000 1 1.8507 1  1835 2561 3052 3366 3465 3447 3365 2636  1 1 1 6.00 20 5 1.00 0 0 nan 12.08 
3.575 2 1 2 0 0.3676 0.3383 0.3129 0.0006 -0.000000 0.008791 -3.0000 1 1.8196 1  1820 2554 3037 3351 3437 3439 3345 2594  1 1 1 6.00 20 5 1.00 0 0 nan 12.08 
3.578 2 1 2 0 0.3680 0.3384 0.3137 0.0006 -0.000000 0.009099 -3.0000 1 1.8375 1  1868 2560 3023 3352 3435 3426 3345 2594  1 1 1 6.00 20 5 1.00 0 0 nan 12.08 
3.581 2 1 2 0 0.3530 0.3245 0.3149 0.0006 -0.000000 0.008688 -3.0000 1 1.8199 1  1809 2531 3033 3352 3458 3457 3358 2589  1 1 1 6.00 20 5 1.00 0 0 nan 12.09 
3.584 2 1 2 0 0.3466 0.3205 0.3157 0.0006 -0.000000 0.008226 -3.0000 1 2.2107 1  1822 2524 3009 3365 3466 3486 3385 2630  1 1 1 6.00 20 5 1.00 0 0 nan 12.10 
3.587 2 1 2 0 0.3451 0.3225 0.3165 0.0006 -0.000000 0.008169 -3.0000 1 1.8151 1  1819 2513 3019 3373 3481 3499 3401 2634  1 1 1 6.00 20 5 1.00 0 0 nan 12.09 
3.590 2 1 2 0 0.3475 0.3251 0.3177 0.0006 -0.000000 0.008008 -3.0000 1 1.8313 1  1806 2512 3041 3384 3495 3503 3415 2640  1 1 1 6.00 20 5 1.00 0 0 nan 12.09 
3.593 2 1 2 0 0.3596 0.3387 0.3185 0.0006 -0.000000 0.008160 -3.0000 1 1.8549 1  1794 2496 2999 3362 3492 3484 3416 2649  1 1 1 6.00 20 5 1.00 0 0 nan 12.09 
3.596 2 1 2 0 0.3644 0.3434 0.3197 0.0006 -0.000000 0.008539 -3.0000 1 1.8606 1  1792 2483 2975 3367 3485 3488 3418 2653  1 1 1 6.00 20 5 1.00 0 0 nan 12.09 
3.599 2 1 2 0 0.3713 0.3489 0.3205 0.0006 -0.000000 0.008742 -3.0000 1 1.8425 1  1792 2476 2955 3370 3487 3503 3416 2664  1 1 1 6.00 20 5 1.00 0 0 nan 12.09 
3.602 2 1 2 0 0.3510 0.3669 0.3215 0.0006 -0.002591 0.008983 -3.0000 1 1.8315 1  1783 2478 2975 3371 3502 3516 3431 2672  1 1 1 6.00 20 5 1.00 0 0 nan 12.09 
3.605 2 1 2 0 0.3608 0.3373 0.3225 0.0006 -0.000000 0.008841 -3.0000 1 1.8590 1  1785 2473 2947 3369 3495 3481 3422 2681  1 1 1 6.00 20 5 1.00 0 0 nan 12.08 
3.608 2 1 2 0 0.3433 0.3230 0.3233 0.0006 -0.000000 0.008314 -3.0000 1 1.8634 1  1772 2464 2970 3362 3492 3482 3421 2679  1 1 1 6.00 20 5 1.00 0 0 nan 12.09 
3.611 2 1 2 0 0.3607 0.3021 0.3243 0.0006 0.002591 0.007812 -3.0000 1 1.8399 1  1766 2469 2954 3347 3494 3506 3423 2677  1 1 1 6.00 20 5 1.00 0 0 nan 12.10 
3.614 2 1 2 0 0.3460 0.3267 0.3253 0.0006 -0.000000 0.007733 -3.0000 1 1.8249 1  1803 2465 2955 3357 3491 3496 3420 2683  1 1 1 6.00 20 5 1.00 0 0 nan 12.09 
3.617 2 1 2 0 0.3569 0.3387 0.3261 0.0006 -0.000000 0.008139 -3.0000 1 1.8096 1  1817 2468 2943 3340 3489 3511 3406 2681  1 1 1 6.00 20 5 1.00 0 0 nan 12.10 
3.620 2 1 2 0 0.3584 0.3398 0.3273 0.0006 -0.000000 0.008096 -3.0000 1 1.8448 1  1805 2458 2915 3338 3469 3462 3391 2685  1 1 1 6.00 20 5 1.00 0 0 nan 12.08 
3.623 2 1 2 0 0.3670 0.3466 0.3281 0.0006 -0.000000 0.008147 -3.0000 1 1.8563 1  1798 2467 2907 3347 3478 3476 3414 2694  1 1 1 6.00 20 5 1.00 0 0 nan 12.08 
3.626 2 1 2 0 0.3633 0.3427 0.3293 0.0006 -0.000000 0.008431 -3.0000 1 1.8255 1  1798 2470 2910 3335 3485 3494 3403 2698  1 1 1 6.00 20 5 1.00 0 0 nan 12.10 
3.629 2 1 2 0 0.3557 0.3350 0.3301 0.0006 -0.000000 0.008237 -3.0000 1 1.5308 1  1802 2465 2922 3341 3490 3499 3431 2707  1 1 1 6.00 20 5 1.00 0 0 nan 12.09 
3.632 2 1 2 0 0.3377 0.3184 0.3309 0.0006 -0.000000 0.007528 -3.0000 1 1.8415 1  1815 2469 2930 3337 3495 3503 3433 2714  1 1 1 6.00 20 5 1.00 0 0 nan 12.08 
3.635 2 1 2 0 0.3639 0.3062 0.3319 0.0006 0.002591 0.007205 -3.0000 1 1.8345 1  1796 2469 2890 3311 3478 3508 3414 2712  1 1 1 nan 17 5 1.00 0 0 nan 12.09 
3.638 2 1 2 0 0.3501 0.3329 0.3329 0.0006 -0.000000 0.007401 -3.0000 1 1.8238 1  1804 2463 2885 3338 3485 3506 3428 2714  1 1 1 6.00 18 5 1.00 0 0 nan 12.08 
3.641 2 1 2 0 0.3749 0.3205 0.3339 0.0006 0.002591 0.007516 -3.0000 1 1.8632 1  1825 2461 2889 3333 3490 3504 3440 2725  1 1 1 6.00 20 5 1.00 0 0 nan 12.09 
3.644 2 1 2 0 0.3590 0.3433 0.3350 0.0006 -0.000000 0.007583 -3.0000 1 1.8398 1  1822 2448 2868 3295 3478 3493 3425 2728  1 1 1 6.00 20 5 1.00 0 0 nan 12.09 
3.647 2 1 2 0 0.3642 0.3476 0.3358 0.0006 -0.000000 0.007961 -3.0000 1 1.8542 1  1802 2446 2864 3302 3475 3495 3437 2733  1 1 1 6.00 20 5 1.00 0 0 nan 12.09 
3.650 2 1 2 0 0.3598 0.3425 0.3370 0.0006 -0.000000 0.007993 -3.0000 1 1.8668 1  1789 2447 2863 3309 3485 3495 3443 2742  1 1 1 6.00 20 5 1.00 0 0 nan 12.08 
3.653 2 1 2 0 0.3444 0.3279 0.3378 0.0006 -0.000000 0.007467 -3.0000 1 1.8546 1  1813 2457 2849 3303 3477 3500 3425 2745  1 1 1 6.00 20 5 1.00 0 0 nan 12.09 
3.656 2 1 2 0 0.3639 0.3101 0.3388 0.0006 0.002591 0.007258 -3.0000 1 1.8622 1  1793 2433 2829 3278 3470 3480 3425 2749  1 1 1 6.00 20 5 1.00 0 0 nan 12.09 
3.659 2 1 2 0 0.3648 0.3115 0.3396 0.0006 0.002591 0.006912 -3.0000 1 1.8668 1  1796 2433 2823 3285 3468 3495 3438 2756  1 1 1 6.00 20 5 1.00 0 0 nan 12.09 
3.662 2 1 2 0 0.3497 0.3378 0.3406 0.0006 -0.000000 0.006710 -3.0000 1 1.8879 1  1804 2441 2800 3270 3467 3491 3435 2760  1 1 1 6.00 20 5 1.00 0 0 nan 12.09 
3.665 2 1 2 0 0.3754 0.3240 0.3416 0.0006 0.002591 0.006980 -3.0000 1 1.8503 1  1828 2432 2816 3274 3464 3491 3420 2769  1 1 1 6.00 20 5 1.00 0 0 nan 12.09 
3.668 2 1 2 0 0.3647 0.3515 0.3426 0.0006 -0.000000 0.007456 -3.0000 1 nan 1  1839 2443 2796 3249 3466 3497 3411 2770  1 1 1 nan 19 5 1.00 0 0 nan 12.09 
3.671 2 1 2 0 0.3682 0.3539 0.3438 0.0006 -0.000000 0.007658 -3.0000 1 1.8180 1  1845 2446 2802 3241 3474 3512 3427 2783  1 1 1 nan 16 5 1.00 0 0 nan 12.09 
3.674 2 1 2 0 0.3724 0.3571 0.3446 0.0006 -0.000000 0.007974 -3.0000 1 1.8330 1  1840 2446 2794 3256 3460 3499 3422 2785  1 1 1 6.00 19 5 1.00 0 0 nan 12.09 
3.677 2 1 2 0 0.3623 0.3476 0.3454 0.0006 -0.000000 0.008002 -3.0000 1 1.8388 1  1845 2449 2787 3240 3453 3469 3406 2787  1 1 1 6.00 20 5 1.00 0 0 nan 12.08 
3.680 2 1 2 0 0.3726 0.3187 0.3464 0.0006 0.002591 0.007511 -3.0000 1 1.8867 1  1843 2454 2802 3257 3458 3488 3433 2796  1 1 1 6.00 20 5 1.00 0 0 nan 12.07 
3.683 2 1 2 0 0.3407 0.3283 0.3474 0.0006 -0.000000 0.006772 -3.0000 1 1.8538 1  1845 2468 2786 3226 3447 3496 3426 2796  1 1 1 6.00 20 5 1.00 0 0 nan 12.09 
3.686 2 1 2 0 0.3696 0.3206 0.3484 0.0006 0.002591 0.006739 -3.0000 1 1.8969 1  1837 2468 2780 3223 3446 3474 3430 2797  1 1 1 6.00 20 5 1.00 0 0 nan 12.09 
3.689 2 1 2 0 0.3605 0.3508 0.3494 0.0006 -0.000000 0.007239 -3.0000 1 1.8858 1  1838 2465 2788 3250 3455 3492 3422 2802  1 1 1 6.00 20 5 1.00 0 0 nan 12.10 
3.692 2 1 2 0 0.3862 0.3381 0.3504 0.0006 0.002591 0.007442 -3.0000 1 1.8221 1  1863 2452 2787 3240 3453 3496 3415 2814  1 1 1 6.00 20 5 1.00 0 0 nan 12.09 
3.695 2 1 2 0 0.3663 0.3574 0.3514 0.0006 -0.000000 0.007526 -3.0000 1 1.7934 1  1846 2447 2777 3231 3448 3493 3408 2820  1 1 1 6.00 20 5 1.00 0 0 nan 12.10 
3.698 2 1 2 0 0.3839 0.3366 0.3524 0.0006 0.002591 0.007662 -3.0000 1 1.8650 1  1866 2464 2761 3206 3445 3491 3434 2828  1 1 1 6.00 20 5 1.00 0 0 nan 12.09 
3.701 2 1 2 0 0.3675 0.3197 0.3532 0.0006 0.002591 0.007195 -3.0000 1 1.8776 1  1839 2463 2747 3201 3447 3476 3429 2832  1 1 1 6.00 20 5 1.00 0 0 nan 12.10 
3.704 2 1 2 0 0.3779 0.2944 0.3542 0.0006 0.005182 0.006393 -3.0000 1 1.8687 1  1823 2445 2720 3204 3434 3487 3430 2829  1 1 1 6.00 20 5 1.00 0 0 nan 12.10 
3.707 2 1 2 0 0.3580 0.3160 0.3552 0.0006 0.002591 0.006022 -3.0000 1 1.9000 1  1836 2425 2712 3182 3439 3487 3437 2834  1 1 1 6.00 20 5 1.00 0 0 nan 12.09 
3.710 2 1 2 0 0.3601 0.3198 0.3560 0.0006 0.002591 0.005687 -3.0000 1 1.9000 1  1824 2412 2695 3181 3434 3494 3451 2844  1 1 1 6.00 20 5 1.00 0 0 nan 12.10 
3.713 2 1 2 0 0.3510 0.3502 0.3570 0.0006 -0.000000 0.005823 -3.0000 1 1.9000 1  1807 2401 2685 3186 3442 3487 3457 2849  1 1 1 6.00 20 5 1.00 0 0 nan 12.10 
3.716 2 1 2 0 0.3751 0.3332 0.3580 0.0006 0.002591 0.005984 -3.0000 1 1.9000 1  1782 2380 2669 3152 3422 3485 3415 2858  1 1 1 6.00 20 5 1.00 0 0 nan 12.10 
3.719 2 1 2 0 0.3578 0.3541 0.3590 0.0006 -0.000000 0.005879 -3.0000 1 1.8525 1  1778 2384 2650 3162 3432 3491 3417 2868  1 1 1 6.00 20 5 1.00 0 0 nan 12.10 
3.722 2 1 2 0 0.3650 0.3587 0.3603 0.0006 -0.000000 0.006093 -3.0000 1 1.8010 1  1778 2363 2617 3117 3419 3481 3408 2872  1 1 1 6.00 20 5 1.00 0 0 nan 12.09 
3.725 2 1 2 0 0.3617 0.3560 0.3611 0.0006 -0.000000 0.006163 -3.0000 1 1.8731 1  1752 2321 2602 3111 3404 3475 3422 2880  1 1 1 6.00 20 5 1.00 0 0 nan 12.09 
3.728 2 1 2 0 0.3663 0.3216 0.3621 0.0006 0.002591 0.005736 -3.0000 1 1.8717 1  1734 2301 2591 3105 3399 3477 3419 2872  1 1 1 6.00 20 5 1.00 0 0 nan 12.09 
3.731 2 1 2 0 0.3511 0.3070 0.3629 0.0006 0.002591 0.004769 -3.0000 1 2.5454 1  1716 2293 2577 3095 3418 3477 3420 2897  1 1 1 6.00 20 5 1.00 0 0 nan 12.10 
3.734 2 1 2 0 0.3567 0.3145 0.3641 0.0006 0.002591 0.004379 -3.0000 1 1.8678 1  1717 2290 2557 3084 3393 3471 3421 2900  1 1 1 6.00 20 5 1.00 0 0 nan 12.09 
3.737 2 1 2 0 0.3654 0.3233 0.3649 0.0006 0.002591 0.004615 -3.0000 1 1.9000 1  1691 2262 2550 3068 3395 3476 3458 2912  1 1 1 6.00 20 5 1.00 0 0 nan 12.10 
3.740 2 1 2 0 0.3506 0.3483 0.3659 0.0006 -0.000000 0.004485 -3.0000 1 1.9000 1  1692 2251 2539 3091 3409 3479 3441 2928  1 1 1 6.00 20 5 1.00 0 0 nan 12.10 
3.743 2 1 2 0 0.3756 0.3323 0.3669 0.0006 0.002591 0.004393 -3.0000 1 1.9000 1  1697 2271 2531 3060 3416 3480 3439 2926  1 1 1 6.00 20 5 1.00 0 0 nan 12.10 
3.746 2 1 2 0 0.3580 0.3531 0.3679 0.0006 -0.000000 0.004616 -3.0000 1 1.9000 1  1722 2255 2541 3047 3380 3466 3416 2928  1 1 1 6.00 20 5 1.00 0 0 nan 12.10 
3.749 2 1 2 0 0.3694 0.3254 0.3689 0.0006 0.002591 0.004280 -3.0000 1 1.8775 1  1678 2213 2491 3019 3384 3466 3426 2951  1 1 1 6.00 20 5 1.00 0 0 nan 12.10 
3.752 2 1 2 0 0.3521 0.3085 0.3697 0.0006 0.002591 0.003543 -3.0000 1 1.9000 1  1650 2219 2486 3027 3403 3480 3457 2961  1 1 1 6.00 20 5 1.00 0 0 nan 12.09 
3.755 2 1 2 0 0.3314 0.3277 0.3707 0.0006 -0.000000 0.003195 -3.0000 1 1.9000 1  1640 2222 2468 3014 3365 3474 3436 2951  1 1 1 6.00 20 5 1.00 0 0 nan 12.10 
3.758 2 1 2 0 0.3497 0.3081 0.3717 0.0006 0.002591 0.002856 -3.0000 1 1.9000 1  1651 2189 2459 3001 3387 3470 3440 2967  1 1 1 6.00 20 5 1.00 0 0 nan 12.10 
3.761 2 1 2 0 0.3557 0.3140 0.3725 0.0006 0.002591 0.002649 -3.0000 1 1.9000 1  1634 2196 2454 2993 3376 3477 3441 2966  1 1 1 6.00 20 5 1.00 0 0 nan 12.10 
3.764 2 1 2 0 0.3377 0.3356 0.3735 0.0006 -0.000000 0.002573 -3.0000 1 1.9000 1  1633 2211 2445 2965 3385 3473 3440 2974  1 1 1 6.00 20 5 1.00 0 0 nan 12.10 
3.767 2 1 2 0 0.3646 0.3215 0.3745 0.0006 0.002591 0.002649 -3.0000 1 1.9000 1  1629 2223 2440 2978 3382 3468 3441 2973  1 1 1 6.00 20 5 1.00 0 0 nan 12.10 
3.770 2 1 2 0 0.3542 0.3494 0.3755 0.0006 -0.000000 0.002874 -3.0000 1 1.9000 1  1628 2174 2448 2979 3384 3475 3451 2981  1 1 1 6.00 20 5 1.00 0 0 nan 12.10 
3.773 2 1 2 0 0.3530 0.3457 0.3763 0.0006 -0.000000 0.002898 -3.0000 1 1.9000 1  1627 2198 2451 2972 3370 3475 3438 2968  1 1 1 6.00 20 5 1.00 0 0 nan 12.10 
3.776 2 1 2 0 0.3508 0.3414 0.3775 0.0006 -0.000000 0.003059 -3.0000 1 1.6104 1  1625 2203 2439 2975 3375 3467 3433 2971  1 1 1 6.00 20 5 1.00 0 0 nan 12.11 
3.779 2 1 2 0 0.3412 0.3299 0.3783 0.0006 -0.000000 0.002885 -3.0000 1 1.9000 1  1630 2171 2436 2977 3363 3473 3426 2978  1 1 1 6.00 20 5 1.00 0 0 nan 12.10 
3.782 2 1 2 0 0.3510 0.3000 0.3793 0.0006 0.002591 0.002062 -3.0000 1 1.9000 1  1626 2187 2433 2967 3385 3480 3451 2995  1 1 1 6.00 20 5 1.00 0 0 nan 12.10 
3.785 2 1 2 0 0.3457 0.3327 0.3803 0.0006 -0.000000 0.002210 -3.0000 1 1.9000 1  1629 2191 2423 2949 3390 3473 3438 2987  1 1 1 6.00 20 5 1.00 0 0 nan 12.10 
3.788 2 1 2 0 0.3467 0.3338 0.3811 0.0006 -0.000000 0.002821 -3.0000 1 1.9000 1  1640 2232 2423 2942 3391 3471 3427 2986  1 1 1 6.00 20 5 1.00 0 0 nan 12.10 
3.791 2 1 2 0 0.3517 0.3374 0.3823 0.0006 -0.000000 0.002912 -3.0000 1 1.9000 1  1654 2224 2423 2937 3388 3477 3432 2970  1 1 1 6.00 20 5 1.00 0 0 nan 12.10 
3.794 2 1 2 0 0.3533 0.3378 0.3831 0.0006 -0.000000 0.002894 -3.0000 1 2.6441 1  1664 2231 2426 2936 3358 3466 3440 2930  1 1 1 6.00 20 5 1.00 0 0 nan 12.10 
3.797 2 1 2 0 0.3562 0.3397 0.3844 0.0006 -0.000000 0.003148 -3.0000 1 1.9000 1  1668 2191 2428 2910 3321 3467 3458 2959  1 1 1 6.00 20 5 1.00 0 0 nan 12.10 
3.800 2 1 2 0 0.3485 0.3311 0.3852 0.0006 -0.000000 0.003016 -3.0000 1 1.9000 1  1673 2195 2427 2931 3363 3470 3440 2971  1 1 1 6.00 20 5 1.00 0 0 nan 12.10 
3.803 2 1 2 0 0.3338 0.3184 0.3860 0.0006 -0.000000 0.002329 -3.0000 1 1.9000 1  1671 2199 2422 2920 3357 3467 3433 2981  1 1 1 6.00 20 5 1.00 0 0 nan 12.10 
3.806 2 1 2 0 0.3524 0.2993 0.3870 0.0006 0.002591 0.002023 -3.0000 1 1.9000 1  1682 2217 2425 2904 3348 3464 3432 2959  1 1 1 6.00 20 5 1.00 0 0 nan 12.10 
3.809 2 1 2 0 0.3420 0.3286 0.3880 0.0006 -0.000000 0.002223 -3.0000 1 1.9000 1  1690 2242 2434 2911 3352 3472 3448 2969  1 1 1 6.00 20 5 1.00 0 0 nan 12.10 
3.812 2 1 2 0 0.3461 0.3328 0.3888 0.0006 -0.000000 0.002420 -3.0000 1 1.9000 1  1691 2211 2434 2904 3342 3477 3445 2996  1 1 1 6.00 20 5 1.00 0 0 nan 12.10 
3.815 2 1 2 0 0.3465 0.3319 0.3900 0.0006 -0.000000 0.002253 -3.0000 1 1.9000 1  1695 2256 2426 2914 3350 3464 3440 2944  1 1 1 6.00 20 5 1.00 0 0 nan 12.10 
3.818 2 1 2 0 0.3572 0.3414 0.3908 0.0006 -0.000000 0.002542 -3.0000 1 1.9000 1  1704 2254 2430 2890 3346 3459 3437 2942  1 1 1 6.00 20 5 1.00 0 0 nan 12.10 
3.821 2 1 2 0 0.3748 0.3199 0.3918 0.0006 0.002591 0.002821 -3.0000 1 1.9000 1  1705 2286 2448 2891 3340 3459 3423 2924  1 1 1 6.00 20 5 1.00 0 0 nan 12.10 
3.824 2 1 2 0 0.3437 0.3287 0.3928 0.0006 -0.000000 0.002448 -3.0000 1 1.9000 1  1734 2280 2451 2885 3316 3447 3422 2944  1 1 1 6.00 20 5 1.00 0 0 nan 12.09 
3.827 2 1 2 0 0.3561 0.3047 0.3938 0.0006 0.002591 0.001924 -3.0000 1 1.9000 1  1701 2261 2451 2885 3324 3441 3407 2932  1 1 1 6.00 20 5 1.00 0 0 nan 12.10 
3.830 2 1 2 0 0.3603 0.3089 0.3946 0.0006 0.002591 0.001873 -3.0000 1 1.5847 1  1708 2266 2456 2885 3323 3457 3428 2908  1 1 1 6.00 20 5 1.00 0 0 nan 12.10 
3.833 2 1 2 0 0.3464 0.3358 0.3956 0.0006 -0.000000 0.002114 -3.0000 1 1.9000 1  1712 2281 2459 2890 3326 3452 3425 2925  1 1 1 6.00 20 5 1.00 0 0 nan 12.10 
3.836 2 1 2 0 0.3706 0.3217 0.3966 0.0006 0.002591 0.002291 -3.0000 1 1.9000 1  1718 2279 2456 2880 3328 3456 3428 2930  1 1 1 6.00 20 5 1.00 0 0 nan 12.10 
3.839 2 1 2 0 0.3540 0.3441 0.3976 0.0006 -0.000000 0.002434 -3.0000 1 1.9000 1  1720 2297 2472 2878 3332 3464 3427 2924  1 1 1 6.00 20 5 1.00 0 0 nan 12.10 
3.842 2 1 2 0 0.3617 0.3499 0.3984 0.0006 -0.000000 0.002791 -3.0000 1 1.9000 1  1723 2291 2479 2874 3340 3454 3426 2934  1 1 1 6.00 20 5 1.00 0 0 nan 12.10 
3.845 2 1 2 0 0.3566 0.3432 0.3996 0.0006 -0.000000 0.002953 -3.0000 1 2.6385 1  1730 2299 2467 2868 3313 3432 3426 2891  1 1 1 6.00 20 5 1.00 0 0 nan 12.10 
3.848 2 1 2 0 0.3411 0.3278 0.4004 0.0006 -0.000000 0.002560 -3.0000 1 1.9000 1  1729 2308 2467 2862 3303 3450 3418 2906  1 1 1 6.00 20 5 1.00 0 0 nan 12.10 
3.851 2 1 2 0 0.3328 0.3195 0.4012 0.0006 -0.000000 0.001962 -3.0000 1 1.9000 1  1731 2298 2475 2848 3303 3453 3415 2927  1 1 1 6.00 20 5 1.00 0 0 nan 12.10 
3.854 2 1 2 0 0.3530 0.3002 0.4022 0.0006 0.002591 0.001718 -3.0000 1 1.9000 1  1728 2292 2477 2839 3300 3440 3416 2889  1 1 1 6.00 20 5 1.00 0 0 nan 12.10 
3.857 2 1 2 0 0.3385 0.3240 0.4032 0.0006 -0.000000 0.001878 -3.0000 1 1.9000 1  1733 2306 2479 2837 3312 3443 3415 2882  1 1 1 6.00 20 5 1.00 0 0 nan 12.10 
3.860 2 1 2 0 0.3419 0.3275 0.4040 0.0006 -0.000000 0.001986 -3.0000 1 1.9000 1  1734 2312 2472 2831 3286 3448 3411 2907  1 1 1 6.00 20 5 1.00 0 0 nan 12.10 
3.863 2 1 2 0 0.3421 0.3265 0.4052 0.0006 -0.000000 0.001748 -3.0000 1 1.9000 1  1734 2311 2470 2825 3293 3450 3416 2902  1 1 1 6.00 20 5 1.00 0 0 nan 12.10 
3.866 2 1 2 0 0.3463 0.3283 0.4060 0.0006 -0.000000 0.001909 -3.0000 1 1.9000 1  1737 2299 2489 2822 3285 3450 3417 2905  1 1 1 6.00 20 5 1.00 0 0 nan 12.10 
3.869 2 1 2 0 0.3318 0.3497 0.4070 0.0006 -0.002591 0.002155 -3.0000 1 1.9000 1  1737 2303 2483 2819 3295 3447 3420 2898  1 1 1 6.00 20 5 1.00 0 0 nan 12.10 
3.872 2 1 2 0 0.3478 0.3244 0.4080 0.0006 -0.000000 0.002166 -3.0000 1 1.9000 1  1733 2302 2462 2820 3290 3427 3415 2884  1 1 1 6.00 20 5 1.00 0 0 nan 12.10 
3.875 2 1 2 0 0.3446 0.3184 0.4088 0.0006 -0.000000 0.001936 -3.0000 1 1.9000 1  1734 2295 2458 2802 3291 3423 3414 2899  1 1 1 6.00 20 5 1.00 0 0 nan 12.10 
3.878 2 1 2 0 0.3204 0.3327 0.4099 0.0006 -0.002591 0.001506 -3.0000 1 1.9000 1  1730 2293 2452 2798 3285 3426 3415 2874  1 1 1 6.00 20 5 1.00 0 0 nan 12.10 
3.881 2 1 2 0 0.3419 0.3152 0.4109 0.0006 -0.000000 0.001392 -3.0000 1 nan 1  1734 2303 2452 2796 3252 3447 3423 2895  1 1 1 nan 19 5 1.00 0 0 nan 12.10 
3.884 2 1 2 0 0.3268 0.3373 0.4119 0.0006 -0.002591 0.001482 -3.0000 1 1.9000 1  1731 2292 2468 2789 3267 3446 3417 2893  1 1 1 6.00 20 5 1.00 0 0 nan 12.10 
3.887 2 1 2 0 0.3181 0.3279 0.4127 0.0006 -0.002591 0.001222 -3.0000 1 1.9000 1  1733 2274 2440 2777 3254 3432 3400 2856  1 1 1 6.00 20 5 1.00 0 0 nan 12.10 
3.890 2 1 2 0 0.3464 0.3146 0.4137 0.0006 -0.000000 0.001183 -3.0000 1 1.9000 1  1729 2287 2458 2774 3256 3432 3415 2884  1 1 1 6.00 20 5 1.00 0 0 nan 12.10 
3.893 2 1 2 0 0.3290 0.3351 0.4147 0.0006 -0.002591 0.001133 -3.0000 1 1.9000 1  1728 2294 2479 2772 3254 3439 3417 2896  1 1 1 6.00 20 5 1.00 0 0 nan 12.10 
3.896 2 1 2 0 0.3270 0.3317 0.4155 0.0006 -0.002591 0.001056 -3.0000 1 1.9000 1  1730 2294 2446 2769 3247 3395 3410 2886  1 1 1 6.00 20 5 1.00 0 0 nan 12.10 
3.899 2 1 2 0 0.3327 0.3346 0.4167 0.0006 -0.002591 0.001161 -3.0000 1 1.9000 1  1730 2297 2439 2772 3249 3422 3413 2887  1 1 1 6.00 20 5 1.00 0 0 nan 12.10 
3.902 2 1 2 0 0.3373 0.3383 0.4175 0.0006 -0.002591 0.001366 -3.0000 1 1.9000 1  1736 2299 2459 2762 3254 3436 3410 2876  1 1 1 6.00 20 5 1.00 0 0 nan 12.09 
3.905 2 1 2 0 0.3487 0.3094 0.4185 0.0006 -0.000000 0.001175 -3.0000 1 1.9000 1  1726 2298 2453 2763 3232 3407 3414 2882  1 1 1 6.00 20 5 1.00 0 0 nan 12.10 
3.908 2 1 2 0 0.3327 0.3310 0.4195 0.0006 -0.002591 0.001277 -3.0000 1 1.9000 1  1724 2298 2459 2762 3235 3430 3414 2885  1 1 1 6.00 20 5 1.00 0 0 nan 12.10 
3.911 2 1 2 0 0.3312 0.3292 0.4203 0.0006 -0.002591 0.001496 -3.0000 1 1.9000 1  1723 2293 2448 2756 3230 3434 3413 2875  1 1 1 6.00 20 5 1.00 0 0 nan 12.10 
3.914 2 1 2 0 0.3341 0.3304 0.4215 0.0006 -0.002591 0.001579 -3.0000 1 2.0657 1  1723 2294 2458 2746 3230 3430 3403 2871  1 1 1 6.00 20 5 1.00 0 0 nan 12.10 
3.917 2 1 2 0 0.3342 0.3276 0.4223 0.0006 -0.002591 0.001601 -3.0000 1 1.9000 1  1707 2287 2465 2740 3222 3396 3396 2864  1 1 1 6.00 20 5 1.00 0 0 nan 12.09 
3.920 2 1 2 0 0.3289 0.3226 0.4231 0.0006 -0.002591 0.001353 -3.0000 1 1.9000 1  1705 2276 2449 2741 3236 3394 3403 2853  1 1 1 6.00 20 5 1.00 0 0 nan 12.09 
3.923 2 1 2 0 0.3189 0.3116 0.4243 0.0006 -0.002591 0.000884 -3.0000 1 1.9000 1  1692 2263 2453 2738 3220 3409 3406 2854  1 1 1 6.00 20 5 1.00 0 0 nan 12.10 
3.926 2 1 2 0 0.3153 0.3084 0.4251 0.0006 -0.002591 0.000598 -3.0000 1 1.9000 1  1706 2304 2486 2757 3221 3391 3392 2854  1 1 1 6.00 20 5 1.00 0 0 nan 12.10 
3.929 2 1 2 0 0.3233 0.3169 0.4259 0.0006 -0.002591 0.000826 -3.0000 1 1.6081 1  1676 2244 2435 2718 3191 3392 3382 2854  1 1 1 6.00 20 5 1.00 0 0 nan 12.10 
3.932 2 1 2 0 0.3435 0.2978 0.4269 0.0006 -0.000000 0.000896 -3.0000 1 2.2807 1  1675 2238 2440 2710 3191 3382 3381 2841  1 1 1 6.00 20 5 1.00 0 0 nan 12.10 
3.935 2 1 2 0 0.3208 0.3137 0.4279 0.0006 -0.002591 0.000507 -3.0000 1 1.9000 1  1670 2238 2417 2698 3184 3389 3383 2844  1 1 1 6.00 20 5 1.00 0 0 nan 12.09 
3.938 2 1 2 0 0.3262 0.3210 0.4287 0.0006 -0.002591 0.000535 -3.0000 1 1.9000 1  1668 2222 2401 2685 3173 3388 3376 2821  1 1 1 6.00 20 5 1.00 0 0 nan 12.10 
3.941 2 1 2 0 0.3458 0.3012 0.4297 0.0006 -0.000000 0.000655 -3.0000 1 1.9000 1  1671 2220 2413 2676 3166 3385 3385 2838  1 1 1 6.00 20 5 1.00 0 0 nan 12.09 
3.944 2 1 2 0 0.3337 0.3275 0.4307 0.0006 -0.002591 0.000669 -3.0000 1 1.9000 1  1659 2215 2388 2659 3155 3361 3377 2829  1 1 1 6.00 20 5 1.00 0 0 nan 12.09 
3.947 2 1 2 0 0.3279 0.3220 0.4315 0.0006 -0.002591 0.000833 -3.0000 1 1.7589 1  1638 2202 2381 2645 3143 3350 3374 2830  1 1 1 6.00 20 5 1.00 0 0 nan 12.10 
3.950 2 1 2 0 0.3461 0.3011 0.4325 0.0006 -0.000000 0.000650 -3.0000 1 2.3715 1  1638 2200 2386 2649 3141 3358 3373 2833  1 1 1 6.00 20 5 1.00 0 0 nan 12.09 
3.953 2 1 2 0 0.3140 0.3075 0.4335 0.0006 -0.002591 0.000207 -3.0000 1 1.9000 1  1633 2187 2369 2630 3126 3370 3369 2825  1 1 1 6.00 20 5 1.00 0 0 nan 12.10 
3.956 2 1 2 0 0.3185 0.3123 0.4344 0.0006 -0.002591 0.000379 -3.0000 1 1.9000 1  1626 2176 2373 2615 3110 3330 3367 2825  1 1 1 6.00 20 5 1.00 0 0 nan 12.09 
3.959 2 1 2 0 0.3265 0.3178 0.4352 0.0006 -0.002591 0.001045 -3.0000 1 1.9000 1  1626 2163 2356 2606 3096 3356 3371 2827  1 1 1 6.00 20 5 1.00 0 0 nan 12.09 
3.962 2 1 2 0 0.3253 0.3160 0.4364 0.0006 -0.002591 0.000909 -3.0000 1 1.9000 1  1590 2154 2348 2574 3073 3337 3368 2823  1 1 1 6.00 20 5 1.00 0 0 nan 12.10 
3.965 2 1 2 0 0.3269 0.3156 0.4372 0.0006 -0.002591 0.000733 -3.0000 1 1.9000 1  1601 2139 2335 2566 3061 3330 3354 2818  1 1 1 6.00 20 5 1.00 0 0 nan 12.10 
3.968 2 1 2 0 0.3266 0.3150 0.4380 0.0006 -0.002591 0.000849 -3.0000 1 1.9000 1  1596 2137 2316 2539 3040 3326 3353 2811  1 1 1 6.00 20 5 1.00 0 0 nan 12.09 
3.971 2 1 2 0 0.3235 0.3116 0.4392 0.0006 -0.002591 0.000926 -3.0000 1 1.9000 1  1572 2120 2287 2493 3020 3310 3334 2814  1 1 1 6.00 20 5 1.00 0 0 nan 12.10 
3.974 2 1 2 0 0.3091 0.2984 0.4400 0.0006 -0.002591 0.000348 -3.0000 1 1.9000 1  1567 2099 2270 2481 2996 3302 3337 2811  1 1 1 6.00 20 5 1.00 0 0 nan 12.10 
3.977 2 1 2 0 0.3059 0.2977 0.4408 0.0006 -0.002591 -0.000095 -3.0000 1 1.6555 1  1538 2076 2232 2459 2974 3283 3343 2816  1 1 1 6.00 20 5 1.00 0 0 nan 12.09 
3.980 2 1 2 0 0.3078 0.3003 0.4416 0.0006 -0.002591 -0.000028 -3.0000 1 1.9000 1  1540 2062 2210 2429 2956 3300 3321 2811  1 1 1 6.00 20 5 1.00 0 0 nan 12.10 
3.983 2 1 2 0 0.3267 0.2803 0.4426 0.0006 -0.000000 0.000048 -3.0000 1 1.9000 1  1509 2048 2199 2406 2932 3252 3348 2811  1 1 1 6.00 20 5 1.00 0 0 nan 12.10 
3.986 2 1 2 0 0.3098 0.3021 0.4436 0.0006 -0.002591 -0.000135 -3.0000 1 1.9000 1  1512 2033 2190 2391 2910 3247 3308 2803  1 1 1 6.00 20 5 1.00 0 0 nan 12.09 
3.989 2 1 2 0 0.3130 0.3046 0.4444 0.0006 -0.002591 0.000036 -3.0000 1 1.9000 1  1526 2014 2175 2409 2904 3259 3325 2814  1 1 1 6.00 20 5 1.00 0 0 nan 12.09 
3.992 2 1 2 0 0.3173 0.3068 0.4452 0.0006 -0.002591 0.000276 -3.0000 1 1.9000 1  1511 2011 2169 2401 2893 3254 3325 2807  1 1 1 6.00 20 5 1.00 0 0 nan 12.10 
3.995 2 1 2 0 0.3154 0.3045 0.4464 0.0006 -0.002591 0.000183 -3.0000 1 1.9000 1  1519 1992 2166 2369 2876 3231 3319 2803  1 1 1 6.00 20 5 1.00 0 0 nan 12.09 
3.998 2 1 2 0 0.3177 0.3065 0.4472 0.0006 -0.002591 0.000279 -3.0000 1 1.9000 1  1492 1983 2153 2351 2872 3241 3315 2804  1 1 1 6.00 20 5 1.00 0 0 nan 12.09 
4.001 2 1 2 0 0.3179 0.3080 0.4480 0.0006 -0.002591 0.000396 -3.0000 1 1.9000 1  1448 1984 2137 2356 2862 3243 3314 2802  1 1 1 6.00 20 5 1.00 0 0 nan 12.10 
4.004 2 1 2 0 0.3357 0.2887 0.4490 0.0006 -0.000000 0.000259 -3.0000 1 1.9000 1  1476 1976 2148 2339 2846 3238 3302 2801  1 1 1 6.00 20 5 1.00 0 0 nan 12.10 
4.007 2 1 2 0 0.3226 0.3144 0.4500 0.0006 -0.002591 0.000269 -3.0000 1 1.9000 1  1470 1967 2134 2342 2834 3224 3308 2802  1 1 1 6.00 20 5 1.00 0 0 nan 12.09 
4.010 2 1 2 0 0.3329 0.3255 0.4508 0.0006 -0.002591 0.001422 -3.0000 1 1.9000 1  1481 1970 2147 2341 2820 3208 3291 2806  1 1 1 6.00 20 5 1.00 0 0 nan 12.09 
4.013 2 1 2 0 0.3332 0.3266 0.4516 0.0006 -0.002591 0.002089 -3.0000 1 1.9000 1  1447 1970 2136 2317 2820 3210 3322 2814  1 1 1 6.00 20 5 1.00 0 0 nan 12.09 
4.016 2 1 2 0 0.3570 0.3114 0.4526 0.0005 -0.000000 0.002429 -3.0000 1 2.0208 1  1462 1969 2142 2360 2814 3223 3323 2814  1 1 1 6.00 20 5 1.00 0 0 nan 12.10 
4.019 2 1 2 0 0.3259 0.3204 0.4536 0.0005 -0.002591 0.002594 -3.0000 1 1.9000 1  1484 1966 2139 2353 2806 3236 3315 2816  1 1 1 6.00 20 5 1.00 0 0 nan 12.09 
4.022 2 1 2 0 0.3206 0.3170 0.4544 0.0005 -0.002591 0.002765 -3.0000 1 2.2416 1  1506 1982 2151 2335 2797 3226 3308 2821  1 1 1 6.00 20 5 1.00 0 0 nan 12.09 
4.025 2 1 2 0 0.3041 0.3020 0.4552 0.0005 -0.002591 0.002506 -3.0000 1 1.9000 1  1453 1972 2138 2300 2782 3208 3306 2819  1 1 1 6.00 20 5 1.00 0 0 nan 12.09 
4.028 2 1 2 0 0.3196 0.2794 0.4562 0.0005 -0.000000 0.001951 -3.0000 1 1.9000 1  1460 1969 2133 2301 2775 3215 3300 2816  1 1 1 6.00 20 5 1.00 0 0 nan 12.09 
4.031 2 1 2 0 0.3254 0.2851 0.4570 0.0005 -0.000000 0.002139 -3.0000 1 1.9000 1  1452 1965 2134 2293 2754 3189 3309 2810  1 1 1 6.00 20 5 1.00 0 0 nan 12.09 
4.034 2 1 2 0 0.3113 0.3104 0.4580 0.0005 -0.002591 0.002395 -3.0000 1 1.9000 1  1443 1962 2122 2295 2747 3184 3296 2809  1 1 1 6.00 20 5 1.00 0 0 nan 12.09 
