%% logfile from robot Alma (11)
% Alma (11)
%  1    time 1.508 sec
%  2  3  4  5   (mission 0), state 2, entered (thread 1, line 1), events 0x0 (bit-flags)
%  6  7 Motor velocity ref left, right: 0.0458 -0.0021
%  8  9 10 11 Pose x,y,h,tilt [m,m,rad,rad]: 0.0084341 3.90244e-05 0.00518225 -0.0105863
% 12 .. 33 Edge sensor: left 0.778423 1, right 2.629579 1, values 1763 2387 2772 3227 3438 3448 3363 2655, 
%    white 1, used 1, LEDhigh=1, xingVal=1.78 xlcnt=0 lvcnt=5,LineVal=0.97, lineLow=4, lineHi=6, edgeAngle=0.
% whitelevel=[2898 3352 3437 3462 3485 3466 3391 2862];
% blacklevel=[1435 1889 2091 2192 2279 2230 2035 1497];
% 34    Battery voltage [V]: 11.75
% 35 44 ctrl edge, ref=0, m=0.126604, m2=0.175748, uf=0, r2=0, ep=-0.0351496,up=-0.0199436, ui=0, u1=-0.0199436, u=-0.0199436
1.508 2 1 1 0 0.0458 -0.0021 0.0084 0.0000 0.005182 -0.010586 0.7784 1 2.6296 1  1763 2387 2772 3227 3438 3448 3363 2655  1 1 1 1.78 0 5 0.97 4 6 0 11.75 0 0.126604 0.175748 0 0 -0.0351496 -0.0199436 0 -0.0199436 -0.0199436 
1.523 2 1 1 0 0.0287 0.0161 0.0086 0.0000 0.002591 -0.009920 0.7792 1 2.6480 1  1774 2384 2773 3232 3430 3452 3366 2653  1 1 1 1.83 0 5 0.98 4 6 0 11.75 0 0.126604 0.175748 0 0 -0.0351496 -0.0199436 0 -0.0199436 -0.0199436 
1.538 2 1 1 0 0.0152 -0.0013 0.0086 0.0000 0.002591 -0.009164 0.7739 1 2.6373 1  1768 2388 2781 3232 3434 3454 3367 2656  1 1 1 1.82 0 5 0.98 4 6 0 11.75 0 0.126604 0.175748 0 0 -0.0351496 -0.0199436 0 -0.0199436 -0.0199436 
1.553 2 1 1 0 -0.0016 -0.0201 0.0086 0.0000 0.002591 -0.008356 0.7878 1 2.6650 1  1767 2391 2781 3233 3428 3452 3360 2668  1 1 1 1.86 0 5 0.98 5 6 0 11.76 0 0.126604 0.175748 0 0 -0.0351496 -0.0199436 0 -0.0199436 -0.0199436 
1.568 2 1 1 0 -0.0173 -0.0369 0.0086 0.0000 0.002591 -0.007943 0.7596 1 2.6642 1  1776 2398 2781 3236 3441 3446 3368 2659  1 1 1 1.94 0 5 0.98 4 6 0 11.75 0 0.126604 0.175748 0 0 -0.0351496 -0.0199436 0 -0.0199436 -0.0199436 
1.583 2 1 1 0 -0.0416 -0.0291 0.0084 0.0000 0.000000 -0.007157 0.7734 1 2.6649 1  1770 2402 2770 3239 3431 3443 3371 2665  1 1 1 1.90 0 5 0.98 4 6 0 11.75 0 0.126604 0.175748 0 0 -0.0351496 -0.0199436 0 -0.0199436 -0.0199436 
1.598 2 1 1 0 -0.0463 -0.0710 0.0082 0.0000 0.002591 -0.006144 0.7458 1 2.6763 1  1792 2408 2807 3245 3439 3456 3371 2682  1 1 1 2.02 0 5 0.98 4 6 0 11.75 0 0.126604 0.175748 0 0 -0.0351496 -0.0199436 0 -0.0199436 -0.0199436 
1.613 2 1 1 0 -0.0453 -0.0655 0.0078 0.0000 0.002591 -0.003982 0.7089 1 2.6729 1  1799 2429 2818 3259 3450 3465 3373 2679  1 1 1 2.12 0 5 0.99 4 6 0 11.75 0 0.126604 0.175748 0 0 -0.0351496 -0.0199436 0 -0.0199436 -0.0199436 
1.628 2 1 1 0 -0.0691 -0.0586 0.0072 0.0000 0.000000 -0.000844 0.6775 1 2.6756 1  1816 2449 2861 3270 3456 3491 3380 2680  1 1 1 2.22 0 5 0.99 4 6 0 11.74 0 0.126604 0.175748 0 0 -0.0351496 -0.0199436 0 -0.0199436 -0.0199436 
1.643 2 1 1 0 -0.0786 -0.0492 0.0070 0.0000 -0.002591 0.003293 0.3418 1 2.6842 1  1818 2476 2883 3283 3462 3469 3387 2695  1 1 1 3.26 0 5 0.99 4 6 0 11.74 0 0.126604 0.175748 0 0 -0.0351496 -0.0199436 0 -0.0199436 -0.0199436 
1.658 2 1 2 0 -0.0174 -0.1042 0.0066 0.0000 -0.002591 0.008123 0.3005 1 2.6926 1  1839 2507 2914 3302 3466 3496 3394 2712  1 1 1 3.40 0 5 0.99 4 6 0 11.74 0 0.300526 0.511676 0 0 -0.102335 -0.0434232 0 -0.0434232 -0.0434232 
1.673 2 1 2 0 -0.0143 -0.0802 0.0060 0.0000 -0.010364 0.012334 0.2491 1 2.7023 1  1873 2535 2938 3321 3475 3479 3404 2727  1 1 1 3.59 0 5 1.00 4 6 0 11.75 0 0.249128 0.243457 0 0 -0.0486915 -0.032942 0 -0.032942 -0.032942 
1.688 2 1 2 0 -0.0246 -0.0798 0.0060 0.0000 -0.010364 0.017790 0.1872 1 2.7112 1  1914 2570 2975 3345 3484 3489 3417 2740  1 1 1 3.80 0 5 1.00 4 6 0 11.74 0 0.187218 0.137832 0 0 -0.0275665 -0.0276071 0 -0.0276071 -0.0276071 
1.703 2 1 2 0 -0.0334 -0.0790 0.0052 0.0001 -0.020729 0.021868 0.1348 1 2.7173 1  1908 2602 3004 3365 3491 3494 3425 2754  1 1 1 3.98 0 5 1.00 4 6 0 11.75 0 0.134821 0.0669598 0 0 -0.013392 -0.0228306 0 -0.0228306 -0.0228306 
1.718 2 1 2 0 -0.0241 -0.0597 0.0052 0.0001 -0.020729 0.026472 0.0812 1 2.7249 1  1916 2636 3033 3383 3500 3499 3429 2767  1 1 1 4.16 0 5 1.00 4 6 0 11.75 0 0.0811869 0.0264202 0 0 -0.00528405 -0.0177601 0 -0.0177601 -0.0177601 
1.733 2 1 2 0 -0.0226 -0.0493 0.0048 0.0001 -0.025911 0.030799 0.0417 1 2.7309 1  1940 2663 3063 3389 3500 3501 3426 2779  1 1 1 4.30 0 5 1.00 4 6 0 11.76 0 0.0416636 0.00571761 0 0 -0.00114352 -0.0133327 0 -0.0133327 -0.0133327 
1.748 2 1 2 0 -0.0155 -0.0359 0.0046 0.0001 -0.028502 0.035592 0.0152 1 2.7318 1  1959 2686 3077 3390 3501 3493 3418 2774  1 1 1 4.38 0 5 1.00 4 6 0 11.75 0 0.0151886 0.00974237 0 0 -0.00194847 -0.010173 0 -0.010173 -0.010173 
1.763 2 1 2 0 -0.0155 -0.0167 0.0046 0.0001 -0.028502 0.039719 -0.0446 1 2.7430 1  1997 2714 3112 3407 3511 3510 3417 2797  1 1 1 4.59 0 5 1.00 4 6 0 11.75 0 -0.0446483 -0.06954 0 0 0.013908 -0.000637778 0 -0.000637778 -0.000637778 
1.778 2 1 2 0 0.0012 0.0213 0.0046 0.0001 -0.028502 0.044204 -0.1044 1 2.7528 1  2008 2745 3141 3429 3522 3520 3451 2820  1 1 1 4.80 0 5 1.00 4 6 0 11.76 0 -0.104359 -0.168482 0 0 0.0336963 0.0100664 0 0.0100664 0.0100664 
1.793 2 1 2 0 0.0092 0.0398 0.0046 0.0001 -0.028502 0.048631 -0.1354 1 2.7611 1  2047 2773 3151 3434 3523 3513 3447 2837  1 1 1 4.92 0 5 0.99 3 7 0 11.76 0 -0.135448 -0.176407 0 0 0.0352814 0.0153434 0 0.0153434 0.0153434 
1.808 2 1 2 0 0.0355 0.0355 0.0046 0.0001 -0.028502 0.053116 -0.1556 1 2.7700 1  2067 2792 3167 3431 3528 3518 3460 2853  1 1 1 5.00 4 5 0.99 3 7 0 11.75 0 -0.159031 -0.17854 0 0 0.0357079 0.0199701 0 0.0199701 0 
1.823 2 1 2 0 0.0601 0.0601 0.0050 0.0001 -0.028502 0.057722 -0.2230 1 2.7740 1  2088 2817 3195 3452 3526 3533 3474 2880  1 1 1 5.22 19 5 1.00 3 7 0 11.75 0 -0.159031 -0.161311 0 0 0.0322622 0.0219548 0 0.0219548 0 
1.838 2 1 2 0 0.0595 0.0595 0.0054 0.0000 -0.028502 0.060876 -0.2516 1 2.7741 1  2108 2840 3200 3450 3530 3536 3481 2891  1 1 1 5.30 20 5 1.00 3 7 0 11.75 0 -0.159031 -0.159297 0 0 0.0318594 0.0240599 0 0.0240599 0 
1.853 2 1 2 0 0.0985 0.0985 0.0056 0.0000 -0.025911 0.064279 -0.2391 1 2.7741 1  2126 2823 3203 3456 3538 3536 3474 2923  1 1 1 5.27 20 5 1.00 3 7 0 11.75 0 -0.159031 -0.159062 0 0 0.0318124 0.0257647 0 0.0257647 0 
1.868 2 1 2 0 0.1000 0.1000 0.0064 0.0000 -0.020729 0.065635 -0.2248 1 2.7741 1  2132 2821 3195 3451 3528 3534 3476 2906  1 1 1 5.22 20 5 1.00 3 7 0 11.75 0 -0.159031 -0.159034 0 0 0.0318069 0.0271001 0 0.0271001 0 
1.883 2 1 2 0 0.1077 0.1077 0.0074 -0.0000 -0.018138 0.066120 -0.2379 1 2.7741 1  2135 2812 3195 3452 3561 3542 3479 2931  1 1 1 5.26 20 5 1.00 3 7 0 11.75 0 -0.159031 -0.159031 0 0 0.0318062 0.0281409 0 0.0281409 0 
1.898 2 1 2 0 0.1254 0.1254 0.0084 -0.0000 -0.015547 0.064089 -0.1943 1 2.7741 1  2136 2813 3179 3445 3538 3531 3481 2917  1 1 1 5.13 20 5 1.00 3 7 0 11.75 0 -0.159031 -0.159031 0 0 0.0318062 0.0289517 0 0.0289517 0 
1.913 2 1 2 0 0.1276 0.1276 0.0098 -0.0000 -0.012956 0.062299 -0.1743 1 2.7741 1  2148 2806 3158 3431 3533 3540 3472 2921  1 1 1 2.91 11 5 1.00 3 7 0 11.75 0 -0.159031 -0.159031 0 0 0.0318062 0.0295831 0 0.0295831 0 
1.928 2 1 2 0 0.1110 0.1694 0.0114 -0.0001 -0.012956 0.060791 -0.1548 1 2.7741 1  2156 2802 3158 3428 3529 3542 3478 2927  1 1 1 2.92 0 5 0.99 3 7 -0.0842706 11.74 0 -0.154752 -0.145445 0 0 0.0290891 0.0292315 0 0.0292315 0.0292315 
1.943 2 1 2 0 0.1260 0.1783 0.0127 -0.0001 -0.007773 0.059130 -0.1292 1 2.7741 1  2153 2792 3111 3419 3524 3524 3466 2923  1 1 1 2.89 0 5 1.00 4 7 -0.0842706 11.75 0 -0.129174 -0.110609 0 0 0.0221217 0.0261631 0 0.0261631 0.0261631 
1.958 2 1 2 0 0.1343 0.1804 0.0143 -0.0001 -0.002591 0.056404 -0.1012 1 2.7741 1  2162 2791 3121 3409 3519 3553 3466 2922  1 1 1 2.87 0 5 1.00 4 7 -0.0842706 11.74 0 -0.10119 -0.0915523 0 0 0.0183105 0.02307 0 0.02307 0.02307 
1.973 2 1 2 0 0.1293 0.1694 0.0163 -0.0001 0.002591 0.053715 -0.0844 1 2.7741 1  2170 2795 3102 3398 3514 3519 3465 2912  1 1 1 2.88 0 5 1.00 4 7 -0.0842706 11.74 0 -0.0843604 -0.064965 0 0 0.012993 0.0200429 0 0.0200429 0.0200429 
1.988 2 1 2 0 0.1594 0.1911 0.0183 -0.0001 0.007773 0.049536 -0.0594 1 2.7741 1  2137 2789 3094 3394 3515 3518 3460 2911  1 1 1 2.83 0 5 1.00 4 7 -0.0842706 11.74 0 -0.0593993 -0.0275832 0 0 0.00551664 0.0158666 0 0.0158666 0.0158666 
2.003 2 1 2 0 0.1693 0.1937 0.0203 -0.0000 0.012956 0.046179 -0.0369 1 2.7741 1  2100 2781 3083 3382 3508 3521 3458 2904  1 1 1 2.77 0 5 1.00 4 7 0.0179389 11.74 0 -0.0368767 -0.00358666 0 0 0.000717333 0.0122028 0 0.0122028 0.0122028 
2.018 2 1 2 0 0.1532 0.1717 0.0225 -0.0000 0.020729 0.041592 -0.0212 1 2.7741 1  2053 2775 3083 3381 3503 3509 3457 2891  1 1 1 2.75 0 5 1.00 4 7 0.0179389 11.74 0 -0.0211654 0.0141448 0 0 -0.00282896 0.00924924 0 0.00924924 0.00924924 
2.033 2 1 2 0 0.1602 0.1907 0.0245 0.0000 0.025911 0.039193 -0.0553 1 2.7741 1  2059 2757 3091 3409 3494 3491 3454 2887  1 1 1 2.89 0 5 1.00 4 7 0.0179389 11.74 0 -0.0552513 -0.0997594 0 0 0.0199519 0.0152297 0 0.0152297 0.0152297 
2.048 2 1 2 0 0.1565 0.1759 0.0267 0.0001 0.028502 0.034940 -0.0238 1 2.7741 1  2032 2737 3063 3407 3511 3512 3459 2885  1 1 1 2.83 0 5 1.00 4 7 0.0179389 11.73 0 -0.0237533 -0.0474845 0 0 0.00949689 0.00972126 0 0.00972126 0.00972126 
2.063 2 1 2 0 0.1719 0.1661 0.0287 0.0002 0.033685 0.032101 0.0508 1 2.7741 1  1995 2704 3037 3369 3490 3504 3422 2868  1 1 1 2.73 0 5 1.00 4 7 0.0179389 11.74 0 0.0507971 0.0920337 0 0 -0.0184067 -0.00291172 0 -0.00291172 -0.00291172 
2.078 2 1 2 0 0.1820 0.1688 0.0311 0.0002 0.033685 0.030714 0.0822 1 2.7741 1  1990 2681 3023 3374 3487 3491 3448 2867  1 1 1 2.73 0 5 1.00 4 7 0.0726413 11.74 0 0.0821857 0.074658 0 0 -0.0149316 -0.00660211 0 -0.00660211 -0.00660211 
2.093 2 1 2 0 0.1849 0.1491 0.0329 0.0003 0.036276 0.028495 0.1379 1 2.7698 1  1948 2655 2998 3348 3485 3495 3429 2852  1 1 1 2.52 0 5 1.00 4 7 0.0726413 11.75 0 0.137926 0.198818 0 0 -0.0397636 -0.0179192 0 -0.0179192 -0.0179192 
2.108 2 1 2 0 0.1925 0.1553 0.0351 0.0004 0.038867 0.027153 0.1448 1 2.7655 1  1969 2629 2984 3349 3475 3496 3452 2845  1 1 1 2.65 0 5 1.00 4 7 0.0726413 11.74 0 0.144752 0.146187 0 0 -0.0292374 -0.0185952 0 -0.0185952 -0.0185952 
2.123 2 1 2 0 0.2144 0.1595 0.0373 0.0005 0.036276 0.026931 0.1830 1 2.7639 1  1966 2629 2973 3322 3488 3501 3422 2841  1 1 1 2.51 0 5 1.00 4 7 0.0726413 11.74 0 0.182982 0.23683 0 0 -0.047366 -0.0274476 0 -0.0274476 -0.0274476 
2.138 2 1 2 0 0.1918 0.1475 0.0395 0.0005 0.033685 0.026015 0.1479 1 2.7590 1  1968 2621 2965 3351 3494 3504 3430 2831  1 1 1 2.66 0 5 0.99 4 7 0.0726413 11.75 0 0.147855 0.117944 0 0 -0.0235888 -0.0221414 0 -0.0221414 -0.0221414 
2.153 2 1 2 0 0.2164 0.1513 0.0418 0.0006 0.031093 0.025739 0.2039 1 2.7547 1  1978 2592 2956 3331 3486 3503 3443 2816  1 1 1 2.56 0 5 0.99 4 7 0.0902324 11.75 0 0.203891 0.228067 0 0 -0.0456134 -0.0325558 0 -0.0325558 -0.0325558 
2.168 2 1 2 0 0.2238 0.1606 0.0438 0.0007 0.031093 0.024894 0.1867 1 2.7521 1  1965 2621 2968 3330 3484 3501 3442 2815  1 1 1 2.55 0 5 1.00 4 6 0.0902324 11.75 0 0.186703 0.190068 0 0 -0.0380136 -0.0315948 0 -0.0315948 -0.0315948 
2.183 2 1 2 0 0.2038 0.1515 0.0464 0.0008 0.028502 0.024645 0.1431 1 2.7525 1  1967 2696 2981 3343 3513 3497 3446 2812  1 1 1 2.63 0 5 1.00 4 6 0.0902324 11.75 0 0.143095 0.104943 0 0 -0.0209885 -0.0261328 0 -0.0261328 -0.0261328 
2.198 2 1 2 0 0.2270 0.1687 0.0486 0.0008 0.025911 0.024327 0.1464 1 2.7406 1  1969 2572 3005 3357 3498 3505 3434 2789  1 1 1 2.55 0 5 1.00 4 6 0.0902324 11.75 0 0.146373 0.165243 0 0 -0.0330487 -0.0291825 0 -0.0291825 -0.0291825 
2.213 2 1 2 0 0.2148 0.1734 0.0510 0.0009 0.020729 0.023037 0.0892 1 2.7397 1  1967 2652 3017 3369 3490 3493 3434 2787  1 1 1 2.65 0 5 1.00 4 6 0.00345155 11.75 0 0.0892111 0.0664985 0 0 -0.0132997 -0.0206988 0 -0.0206988 -0.0206988 
2.228 2 1 2 0 0.2397 0.1980 0.0536 0.0009 0.018138 0.023377 0.0917 1 2.7407 1  1938 2646 3024 3372 3487 3497 3428 2794  1 1 1 2.66 0 5 1.00 4 6 0.00345155 11.75 0 0.0917026 0.08096 0 0 -0.016192 -0.0208437 0 -0.0208437 -0.0208437 
2.243 2 1 2 0 0.2208 0.1805 0.0562 0.0010 0.015547 0.021809 0.0865 1 2.7309 1  1904 2626 2999 3373 3491 3499 3429 2781  1 1 1 2.62 0 5 1.00 4 6 0.00345155 11.75 0 0.0865134 0.0892654 0 0 -0.0178531 -0.0201384 0 -0.0201384 -0.0201384 
2.258 2 1 2 0 0.2308 0.1758 0.0586 0.0010 0.015547 0.020049 0.1410 1 2.7397 1  1885 2597 3007 3356 3478 3482 3412 2800  1 1 1 2.59 0 5 1.00 4 6 0.00345155 11.73 0 0.140999 0.181808 0 0 -0.0363617 -0.0275192 0 -0.0275192 -0.0275192 
2.273 2 1 2 0 0.2227 0.1681 0.0612 0.0011 0.012956 0.019851 0.1436 1 2.7222 1  1850 2560 3008 3358 3491 3487 3413 2766  1 1 1 2.56 0 5 1.00 4 6 0.0137601 11.74 0 0.143568 0.164046 0 0 -0.0328091 -0.0272705 0 -0.0272705 -0.0272705 
2.288 2 1 2 0 0.2257 0.1684 0.0638 0.0011 0.010364 0.018333 0.1552 1 2.7061 1  1857 2539 3006 3361 3485 3491 3411 2729  1 1 1 2.54 0 5 1.00 4 6 0.0137601 11.75 0 0.15521 0.166283 0 0 -0.0332567 -0.0286574 0 -0.0286574 -0.0286574 
2.303 2 1 2 0 0.2371 0.1884 0.0667 0.0011 0.005182 0.017716 0.1253 1 2.7010 1  1873 2555 3004 3373 3487 3463 3404 2725  1 1 1 2.62 0 5 1.00 4 6 0.0137601 11.74 0 0.125332 0.103246 0 0 -0.0206492 -0.0243494 0 -0.0243494 -0.0243494 
2.318 2 1 2 0 0.2260 0.1779 0.0693 0.0011 0.002591 0.017108 0.1201 1 2.6931 1  1919 2578 2994 3372 3486 3467 3404 2714  1 1 1 2.60 0 5 1.00 4 6 0.0137601 11.74 0 0.120093 0.102985 0 0 -0.0205971 -0.0240721 0 -0.0240721 -0.0240721 
2.333 2 1 2 0 0.2252 0.1919 0.0719 0.0011 0.000000 0.016264 0.0671 1 2.6930 1  1956 2622 3071 3388 3493 3504 3400 2708  1 1 1 2.63 0 5 1.00 4 6 -0.00495524 11.74 0 0.0670959 0.0225979 0 0 -0.00451959 -0.0166681 0 -0.0166681 -0.0166681 
2.348 2 1 2 0 0.2329 0.2171 0.0749 0.0011 -0.002591 0.016343 0.0069 1 2.6878 1  1975 2674 3066 3404 3496 3474 3402 2699  1 1 1 2.74 0 5 1.00 4 6 -0.00495524 11.73 0 0.00691887 -0.0618712 0 0 0.0123742 -0.00788693 0 -0.00788693 -0.00788693 
2.363 2 1 2 0 0.2248 0.1958 0.0777 0.0011 -0.002591 0.015525 0.0331 1 2.6787 1  1988 2705 3118 3374 3479 3453 3385 2681  1 1 1 2.49 0 5 1.00 4 6 -0.00495524 11.74 0 0.0331451 0.0955684 0 0 -0.0191137 -0.0145186 0 -0.0145186 -0.0145186 
2.378 2 1 2 0 0.2154 0.2240 0.0803 0.0011 0.000000 0.015124 -0.0747 1 2.6697 1  2044 2748 3143 3414 3490 3479 3400 2674  1 1 1 2.78 0 5 1.00 4 6 -0.00495524 11.73 0 -0.0746984 -0.120567 0 0 0.0241133 0.00427807 0 0.00427807 0.00427807 
2.393 2 1 2 0 0.2055 0.2328 0.0831 0.0011 0.000000 0.015288 -0.1388 1 2.6690 1  2052 2777 3168 3430 3508 3495 3414 2669  1 1 1 2.80 0 5 0.99 3 6 -0.0924255 11.73 0 -0.138802 -0.16618 0 0 0.033236 0.013667 0 0.013667 0.013667 
2.408 2 1 2 0 0.2058 0.2542 0.0861 0.0011 0.002591 0.014698 -0.1959 1 2.6625 1  2030 2802 3199 3450 3509 3487 3399 2660  1 1 1 2.90 0 5 1.00 3 6 -0.0924255 11.73 0 -0.195861 -0.238156 0 0 0.0476312 0.0242117 0 0.0242117 0.0242117 
2.423 2 1 2 0 0.2003 0.2584 0.0889 0.0011 0.007773 0.013800 -0.2123 1 2.6415 1  2046 2817 3218 3452 3513 3491 3384 2653  1 1 1 2.91 0 5 1.00 3 6 -0.0924255 11.75 0 -0.212348 -0.237712 0 0 0.0475425 0.0290361 0 0.0290361 0.0290361 
2.438 2 1 2 0 0.2076 0.2831 0.0922 0.0012 0.012956 0.014350 -0.2505 1 2.5949 1  2072 2832 3233 3471 3510 3499 3390 2639  1 1 1 2.92 0 5 1.00 3 6 -0.116692 11.74 0 -0.250493 -0.307759 0 0 0.0615517 0.0377255 0 0.0377255 0.0377255 
2.453 2 1 2 0 0.1886 0.3070 0.0950 0.0012 0.023320 0.012735 -0.3822 1 2.5267 1  2090 2863 3236 3433 3511 3493 3416 2613  1 1 1 2.95 0 5 0.99 3 6 -0.116692 11.74 0 -0.382227 -0.518461 0 0 0.103692 0.0591694 0 0.0591694 0.0591694 
2.468 2 1 2 0 0.1942 0.2816 0.0980 0.0013 0.031093 0.010125 -0.2683 1 2.4550 1  2089 2858 3222 3454 3498 3485 3353 2592  1 1 1 2.63 0 5 0.99 3 6 -0.116692 11.75 0 -0.268315 -0.263157 0 0 0.0526314 0.0437036 0 0.0437036 0.0437036 
2.483 2 1 2 0 0.2036 0.2924 0.1012 0.0014 0.041458 0.008949 -0.2537 1 2.5187 1  2097 2851 3222 3437 3505 3489 3399 2612  1 1 1 2.80 0 5 1.00 3 6 -0.054547 11.74 0 -0.253676 -0.260396 0 0 0.0520792 0.044395 0 0.044395 0.044395 
2.498 2 1 2 0 0.2105 0.2736 0.1044 0.0016 0.051822 0.005807 -0.1639 1 2.5411 1  2072 2834 3210 3417 3497 3485 3401 2628  1 1 1 2.77 0 5 0.99 3 6 -0.054547 11.74 0 -0.163864 -0.0735292 0 0 0.0147058 0.0315543 0 0.0315543 0.0315543 
2.513 2 1 2 0 0.1966 0.2810 0.1076 0.0018 0.062187 0.002499 -0.2117 1 2.5636 1  2064 2848 3197 3429 3509 3484 3387 2631  1 1 1 2.80 0 5 0.99 3 6 -0.054547 11.74 0 -0.211725 -0.246116 0 0 0.0492231 0.0421802 0 0.0421802 0.0421802 
2.528 2 1 2 0 0.2082 0.2681 0.1110 0.0020 0.069960 0.000715 -0.1269 1 2.6298 1  2063 2813 3189 3410 3475 3480 3404 2655  1 1 1 2.77 0 5 1.00 4 6 0.0189816 11.75 0 -0.126879 -0.108135 0 0 0.021627 0.0299864 0 0.0299864 0.0299864 
2.543 2 1 2 0 0.1994 0.2576 0.1140 0.0022 0.082916 -0.002163 -0.1241 1 2.6314 1  2062 2801 3177 3409 3483 3474 3398 2653  1 1 1 2.76 0 5 1.00 4 6 0.0189816 11.75 0 -0.124103 -0.11796 0 0 0.023592 0.0290843 0 0.0290843 0.0290843 
2.558 2 1 2 0 0.1986 0.2386 0.1170 0.0025 0.090689 -0.004296 -0.0656 1 2.6150 1  2038 2796 3159 3393 3476 3473 3385 2639  1 1 1 2.72 0 5 0.99 4 6 0.0189816 11.75 0 -0.0656376 -0.0304565 0 0 0.00609131 0.0200134 0 0.0200134 0.0200134 
2.573 2 1 2 0 0.2023 0.2452 0.1202 0.0028 0.095872 -0.005562 -0.0716 1 2.6444 1  2056 2781 3158 3403 3482 3478 3392 2642  1 1 1 2.72 0 5 1.00 4 6 0.0189816 11.75 0 -0.0716294 -0.0965529 0 0 0.0193106 0.0214485 0 0.0214485 0.0214485 
2.588 2 1 2 0 0.2052 0.2391 0.1232 0.0031 0.103645 -0.006339 -0.0552 1 2.6705 1  2051 2772 3150 3398 3509 3487 3398 2684  1 1 1 2.78 0 5 1.00 4 6 0.0391982 11.75 0 -0.0551698 -0.0549092 0 0 0.0109818 0.0169667 0 0.0169667 0.0169667 
2.603 2 1 2 0 0.2120 0.2268 0.1262 0.0034 0.111418 -0.006497 -0.0060 1 2.6655 1  2050 2728 3148 3387 3497 3481 3397 2659  1 1 1 2.60 0 5 1.00 4 6 0.0391982 11.74 0 -0.0059828 0.0591284 0 0 -0.0118257 0.00738757 0 0.00738757 0.00738757 
2.618 2 1 2 0 0.2106 0.2283 0.1292 0.0037 0.119192 -0.006397 -0.0163 1 2.6754 1  2032 2768 3119 3382 3476 3461 3395 2681  1 1 1 2.69 0 5 1.00 4 6 0.0391982 11.75 0 -0.0162895 0.00805389 0 0 -0.00161078 0.00883806 0 0.00883806 0.00883806 
2.633 2 1 2 0 0.2163 0.2163 0.1322 0.0041 0.121783 -0.005859 0.0000 0 0.0000 0  2031 2750 3112 3360 3449 3439 3365 2668  1 1 1 0.00 0 0 1.00 -1 -1 0 11.74 0 0 0.0164271 0 0 -0.00328543 0.00607725 0 0.00607725 0 
2.648 2 1 2 0 0.2009 0.2189 0.1350 0.0044 0.126965 -0.006311 -0.0238 1 2.6776 1  2018 2754 3093 3391 3481 3469 3405 2695  1 1 1 2.71 0 5 1.00 4 6 0 11.74 0 -0.0238471 -0.0455458 0 0 0.00910916 0.00900032 0 0.00900032 0.00900032 
2.663 2 1 2 0 0.2090 0.2168 0.1378 0.0048 0.132147 -0.005905 0.0009 1 2.6921 1  2005 2733 3111 3385 3490 3493 3403 2706  1 1 1 2.69 0 5 1.00 4 6 0 11.74 0 0.000869026 0.0108693 0 0 -0.00217386 0.00388893 0 0.00388893 0.00388893 
2.678 2 1 2 0 0.2087 0.2114 0.1408 0.0052 0.134738 -0.004244 0.0161 1 2.6998 1  1994 2716 3135 3388 3488 3474 3406 2724  1 1 1 2.70 0 5 1.00 4 6 0.0272115 11.74 0 0.0161078 0.0211198 0 0 -0.00422395 0.00136231 0 0.00136231 0.00136231 
2.693 2 1 2 0 0.2120 0.2015 0.1435 0.0056 0.139921 -0.003551 0.0501 1 2.6985 1  1983 2711 3114 3370 3485 3506 3408 2719  1 1 1 2.60 0 5 1.00 4 6 0.0272115 11.74 0 0.050135 0.0971609 0 0 -0.0194322 -0.00526752 0 -0.00526752 -0.00526752 
2.708 2 1 2 0 0.2199 0.2144 0.1463 0.0060 0.139921 -0.002347 0.0385 1 2.7000 1  1962 2715 3094 3380 3476 3488 3406 2720  1 1 1 2.68 0 5 1.00 4 6 0.0272115 11.73 0 0.0385278 0.024376 0 0 -0.00487519 -0.00273358 0 -0.00273358 -0.00273358 
2.723 2 1 2 0 0.2161 0.2017 0.1491 0.0064 0.145103 -0.000912 0.0544 1 2.7074 1  1936 2702 3090 3372 3487 3468 3413 2731  1 1 1 2.64 0 5 1.00 4 6 0.0272115 11.74 0 0.0543982 0.0779953 0 0 -0.0155991 -0.00718287 0 -0.00718287 -0.00718287 
2.738 2 1 2 0 0.2135 0.1983 0.1519 0.0068 0.145103 -0.000181 0.0651 1 2.7073 1  1928 2667 3057 3388 3491 3493 3403 2737  1 1 1 2.68 0 5 1.00 4 6 0.0368811 11.74 0 0.0650537 0.0446756 0 0 -0.00893512 -0.00762659 0 -0.00762659 -0.00762659 
2.753 2 1 2 0 0.2464 0.2182 0.1547 0.0072 0.145103 0.001485 0.1021 1 2.7080 1  1893 2627 3035 3371 3482 3492 3421 2735  1 1 1 2.62 0 5 1.00 4 6 0.0368811 11.73 0 0.102123 0.104919 0 0 -0.0209839 -0.0141329 0 -0.0141329 -0.0141329 
2.768 2 1 2 0 0.2248 0.1917 0.1576 0.0076 0.147694 0.002620 0.1097 1 2.7067 1  1893 2586 3007 3362 3485 3484 3395 2734  1 1 1 2.63 0 5 1.00 4 6 0.0368811 11.73 0 0.109691 0.109887 0 0 -0.0219773 -0.0165025 0 -0.0165025 -0.0165025 
2.783 2 1 2 0 0.2342 0.1860 0.1606 0.0081 0.145103 0.002770 0.1641 1 2.7000 1  1862 2551 2980 3362 3474 3465 3387 2722  1 1 1 2.58 0 5 1.00 4 6 0.0649552 11.73 0 0.164146 0.154133 0 0 -0.0308265 -0.0240889 0 -0.0240889 -0.0240889 
2.798 2 1 2 0 0.2748 0.2094 0.1636 0.0085 0.142512 0.004105 0.2043 1 2.6944 1  1784 2497 2961 3349 3480 3482 3392 2712  1 1 1 2.50 0 5 1.00 4 6 0.0649552 11.74 0 0.204288 0.244505 0 0 -0.0489009 -0.0327189 0 -0.0327189 -0.0327189 
2.813 2 1 2 0 0.2497 0.1825 0.1666 0.0089 0.139921 0.003470 0.2094 1 2.6879 1  1742 2442 2932 3348 3487 3483 3415 2702  1 1 1 2.52 0 5 1.00 4 6 0.0649552 11.74 0 0.209448 0.207498 0 0 -0.0414996 -0.0335981 0 -0.0335981 -0.0335981 
2.828 2 1 2 0 0.2731 0.1909 0.1694 0.0093 0.134738 0.002968 0.2469 1 2.6700 1  1738 2429 2911 3326 3489 3489 3403 2668  1 1 1 2.41 0 5 1.00 4 6 0.0649552 11.74 0 0.246925 0.277207 0 0 -0.0554415 -0.0411155 0 -0.0411155 -0.0411155 
2.843 2 1 2 0 0.2626 0.1882 0.1728 0.0098 0.132147 0.002352 0.2144 1 2.6427 1  1740 2438 2913 3351 3473 3473 3388 2646  1 1 1 2.38 0 5 1.00 4 6 0.0698414 11.74 0 0.214434 0.196966 0 0 -0.0393932 -0.0372085 0 -0.0372085 -0.0372085 
2.858 2 1 2 0 0.2661 0.1837 0.1757 0.0102 0.124374 0.001216 0.2292 1 2.5924 1  1734 2430 2904 3340 3450 3468 3385 2632  1 1 1 2.26 0 5 0.99 4 6 0.0698414 11.75 0 0.229238 0.236687 0 0 -0.0473373 -0.0411949 0 -0.0411949 -0.0411949 
2.873 2 1 2 0 0.2839 0.2039 0.1789 0.0105 0.119192 0.001959 0.2144 1 2.5522 1  1726 2414 2929 3344 3445 3461 3370 2624  1 1 1 2.41 0 5 0.99 4 6 0.0698414 11.74 0 0.214388 0.208928 0 0 -0.0417855 -0.0399941 0 -0.0399941 -0.0399941 
2.888 2 1 2 0 0.2505 0.1806 0.1821 0.0109 0.114009 -0.000751 0.1773 1 2.4583 1  1730 2477 2979 3361 3475 3463 3358 2576  1 1 1 2.17 0 5 0.99 4 6 0.0186287 11.75 0 0.177325 0.137232 0 0 -0.0274465 -0.0349825 0 -0.0349825 -0.0349825 
2.903 2 1 2 0 0.2798 0.2149 0.1853 0.0113 0.108827 -0.000780 0.1459 1 2.3952 1  1744 2486 3014 3370 3475 3461 3355 2566  1 1 1 2.26 0 5 0.99 4 6 0.0186287 11.74 0 0.145876 0.137911 0 0 -0.0275822 -0.0324663 0 -0.0324663 -0.0324663 
2.918 2 1 2 0 0.2391 0.1976 0.1885 0.0116 0.103645 -0.001440 0.0729 1 2.3084 1  1763 2619 3058 3393 3475 3463 3344 2516  1 1 1 2.19 0 5 0.99 4 6 0.0186287 11.75 0 0.0728618 0.00563422 0 0 -0.00112684 -0.0207643 0 -0.0207643 -0.0207643 
2.933 2 1 2 0 0.2392 0.2086 0.1917 0.0119 0.098463 -0.002394 0.0313 1 2.2627 1  1799 2619 3107 3405 3466 3458 3333 2493  1 1 1 2.24 0 5 0.99 4 5 -0.0645169 11.75 0 0.0312969 -0.01186 0 0 0.002372 -0.015285 0 -0.015285 -0.015285 
2.948 2 1 2 0 0.2307 0.2131 0.1947 0.0122 0.095872 -0.002792 -0.0094 1 2.1793 1  1829 2646 3114 3416 3480 3452 3320 2397  1 1 1 2.19 0 5 1.00 4 5 -0.0645169 11.74 0 -0.00940165 -0.0403055 0 0 0.0080611 -0.00882769 0 -0.00882769 -0.00882769 
2.963 2 1 2 0 0.2275 0.2192 0.1979 0.0125 0.090689 -0.002946 -0.0310 1 2.1541 1  1858 2697 3160 3413 3468 3454 3303 2423  1 1 1 2.21 0 5 0.98 3 5 -0.0645169 11.74 0 -0.0309682 -0.0550007 0 0 0.0110001 -0.00413072 0 -0.00413072 -0.00413072 
2.978 2 1 2 0 0.2216 0.2213 0.2011 0.0128 0.090689 -0.002432 -0.0529 1 2.1071 1  1872 2710 3158 3420 3470 3432 3294 2371  1 1 1 2.11 0 5 0.98 3 5 -0.0825549 11.75 0 -0.0529015 -0.0506145 0 0 0.0101229 -0.000164147 0 -0.000164147 -0.000164147 
2.993 2 1 2 0 0.2167 0.2353 0.2043 0.0131 0.090689 -0.002310 -0.1037 1 2.0946 1  1883 2742 3201 3427 3490 3440 3289 2343  1 1 1 2.22 0 5 0.99 3 5 -0.0825549 11.75 0 -0.103749 -0.126595 0 0 0.025319 0.00930418 0 0.00930418 0.00930418 
3.008 2 1 2 0 0.2084 0.2425 0.2073 0.0134 0.093280 -0.001517 -0.1440 1 2.0736 1  1896 2760 3208 3446 3486 3440 3281 2340  1 1 1 2.24 0 5 0.99 3 5 -0.0825549 11.75 0 -0.144031 -0.176133 0 0 0.0352267 0.0170574 0 0.0170574 0.0170574 
3.023 2 1 2 0 0.2121 0.2591 0.2107 0.0137 0.095872 -0.000678 -0.1758 1 2.0480 1  1913 2780 3225 3448 3489 3454 3273 2298  1 1 1 2.25 0 5 0.99 3 5 -0.0825549 11.74 0 -0.175828 -0.209123 0 0 0.0418247 0.0234943 0 0.0234943 0.0234943 
3.038 2 1 2 0 0.1929 0.3001 0.2139 0.0140 0.101054 0.000324 -0.3824 1 2.0238 1  1918 2792 3236 3452 3487 3466 3260 2271  1 1 1 2.38 0 5 1.00 3 5 -0.103538 11.73 0 -0.382421 -0.493619 0 0 0.0987237 0.0535798 0 0.0535798 0.0535798 
3.053 2 1 2 0 0.1814 0.2987 0.2169 0.0143 0.108827 0.000127 -0.4089 1 1.9985 1  1899 2795 3250 3438 3491 3442 3249 2233  1 1 1 2.41 0 5 0.99 3 5 -0.103538 11.73 0 -0.40888 -0.432327 0 0 0.0864655 0.058662 0 0.058662 0.058662 
3.068 2 1 2 0 0.1778 0.3078 0.2205 0.0148 0.119192 -0.001215 -0.4229 1 1.9891 1  1932 2802 3258 3468 3491 3455 3249 2216  1 1 1 2.46 0 5 1.00 3 5 -0.103538 11.73 0 -0.422893 -0.432702 0 0 0.0865403 0.0649898 0 0.0649898 0.0649898 
3.083 2 1 2 0 0.1898 0.3211 0.2239 0.0152 0.132147 -0.003432 -0.4023 1 1.9654 1  1872 2788 3246 3440 3472 3437 3232 2203  1 1 1 2.37 0 5 0.98 3 5 -0.178708 11.74 0 -0.402307 -0.378161 0 0 0.0756322 0.0656702 0 0.0656702 0.0656702 
3.098 2 1 2 0 0.1937 0.3340 0.2275 0.0157 0.142512 -0.004713 -0.4044 1 1.9738 1  1891 2781 3253 3439 3482 3445 3242 2193  1 1 1 2.50 0 5 0.99 3 5 -0.178708 11.73 0 -0.404449 -0.405007 0 0 0.0810015 0.0701467 0 0.0701467 0.0701467 
3.113 2 1 2 0 0.2510 0.2603 0.2308 0.0162 0.160650 -0.007858 0.0000 1 0.0000 1  1831 2730 3166 3361 3405 3350 3162 2165  1 1 1 -0.10 0 -1 1.00 -1 -1 -0.178708 11.74 0 0 0.527959 0 0 -0.105592 0.00469516 0 0.00469516 0.00469516 
3.128 2 1 2 0 0.1960 0.2773 0.2344 0.0168 0.165832 -0.010399 -0.1251 1 1.9623 1  1829 2751 3224 3440 3478 3444 3228 2181  1 1 1 2.20 0 5 0.98 3 5 0.128907 11.74 0 -0.12513 -0.198064 0 0 0.0396128 0.0406398 0 0.0406398 0.0406398 
3.143 2 1 2 0 0.2129 0.2832 0.2374 0.0173 0.178788 -0.013384 -0.1251 1 1.9383 1  1860 2742 3203 3437 3467 3430 3199 2174  1 1 1 2.07 0 5 0.98 3 5 0.128907 11.74 0 -0.125128 -0.143192 0 0 0.0286385 0.0351886 0 0.0351886 0.0351886 
3.158 2 1 2 0 0.2089 0.2681 0.2409 0.0180 0.189152 -0.014807 -0.1075 1 1.9364 1  1886 2738 3211 3419 3468 3430 3204 2176  1 1 1 2.12 0 5 0.98 3 5 0.128907 11.74 0 -0.107487 -0.0959557 0 0 0.0191911 0.0296294 0 0.0296294 0.0296294 
3.173 2 1 2 0 0.2041 0.2738 0.2443 0.0186 0.196926 -0.014973 -0.1499 1 1.9349 1  1907 2766 3215 3439 3457 3433 3200 2163  1 1 1 2.04 0 5 0.98 3 5 0.0661536 11.74 0 -0.149927 -0.191849 0 0 0.0383698 0.0348414 0 0.0348414 0.0348414 
3.188 2 1 2 0 0.2055 0.2559 0.2474 0.0193 0.207290 -0.016279 -0.1058 1 1.9198 1  1924 2770 3209 3410 3466 3429 3196 2158  1 1 1 1.99 0 5 0.97 3 5 0.0661536 11.75 0 -0.10584 -0.0608951 0 0 0.012179 0.0251798 0 0.0251798 0.0251798 
3.203 2 1 2 0 0.1932 0.2623 0.2508 0.0200 0.215063 -0.017018 -0.1638 1 1.9297 1  1936 2854 3220 3424 3469 3427 3212 2158  1 1 1 2.15 0 5 0.97 3 5 0.0661536 11.75 0 -0.163774 -0.202501 0 0 0.0405002 0.034515 0 0.034515 0.034515 
3.218 2 1 2 0 0.1920 0.2691 0.2537 0.0206 0.222837 -0.016913 -0.1977 1 1.9375 1  1979 2853 3232 3429 3480 3429 3213 2179  1 1 1 2.21 0 5 0.98 3 5 0.00518889 11.74 0 -0.197736 -0.245215 0 0 0.0490431 0.038574 0 0.038574 0.038574 
3.233 2 1 2 0 0.1556 0.2874 0.2568 0.0214 0.233201 -0.017163 -0.4057 1 1.9716 1  2003 2855 3247 3429 3470 3435 3232 2211  1 1 1 2.38 0 5 0.98 3 5 0.00518889 11.75 0 -0.405719 -0.503505 0 0 0.100701 0.0659274 0 0.0659274 0.0659274 
3.248 2 1 2 0 0.1539 0.2921 0.2598 0.0221 0.246157 -0.017421 -0.4290 1 2.0003 1  2012 2903 3253 3434 3479 3441 3249 2257  1 1 1 2.43 0 5 0.98 3 5 0.00518889 11.75 0 -0.428979 -0.446023 0 0 0.0892046 0.0691034 0 0.0691034 0.0691034 
3.263 2 1 2 0 0.1560 0.3089 0.2627 0.0228 0.259113 -0.017279 -0.4568 1 2.0503 1  2039 2890 3264 3434 3463 3439 3269 2334  1 1 1 2.59 0 5 0.98 3 5 0.00518889 11.74 0 -0.45685 -0.482076 0 0 0.0964152 0.0764465 0 0.0764465 0.0764465 
3.278 2 1 2 0 0.1519 0.3107 0.2658 0.0237 0.274660 -0.017626 -0.4587 1 2.0821 1  2049 2885 3267 3429 3466 3431 3278 2389  1 1 1 2.62 0 5 0.98 3 5 -0.133391 11.74 0 -0.458674 -0.470005 0 0 0.094001 0.0794045 0 0.0794045 0.0794045 
3.293 2 1 2 0 0.1513 0.3205 0.2690 0.0246 0.287615 -0.017669 -0.4706 1 2.1251 1  2063 2922 3272 3436 3483 3453 3283 2420  1 1 1 2.73 0 5 0.99 3 5 -0.133391 11.75 0 -0.470589 -0.511947 0 0 0.102389 0.0846157 0 0.0846157 0.0846157 
3.308 2 1 2 0 0.1488 0.3279 0.2719 0.0255 0.305753 -0.018211 -0.4920 1 2.1385 1  2139 2906 3277 3434 3477 3452 3296 2414  1 1 1 2.74 0 5 0.99 3 5 -0.133391 11.74 0 -0.491953 -0.542352 0 0 0.10847 0.0895496 0 0.0895496 0.0895496 
3.323 2 1 2 0 0.1299 0.3367 0.2750 0.0265 0.321300 -0.019665 -0.5787 1 2.1660 1  2270 3008 3286 3433 3475 3446 3300 2439  1 1 1 2.77 0 5 0.99 3 5 -0.0822703 11.75 0 -0.57869 -0.674453 0 0 0.134891 0.103402 0 0.103402 0.103402 
3.338 2 1 2 0 0.1004 0.3730 0.2780 0.0275 0.342029 -0.021021 -0.7880 1 2.2165 1  2437 3115 3332 3455 3483 3463 3319 2480  1 1 1 3.19 0 5 0.99 3 5 -0.0822703 11.75 0 -0.787983 -1.02494 0 0 0.204987 0.136292 0 0.136292 0.136292 
3.353 2 1 2 0 -0.5191 0.2148 0.2803 0.0284 0.373123 -0.023315 -2.4267 1 2.3052 1  2657 3227 3387 3453 3472 3449 3332 2532  1 1 1 5.09 2 5 0.99 3 5 -0.0822703 11.50 0 -2.42669 -3.42047 0 0 0.684094 0.366971 0 0.366971 0.366971 
3.368 2 1 2 0 0.3784 0.3784 0.2823 0.0292 0.391261 -0.010694 -2.6935 1 2.4282 1  2741 3282 3393 3464 3479 3475 3347 2594  1 1 1 5.25 15 5 0.99 2 6 -0.0822703 11.72 0 -2.40877 -2.5201 0 0 0.50402 0.358504 0 0.358504 0 
3.383 2 1 2 0 0.2846 0.2846 0.2862 0.0308 0.404216 -0.007607 -2.7530 1 2.6232 1  2863 3372 3457 3490 3502 3470 3388 2644  1 1 1 5.51 20 5 1.00 1 6 -0.0822703 11.71 0 -2.40877 -2.42178 0 0 0.484357 0.382152 0 0.382152 0 
3.398 2 1 2 0 0.1783 0.1783 0.2888 0.0320 0.414581 -0.018111 -2.7662 1 2.5981 1  2864 3377 3442 3485 3497 3472 3380 2644  1 1 1 5.35 20 5 1.00 0 6 -0.0822703 11.75 0 -2.40877 -2.41029 0 0 0.482058 0.403761 0 0.403761 0 
3.413 2 1 2 0 0.2462 0.2462 0.2915 0.0332 0.422354 -0.022095 -2.7739 1 2.6382 1  2899 3399 3475 3477 3497 3469 3370 2655  1 1 1 5.45 20 5 1.00 0 6 -0.0822703 11.74 0 -2.40877 -2.40895 0 0 0.48179 0.420964 0 0.420964 0 
3.428 2 1 2 0 0.2094 0.2094 0.2947 0.0346 0.430128 -0.022660 -2.7740 1 2.6625 1  2914 3406 3453 3488 3499 3482 3379 2663  1 1 1 5.48 20 5 1.00 0 6 -0.0822703 11.74 0 -2.40877 -2.40879 0 0 0.481758 0.434405 0 0.434405 0 
3.443 2 1 2 0 0.1885 0.1885 0.2970 0.0357 0.432719 -0.023546 -2.7739 1 2.6653 1  2909 3392 3451 3466 3494 3471 3377 2667  1 1 1 5.48 20 5 1.00 0 6 -0.0822703 11.75 0 -2.40877 -2.40877 0 0 0.481755 0.444878 0 0.444878 0 
3.458 2 1 2 0 0.1769 0.1769 0.2996 0.0369 0.432719 -0.023735 -2.7692 1 2.6687 1  2880 3397 3446 3481 3500 3478 3382 2672  1 1 1 5.48 20 5 1.00 0 6 -0.0822703 11.74 0 -2.40877 -2.40877 0 0 0.481755 0.453035 0 0.453035 0 
3.473 2 1 2 0 0.1851 0.1851 0.3018 0.0379 0.437901 -0.022348 -2.7717 1 2.6782 1  2893 3377 3439 3475 3501 3490 3374 2690  1 1 1 5.51 20 5 1.00 0 6 -0.0822703 11.74 0 -2.40877 -2.40877 0 0 0.481755 0.459387 0 0.459387 0 
3.488 2 1 2 0 0.1826 0.1826 0.3039 0.0389 0.443083 -0.020205 -2.7570 1 2.6849 1  2868 3366 3431 3481 3494 3478 3392 2697  1 1 1 5.49 20 5 1.00 0 6 -0.0822703 11.74 0 -2.40877 -2.40877 0 0 0.481755 0.464335 0 0.464335 0 
3.503 2 1 2 0 0.2006 0.2006 0.3063 0.0400 0.445674 -0.015674 -2.7574 1 2.6978 1  2867 3350 3423 3468 3496 3473 3370 2720  1 1 1 5.50 20 5 0.99 0 6 -0.0822703 11.75 0 -2.40877 -2.40877 0 0 0.481755 0.468188 0 0.468188 0 
3.518 2 1 2 0 0.2024 0.2024 0.3085 0.0411 0.450857 -0.013352 -2.7258 1 2.7037 1  2787 3333 3413 3476 3503 3485 3412 2729  1 1 1 5.47 20 5 0.99 1 6 -0.0822703 11.74 0 -2.40877 -2.40877 0 0 0.481755 0.471189 0 0.471189 0 
3.533 2 1 2 0 0.1676 0.1676 0.3106 0.0421 0.456039 -0.011961 -2.6641 1 2.7057 1  2672 3283 3372 3435 3487 3479 3405 2734  1 1 1 5.31 20 5 0.99 3 6 -0.0822703 11.75 0 -2.40877 -2.40877 0 0 0.481755 0.473526 0 0.473526 0 
3.548 2 1 2 0 0.1916 0.1916 0.3128 0.0432 0.456039 -0.009379 -2.1412 1 2.7085 1  2554 3173 3284 3396 3472 3470 3403 2738  1 1 1 4.70 13 5 0.99 4 6 -0.0822703 11.75 0 -2.40877 -2.40877 0 0 0.481755 0.475346 0 0.475346 0 
3.563 2 1 2 0 0.0421 0.3224 0.3150 0.0443 0.461221 -0.006764 -0.2720 1 2.7094 1  2401 3029 3165 3325 3444 3461 3391 2731  1 1 1 2.30 0 5 1.00 5 6 -0.0822703 11.72 0 -0.272042 1.97487 0 0 -0.394974 0.140112 0 0.140112 0.140112 
3.578 2 1 2 0 0.1181 0.2195 0.3168 0.0452 0.481950 -0.006076 0.7153 1 2.7148 1  2182 2778 2948 3227 3401 3454 3368 2746  1 1 1 1.53 0 5 0.99 5 6 -0.0822703 11.74 0 0.715257 1.64601 0 0 -0.329201 0.0507063 0 0.0507063 0.0507063 
3.593 2 1 2 0 0.1976 0.1917 0.3192 0.0465 0.487132 -0.006056 0.9864 1 2.7257 1  1993 2588 2722 3085 3343 3431 3377 2763  1 1 1 2.73 0 5 0.98 5 6 0.610146 11.75 0 0.986397 1.32331 0 0 -0.264661 -0.00291393 0 -0.00291393 -0.00291393 
3.608 2 1 2 0 0.2030 0.1098 0.3212 0.0475 0.489724 -0.006543 1.0630 1 2.7306 1  1836 2394 2548 2978 3330 3429 3375 2777  1 1 1 2.70 0 5 0.98 5 6 0.610146 11.74 0 1.06304 1.17016 0 0 -0.234032 -0.0466197 0 -0.0466197 -0.0466197 
3.623 2 1 2 0 0.2745 0.1036 0.3233 0.0486 0.494906 -0.007588 1.1040 1 2.7385 1  1723 2282 2433 2908 3319 3430 3396 2791  1 1 1 2.71 0 5 0.98 5 6 0.610146 11.74 0 1.10402 1.133 0 0 -0.2266 -0.0854109 0 -0.0854109 -0.0854109 
3.638 2 1 2 0 0.2647 -0.2191 0.3251 0.0496 0.489724 -0.008681 1.4853 1 2.7331 1  1651 2189 2397 2879 3293 3420 3390 2775  1 1 1 0.84 0 5 0.98 5 6 0.610146 11.74 0 1.4853 2.12096 0 0 -0.424193 -0.184009 0 -0.184009 -0.184009 
3.653 2 1 2 0 0.3585 0.0909 0.3270 0.0506 0.476768 -0.005444 1.0779 1 2.7295 1  1648 2199 2423 2907 3333 3439 3386 2759  1 1 1 2.74 0 5 0.99 5 6 0.610146 11.72 0 1.0779 1.02588 0 0 -0.205176 -0.133821 0 -0.133821 -0.133821 
3.668 2 1 2 0 0.3704 0.0712 0.3296 0.0519 0.461221 -0.001405 1.0531 1 2.7466 1  1639 2202 2435 2957 3350 3437 3387 2807  1 1 1 2.01 0 5 0.98 5 7 0.365134 11.73 0 1.05314 1.01808 0 0 -0.203616 -0.149597 0 -0.149597 -0.149597 
3.683 2 1 2 0 0.3733 -0.1125 0.3314 0.0528 0.435310 -0.004584 1.0422 1 2.7299 1  1615 2202 2444 2988 3349 3452 3382 2772  1 1 1 1.96 0 5 0.99 5 6 0.365134 11.74 0 1.04215 1.04745 0 0 -0.209489 -0.163266 0 -0.163266 -0.163266 
3.698 2 1 2 0 0.4192 -0.0691 0.3334 0.0537 0.401625 -0.005704 0.9870 1 2.7135 1  1587 2177 2495 3041 3386 3452 3381 2731  1 1 1 2.04 0 5 0.99 5 6 0.365134 11.73 0 0.986998 0.950165 0 0 -0.190033 -0.164975 0 -0.164975 -0.164975 
3.713 2 1 2 0 0.4379 -0.0388 0.3358 0.0546 0.367940 -0.006471 0.8948 1 2.6934 1  1629 2214 2581 3140 3409 3442 3378 2706  1 1 1 2.12 0 5 0.99 5 6 0.365134 11.71 0 0.894762 0.830379 0 0 -0.166076 -0.160101 0 -0.160101 -0.160101 
3.728 2 1 2 0 0.4089 0.1010 0.3388 0.0558 0.342029 -0.008588 0.8114 1 2.6229 1  1625 2248 2671 3217 3456 3462 3370 2646  1 1 1 1.76 0 5 0.99 5 6 0.0811685 11.74 0 0.811408 0.73906 0 0 -0.147812 -0.153938 0 -0.153938 -0.153938 
3.743 2 1 2 0 0.3683 0.0736 0.3417 0.0567 0.308344 -0.016071 0.7406 1 2.3626 1  1610 2279 2772 3263 3452 3459 3343 2549  1 1 1 1.61 0 5 0.98 4 6 0.0811685 11.74 0 0.740556 0.67187 0 0 -0.134374 -0.147371 0 -0.147371 -0.147371 
3.758 2 1 2 0 0.2937 0.1067 0.3451 0.0578 0.282433 -0.023242 0.3341 1 2.1891 1  1615 2324 2832 3295 3455 3430 3304 2454  1 1 1 1.82 0 5 0.96 4 6 0.0811685 11.75 0 0.334113 0.128867 0 0 -0.0257733 -0.0935215 0 -0.0935215 -0.0935215 
3.773 2 1 2 0 0.2345 0.0594 0.3471 0.0583 0.256522 -0.032100 0.2873 1 2.0534 1  1601 2360 2898 3314 3436 3427 3255 2354  1 1 1 1.83 0 5 0.96 4 5 -0.216338 11.74 0 0.287335 0.234551 0 0 -0.0469102 -0.0875645 0 -0.0875645 -0.0875645 
3.788 2 1 2 0 0.2823 0.1300 0.3498 0.0590 0.235793 -0.030882 0.2432 1 1.9817 1  1595 2416 2954 3333 3432 3401 3226 2291  1 1 1 1.82 0 5 0.95 4 5 -0.216338 11.74 0 0.243236 0.205049 0 0 -0.0410099 -0.0761643 0 -0.0761643 -0.0761643 
3.803 2 1 2 0 0.2403 0.1130 0.3527 0.0597 0.217655 -0.030449 0.1907 1 1.9228 1  1656 2480 3005 3350 3426 3395 3199 2228  1 1 1 1.81 0 5 0.95 4 5 -0.216338 11.74 0 0.190669 0.149656 0 0 -0.0299313 -0.0636502 0 -0.0636502 -0.0636502 
3.818 2 1 2 0 0.1852 0.0716 0.3549 0.0601 0.204699 -0.033617 0.1736 1 0.6389 1  1650 2531 3043 3355 3416 3377 3144 2140  1 1 1 0.50 0 5 0.93 3 5 -0.216338 11.75 0 0.173646 0.153936 0 0 -0.0307873 -0.0567989 0 -0.0567989 -0.0567989 
3.833 2 1 2 0 0.2263 0.1054 0.3569 0.0605 0.189152 -0.031330 0.2078 1 0.5966 1  1692 2586 3094 3319 3414 3362 3094 2087  1 1 1 0.29 0 5 0.93 4 5 -0.197363 11.74 0 0.207783 0.307734 0 0 -0.0615468 -0.0604417 0 -0.0604417 -0.0604417 
3.848 2 1 2 0 0.1870 0.1212 0.3592 0.0610 0.178788 -0.026640 0.0675 1 0.5685 1  1725 2667 3141 3381 3416 3356 3091 2056  1 1 1 0.53 0 5 0.93 3 5 -0.197363 11.75 0 0.0675017 -0.00458939 0 0 0.000917879 -0.0328784 0 -0.0328784 -0.0328784 
3.863 2 1 2 0 0.1480 0.0987 0.3610 0.0613 0.171014 -0.025539 0.0279 1 0.5337 1  1774 2721 3178 3378 3416 3346 3047 1999  1 1 1 0.50 0 5 0.94 3 4 -0.197363 11.73 0 0.0279043 -0.0208154 0 0 0.00416307 -0.024646 0 -0.024646 -0.024646 
3.878 2 1 2 0 0.1092 0.0852 0.3626 0.0615 0.165832 -0.023933 -0.0360 1 0.5017 1  1821 2773 3207 3393 3414 3334 3007 1959  1 1 1 0.64 0 5 0.94 3 4 -0.197363 11.75 0 -0.0359579 -0.104851 0 0 0.0209702 -0.0120441 0 -0.0120441 -0.0120441 
3.893 2 1 2 0 0.1474 0.1461 0.3640 0.0618 0.163241 -0.017577 -0.0910 1 0.4889 1  1867 2818 3234 3398 3418 3328 2994 1944  1 1 1 0.64 0 5 0.94 3 4 -0.197363 11.75 0 -0.0910162 -0.175936 0 0 0.0351872 -0.000653481 0 -0.000653481 -0.000653481 
3.908 2 1 2 0 0.0869 0.1786 0.3658 0.0621 0.165832 -0.010620 -0.4188 1 0.4854 1  1916 2850 3255 3403 3419 3331 2971 1936  1 1 1 1.66 0 5 0.95 3 4 -0.197363 11.75 0 -0.418769 -0.572908 0 0 0.114582 0.045825 0 0.045825 0.045825 
3.923 2 1 2 0 0.0765 0.1857 0.3671 0.0623 0.168423 -0.007824 -0.4557 1 0.4869 1  1954 2913 3269 3408 3439 3333 2978 1906  1 1 1 1.14 0 5 0.96 3 4 -0.350762 11.75 0 -0.455713 -0.498216 0 0 0.0996431 0.054579 0 0.054579 0.054579 
3.938 2 1 2 0 0.0702 0.1967 0.3687 0.0626 0.178788 -0.003166 -0.4705 1 0.4859 1  1964 2915 3279 3408 3426 3331 2981 1920  1 1 1 1.14 0 5 0.96 3 4 -0.350762 11.75 0 -0.470545 -0.481434 0 0 0.0962868 0.0632812 0 0.0632812 0.0632812 
3.953 2 1 2 0 0.0907 0.2340 0.3703 0.0629 0.189152 0.000587 -0.4836 1 0.5082 1  1962 2925 3283 3419 3421 3339 2988 1927  1 1 1 1.17 0 5 0.96 3 4 -0.350762 11.75 0 -0.483554 -0.492893 0 0 0.0985785 0.0716456 0 0.0716456 0.0716456 
3.968 2 1 2 0 0.0849 0.2343 0.3721 0.0632 0.202108 0.002494 -0.4688 1 0.5227 1  1953 2895 3277 3424 3438 3350 3006 1948  1 1 1 1.12 0 5 0.97 3 4 -0.350762 11.75 0 -0.46884 -0.45865 0 0 0.09173 0.0746892 0 0.0746892 0.0746892 
3.983 2 1 2 0 0.0943 0.2455 0.3742 0.0637 0.215063 0.003356 -0.4467 1 0.5432 1  1937 2871 3256 3421 3433 3356 3021 1948  1 1 1 1.12 0 5 0.97 3 4 -0.350762 11.74 0 -0.44667 -0.417916 0 0 0.0835832 0.0755772 0 0.0755772 0.0755772 
3.998 2 1 2 0 0.0722 0.2215 0.3760 0.0641 0.233201 0.001079 -0.4130 1 0.5716 1  1908 2838 3250 3416 3450 3371 3035 2003  1 1 1 1.00 0 5 0.97 3 4 -0.164937 11.75 0 -0.413018 -0.387026 0 0 0.0774052 0.0746226 0 0.0746226 0.0746226 
4.013 2 1 2 0 0.1100 0.1834 0.3778 0.0645 0.251339 -0.000855 -0.1188 1 0.5891 1  1877 2808 3238 3407 3445 3380 3058 1975  1 1 1 0.72 0 5 0.96 3 4 -0.164937 11.74 0 -0.118807 0.0256001 0 0 -0.00512003 0.0367085 0 0.0367085 0.0367085 
4.028 2 1 2 0 0.1193 0.1865 0.3799 0.0651 0.259113 -0.000947 -0.0854 1 0.6001 1  1855 2779 3237 3406 3439 3371 3082 2026  1 1 1 0.69 0 5 0.96 3 4 -0.164937 11.75 0 -0.085448 -0.0463624 0 0 0.00927247 0.0336124 0 0.0336124 0.0336124 
4.043 2 1 2 0 0.1126 0.1680 0.3814 0.0655 0.269477 -0.002348 -0.0588 1 0.6025 1  1840 2761 3206 3401 3431 3381 3097 2037  1 1 1 0.69 0 5 0.95 3 5 -0.164937 11.74 0 -0.0588002 -0.0466522 0 0 0.00933043 0.0277246 0 0.0277246 0.0277246 
4.058 2 1 2 0 0.1040 0.1478 0.3832 0.0660 0.282433 -0.003800 -0.0396 1 0.6216 1  1825 2748 3198 3398 3445 3387 3109 2007  1 1 1 0.69 0 5 0.95 3 5 -0.164937 11.75 0 -0.0396353 -0.0292509 0 0 0.00585019 0.0218909 0 0.0218909 0.0218909 
4.073 2 1 2 0 0.1094 0.1527 0.3847 0.0664 0.287615 -0.002787 -0.0529 1 0.6677 1  1827 2749 3201 3406 3452 3417 3126 2058  1 1 1 0.86 0 5 0.96 3 5 -0.164937 11.74 0 -0.0529323 -0.074693 0 0 0.0149386 0.0216266 0 0.0216266 0.0216266 
4.088 2 1 2 0 0.1111 0.1454 0.3863 0.0669 0.292797 -0.001264 -0.0440 1 0.6327 1  1835 2749 3198 3402 3443 3386 3132 2065  1 1 1 0.69 0 5 0.95 3 5 0.0875997 11.74 0 -0.0439514 -0.0412341 0 0 0.00824682 0.0171567 0 0.0171567 0.0171567 
4.103 2 1 2 0 0.1145 0.1372 0.3878 0.0674 0.303162 -0.000138 -0.0295 1 0.6406 1  1826 2751 3192 3386 3443 3381 3134 2075  1 1 1 0.55 0 5 0.95 3 5 0.0875997 11.74 0 -0.0294751 0.0331179 0 0 -0.00662358 0.0113491 0 0.0113491 0.0113491 
4.118 2 1 2 0 0.1049 0.1469 0.3891 0.0678 0.305753 0.002386 -0.0929 1 0.6647 1  1844 2771 3218 3415 3459 3405 3157 2080  1 1 1 0.79 0 5 0.96 3 5 0.0875997 11.74 0 -0.0928504 -0.119077 0 0 0.0238154 0.0209904 0 0.0209904 0.0209904 
4.133 2 1 2 0 0.0982 0.1405 0.3907 0.0683 0.310935 0.004136 -0.1063 1 0.6896 1  1885 2781 3224 3419 3457 3409 3163 2088  1 1 1 0.74 0 5 0.97 3 5 0.0875997 11.74 0 -0.106333 -0.103722 0 0 0.0207444 0.0211368 0 0.0211368 0.0211368 
4.148 2 1 2 0 0.0930 0.1471 0.3920 0.0687 0.318709 0.006284 -0.1457 1 0.6965 1  1868 2793 3229 3427 3467 3412 3154 2108  1 1 1 0.95 0 5 0.97 3 5 0.0875997 11.71 0 -0.145666 -0.176672 0 0 0.0353343 0.0270867 0 0.0270867 0.0270867 
4.163 2 1 2 0 0.0972 0.1567 0.3935 0.0692 0.323891 0.008282 -0.1571 1 0.7352 1  1874 2796 3234 3443 3465 3424 3176 2128  1 1 1 1.02 0 5 0.98 3 5 0.0875997 11.73 0 -0.157134 -0.205715 0 0 0.0411431 0.0297467 0 0.0297467 0.0297467 
4.178 2 1 2 0 0.1054 0.1641 0.3950 0.0697 0.329073 0.010701 -0.1758 1 1.9054 1  1890 2796 3235 3438 3471 3425 3187 2154  1 1 1 2.11 0 5 0.98 3 5 0.0875997 11.75 0 -0.175837 -0.140533 0 0 0.0281067 0.0293972 0 0.0293972 0.0293972 
4.193 2 1 2 0 0.0712 0.1902 0.3964 0.0702 0.336847 0.011809 -0.3850 1 1.9384 1  1879 2797 3236 3428 3470 3433 3204 2170  1 1 1 2.39 0 5 0.98 3 5 -0.117369 11.75 0 -0.384976 -0.434276 0 0 0.0868552 0.0595224 0 0.0595224 0.0595224 
4.208 2 1 2 0 0.1035 0.1559 0.3977 0.0707 0.349802 0.011654 -0.1244 1 1.9131 1  1868 2772 3227 3425 3460 3421 3196 2177  1 1 1 1.90 0 5 0.97 3 5 -0.117369 11.74 0 -0.12441 -0.0288954 0 0 0.00577908 0.0262324 0 0.0262324 0.0262324 
4.223 2 1 2 0 0.1233 0.1835 0.3994 0.0713 0.352394 0.013437 -0.1311 1 1.9664 1  1862 2776 3224 3427 3472 3425 3239 2207  1 1 1 2.22 0 5 0.98 3 5 -0.117369 11.74 0 -0.131137 -0.127881 0 0 0.0255761 0.0301082 0 0.0301082 0.0301082 
4.238 2 1 2 0 0.1164 0.1775 0.4013 0.0720 0.362758 0.014392 -0.1357 1 1.9723 1  1860 2776 3227 3444 3484 3440 3234 2218  1 1 1 2.19 0 5 0.98 3 5 -0.117369 11.74 0 -0.135742 -0.148806 0 0 0.0297612 0.0305505 0 0.0305505 0.0305505 
4.253 2 1 2 0 0.1103 0.1688 0.4026 0.0725 0.370531 0.013283 -0.1336 1 1.9936 1  1866 2765 3224 3435 3480 3439 3244 2234  1 1 1 2.19 0 5 0.98 3 5 -0.117369 11.75 0 -0.133587 -0.136505 0 0 0.0273009 0.0292624 0 0.0292624 0.0292624 
4.268 2 1 2 0 0.1101 0.1564 0.4046 0.0733 0.378305 0.012969 -0.0986 1 1.9884 1  1860 2773 3218 3413 3468 3434 3240 2252  1 1 1 2.11 0 5 0.98 3 5 -0.117369 11.75 0 -0.0986029 -0.062542 0 0 0.0125084 0.0231234 0 0.0231234 0.0231234 
4.283 2 1 2 0 0.1113 0.1723 0.4060 0.0738 0.386078 0.011900 -0.1475 1 2.0064 1  1858 2765 3221 3437 3471 3447 3253 2256  1 1 1 2.27 0 5 0.99 3 5 0.0741528 11.75 0 -0.147452 -0.173438 0 0 0.0346875 0.0305085 0 0.0305085 0.0305085 
4.298 2 1 2 0 0.1149 0.1605 0.4078 0.0746 0.391261 0.012524 -0.1008 1 2.0152 1  1850 2727 3212 3434 3455 3451 3252 2300  1 1 1 2.12 0 5 0.98 3 5 0.0741528 11.75 0 -0.100778 -0.0810186 0 0 0.0162037 0.0228036 0 0.0228036 0.0228036 
4.313 2 1 2 0 0.1195 0.1620 0.4093 0.0752 0.401625 0.011975 -0.0903 1 2.0177 1  1864 2722 3209 3428 3463 3441 3256 2287  1 1 1 2.14 0 5 0.98 3 5 0.0741528 11.74 0 -0.0902725 -0.0780372 0 0 0.0156074 0.0212797 0 0.0212797 0.0212797 
4.328 2 1 2 0 0.1120 0.1556 0.4110 0.0759 0.404216 0.011947 -0.0968 1 2.0329 1  1873 2732 3206 3431 3483 3445 3262 2306  1 1 1 2.15 0 5 0.99 3 5 0.0741528 11.75 0 -0.0967913 -0.095778 0 0 0.0191556 0.0217781 0 0.0217781 0.0217781 
4.343 2 1 2 0 0.1241 0.1675 0.4126 0.0766 0.411990 0.013161 -0.1027 1 2.0427 1  1877 2731 3212 3432 3480 3442 3267 2299  1 1 1 2.16 0 5 0.98 3 5 0.0741528 11.75 0 -0.102697 -0.091866 0 0 0.0183732 0.0216889 0 0.0216889 0.0216889 
4.358 2 1 2 0 0.1198 0.1629 0.4141 0.0773 0.417172 0.012750 -0.1036 1 2.0563 1  1889 2736 3214 3430 3491 3456 3276 2308  1 1 1 2.14 0 5 0.99 3 5 0.0385149 11.75 0 -0.103616 -0.0933625 0 0 0.0186725 0.0215435 0 0.0215435 0.0215435 
4.373 2 1 2 0 0.1267 0.1698 0.4157 0.0780 0.424945 0.013718 -0.1001 1 2.0632 1  1896 2750 3203 3424 3476 3460 3279 2329  1 1 1 2.15 0 5 0.99 3 5 0.0385149 11.75 0 -0.100147 -0.103812 0 0 0.0207624 0.0215338 0 0.0215338 0.0215338 
4.388 2 1 2 0 0.1109 0.1517 0.4174 0.0788 0.427536 0.013755 -0.0997 1 2.0773 1  1904 2741 3196 3426 3471 3441 3287 2340  1 1 1 2.12 0 5 0.98 3 5 0.0385149 11.75 0 -0.0996927 -0.0827165 0 0 0.0165433 0.0203599 0 0.0203599 0.0203599 
4.403 2 1 2 0 0.1289 0.1701 0.4190 0.0795 0.435310 0.014320 -0.0982 1 2.0925 1  1887 2738 3199 3429 3474 3451 3288 2358  1 1 1 2.18 0 5 0.99 3 5 0.0385149 11.75 0 -0.0982009 -0.0949811 0 0 0.0189962 0.0206372 0 0.0206372 0.0206372 
4.418 2 1 2 0 0.1287 0.1482 0.4205 0.0802 0.440492 0.014009 -0.0343 1 2.1006 1  1904 2727 3159 3381 3451 3438 3289 2372  1 1 1 2.08 0 5 0.98 4 5 0.0385149 11.74 0 -0.0342937 0.0476365 0 0 -0.00952731 0.00974957 0 0.00974957 0.00974957 
4.433 2 1 2 0 0.1287 0.1649 0.4219 0.0809 0.445674 0.015211 -0.0837 1 2.1146 1  1890 2723 3200 3423 3479 3435 3297 2370  1 1 1 2.21 0 5 0.98 3 5 0.0385149 11.74 0 -0.0837021 -0.080681 0 0 0.0161362 0.0181078 0 0.0181078 0.0181078 
4.448 2 1 2 0 0.1237 0.1524 0.4237 0.0818 0.450857 0.015981 -0.0611 1 2.1245 1  1888 2710 3175 3420 3477 3437 3302 2384  1 1 1 2.17 0 5 0.98 3 5 0.0305711 11.74 0 -0.0611073 -0.0402855 0 0 0.0080571 0.0143839 0 0.0143839 0.0143839 
4.463 2 1 2 0 0.1327 0.1622 0.4252 0.0825 0.456039 0.016193 -0.0615 1 2.1385 1  1868 2703 3177 3420 3482 3438 3313 2389  1 1 1 2.24 0 5 0.98 3 5 0.0305711 11.74 0 -0.0615496 -0.0619161 0 0 0.0123832 0.0147437 0 0.0147437 0.0147437 
4.478 2 1 2 0 0.1497 0.1668 0.4270 0.0834 0.461221 0.017411 -0.0244 1 2.1455 1  1896 2692 3150 3412 3480 3463 3307 2406  1 1 1 2.16 0 5 1.00 4 5 0.0305711 11.73 0 -0.0243748 0.00782795 0 0 -0.00156559 0.00852863 0 0.00852863 0.00852863 
4.493 2 1 2 0 0.1319 0.1563 0.4284 0.0841 0.466403 0.016458 -0.0470 1 2.1767 1  1892 2689 3155 3425 3490 3459 3330 2422  1 1 1 2.28 0 5 1.00 4 5 0.0305711 11.73 0 -0.0470379 -0.0580544 0 0 0.0116109 0.0121782 0 0.0121782 0.0121782 
4.508 2 1 2 0 0.1372 0.1588 0.4300 0.0849 0.468994 0.016874 -0.0431 1 2.1925 1  1929 2693 3149 3420 3481 3456 3330 2442  1 1 1 2.38 0 5 0.98 3 5 0.0305711 11.73 0 -0.0431025 -0.05151 0 0 0.010302 0.0107947 0 0.0107947 0.0107947 
4.523 2 1 2 0 0.1312 0.1494 0.4318 0.0858 0.474177 0.017496 -0.0335 1 2.2273 1  1892 2709 3154 3408 3483 3461 3327 2474  1 1 1 2.37 0 5 1.00 4 5 0.0305711 11.74 0 -0.0335385 -0.0434146 0 0 0.00868292 0.00908645 0 0.00908645 0.00908645 
4.538 2 1 2 0 0.1581 0.1584 0.4334 0.0866 0.476768 0.017851 0.0033 1 2.2392 1  1959 2724 3159 3381 3482 3462 3311 2492  1 1 1 2.02 0 5 1.00 4 5 0.0327489 11.74 0 0.00331357 0.104365 0 0 -0.020873 0.000117694 0 0.000117694 0.000117694 
4.553 2 1 2 0 0.1319 0.1608 0.4352 0.0876 0.481950 0.017119 -0.0689 1 2.3193 1  1932 2733 3166 3429 3487 3470 3375 2511  1 1 1 2.51 0 5 0.99 4 6 0.0327489 11.74 0 -0.0689343 -0.121703 0 0 0.0243406 0.0144313 0 0.0144313 0.0144313 
4.568 2 1 2 0 0.1432 0.1701 0.4368 0.0884 0.489724 0.017358 -0.0761 1 2.3245 1  1985 2762 3172 3403 3483 3467 3354 2528  1 1 1 2.42 0 5 0.98 3 6 0.0327489 11.74 0 -0.0761346 -0.0801322 0 0 0.0160264 0.0134238 0 0.0134238 0.0134238 
4.583 2 1 2 0 0.1213 0.1758 0.4386 0.0894 0.489724 0.017502 -0.1580 1 2.3732 1  2014 2784 3189 3445 3494 3474 3362 2544  1 1 1 2.56 0 5 0.99 3 6 0.0327489 11.74 0 -0.158023 -0.26006 0 0 0.0520121 0.0272068 0 0.0272068 0.0272068 
4.598 2 1 2 0 0.1413 0.1855 0.4403 0.0903 0.494906 0.018424 -0.1346 1 2.3955 1  2052 2795 3186 3416 3485 3467 3369 2559  1 1 1 2.52 0 5 0.99 3 6 0.0327489 11.75 0 -0.134637 -0.152039 0 0 0.0304078 0.0220825 0 0.0220825 0.0220825 
4.613 2 1 2 0 0.1356 0.1879 0.4423 0.0914 0.502679 0.018304 -0.1575 1 2.4144 1  2084 2814 3195 3419 3492 3479 3338 2581  1 1 1 2.55 0 5 0.99 4 6 -0.0225093 11.75 0 -0.157537 -0.182433 0 0 0.0364866 0.0261645 0 0.0261645 0.0261645 
4.628 2 1 2 0 0.1399 0.1885 0.4439 0.0922 0.510453 0.017839 -0.1397 1 2.4918 1  2082 2817 3183 3416 3492 3469 3370 2612  1 1 1 2.63 0 5 0.99 4 6 -0.0225093 11.74 0 -0.139701 -0.143614 0 0 0.0287228 0.0242807 0 0.0242807 0.0242807 
4.643 2 1 2 0 0.1473 0.1718 0.4458 0.0933 0.518226 0.016875 -0.0647 1 2.5403 1  2091 2742 3170 3405 3461 3477 3382 2618  1 1 1 2.47 0 5 0.99 4 6 -0.0225093 11.75 0 -0.0646663 0.0362098 0 0 -0.00724196 0.0122529 0 0.0122529 0.0122529 
4.658 2 1 2 0 0.1481 0.1878 0.4475 0.0943 0.523408 0.016118 -0.0951 1 2.5996 1  2089 2809 3154 3397 3477 3481 3390 2633  1 1 1 2.61 0 5 1.00 4 6 -0.0225093 11.75 0 -0.0951268 -0.0946183 0 0 0.0189237 0.0198292 0 0.0198292 0.0198292 
4.673 2 1 2 0 0.1561 0.1864 0.4496 0.0955 0.528591 0.016495 -0.0590 1 2.6651 1  2097 2795 3144 3391 3483 3475 3389 2665  1 1 1 2.77 0 5 1.00 4 6 -0.0225093 11.75 0 -0.059043 -0.0530179 0 0 0.0106036 0.0151178 0 0.0151178 0.0151178 
4.688 2 1 2 0 0.1558 0.1800 0.4513 0.0965 0.533773 0.015440 -0.0463 1 2.6670 1  2099 2809 3109 3381 3467 3475 3398 2670  1 1 1 2.65 0 5 1.00 4 6 0.013232 11.74 0 -0.0462876 -0.018263 0 0 0.00365261 0.0120937 0 0.0120937 0.0120937 
4.703 2 1 2 0 0.1436 0.1619 0.4531 0.0976 0.538955 0.013862 -0.0226 1 2.6934 1  2095 2780 3109 3379 3471 3475 3406 2704  1 1 1 2.71 0 5 1.00 4 6 0.013232 11.74 0 -0.0226208 -0.0092819 0 0 0.00185638 0.00912752 0 0.00912752 0.00912752 
4.718 2 1 2 0 0.1627 0.1550 0.4548 0.0986 0.544137 0.012952 0.0554 1 2.6951 1  2083 2764 3085 3359 3470 3469 3393 2714  1 1 1 2.56 0 5 0.99 4 6 0.013232 11.75 0 0.0554423 0.13856 0 0 -0.027712 -0.00384735 0 -0.00384735 -0.00384735 
4.733 2 1 2 0 0.1596 0.1607 0.4567 0.0998 0.546728 0.013248 0.0291 1 2.7067 1  2094 2766 3076 3367 3479 3488 3413 2731  1 1 1 2.68 0 5 1.00 4 6 0.013232 11.75 0 0.0290769 0.0366474 0 0 -0.00732949 0.000558492 0 0.000558492 0.000558492 
4.748 2 1 2 0 0.1737 0.1705 0.4584 0.1008 0.551911 0.014295 0.0386 1 2.7214 1  2084 2761 3069 3366 3496 3492 3418 2771  1 1 1 2.74 0 5 1.00 4 6 0.0667969 11.74 0 0.0386441 0.0335174 0 0 -0.00670348 -0.00159205 0 -0.00159205 -0.00159205 
4.763 2 1 2 0 0.1724 0.1620 0.4603 0.1020 0.554502 0.014209 0.0538 1 2.7203 1  2082 2744 3050 3365 3497 3462 3421 2752  1 1 1 2.69 0 5 1.00 4 6 0.0667969 11.74 0 0.0538155 0.0617451 0 0 -0.012349 -0.0052125 0 -0.0052125 -0.0052125 
4.778 2 1 2 0 0.1732 0.1445 0.4620 0.1030 0.554502 0.014279 0.1078 1 2.7284 1  2055 2728 3039 3346 3475 3497 3428 2770  1 1 1 2.58 0 5 1.00 4 6 0.0667969 11.75 0 0.107776 0.152217 0 0 -0.0304434 -0.014359 0 -0.014359 -0.014359 
4.793 2 1 2 0 0.1953 0.1548 0.4637 0.1041 0.554502 0.015145 0.1474 1 2.7334 1  2046 2704 2995 3337 3472 3482 3421 2778  1 1 1 2.61 0 5 1.00 4 6 0.0667969 11.74 0 0.147359 0.17916 0 0 -0.035832 -0.020239 0 -0.020239 -0.020239 
4.808 2 1 2 0 0.1815 0.1348 0.4656 0.1052 0.557093 0.015529 0.1605 1 2.7391 1  2040 2682 3008 3336 3479 3503 3426 2794  1 1 1 2.57 0 5 1.00 4 6 0.0667969 11.75 0 0.160529 0.179722 0 0 -0.0359444 -0.0233716 0 -0.0233716 -0.0233716 
4.823 2 1 2 0 0.2022 0.1390 0.4673 0.1063 0.551911 0.016567 0.2131 1 2.7388 1  2020 2661 2979 3326 3467 3483 3420 2789  1 1 1 2.54 0 5 0.99 4 6 0.130573 11.74 0 0.213059 0.232876 0 0 -0.0465753 -0.0315961 0 -0.0315961 -0.0315961 
4.838 2 1 2 0 0.2030 0.1342 0.4690 0.1074 0.551911 0.016528 0.2118 1 2.7413 1  2011 2646 2978 3320 3474 3485 3424 2795  1 1 1 2.54 0 5 1.00 4 6 0.130573 11.74 0 0.211796 0.246244 0 0 -0.0492488 -0.0344162 0 -0.0344162 -0.0344162 
4.853 2 1 2 0 0.2233 0.1570 0.4709 0.1085 0.549320 0.018818 0.1957 1 2.7451 1  1988 2644 2956 3320 3485 3515 3436 2803  1 1 1 2.56 0 5 1.00 4 6 0.130573 11.72 0 0.195682 0.20111 0 0 -0.0402219 -0.033184 0 -0.033184 -0.033184 
4.868 2 1 2 0 0.2212 0.1499 0.4728 0.1097 0.541546 0.018414 0.2140 1 2.7390 1  1973 2622 2954 3336 3476 3487 3425 2790  1 1 1 2.58 0 5 1.00 4 6 0.130573 11.73 0 0.213984 0.195735 0 0 -0.039147 -0.0356581 0 -0.0356581 -0.0356581 
4.883 2 1 2 0 0.2176 0.1481 0.4746 0.1108 0.538955 0.017710 0.1947 1 2.7347 1  1956 2593 2938 3334 3477 3488 3401 2782  1 1 1 2.57 0 5 1.00 4 6 0.130573 11.74 0 0.194679 0.174805 0 0 -0.0349609 -0.0347395 0 -0.0347395 -0.0347395 
4.898 2 1 2 0 0.2314 0.1524 0.4767 0.1120 0.533773 0.017548 0.2224 1 2.7317 1  1934 2576 2932 3326 3483 3506 3411 2780  1 1 1 2.50 0 5 1.00 4 6 0.0911913 11.73 0 0.222401 0.210571 0 0 -0.0421142 -0.0395196 0 -0.0395196 -0.0395196 
4.913 2 1 2 0 0.2273 0.1443 0.4786 0.1131 0.525999 0.016225 0.2234 1 2.7244 1  1941 2544 2912 3332 3481 3493 3373 2761  1 1 1 2.49 0 5 1.00 4 6 0.0911913 11.74 0 0.223362 0.231451 0 0 -0.0462902 -0.041512 0 -0.041512 -0.041512 
4.928 2 1 2 0 0.2359 0.1286 0.4805 0.1143 0.523408 0.015193 0.3032 1 2.7130 1  1831 2519 2911 3304 3466 3493 3409 2742  1 1 1 2.32 0 5 0.99 4 6 0.0911913 11.74 0 0.303159 0.361727 0 0 -0.0723453 -0.0536307 0 -0.0536307 -0.0536307 
4.943 2 1 2 0 0.2569 0.1434 0.4826 0.1154 0.513044 0.015980 0.3095 1 2.7081 1  1823 2491 2908 3288 3471 3485 3392 2737  1 1 1 2.36 0 5 1.00 4 6 0.0911913 11.74 0 0.30949 0.393149 0 0 -0.0786298 -0.0567391 0 -0.0567391 -0.0567391 
4.958 2 1 2 0 0.2282 0.1228 0.4847 0.1166 0.507861 0.013653 0.2838 1 2.6922 1  1776 2457 2886 3310 3467 3471 3392 2705  1 1 1 2.35 0 5 1.00 4 6 0.0308669 11.75 0 0.283843 0.316829 0 0 -0.0633659 -0.0527291 0 -0.0527291 -0.0527291 
4.973 2 1 2 0 0.2570 0.1493 0.4868 0.1178 0.497497 0.012668 0.2986 1 2.6766 1  1709 2397 2867 3312 3460 3475 3413 2684  1 1 1 2.44 0 5 0.99 4 6 0.0308669 11.75 0 0.29857 0.289208 0 0 -0.0578415 -0.053814 0 -0.053814 -0.053814 
4.988 2 1 2 0 0.2545 0.1241 0.4890 0.1189 0.492315 0.011427 0.3583 1 2.6362 1  1665 2372 2851 3274 3462 3459 3374 2641  1 1 1 2.20 0 5 0.99 4 6 0.0308669 11.74 0 0.358258 0.427393 0 0 -0.0854787 -0.0652288 0 -0.0652288 -0.0652288 
5.003 2 1 2 0 0.2461 0.1327 0.4909 0.1200 0.479359 0.009831 0.3036 1 2.5965 1  1617 2336 2845 3308 3478 3466 3397 2636  1 1 1 2.27 0 5 0.99 4 6 0.0308669 11.75 0 0.303579 0.282045 0 0 -0.056409 -0.0566962 0 -0.0566962 -0.0566962 
5.018 2 1 2 0 0.2550 0.1513 0.4932 0.1212 0.471586 0.010161 0.2616 1 2.5162 1  1590 2333 2865 3330 3482 3481 3374 2611  1 1 1 2.24 0 5 1.00 4 6 0.0171372 11.75 0 0.261583 0.21879 0 0 -0.043758 -0.0518144 0 -0.0518144 -0.0518144 
5.033 2 1 2 0 0.2381 0.1330 0.4956 0.1223 0.463812 0.008177 0.2615 1 2.4134 1  1591 2336 2880 3333 3475 3466 3362 2574  1 1 1 2.16 0 5 0.99 4 6 0.0171372 11.75 0 0.261538 0.234455 0 0 -0.046891 -0.0525398 0 -0.0525398 -0.0525398 
5.048 2 1 2 0 0.2470 0.1419 0.4975 0.1233 0.456039 0.006250 0.2551 1 2.3311 1  1585 2336 2909 3334 3478 3453 3350 2533  1 1 1 2.08 0 5 0.98 4 6 0.0171372 11.74 0 0.255116 0.249731 0 0 -0.0499462 -0.052549 0 -0.052549 -0.052549 
5.063 2 1 2 0 0.2216 0.1312 0.4999 0.1244 0.448265 0.005522 0.2068 1 2.2590 1  1588 2367 2936 3357 3477 3463 3341 2457  1 1 1 1.98 0 5 0.99 4 6 0.0171372 11.75 0 0.206791 0.170096 0 0 -0.0340191 -0.0452161 0 -0.0452161 -0.0452161 
5.078 2 1 2 0 0.2197 0.1352 0.5021 0.1255 0.437901 0.004194 0.1847 1 2.2111 1  1596 2398 2955 3366 3464 3453 3328 2439  1 1 1 2.00 0 5 0.98 4 6 0.0171372 11.75 0 0.18474 0.161388 0 0 -0.0322776 -0.0422456 0 -0.0422456 -0.0422456 
5.093 2 1 2 0 0.2154 0.1458 0.5044 0.1266 0.430128 0.002867 0.1392 1 2.1395 1  1629 2445 3004 3384 3461 3454 3317 2345  1 1 1 1.96 0 5 0.98 4 5 -0.0317554 11.75 0 0.139155 0.0951506 0 0 -0.0190301 -0.0348166 0 -0.0348166 -0.0348166 
5.108 2 1 2 0 0.2071 0.1480 0.5065 0.1275 0.422354 0.003776 0.1043 1 2.1298 1  1661 2502 3051 3394 3464 3472 3309 2377  1 1 1 2.04 0 5 0.99 4 5 -0.0317554 11.74 0 0.104259 0.0726749 0 0 -0.014535 -0.0295357 0 -0.0295357 -0.0295357 
5.123 2 1 2 0 0.1909 0.1467 0.5085 0.1284 0.419763 0.003242 0.0613 1 2.0981 1  1691 2545 3108 3409 3472 3460 3299 2338  1 1 1 2.08 0 5 0.99 4 5 -0.0317554 11.74 0 0.0613381 0.020128 0 0 -0.00402559 -0.0220919 0 -0.0220919 -0.0220919 
5.138 2 1 2 0 0.1984 0.1650 0.5107 0.1294 0.414581 0.004927 0.0322 1 2.0822 1  1675 2577 3144 3419 3477 3457 3292 2324  1 1 1 2.06 0 5 0.99 4 5 -0.0317554 11.74 0 0.0322014 -0.00337365 0 0 0.000674731 -0.0167101 0 -0.0167101 -0.0167101 
5.153 2 1 2 0 0.1715 0.1556 0.5127 0.1303 0.411990 0.005145 -0.0159 1 2.0693 1  1752 2627 3151 3428 3480 3460 3288 2304  1 1 1 2.17 0 5 0.99 3 5 -0.0961676 11.75 0 -0.0158943 -0.0699917 0 0 0.0139983 -0.00797407 0 -0.00797407 -0.00797407 
