%% logfile from robot Alma (11)
% Alma (11)
%  1    time 4.153 sec
%  2  3  4  5   (mission 0), state 2, entered (thread 1, line 3), events 0x0 (bit-flags)
%  6  7 Motor velocity ref left, right: 0.2784 0.2784
%  8  9 10 11 Pose x,y,h,tilt [m,m,rad,rad]: 0.657842 0.122377 0.310935 0.00583419
% 12 .. 33 Edge sensor: left 0.867872 0, right 2.746944 0, values 1773 2427 2725 3178 3404 3455 3400 2807, 
%    white 1, used 1, LEDhigh=1, xingVal=2.45 xlcnt=0 lvcnt=5,LineVal=1.00, lineLow=5, lineHi=6, edgeAngle=0.
% whitelevel=[2898 3352 3437 3462 3485 3466 3391 2862];
% blacklevel=[1435 1889 2091 2192 2279 2230 2035 1497];
% 35 44 ctrl edge, ref=0, m=0.868392, m2=2.3736, uf=0, r2=0, ep=-0.474721,up=-0.0485375, ui=0, u1=-0.0485375, u=0
4.153 2 1 3 0 0.2784 0.2784 0.6578 0.1224 0.310935 0.005834 0.8679 0 2.7469 0  1773 2427 2725 3178 3404 3455 3400 2807  1 1 1 2.45 0 5 1.00 5 6 0 11.49 0 0.868392 2.3736 0 0 -0.474721 -0.0485375 0 -0.0485375 0 
4.154 2 1 3 0 0.3230 0.2302 0.6582 0.1225 0.310935 0.005695 0.8656 1 2.7480 1  1766 2435 2724 3164 3406 3458 3409 2811  1 1 1 2.46 0 5 0.97 4 7 0 11.49 0 0.865596 2.16527 0 0 -0.433053 -0.0464029 0 -0.0464029 -0.0464029 
4.155 2 1 3 0 0.3254 0.2361 0.6584 0.1226 0.308344 0.005623 0.8634 1 2.7472 1  1784 2430 2724 3168 3407 3457 3410 2806  1 1 1 2.47 0 5 0.97 4 7 0 11.49 0 0.863351 1.98584 0 0 -0.397168 -0.0446623 0 -0.0446623 -0.0446623 
4.156 2 1 3 0 0.3328 0.2461 0.6588 0.1227 0.308344 0.005621 0.8636 1 2.7473 1  1797 2422 2728 3175 3405 3452 3399 2808  1 1 1 2.47 0 5 0.97 4 7 0 11.49 0 0.863569 1.83677 0 0 -0.367354 -0.0433721 0 -0.0433721 -0.0433721 
4.157 2 1 3 0 0.3372 0.2525 0.6588 0.1227 0.308344 0.005685 0.8641 1 2.7476 1  1803 2418 2721 3163 3406 3457 3404 2809  1 1 1 2.47 0 5 0.97 4 7 0 11.49 0 0.864116 1.70851 0 0 -0.341701 -0.042365 0 -0.042365 -0.042365 
4.158 2 1 3 0 0.3387 0.2552 0.6592 0.1228 0.308344 0.005751 0.8681 1 2.7470 1  1791 2427 2714 3143 3404 3449 3395 2806  1 1 1 2.45 0 5 0.97 4 7 0 11.49 0 0.86813 1.60689 0 0 -0.321379 -0.0417801 0 -0.0417801 -0.0417801 
4.159 2 1 3 0 0.3371 0.2544 0.6596 0.1229 0.308344 0.005800 0.8714 1 2.7452 1  1789 2418 2729 3148 3400 3444 3403 2800  1 1 1 2.44 0 5 0.97 4 7 0 11.48 0 0.871353 1.5172 0 0 -0.30344 -0.0413405 0 -0.0413405 -0.0413405 
4.160 2 1 3 0 0.3376 0.2555 0.6598 0.1230 0.305753 0.005811 0.8740 1 2.7440 1  1801 2414 2714 3127 3402 3455 3378 2799  1 1 1 2.42 0 5 0.97 4 7 0 11.49 0 0.873961 1.43822 0 0 -0.287643 -0.0410326 0 -0.0410326 -0.0410326 
4.161 2 1 3 0 0.3402 0.2578 0.6601 0.1231 0.305753 0.005789 0.8832 1 2.7426 1  1769 2414 2708 3141 3396 3436 3392 2796  1 1 1 2.39 0 5 0.97 4 7 0 11.48 0 0.883212 1.38827 0 0 -0.277654 -0.0412412 0 -0.0412412 -0.0412412 
4.162 2 1 3 0 0.3422 0.2602 0.6601 0.1231 0.305753 0.005781 0.8824 1 2.7419 1  1775 2424 2718 3144 3399 3443 3404 2796  1 1 1 2.39 0 5 0.97 4 7 0 11.47 0 0.882404 1.31872 0 0 -0.263744 -0.0409981 0 -0.0409981 -0.0409981 
4.163 2 1 3 0 0.3433 0.2621 0.6605 0.1232 0.305753 0.005795 0.8767 1 2.7424 1  1762 2422 2722 3156 3403 3450 3409 2799  1 1 1 2.41 0 5 0.97 4 7 0 11.48 0 0.87666 1.24484 0 0 -0.248969 -0.0405984 0 -0.0405984 -0.0405984 
4.164 2 1 3 0 0.3451 0.2641 0.6609 0.1233 0.305753 0.005829 0.8748 1 2.7434 1  1755 2418 2717 3152 3403 3471 3406 2802  1 1 1 2.42 0 5 0.97 4 7 0 11.48 0 0.874844 1.19079 0 0 -0.238158 -0.0405323 0 -0.0405323 -0.0405323 
4.165 2 1 3 0 0.3459 0.2636 0.6611 0.1234 0.303162 0.005868 0.8832 1 2.7433 1  1771 2409 2699 3170 3398 3458 3407 2800  1 1 1 2.40 0 5 0.97 4 7 0 11.48 0 0.883241 1.17161 0 0 -0.234323 -0.0411259 0 -0.0411259 -0.0411259 
4.166 2 1 3 0 0.3459 0.2631 0.6615 0.1235 0.303162 0.005911 0.8850 1 2.7431 1  1752 2408 2700 3158 3400 3460 3385 2799  1 1 1 2.39 0 5 0.97 4 7 0 11.48 0 0.884953 1.13784 0 0 -0.227569 -0.0413989 0 -0.0413989 -0.0413989 
4.167 2 1 3 0 0.3453 0.2612 0.6617 0.1236 0.305753 0.005984 0.8925 1 2.7424 1  1755 2403 2700 3140 3394 3434 3385 2797  1 1 1 2.36 0 5 0.97 4 7 0 11.49 0 0.892457 1.12464 0 0 -0.224927 -0.0420573 0 -0.0420573 -0.0420573 
4.168 2 1 3 0 0.3436 0.2586 0.6619 0.1237 0.303162 0.006026 0.8949 1 2.7413 1  1758 2401 2701 3148 3395 3448 3402 2794  1 1 1 2.35 0 5 0.97 4 7 0 11.48 0 0.894908 1.10038 0 0 -0.220076 -0.0424734 0 -0.0424734 -0.0424734 
4.169 2 1 3 0 0.3389 0.2521 0.6622 0.1238 0.303162 0.005992 0.9057 1 2.7407 1  1752 2399 2686 3133 3389 3448 3385 2794  1 1 1 2.32 0 5 0.96 4 7 0 11.48 0 0.905671 1.1024 0 0 -0.22048 -0.0434005 0 -0.0434005 -0.0434005 
4.170 2 1 3 0 0.3349 0.2470 0.6624 0.1238 0.300571 0.006002 0.9099 1 2.7402 1  1770 2398 2692 3138 3389 3449 3398 2793  1 1 1 2.31 0 5 0.96 4 7 0 11.48 0 0.909928 1.0878 0 0 -0.217561 -0.0439852 0 -0.0439852 -0.0439852 
4.171 2 1 3 0 0.3309 0.2418 0.6626 0.1239 0.303162 0.005960 0.9132 1 2.7402 1  1742 2399 2692 3122 3388 3455 3400 2794  1 1 1 2.30 0 5 0.96 4 7 0 11.48 0 0.913192 1.07301 0 0 -0.214602 -0.0445484 0 -0.0445484 -0.0445484 
4.172 2 1 3 0 0.3264 0.2365 0.6628 0.1239 0.300571 0.005765 0.9134 1 2.7407 1  1750 2399 2681 3113 3391 3463 3389 2796  1 1 1 2.30 0 5 0.97 4 7 0 11.48 0 0.913386 1.05223 0 0 -0.210447 -0.0449717 0 -0.0449717 -0.0449717 
4.173 2 1 3 0 0.3207 0.2292 0.6632 0.1241 0.300571 0.005527 0.9196 1 2.7399 1  1735 2389 2678 3142 3386 3444 3409 2792  1 1 1 2.28 0 5 0.96 4 7 0 11.48 0 0.91959 1.05068 0 0 -0.210135 -0.0457652 0 -0.0457652 -0.0457652 
4.174 2 1 3 0 0.3143 0.2222 0.6632 0.1241 0.300571 0.005185 0.9166 1 2.7403 1  1735 2381 2681 3135 3391 3446 3414 2795  1 1 1 2.29 0 5 0.96 4 7 0 11.48 0 0.916573 1.02495 0 0 -0.20499 -0.0460589 0 -0.0460589 -0.0460589 
4.175 2 1 3 0 0.3124 0.2186 0.6636 0.1242 0.300571 0.004879 0.9225 1 2.7392 1  1728 2383 2677 3105 3385 3444 3413 2790  1 1 1 2.27 0 5 0.96 4 7 0 11.48 0 0.922451 1.02657 0 0 -0.205314 -0.0468847 0 -0.0468847 -0.0468847 
4.176 2 1 3 0 0.3148 0.2190 0.6638 0.1242 0.297980 0.004688 0.9315 1 2.7381 1  1720 2381 2674 3102 3380 3437 3406 2788  1 1 1 2.23 0 5 0.98 5 7 0 11.49 0 0.931517 1.03747 0 0 -0.207493 -0.0478977 0 -0.0478977 -0.0478977 
4.177 2 1 3 0 0.3201 0.2227 0.6642 0.1244 0.297980 0.004511 0.9373 1 2.7381 1  1737 2371 2666 3120 3380 3430 3393 2790  1 1 1 2.22 0 5 0.97 5 7 0 11.49 0 0.937319 1.0392 0 0 -0.207839 -0.048729 0 -0.048729 -0.048729 
4.178 2 1 3 0 0.3245 0.2246 0.6644 0.1244 0.295389 0.004426 0.9502 1 2.7365 1  1737 2364 2660 3122 3372 3443 3388 2784  1 1 1 2.17 0 5 0.97 5 7 0 11.49 0 0.950176 1.06076 0 0 -0.212151 -0.0499635 0 -0.0499635 -0.0499635 
4.179 2 1 3 0 0.3264 0.2245 0.6645 0.1245 0.297980 0.004366 0.9590 1 2.7349 1  1750 2368 2659 3133 3370 3441 3391 2781  1 1 1 2.14 0 5 0.97 5 7 0 11.49 0 0.959038 1.07023 0 0 -0.214047 -0.0509662 0 -0.0509662 -0.0509662 
4.180 2 1 3 0 0.3297 0.2265 0.6647 0.1245 0.295389 0.004358 0.9610 1 2.7352 1  1734 2363 2652 3108 3373 3439 3359 2785  1 1 1 2.14 0 5 0.97 5 7 0 11.49 0 0.960984 1.06073 0 0 -0.212145 -0.0515852 0 -0.0515852 -0.0515852 
4.181 2 1 3 0 0.3329 0.2280 0.6651 0.1247 0.295389 0.004383 0.9668 1 2.7345 1  1757 2360 2650 3122 3369 3450 3379 2782  1 1 1 2.12 0 5 0.97 5 7 0 11.49 0 0.966781 1.06327 0 0 -0.212655 -0.0524381 0 -0.0524381 -0.0524381 
4.182 2 1 3 0 0.3364 0.2301 0.6655 0.1248 0.295389 0.004306 0.9699 1 2.7347 1  1721 2358 2648 3102 3369 3437 3382 2784  1 1 1 2.11 0 5 0.97 5 7 0 11.49 0 0.96993 1.05902 0 0 -0.211803 -0.0531501 0 -0.0531501 -0.0531501 
4.183 2 1 3 0 0.3371 0.2295 0.6657 0.1248 0.292797 0.004179 0.9721 1 2.7351 1  1740 2360 2643 3087 3369 3437 3368 2785  1 1 1 2.10 0 5 0.97 5 7 0 11.49 0 0.972137 1.05317 0 0 -0.210634 -0.0538218 0 -0.0538218 -0.0538218 
4.184 2 1 3 0 0.3367 0.2287 0.6659 0.1249 0.295389 0.004036 0.9660 1 2.7366 1  1725 2356 2655 3083 3374 3438 3369 2790  1 1 1 2.13 0 5 0.97 5 7 0 11.49 0 0.965991 1.02556 0 0 -0.205113 -0.0540394 0 -0.0540394 -0.0540394 
4.185 2 1 3 0 0.3361 0.2271 0.6661 0.1249 0.292797 0.003941 0.9642 1 2.7368 1  1740 2351 2637 3074 3375 3438 3360 2788  1 1 1 2.13 0 5 0.97 5 7 0 11.49 0 0.96417 1.01265 0 0 -0.202529 -0.0545287 0 -0.0545287 -0.0545287 
4.186 2 1 3 0 0.3391 0.2280 0.6665 0.1251 0.292797 0.003913 0.9709 1 2.7369 1  1732 2346 2621 3086 3370 3433 3363 2788  1 1 1 2.11 0 5 0.97 5 7 0 11.48 0 0.97089 1.02455 0 0 -0.20491 -0.0555103 0 -0.0555103 -0.0555103 
4.187 2 1 3 0 0.3473 0.2337 0.6667 0.1251 0.290206 0.003907 0.9826 1 2.7359 1  1730 2336 2625 3069 3362 3439 3360 2784  1 1 1 2.07 0 5 0.97 5 7 0 11.48 0 0.982627 1.04948 0 0 -0.209895 -0.0567652 0 -0.0567652 -0.0567652 
4.188 2 1 3 0 0.3534 0.2375 0.6670 0.1252 0.290206 0.003944 0.9933 1 2.7351 1  1705 2330 2623 3077 3358 3421 3388 2783  1 1 1 2.04 0 5 0.97 5 7 0 11.49 0 0.993272 1.06966 0 0 -0.213932 -0.0579417 0 -0.0579417 -0.0579417 
4.189 2 1 3 0 0.3568 0.2391 0.6670 0.1252 0.290206 0.003989 0.9996 1 2.7329 1  1701 2328 2614 3070 3358 3425 3392 2776  1 1 1 2.01 0 5 0.97 5 7 0 11.50 0 0.999558 1.07665 0 0 -0.215331 -0.0588627 0 -0.0588627 -0.0588627 
4.190 2 1 3 0 0.3541 0.2354 0.6674 0.1254 0.290206 0.004034 0.9981 1 2.7326 1  1690 2322 2614 3063 3362 3436 3373 2779  1 1 1 2.02 0 5 0.97 5 7 0 11.49 0 0.998149 1.06253 0 0 -0.212505 -0.0593542 0 -0.0593542 -0.0593542 
4.191 2 1 3 0 0.3565 0.2366 0.6678 0.1255 0.290206 0.004066 0.9981 1 2.7332 1  1694 2323 2608 3088 3362 3416 3374 2782  1 1 1 2.02 0 5 0.97 5 7 0 11.49 0 0.998074 1.05374 0 0 -0.210747 -0.0599383 0 -0.0599383 -0.0599383 
4.192 2 1 3 0 0.3605 0.2393 0.6680 0.1255 0.287615 0.004088 0.9993 1 2.7332 1  1700 2316 2607 3079 3361 3425 3375 2781  1 1 1 2.02 0 5 0.97 5 7 0 11.48 0 0.999256 1.04954 0 0 -0.209909 -0.0606047 0 -0.0606047 -0.0606047 
4.193 2 1 3 0 0.3650 0.2414 0.6684 0.1256 0.287615 0.004170 1.0091 1 2.7327 1  1713 2321 2604 3064 3353 3434 3376 2779  1 1 1 1.99 0 5 0.97 5 7 0 11.48 0 1.00911 1.06978 0 0 -0.213955 -0.0617631 0 -0.0617631 -0.0617631 
4.194 2 1 3 0 0.3669 0.2429 0.6684 0.1256 0.287615 0.004286 1.0029 1 2.7325 1  1681 2311 2603 3057 3363 3429 3366 2779  1 1 1 2.00 0 5 0.96 5 7 0 11.48 0 1.00292 1.04475 0 0 -0.208951 -0.0620105 0 -0.0620105 -0.0620105 
4.195 2 1 3 0 0.3635 0.2389 0.6688 0.1258 0.287615 0.004315 0.9972 1 2.7313 1  1682 2315 2607 3055 3365 3426 3364 2775  1 1 1 2.02 0 5 0.96 5 7 0 11.48 0 0.997231 1.02364 0 0 -0.204728 -0.0623116 0 -0.0623116 -0.0623116 
4.196 2 1 3 0 0.3604 0.2342 0.6692 0.1259 0.287615 0.004307 0.9999 1 2.7301 1  1695 2316 2596 3049 3361 3437 3374 2773  1 1 1 2.01 0 5 0.96 5 7 0 11.48 0 0.999939 1.02752 0 0 -0.205504 -0.0631012 0 -0.0631012 -0.0631012 
4.197 2 1 3 0 0.3583 0.2302 0.6694 0.1259 0.285024 0.004216 1.0051 1 2.7306 1  1691 2315 2591 3057 3358 3437 3379 2777  1 1 1 1.99 0 5 0.97 5 7 0 11.46 0 1.00507 1.03787 0 0 -0.207574 -0.0640232 0 -0.0640232 -0.0640232 
4.198 2 1 3 0 0.3573 0.2281 0.6695 0.1260 0.287615 0.004040 1.0038 1 2.7298 1  1709 2310 2596 3047 3361 3443 3371 2773  1 1 1 1.99 0 5 0.98 5 6 0 11.47 0 1.00384 1.03014 0 0 -0.206027 -0.064581 0 -0.064581 -0.064581 
4.199 2 1 3 0 0.3540 0.2229 0.6697 0.1260 0.285024 0.003877 1.0099 1 2.7297 1  1691 2299 2595 3047 3355 3437 3372 2774  1 1 1 1.97 0 5 0.98 5 6 0 11.48 0 1.00995 1.04332 0 0 -0.208663 -0.065556 0 -0.065556 -0.065556 
4.200 2 1 3 0 0.3496 0.2162 0.6701 0.1261 0.285024 0.003606 1.0192 1 2.7296 1  1686 2298 2588 3065 3350 3433 3397 2774  1 1 1 1.95 0 5 0.98 5 6 0 11.49 0 1.01921 1.0642 0 0 -0.212839 -0.0666967 0 -0.0666967 -0.0666967 
4.201 2 1 3 0 0.3471 0.2128 0.6703 0.1262 0.282433 0.003369 1.0162 1 2.7301 1  1684 2295 2586 3052 3357 3428 3406 2776  1 1 1 1.96 0 5 0.98 5 6 0 11.48 0 1.01622 1.05002 0 0 -0.210004 -0.0671357 0 -0.0671357 -0.0671357 
4.202 2 1 3 0 0.3447 0.2108 0.6705 0.1263 0.285024 0.003143 1.0018 1 2.7306 1  1690 2301 2595 3071 3368 3446 3393 2777  1 1 1 2.00 0 5 0.99 5 6 0 11.48 0 1.00184 1.00621 0 0 -0.201243 -0.0669525 0 -0.0669525 -0.0669525 
4.203 2 1 3 0 0.3499 0.2140 0.6709 0.1264 0.285024 0.002975 1.0079 1 2.7293 1  1692 2299 2594 3056 3356 3448 3393 2771  1 1 1 1.98 0 5 0.99 5 6 0 11.49 0 1.00791 1.0222 0 0 -0.204441 -0.0679492 0 -0.0679492 -0.0679492 
4.204 2 1 3 0 0.3545 0.2169 0.6711 0.1264 0.282433 0.002990 1.0112 1 2.7297 1  1704 2295 2591 3105 3356 3430 3396 2775  1 1 1 1.97 0 5 0.99 5 6 0 11.49 0 1.01124 1.02941 0 0 -0.205883 -0.0687774 0 -0.0687774 -0.0687774 
4.205 2 1 3 0 0.3586 0.2192 0.6715 0.1265 0.282433 0.003075 1.0165 1 2.7307 1  1671 2297 2588 3085 3353 3430 3382 2778  1 1 1 1.96 0 5 0.99 5 6 0 11.49 0 1.0165 1.04138 0 0 -0.208275 -0.0697058 0 -0.0697058 -0.0697058 
4.206 2 1 3 0 0.3645 0.2230 0.6717 0.1266 0.279842 0.003262 1.0239 1 2.7323 1  1686 2294 2585 3064 3349 3426 3367 2782  1 1 1 1.94 0 5 0.98 5 6 0 11.47 0 1.02385 1.05814 0 0 -0.211628 -0.0707397 0 -0.0707397 -0.0707397 
4.207 2 1 3 0 0.3725 0.2278 0.6721 0.1267 0.279842 0.003449 1.0412 1 2.7263 1  1666 2285 2568 3041 3338 3410 3347 2757  1 1 1 1.87 0 5 0.97 5 6 0 11.48 0 1.04118 1.10093 0 0 -0.220187 -0.0723176 0 -0.0723176 -0.0723176 
4.208 2 1 3 0 0.3777 0.2320 0.6721 0.1267 0.279842 0.003586 1.0401 1 2.7255 1  1709 2288 2578 3058 3346 3410 3348 2765  1 1 1 1.87 0 5 0.97 5 6 0 11.49 0 1.0401 1.09 0 0 -0.218001 -0.0728315 0 -0.0728315 -0.0728315 
4.209 2 1 3 0 0.3811 0.2341 0.6724 0.1268 0.279842 0.003703 1.0408 1 2.7253 1  1673 2289 2576 3040 3345 3412 3365 2766  1 1 1 1.87 0 5 0.97 5 6 0 11.49 0 1.04082 1.08533 0 0 -0.217067 -0.0734601 0 -0.0734601 -0.0734601 
4.210 2 1 3 0 0.3792 0.2305 0.6726 0.1269 0.277251 0.003752 1.0465 1 2.7252 1  1674 2270 2581 3063 3340 3419 3347 2766  1 1 1 1.85 0 5 0.97 5 6 0 11.49 0 1.0465 1.09493 0 0 -0.218985 -0.0743725 0 -0.0743725 -0.0743725 
4.211 2 1 3 0 0.3789 0.2294 0.6730 0.1270 0.277251 0.003760 1.0426 1 2.7255 1  1692 2284 2596 3027 3345 3424 3363 2767  1 1 1 1.86 0 5 0.97 5 6 0 11.49 0 1.04263 1.07788 0 0 -0.215575 -0.0747451 0 -0.0747451 -0.0747451 
4.212 2 1 3 0 0.3783 0.2279 0.6732 0.1270 0.274659 0.003694 1.0395 1 2.7262 1  1697 2291 2580 3052 3347 3432 3372 2769  1 1 1 1.87 0 5 0.97 5 6 0 11.48 0 1.03953 1.0647 0 0 -0.21294 -0.075178 0 -0.075178 -0.075178 
4.213 2 1 3 0 0.3767 0.2259 0.6734 0.1271 0.277251 0.003588 1.0324 1 2.7257 1  1716 2265 2580 3022 3352 3418 3359 2766  1 1 1 1.89 0 5 0.97 5 6 0 11.48 0 1.03237 1.04177 0 0 -0.208354 -0.0753962 0 -0.0753962 -0.0753962 
4.214 2 1 3 0 0.3763 0.2252 0.6736 0.1271 0.274659 0.003481 1.0238 1 2.7271 1  1648 2286 2574 3053 3357 3426 3376 2772  1 1 1 1.92 0 5 0.97 5 6 0 11.48 0 1.02377 1.01703 0 0 -0.203405 -0.0755534 0 -0.0755534 -0.0755534 
4.215 2 1 3 0 0.3750 0.2217 0.6740 0.1273 0.274659 0.003340 1.0314 1 2.7278 1  1657 2279 2578 3047 3346 3436 3379 2772  1 1 1 1.90 0 5 0.98 5 6 0 11.48 0 1.03135 1.03864 0 0 -0.207728 -0.0766331 0 -0.0766331 -0.0766331 
4.216 2 1 3 0 0.3733 0.2190 0.6742 0.1273 0.272068 0.003236 1.0288 1 2.7276 1  1655 2279 2574 3036 3352 3419 3370 2770  1 1 1 1.91 0 5 0.98 5 6 0 11.48 0 1.0288 1.03071 0 0 -0.206141 -0.0771246 0 -0.0771246 -0.0771246 
4.217 2 1 3 0 0.3710 0.2156 0.6746 0.1274 0.272068 0.003044 1.0281 1 2.7288 1  1686 2284 2581 3047 3351 3419 3365 2775  1 1 1 1.92 0 5 0.97 5 6 0 11.48 0 1.02809 1.02851 0 0 -0.205701 -0.0777231 0 -0.0777231 -0.0777231 
4.218 2 1 3 0 0.3679 0.2104 0.6748 0.1275 0.274659 0.002766 1.0349 1 2.7265 1  1665 2279 2574 3067 3345 3417 3362 2764  1 1 1 1.89 0 5 0.97 5 6 0 11.49 0 1.03495 1.04719 0 0 -0.209439 -0.0787436 0 -0.0787436 -0.0787436 
4.219 2 1 3 0 0.3640 0.2049 0.6750 0.1275 0.272068 0.002522 1.0389 1 2.7250 1  1674 2283 2567 3055 3345 3425 3376 2763  1 1 1 1.87 0 5 0.97 5 6 0 11.48 0 1.03888 1.05632 0 0 -0.211264 -0.0795821 0 -0.0795821 -0.0795821 
4.220 2 1 3 0 0.3625 0.2017 0.6753 0.1276 0.272068 0.002298 1.0423 1 2.7251 1  1672 2249 2562 3033 3344 3419 3336 2766  1 1 1 1.86 0 5 0.97 5 6 0 11.49 0 1.0423 1.06333 0 0 -0.212665 -0.080382 0 -0.080382 -0.080382 
4.221 2 1 3 0 0.3644 0.2024 0.6755 0.1277 0.269477 0.002224 1.0428 1 2.7254 1  1671 2272 2563 3040 3345 3434 3372 2767  1 1 1 1.86 0 5 0.97 5 6 0 11.48 0 1.04282 1.06194 0 0 -0.212387 -0.0810134 0 -0.0810134 -0.0810134 
4.222 2 1 3 0 0.3640 0.2002 0.6757 0.1277 0.272068 0.002128 1.0479 1 2.7245 1  1676 2252 2557 3027 3341 3404 3360 2763  1 1 1 1.84 0 5 0.97 5 6 0 11.48 0 1.0479 1.0733 0 0 -0.214659 -0.081901 0 -0.081901 -0.081901 
4.223 2 1 3 0 0.3603 0.1963 0.6759 0.1278 0.269477 0.001898 1.0385 1 2.7254 1  1665 2277 2554 3034 3352 3419 3385 2768  1 1 1 1.88 0 5 0.97 5 6 0 11.48 0 1.03853 1.04429 0 0 -0.208859 -0.08197 0 -0.08197 -0.08197 
4.224 2 1 3 0 0.3570 0.1917 0.6763 0.1279 0.269477 0.001672 1.0388 1 2.7253 1  1662 2264 2546 3025 3348 3423 3372 2766  1 1 1 1.87 0 5 0.97 5 6 0 11.48 0 1.03882 1.04431 0 0 -0.208861 -0.0826031 0 -0.0826031 -0.0826031 
4.225 2 1 3 0 0.3587 0.1933 0.6765 0.1280 0.266886 0.001450 1.0289 1 2.7255 1  1684 2262 2552 3021 3357 3427 3365 2767  1 1 1 1.90 0 5 0.97 5 6 0 11.48 0 1.02888 1.01641 0 0 -0.203282 -0.0826624 0 -0.0826624 -0.0826624 
4.226 2 1 3 0 0.3659 0.1976 0.6769 0.1281 0.266886 0.001350 1.0435 1 2.7248 1  1664 2269 2549 3024 3339 3424 3375 2764  1 1 1 1.86 0 5 0.98 5 6 0 11.49 0 1.04349 1.05801 0 0 -0.211601 -0.0841146 0 -0.0841146 -0.0841146 
4.227 2 1 3 0 0.3747 0.2046 0.6769 0.1281 0.266886 0.001376 1.0489 1 2.7236 1  1677 2258 2546 3003 3341 3418 3370 2761  1 1 1 1.84 0 5 0.97 5 6 0 11.49 0 1.04888 1.07081 0 0 -0.214162 -0.0850123 0 -0.0850123 -0.0850123 
4.228 2 1 3 0 0.3803 0.2081 0.6773 0.1282 0.266886 0.001434 1.0574 1 2.7236 1  1663 2251 2541 3032 3336 3412 3381 2763  1 1 1 1.81 0 5 0.97 5 6 0 11.49 0 1.05735 1.09104 0 0 -0.218209 -0.0860702 0 -0.0860702 -0.0860702 
4.229 2 1 3 0 0.3818 0.2089 0.6775 0.1282 0.264295 0.001502 1.0540 1 2.7233 1  1667 2255 2540 3029 3343 3408 3378 2762  1 1 1 1.82 0 5 0.97 5 6 0 11.49 0 1.05398 1.07733 0 0 -0.215465 -0.0864487 0 -0.0864487 -0.0864487 
4.230 2 1 3 0 0.3819 0.2049 0.6779 0.1283 0.264295 0.001493 1.0801 1 2.7226 1  1656 2241 2536 3027 3318 3415 3371 2760  1 1 1 1.74 0 5 0.97 5 6 0 11.49 0 1.08013 1.14569 0 0 -0.229138 -0.0884902 0 -0.0884902 -0.0884902 
4.231 2 1 3 0 0.3836 0.2062 0.6781 0.1284 0.261704 0.001437 1.0743 1 2.7231 1  1677 2242 2536 3033 3335 3410 3359 2763  1 1 1 1.76 0 5 0.97 5 6 0 11.49 0 1.0743 1.12101 0 0 -0.224203 -0.0886871 0 -0.0886871 -0.0886871 
4.232 2 1 3 0 0.3902 0.2110 0.6784 0.1285 0.261704 0.001383 1.0804 1 2.7236 1  1672 2242 2534 3010 3327 3409 3372 2764  1 1 1 1.74 0 5 0.97 5 6 0 11.49 0 1.08041 1.13148 0 0 -0.226297 -0.0895771 0 -0.0895771 -0.0895771 
4.233 2 1 3 0 0.3958 0.2164 0.6786 0.1285 0.259113 0.001344 1.0725 1 2.7233 1  1679 2220 2530 3024 3337 3420 3362 2762  1 1 1 1.77 0 5 0.97 5 6 0 11.49 0 1.07251 1.10309 0 0 -0.220617 -0.0896782 0 -0.0896782 -0.0896782 
4.234 2 1 3 0 0.3987 0.2182 0.6790 0.1286 0.259113 0.001351 1.0719 1 2.7223 1  1670 2245 2531 3019 3334 3416 3354 2759  1 1 1 1.77 0 5 0.97 5 6 0 11.49 0 1.07186 1.09724 0 0 -0.219448 -0.0902118 0 -0.0902118 -0.0902118 
4.235 2 1 3 0 0.3989 0.2168 0.6792 0.1287 0.256522 0.001367 1.0763 1 2.7215 1  1663 2246 2524 3004 3330 3415 3361 2758  1 1 1 1.75 0 5 0.97 5 6 0 11.49 0 1.07626 1.10586 0 0 -0.221172 -0.0910326 0 -0.0910326 -0.0910326 
4.236 2 1 3 0 0.4004 0.2176 0.6796 0.1288 0.256522 0.001388 1.0735 1 2.7212 1  1673 2246 2513 3023 3335 3416 3349 2758  1 1 1 1.76 0 5 0.97 5 6 0 11.49 0 1.07345 1.09425 0 0 -0.21885 -0.0914442 0 -0.0914442 -0.0914442 
4.237 2 1 3 0 0.4054 0.2208 0.6796 0.1288 0.256522 0.001471 1.0782 1 2.7210 1  1668 2241 2521 2992 3329 3416 3370 2758  1 1 1 1.74 0 5 0.97 5 6 0 11.48 0 1.07824 1.10456 0 0 -0.220912 -0.0922906 0 -0.0922906 -0.0922906 
4.238 2 1 3 0 0.4099 0.2241 0.6800 0.1289 0.256522 0.001621 1.0786 1 2.7214 1  1674 2232 2517 2973 3331 3417 3362 2760  1 1 1 1.74 0 5 0.97 5 6 0 11.49 0 1.07862 1.1021 0 0 -0.220419 -0.0928816 0 -0.0928816 -0.0928816 
4.239 2 1 3 0 0.4113 0.2234 0.6802 0.1289 0.253930 0.001662 1.0877 1 2.7216 1  1659 2221 2515 3001 3323 3416 3366 2760  1 1 1 1.72 0 5 0.97 5 6 0 11.48 0 1.08765 1.12365 0 0 -0.224729 -0.0939584 0 -0.0939584 -0.0939584 
4.240 2 1 3 0 0.4067 0.2177 0.6806 0.1290 0.253930 0.001646 1.0879 1 2.7226 1  1649 2230 2510 2975 3327 3414 3380 2763  1 1 1 1.72 0 5 0.97 5 6 0 11.48 0 1.08795 1.11966 0 0 -0.223933 -0.0945292 0 -0.0945292 -0.0945292 
4.241 2 1 3 0 0.3981 0.2084 0.6810 0.1291 0.253930 0.001576 1.0840 1 2.7222 1  1656 2235 2504 2983 3331 3415 3368 2760  1 1 1 1.73 0 5 0.97 5 6 0 11.48 0 1.08396 1.10453 0 0 -0.220906 -0.0948652 0 -0.0948652 -0.0948652 
4.242 2 1 3 0 0.3907 0.2005 0.6810 0.1291 0.253930 0.001291 1.0779 1 2.7223 1  1654 2225 2500 3010 3335 3406 3376 2761  1 1 1 1.75 0 5 0.97 5 6 0 11.47 0 1.07786 1.08512 0 0 -0.217024 -0.0950968 0 -0.0950968 -0.0950968 
4.243 2 1 3 0 0.3850 0.1952 0.6814 0.1292 0.253930 0.000961 1.0638 1 2.7227 1  1642 2230 2511 3003 3345 3424 3385 2762  1 1 1 1.79 0 5 0.98 5 6 0 11.48 0 1.06379 1.04569 0 0 -0.209137 -0.0948986 0 -0.0948986 -0.0948986 
4.244 2 1 3 0 0.3791 0.1879 0.6815 0.1293 0.251339 0.000533 1.0645 1 2.7236 1  1664 2220 2504 2992 3338 3420 3375 2765  1 1 1 1.79 0 5 0.98 5 6 0 11.48 0 1.0645 1.05004 0 0 -0.210009 -0.0955575 0 -0.0955575 -0.0955575 
4.245 2 1 3 0 0.3763 0.1827 0.6819 0.1294 0.251339 0.000098 1.0757 1 2.7230 1  1671 2218 2498 2980 3328 3418 3369 2761  1 1 1 1.76 0 5 0.97 5 6 0 11.48 0 1.07568 1.08253 0 0 -0.216506 -0.0967927 0 -0.0967927 -0.0967927 
4.246 2 1 3 0 0.3754 0.1810 0.6821 0.1294 0.248748 -0.000231 1.0728 1 2.7227 1  1644 2214 2499 2962 3336 3409 3355 2761  1 1 1 1.76 0 5 0.97 5 6 0 11.48 0 1.07277 1.07365 0 0 -0.21473 -0.0972081 0 -0.0972081 -0.0972081 
4.247 2 1 3 0 0.3760 0.1798 0.6823 0.1295 0.251339 -0.000588 1.0788 1 2.7215 1  1646 2214 2497 2987 3329 3409 3350 2757  1 1 1 1.74 0 5 0.97 5 6 0 11.49 0 1.0788 1.09001 0 0 -0.218003 -0.0981289 0 -0.0981289 -0.0981289 
4.248 2 1 3 0 0.3789 0.1804 0.6825 0.1295 0.248748 -0.000834 1.0884 1 2.7206 1  1643 2192 2493 2987 3323 3406 3354 2756  1 1 1 1.71 0 5 0.96 5 6 0 11.49 0 1.08837 1.11468 0 0 -0.222936 -0.0992311 0 -0.0992311 -0.0992311 
4.249 2 1 3 0 0.3783 0.1782 0.6829 0.1296 0.248748 -0.001030 1.0934 1 2.7198 1  1660 2204 2486 2995 3323 3408 3344 2755  1 1 1 1.69 0 5 0.96 5 6 0 11.50 0 1.09338 1.12489 0 0 -0.224977 -0.100057 0 -0.100057 -0.100057 
4.250 2 1 3 0 0.3829 0.1817 0.6831 0.1297 0.246157 -0.001153 1.0936 1 2.7197 1  1660 2202 2491 2980 3325 3413 3361 2756  1 1 1 1.69 0 5 0.96 5 6 0 11.47 0 1.09359 1.12125 0 0 -0.22425 -0.100606 0 -0.100606 -0.100606 
4.251 2 1 3 0 0.3880 0.1861 0.6833 0.1297 0.243566 -0.001109 1.0905 1 2.7200 1  1638 2213 2490 2986 3328 3410 3358 2757  1 1 1 1.70 0 5 0.96 5 6 0 11.48 0 1.09052 1.10917 0 0 -0.221833 -0.100975 0 -0.100975 -0.100975 
4.252 2 1 3 0 0.3950 0.1903 0.6837 0.1298 0.243566 -0.001004 1.1052 1 2.7195 1  1649 2197 2485 2975 3313 3411 3367 2755  1 1 1 1.66 0 5 0.97 5 6 0 11.49 0 1.10523 1.1469 0 0 -0.22938 -0.10235 0 -0.10235 -0.10235 
4.253 2 1 3 0 0.3982 0.1950 0.6839 0.1299 0.240975 -0.000848 1.0827 1 2.7221 1  1655 2214 2484 2997 3341 3416 3369 2765  1 1 1 1.73 0 5 0.97 5 6 0 11.49 0 1.08272 1.07981 0 0 -0.215962 -0.101611 0 -0.101611 -0.101611 
4.254 2 1 3 0 0.4008 0.1977 0.6843 0.1300 0.240975 -0.000776 1.0715 1 2.7228 1  1624 2222 2489 2968 3341 3419 3391 2763  1 1 1 1.77 0 5 0.98 5 6 0 11.49 0 1.07154 1.04964 0 0 -0.209928 -0.101565 0 -0.101565 -0.101565 
4.255 2 1 3 0 0.4029 0.1979 0.6843 0.1300 0.240975 -0.000787 1.0776 1 2.7223 1  1650 2207 2484 2981 3330 3419 3380 2760  1 1 1 1.75 0 5 0.98 5 6 0 11.49 0 1.07759 1.0691 0 0 -0.213821 -0.102503 0 -0.102503 -0.102503 
4.256 2 1 3 0 0.4072 0.2012 0.6845 0.1300 0.238384 -0.000778 1.0756 1 2.7202 1  1620 2207 2480 2974 3335 3417 3402 2753  1 1 1 1.75 0 5 0.98 5 6 0 11.49 0 1.07559 1.06476 0 0 -0.212953 -0.10297 0 -0.10297 -0.10297 
4.257 2 1 3 0 0.4074 0.1994 0.6849 0.1301 0.238384 -0.000871 1.0839 1 2.7207 1  1629 2199 2482 2965 3326 3415 3363 2759  1 1 1 1.73 0 5 0.97 5 6 0 11.49 0 1.08386 1.08881 0 0 -0.217762 -0.10401 0 -0.10401 -0.10401 
4.258 2 1 3 0 0.4030 0.1943 0.6851 0.1302 0.235792 -0.001072 1.0798 1 2.7191 1  1643 2201 2479 2999 3334 3416 3354 2752  1 1 1 1.73 0 5 0.97 5 6 0 11.50 0 1.07979 1.07701 0 0 -0.215402 -0.104336 0 -0.104336 -0.104336 
4.259 2 1 3 0 0.4018 0.1914 0.6854 0.1303 0.235792 -0.001260 1.0851 1 2.7163 1  1603 2189 2478 2998 3327 3416 3359 2745  1 1 1 1.71 0 5 0.97 5 6 0 11.49 0 1.08507 1.09181 0 0 -0.218362 -0.105192 0 -0.105192 -0.105192 
4.260 2 1 3 0 0.4046 0.1934 0.6856 0.1303 0.233201 -0.001432 1.0825 1 2.7160 1  1603 2177 2478 2983 3332 3412 3368 2749  1 1 1 1.72 0 5 0.97 5 6 0 11.49 0 1.0825 1.08391 0 0 -0.216781 -0.105595 0 -0.105595 -0.105595 
4.261 2 1 3 0 0.4058 0.1911 0.6860 0.1304 0.233201 -0.001571 1.1046 1 2.7159 1  1627 2186 2468 2988 3310 3412 3334 2749  1 1 1 1.65 0 5 0.96 5 6 0 11.49 0 1.1046 1.14413 0 0 -0.228826 -0.107381 0 -0.107381 -0.107381 
4.262 2 1 3 0 0.4037 0.1870 0.6862 0.1305 0.230610 -0.001700 1.1125 1 2.7152 1  1624 2149 2472 2983 3313 3420 3372 2747  1 1 1 1.62 0 5 0.97 5 6 0 11.49 0 1.1125 1.16044 0 0 -0.232089 -0.108321 0 -0.108321 -0.108321 
4.263 2 1 3 0 0.3979 0.1828 0.6864 0.1305 0.233201 -0.001951 1.0898 1 2.7197 1  1639 2152 2478 2958 3338 3419 3368 2764  1 1 1 1.70 0 5 0.97 5 6 0 11.49 0 1.08981 1.09204 0 0 -0.218408 -0.107539 0 -0.107539 -0.107539 
4.264 2 1 3 0 0.3933 0.1770 0.6866 0.1305 0.230610 -0.002274 1.0913 1 2.7152 1  1592 2150 2473 2996 3326 3413 3373 2740  1 1 1 1.69 0 5 0.97 5 6 0 11.49 0 1.09129 1.09578 0 0 -0.219156 -0.108169 0 -0.108169 -0.108169 
4.265 2 1 3 0 0.3912 0.1740 0.6870 0.1306 0.230610 -0.002580 1.0900 1 2.7166 1  1622 2174 2470 2996 3328 3418 3370 2753  1 1 1 1.69 0 5 0.97 5 6 0 11.49 0 1.09004 1.09175 0 0 -0.218351 -0.10864 0 -0.10864 -0.10864 
4.266 2 1 3 0 0.3904 0.1720 0.6872 0.1307 0.228019 -0.002824 1.0904 1 2.7159 1  1624 2172 2471 2979 3327 3417 3361 2748  1 1 1 1.69 0 5 0.97 5 6 0 11.49 0 1.09042 1.09257 0 0 -0.218514 -0.109204 0 -0.109204 -0.109204 
4.267 2 1 3 0 0.3885 0.1691 0.6876 0.1308 0.228019 -0.003032 1.0898 1 2.7133 1  1605 2166 2464 2986 3328 3414 3372 2740  1 1 1 1.69 0 5 0.97 5 6 0 11.50 0 1.0898 1.09058 0 0 -0.218115 -0.109708 0 -0.109708 -0.109708 
4.268 2 1 3 0 0.3925 0.1717 0.6878 0.1308 0.225428 -0.003173 1.0927 1 2.7134 1  1607 2168 2461 2995 3325 3414 3362 2745  1 1 1 1.68 0 5 0.97 5 6 0 11.49 0 1.09267 1.09834 0 0 -0.219668 -0.110408 0 -0.110408 -0.110408 
4.269 2 1 3 0 0.3943 0.1714 0.6880 0.1309 0.228019 -0.003310 1.1014 1 2.7126 1  1643 2172 2459 2957 3318 3411 3352 2742  1 1 1 1.65 0 5 0.97 5 6 0 11.49 0 1.10142 1.12149 0 0 -0.224299 -0.111426 0 -0.111426 -0.111426 
4.270 2 1 3 0 0.3970 0.1720 0.6882 0.1309 0.225428 -0.003539 1.1111 1 2.7090 1  1628 2158 2457 2963 3313 3416 3373 2731  1 1 1 1.61 0 5 0.97 5 6 0 11.49 0 1.1111 1.14526 0 0 -0.229053 -0.112475 0 -0.112475 -0.112475 
4.271 2 1 3 0 0.3950 0.1701 0.6884 0.1310 0.222837 -0.003761 1.1022 1 2.7121 1  1612 2160 2461 2987 3326 3420 3352 2748  1 1 1 1.64 0 5 0.97 5 6 0 11.50 0 1.10224 1.11651 0 0 -0.223302 -0.112468 0 -0.112468 -0.112468 
4.272 2 1 3 0 0.3928 0.1686 0.6888 0.1310 0.222837 -0.003959 1.0866 1 2.7125 1  1600 2162 2458 2995 3337 3422 3376 2744  1 1 1 1.69 0 5 0.97 5 6 0 11.48 0 1.08665 1.07198 0 0 -0.214395 -0.112111 0 -0.112111 -0.112111 
4.273 2 1 3 0 0.3972 0.1735 0.6890 0.1311 0.220246 -0.004062 1.0727 1 2.7147 1  1599 2161 2464 2987 3343 3430 3357 2751  1 1 1 1.74 0 5 0.97 5 6 0 11.49 0 1.07273 1.03588 0 0 -0.207176 -0.111883 0 -0.111883 -0.111883 
4.274 2 1 3 0 0.4082 0.1833 0.6894 0.1312 0.220246 -0.004090 1.0727 1 2.7124 1  1612 2169 2467 2986 3336 3430 3381 2739  1 1 1 1.73 0 5 0.98 5 6 0 11.49 0 1.0727 1.04071 0 0 -0.208142 -0.112457 0 -0.112457 -0.112457 
4.275 2 1 3 0 0.4127 0.1876 0.6896 0.1312 0.217655 -0.004126 1.0640 1 2.7118 1  1612 2163 2461 2985 3345 3423 3370 2741  1 1 1 1.76 0 5 0.98 5 6 0 11.49 0 1.06396 1.02109 0 0 -0.204218 -0.112533 0 -0.112533 -0.112533 
4.276 2 1 3 0 0.4146 0.1872 0.6898 0.1313 0.215063 -0.004157 1.0748 1 2.7101 1  1616 2168 2455 2991 3330 3420 3362 2736  1 1 1 1.72 0 5 0.97 5 6 0 11.49 0 1.0748 1.05643 0 0 -0.211286 -0.113713 0 -0.113713 -0.113713 
4.277 2 1 3 0 0.4151 0.1884 0.6901 0.1313 0.215063 -0.004193 1.0581 1 2.7115 1  1595 2165 2461 3005 3352 3422 3376 2744  1 1 1 1.77 0 5 0.98 5 6 0 11.49 0 1.05814 1.01334 0 0 -0.202668 -0.113318 0 -0.113318 -0.113318 
4.278 2 1 3 0 0.4178 0.1906 0.6903 0.1314 0.212472 -0.004212 1.0529 1 2.7102 1  1613 2166 2460 2989 3349 3420 3363 2737  1 1 1 1.79 0 5 0.97 5 6 0 11.49 0 1.0529 1.005 0 0 -0.200999 -0.113593 0 -0.113593 -0.113593 
4.279 2 1 3 0 0.4226 0.1921 0.6907 0.1315 0.212472 -0.004227 1.0720 1 2.7055 1  1606 2168 2458 2983 3327 3420 3362 2723  1 1 1 1.72 0 5 0.97 5 6 0 11.50 0 1.07202 1.06364 0 0 -0.212728 -0.115228 0 -0.115228 -0.115228 
4.280 2 1 3 0 0.4260 0.1958 0.6909 0.1315 0.209881 -0.004275 1.0605 1 2.7069 1  1597 2177 2466 3002 3348 3414 3359 2736  1 1 1 1.75 0 5 0.97 5 6 0 11.49 0 1.06045 1.03315 0 0 -0.206629 -0.115091 0 -0.115091 -0.115091 
4.281 2 1 3 0 0.4262 0.1955 0.6913 0.1316 0.209881 -0.004339 1.0557 1 2.7082 1  1601 2193 2465 3007 3347 3416 3358 2738  1 1 1 1.77 0 5 0.97 5 6 0 11.49 0 1.05573 1.02389 0 0 -0.204777 -0.115358 0 -0.115358 -0.115358 
4.282 2 1 3 0 0.4264 0.1925 0.6915 0.1316 0.207290 -0.004367 1.0751 1 2.7054 1  1595 2173 2468 2991 3325 3421 3365 2726  1 1 1 1.71 0 5 0.97 5 6 0 11.49 0 1.07512 1.08112 0 0 -0.216224 -0.116975 0 -0.116975 -0.116975 
4.283 2 1 3 0 0.4267 0.1938 0.6919 0.1317 0.207290 -0.004391 1.0578 1 2.7066 1  1600 2171 2469 3001 3352 3421 3363 2735  1 1 1 1.76 0 5 0.97 5 6 0 11.49 0 1.05781 1.03302 0 0 -0.206605 -0.116486 0 -0.116486 -0.116486 
4.284 2 1 3 0 0.4265 0.1915 0.6921 0.1318 0.204699 -0.004509 1.0668 1 2.7019 1  1603 2187 2476 3001 3334 3427 3363 2717  1 1 1 1.72 0 5 0.97 5 6 0 11.49 0 1.0668 1.06088 0 0 -0.212176 -0.117505 0 -0.117505 -0.117505 
4.285 2 1 3 0 0.4263 0.1893 0.6923 0.1318 0.207290 -0.004645 1.0766 1 2.7037 1  1613 2183 2473 2999 3329 3417 3365 2731  1 1 1 1.70 0 5 0.97 5 6 0 11.49 0 1.07658 1.08842 0 0 -0.217684 -0.118541 0 -0.118541 -0.118541 
4.286 2 1 3 0 0.4230 0.1840 0.6925 0.1318 0.204699 -0.004818 1.0855 1 2.7028 1  1594 2169 2478 3006 3325 3418 3368 2725  1 1 1 1.67 0 5 0.97 5 6 0 11.49 0 1.08549 1.11118 0 0 -0.222236 -0.1195 0 -0.1195 -0.1195 
4.287 2 1 3 0 0.4179 0.1787 0.6929 0.1319 0.204699 -0.005075 1.0794 1 2.7096 1  1597 2152 2483 3014 3335 3417 3363 2750  1 1 1 1.71 0 5 0.97 5 6 0 11.49 0 1.07943 1.09119 0 0 -0.218239 -0.119604 0 -0.119604 -0.119604 
4.288 2 1 3 0 0.4126 0.1727 0.6931 0.1320 0.202108 -0.005387 1.0776 1 2.7055 1  1602 2168 2479 2990 3334 3415 3377 2724  1 1 1 1.70 0 5 0.97 5 6 0 11.49 0 1.07759 1.08459 0 0 -0.216918 -0.119961 0 -0.119961 -0.119961 
4.289 2 1 3 0 0.4084 0.1679 0.6935 0.1320 0.202108 -0.005791 1.0745 1 2.7014 1  1596 2165 2482 3006 3336 3419 3371 2717  1 1 1 1.70 0 5 0.97 5 6 0 11.49 0 1.07449 1.07518 0 0 -0.215036 -0.120252 0 -0.120252 -0.120252 
4.290 2 1 3 0 0.4077 0.1663 0.6937 0.1321 0.199517 -0.006138 1.0741 1 2.6996 1  1599 2165 2478 3035 3335 3410 3356 2718  1 1 1 1.69 0 5 0.97 5 6 0 11.49 0 1.07413 1.07412 0 0 -0.214824 -0.120703 0 -0.120703 -0.120703 
4.291 2 1 3 0 0.4090 0.1670 0.6939 0.1321 0.196925 -0.006447 1.0714 1 2.7002 1  1615 2155 2490 3017 3337 3424 3334 2723  1 1 1 1.70 0 5 0.97 5 6 0 11.49 0 1.07139 1.06662 0 0 -0.213323 -0.121019 0 -0.121019 -0.121019 
4.292 2 1 3 0 0.4112 0.1673 0.6943 0.1322 0.196925 -0.006739 1.0795 1 2.6984 1  1585 2149 2486 3011 3328 3423 3351 2716  1 1 1 1.67 0 5 0.97 5 6 0 11.50 0 1.07951 1.08945 0 0 -0.217891 -0.121947 0 -0.121947 -0.121947 
4.293 2 1 3 0 0.4121 0.1686 0.6945 0.1322 0.194334 -0.006925 1.0677 1 2.6993 1  1598 2177 2493 3016 3343 3415 3375 2722  1 1 1 1.71 0 5 0.97 5 6 0 11.50 0 1.06771 1.05589 0 0 -0.211178 -0.121739 0 -0.121739 -0.121739 
4.294 2 1 3 0 0.4127 0.1694 0.6949 0.1323 0.194334 -0.007034 1.0569 1 2.6995 1  1598 2162 2489 3023 3348 3424 3361 2721  1 1 1 1.74 0 5 0.97 5 6 0 11.50 0 1.05694 1.02802 0 0 -0.205605 -0.121615 0 -0.121615 -0.121615 
4.295 2 1 3 0 0.4177 0.1724 0.6951 0.1324 0.191743 -0.006983 1.0668 1 2.6975 1  1603 2140 2491 3022 3333 3429 3357 2714  1 1 1 1.71 0 5 0.97 5 6 0 11.50 0 1.06681 1.05886 0 0 -0.211773 -0.122665 0 -0.122665 -0.122665 
4.296 2 1 3 0 0.4262 0.1806 0.6955 0.1324 0.191743 -0.006842 1.0614 1 2.7000 1  1587 2164 2492 3028 3343 3420 3364 2726  1 1 1 1.73 0 5 0.97 5 6 0 11.50 0 1.06144 1.04524 0 0 -0.209048 -0.12283 0 -0.12283 -0.12283 
4.297 2 1 3 0 0.4302 0.1865 0.6957 0.1325 0.189152 -0.006700 1.0354 1 2.7036 1  1602 2168 2496 3018 3366 3426 3373 2734  1 1 1 1.82 0 5 0.97 5 6 0 11.49 0 1.03537 0.976148 0 0 -0.19523 -0.121848 0 -0.121848 -0.121848 
4.298 2 1 3 0 0.4349 0.1891 0.6958 0.1325 0.186561 -0.006589 1.0453 1 2.7040 1  1589 2168 2499 3013 3343 3421 3359 2729  1 1 1 1.79 0 5 0.97 5 6 0 11.49 0 1.04525 1.01104 0 0 -0.202208 -0.122927 0 -0.122927 -0.122927 
4.299 2 1 3 0 0.4386 0.1917 0.6962 0.1326 0.186561 -0.006604 1.0466 1 2.7006 1  1591 2161 2493 3025 3347 3419 3361 2717  1 1 1 1.78 0 5 0.97 5 6 0 11.49 0 1.04656 1.01919 0 0 -0.203838 -0.123489 0 -0.123489 -0.123489 
4.300 2 1 3 0 0.4395 0.1912 0.6964 0.1326 0.183970 -0.006724 1.0497 1 2.7065 1  1604 2150 2502 3039 3344 3424 3351 2743  1 1 1 1.79 0 5 0.97 5 6 0 11.50 0 1.04974 1.03151 0 0 -0.206303 -0.124142 0 -0.124142 -0.124142 
4.301 2 1 3 0 0.4347 0.1848 0.6968 0.1327 0.183970 -0.006907 1.0562 1 2.7031 1  1605 2166 2507 3027 3339 3427 3360 2721  1 1 1 1.76 0 5 0.97 5 6 0 11.50 0 1.05621 1.05163 0 0 -0.210325 -0.124963 0 -0.124963 -0.124963 
4.302 2 1 3 0 0.4333 0.1858 0.6970 0.1327 0.181379 -0.007093 1.0268 1 2.7040 1  1607 2169 2508 3038 3371 3423 3364 2730  1 1 1 1.85 0 5 0.97 5 6 0 11.49 0 1.02684 0.971967 0 0 -0.194393 -0.12376 0 -0.12376 -0.12376 
4.303 2 1 3 0 0.4334 0.1865 0.6972 0.1328 0.178788 -0.007220 1.0123 1 2.7065 1  1588 2168 2511 3033 3371 3427 3368 2737  1 1 1 1.90 0 5 0.97 5 6 0 11.49 0 1.01228 0.939497 0 0 -0.187899 -0.123448 0 -0.123448 -0.123448 
4.304 2 1 3 0 0.4326 0.1865 0.6976 0.1328 0.178788 -0.007320 0.9952 1 2.7033 1  1601 2177 2514 3030 3381 3425 3366 2722  1 1 1 1.94 0 5 0.97 5 6 0 11.49 0 0.995165 0.902411 0 0 -0.180482 -0.123011 0 -0.123011 -0.123011 
4.305 2 1 3 0 0.4304 0.1838 0.6978 0.1329 0.176196 -0.007429 0.9913 1 2.6977 1  1603 2186 2516 3028 3376 3426 3358 2708  1 1 1 1.93 0 5 0.97 5 6 0 11.49 0 0.991288 0.904181 0 0 -0.180836 -0.123334 0 -0.123334 -0.123334 
4.306 2 1 3 0 0.4285 0.1804 0.6980 0.1329 0.178788 -0.007585 0.9951 1 2.6906 1  1617 2212 2516 3020 3370 3419 3369 2694  1 1 1 1.90 0 5 0.97 5 6 0 11.49 0 0.995106 0.926232 0 0 -0.185246 -0.124072 0 -0.124072 -0.124072 
4.307 2 1 3 0 0.4257 0.1750 0.6982 0.1330 0.176196 -0.007800 1.0087 1 2.6876 1  1606 2199 2517 3028 3358 3422 3367 2696  1 1 1 1.85 0 5 0.97 5 6 0 11.49 0 1.00865 0.972437 0 0 -0.194487 -0.125322 0 -0.125322 -0.125322 
4.308 2 1 3 0 0.4231 0.1711 0.6986 0.1330 0.176196 -0.008111 1.0136 1 2.6796 1  1622 2190 2517 3024 3360 3409 3337 2675  1 1 1 1.81 0 5 0.97 5 6 0 11.48 0 1.01355 0.990663 0 0 -0.198133 -0.126039 0 -0.126039 -0.126039 
4.309 2 1 3 0 0.4195 0.1630 0.6988 0.1331 0.173605 -0.008502 1.0458 1 2.6790 1  1606 2179 2512 3035 3331 3403 3326 2686  1 1 1 1.71 0 5 0.96 5 6 0 11.49 0 1.04582 1.08191 0 0 -0.216383 -0.128265 0 -0.128265 -0.128265 
4.310 2 1 3 0 0.4134 0.1557 0.6992 0.1331 0.173605 -0.008941 1.0505 1 2.6796 1  1612 2193 2518 3032 3342 3403 3343 2689  1 1 1 1.70 0 5 0.96 5 6 0 11.50 0 1.05055 1.09003 0 0 -0.218005 -0.12887 0 -0.12887 -0.12887 
4.311 2 1 3 0 0.4127 0.1544 0.6994 0.1332 0.171014 -0.009345 1.0495 1 2.6809 1  1618 2193 2523 3032 3345 3410 3356 2692  1 1 1 1.71 0 5 0.96 5 6 0 11.50 0 1.0495 1.08188 0 0 -0.216376 -0.129148 0 -0.129148 -0.129148 
4.312 2 1 3 0 0.4167 0.1578 0.6998 0.1332 0.171014 -0.009682 1.0489 1 2.6812 1  1609 2183 2524 3037 3345 3411 3357 2691  1 1 1 1.71 0 5 0.96 5 6 0 11.50 0 1.04891 1.07595 0 0 -0.21519 -0.129462 0 -0.129462 -0.129462 
4.313 2 1 3 0 0.4157 0.1576 0.7000 0.1333 0.168423 -0.009988 1.0351 1 2.6813 1  1610 2204 2524 3043 3358 3414 3364 2691  1 1 1 1.75 0 5 0.97 5 6 0 11.50 0 1.03506 1.03451 0 0 -0.206901 -0.129042 0 -0.129042 -0.129042 
4.314 2 1 3 0 0.4142 0.1538 0.7002 0.1333 0.165832 -0.010190 1.0495 1 2.6783 1  1605 2180 2533 3043 3337 3420 3348 2681  1 1 1 1.70 0 5 0.97 5 6 0 11.50 0 1.0495 1.07405 0 0 -0.21481 -0.130239 0 -0.130239 -0.130239 
4.315 2 1 3 0 0.4168 0.1553 0.7006 0.1334 0.165832 -0.010295 1.0524 1 2.6774 1  1618 2191 2536 3057 3341 3423 3368 2683  1 1 1 1.69 0 5 0.97 5 6 0 11.50 0 1.05245 1.07883 0 0 -0.215766 -0.130759 0 -0.130759 -0.130759 
4.316 2 1 3 0 0.4260 0.1629 0.7008 0.1334 0.163241 -0.010276 1.0604 1 2.6751 1  1610 2179 2537 3041 3335 3427 3344 2677  1 1 1 1.66 0 5 0.97 5 6 0 11.50 0 1.06037 1.09697 0 0 -0.219395 -0.131554 0 -0.131554 -0.131554 
4.317 2 1 3 0 0.4326 0.1708 0.7012 0.1335 0.163241 -0.010158 1.0426 1 2.6774 1  1624 2181 2540 3057 3355 3422 3334 2688  1 1 1 1.72 0 5 0.96 5 6 0 11.50 0 1.04262 1.04356 0 0 -0.208713 -0.1309 0 -0.1309 -0.1309 
4.318 2 1 3 0 0.4351 0.1721 0.7014 0.1335 0.160650 -0.010058 1.0470 1 2.6703 1  1607 2176 2534 3053 3343 3414 3345 2662  1 1 1 1.68 0 5 0.96 5 6 0 11.50 0 1.04699 1.05538 0 0 -0.211076 -0.131529 0 -0.131529 -0.131529 
4.319 2 1 3 0 0.4386 0.1755 0.7016 0.1335 0.158058 -0.010044 1.0411 1 2.6699 1  1610 2183 2543 3056 3350 3418 3349 2672  1 1 1 1.70 0 5 0.96 5 6 0 11.49 0 1.04112 1.03823 0 0 -0.207646 -0.131575 0 -0.131575 -0.131575 
4.320 2 1 3 0 0.4403 0.1770 0.7020 0.1336 0.158058 -0.010152 1.0350 1 2.6726 1  1612 2177 2543 3045 3353 3420 3340 2681  1 1 1 1.73 0 5 0.96 5 6 0 11.49 0 1.035 1.02188 0 0 -0.204377 -0.131621 0 -0.131621 -0.131621 
4.321 2 1 3 0 0.4374 0.1753 0.7022 0.1336 0.155467 -0.010343 1.0184 1 2.6711 1  1613 2191 2543 3063 3366 3416 3331 2672  1 1 1 1.77 0 5 0.96 5 6 0 11.49 0 1.01835 0.978119 0 0 -0.195624 -0.131089 0 -0.131089 -0.131089 
4.322 2 1 3 0 0.4334 0.1713 0.7024 0.1336 0.152876 -0.010565 1.0096 1 2.6665 1  1614 2209 2550 3069 3366 3423 3368 2660  1 1 1 1.79 0 5 0.97 5 6 0 11.50 0 1.00955 0.959434 0 0 -0.191887 -0.131028 0 -0.131028 -0.131028 
4.323 2 1 3 0 0.4333 0.1722 0.7028 0.1337 0.152876 -0.010827 0.9926 1 2.6651 1  1615 2191 2554 3076 3378 3424 3347 2663  1 1 1 1.83 0 5 0.97 5 6 0 11.49 0 0.992574 0.919712 0 0 -0.183942 -0.13052 0 -0.13052 -0.13052 
4.324 2 1 3 0 0.4391 0.1773 0.7030 0.1337 0.150285 -0.011000 0.9917 1 2.6602 1  1612 2189 2559 3068 3370 3428 3347 2650  1 1 1 1.82 0 5 0.97 5 6 0 11.49 0 0.991727 0.92711 0 0 -0.185422 -0.130937 0 -0.130937 -0.130937 
4.325 2 1 3 0 0.4402 0.1772 0.7034 0.1338 0.150285 -0.011047 0.9932 1 2.6710 1  1615 2180 2560 3074 3368 3427 3352 2691  1 1 1 1.85 0 5 0.97 5 6 0 11.50 0 0.99324 0.939861 0 0 -0.187972 -0.13147 0 -0.13147 -0.13147 
4.326 2 1 3 0 0.4364 0.1717 0.7036 0.1338 0.147694 -0.011172 1.0018 1 2.6706 1  1613 2189 2565 3079 3360 3425 3344 2673  1 1 1 1.82 0 5 0.97 5 6 0 11.49 0 1.00178 0.970331 0 0 -0.194066 -0.132375 0 -0.132375 -0.132375 
4.327 2 1 3 0 0.4305 0.1666 0.7038 0.1339 0.145103 -0.011351 0.9873 1 2.6723 1  1613 2190 2567 3077 3378 3426 3355 2679  1 1 1 1.87 0 5 0.97 5 6 0 11.49 0 0.987289 0.934907 0 0 -0.186981 -0.131958 0 -0.131958 -0.131958 
4.328 2 1 3 0 0.4241 0.1623 0.7042 0.1339 0.145103 -0.011590 0.9610 1 2.6677 1  1609 2200 2568 3087 3397 3416 3347 2662  1 1 1 1.94 0 5 0.97 5 6 0 11.49 0 0.960988 0.870001 0 0 -0.174 -0.130905 0 -0.130905 -0.130905 
4.329 2 1 3 0 0.4194 0.1548 0.7044 0.1339 0.142512 -0.012026 0.9778 1 2.6609 1  1606 2197 2569 3079 3367 3419 3341 2648  1 1 1 1.86 0 5 0.96 5 6 0 11.49 0 0.977781 0.928032 0 0 -0.185606 -0.132307 0 -0.132307 -0.132307 
4.330 2 1 3 0 0.4163 0.1502 0.7048 0.1340 0.142512 -0.012495 0.9840 1 2.6370 1  1611 2179 2572 3086 3369 3421 3346 2646  1 1 1 1.77 0 5 0.96 5 6 0 11.49 0 0.983997 0.951657 0 0 -0.190331 -0.133056 0 -0.133056 -0.133056 
4.331 2 1 3 0 0.4158 0.1491 0.7048 0.1340 0.142512 -0.012948 0.9827 1 2.6264 1  1608 2186 2575 3089 3373 3423 3356 2647  1 1 1 1.75 0 5 0.97 5 6 0 11.50 0 0.982704 0.952435 0 0 -0.190487 -0.133357 0 -0.133357 -0.133357 
4.332 2 1 3 0 0.4159 0.1485 0.7052 0.1341 0.142512 -0.013366 0.9828 1 2.6064 1  1610 2203 2578 3097 3372 3430 3337 2641  1 1 1 1.69 0 5 0.97 5 6 0 11.49 0 0.982766 0.956639 0 0 -0.191328 -0.133728 0 -0.133728 -0.133728 
4.333 2 1 3 0 0.4172 0.1487 0.7054 0.1341 0.139921 -0.013643 0.9857 1 2.5732 1  1611 2204 2580 3096 3369 3424 3341 2629  1 1 1 1.58 0 5 0.97 5 6 0 11.50 0 0.985699 0.968141 0 0 -0.193628 -0.134251 0 -0.134251 -0.134251 
4.334 2 1 3 0 0.4194 0.1516 0.7058 0.1341 0.139921 -0.013830 0.9737 1 2.5845 1  1607 2211 2580 3100 3382 3427 3333 2644  1 1 1 1.65 0 5 0.96 5 6 0 11.50 0 0.97372 0.937738 0 0 -0.187548 -0.133925 0 -0.133925 -0.133925 
4.335 2 1 3 0 0.4200 0.1535 0.7060 0.1342 0.137329 -0.013904 0.9550 1 2.5830 1  1609 2208 2586 3108 3394 3432 3345 2639  1 1 1 1.70 0 5 0.97 5 6 0 11.50 0 0.954953 0.891239 0 0 -0.178248 -0.133242 0 -0.133242 -0.133242 
4.336 2 1 3 0 0.4248 0.1576 0.7062 0.1342 0.134738 -0.013870 0.9538 1 2.5648 1  1611 2194 2585 3106 3386 3428 3337 2631  1 1 1 1.65 0 5 0.97 5 6 0 11.50 0 0.953791 0.896558 0 0 -0.179312 -0.133575 0 -0.133575 -0.133575 
4.337 2 1 3 0 0.4332 0.1635 0.7067 0.1343 0.132147 -0.013740 0.9692 1 2.5497 1  1608 2188 2587 3103 3370 3422 3341 2627  1 1 1 1.56 0 5 0.96 5 6 0 11.50 0 0.969216 0.946351 0 0 -0.18927 -0.134821 0 -0.134821 -0.134821 
4.338 2 1 3 0 0.4390 0.1674 0.7067 0.1343 0.132147 -0.013580 0.9811 1 2.5723 1  1611 2205 2589 3106 3366 3419 3342 2643  1 1 1 1.59 0 5 0.96 5 6 0 11.50 0 0.981054 0.981756 0 0 -0.196351 -0.135817 0 -0.135817 -0.135817 
4.339 2 1 3 0 0.4417 0.1719 0.7071 0.1343 0.126965 -0.013534 0.9592 1 2.5639 1  1608 2180 2596 3111 3392 3424 3339 2633  1 1 1 1.63 0 5 0.96 5 6 0 11.50 0 0.959187 0.921895 0 0 -0.184379 -0.134895 0 -0.134895 -0.134895 
4.340 2 1 3 0 0.4422 0.1740 0.7075 0.1344 0.126965 -0.013596 0.9392 1 2.5530 1  1608 2166 2597 3114 3401 3428 3347 2628  1 1 1 1.66 0 5 0.97 5 6 0 11.50 0 0.93924 0.872345 0 0 -0.174469 -0.134128 0 -0.134128 -0.134128 
4.341 2 1 3 0 0.4402 0.1718 0.7077 0.1344 0.124374 -0.013786 0.9331 1 2.5598 1  1610 2192 2606 3116 3396 3430 3352 2634  1 1 1 1.69 0 5 0.97 5 6 0 11.49 0 0.933108 0.864502 0 0 -0.1729 -0.134169 0 -0.134169 -0.134169 
4.342 2 1 3 0 0.4392 0.1705 0.7079 0.1344 0.121783 -0.014060 0.9293 1 2.5214 1  1607 2178 2597 3123 3398 3434 3347 2610  1 1 1 1.59 0 5 0.97 5 6 0 11.49 0 0.929321 0.863299 0 0 -0.17266 -0.134338 0 -0.134338 -0.134338 
4.343 2 1 3 0 0.4374 0.1669 0.7083 0.1345 0.121783 -0.014288 0.9387 1 2.5362 1  1606 2183 2609 3127 3385 3434 3355 2629  1 1 1 1.61 0 5 0.97 5 6 0 11.49 0 0.938725 0.897806 0 0 -0.179561 -0.135234 0 -0.135234 -0.135234 
4.344 2 1 3 0 0.4385 0.1666 0.7085 0.1345 0.119192 -0.014396 0.9453 1 2.5424 1  1604 2193 2619 3134 3382 3430 3346 2630  1 1 1 1.61 0 5 0.97 5 6 0 11.49 0 0.945261 0.921127 0 0 -0.184225 -0.135932 0 -0.135932 -0.135932 
4.345 2 1 3 0 0.4394 0.1681 0.7087 0.1345 0.116600 -0.014436 0.9346 1 2.5891 1  1615 2203 2616 3133 3396 3430 3354 2653  1 1 1 1.78 0 5 0.97 5 6 0 11.49 0 0.934568 0.895116 0 0 -0.179023 -0.135641 0 -0.135641 -0.135641 
4.346 2 1 3 0 0.4358 0.1636 0.7091 0.1346 0.116600 -0.014558 0.9367 1 2.5655 1  1606 2217 2628 3135 3387 3424 3354 2627  1 1 1 1.70 0 5 0.97 5 6 0 11.49 0 0.936746 0.906331 0 0 -0.181266 -0.136087 0 -0.136087 -0.136087 
4.347 2 1 3 0 0.4295 0.1563 0.7091 0.1346 0.116600 -0.014727 0.9402 1 2.5371 1  1610 2202 2626 3135 3385 3428 3336 2620  1 1 1 1.61 0 5 0.97 5 6 0 11.49 0 0.940233 0.919917 0 0 -0.183983 -0.13659 0 -0.13659 -0.13659 
4.348 2 1 3 0 0.4235 0.1491 0.7095 0.1346 0.116600 -0.014941 0.9457 1 2.5086 1  1608 2202 2622 3134 3382 3425 3337 2611  1 1 1 1.50 0 5 0.97 5 6 0 11.49 0 0.945711 0.937598 0 0 -0.18752 -0.137188 0 -0.137188 -0.137188 
4.349 2 1 3 0 0.4207 0.1461 0.7097 0.1346 0.114009 -0.015281 0.9421 1 2.4903 1  1604 2208 2622 3132 3388 3415 3344 2606  1 1 1 1.46 0 5 0.96 5 6 0 11.49 0 0.942148 0.92894 0 0 -0.185788 -0.137262 0 -0.137262 -0.137262 
4.350 2 1 3 0 0.4172 0.1424 0.7101 0.1347 0.114009 -0.015755 0.9398 1 2.4700 1  1595 2200 2626 3137 3388 3415 3331 2602  1 1 1 1.41 0 5 0.96 5 6 0 11.49 0 0.939807 0.924303 0 0 -0.184861 -0.137409 0 -0.137409 -0.137409 
4.351 2 1 3 0 0.4101 0.1338 0.7103 0.1347 0.111418 -0.016287 0.9485 1 2.4464 1  1594 2206 2631 3139 3378 3423 3334 2591  1 1 1 1.31 0 5 0.96 5 6 0 11.49 0 0.948497 0.950122 0 0 -0.190024 -0.138174 0 -0.138174 -0.138174 
4.352 2 1 3 0 0.4088 0.1308 0.7105 0.1347 0.108827 -0.016774 0.9587 1 2.4421 1  1632 2239 2628 3125 3373 3411 3325 2600  1 1 1 1.26 0 5 0.96 5 6 0 11.49 0 0.958723 0.977857 0 0 -0.195571 -0.139 0 -0.139 -0.139 
4.353 2 1 3 0 0.4066 0.1321 0.7109 0.1348 0.108827 -0.017160 0.9231 1 2.4311 1  1600 2209 2645 3154 3409 3465 3363 2577  1 1 1 1.34 0 5 0.97 5 6 0 11.50 0 0.923095 0.877923 0 0 -0.175585 -0.137238 0 -0.137238 -0.137238 
4.354 2 1 3 0 0.4089 0.1337 0.7111 0.1348 0.106236 -0.017412 0.9241 1 2.4776 1  1577 2172 2653 3163 3390 3433 3366 2619  1 1 1 1.48 0 5 0.98 5 6 0 11.50 0 0.924061 0.886587 0 0 -0.177317 -0.137607 0 -0.137607 -0.137607 
4.355 2 1 3 0 0.4127 0.1376 0.7115 0.1348 0.106236 -0.017532 0.9179 1 2.4416 1  1585 2201 2648 3155 3397 3423 3329 2585  1 1 1 1.39 0 5 0.97 5 6 0 11.50 0 0.917946 0.874867 0 0 -0.174973 -0.137565 0 -0.137565 -0.137565 
4.356 2 1 3 0 0.4186 0.1427 0.7117 0.1349 0.103645 -0.017517 0.9192 1 2.4219 1  1595 2213 2654 3157 3392 3420 3329 2584  1 1 1 1.32 0 5 0.96 5 6 0 11.50 0 0.919189 0.88401 0 0 -0.176802 -0.137939 0 -0.137939 -0.137939 
4.357 2 1 3 0 0.4282 0.1496 0.7119 0.1349 0.101054 -0.017398 0.9381 1 2.4118 1  1592 2231 2662 3161 3374 3423 3331 2583  1 1 1 1.24 0 5 0.96 5 6 0 11.50 0 0.938053 0.94026 0 0 -0.188052 -0.139283 0 -0.139283 -0.139283 
4.358 2 1 3 0 0.4290 0.1539 0.7121 0.1349 0.098463 -0.017267 0.9028 1 2.4133 1  1593 2212 2665 3166 3415 3424 3332 2588  1 1 1 1.35 0 5 0.96 5 6 0 11.50 0 0.902792 0.843587 0 0 -0.168717 -0.137549 0 -0.137549 -0.137549 
4.359 2 1 3 0 0.4277 0.1524 0.7125 0.1349 0.098463 -0.017233 0.8997 1 2.3851 1  1591 2213 2674 3169 3400 3424 3329 2564  1 1 1 1.27 0 5 0.96 5 6 0 11.50 0 0.899676 0.842965 0 0 -0.168593 -0.137692 0 -0.137692 -0.137692 
4.360 2 1 3 0 0.4299 0.1519 0.7127 0.1350 0.095872 -0.017306 0.9173 1 2.3727 1  1590 2206 2675 3173 3382 3425 3327 2566  1 1 1 1.18 0 5 0.96 5 6 0 11.50 0 0.917343 0.898814 0 0 -0.179763 -0.138988 0 -0.138988 -0.138988 
4.361 2 1 3 0 0.4338 0.1548 0.7129 0.1350 0.093280 -0.017464 0.9216 1 2.3586 1  1591 2243 2664 3174 3388 3408 3327 2558  1 1 1 1.13 0 5 0.96 5 6 0 11.50 0 0.921625 0.912991 0 0 -0.182598 -0.139481 0 -0.139481 -0.139481 
4.362 2 1 3 0 0.4313 0.1539 0.7133 0.1350 0.093280 -0.017685 0.9038 1 2.3392 1  1595 2243 2673 3179 3405 3412 3329 2543  1 1 1 1.12 0 5 0.96 5 6 0 11.50 0 0.903807 0.865438 0 0 -0.173088 -0.138724 0 -0.138724 -0.138724 
4.363 2 1 3 0 0.4269 0.1495 0.7135 0.1350 0.090689 -0.017925 0.8987 1 2.3413 1  1594 2234 2688 3189 3399 3430 3334 2552  1 1 1 1.14 0 5 0.96 5 6 0 11.50 0 0.898696 0.856584 0 0 -0.171317 -0.138714 0 -0.138714 -0.138714 
4.364 2 1 3 0 0.4251 0.1465 0.7137 0.1351 0.088098 -0.018182 0.9044 1 2.3497 1  1596 2232 2684 3191 3392 3427 3330 2563  1 1 1 1.15 0 5 0.96 5 6 0 11.50 0 0.904449 0.877925 0 0 -0.175585 -0.139313 0 -0.139313 -0.139313 
4.365 2 1 3 0 0.4250 0.1481 0.7141 0.1351 0.088098 -0.018368 0.8849 1 2.3475 1  1598 2236 2699 3190 3410 3430 3327 2558  1 1 1 1.20 0 5 0.96 5 6 0 11.49 0 0.884947 0.828155 0 0 -0.165631 -0.138477 0 -0.138477 -0.138477 
4.366 2 1 3 0 0.4245 0.1452 0.7143 0.1351 0.085507 -0.018506 0.9009 1 2.3666 1  1594 2220 2702 3196 3386 3430 3330 2577  1 1 1 1.21 0 5 0.96 5 6 0 11.49 0 0.90085 0.879196 0 0 -0.175839 -0.139656 0 -0.139656 -0.139656 
4.367 2 1 3 0 0.4185 0.1401 0.7145 0.1351 0.082916 -0.018704 0.8886 1 2.3483 1  1593 2208 2715 3194 3402 3429 3333 2546  1 1 1 1.19 0 5 0.96 5 6 0 11.50 0 0.88858 0.848545 0 0 -0.169709 -0.139209 0 -0.139209 -0.139209 
4.368 2 1 3 0 0.4153 0.1370 0.7149 0.1352 0.082916 -0.018902 0.8823 1 2.3190 1  1589 2251 2688 3192 3407 3417 3311 2539  1 1 1 1.12 0 5 0.96 5 6 0 11.49 0 0.882303 0.836724 0 0 -0.167345 -0.13912 0 -0.13912 -0.13912 
4.369 2 1 3 0 0.4121 0.1350 0.7151 0.1352 0.080325 -0.019171 0.8676 1 2.3088 1  1593 2243 2703 3196 3415 3422 3315 2541  1 1 1 1.14 0 5 0.95 4 6 0 11.49 0 0.867641 0.802727 0 0 -0.160545 -0.138565 0 -0.138565 -0.138565 
4.370 2 1 3 0 0.4060 0.1314 0.7155 0.1352 0.080325 -0.019599 0.8399 1 2.2956 1  1589 2234 2715 3202 3432 3421 3316 2530  1 1 1 1.18 0 5 0.95 4 6 0 11.49 0 0.839925 0.735624 0 0 -0.147125 -0.137303 0 -0.137303 -0.137303 
4.371 2 1 3 0 0.4028 0.1264 0.7155 0.1352 0.080325 -0.020056 0.8494 1 2.3089 1  1590 2243 2709 3207 3411 3418 3320 2551  1 1 1 1.19 0 5 0.95 4 6 0 11.50 0 0.849382 0.775379 0 0 -0.155076 -0.138165 0 -0.138165 -0.138165 
4.372 2 1 3 0 0.3997 0.1224 0.7157 0.1352 0.077734 -0.020484 0.8530 1 2.3098 1  1593 2238 2724 3212 3409 3429 3314 2549  1 1 1 1.19 0 5 0.95 4 6 0 11.50 0 0.852979 0.795078 0 0 -0.159016 -0.138652 0 -0.138652 -0.138652 
4.373 2 1 3 0 0.4006 0.1233 0.7161 0.1353 0.077734 -0.020863 0.8480 1 2.2896 1  1585 2245 2721 3214 3416 3424 3317 2521  1 1 1 1.14 0 5 0.95 4 6 0 11.50 0 0.847951 0.789056 0 0 -0.157811 -0.13863 0 -0.13863 -0.13863 
4.374 2 1 3 0 0.4038 0.1277 0.7163 0.1353 0.075143 -0.021106 0.8328 1 2.2781 1  1586 2256 2734 3218 3425 3426 3318 2517  1 1 1 1.15 0 5 0.95 4 6 0 11.50 0 0.832781 0.755445 0 0 -0.151089 -0.138039 0 -0.138039 -0.138039 
4.375 2 1 3 0 0.4073 0.1294 0.7165 0.1353 0.072551 -0.021223 0.8442 1 2.2827 1  1595 2250 2735 3223 3407 3428 3315 2534  1 1 1 1.13 0 5 0.95 4 6 0 11.50 0 0.844243 0.797086 0 0 -0.159417 -0.138955 0 -0.138955 -0.138955 
4.376 2 1 3 0 0.4076 0.1290 0.7169 0.1353 0.072551 -0.021254 0.8470 1 2.2799 1  1594 2235 2739 3223 3409 3427 3312 2530  1 1 1 1.11 0 5 0.95 4 6 0 11.50 0 0.846981 0.810857 0 0 -0.162171 -0.139339 0 -0.139339 -0.139339 
4.377 2 1 3 0 0.4111 0.1327 0.7171 0.1353 0.069960 -0.021210 0.8409 1 2.2630 1  1588 2253 2747 3220 3414 3423 3306 2515  1 1 1 1.08 0 5 0.95 4 6 0 11.50 0 0.840905 0.799066 0 0 -0.159813 -0.139212 0 -0.139212 -0.139212 
4.378 2 1 3 0 0.4170 0.1393 0.7173 0.1353 0.067369 -0.021109 0.8306 1 2.2487 1  1592 2271 2745 3222 3421 3419 3312 2499  1 1 1 1.07 0 5 0.95 4 6 0 11.50 0 0.830624 0.776542 0 0 -0.155308 -0.138854 0 -0.138854 -0.138854 
4.379 2 1 3 0 0.4213 0.1423 0.7177 0.1354 0.067369 -0.021028 0.8382 1 2.2463 1  1583 2244 2756 3223 3407 3415 3301 2519  1 1 1 1.04 0 5 0.95 4 6 0 11.50 0 0.838205 0.804476 0 0 -0.160895 -0.139507 0 -0.139507 -0.139507 
4.380 2 1 3 0 0.4216 0.1434 0.7179 0.1354 0.064778 -0.021063 0.8273 1 2.2254 1  1590 2265 2774 3233 3416 3428 3307 2480  1 1 1 1.01 0 5 0.95 4 6 0 11.50 0 0.827312 0.779197 0 0 -0.155839 -0.139097 0 -0.139097 -0.139097 
4.381 2 1 3 0 0.4176 0.1390 0.7181 0.1354 0.062187 -0.021272 0.8274 1 2.2273 1  1589 2255 2774 3232 3411 3422 3307 2500  1 1 1 1.01 0 5 0.95 4 6 0 11.50 0 0.827428 0.78593 0 0 -0.157186 -0.139318 0 -0.139318 -0.139318 
4.382 2 1 3 0 0.4136 0.1346 0.7183 0.1354 0.059596 -0.021601 0.8276 1 2.2084 1  1592 2270 2778 3241 3410 3428 3303 2470  1 1 1 0.96 0 5 0.95 4 6 0 11.50 0 0.827571 0.791854 0 0 -0.158371 -0.139529 0 -0.139529 -0.139529 
4.383 2 1 3 0 0.4133 0.1356 0.7187 0.1354 0.059596 -0.021913 0.8118 1 2.2059 1  1595 2257 2769 3244 3426 3407 3302 2484  1 1 1 1.00 0 5 0.95 4 6 0 11.49 0 0.811803 0.753516 0 0 -0.150703 -0.138839 0 -0.138839 -0.138839 
4.384 2 1 3 0 0.4148 0.1372 0.7189 0.1354 0.057005 -0.022127 0.8072 1 2.2104 1  1588 2274 2770 3247 3423 3419 3310 2483  1 1 1 1.02 0 5 0.95 4 6 0 11.49 0 0.807171 0.748627 0 0 -0.149725 -0.138798 0 -0.138798 -0.138798 
4.385 2 1 3 0 0.4172 0.1403 0.7191 0.1355 0.054414 -0.022219 0.7964 1 2.2046 1  1589 2272 2788 3251 3426 3426 3309 2469  1 1 1 1.04 0 5 0.95 4 6 0 11.50 0 0.796384 0.726947 0 0 -0.145389 -0.138409 0 -0.138409 -0.138409 
4.386 2 1 3 0 0.4203 0.1420 0.7193 0.1355 0.051822 -0.022212 0.8059 1 2.1908 1  1585 2292 2783 3255 3414 3428 3302 2457  1 1 1 0.97 0 5 0.95 4 6 0 11.50 0 0.805884 0.762173 0 0 -0.152435 -0.139164 0 -0.139164 -0.139164 
4.387 2 1 3 0 0.4188 0.1397 0.7197 0.1355 0.051822 -0.022206 0.8096 1 2.1800 1  1588 2277 2779 3253 3416 3404 3295 2460  1 1 1 0.93 0 5 0.95 4 6 0 11.50 0 0.809569 0.778073 0 0 -0.155615 -0.139555 0 -0.139555 -0.139555 
4.388 2 1 3 0 0.4117 0.1335 0.7199 0.1355 0.049231 -0.022369 0.7989 1 2.1728 1  1587 2267 2783 3256 3426 3418 3300 2447  1 1 1 0.94 0 5 0.95 4 6 0 11.50 0 0.798921 0.753168 0 0 -0.150634 -0.139126 0 -0.139126 -0.139126 
4.389 2 1 3 0 0.4077 0.1287 0.7201 0.1355 0.046640 -0.022577 0.8020 1 2.1696 1  1582 2300 2789 3256 3417 3415 3295 2457  1 1 1 0.92 0 5 0.95 4 6 0 11.50 0 0.802036 0.767784 0 0 -0.153557 -0.139483 0 -0.139483 -0.139483 
4.390 2 1 3 0 0.4071 0.1284 0.7205 0.1355 0.046640 -0.022753 0.7970 1 2.1578 1  1582 2294 2792 3259 3422 3403 3289 2444  1 1 1 0.90 0 5 0.94 4 6 0 11.50 0 0.797017 0.75863 0 0 -0.151726 -0.139366 0 -0.139366 -0.139366 
4.391 2 1 3 0 0.4085 0.1310 0.7207 0.1355 0.044049 -0.023073 0.7834 1 2.1588 1  1587 2300 2806 3263 3428 3419 3292 2455  1 1 1 0.94 0 5 0.95 4 6 0 11.49 0 0.783391 0.726505 0 0 -0.145301 -0.13877 0 -0.13877 -0.13877 
4.392 2 1 3 0 0.4095 0.1310 0.7211 0.1356 0.044049 -0.023400 0.7885 1 2.1464 1  1589 2301 2808 3262 3417 3417 3288 2431  1 1 1 0.89 0 5 0.94 4 6 0 11.50 0 0.788469 0.74797 0 0 -0.149594 -0.139242 0 -0.139242 -0.139242 
4.393 2 1 3 0 0.4034 0.1281 0.7213 0.1356 0.041458 -0.023731 0.7574 1 2.1364 1  1587 2312 2820 3272 3443 3423 3288 2420  1 1 1 0.95 0 5 0.95 4 6 0 11.50 0 0.757374 0.668375 0 0 -0.133675 -0.137666 0 -0.137666 -0.137666 
4.394 2 1 3 0 0.4014 0.1238 0.7215 0.1356 0.038867 -0.024017 0.7739 1 2.1390 1  1588 2307 2823 3270 3414 3420 3291 2434  1 1 1 0.91 0 5 0.95 4 6 0 11.50 0 0.773878 0.725353 0 0 -0.145071 -0.138811 0 -0.138811 -0.138811 
4.395 2 1 3 0 0.4025 0.1253 0.7219 0.1356 0.038867 -0.024146 0.7672 1 2.1370 1  1593 2317 2823 3273 3427 3426 3290 2427  1 1 1 0.92 0 5 0.95 4 6 0 11.50 0 0.767154 0.713445 0 0 -0.142689 -0.138599 0 -0.138599 -0.138599 
4.396 2 1 3 0 0.3831 0.1497 0.7221 0.1356 0.036276 -0.024237 0.3729 1 2.1313 1  1592 2329 2823 3279 3430 3415 3288 2418  1 1 1 2.09 0 5 0.95 4 6 0 11.50 0 0.372893 -0.357041 0 0 0.0714082 -0.116729 0 -0.116729 -0.116729 
