%% logfile from robot Alma (11)
% Alma (11)
%  1    time 1.501 sec
%  2  3  4  5   (mission 0), state 2, entered (thread 1, line 1), events 0x0 (bit-flags)
%  6  7 Motor velocity ref left, right: -0.0457 -0.0584
%  8  9 10 11 Pose x,y,h,tilt [m,m,rad,rad]: -0.00200794 0.000215415 -4.65661e-10 0.00426347
% 12 .. 35 Edge sensor: left -2.660000 1, right -2.506265 1, values 2860 3306 3289 2993 2650 2424 2191 1592, 
%    white 1, used 1, LEDhigh=1, xingVal=-0.10 xlcnt=0 lvcnt=5,LineVal=0.91, lineLow=0, lineHi=1, edgeAngle=0.
% whitelevel=[3006 3451 3494 3526 3547 3531 3470 2982];
% blacklevel=[1404 1879 2038 2116 2154 2097 1922 1386];
% 36    Battery voltage [V]: 12.19
% 37 46 ctrl edge, ref=0, m=0, m2=-0.00892212, uf=0, r2=0, ep=0.00178442,up=-0.140649, ui=0, u1=-0.140649, u=-0.140649
1.501 2 1 1 0 -0.0457 -0.0584 -0.0020 0.0002 -0.000000 0.004263 -2.6600 1 -2.5063 1  2860 3306 3289 2993 2650 2424 2191 1592  1 1 1 0 0 -0.10 0 5 0.91 0 1 0 12.19 0 0 -0.00892212 0 0 0.00178442 -0.140649 0 -0.140649 -0.140649 
1.511 2 1 1 0 -0.0657 -0.0667 -0.0024 0.0002 -0.000000 0.002996 -2.6600 1 -2.5161 1  2857 3294 3279 2990 2647 2421 2187 1592  1 1 1 0 0 -0.10 0 5 0.90 0 1 0 12.19 0 0 -0.00892212 0 0 0.00178442 -0.140649 0 -0.140649 -0.140649 
1.521 2 1 1 0 -0.0279 -0.0204 -0.0028 0.0002 -0.000000 0.003805 -2.6600 1 -2.5162 1  2861 3298 3283 2979 2649 2425 2184 1599  1 1 1 0 0 -0.10 0 5 0.90 0 1 0 12.20 0 0 -0.00892212 0 0 0.00178442 -0.140649 0 -0.140649 -0.140649 
1.531 2 1 1 0 -0.0303 -0.0219 -0.0028 0.0002 -0.000000 0.007582 -2.6600 1 -2.5190 1  2862 3304 3286 2988 2666 2443 2206 1617  1 1 1 0 0 -0.10 0 5 0.91 0 1 0 12.20 0 0 -0.00892212 0 0 0.00178442 -0.140649 0 -0.140649 -0.140649 
1.541 2 1 1 0 -0.0347 -0.0257 -0.0028 0.0002 -0.000000 0.010392 -2.6600 1 -2.5724 1  2893 3315 3293 2995 2681 2459 2222 1631  1 1 1 0 0 -0.10 0 5 0.92 0 1 0 12.20 0 0 -0.00892212 0 0 0.00178442 -0.140649 0 -0.140649 -0.140649 
1.551 2 1 1 0 -0.0577 -0.0483 -0.0028 0.0002 -0.000000 0.011757 -2.6600 1 -2.5922 1  2894 3304 3291 3002 2680 2468 2229 1616  1 1 1 0 0 -0.10 0 5 0.92 0 1 0 12.19 0 0 -0.00892212 0 0 0.00178442 -0.140649 0 -0.140649 -0.140649 
1.561 2 1 1 0 -0.0657 -0.0669 -0.0032 0.0002 -0.000000 0.011471 -2.6600 1 -2.5485 1  2886 3316 3293 2995 2668 2468 2228 1623  1 1 1 0 0 -0.10 0 5 0.92 0 1 0 12.19 0 0 -0.00892212 0 0 0.00178442 -0.140649 0 -0.140649 -0.140649 
1.571 2 1 1 0 -0.0740 -0.0708 -0.0036 0.0002 -0.000000 0.011247 -2.6600 1 -2.5757 1  2888 3313 3297 2997 2669 2465 2228 1600  1 1 1 0 0 -0.10 0 5 0.92 0 1 0 12.19 0 0 -0.00892212 0 0 0.00178442 -0.140649 0 -0.140649 -0.140649 
1.581 2 1 1 0 -0.0772 -0.0409 -0.0038 0.0002 -0.002591 0.014316 -2.6600 1 -2.5728 1  2905 3349 3311 3014 2697 2481 2242 1675  1 1 1 0 0 -0.10 0 5 0.93 0 1 0 12.19 0 0 -0.00892212 0 0 0.00178442 -0.140649 0 -0.140649 -0.140649 
1.591 2 1 1 0 -0.0624 -0.0712 -0.0040 0.0002 -0.000000 0.015314 -2.6600 1 -2.5962 1  2917 3333 3315 3024 2694 2490 2249 1662  1 1 1 0 0 -0.10 0 5 0.93 0 1 0 12.19 0 0 -0.00892212 0 0 0.00178442 -0.140649 0 -0.140649 -0.140649 
1.601 2 1 1 0 -0.0752 -0.0737 -0.0044 0.0002 -0.000000 0.015840 -2.6600 1 -2.5586 1  2908 3336 3318 3023 2690 2496 2255 1647  1 1 1 0 0 -0.10 0 5 0.93 0 1 0 12.20 0 0 -0.00892212 0 0 0.00178442 -0.140649 0 -0.140649 -0.140649 
1.611 2 1 1 0 -0.0526 -0.0476 -0.0044 0.0002 -0.000000 0.018606 -2.6600 1 -2.5731 1  2933 3360 3326 3035 2698 2510 2272 1669  1 1 1 0 0 -0.10 0 5 0.94 0 1 0 12.20 0 0 -0.00892212 0 0 0.00178442 -0.140649 0 -0.140649 -0.140649 
1.621 2 1 1 0 -0.0496 -0.0425 -0.0044 0.0002 -0.000000 0.021036 -2.6600 1 -2.6201 1  2942 3350 3328 3047 2736 2529 2290 1686  1 1 1 0 0 -0.10 0 5 0.95 0 1 0 12.19 0 0 -0.00892212 0 0 0.00178442 -0.140649 0 -0.140649 -0.140649 
1.631 2 1 1 0 -0.0574 -0.0490 -0.0044 0.0002 -0.000000 0.023140 -2.6600 1 -2.6439 1  2953 3354 3336 3056 2742 2574 2302 1677  1 1 1 0 0 -0.10 0 5 0.95 0 1 0 12.19 0 0 -0.00892212 0 0 0.00178442 -0.140649 0 -0.140649 -0.140649 
1.641 2 1 1 0 -0.0593 -0.0543 -0.0048 0.0002 -0.000000 0.025121 -2.6600 1 -2.8518 1  2959 3353 3336 3068 2751 2557 2318 1704  1 1 1 0 0 -0.10 0 5 0.95 0 1 0 12.19 0 0 -0.00892212 0 0 0.00178442 -0.140649 0 -0.140649 -0.140649 
1.651 2 1 1 0 -0.0496 -0.0752 -0.0050 0.0002 0.002591 0.026511 -2.6600 1 -2.8105 1  2969 3351 3358 3073 2753 2561 2324 1713  1 1 1 0 0 -0.10 0 5 0.96 0 1 0 12.19 0 0 -0.00892212 0 0 0.00178442 -0.140649 0 -0.140649 -0.140649 
1.661 2 1 1 0 -0.0576 -0.0384 -0.0056 0.0002 -0.000000 0.029398 -2.6600 1 -2.8797 1  2980 3374 3345 3079 2763 2574 2334 1714  1 1 1 0 0 -0.10 0 5 0.97 0 1 0 12.19 0 0 -0.00892212 0 0 0.00178442 -0.140649 0 -0.140649 -0.140649 
1.671 2 1 1 0 -0.0563 -0.0132 -0.0058 0.0002 -0.002591 0.032443 -2.6600 1 -2.8838 1  3002 3377 3369 3088 2778 2598 2355 1731  1 1 1 0 0 -0.10 0 5 0.97 0 1 0 12.20 0 0 -0.00892212 0 0 0.00178442 -0.140649 0 -0.140649 -0.140649 
1.681 2 1 1 0 -0.0070 -0.0028 -0.0056 0.0002 -0.000000 0.036770 -2.6600 1 -2.8923 1  3016 3392 3369 3104 2802 2614 2379 1752  1 1 1 0 0 -0.10 0 5 0.98 0 1 0 12.20 0 0 -0.00892212 0 0 0.00178442 -0.140649 0 -0.140649 -0.140649 
1.691 2 1 1 0 -0.0146 -0.0056 -0.0060 0.0002 -0.000000 0.039997 -2.6600 1 -2.8701 1  3032 3404 3376 3111 2811 2637 2386 1760  1 1 1 0 0 -0.10 0 5 0.98 0 1 0 12.20 0 0 -0.00892212 0 0 0.00178442 -0.140649 0 -0.140649 -0.140649 
1.701 2 1 1 0 -0.0368 0.0080 -0.0062 0.0002 -0.002591 0.042018 -2.6600 1 -2.8096 1  3044 3408 3386 3119 2826 2656 2408 1766  1 1 1 0 0 -0.10 0 5 0.98 0 1 0 12.19 0 0 -0.00892212 0 0 0.00178442 -0.140649 0 -0.140649 -0.140649 
1.711 2 1 1 0 -0.0275 0.0071 -0.0062 0.0002 -0.002591 0.044207 -2.6600 1 -2.6419 1  3051 3410 3380 3123 2828 2668 2415 1781  1 1 1 0 0 -0.10 0 5 0.99 0 1 0 12.20 0 0 -0.00892212 0 0 0.00178442 -0.140649 0 -0.140649 -0.140649 
1.721 2 1 1 0 -0.0230 0.0055 -0.0062 0.0002 -0.002591 0.046477 -2.6600 1 -2.6105 1  3053 3418 3390 3133 2844 2673 2428 1778  1 1 1 0 0 -0.10 0 5 0.99 0 1 0 12.20 0 0 -0.00892212 0 0 0.00178442 -0.140649 0 -0.140649 -0.140649 
1.731 2 1 1 0 -0.0080 0.0169 -0.0062 0.0002 -0.002591 0.048796 -2.6600 1 -2.6399 1  3066 3415 3386 3140 2842 2685 2435 1797  1 1 1 0 0 -0.10 0 5 0.99 0 1 0 12.21 0 0 -0.00892212 0 0 0.00178442 -0.140649 0 -0.140649 -0.140649 
1.741 2 1 1 0 0.0027 0.0255 -0.0062 0.0002 -0.002591 0.051294 -2.6600 1 -2.5886 1  3074 3425 3405 3142 2864 2695 2452 1813  1 1 1 0 0 -0.10 0 5 0.99 0 1 0 12.19 0 0 -0.00892212 0 0 0.00178442 -0.140649 0 -0.140649 -0.140649 
1.751 2 1 1 0 0.0143 0.0359 -0.0062 0.0002 -0.002591 0.053828 -2.6600 1 -2.5562 1  3093 3432 3407 3166 2879 2719 2470 1819  1 1 1 0 0 -0.10 0 5 0.99 0 1 0 12.19 0 0 -0.00892212 0 0 0.00178442 -0.140649 0 -0.140649 -0.140649 
1.761 2 1 1 0 0.0270 0.0479 -0.0062 0.0002 -0.002591 0.056646 -2.6600 1 -2.5343 1  3091 3436 3416 3177 2891 2725 2472 1830  1 1 1 0 0 -0.10 0 5 0.99 0 1 0 12.19 0 0 -0.00892212 0 0 0.00178442 -0.140649 0 -0.140649 -0.140649 
1.771 2 1 1 0 0.0602 0.0468 -0.0060 0.0002 -0.000000 0.059697 -2.6600 1 -2.5073 1  3095 3443 3415 3182 2905 2733 2504 1840  1 1 1 0 0 -0.10 0 5 1.00 0 1 0 12.18 0 0 -0.00892212 0 0 0.00178442 -0.140649 0 -0.140649 -0.140649 
1.781 2 1 1 0 0.0562 0.0880 -0.0058 0.0002 -0.002591 0.062701 -2.6600 1 -2.4862 1  3154 3446 3423 3202 2926 2767 2553 1884  1 1 1 0 0 -0.10 0 5 1.00 0 1 0 12.18 0 0 -0.00892212 0 0 0.00178442 -0.140649 0 -0.140649 -0.140649 
1.791 2 1 1 0 0.0761 0.1009 -0.0054 0.0002 -0.002591 0.065665 -2.6600 1 -2.4780 1  3119 3448 3427 3202 2932 2764 2538 1868  1 1 1 0 0 -0.10 0 5 1.00 0 1 0 12.19 0 0 -0.00892212 0 0 0.00178442 -0.140649 0 -0.140649 -0.140649 
1.801 2 1 1 0 0.0922 0.0826 -0.0052 0.0002 -0.000000 0.066295 -2.6600 1 -2.4613 1  3153 3449 3430 3220 2943 2766 2530 1867  1 1 1 0 0 -0.10 0 5 1.00 0 1 0 12.18 0 0 -0.00892212 0 0 0.00178442 -0.140649 0 -0.140649 -0.140649 
1.811 2 1 1 0 0.1189 0.1215 -0.0048 0.0002 -0.000000 0.068618 -2.6600 1 -2.4515 1  3148 3448 3434 3239 2962 2786 2524 1876  1 1 1 0 0 -0.10 0 5 1.00 0 1 0 12.18 0 0 -0.00892212 0 0 0.00178442 -0.140649 0 -0.140649 -0.140649 
1.821 2 1 1 0 0.1028 0.0786 -0.0042 0.0002 0.002591 0.067834 -2.6600 1 -2.4493 1  3163 3463 3443 3219 2960 2777 2537 1872  1 1 1 0 0 -0.10 0 5 1.00 0 1 0 12.18 0 0 -0.00892212 0 0 0.00178442 -0.140649 0 -0.140649 -0.140649 
1.831 2 1 1 0 0.1254 0.1138 -0.0034 0.0002 0.002591 0.067148 -2.6600 1 -2.4979 1  3161 3423 3431 3239 2952 2779 2524 1870  1 1 1 0 0 -0.10 0 5 1.00 0 1 0 12.18 0 0 -0.00892212 0 0 0.00178442 -0.140649 0 -0.140649 -0.140649 
1.841 2 1 1 0 0.1366 0.1316 -0.0026 0.0002 0.002591 0.066886 -2.6600 1 -2.4561 1  3131 3447 3433 3231 2965 2760 2509 1863  1 1 1 0 0 -0.10 0 5 1.00 0 1 0 12.19 0 0 -0.00892212 0 0 0.00178442 -0.140649 0 -0.140649 -0.140649 
1.851 2 1 1 0 0.1415 0.1456 -0.0022 0.0002 0.002591 0.066933 -2.6600 1 -2.4573 1  3154 3439 3438 3263 2958 2760 2511 1854  1 1 1 0 0 -0.10 0 5 1.00 0 1 0 12.17 0 0 -0.00892212 0 0 0.00178442 -0.140649 0 -0.140649 -0.140649 
1.861 2 1 1 0 0.1589 0.1280 -0.0012 0.0002 0.005182 0.065799 -2.6600 1 -2.4619 1  3147 3448 3434 3241 2955 2747 2478 1848  1 1 1 0 0 -0.10 0 5 1.00 0 1 0 12.19 0 0 -0.00892212 0 0 0.00178442 -0.140649 0 -0.140649 -0.140649 
1.871 2 1 1 0 0.1519 0.1296 -0.0004 0.0002 0.005182 0.064301 -2.6600 1 -2.4707 1  3137 3444 3428 3229 2948 2729 2475 1838  1 1 1 0 0 -0.10 0 5 1.00 0 1 0 12.18 0 0 -0.00892212 0 0 0.00178442 -0.140649 0 -0.140649 -0.140649 
1.881 2 1 1 0 0.1716 0.1510 0.0008 0.0002 0.005182 0.062782 -2.6600 1 -2.4669 1  3154 3442 3429 3220 2937 2721 2440 1831  1 1 1 0 0 -0.10 0 5 1.00 0 1 0 12.19 0 0 -0.00892212 0 0 0.00178442 -0.140649 0 -0.140649 -0.140649 
1.891 2 1 1 0 0.1681 0.1541 0.0016 0.0002 0.005182 0.061767 -2.6600 1 -2.4649 1  3115 3463 3420 3214 2939 2707 2457 1815  1 1 1 0 0 -0.10 0 5 1.00 0 1 0 12.18 0 0 -0.00892212 0 0 0.00178442 -0.140649 0 -0.140649 -0.140649 
1.901 2 1 1 0 0.1603 0.1531 0.0028 0.0002 0.005182 0.059749 -2.6600 1 -2.4908 1  3121 3447 3424 3211 2919 2700 2462 1798  1 1 1 0 0 -0.10 0 5 1.00 0 1 0 12.19 0 0 -0.00892212 0 0 0.00178442 -0.140649 0 -0.140649 -0.140649 
1.911 2 1 1 0 0.1632 0.1604 0.0036 0.0002 0.005182 0.057650 -2.6600 1 -2.6133 1  3118 3420 3418 3193 2917 2696 2438 1798  1 1 1 0 0 -0.10 0 5 0.99 0 1 0 12.19 0 0 -0.00892212 0 0 0.00178442 -0.140649 0 -0.140649 -0.140649 
1.921 2 1 1 0 0.1940 0.1563 0.0050 0.0003 0.007773 0.056173 -2.6600 1 -2.5518 1  3124 3428 3417 3210 2907 2690 2423 1820  1 1 1 0 0 -0.10 0 5 0.99 0 1 0 12.19 0 0 -0.00892212 0 0 0.00178442 -0.140649 0 -0.140649 -0.140649 
1.931 2 1 1 0 0.1880 0.1488 0.0062 0.0003 0.007773 0.054465 -2.6600 1 -2.4735 1  3118 3447 3414 3200 2906 2699 2448 1793  1 1 1 0 0 -0.10 0 5 1.00 0 1 0 12.18 0 0 -0.00892212 0 0 0.00178442 -0.140649 0 -0.140649 -0.140649 
1.941 2 1 1 0 0.1865 0.1502 0.0074 0.0003 0.007773 0.051177 -2.6600 1 -2.5918 1  3116 3425 3415 3191 2893 2706 2440 1783  1 1 1 0 0 -0.10 0 5 0.99 0 1 0 12.19 0 0 -0.00892212 0 0 0.00178442 -0.140649 0 -0.140649 -0.140649 
1.951 2 1 1 0 0.1749 0.1806 0.0088 0.0003 0.005182 0.049807 -2.6600 1 -2.6431 1  3101 3402 3421 3201 2919 2708 2452 1826  1 1 1 0 0 -0.10 0 5 0.99 0 1 0 12.19 0 0 -0.00892212 0 0 0.00178442 -0.140649 0 -0.140649 -0.140649 
1.961 2 1 1 0 0.1779 0.1480 0.0098 0.0003 0.007773 0.047037 -2.6600 1 -2.5729 1  3104 3418 3419 3186 2910 2709 2464 1808  1 1 1 0 0 -0.10 0 5 0.99 0 1 0 12.19 0 0 -0.00892212 0 0 0.00178442 -0.140649 0 -0.140649 -0.140649 
1.971 2 1 1 0 0.2022 0.1398 0.0112 0.0003 0.010364 0.045011 -2.6600 1 -2.6197 1  3111 3402 3413 3175 2872 2714 2468 1841  1 1 1 0 0 -0.10 0 5 0.99 0 1 0 12.19 0 0 -0.00892212 0 0 0.00178442 -0.140649 0 -0.140649 -0.140649 
1.981 2 1 1 0 0.1984 0.1807 0.0127 0.0003 0.007773 0.043976 -2.6600 1 -2.5932 1  3102 3419 3413 3175 2909 2715 2477 1812  1 1 1 0 0 -0.10 0 5 0.99 0 1 0 12.19 0 0 -0.00892212 0 0 0.00178442 -0.140649 0 -0.140649 -0.140649 
1.991 2 1 1 0 0.1901 0.1714 0.0139 0.0003 0.007773 0.042254 -2.6600 1 -2.5375 1  3093 3449 3412 3175 2888 2723 2482 1820  1 1 1 0 0 -0.10 0 5 0.99 0 1 0 12.19 0 0 -0.00892212 0 0 0.00178442 -0.140649 0 -0.140649 -0.140649 
2.001 2 1 1 0 0.1934 0.1795 0.0155 0.0003 0.007773 0.040780 -2.6600 1 -2.5502 1  3092 3437 3432 3169 2893 2722 2484 1835  1 1 1 0 0 -0.10 0 5 0.99 0 1 0 12.18 0 0 -0.00892212 0 0 0.00178442 -0.140649 0 -0.140649 -0.140649 
2.011 2 1 1 0 0.1854 0.1698 0.0167 0.0003 0.007773 0.038544 -2.6600 1 -2.5636 1  3090 3425 3386 3169 2887 2702 2482 1795  1 1 1 0 0 -0.10 0 5 0.99 0 1 0 12.18 0 0 -0.00892212 0 0 0.00178442 -0.140649 0 -0.140649 -0.140649 
2.021 2 1 1 0 0.2076 0.1572 0.0181 0.0004 0.010364 0.037424 -2.6600 1 -2.5891 1  3085 3424 3407 3159 2866 2715 2477 1810  1 1 1 0 0 -0.10 0 5 0.99 0 1 0 12.19 0 0 -0.00892212 0 0 0.00178442 -0.140649 0 -0.140649 -0.140649 
2.031 2 1 1 0 0.1861 0.1779 0.0195 0.0004 0.007773 0.035384 -2.6600 1 -2.5806 1  3084 3421 3417 3165 2869 2693 2473 1794  1 1 1 0 0 -0.10 0 5 0.99 0 1 0 12.19 0 0 -0.00892212 0 0 0.00178442 -0.140649 0 -0.140649 -0.140649 
2.041 2 1 1 0 0.2029 0.1942 0.0211 0.0004 0.007773 0.034785 -2.6600 1 -2.5922 1  3086 3429 3406 3158 2873 2687 2482 1803  1 1 1 0 0 -0.10 0 5 0.99 0 1 0 12.18 0 0 -0.00892212 0 0 0.00178442 -0.140649 0 -0.140649 -0.140649 
2.051 2 1 1 0 0.1887 0.1774 0.0223 0.0004 0.007773 0.034160 -2.6600 1 -2.6003 1  3079 3416 3396 3157 2873 2761 2482 1814  1 1 1 0 0 -0.10 0 5 0.99 0 1 0 12.18 0 0 -0.00892212 0 0 0.00178442 -0.140649 0 -0.140649 -0.140649 
2.061 2 1 1 0 0.2127 0.1639 0.0237 0.0004 0.010364 0.032339 -2.6600 1 -2.6205 1  3073 3412 3395 3149 2868 2710 2476 1812  1 1 1 0 0 -0.10 0 5 0.99 0 1 0 12.19 0 0 -0.00892212 0 0 0.00178442 -0.140649 0 -0.140649 -0.140649 
2.071 2 1 1 0 0.2116 0.1652 0.0253 0.0004 0.010364 0.031561 -2.6600 1 -2.6430 1  3077 3407 3389 3141 2861 2711 2478 1801  1 1 1 0 0 -0.10 0 5 0.99 0 1 0 12.18 0 0 -0.00892212 0 0 0.00178442 -0.140649 0 -0.140649 -0.140649 
2.081 2 1 1 0 0.1830 0.1792 0.0267 0.0004 0.007773 0.030089 -2.6600 1 -2.6457 1  3044 3405 3399 3133 2859 2725 2475 1796  1 1 1 0 0 -0.10 0 5 0.99 0 1 0 12.18 0 0 -0.00892212 0 0 0.00178442 -0.140649 0 -0.140649 -0.140649 
2.091 2 1 1 0 0.2176 0.1796 0.0281 0.0005 0.010364 0.029887 -2.6600 1 -2.6517 1  3058 3410 3390 3141 2870 2702 2482 1794  1 1 1 0 0 -0.10 0 5 0.99 0 1 0 12.17 0 0 -0.00892212 0 0 0.00178442 -0.140649 0 -0.140649 -0.140649 
2.101 2 1 1 0 0.2052 0.1981 0.0299 0.0005 0.007773 0.030346 -2.6600 1 -2.6563 1  3054 3409 3385 3135 2877 2753 2483 1800  1 1 1 0 0 -0.10 0 5 0.99 0 1 0 12.16 0 0 -0.00892212 0 0 0.00178442 -0.140649 0 -0.140649 -0.140649 
2.111 2 1 1 0 0.2101 0.1660 0.0313 0.0005 0.010364 0.028130 -2.6600 1 -2.8655 1  3023 3402 3380 3130 2871 2713 2473 1787  1 1 1 0 0 -0.10 0 5 0.98 0 1 0 12.17 0 0 -0.00892212 0 0 0.00178442 -0.140649 0 -0.140649 -0.140649 
2.121 2 1 1 0 0.2237 0.1768 0.0329 0.0005 0.010364 0.027879 -2.6600 1 -2.8534 1  2994 3391 3377 3109 2875 2706 2469 1777  1 1 1 0 0 -0.10 0 5 0.98 0 1 0 12.17 0 0 -0.00892212 0 0 0.00178442 -0.140649 0 -0.140649 -0.140649 
2.131 2 1 1 0 0.2278 0.1483 0.0343 0.0005 0.012956 0.026052 -2.6600 1 -2.8982 1  3052 3382 3368 3142 2890 2725 2473 1779  1 1 1 0 0 -0.10 0 5 0.98 0 1 0 12.17 0 0 -0.00892212 0 0 0.00178442 -0.140649 0 -0.140649 -0.140649 
2.141 2 1 1 0 0.2115 0.2058 0.0359 0.0005 0.007773 0.025513 -2.6600 1 -2.8579 1  2998 3374 3360 3139 2903 2746 2485 1785  1 1 1 0 0 -0.10 0 5 0.97 0 1 0 12.18 0 0 -0.00892212 0 0 0.00178442 -0.140649 0 -0.140649 -0.140649 
2.151 2 1 1 0 0.2139 0.1673 0.0378 0.0005 0.010364 0.024308 -2.6600 1 -2.8920 1  3008 3384 3363 3182 2934 2763 2539 1807  1 1 1 0 0 -0.10 0 5 0.98 0 1 0 12.17 0 0 -0.00892212 0 0 0.00178442 -0.140649 0 -0.140649 -0.140649 
2.161 2 1 1 0 0.2240 0.1729 0.0394 0.0006 0.010364 0.023553 -2.6600 1 -2.8585 1  3019 3385 3375 3162 2947 2788 2547 1826  1 1 1 0 0 -0.10 0 5 0.98 0 1 0 12.18 0 0 -0.00892212 0 0 0.00178442 -0.140649 0 -0.140649 -0.140649 
2.171 2 1 1 0 0.2216 0.1720 0.0410 0.0006 0.010364 0.022320 -2.6600 1 -2.8369 1  3024 3385 3378 3183 2971 2799 2585 1852  1 1 1 0 0 -0.10 0 5 0.98 0 1 0 12.17 0 0 -0.00892212 0 0 0.00178442 -0.140649 0 -0.140649 -0.140649 
2.181 2 1 1 0 0.2169 0.1651 0.0426 0.0006 0.010364 0.021414 -2.6600 1 -2.8485 1  3044 3390 3378 3229 2982 2843 2604 1881  1 1 1 0 0 -0.10 0 5 0.98 0 1 0 12.18 0 0 -0.00892212 0 0 0.00178442 -0.140649 0 -0.140649 -0.140649 
2.191 2 1 1 0 0.2178 0.2027 0.0444 0.0006 0.007773 0.021662 -2.6600 1 -2.8484 1  3023 3369 3378 3181 2996 2860 2630 1904  1 1 1 0 0 -0.10 0 5 1.00 0 0 0 12.18 0 0 -0.00892212 0 0 0.00178442 -0.140649 0 -0.140649 -0.140649 
2.201 2 1 1 0 0.2143 0.1909 0.0460 0.0006 0.007773 0.021343 -2.6600 1 -1.7801 1  3060 3513 3503 3289 3069 2932 2712 1943  1 1 1 0 0 1.63 0 5 1.00 0 2 0 12.18 0 0 -0.00892212 0 0 0.00178442 -0.140649 0 -0.140649 -0.140649 
2.211 2 1 1 0 0.2243 0.1990 0.0476 0.0006 0.007773 0.020907 -2.6600 1 -2.6360 1  3007 3411 3393 3193 3018 2891 2672 1939  1 1 1 0 0 -0.10 0 5 0.99 0 1 0 12.19 0 0 -0.00892212 0 0 0.00178442 -0.140649 0 -0.140649 -0.140649 
2.221 2 1 1 0 0.2414 0.1710 0.0494 0.0006 0.010364 0.020211 -2.6600 1 -2.7781 1  2989 3392 3380 3206 3018 2890 2671 1951  1 1 1 0 0 -0.10 0 5 0.99 0 0 0 12.19 0 0 -0.00892212 0 0 0.00178442 -0.140649 0 -0.140649 -0.140649 
2.231 2 1 1 0 0.2313 0.2011 0.0512 0.0007 0.007773 0.019968 -2.6600 1 -2.8160 1  2998 3385 3378 3194 3020 2893 2676 1960  1 1 1 0 0 -0.10 0 5 1.00 0 0 0 12.19 0 0 -0.00892212 0 0 0.00178442 -0.140649 0 -0.140649 -0.140649 
2.241 2 1 1 0 0.2525 0.2142 0.0528 0.0007 0.007773 0.020717 -2.6600 1 -2.8659 1  2999 3380 3361 3188 3012 2893 2671 1974  1 1 1 0 0 -0.10 0 5 1.00 0 0 0 12.18 0 0 -0.00892212 0 0 0.00178442 -0.140649 0 -0.140649 -0.140649 
2.251 2 1 1 0 0.2272 0.1873 0.0548 0.0007 0.007773 0.019580 -2.6600 1 -2.8167 1  2995 3383 3378 3202 3033 2895 2679 1978  1 1 1 0 0 -0.10 0 5 0.99 0 0 0 12.19 0 0 -0.00892212 0 0 0.00178442 -0.140649 0 -0.140649 -0.140649 
2.261 2 1 1 0 0.2292 0.1858 0.0564 0.0007 0.007773 0.018428 -2.6600 1 -2.8661 1  3005 3371 3372 3200 3013 2891 2672 1967  1 1 1 0 0 -0.10 0 5 1.00 0 0 0 12.19 0 0 -0.00892212 0 0 0.00178442 -0.140649 0 -0.140649 -0.140649 
2.271 2 1 1 0 0.2425 0.2004 0.0584 0.0007 0.007773 0.017924 -2.6600 1 -2.8659 1  2999 3399 3368 3187 2999 2887 2660 1976  1 1 1 0 0 -0.10 0 5 0.99 0 0 0 12.19 0 0 -0.00892212 0 0 0.00178442 -0.140649 0 -0.140649 -0.140649 
2.281 2 1 1 0 0.2336 0.2253 0.0602 0.0007 0.005182 0.018200 -2.6600 1 -2.6560 1  3003 3415 3364 3196 3005 2887 2652 1942  1 1 1 0 0 -0.10 0 5 1.00 0 0 0 12.19 0 0 -0.00892212 0 0 0.00178442 -0.140649 0 -0.140649 -0.140649 
2.291 2 1 1 0 0.2118 0.1995 0.0618 0.0007 0.005182 0.017116 -2.6600 1 -2.8619 1  2996 3370 3370 3173 2996 2880 2644 1952  1 1 1 0 0 -0.10 0 5 1.00 0 0 0 12.19 0 0 -0.00892212 0 0 0.00178442 -0.140649 0 -0.140649 -0.140649 
2.301 2 1 1 0 0.2273 0.2127 0.0639 0.0008 0.005182 0.016762 -2.6600 1 -2.8750 1  3000 3360 3367 3179 2997 2860 2625 1965  1 1 1 0 0 -0.10 0 5 0.99 0 0 0 12.19 0 0 -0.00892212 0 0 0.00178442 -0.140649 0 -0.140649 -0.140649 
2.311 2 1 1 0 0.2348 0.1812 0.0657 0.0008 0.007773 0.016164 -2.6600 1 -2.9291 1  3012 3402 3350 3181 2996 2837 2606 1916  1 1 1 0 0 -0.10 0 5 1.00 0 0 0 12.18 0 0 -0.00892212 0 0 0.00178442 -0.140649 0 -0.140649 -0.140649 
2.321 2 1 1 0 0.2433 0.2272 0.0675 0.0008 0.005182 0.016665 -2.6600 1 -2.8646 1  3003 3379 3371 3176 2957 2831 2584 1897  1 1 1 0 0 -0.10 0 5 1.00 0 0 0 12.19 0 0 -0.00892212 0 0 0.00178442 -0.140649 0 -0.140649 -0.140649 
2.331 2 1 1 0 0.2377 0.2096 0.0695 0.0008 0.005182 0.016773 -2.6600 1 -2.8835 1  3003 3367 3377 3175 2982 2808 2563 1874  1 1 1 0 0 -0.10 0 5 1.00 0 0 0 12.19 0 0 -0.00892212 0 0 0.00178442 -0.140649 0 -0.140649 -0.140649 
2.341 2 1 1 0 0.2266 0.2337 0.0713 0.0008 0.002591 0.016333 -2.6600 1 -2.8776 1  2996 3376 3366 3166 2929 2784 2538 1873  1 1 1 0 0 -0.10 0 5 0.99 0 0 0 12.18 0 0 -0.00892212 0 0 0.00178442 -0.140649 0 -0.140649 -0.140649 
2.351 2 1 1 0 0.2331 0.2020 0.0731 0.0008 0.005182 0.014741 -2.6600 1 -2.8577 1  2988 3389 3362 3151 2944 2743 2509 1851  1 1 1 0 0 -0.10 0 5 0.99 0 0 0 12.19 0 0 -0.00892212 0 0 0.00178442 -0.140649 0 -0.140649 -0.140649 
2.361 2 1 1 0 0.2502 0.2152 0.0751 0.0008 0.005182 0.014939 -2.6600 1 -2.8790 1  2992 3371 3351 3142 2883 2702 2493 1839  1 1 1 0 0 -0.10 0 5 0.99 0 0 0 12.19 0 0 -0.00892212 0 0 0.00178442 -0.140649 0 -0.140649 -0.140649 
2.371 2 1 1 0 0.2425 0.2035 0.0771 0.0008 0.005182 0.014146 -2.6600 1 -2.6589 1  2982 3383 3361 3128 2875 2700 2481 1817  1 1 1 0 0 -0.10 0 5 0.98 0 0 0 12.18 0 0 -0.00892212 0 0 0.00178442 -0.140649 0 -0.140649 -0.140649 
2.381 2 1 1 0 0.2183 0.2183 0.0789 0.0008 0.002591 0.013248 -2.6600 1 -2.7144 1  2980 3370 3373 3121 2870 2656 2484 1826  1 1 1 0 0 -0.10 0 5 0.98 0 0 0 12.18 0 0 -0.00892212 0 0 0.00178442 -0.140649 0 -0.140649 -0.140649 
2.391 2 1 1 0 0.2177 0.2146 0.0809 0.0008 0.002591 0.012199 -2.6600 1 -2.7848 1  2977 3368 3362 3130 2853 2680 2500 1857  1 1 1 0 0 -0.10 0 5 0.96 0 1 0 12.19 0 0 -0.00892212 0 0 0.00178442 -0.140649 0 -0.140649 -0.140649 
2.401 2 1 1 0 0.2313 0.2238 0.0829 0.0008 0.002591 0.011961 -2.6600 1 -2.7661 1  2983 3368 3387 3130 2865 2726 2510 1869  1 1 1 0 0 -0.10 0 5 0.97 0 1 0 12.18 0 0 -0.00892212 0 0 0.00178442 -0.140649 0 -0.140649 -0.140649 
2.411 2 1 1 0 0.2350 0.2208 0.0849 0.0009 0.002591 0.011956 -2.6600 1 -2.6312 1  2963 3375 3366 3148 2883 2730 2523 1852  1 1 1 0 0 -0.10 0 5 0.96 0 1 0 12.18 0 0 -0.00892212 0 0 0.00178442 -0.140649 0 -0.140649 -0.140649 
2.421 2 1 1 0 0.2313 0.2142 0.0869 0.0009 0.002591 0.011113 -2.6600 1 -2.6594 1  2967 3373 3364 3149 2891 2751 2525 1868  1 1 1 0 0 -0.10 0 5 0.96 0 1 0 12.19 0 0 -0.00892212 0 0 0.00178442 -0.140649 0 -0.140649 -0.140649 
2.431 2 1 1 0 0.2258 0.2035 0.0890 0.0009 0.002591 0.009281 -2.6600 1 -2.7387 1  2984 3372 3382 3152 2896 2776 2516 1860  1 1 1 0 0 -0.10 0 5 0.97 0 1 0 12.19 0 0 -0.00892212 0 0 0.00178442 -0.140649 0 -0.140649 -0.140649 
2.441 2 1 1 0 0.2468 0.2234 0.0910 0.0009 0.002591 0.009577 -2.6600 1 -2.6280 1  2961 3370 3373 3145 2902 2751 2511 1844  1 1 1 0 0 -0.10 0 5 0.96 0 1 0 12.17 0 0 -0.00892212 0 0 0.00178442 -0.140649 0 -0.140649 -0.140649 
2.451 2 1 1 0 0.2579 0.2276 0.0930 0.0009 0.002591 0.010439 -2.6600 1 -2.6055 1  2954 3374 3364 3150 2910 2759 2499 1833  1 1 1 0 0 -0.10 0 5 0.96 0 1 0 12.18 0 0 -0.00892212 0 0 0.00178442 -0.140649 0 -0.140649 -0.140649 
2.461 2 1 1 0 0.2342 0.1977 0.0950 0.0009 0.002591 0.009160 -2.6600 1 -2.7707 1  2955 3371 3361 3151 2897 2705 2486 1825  1 1 1 0 0 -0.10 0 5 0.96 0 1 0 12.19 0 0 -0.00892212 0 0 0.00178442 -0.140649 0 -0.140649 -0.140649 
2.471 2 1 1 0 0.2465 0.2062 0.0970 0.0009 0.002591 0.008702 -2.6600 1 -2.5912 1  2961 3363 3347 3117 2885 2733 2452 1805  1 1 1 0 0 -0.10 0 5 0.95 0 1 0 12.18 0 0 -0.00892212 0 0 0.00178442 -0.140649 0 -0.140649 -0.140649 
2.481 2 1 2 0 0.2491 0.2491 0.0992 0.0009 0.000000 0.009547 -2.6600 1 -2.8653 1  2968 3351 3336 3130 2867 2703 2457 1798  1 1 1 0 0 -0.10 0 5 0.96 0 1 0 12.18 0 -2.86531 -5.38573 0 0 1.07715 0.43269 0 0.43269 0 
2.491 2 1 2 0 0.2189 0.2189 0.1012 0.0009 0.000000 0.009110 -2.6600 1 -2.5767 1  2936 3348 3339 3090 2848 2680 2427 1775  1 1 1 0 0 -0.10 0 5 0.95 0 1 0 12.18 0 -2.57671 -2.7923 0 0 0.558459 0.330447 0 0.330447 0 
2.501 2 1 2 0 0.2286 0.2286 0.1032 0.0009 0.000000 0.008933 -2.6600 1 -2.8279 1  2955 3341 3333 3113 2848 2673 2436 1747  1 1 1 0 0 -0.10 0 5 0.95 0 1 0 12.18 0 -2.82793 -3.22497 0 0 0.644993 0.395261 0 0.395261 0 
2.511 2 1 2 0 0.2389 0.2389 0.1052 0.0009 0.000000 0.008735 -2.6600 1 -2.7785 1  2945 3345 3340 3101 2855 2663 2379 1729  1 1 1 0 0 -0.10 0 5 0.95 0 1 0 12.18 0 -2.77847 -2.94533 0 0 0.589067 0.406369 0 0.406369 0 
2.521 2 1 2 0 0.2459 0.2459 0.1074 0.0009 0.002591 0.009468 -2.6600 1 -2.5014 1  2926 3352 3347 3135 2868 2682 2384 1722  1 1 1 0 0 -0.10 0 5 0.94 0 1 0 12.18 0 -2.5014 -2.3369 0 0 0.467379 0.383857 0 0.383857 0 
2.531 2 1 2 0 0.2346 0.2346 0.1094 0.0009 0.002591 0.008638 -2.6600 1 -2.5226 1  2922 3356 3354 3166 2901 2700 2411 1716  1 1 1 0 0 -0.10 0 5 0.94 0 1 0 12.18 0 -2.52256 -2.44422 0 0 0.488845 0.407637 0 0.407637 0 
2.541 2 1 2 0 0.2342 0.2342 0.1116 0.0009 0.005182 0.007905 -2.6600 1 -2.5681 1  2917 3348 3350 3136 2925 2720 2407 1715  1 1 1 0 0 -0.10 0 5 0.94 0 1 0 12.19 0 -2.5681 -2.467 0 0 0.4934 0.427181 0 0.427181 0 
2.551 2 1 2 0 0.2413 0.2413 0.1137 0.0009 0.005182 0.007829 -2.6600 1 -2.5073 1  2900 3340 3342 3145 2943 2731 2467 1733  1 1 1 0 0 -0.10 0 5 0.93 0 1 0 12.18 0 -2.50731 -2.42406 0 0 0.484812 0.433761 0 0.433761 0 
2.561 2 1 2 0 0.2285 0.2285 0.1157 0.0009 0.005182 0.007301 -2.6600 1 -2.5521 1  2930 3347 3349 3172 2957 2762 2473 1769  1 1 1 0 0 -0.10 0 5 0.94 0 1 0 12.19 0 -2.55207 -2.59222 0 0 0.518444 0.454259 0 0.454259 0 
2.571 2 1 2 0 0.2359 0.2359 0.1179 0.0009 0.007773 0.006148 -2.6600 1 -2.4731 1  2905 3364 3356 3183 2979 2776 2521 1811  1 1 1 0 0 -0.10 0 5 0.94 0 1 0 12.18 0 -2.47312 -2.32744 0 0 0.465489 0.446292 0 0.446292 0 
2.581 2 1 2 0 0.2328 0.2328 0.1201 0.0010 0.010364 0.005527 -2.6600 1 -2.5669 1  2943 3347 3362 3171 2959 2789 2545 1842  1 1 1 0 0 -0.10 0 5 0.95 0 1 0 12.19 0 -2.56689 -2.63105 0 0 0.526209 0.47301 0 0.47301 0 
2.591 2 1 2 0 0.2417 0.2417 0.1223 0.0010 0.007773 0.005656 -2.6600 1 -2.6243 1  2936 3341 3363 3172 2967 2794 2559 1876  1 1 1 0 0 -0.10 0 5 0.94 0 1 0 12.19 0 -2.62432 -2.75685 0 0 0.551371 0.488546 0 0.488546 0 
2.601 2 1 2 0 0.2466 0.2466 0.1245 0.0010 0.010364 0.005879 -2.6600 1 -2.5363 1  2917 3354 3367 3175 2955 2797 2567 1864  1 1 1 0 0 -0.10 0 5 0.94 0 1 0 12.19 0 -2.53627 -2.4823 0 0 0.496459 0.476273 0 0.476273 0 
2.611 2 1 2 0 0.2366 0.2366 0.1265 0.0010 0.010364 0.005049 -2.6600 1 -2.4739 1  2928 3363 3354 3169 2960 2782 2563 1860  1 1 1 0 0 -0.10 0 5 0.95 0 1 0 12.19 0 -2.47388 -2.42024 0 0 0.484049 0.473688 0 0.473688 0 
2.621 2 1 2 0 0.2404 0.2404 0.1287 0.0010 0.012956 0.004187 -2.6600 1 -2.4665 1  2928 3380 3362 3170 2944 2777 2550 1870  1 1 1 0 0 -0.10 0 5 0.95 0 1 0 12.19 0 -2.46655 -2.34485 0 0 0.468971 0.473513 0 0.473513 0 
2.631 2 1 2 0 0.2483 0.2483 0.1309 0.0011 0.010364 0.004342 -2.6600 1 -2.4372 1  2917 3383 3366 3169 2965 2762 2540 1870  1 1 1 0 0 -0.10 0 5 0.95 0 1 0 12.19 0 -2.43721 -2.2877 0 0 0.45754 0.472159 0 0.472159 0 
2.641 2 1 2 0 0.2533 0.2533 0.1333 0.0011 0.010364 0.004932 -2.6600 1 -2.4848 1  2924 3351 3366 3180 2937 2758 2534 1845  1 1 1 0 0 -0.10 0 5 0.94 0 1 0 12.19 0 -2.48484 -2.50159 0 0 0.500318 0.48661 0 0.48661 0 
2.651 2 1 2 0 0.2422 0.2422 0.1355 0.0011 0.012956 0.003918 -2.6600 1 -2.4798 1  2904 3334 3346 3185 2933 2742 2515 1850  1 1 1 0 0 -0.10 0 5 0.93 0 1 0 12.19 0 -2.47982 -2.58705 0 0 0.517409 0.491369 0 0.491369 0 
2.661 2 1 2 0 0.2520 0.2520 0.1376 0.0011 0.012956 0.003882 -2.6600 1 -2.4186 1  2922 3379 3357 3191 2967 2763 2532 1833  1 1 1 0 0 -0.10 0 5 0.95 0 1 0 12.19 0 -2.41863 -2.35596 0 0 0.471191 0.478318 0 0.478318 0 
2.671 2 1 2 0 0.2566 0.2566 0.1400 0.0012 0.012956 0.004513 -2.6600 1 -1.8846 1  2924 3358 3384 3203 2977 2777 2536 1874  1 1 1 0 0 1.32 0 5 0.93 0 2 0 12.18 0 -1.88461 -1.27473 0 0 0.254946 0.394756 0 0.394756 0 
2.681 2 1 2 0 0.2440 0.2440 0.1422 0.0012 0.015547 0.003472 -2.6600 1 -1.8828 1  2924 3363 3384 3212 3007 2784 2551 1868  1 1 1 0 0 1.33 0 5 0.94 0 2 0 12.18 0 -1.88277 -1.6265 0 0 0.325299 0.405423 0 0.405423 0 
2.691 2 1 2 0 0.2363 0.2363 0.1442 0.0012 0.015547 0.002582 -2.6600 1 -1.8790 1  2929 3368 3386 3222 2973 2792 2557 1861  1 1 1 0 0 1.34 0 5 0.94 0 2 0 12.19 0 -1.87905 -1.81293 0 0 0.362587 0.408003 0 0.408003 0 
2.701 2 1 2 0 0.2510 0.2510 0.1466 0.0013 0.015547 0.002470 -2.6600 1 -1.8705 1  2920 3352 3383 3224 3005 2802 2565 1871  1 1 1 0 0 1.36 0 5 0.93 0 2 0 12.19 0 -1.87045 -1.82959 0 0 0.365918 0.403038 0 0.403038 0 
2.711 2 1 2 0 0.2631 0.2631 0.1490 0.0013 0.015547 0.003192 -2.6600 1 -1.8297 1  2930 3363 3396 3234 3026 2813 2561 1861  1 1 1 0 0 1.49 0 5 0.94 0 2 0 12.19 0 -1.82968 -1.77838 0 0 0.355675 0.39345 0 0.39345 0 
2.721 2 1 2 0 0.2416 0.2416 0.1510 0.0013 0.015547 0.002257 -2.6600 1 -1.8871 1  2927 3369 3380 3238 3004 2817 2556 1877  1 1 1 0 0 1.31 0 5 0.94 0 2 0 12.19 0 -1.88708 -1.78497 0 0 0.356995 0.394693 0 0.394693 0 
2.731 2 1 2 0 0.2568 0.2568 0.1532 0.0014 0.018138 0.002318 -2.6600 1 -1.8462 1  2922 3355 3391 3237 3022 2791 2544 1862  1 1 1 0 0 1.44 0 5 0.94 0 2 0 12.19 0 -1.8462 -1.62959 0 0 0.325918 0.382931 0 0.382931 0 
2.741 2 1 2 0 0.2581 0.2581 0.1556 0.0014 0.018138 0.002637 -2.6600 1 -1.8610 1  2924 3356 3386 3247 3032 2776 2531 1840  1 1 1 0 0 1.39 0 5 0.94 0 2 0 12.18 0 -1.86101 -1.85297 0 0 0.370593 0.390619 0 0.390619 0 
2.751 2 1 2 0 0.2564 0.2564 0.1578 0.0015 0.020729 0.001989 -2.6600 1 -1.8346 1  2936 3354 3398 3250 3019 2767 2511 1837  1 1 1 0 0 1.47 0 5 0.94 0 2 0 12.18 0 -1.83459 -1.82236 0 0 0.364471 0.384566 0 0.384566 0 
2.761 2 1 2 0 0.2448 0.2448 0.1600 0.0015 0.023320 0.001172 -2.6600 1 -1.7593 1  2905 3346 3424 3265 3027 2771 2497 1842  1 1 1 0 0 1.70 0 5 0.94 0 2 0 12.18 0 -1.75935 -1.62736 0 0 0.325471 0.368342 0 0.368342 0 
2.771 2 1 2 0 0.2628 0.2628 0.1624 0.0016 0.023320 0.001249 -2.6600 1 -1.8133 1  2939 3365 3413 3261 3022 2769 2485 1824  1 1 1 0 0 1.53 0 5 0.95 0 2 0 12.18 0 -1.81332 -1.8007 0 0 0.360139 0.376798 0 0.376798 0 
2.781 2 1 2 0 0.2619 0.2619 0.1649 0.0016 0.023320 0.001343 -2.6600 1 -1.7831 1  2931 3363 3422 3259 3018 2773 2473 1821  1 1 1 0 0 1.63 0 5 0.94 0 2 0 12.18 0 -1.78314 -1.72038 0 0 0.344076 0.369106 0 0.369106 0 
2.791 2 1 2 0 0.2552 0.2552 0.1671 0.0017 0.025911 0.000627 -2.6600 1 -1.7979 1  2925 3362 3406 3266 3016 2724 2457 1818  1 1 1 0 0 1.58 0 5 0.94 0 2 0 12.17 0 -1.7979 -1.81799 0 0 0.363598 0.372184 0 0.372184 0 
2.801 2 1 2 0 0.2581 0.2581 0.1695 0.0017 0.025911 -0.000174 -2.6600 1 -1.7780 1  2917 3354 3398 3255 2997 2702 2436 1806  1 1 1 0 0 1.64 0 5 0.94 0 2 0 12.17 0 -1.77803 -1.77435 0 0 0.35487 0.366991 0 0.366991 0 
2.811 2 1 2 0 0.2700 0.2700 0.1717 0.0018 0.028502 0.000167 -2.6600 1 -1.7973 1  2921 3361 3420 3270 2998 2680 2429 1796  1 1 1 0 0 1.58 0 5 0.94 0 2 0 12.18 0 -1.79726 -1.80037 0 0 0.360075 0.367743 0 0.367743 0 
2.821 2 1 2 0 0.2525 0.2525 0.1741 0.0019 0.028502 -0.000142 -2.6600 1 -1.7670 1  2913 3362 3410 3280 2995 2688 2398 1782  1 1 1 0 0 1.67 0 5 0.94 0 2 0 12.18 0 -1.76698 -1.74127 0 0 0.348254 0.36183 0 0.36183 0 
2.831 2 1 2 0 0.2508 0.2508 0.1763 0.0019 0.031093 -0.001449 -2.6600 1 -1.7648 1  2905 3352 3408 3291 2994 2653 2388 1756  1 1 1 0 0 1.68 0 5 0.94 0 2 0 12.18 0 -1.76484 -1.75402 0 0 0.350805 0.360873 0 0.360873 0 
2.841 2 1 2 0 0.2641 0.2641 0.1787 0.0020 0.031093 -0.002046 -2.6600 1 -1.7636 1  2865 3350 3405 3264 2998 2645 2378 1742  1 1 1 0 0 1.68 0 5 0.93 0 2 0 12.18 0 -1.76355 -1.75643 0 0 0.351285 0.359664 0 0.359664 0 
2.851 2 1 2 0 0.2539 0.2539 0.1809 0.0021 0.033685 -0.002021 -2.6600 1 -1.7625 1  2897 3348 3411 3293 3003 2650 2346 1718  1 1 1 0 0 1.69 0 5 0.93 0 2 0 12.16 0 -1.76254 -1.75995 0 0 0.35199 0.35866 0 0.35866 0 
2.861 2 1 2 0 0.2518 0.2518 0.1833 0.0022 0.033685 -0.002714 -2.6600 1 -1.7595 1  2896 3335 3401 3294 3004 2624 2318 1702  1 1 1 0 0 1.70 0 5 0.93 0 2 0 12.18 0 -1.75948 -1.75776 0 0 0.351552 0.35739 0 0.35739 0 
2.871 2 1 2 0 0.2597 0.2597 0.1855 0.0022 0.036276 -0.003501 -2.5421 1 -1.7585 1  2842 3326 3398 3294 3001 2630 2302 1685  1 1 1 0 0 1.35 0 5 0.92 0 2 0 12.18 0 -1.75847 -1.75897 0 0 0.351794 0.356514 0 0.356514 0 
2.881 2 1 2 0 0.2636 0.2636 0.1879 0.0023 0.036276 -0.002854 -2.5983 1 -1.7535 1  2847 3333 3397 3312 3022 2622 2301 1659  1 1 1 0 0 1.53 0 5 0.92 0 2 0 12.18 0 -1.75355 -1.74901 0 0 0.349801 0.354996 0 0.354996 0 
2.891 2 1 2 0 0.2478 0.2478 0.1901 0.0024 0.038867 -0.003840 -2.6600 1 -1.7515 1  2873 3337 3401 3306 3036 2621 2251 1642  1 1 1 0 0 1.72 0 5 0.93 0 2 0 12.18 0 -1.75154 -1.74771 0 0 0.349542 0.354132 0 0.354132 0 
2.901 2 1 2 0 0.2541 0.2541 0.1926 0.0025 0.038867 -0.003923 -2.3307 1 -1.7451 1  2815 3332 3399 3289 3048 2634 2244 1629  1 1 1 0 0 0.75 0 5 0.93 1 2 0 12.18 0 -1.74514 -1.7389 0 0 0.347781 0.352699 0 0.352699 0 
2.911 2 1 2 0 0.2581 0.2581 0.1948 0.0026 0.041458 -0.004303 -2.3499 1 -1.7371 1  2826 3329 3399 3335 3069 2652 2271 1631  1 1 1 0 0 0.83 0 5 0.92 0 2 0 12.19 0 -1.73709 -1.72818 0 0 0.345636 0.351086 0 0.351086 0 
2.921 2 1 2 0 0.2565 0.2565 0.1972 0.0027 0.041458 -0.003954 -2.6459 1 -1.7315 1  2855 3330 3401 3334 3082 2676 2261 1635  1 1 1 0 0 1.74 0 5 0.92 0 2 0 12.19 0 -1.73148 -1.72298 0 0 0.344596 0.349885 0 0.349885 0 
2.931 2 1 2 0 0.2537 0.2537 0.1994 0.0028 0.044049 -0.004697 -2.4484 1 -1.7240 1  2848 3337 3400 3324 3100 2701 2318 1656  1 1 1 0 0 1.17 0 5 0.92 0 2 0 12.19 0 -1.724 -1.713 0 0 0.342599 0.348358 0 0.348358 0 
2.941 2 1 2 0 0.2475 0.2475 0.2016 0.0029 0.046640 -0.005558 -2.0752 1 -1.7256 1  2826 3314 3408 3335 3101 2723 2324 1667  1 1 1 0 0 0.04 0 5 0.93 1 2 0 12.19 0 -1.72562 -1.72939 0 0 0.345879 0.348575 0 0.348575 0 
2.951 2 1 2 0 0.2620 0.2620 0.2040 0.0030 0.046640 -0.004922 -2.2409 1 -1.7116 1  2840 3346 3406 3345 3131 2745 2327 1710  1 1 1 0 0 0.58 0 5 0.93 1 2 0 12.18 0 -1.71164 -1.69822 0 0 0.339643 0.345728 0 0.345728 0 
2.961 2 1 2 0 0.2459 0.2459 0.2062 0.0031 0.049231 -0.005372 -2.3201 1 -1.7027 1  2819 3356 3403 3344 3134 2742 2348 1686  1 1 1 0 0 0.85 0 5 0.93 1 2 0 12.19 0 -1.70266 -1.69764 0 0 0.339529 0.344484 0 0.344484 0 
2.971 2 1 2 0 0.2474 0.2474 0.2084 0.0032 0.051822 -0.005988 -2.1543 1 -1.6992 1  2820 3355 3412 3369 3158 2749 2325 1692  1 1 1 0 0 0.36 0 5 0.94 1 2 0 12.19 0 -1.69921 -1.69008 0 0 0.338016 0.343307 0 0.343307 0 
2.981 2 1 2 0 0.2598 0.2598 0.2108 0.0033 0.051822 -0.005712 -2.1315 1 -1.6910 1  2828 3326 3413 3355 3170 2763 2331 1712  1 1 1 0 0 0.32 0 5 0.93 1 2 0 12.18 0 -1.69096 -1.67484 0 0 0.334969 0.341538 0 0.341538 0 
2.991 2 1 2 0 0.2632 0.2632 0.2130 0.0034 0.054414 -0.004400 -2.2298 1 -1.6881 1  2813 3372 3420 3366 3174 2785 2368 1710  1 1 1 0 0 0.62 0 5 0.94 1 2 0 12.19 0 -1.68811 -1.681 0 0 0.336201 0.341036 0 0.341036 0 
3.001 2 1 2 0 0.2468 0.2468 0.2152 0.0036 0.057005 -0.005781 -2.0595 1 -1.6771 1  2813 3333 3418 3382 3183 2807 2376 1731  1 1 1 0 0 0.14 0 5 0.94 1 2 0 12.19 0 -1.67712 -1.66966 0 0 0.333931 0.339216 0 0.339216 0 
3.011 2 1 2 0 0.2500 0.2500 0.2174 0.0037 0.059596 -0.005647 -2.0067 1 -1.6487 1  2813 3329 3413 3384 3224 2829 2403 1745  1 1 1 0 0 0.07 0 5 0.93 1 2 0 12.19 0 -1.64867 -1.61142 0 0 0.322285 0.334141 0 0.334141 0 
3.021 2 1 2 0 0.2618 0.2618 0.2198 0.0038 0.059596 -0.005261 -1.0594 1 -1.6500 1  2811 3305 3416 3391 3217 2875 2441 1745  1 1 1 0 0 -0.10 0 5 0.93 1 2 0 12.18 0 -1.64999 -1.64258 0 0 0.328517 0.334768 0 0.334768 0 
3.031 2 1 2 0 0.2484 0.2484 0.2220 0.0040 0.062187 -0.005754 -2.0415 1 -1.6307 1  2799 3341 3428 3399 3240 2915 2483 1815  1 1 1 0 0 0.23 0 5 0.93 1 3 0 12.19 0 -1.63067 -1.61694 0 0 0.323389 0.331549 0 0.331549 0 
3.041 2 1 2 0 0.2440 0.2440 0.2242 0.0041 0.064778 -0.006340 -2.0298 1 -1.1385 1  2793 3336 3410 3411 3271 2940 2538 1838  1 1 1 0 0 1.67 0 5 0.93 1 3 0 12.19 0 -1.13846 -0.366927 0 0 0.0733853 0.242999 0 0.242999 0 
3.051 2 1 2 0 0.2487 0.2487 0.2264 0.0043 0.067369 -0.007305 -1.9686 1 -1.5878 1  2785 3341 3433 3426 3289 3008 2604 1903  1 1 1 0 0 0.14 0 5 0.94 1 3 0 12.19 0 -1.58776 -1.65487 0 0 0.330975 0.326651 0 0.326651 0 
3.061 2 1 2 0 0.2565 0.2565 0.2289 0.0044 0.067369 -0.006547 -0.8029 1 -1.5658 1  2768 3324 3439 3410 3292 3058 2695 1944  1 1 1 0 0 -0.10 0 5 0.93 1 3 0 12.18 0 -1.56584 -1.82809 0 0 0.365617 0.330064 0 0.330064 0 
3.071 2 1 2 0 0.2457 0.2457 0.2311 0.0046 0.069960 -0.007054 -1.9310 1 -1.0291 1  2764 3331 3433 3443 3356 3137 2807 2087  1 1 1 0 0 1.70 0 5 0.94 1 3 0 12.19 0 -1.02905 -0.685885 0 0 0.137177 0.240875 0 0.240875 0 
3.081 2 1 2 0 0.2492 0.2492 0.2333 0.0047 0.072551 -0.007262 -0.7483 1 -1.0170 1  2746 3313 3438 3448 3372 3224 2955 2222  1 1 1 0 0 -0.10 0 5 0.94 1 3 0 12.19 0 -1.01698 -0.94454 0 0 0.188908 0.244767 0 0.244767 0 
3.091 2 1 2 0 0.2469 0.2469 0.2355 0.0049 0.075143 -0.007841 -0.7004 1 -0.9362 1  2725 3321 3452 3462 3428 3299 3105 2397  1 1 1 0 0 -0.10 0 5 0.96 2 3 0 12.19 0 -0.936159 -0.82609 0 0 0.165218 0.227511 0 0.227511 0 
3.101 2 1 2 0 0.2573 0.2573 0.2377 0.0051 0.077734 -0.006924 -0.6866 1 -0.4720 1  2706 3315 3434 3462 3446 3396 3241 2576  1 1 1 0 0 -0.10 0 5 0.96 2 3 0 12.18 0 -0.471957 0.00220442 0 0 -0.000440884 0.152561 0 0.152561 0 
3.111 2 1 2 0 0.2494 0.2494 0.2401 0.0052 0.077734 -0.007252 -0.6412 1 0.4304 1  2686 3308 3455 3483 3483 3440 3341 2747  1 1 1 0 0 2.21 0 5 0.96 2 5 0 12.18 0 0.430419 1.38987 0 0 -0.277974 0.0189376 0 0.0189376 0 
3.121 2 1 2 0 0.2411 0.2411 0.2421 0.0054 0.082916 -0.007474 -0.4977 1 2.1249 1  2666 3306 3426 3491 3510 3497 3412 2855  1 1 1 0 0 6.00 6 5 0.96 2 6 0 12.19 0 2.12485 3.82729 0 0 -0.765457 -0.224267 0 -0.224267 0 
3.131 2 1 2 0 0.2573 0.2573 0.2445 0.0056 0.082916 -0.007172 0.0582 1 2.4216 1  2656 3297 3425 3487 3522 3515 3451 2900  1 1 1 0 0 6.00 16 5 0.98 2 6 0 12.19 0 2.4216 3.11422 0 0 -0.622845 -0.250332 0 -0.250332 0 
3.141 2 1 2 0 0.2486 0.2486 0.2467 0.0058 0.085507 -0.006926 -0.3828 1 2.5972 1  2637 3300 3446 3472 3541 3550 3471 2931  1 1 1 0 0 6.00 20 5 0.98 2 7 0 12.18 0 2.59717 3.00711 0 0 -0.601423 -0.295486 0 -0.295486 0 
3.151 2 1 2 0 0.2453 0.2453 0.2489 0.0060 0.088098 -0.007523 0.3270 1 2.6600 1  2645 3289 3440 3490 3537 3521 3476 2946  1 1 1 0 0 5.99 20 5 0.98 2 7 0 12.18 0 2.66 2.80932 0 0 -0.561864 -0.32706 0 -0.32706 0 
3.161 2 1 2 0 0.2434 0.2434 0.2513 0.0062 0.088098 -0.007635 0.3191 1 2.6600 1  2640 3281 3436 3483 3526 3534 3468 2961  1 1 1 0 0 6.00 20 5 0.99 3 7 0 12.18 0 2.66 2.69569 0 0 -0.539139 -0.354072 0 -0.354072 0 
3.171 2 1 2 0 0.2595 0.2595 0.2535 0.0064 0.090689 -0.006953 0.5552 1 2.6600 1  2591 3281 3416 3469 3515 3515 3460 2955  1 1 1 0 0 5.31 16 5 0.98 3 7 0 12.18 0 2.66 2.66853 0 0 -0.533706 -0.380324 0 -0.380324 0 
3.181 2 1 2 0 0.2362 0.2362 0.2555 0.0066 0.090689 -0.007215 0.3346 1 2.6600 1  2633 3289 3419 3484 3513 3514 3462 2947  1 1 1 0 0 5.97 16 5 0.97 2 7 0 12.17 0 2.66 3.49928 0 0 -0.699855 -0.437646 0 -0.437646 0 
3.191 2 1 2 0 0.2444 0.2444 0.2577 0.0068 0.093280 -0.007206 -0.4047 1 2.6600 1  2621 3277 3439 3453 3511 3513 3422 2935  1 1 1 0 0 6.00 20 5 0.97 2 7 0 12.19 0 2.66 2.86064 0 0 -0.572128 -0.427123 0 -0.427123 0 
3.201 2 1 2 0 0.2442 0.2442 0.2599 0.0070 0.095872 -0.008026 -0.4047 1 2.6600 1  2606 3273 3420 3457 3500 3489 3427 2921  1 1 1 0 0 6.00 20 5 0.96 2 7 0 12.17 0 2.66 2.70797 0 0 -0.541593 -0.437245 0 -0.437245 0 
3.211 2 1 2 0 0.2549 0.2549 0.2623 0.0072 0.095872 -0.006867 -0.4367 1 2.6600 1  2618 3269 3417 3494 3495 3489 3417 2898  1 1 1 0 0 6.00 20 5 0.96 2 7 0 12.18 0 2.66 2.67146 0 0 -0.534293 -0.450362 0 -0.450362 0 
3.221 2 1 2 0 0.2346 0.2346 0.2645 0.0074 0.098463 -0.007880 -0.5116 1 2.3241 1  2569 3272 3430 3445 3489 3476 3383 2859  1 1 1 0 0 6.00 20 5 0.95 2 6 0 12.20 0 2.32409 1.95111 0 0 -0.390221 -0.40879 0 -0.40879 0 
3.231 2 1 2 0 0.2372 0.2372 0.2667 0.0076 0.101054 -0.008352 -0.5238 1 2.1632 1  2553 3273 3418 3476 3483 3466 3383 2804  1 1 1 0 0 6.00 20 5 0.95 2 6 0 12.17 0 2.16315 1.91959 0 0 -0.383917 -0.403651 0 -0.403651 0 
3.241 2 1 2 0 0.2525 0.2525 0.2687 0.0078 0.101054 -0.007566 -0.4662 1 0.5660 1  2577 3270 3418 3482 3486 3459 3361 2725  1 1 1 0 0 2.09 17 5 0.95 2 6 0 12.19 0 0.565996 -1.49714 0 0 0.299428 -0.150854 0 -0.150854 0 
3.251 2 1 2 0 0.2419 0.2419 0.2711 0.0081 0.101054 -0.007067 -0.5609 1 0.5700 1  2524 3259 3425 3453 3482 3445 3306 2615  1 1 1 0 0 2.39 9 5 0.95 2 5 0 12.18 0 0.569988 -0.130271 0 0 0.0260541 -0.199687 0 -0.199687 0 
3.261 2 1 2 0 0.2399 0.2399 0.2733 0.0083 0.103645 -0.007641 -0.5318 1 0.3955 1  2525 3259 3420 3469 3466 3422 3275 2469  1 1 1 0 0 1.78 0 5 0.95 2 5 0 12.19 0 0.395493 0.0360304 0 0 -0.00720608 -0.179429 0 -0.179429 0 
3.271 2 1 2 0 0.2354 0.2354 0.2755 0.0085 0.106236 -0.007971 -0.5603 1 -0.2247 1  2510 3244 3416 3434 3446 3384 3181 2315  1 1 1 0 0 0.00 0 5 0.94 2 4 0 12.19 0 -0.224742 -0.710086 0 0 0.142017 -0.0855466 0 -0.0855466 0 
3.281 2 1 2 0 0.2430 0.2430 0.2775 0.0088 0.106236 -0.007746 -0.5489 1 -0.2850 1  2491 3239 3422 3447 3450 3358 3076 2163  1 1 1 0 0 -0.10 0 5 0.94 2 4 0 12.19 0 -0.284958 -0.409872 0 0 0.0819745 -0.0725391 0 -0.0725391 0 
3.291 2 1 2 0 0.2417 0.2417 0.2798 0.0090 0.106236 -0.007422 -0.5197 1 -0.3711 1  2505 3259 3425 3464 3445 3332 3009 2068  1 1 1 0 0 -0.10 0 5 0.95 2 4 0 12.19 0 -0.371135 -0.495653 0 0 0.0991306 -0.0425732 0 -0.0425732 0 
3.301 2 1 2 0 0.2313 0.2313 0.2820 0.0093 0.108827 -0.007918 -0.5058 1 -0.6962 1  2462 3254 3417 3469 3448 3318 2960 2039  1 1 1 0 0 -0.10 0 5 0.95 2 3 0 12.19 0 -0.696233 -0.94951 0 0 0.189902 0.0187192 0 0.0187192 0 
3.311 2 1 2 0 0.2366 0.2366 0.2840 0.0095 0.108827 -0.008285 -0.4833 1 -0.3531 1  2456 3241 3423 3477 3458 3320 2976 2014  1 1 1 0 0 -0.10 0 5 0.95 2 4 0 12.19 0 -0.353089 -0.0361393 0 0 0.00722786 -0.0249433 0 -0.0249433 0 
3.321 2 1 2 0 0.2418 0.2418 0.2864 0.0097 0.108827 -0.007971 -0.5153 1 -0.3666 1  2444 3224 3427 3459 3457 3323 2969 1984  1 1 1 0 0 -0.10 0 5 0.94 2 4 0 12.19 0 -0.366599 -0.055763 0 0 0.0111526 -0.00876941 0 -0.00876941 0 
3.331 2 1 2 0 0.2459 0.2459 0.2884 0.0100 0.108827 -0.007162 -0.4718 1 -0.3291 1  2426 3247 3411 3464 3463 3324 2949 1996  1 1 1 0 0 -0.10 0 5 0.94 2 4 0 12.19 0 -0.329086 -0.221533 0 0 0.0443066 0.00734473 0 0.00734473 0 
3.341 2 1 2 0 0.2274 0.2274 0.2906 0.0102 0.111418 -0.007539 -0.4845 1 -0.3035 1  2421 3251 3415 3457 3455 3321 2932 1947  1 1 1 0 0 -0.10 0 5 0.95 2 4 0 12.19 0 -0.303469 -0.143617 0 0 0.0287234 0.0120473 0 0.0120473 0 
3.351 2 1 2 0 0.2346 0.2346 0.2926 0.0104 0.111418 -0.007554 -0.4665 1 -0.3213 1  2407 3211 3413 3466 3461 3334 2946 1979  1 1 1 0 0 -0.10 0 5 0.95 2 4 0 12.19 0 -0.321305 -0.28735 0 0 0.0574701 0.0266002 0 0.0266002 0 
3.361 2 1 2 0 0.2432 0.2432 0.2950 0.0107 0.111418 -0.006672 -0.4557 1 -0.2878 1  2408 3230 3428 3480 3493 3354 2965 1991  1 1 1 0 0 -0.10 0 5 0.96 2 4 0 12.19 0 -0.287795 -0.204081 0 0 0.0408163 0.0264331 0 0.0264331 0 
3.371 2 1 2 0 0.2323 0.2323 0.2970 0.0109 0.111418 -0.006219 -0.4599 1 -0.3165 1  2393 3194 3415 3468 3460 3342 2967 1979  1 1 1 0 0 -0.10 0 5 0.95 2 4 0 12.19 0 -0.316476 -0.362847 0 0 0.0725693 0.039555 0 0.039555 0 
3.381 2 1 2 0 0.2330 0.2330 0.2992 0.0112 0.114009 -0.006712 -0.4525 1 -0.2740 1  2378 3224 3415 3469 3481 3356 2959 1943  1 1 1 0 0 -0.10 0 5 0.95 2 4 0 12.19 0 -0.274031 -0.203704 0 0 0.0407409 0.0337269 0 0.0337269 0 
3.391 2 1 2 0 0.2452 0.2452 0.3014 0.0114 0.111418 -0.005859 -0.4197 1 -0.2646 1  2367 3220 3403 3478 3480 3342 2955 1938  1 1 1 0 0 -0.10 0 5 0.96 2 4 0 12.19 0 -0.264627 -0.233525 0 0 0.0467049 0.0374894 0 0.0374894 0 
3.401 2 1 2 0 0.2300 0.2300 0.3036 0.0117 0.114009 -0.005534 -0.4648 1 -0.3271 1  2354 3193 3428 3472 3465 3365 2951 1936  1 1 1 0 0 -0.10 0 5 0.95 2 4 0 12.18 0 -0.327097 -0.298883 0 0 0.0597765 0.0474528 0 0.0474528 0 
3.411 2 1 2 0 0.2269 0.2269 0.3058 0.0119 0.116600 -0.006495 -0.4294 1 -0.3058 1  2335 3194 3423 3477 3478 3357 2942 1935  1 1 1 0 0 -0.10 0 5 0.95 2 4 0 12.19 0 -0.305799 -0.309251 0 0 0.0618503 0.0488965 0 0.0488965 0 
3.421 2 1 2 0 0.2315 0.2315 0.3078 0.0122 0.116600 -0.006854 -0.3890 1 -0.3012 1  2311 3193 3398 3475 3479 3360 2930 1874  1 1 1 0 0 -0.10 0 5 0.95 2 4 0 12.19 0 -0.301238 -0.295346 0 0 0.0590693 0.0498757 0 0.0498757 0 
3.431 2 1 2 0 0.2417 0.2417 0.3102 0.0124 0.116600 -0.006557 -0.4271 1 -0.3274 1  2309 3185 3414 3475 3475 3358 2948 1904  1 1 1 0 0 -0.10 0 5 0.96 2 4 0 12.19 0 -0.327402 -0.373923 0 0 0.0747847 0.0565104 0 0.0565104 0 
3.441 2 1 2 0 0.2425 0.2425 0.3124 0.0127 0.119192 -0.005653 -0.4448 1 -0.2989 1  2295 3154 3402 3455 3457 3341 2957 1916  1 1 1 0 0 -0.10 0 5 0.94 2 4 0 12.18 0 -0.298924 -0.304123 0 0 0.0608247 0.0528902 0 0.0528902 0 
3.451 2 1 2 0 0.2328 0.2328 0.3144 0.0129 0.119192 -0.005984 -0.4352 1 -0.2463 1  2284 3170 3415 3466 3486 3365 2983 1937  1 1 1 0 0 -0.10 0 5 0.95 2 4 0 12.19 0 -0.246289 -0.195598 0 0 0.0391197 0.0455176 0 0.0455176 0 
3.461 2 1 2 0 0.2322 0.2322 0.3166 0.0132 0.121783 -0.006542 0.0798 1 -0.2462 1  2277 3154 3387 3476 3481 3406 3006 1947  1 1 1 0 0 -0.10 0 5 0.95 2 4 0 12.18 0 -0.246167 -0.231043 0 0 0.0462086 0.0474839 0 0.0474839 0 
3.471 2 1 2 0 0.2380 0.2380 0.3188 0.0135 0.119192 -0.006411 -0.3895 1 -0.2328 1  2232 3137 3386 3460 3470 3356 3023 1971  1 1 1 0 0 -0.10 0 5 0.95 3 4 0 12.18 0 -0.232777 -0.215291 0 0 0.0430583 0.0460842 0 0.0460842 0 
3.481 2 1 2 0 0.2488 0.2488 0.3209 0.0137 0.121783 -0.005629 0.0973 1 -0.2258 1  2245 3136 3397 3475 3487 3406 3047 1995  1 1 1 0 0 -0.10 0 5 0.95 2 4 0 12.18 0 -0.225796 -0.2228 0 0 0.04456 0.0458749 0 0.0458749 0 
3.491 2 1 2 0 0.2264 0.2264 0.3231 0.0140 0.124374 -0.006432 -0.3829 1 -0.2236 1  2228 3128 3398 3476 3486 3407 3064 2015  1 1 1 0 0 -0.10 0 5 0.95 2 4 0 12.18 0 -0.223596 -0.217422 0 0 0.0434843 0.0453949 0 0.0453949 0 
3.501 2 1 2 0 0.2324 0.2324 0.3251 0.0143 0.124374 -0.006065 0.1209 1 -0.1973 1  2202 3107 3376 3468 3477 3399 3085 2030  1 1 1 0 0 -0.10 0 5 0.96 3 4 0 12.18 0 -0.19733 -0.188042 0 0 0.0376083 0.0420429 0 0.0420429 0 
3.511 2 1 2 0 0.2450 0.2450 0.3275 0.0146 0.124374 -0.005434 0.1329 1 -0.1827 1  2195 3098 3395 3478 3487 3420 3107 2053  1 1 1 0 0 -0.10 0 5 0.94 2 5 0 12.18 0 -0.182734 -0.311427 0 0 0.0622853 0.045679 0 0.045679 0 
3.521 2 1 2 0 0.2326 0.2326 0.3295 0.0148 0.124374 -0.005592 0.1586 1 -0.1354 1  2170 3080 3382 3459 3484 3398 3118 2069  1 1 1 0 0 -0.10 0 5 0.94 2 5 0 12.18 0 -0.135387 -0.363123 0 0 0.0726247 0.0425387 0 0.0425387 0 
3.531 2 1 2 0 0.2284 0.2284 0.3317 0.0151 0.126965 -0.006044 0.1781 1 -0.1328 1  2135 3067 3371 3453 3483 3407 3114 2085  1 1 1 0 0 -0.10 0 5 0.94 2 5 0 12.18 0 -0.132818 -0.384591 0 0 0.0769181 0.0413752 0 0.0413752 0 
3.541 2 1 2 0 0.2390 0.2390 0.3337 0.0153 0.126965 -0.005638 0.1828 1 -0.3129 1  2172 3064 3371 3524 3510 3397 3099 2073  1 1 1 0 0 -0.10 0 5 0.97 3 4 0 12.17 0 -0.312918 -0.582788 0 0 0.116558 0.0608241 0 0.0608241 0 
3.551 2 1 2 0 0.2444 0.2444 0.3361 0.0156 0.126965 -0.004909 0.2011 1 -0.1135 1  2120 3053 3366 3446 3478 3411 3132 2102  1 1 1 0 0 -0.10 0 5 0.95 3 4 0 12.19 0 -0.113549 -0.0589435 0 0 0.0117887 0.0248376 0 0.0248376 0 
3.561 2 1 2 0 0.2223 0.2223 0.3381 0.0159 0.132147 -0.005845 0.2440 1 -0.1002 1  2091 3040 3359 3446 3483 3415 3148 2108  1 1 1 0 0 -0.10 0 5 0.95 3 4 0 12.18 0 -0.100175 -0.0688734 0 0 0.0137747 0.0238755 0 0.0238755 0 
3.571 2 1 2 0 0.2320 0.2320 0.3403 0.0162 0.129556 -0.006186 0.3317 1 -0.1354 1  2129 3033 3352 3443 3524 3445 3137 2126  1 1 1 0 0 -0.10 0 5 0.95 3 5 0 12.17 0 -0.135421 -0.107617 0 0 0.0215233 0.0276512 0 0.0276512 0 
3.581 2 1 2 0 0.2462 0.2462 0.3425 0.0165 0.132147 -0.005307 0.2187 1 -0.1043 1  2110 3010 3350 3460 3483 3412 3133 2120  1 1 1 0 0 -0.10 0 5 0.95 3 4 0 12.19 0 -0.104323 -0.20661 0 0 0.041322 0.0280564 0 0.0280564 0 
3.591 2 1 2 0 0.2386 0.2386 0.3444 0.0167 0.132147 -0.004497 0.1987 1 -0.1783 1  2064 2995 3342 3470 3478 3421 3166 2112  1 1 1 0 0 -0.10 0 5 0.96 3 4 0 12.18 0 -0.178257 -0.313942 0 0 0.0627885 0.0368494 0 0.0368494 0 
3.601 2 1 2 0 0.2355 0.2355 0.3464 0.0170 0.132147 -0.004950 0.2474 1 -0.1027 1  2032 2972 3326 3444 3480 3419 3147 2102  1 1 1 0 0 -0.10 0 5 0.94 3 5 0 12.19 0 -0.102725 -0.324869 0 0 0.0649738 0.0311868 0 0.0311868 0 
3.611 2 1 2 0 0.2424 0.2424 0.3488 0.0173 0.132147 -0.004716 0.2498 1 0.3926 1  2040 2953 3310 3444 3478 3425 3176 2092  1 1 1 0 0 -0.10 0 5 0.94 3 5 0 12.18 0 0.392642 0.669629 0 0 -0.133926 -0.048907 0 -0.048907 0 
3.621 2 1 2 0 0.2435 0.2435 0.3510 0.0176 0.134738 -0.003850 0.2513 1 0.4071 1  2022 2917 3299 3451 3475 3429 3143 2083  1 1 1 0 0 -0.10 0 5 0.94 3 5 0 12.18 0 0.40713 0.495242 0 0 -0.0990483 -0.0477551 0 -0.0477551 0 
3.631 2 1 2 0 0.2386 0.2386 0.3530 0.0179 0.134738 -0.004129 0.2777 1 0.4290 1  1990 2877 3276 3416 3461 3424 3162 2082  1 1 1 0 0 -0.10 0 5 0.93 3 5 0 12.19 0 0.428981 0.478293 0 0 -0.0956586 -0.0539877 0 -0.0539877 0 
3.641 2 1 2 0 0.2278 0.2278 0.3552 0.0182 0.137329 -0.005268 0.3393 1 0.4024 1  1965 2875 3259 3422 3483 3431 3169 2048  1 1 1 0 0 -0.10 0 5 0.94 3 5 0 12.18 0 0.402442 0.396604 0 0 -0.0793208 -0.0535946 0 -0.0535946 0 
3.651 2 1 2 0 0.2427 0.2427 0.3572 0.0185 0.137329 -0.004622 0.3473 1 0.4165 1  1943 2826 3248 3427 3478 3434 3162 2076  1 1 1 0 0 -0.10 0 5 0.94 3 5 0 12.19 0 0.416456 0.412176 0 0 -0.0824351 -0.0594402 0 -0.0594402 0 
3.661 2 1 2 0 0.2484 0.2484 0.3596 0.0188 0.137329 -0.003648 0.3272 1 0.4215 1  1937 2827 3234 3422 3474 3428 3171 2060  1 1 1 0 0 -0.10 0 5 0.93 3 5 0 12.19 0 0.421515 0.413631 0 0 -0.0827263 -0.0635571 0 -0.0635571 0 
3.671 2 1 2 0 0.2316 0.2316 0.3616 0.0191 0.137329 -0.004723 0.3353 1 0.4345 1  1937 2799 3226 3401 3446 3417 3155 2062  1 1 1 0 0 -0.10 0 5 0.93 3 5 0 12.18 0 0.434533 0.481181 0 0 -0.0962362 -0.0703516 0 -0.0703516 0 
3.681 2 1 2 0 0.2430 0.2430 0.3637 0.0194 0.139921 -0.004860 0.3715 1 0.4204 1  1921 2778 3215 3399 3463 3421 3160 2084  1 1 1 0 0 -0.10 0 5 0.92 3 5 0 12.19 0 0.420361 0.419401 0 0 -0.0838803 -0.0693685 0 -0.0693685 0 
3.691 2 1 2 0 0.2523 0.2523 0.3659 0.0197 0.137329 -0.004058 0.8160 1 0.3977 1  1922 2798 3225 3410 3480 3428 3194 2120  1 1 1 0 0 -0.10 0 5 0.93 3 5 0 12.19 0 0.397704 0.354279 0 0 -0.0708559 -0.0673826 0 -0.0673826 0 
3.701 2 1 2 0 0.2288 0.2288 0.3679 0.0200 0.142512 -0.004827 0.3426 1 0.4331 1  1937 2767 3220 3410 3469 3423 3194 2144  1 1 1 0 0 -0.10 0 5 0.93 3 5 0 12.19 0 0.433138 0.425537 0 0 -0.0851073 -0.0747777 0 -0.0747777 0 
3.711 2 1 2 0 0.2344 0.2344 0.3701 0.0203 0.145103 -0.005016 0.3462 1 0.4486 1  1941 2749 3220 3411 3474 3433 3209 2191  1 1 1 0 0 -0.10 0 5 0.93 3 5 0 12.19 0 0.44855 0.472134 0 0 -0.0944268 -0.079572 0 -0.079572 0 
3.721 2 1 2 0 0.2379 0.2379 0.3721 0.0206 0.145103 -0.005610 0.3478 1 0.4477 1  1935 2790 3224 3414 3475 3437 3222 2222  1 1 1 0 0 -0.10 0 5 0.93 3 5 0 12.18 0 0.447711 0.471614 0 0 -0.0943228 -0.0810151 0 -0.0810151 0 
3.731 2 1 2 0 0.2436 0.2436 0.3745 0.0209 0.145103 -0.005229 0.3236 1 0.4769 1  1930 2744 3224 3423 3463 3438 3248 2258  1 1 1 0 0 -0.10 0 5 0.94 3 5 0 12.19 0 0.476924 0.488016 0 0 -0.0976032 -0.0853012 0 -0.0853012 0 
3.741 2 1 2 0 0.2383 0.2383 0.3767 0.0212 0.147694 -0.006099 0.8278 1 0.4548 1  1902 2757 3209 3416 3486 3450 3263 2299  1 1 1 0 0 -0.10 0 5 0.94 3 5 0 12.19 0 0.454803 0.437068 0 0 -0.0874135 -0.0831285 0 -0.0831285 0 
3.751 2 1 2 0 0.2300 0.2300 0.3787 0.0215 0.147694 -0.006661 0.3529 1 0.4908 1  1896 2735 3199 3417 3474 3450 3283 2347  1 1 1 0 0 -0.10 0 5 0.94 3 5 0 12.19 0 0.490775 0.541369 0 0 -0.108274 -0.0911456 0 -0.0911456 0 
3.761 2 1 2 0 0.2398 0.2398 0.3808 0.0219 0.150285 -0.006433 0.3628 1 0.5046 1  1883 2719 3192 3415 3473 3451 3298 2373  1 1 1 0 0 -0.10 0 5 0.94 3 5 0 12.18 0 0.504615 0.573248 0 0 -0.11465 -0.0944985 0 -0.0944985 0 
3.771 2 1 2 0 0.2294 0.2294 0.3828 0.0222 0.150285 -0.006374 0.3259 1 0.5142 1  1884 2696 3216 3452 3473 3448 3284 2364  1 1 1 0 0 -0.10 0 5 0.94 3 5 0 12.18 0 0.514201 0.537299 0 0 -0.10746 -0.0948141 0 -0.0948141 0 
3.781 2 1 2 0 0.2316 0.2316 0.3850 0.0225 0.152876 -0.006967 0.8662 1 0.4865 1  1865 2654 3174 3400 3469 3433 3312 2404  1 1 1 0 0 -0.10 0 5 0.94 4 5 0 12.19 0 0.48647 0.453354 0 0 -0.0906708 -0.0906282 0 -0.0906282 0 
3.791 2 1 2 0 0.2318 0.2318 0.3872 0.0228 0.155467 -0.007097 1.0053 1 0.5297 1  1849 2654 3166 3405 3472 3470 3313 2419  1 1 1 0 0 -0.10 0 5 0.95 4 5 0 12.19 0 0.529711 0.545656 0 0 -0.109131 -0.0986608 0 -0.0986608 0 
3.801 2 1 2 0 0.2368 0.2368 0.3892 0.0231 0.155467 -0.006488 0.9242 1 0.5383 1  1829 2637 3143 3402 3473 3461 3324 2438  1 1 1 0 0 -0.10 0 5 0.95 4 5 0 12.19 0 0.538252 0.556998 0 0 -0.1114 -0.100883 0 -0.100883 0 
3.811 2 1 2 0 0.2400 0.2400 0.3914 0.0235 0.158059 -0.005974 0.9059 1 0.5122 1  1829 2627 3147 3414 3489 3467 3340 2448  1 1 1 0 0 -0.10 0 5 0.96 4 5 0 12.18 0 0.512204 0.484321 0 0 -0.0968642 -0.0970646 0 -0.0970646 0 
3.821 2 1 2 0 0.2316 0.2316 0.3933 0.0238 0.158059 -0.006467 0.9048 1 0.5191 1  1798 2598 3125 3399 3484 3440 3342 2449  1 1 1 0 0 -0.10 0 5 0.95 4 5 0 12.19 0 0.519068 0.497103 0 0 -0.0994206 -0.0989606 0 -0.0989606 0 
3.831 2 1 2 0 0.2257 0.2257 0.3955 0.0241 0.160650 -0.007475 0.9236 1 0.5024 1  1781 2571 3111 3401 3473 3435 3346 2472  1 1 1 0 0 -0.10 0 5 0.95 4 5 0 12.19 0 0.502379 0.4515 0 0 -0.0903 -0.0965886 0 -0.0965886 0 
3.841 2 1 2 0 0.2335 0.2335 0.3975 0.0245 0.160650 -0.007049 0.9908 1 0.5439 1  1785 2553 3121 3402 3478 3484 3355 2475  1 1 1 0 0 -0.10 0 5 0.96 4 5 0 12.18 0 0.543866 0.553978 0 0 -0.110796 -0.104477 0 -0.104477 0 
3.851 2 1 2 0 0.2289 0.2289 0.3997 0.0248 0.163241 -0.006883 0.9388 1 1.9064 1  1770 2527 3093 3394 3483 3458 3354 2497  1 1 1 0 0 1.90 0 5 0.94 4 6 0 12.20 0 1.90638 2.90938 0 0 -0.581876 -0.303396 0 -0.303396 0 
3.861 2 1 2 0 0.2252 0.2252 0.4017 0.0251 0.163241 -0.007317 0.9695 1 0.5579 1  1737 2501 3078 3380 3485 3471 3359 2506  1 1 1 0 0 -0.10 0 5 0.96 4 5 0 12.18 0 0.557938 -0.49342 0 0 0.0986841 -0.0763756 0 -0.0763756 0 
3.871 2 1 2 0 0.2267 0.2267 0.4038 0.0255 0.165832 -0.007706 0.9816 1 1.9048 1  1757 2474 3065 3380 3477 3460 3355 2515  1 1 1 0 0 1.76 0 5 0.95 4 5 0 12.19 0 1.90482 3.77459 0 0 -0.754917 -0.356047 0 -0.356047 0 
3.881 2 1 2 0 0.2384 0.2384 0.4058 0.0258 0.165832 -0.006800 1.0368 1 1.9188 1  1748 2457 3026 3370 3463 3462 3366 2523  1 1 1 0 0 1.64 0 5 0.94 4 6 0 12.18 0 1.9188 2.7767 0 0 -0.55534 -0.321809 0 -0.321809 0 
3.891 2 1 2 0 0.2267 0.2267 0.4080 0.0262 0.168423 -0.006345 1.0011 1 1.9528 1  1753 2450 3036 3367 3473 3465 3373 2551  1 1 1 0 0 1.85 0 5 0.95 4 6 0 12.17 0 1.95278 2.36056 0 0 -0.472112 -0.317103 0 -0.317103 0 
3.901 2 1 2 0 0.2353 0.2353 0.4098 0.0265 0.171014 -0.006318 1.0583 1 0.5799 1  1765 2441 3019 3329 3471 3477 3367 2559  1 1 1 0 0 -0.10 0 5 0.95 4 6 0 12.18 0 0.579891 -0.859016 0 0 0.171803 -0.0964528 0 -0.0964528 0 
3.911 2 1 2 0 0.2185 0.2185 0.4118 0.0269 0.176196 -0.007132 1.0399 1 1.9504 1  1755 2443 2975 3340 3471 3473 3378 2569  1 1 1 0 0 1.73 0 5 0.95 4 6 0 12.17 0 1.95042 2.27671 0 0 -0.455342 -0.331382 0 -0.331382 0 
3.921 2 1 2 0 0.2380 0.2380 0.4139 0.0272 0.173605 -0.006187 1.0349 1 1.9348 1  1817 2448 2977 3346 3475 3475 3360 2586  1 1 1 0 0 1.69 0 5 0.95 4 6 0 12.19 0 1.93483 1.9514 0 0 -0.390281 -0.326475 0 -0.326475 0 
3.931 2 1 2 0 0.2317 0.2317 0.4159 0.0276 0.178788 -0.005558 1.0617 1 1.9574 1  1757 2439 2961 3348 3471 3474 3384 2602  1 1 1 0 0 1.68 0 5 0.95 4 6 0 12.17 0 1.95743 1.99007 0 0 -0.398015 -0.339057 0 -0.339057 0 
