%% logfile from robot Alma (11)
% Alma (11)
%  1    time 1.510 sec
%  2  3  4  5   (mission 0), state 2, entered (thread 1, line 1), events 0x0 (bit-flags)
%  6  7 Motor velocity ref left, right: -0.0497 -0.0288
%  8  9 10 11 Pose x,y,h,tilt [m,m,rad,rad]: -0.0186754 5.48945e-05 -0.00259112 0.00727097
% 12 .. 33 Edge sensor: left 0.000000 0, right 0.000000 0, values 1417 1926 2099 2233 2375 2401 2253 1659, 
%    white 1, used 1, LEDhigh=1, xingVal=0.00 xlcnt=0 lvcnt=0,LineVal=1.00, lineLow=-1, lineHi=-1, edgeAngle=0.
% whitelevel=[2898 3352 3437 3462 3485 3466 3391 2862];
% blacklevel=[1435 1889 2091 2192 2279 2230 2035 1497];
% 34    Battery voltage [V]: 11.87
% 35 44 ctrl edge, ref=0, m=5.27589e+32, m2=-3.75522e+19, uf=6.24629e-26, r2=7.52011e+12, ep=7.51044e+18,up=-5.32387e+28, ui=0, u1=5.33954e-20, u=8.10689e-22
1.510 2 1 1 0 -0.0497 -0.0288 -0.0187 0.0001 -0.002591 0.007271 0.0000 0 0.0000 0  1417 1926 2099 2233 2375 2401 2253 1659  1 1 1 0.00 0 0 1.00 -1 -1 0 11.87 0 5.27589e+32 -3.75522e+19 6.24629e-26 7.52011e+12 7.51044e+18 -5.32387e+28 0 5.33954e-20 8.10689e-22 
1.520 2 1 1 0 -0.0590 -0.0420 -0.0187 0.0001 -0.002591 0.007963 0.0000 0 0.0000 0  1434 1930 2108 2235 2381 2423 2254 1663  1 1 1 0.00 0 0 1.00 -1 -1 0 11.86 0 5.27589e+32 -3.75522e+19 6.24629e-26 7.52011e+12 7.51044e+18 -5.32387e+28 0 5.33954e-20 8.10689e-22 
1.530 2 1 1 0 -0.0507 -0.0714 -0.0189 0.0001 0.000000 0.007891 0.0000 0 0.0000 0  1421 1930 2089 2239 2375 2411 2252 1662  1 1 1 0.00 0 0 1.00 -1 -1 0 11.85 0 5.27589e+32 -3.75522e+19 6.24629e-26 7.52011e+12 7.51044e+18 -5.32387e+28 0 5.33954e-20 8.10689e-22 
1.540 2 1 1 0 -0.0589 -0.0376 -0.0191 0.0001 -0.002591 0.009762 0.0000 0 0.0000 0  1407 1934 2116 2241 2383 2415 2265 1666  1 1 1 0.00 0 0 1.00 -1 -1 0 11.86 0 5.27589e+32 -3.75522e+19 6.24629e-26 7.52011e+12 7.51044e+18 -5.32387e+28 0 5.33954e-20 8.10689e-22 
1.550 2 1 1 0 -0.0473 -0.0373 -0.0195 0.0001 -0.002591 0.010616 0.0000 0 0.0000 0  1433 1943 2121 2248 2396 2420 2254 1679  1 1 1 0.00 0 0 1.00 -1 -1 0 11.86 0 5.27589e+32 -3.75522e+19 6.24629e-26 7.52011e+12 7.51044e+18 -5.32387e+28 0 5.33954e-20 8.10689e-22 
1.560 2 1 1 0 -0.0398 -0.0291 -0.0195 0.0001 -0.002591 0.014013 0.0000 0 0.0000 0  1442 1958 2142 2270 2415 2443 2284 1682  1 1 1 0.00 0 0 1.00 -1 -1 0 11.87 0 5.27589e+32 -3.75522e+19 6.24629e-26 7.52011e+12 7.51044e+18 -5.32387e+28 0 5.33954e-20 8.10689e-22 
1.570 2 1 1 0 -0.0430 -0.0319 -0.0195 0.0001 -0.002591 0.016198 0.0000 0 0.0000 0  1449 1970 2150 2286 2429 2455 2300 1694  1 1 1 0.00 0 0 1.00 -1 -1 0 11.88 0 5.27589e+32 -3.75522e+19 6.24629e-26 7.52011e+12 7.51044e+18 -5.32387e+28 0 5.33954e-20 8.10689e-22 
1.580 2 1 1 0 -0.0500 -0.0384 -0.0195 0.0001 -0.002591 0.017873 0.0000 0 0.0000 0  1453 1988 2160 2298 2430 2467 2311 1686  1 1 1 0.00 0 0 1.00 -1 -1 0 11.86 0 5.27589e+32 -3.75522e+19 6.24629e-26 7.52011e+12 7.51044e+18 -5.32387e+28 0 5.33954e-20 8.10689e-22 
1.590 2 1 1 0 -0.0565 -0.0447 -0.0195 0.0001 -0.002591 0.019245 0.0000 0 0.0000 0  1470 1996 2170 2303 2447 2476 2304 1710  1 1 1 0.00 0 0 1.00 -1 -1 0 11.86 0 5.27589e+32 -3.75522e+19 6.24629e-26 7.52011e+12 7.51044e+18 -5.32387e+28 0 5.33954e-20 8.10689e-22 
1.600 2 1 1 0 -0.0489 -0.0683 -0.0197 0.0001 0.000000 0.020042 0.0000 0 0.0000 0  1462 2006 2184 2322 2458 2487 2284 1716  1 1 1 0.00 0 0 1.00 -1 -1 0 11.85 0 5.27589e+32 -3.75522e+19 6.24629e-26 7.52011e+12 7.51044e+18 -5.32387e+28 0 5.33954e-20 8.10689e-22 
1.610 2 1 1 0 -0.0869 -0.0603 -0.0203 0.0001 -0.002591 0.020309 0.0000 0 0.0000 0  1478 2005 2180 2303 2461 2480 2310 1712  1 1 1 0.00 0 0 1.00 -1 -1 0 11.87 0 5.27589e+32 -3.75522e+19 6.24629e-26 7.52011e+12 7.51044e+18 -5.32387e+28 0 5.33954e-20 8.10689e-22 
1.620 2 1 1 0 -0.0758 -0.0537 -0.0207 0.0001 -0.002591 0.020931 0.0000 0 0.0000 0  1474 2015 2192 2336 2467 2496 2346 1721  1 1 1 0.00 0 0 1.00 -1 -1 0 11.87 0 5.27589e+32 -3.75522e+19 6.24629e-26 7.52011e+12 7.51044e+18 -5.32387e+28 0 5.33954e-20 8.10689e-22 
1.630 2 1 1 0 -0.0267 -0.0365 -0.0209 0.0001 0.000000 0.025869 0.0000 0 0.0000 0  1491 2033 2209 2333 2492 2507 2334 1735  1 1 1 0.00 0 0 1.00 -1 -1 0 11.87 0 5.27589e+32 -3.75522e+19 6.24629e-26 7.52011e+12 7.51044e+18 -5.32387e+28 0 5.33954e-20 8.10689e-22 
1.640 2 1 1 0 -0.0275 -0.0318 -0.0209 0.0001 0.000000 0.029358 0.0000 0 0.0000 0  1499 2061 2238 2352 2512 2540 2358 1751  1 1 1 0.00 0 0 1.00 -1 -1 0 11.87 0 5.27589e+32 -3.75522e+19 6.24629e-26 7.52011e+12 7.51044e+18 -5.32387e+28 0 5.33954e-20 8.10689e-22 
1.650 2 1 1 0 -0.0257 -0.0265 -0.0209 0.0001 0.000000 0.032627 0.0000 0 0.0000 0  1520 2084 2257 2371 2535 2562 2373 1762  1 1 1 0.00 0 0 1.00 -1 -1 0 11.87 0 5.27589e+32 -3.75522e+19 6.24629e-26 7.52011e+12 7.51044e+18 -5.32387e+28 0 5.33954e-20 8.10689e-22 
1.660 2 1 1 0 -0.0297 -0.0284 -0.0209 0.0001 0.000000 0.035573 0.0000 0 0.0000 0  1532 2093 2275 2388 2551 2575 2388 1780  1 1 1 0.00 0 0 1.00 -1 -1 0 11.87 0 5.27589e+32 -3.75522e+19 6.24629e-26 7.52011e+12 7.51044e+18 -5.32387e+28 0 5.33954e-20 8.10689e-22 
1.670 2 1 1 0 -0.0383 -0.0358 -0.0209 0.0001 0.000000 0.037020 0.0000 0 0.0000 0  1535 2112 2287 2401 2555 2588 2416 1783  1 1 1 0.00 0 0 1.00 -1 -1 0 11.87 0 5.27589e+32 -3.75522e+19 6.24629e-26 7.52011e+12 7.51044e+18 -5.32387e+28 0 5.33954e-20 8.10689e-22 
1.680 2 1 1 0 -0.0411 -0.0378 -0.0209 0.0001 0.000000 0.037652 0.0000 0 0.0000 0  1540 2105 2295 2411 2568 2597 2423 1790  1 1 1 0.00 0 0 1.00 -1 -1 0 11.87 0 5.27589e+32 -3.75522e+19 6.24629e-26 7.52011e+12 7.51044e+18 -5.32387e+28 0 5.33954e-20 8.10689e-22 
1.690 2 1 1 0 -0.0186 -0.0476 -0.0211 0.0001 0.002591 0.038932 0.0000 0 0.0000 0  1549 2108 2306 2432 2578 2602 2426 1796  1 1 1 0.00 0 0 1.00 -1 -1 0 11.87 0 5.27589e+32 -3.75522e+19 6.24629e-26 7.52011e+12 7.51044e+18 -5.32387e+28 0 5.33954e-20 8.10689e-22 
1.700 2 1 1 0 -0.0379 -0.0189 -0.0213 0.0001 0.000000 0.040558 0.0000 0 0.0000 0  1557 2117 2318 2435 2591 2604 2445 1804  1 1 1 0.00 0 0 1.00 -1 -1 0 11.87 0 5.27589e+32 -3.75522e+19 6.24629e-26 7.52011e+12 7.51044e+18 -5.32387e+28 0 5.33954e-20 8.10689e-22 
1.710 2 1 1 0 -0.0153 -0.0315 -0.0215 0.0001 0.002591 0.042271 0.0000 0 0.0000 0  1562 2136 2328 2440 2604 2631 2456 1819  1 1 1 0.00 0 0 1.00 -1 -1 0 11.87 0 5.27589e+32 -3.75522e+19 6.24629e-26 7.52011e+12 7.51044e+18 -5.32387e+28 0 5.33954e-20 8.10689e-22 
1.720 2 1 1 0 -0.0094 -0.0210 -0.0215 0.0001 0.002591 0.044371 0.0000 0 0.0000 0  1573 2151 2339 2453 2616 2646 2472 1824  1 1 1 0.00 0 0 1.00 -1 -1 0 11.87 0 5.27589e+32 -3.75522e+19 6.24629e-26 7.52011e+12 7.51044e+18 -5.32387e+28 0 5.33954e-20 8.10689e-22 
1.730 2 1 1 0 -0.0017 -0.0106 -0.0215 0.0001 0.002591 0.046767 0.0000 0 0.0000 0  1582 2160 2352 2469 2630 2662 2485 1835  1 1 1 0.00 0 0 1.00 -1 -1 0 11.87 0 5.27589e+32 -3.75522e+19 6.24629e-26 7.52011e+12 7.51044e+18 -5.32387e+28 0 5.33954e-20 8.10689e-22 
1.740 2 1 1 0 0.0082 0.0010 -0.0215 0.0001 0.002591 0.049425 0.0000 0 0.0000 0  1595 2178 2365 2483 2646 2674 2506 1852  1 1 1 0.00 0 0 1.00 -1 -1 0 11.87 0 5.27589e+32 -3.75522e+19 6.24629e-26 7.52011e+12 7.51044e+18 -5.32387e+28 0 5.33954e-20 8.10689e-22 
1.750 2 1 1 0 0.0195 0.0131 -0.0215 0.0001 0.002591 0.052256 0.0000 0 0.0000 0  1607 2190 2380 2505 2664 2689 2520 1864  1 1 1 0.00 0 0 1.00 -1 -1 0 11.87 0 5.27589e+32 -3.75522e+19 6.24629e-26 7.52011e+12 7.51044e+18 -5.32387e+28 0 5.33954e-20 8.10689e-22 
1.760 2 1 1 0 0.0324 0.0265 -0.0215 0.0001 0.002591 0.055367 0.0000 0 0.0000 0  1615 2206 2394 2517 2679 2705 2538 1874  1 1 1 0.00 0 0 1.00 -1 -1 0 11.87 0 5.27589e+32 -3.75522e+19 6.24629e-26 7.52011e+12 7.51044e+18 -5.32387e+28 0 5.33954e-20 8.10689e-22 
1.770 2 1 1 0 0.0493 0.0436 -0.0215 0.0001 0.002591 0.058812 0.0000 0 0.0000 0  1636 2210 2378 2543 2697 2732 2564 1900  1 1 1 0.00 0 0 1.00 -1 -1 0 11.87 0 5.27589e+32 -3.75522e+19 6.24629e-26 7.52011e+12 7.51044e+18 -5.32387e+28 0 5.33954e-20 8.10689e-22 
1.780 2 1 1 0 0.0526 0.0535 -0.0211 0.0001 0.002591 0.062215 0.0000 0 0.0000 0  1651 2253 2436 2560 2724 2740 2582 1882  1 1 1 0.00 0 0 1.00 -1 -1 0 11.86 0 5.27589e+32 -3.75522e+19 6.24629e-26 7.52011e+12 7.51044e+18 -5.32387e+28 0 5.33954e-20 8.10689e-22 
1.790 2 1 1 0 0.0889 0.0822 -0.0207 0.0001 0.002591 0.065335 0.0000 0 0.0000 0  1660 2233 2431 2575 2730 2747 2602 1927  1 1 1 0.00 0 0 1.00 -1 -1 0 11.86 0 5.27589e+32 -3.75522e+19 6.24629e-26 7.52011e+12 7.51044e+18 -5.32387e+28 0 5.33954e-20 8.10689e-22 
1.800 2 1 1 0 0.0765 0.0669 -0.0203 0.0001 0.002591 0.066248 0.0000 0 0.0000 0  1661 2260 2446 2584 2745 2774 2611 1959  1 1 1 0.00 0 0 1.00 -1 -1 0 11.87 0 5.27589e+32 -3.75522e+19 6.24629e-26 7.52011e+12 7.51044e+18 -5.32387e+28 0 5.33954e-20 8.10689e-22 
1.810 2 1 1 0 0.1182 0.0746 -0.0201 0.0001 0.005182 0.067782 0.0000 0 0.0000 0  1667 2268 2448 2592 2768 2771 2620 1953  1 1 1 0.00 0 0 1.00 -1 -1 0 11.86 0 5.27589e+32 -3.75522e+19 6.24629e-26 7.52011e+12 7.51044e+18 -5.32387e+28 0 5.33954e-20 8.10689e-22 
1.820 2 1 1 0 0.1161 0.0777 -0.0193 0.0001 0.005182 0.069088 0.0000 0 0.0000 0  1672 2265 2467 2597 2758 2807 2635 1958  1 1 1 0.00 0 0 1.00 -1 -1 0 11.87 0 5.27589e+32 -3.75522e+19 6.24629e-26 7.52011e+12 7.51044e+18 -5.32387e+28 0 5.33954e-20 8.10689e-22 
1.830 2 1 1 0 0.1044 0.0752 -0.0189 0.0001 0.005182 0.067240 0.0000 0 0.0000 0  1668 2246 2458 2581 2749 2776 2613 1959  1 1 1 0.00 0 0 1.00 -1 -1 0 11.87 0 5.27589e+32 -3.75522e+19 6.24629e-26 7.52011e+12 7.51044e+18 -5.32387e+28 0 5.33954e-20 8.10689e-22 
1.840 2 1 1 0 0.1109 0.1159 -0.0183 0.0001 0.002591 0.067619 0.0000 0 0.0000 0  1665 2242 2437 2574 2744 2780 2614 1961  1 1 1 0.00 0 0 1.00 -1 -1 0 11.86 0 5.27589e+32 -3.75522e+19 6.24629e-26 7.52011e+12 7.51044e+18 -5.32387e+28 0 5.33954e-20 8.10689e-22 
1.850 2 1 1 0 0.1738 0.1067 -0.0175 0.0001 0.007773 0.067467 0.0000 0 0.0000 0  1668 2234 2456 2585 2753 2785 2637 1964  1 1 1 0.00 0 0 1.00 -1 -1 0 11.86 0 5.27589e+32 -3.75522e+19 6.24629e-26 7.52011e+12 7.51044e+18 -5.32387e+28 0 5.33954e-20 8.10689e-22 
1.860 2 1 1 0 0.1403 0.1519 -0.0167 0.0001 0.002591 0.067860 0.0000 0 0.0000 0  1659 2218 2436 2572 2723 2774 2634 1969  1 1 1 0.00 0 0 1.00 -1 -1 0 11.84 0 5.27589e+32 -3.75522e+19 6.24629e-26 7.52011e+12 7.51044e+18 -5.32387e+28 0 5.33954e-20 8.10689e-22 
1.870 2 1 1 0 0.1308 0.1411 -0.0159 0.0001 0.002591 0.065577 0.0000 0 0.0000 0  1657 2213 2397 2551 2711 2759 2622 1958  1 1 1 0.00 0 0 1.00 -1 -1 0 11.86 0 5.27589e+32 -3.75522e+19 6.24629e-26 7.52011e+12 7.51044e+18 -5.32387e+28 0 5.33954e-20 8.10689e-22 
1.880 2 1 1 0 0.1350 0.1754 -0.0149 0.0001 0.000000 0.065465 0.0000 0 0.0000 0  1661 2188 2377 2544 2701 2744 2614 1963  1 1 1 0.00 0 0 1.00 -1 -1 0 11.83 0 5.27589e+32 -3.75522e+19 6.24629e-26 7.52011e+12 7.51044e+18 -5.32387e+28 0 5.33954e-20 8.10689e-22 
1.890 2 1 1 0 0.1499 0.1508 -0.0139 0.0001 0.002591 0.063373 0.0000 0 0.0000 0  1648 2184 2363 2508 2699 2730 2595 1950  1 1 1 0.00 0 0 1.00 -1 -1 0 11.86 0 5.27589e+32 -3.75522e+19 6.24629e-26 7.52011e+12 7.51044e+18 -5.32387e+28 0 5.33954e-20 8.10689e-22 
1.900 2 1 1 0 0.1400 0.1390 -0.0127 0.0001 0.002591 0.061216 0.0000 0 0.0000 0  1631 2166 2326 2458 2672 2727 2580 1929  1 1 1 0.00 0 0 1.00 -1 -1 0 11.86 0 5.27589e+32 -3.75522e+19 6.24629e-26 7.52011e+12 7.51044e+18 -5.32387e+28 0 5.33954e-20 8.10689e-22 
1.910 2 1 1 0 0.1736 0.1363 -0.0116 0.0001 0.005182 0.058436 0.0000 0 0.0000 0  1634 2147 2314 2439 2652 2691 2534 1913  1 1 1 0.00 0 0 1.00 -1 -1 0 11.85 0 5.27589e+32 -3.75522e+19 6.24629e-26 7.52011e+12 7.51044e+18 -5.32387e+28 0 5.33954e-20 8.10689e-22 
1.920 2 1 1 0 0.1635 0.1326 -0.0104 0.0001 0.005182 0.056380 0.0000 0 0.0000 0  1591 2134 2272 2393 2610 2666 2520 1875  1 1 1 0.00 0 0 1.00 -1 -1 0 11.85 0 5.27589e+32 -3.75522e+19 6.24629e-26 7.52011e+12 7.51044e+18 -5.32387e+28 0 5.33954e-20 8.10689e-22 
1.930 2 1 1 0 0.1609 0.1373 -0.0092 0.0001 0.005182 0.054178 0.0000 0 0.0000 0  1620 2121 2256 2387 2601 2641 2500 1871  1 1 1 0.00 0 0 1.00 -1 -1 0 11.85 0 5.27589e+32 -3.75522e+19 6.24629e-26 7.52011e+12 7.51044e+18 -5.32387e+28 0 5.33954e-20 8.10689e-22 
1.940 2 1 1 0 0.1746 0.1505 -0.0080 0.0001 0.005182 0.052203 0.0000 0 0.0000 0  1607 2111 2227 2359 2578 2625 2488 1860  1 1 1 0.00 0 0 1.00 -1 -1 0 11.84 0 5.27589e+32 -3.75522e+19 6.24629e-26 7.52011e+12 7.51044e+18 -5.32387e+28 0 5.33954e-20 8.10689e-22 
1.950 2 1 1 0 0.1821 0.1559 -0.0068 0.0001 0.005182 0.051286 0.0000 0 0.0000 0  1599 2085 2217 2350 2551 2604 2469 1847  1 1 1 0.00 0 0 1.00 -1 -1 0 11.86 0 5.27589e+32 -3.75522e+19 6.24629e-26 7.52011e+12 7.51044e+18 -5.32387e+28 0 5.33954e-20 8.10689e-22 
1.960 2 1 1 0 0.1693 0.1388 -0.0056 0.0001 0.005182 0.048785 0.0000 0 0.0000 0  1572 2094 2194 2289 2517 2574 2444 1825  1 1 1 0.00 0 0 1.00 -1 -1 0 11.86 0 5.27589e+32 -3.75522e+19 6.24629e-26 7.52011e+12 7.51044e+18 -5.32387e+28 0 5.33954e-20 8.10689e-22 
1.970 2 1 1 0 0.1777 0.1474 -0.0044 0.0001 0.005182 0.047173 0.0000 0 0.0000 0  1582 2080 2175 2261 2489 2556 2421 1817  1 1 1 0.00 0 0 1.00 -1 -1 0 11.85 0 5.27589e+32 -3.75522e+19 6.24629e-26 7.52011e+12 7.51044e+18 -5.32387e+28 0 5.33954e-20 8.10689e-22 
1.980 2 1 1 0 0.1784 0.1487 -0.0032 0.0001 0.005182 0.045387 0.0000 0 0.0000 0  1584 2068 2163 2284 2459 2517 2393 1801  1 1 1 0.00 0 0 1.00 -1 -1 0 11.85 0 5.27589e+32 -3.75522e+19 6.24629e-26 7.52011e+12 7.51044e+18 -5.32387e+28 0 5.33954e-20 8.10689e-22 
1.990 2 1 1 0 0.1497 0.1604 -0.0018 0.0001 0.002591 0.043178 0.0000 0 0.0000 0  1555 2065 2150 2224 2420 2489 2382 1783  1 1 1 0.00 0 0 1.00 -1 -1 0 11.86 0 5.27589e+32 -3.75522e+19 6.24629e-26 7.52011e+12 7.51044e+18 -5.32387e+28 0 5.33954e-20 8.10689e-22 
2.000 2 1 1 0 0.1789 0.1520 -0.0004 0.0001 0.005182 0.041550 0.0000 0 0.0000 0  1568 2047 2142 2203 2384 2454 2348 1770  1 1 1 0.00 0 0 1.00 -1 -1 0 11.86 0 5.27589e+32 -3.75522e+19 6.24629e-26 7.52011e+12 7.51044e+18 -5.32387e+28 0 5.33954e-20 8.10689e-22 
2.010 2 1 1 0 0.1792 0.1839 0.0010 0.0001 0.002591 0.041220 0.0000 0 0.0000 0  1564 2069 2142 2189 2363 2427 2314 1760  1 1 1 0.00 0 0 1.00 -1 -1 0 11.86 0 5.27589e+32 -3.75522e+19 6.24629e-26 7.52011e+12 7.51044e+18 -5.32387e+28 0 5.33954e-20 8.10689e-22 
2.020 2 1 1 0 0.1802 0.1447 0.0024 0.0002 0.005182 0.038983 0.0000 0 0.0000 0  1569 2033 2135 2172 2315 2389 2292 1741  1 1 1 0.00 0 0 1.00 -1 -1 0 11.86 0 5.27589e+32 -3.75522e+19 6.24629e-26 7.52011e+12 7.51044e+18 -5.32387e+28 0 5.33954e-20 8.10689e-22 
2.030 2 1 1 0 0.1653 0.1660 0.0038 0.0002 0.002591 0.037472 0.0000 0 0.0000 0  1560 2051 2129 2162 2296 2351 2265 1719  1 1 1 0.00 0 0 1.00 -1 -1 0 11.87 0 5.27589e+32 -3.75522e+19 6.24629e-26 7.52011e+12 7.51044e+18 -5.32387e+28 0 5.33954e-20 8.10689e-22 
2.040 2 1 1 0 0.1899 0.1528 0.0052 0.0002 0.005182 0.035782 0.0000 0 0.0000 0  1566 2044 2130 2148 2262 2325 2228 1698  1 1 1 0.00 0 0 1.00 -1 -1 0 11.87 0 5.27589e+32 -3.75522e+19 6.24629e-26 7.52011e+12 7.51044e+18 -5.32387e+28 0 5.33954e-20 8.10689e-22 
2.050 2 1 1 0 0.1850 0.1501 0.0064 0.0002 0.005182 0.034803 0.0000 0 0.0000 0  1574 2067 2130 2164 2282 2292 2223 1671  1 1 1 0.00 0 0 1.00 -1 -1 0 11.86 0 5.27589e+32 -3.75522e+19 6.24629e-26 7.52011e+12 7.51044e+18 -5.32387e+28 0 5.33954e-20 8.10689e-22 
2.060 2 1 1 0 0.1863 0.1503 0.0080 0.0002 0.005182 0.033403 0.0000 0 0.0000 0  1558 2042 2122 2151 2241 2280 2172 1635  1 1 1 0.00 0 0 1.00 -1 -1 0 11.86 0 5.27589e+32 -3.75522e+19 6.24629e-26 7.52011e+12 7.51044e+18 -5.32387e+28 0 5.33954e-20 8.10689e-22 
2.070 2 1 1 0 0.1793 0.1792 0.0094 0.0002 0.002591 0.033302 0.0000 0 0.0000 0  1579 2049 2133 2152 2257 2271 2154 1636  1 1 1 0.00 0 0 1.00 -1 -1 0 11.86 0 5.27589e+32 -3.75522e+19 6.24629e-26 7.52011e+12 7.51044e+18 -5.32387e+28 0 5.33954e-20 8.10689e-22 
2.080 2 1 1 0 0.1923 0.1482 0.0108 0.0002 0.005182 0.032460 0.0000 0 0.0000 0  1575 2073 2128 2152 2262 2257 2132 1596  1 1 1 0.00 0 0 1.00 -1 -1 0 11.86 0 5.27589e+32 -3.75522e+19 6.24629e-26 7.52011e+12 7.51044e+18 -5.32387e+28 0 5.33954e-20 8.10689e-22 
2.090 2 1 1 0 0.1817 0.1765 0.0122 0.0002 0.002591 0.032106 0.0000 0 0.0000 0  1573 2066 2138 2138 2247 2241 2096 1578  1 1 1 0.00 0 0 1.00 -1 -1 0 11.86 0 5.27589e+32 -3.75522e+19 6.24629e-26 7.52011e+12 7.51044e+18 -5.32387e+28 0 5.33954e-20 8.10689e-22 
2.100 2 1 1 0 0.1850 0.1425 0.0137 0.0002 0.005182 0.030548 0.0000 0 0.0000 0  1568 2029 2135 2154 2230 2219 2088 1582  1 1 1 0.00 0 0 1.00 -1 -1 0 11.86 0 5.27589e+32 -3.75522e+19 6.24629e-26 7.52011e+12 7.51044e+18 -5.32387e+28 0 5.33954e-20 8.10689e-22 
2.110 2 1 1 0 0.2023 0.1621 0.0153 0.0002 0.005182 0.030553 0.0000 0 0.0000 0  1565 2084 2144 2156 2202 2233 2084 1576  1 1 1 0.00 0 0 1.00 -1 -1 0 11.86 0 5.27589e+32 -3.75522e+19 6.24629e-26 7.52011e+12 7.51044e+18 -5.32387e+28 0 5.33954e-20 8.10689e-22 
2.120 2 1 1 0 0.1915 0.1883 0.0167 0.0002 0.002591 0.031145 0.0000 0 0.0000 0  1573 2069 2160 2159 2250 2235 2075 1559  1 1 1 0.00 0 0 1.00 -1 -1 0 11.86 0 5.27589e+32 -3.75522e+19 6.24629e-26 7.52011e+12 7.51044e+18 -5.32387e+28 0 5.33954e-20 8.10689e-22 
2.130 2 1 1 0 0.1776 0.1740 0.0183 0.0002 0.002591 0.029663 0.0000 0 0.0000 0  1563 2045 2131 2165 2248 2237 2072 1559  1 1 1 0.00 0 0 1.00 -1 -1 0 11.86 0 5.27589e+32 -3.75522e+19 6.24629e-26 7.52011e+12 7.51044e+18 -5.32387e+28 0 5.33954e-20 8.10689e-22 
2.140 2 1 1 0 0.1907 0.1865 0.0199 0.0002 0.002591 0.029674 0.0000 0 0.0000 0  1557 2032 2146 2167 2252 2230 2048 1530  1 1 1 0.00 0 0 1.00 -1 -1 0 11.86 0 5.27589e+32 -3.75522e+19 6.24629e-26 7.52011e+12 7.51044e+18 -5.32387e+28 0 5.33954e-20 8.10689e-22 
2.150 2 1 1 0 0.2019 0.1584 0.0213 0.0002 0.005182 0.028438 0.0000 0 0.0000 0  1555 2063 2153 2180 2244 2234 2064 1553  1 1 1 0.00 0 0 1.00 -1 -1 0 11.86 0 5.27589e+32 -3.75522e+19 6.24629e-26 7.52011e+12 7.51044e+18 -5.32387e+28 0 5.33954e-20 8.10689e-22 
2.160 2 1 1 0 0.1946 0.1890 0.0231 0.0002 0.002591 0.028211 0.0000 0 0.0000 0  1554 2046 2143 2184 2252 2235 2066 1487  1 1 1 0.00 0 0 1.00 -1 -1 0 11.86 0 5.27589e+32 -3.75522e+19 6.24629e-26 7.52011e+12 7.51044e+18 -5.32387e+28 0 5.33954e-20 8.10689e-22 
2.170 2 1 1 0 0.2041 0.1948 0.0247 0.0002 0.002591 0.028257 0.0000 0 0.0000 0  1558 2059 2153 2177 2249 2231 2047 1522  1 1 1 0.00 0 0 1.00 -1 -1 0 11.86 0 5.27589e+32 -3.75522e+19 6.24629e-26 7.52011e+12 7.51044e+18 -5.32387e+28 0 5.33954e-20 8.10689e-22 
2.180 2 1 1 0 0.1938 0.1772 0.0263 0.0002 0.002591 0.027732 0.0000 0 0.0000 0  1556 2055 2163 2203 2263 2229 2063 1527  1 1 1 0.00 0 0 1.00 -1 -1 0 11.86 0 5.27589e+32 -3.75522e+19 6.24629e-26 7.52011e+12 7.51044e+18 -5.32387e+28 0 5.33954e-20 8.10689e-22 
2.190 2 1 1 0 0.1985 0.1814 0.0279 0.0002 0.002591 0.026985 0.0000 0 0.0000 0  1561 2064 2167 2205 2264 2224 2054 1506  1 1 1 0.00 0 0 1.00 -1 -1 0 11.86 0 5.27589e+32 -3.75522e+19 6.24629e-26 7.52011e+12 7.51044e+18 -5.32387e+28 0 5.33954e-20 8.10689e-22 
2.200 2 1 1 0 0.1966 0.1817 0.0295 0.0002 0.002591 0.026614 0.0000 0 0.0000 0  1561 2077 2167 2220 2272 2240 2044 1520  1 1 1 0.00 0 0 1.00 -1 -1 0 11.86 0 5.27589e+32 -3.75522e+19 6.24629e-26 7.52011e+12 7.51044e+18 -5.32387e+28 0 5.33954e-20 8.10689e-22 
2.210 2 1 1 0 0.2015 0.1903 0.0311 0.0002 0.002591 0.026278 0.0000 0 0.0000 0  1569 2084 2194 2226 2286 2189 2045 1514  1 1 1 0.00 0 0 1.00 -1 -1 0 11.86 0 5.27589e+32 -3.75522e+19 6.24629e-26 7.52011e+12 7.51044e+18 -5.32387e+28 0 5.33954e-20 8.10689e-22 
2.220 2 1 1 0 0.2156 0.2370 0.0329 0.0003 0.000000 0.027598 0.0000 0 0.0000 0  1590 2093 2220 2245 2304 2218 2053 1515  1 1 1 0.00 0 0 1.00 -1 -1 0 11.85 0 5.27589e+32 -3.75522e+19 6.24629e-26 7.52011e+12 7.51044e+18 -5.32387e+28 0 5.33954e-20 8.10689e-22 
2.230 2 1 1 0 0.1981 0.1799 0.0343 0.0003 0.002591 0.026327 0.0000 0 0.0000 0  1570 2095 2219 2259 2307 2290 2054 1505  1 1 1 0.00 0 0 1.00 -1 -1 0 11.86 0 5.27589e+32 -3.75522e+19 6.24629e-26 7.52011e+12 7.51044e+18 -5.32387e+28 0 5.33954e-20 8.10689e-22 
2.240 2 1 1 0 0.2186 0.2001 0.0363 0.0003 0.002591 0.026815 0.0000 0 0.0000 0  1575 2095 2206 2258 2319 2228 2062 1511  1 1 1 0.00 0 0 1.00 -1 -1 0 11.85 0 5.27589e+32 -3.75522e+19 6.24629e-26 7.52011e+12 7.51044e+18 -5.32387e+28 0 5.33954e-20 8.10689e-22 
2.250 2 1 1 0 0.2069 0.1954 0.0380 0.0003 0.002591 0.025749 0.0000 0 0.0000 0  1558 2094 2230 2275 2333 2270 2072 1525  1 1 1 0.00 0 0 1.00 -1 -1 0 11.85 0 5.27589e+32 -3.75522e+19 6.24629e-26 7.52011e+12 7.51044e+18 -5.32387e+28 0 5.33954e-20 8.10689e-22 
2.260 2 1 1 0 0.2324 0.2187 0.0400 0.0003 0.002591 0.026226 0.0000 0 0.0000 0  1579 2080 2214 2285 2351 2293 2095 1525  1 1 1 0.00 0 0 1.00 -1 -1 0 11.84 0 5.27589e+32 -3.75522e+19 6.24629e-26 7.52011e+12 7.51044e+18 -5.32387e+28 0 5.33954e-20 8.10689e-22 
2.270 2 1 1 0 0.2065 0.1932 0.0416 0.0003 0.002591 0.025215 0.0000 0 0.0000 0  1559 2079 2227 2292 2363 2292 2099 1522  1 1 1 0.00 0 0 1.00 -1 -1 0 11.84 0 5.27589e+32 -3.75522e+19 6.24629e-26 7.52011e+12 7.51044e+18 -5.32387e+28 0 5.33954e-20 8.10689e-22 
2.280 2 1 1 0 0.2338 0.1811 0.0434 0.0003 0.005182 0.024044 0.0000 0 0.0000 0  1556 2071 2199 2314 2367 2332 2101 1522  1 1 1 0.00 0 0 1.00 -1 -1 0 11.85 0 5.27589e+32 -3.75522e+19 6.24629e-26 7.52011e+12 7.51044e+18 -5.32387e+28 0 5.33954e-20 8.10689e-22 
2.290 2 1 1 0 0.2221 0.2147 0.0452 0.0003 0.002591 0.023351 0.0000 0 0.0000 0  1533 2078 2223 2289 2380 2346 2104 1527  1 1 1 0.00 0 0 1.00 -1 -1 0 11.85 0 5.27589e+32 -3.75522e+19 6.24629e-26 7.52011e+12 7.51044e+18 -5.32387e+28 0 5.33954e-20 8.10689e-22 
2.300 2 1 1 0 0.2430 0.2009 0.0470 0.0003 0.005182 0.022461 0.0000 0 0.0000 0  1530 2081 2221 2293 2394 2349 2142 1530  1 1 1 0.00 0 0 1.00 -1 -1 0 11.85 0 5.27589e+32 -3.75522e+19 6.24629e-26 7.52011e+12 7.51044e+18 -5.32387e+28 0 5.33954e-20 8.10689e-22 
2.310 2 1 1 0 0.2241 0.2201 0.0488 0.0003 0.002591 0.022922 0.0000 0 0.0000 0  1572 2080 2216 2302 2407 2364 2141 1541  1 1 1 0.00 0 0 1.00 -1 -1 0 11.85 0 5.27589e+32 -3.75522e+19 6.24629e-26 7.52011e+12 7.51044e+18 -5.32387e+28 0 5.33954e-20 8.10689e-22 
2.320 2 1 1 0 0.2227 0.2147 0.0508 0.0003 0.002591 0.021637 0.0000 0 0.0000 0  1549 2084 2216 2286 2404 2369 2137 1545  1 1 1 0.00 0 0 1.00 -1 -1 0 11.85 0 5.27589e+32 -3.75522e+19 6.24629e-26 7.52011e+12 7.51044e+18 -5.32387e+28 0 5.33954e-20 8.10689e-22 
2.330 2 1 1 0 0.2244 0.2130 0.0528 0.0003 0.002591 0.021396 0.0000 0 0.0000 0  1558 2080 2210 2322 2398 2368 2165 1558  1 1 1 0.00 0 0 1.00 -1 -1 0 11.86 0 5.27589e+32 -3.75522e+19 6.24629e-26 7.52011e+12 7.51044e+18 -5.32387e+28 0 5.33954e-20 8.10689e-22 
2.340 2 1 1 0 0.2527 0.2075 0.0546 0.0003 0.005182 0.020601 0.0000 0 0.0000 0  1560 2086 2201 2284 2393 2370 2146 1563  1 1 1 0.00 0 0 1.00 -1 -1 0 11.85 0 5.27589e+32 -3.75522e+19 6.24629e-26 7.52011e+12 7.51044e+18 -5.32387e+28 0 5.33954e-20 8.10689e-22 
2.350 2 1 1 0 0.2576 0.2453 0.0568 0.0003 0.002591 0.021447 0.0000 0 0.0000 0  1578 2096 2212 2271 2394 2375 2156 1572  1 1 1 0.00 0 0 1.00 -1 -1 0 11.85 0 5.27589e+32 -3.75522e+19 6.24629e-26 7.52011e+12 7.51044e+18 -5.32387e+28 0 5.33954e-20 8.10689e-22 
2.360 2 1 1 0 0.2296 0.2132 0.0588 0.0003 0.002591 0.019987 0.0000 0 0.0000 0  1612 2095 2205 2297 2384 2360 2147 1574  1 1 1 0.00 0 0 1.00 -1 -1 0 11.85 0 5.27589e+32 -3.75522e+19 6.24629e-26 7.52011e+12 7.51044e+18 -5.32387e+28 0 5.33954e-20 8.10689e-22 
2.370 2 1 1 0 0.2475 0.1932 0.0606 0.0003 0.005182 0.018188 0.0000 0 0.0000 0  1610 2096 2191 2221 2354 2337 2131 1574  1 1 1 0.00 0 0 1.00 -1 -1 0 11.86 0 5.27589e+32 -3.75522e+19 6.24629e-26 7.52011e+12 7.51044e+18 -5.32387e+28 0 5.33954e-20 8.10689e-22 
2.380 2 1 1 0 0.2501 0.2344 0.0629 0.0004 0.002591 0.017971 0.0000 0 0.0000 0  1648 2101 2200 2225 2345 2330 2180 1561  1 1 1 0.00 0 0 1.00 -1 -1 0 11.86 0 5.27589e+32 -3.75522e+19 6.24629e-26 7.52011e+12 7.51044e+18 -5.32387e+28 0 5.33954e-20 8.10689e-22 
2.390 2 1 1 0 0.2388 0.2201 0.0649 0.0004 0.002591 0.017561 0.0000 0 0.0000 0  1703 2129 2208 2227 2338 2324 2141 1559  1 1 1 0.00 0 0 1.00 -1 -1 0 11.86 0 5.27589e+32 -3.75522e+19 6.24629e-26 7.52011e+12 7.51044e+18 -5.32387e+28 0 5.33954e-20 8.10689e-22 
2.400 2 1 1 0 0.2357 0.2152 0.0669 0.0004 0.002591 0.016164 0.0000 0 0.0000 0  1709 2122 2216 2242 2333 2310 2118 1548  1 1 1 0.00 0 0 1.00 -1 -1 0 11.86 0 5.27589e+32 -3.75522e+19 6.24629e-26 7.52011e+12 7.51044e+18 -5.32387e+28 0 5.33954e-20 8.10689e-22 
2.410 2 1 1 0 0.2584 0.1985 0.0687 0.0004 0.005182 0.015706 0.0000 0 0.0000 0  1735 2169 2217 2235 2313 2311 2141 1529  1 1 1 0.00 0 0 1.00 -1 -1 0 11.86 0 5.27589e+32 -3.75522e+19 6.24629e-26 7.52011e+12 7.51044e+18 -5.32387e+28 0 5.33954e-20 8.10689e-22 
2.420 2 1 1 0 0.2473 0.2325 0.0709 0.0004 0.002591 0.015473 0.0000 0 0.0000 0  1751 2168 2216 2225 2306 2320 2122 1538  1 1 1 0.00 0 0 1.00 -1 -1 0 11.86 0 5.27589e+32 -3.75522e+19 6.24629e-26 7.52011e+12 7.51044e+18 -5.32387e+28 0 5.33954e-20 8.10689e-22 
2.430 2 1 1 0 0.2452 0.2232 0.0729 0.0004 0.002591 0.015597 0.0000 0 0.0000 0  1753 2176 2224 2218 2328 2320 2125 1551  1 1 1 0.00 0 0 1.00 -1 -1 0 11.86 0 5.27589e+32 -3.75522e+19 6.24629e-26 7.52011e+12 7.51044e+18 -5.32387e+28 0 5.33954e-20 8.10689e-22 
2.440 2 1 1 0 0.2498 0.2255 0.0749 0.0004 0.002591 0.015019 0.0000 0 0.0000 0  1743 2190 2228 2210 2340 2300 2128 1540  1 1 1 0.00 0 0 1.00 -1 -1 0 11.86 0 5.27589e+32 -3.75522e+19 6.24629e-26 7.52011e+12 7.51044e+18 -5.32387e+28 0 5.33954e-20 8.10689e-22 
2.450 2 1 1 0 0.2390 0.2146 0.0769 0.0004 0.002591 0.013673 0.0000 0 0.0000 0  1724 2197 2241 2221 2315 2312 2132 1575  1 1 1 0.00 0 0 1.00 -1 -1 0 11.86 0 5.27589e+32 -3.75522e+19 6.24629e-26 7.52011e+12 7.51044e+18 -5.32387e+28 0 5.33954e-20 8.10689e-22 
2.460 2 1 1 0 0.2461 0.2558 0.0791 0.0004 0.000000 0.014001 0.0000 0 0.0000 0  1713 2218 2258 2233 2337 2314 2140 1559  1 1 1 0.00 0 0 1.00 -1 -1 0 11.86 0 5.27589e+32 -3.75522e+19 6.24629e-26 7.52011e+12 7.51044e+18 -5.32387e+28 0 5.33954e-20 8.10689e-22 
2.470 2 1 1 0 0.2236 0.2280 0.0811 0.0004 0.000000 0.013321 0.0000 0 0.0000 0  1683 2190 2262 2265 2306 2308 2139 1583  1 1 1 0.00 0 0 1.00 -1 -1 0 11.86 0 5.27589e+32 -3.75522e+19 6.24629e-26 7.52011e+12 7.51044e+18 -5.32387e+28 0 5.33954e-20 8.10689e-22 
2.480 2 1 1 0 0.2326 0.2348 0.0831 0.0004 0.000000 0.012297 0.0000 0 0.0000 0  1657 2169 2259 2290 2361 2319 2150 1636  1 1 1 0.00 0 0 1.00 -1 -1 0 11.86 0 5.27589e+32 -3.75522e+19 6.24629e-26 7.52011e+12 7.51044e+18 -5.32387e+28 0 5.33954e-20 8.10689e-22 
2.490 2 1 1 0 0.2233 0.2241 0.0851 0.0004 0.000000 0.011116 0.0000 0 0.0000 0  1637 2147 2269 2308 2341 2335 2174 1666  1 1 1 0.00 0 0 1.00 -1 -1 0 11.87 0 5.27589e+32 -3.75522e+19 6.24629e-26 7.52011e+12 7.51044e+18 -5.32387e+28 0 5.33954e-20 8.10689e-22 
2.500 2 1 1 0 0.2431 0.2440 0.0872 0.0004 0.000000 0.011644 0.0000 0 0.0000 0  1631 2173 2288 2329 2375 2328 2167 1656  1 1 1 0.00 0 0 1.00 -1 -1 0 11.86 0 5.27589e+32 -3.75522e+19 6.24629e-26 7.52011e+12 7.51044e+18 -5.32387e+28 0 5.33954e-20 8.10689e-22 
2.510 2 1 1 0 0.2476 0.2088 0.0894 0.0004 0.002591 0.010655 0.0000 0 0.0000 0  1620 2135 2309 2357 2385 2351 2198 1690  1 1 1 0.00 0 0 1.00 -1 -1 0 11.86 0 5.27589e+32 -3.75522e+19 6.24629e-26 7.52011e+12 7.51044e+18 -5.32387e+28 0 5.33954e-20 8.10689e-22 
2.520 2 1 1 0 0.2435 0.2075 0.0914 0.0004 0.002591 0.010518 0.0000 0 0.0000 0  1611 2145 2288 2368 2420 2347 2213 1734  1 1 1 0.00 0 0 1.00 -1 -1 0 11.86 0 5.27589e+32 -3.75522e+19 6.24629e-26 7.52011e+12 7.51044e+18 -5.32387e+28 0 5.33954e-20 8.10689e-22 
2.530 2 1 1 0 0.2505 0.2226 0.0934 0.0004 0.002591 0.009392 0.0000 0 0.0000 0  1610 2118 2308 2371 2432 2387 2242 1757  1 1 1 0.00 0 0 1.00 -1 -1 0 11.86 0 5.27589e+32 -3.75522e+19 6.24629e-26 7.52011e+12 7.51044e+18 -5.32387e+28 0 5.33954e-20 8.10689e-22 
2.540 2 1 1 0 0.2559 0.2643 0.0956 0.0004 0.000000 0.010908 0.0000 0 0.0000 0  1613 2161 2316 2373 2461 2385 2283 1827  1 1 1 0.00 0 0 1.00 -1 -1 0 11.85 0 5.27589e+32 -3.75522e+19 6.24629e-26 7.52011e+12 7.51044e+18 -5.32387e+28 0 5.33954e-20 8.10689e-22 
2.550 2 1 1 0 0.2391 0.2100 0.0978 0.0004 0.002591 0.009837 0.0000 0 0.0000 0  1613 2168 2324 2379 2474 2419 2316 1866  1 1 1 0.00 0 0 1.00 -1 -1 0 11.86 0 5.27589e+32 -3.75522e+19 6.24629e-26 7.52011e+12 7.51044e+18 -5.32387e+28 0 5.33954e-20 8.10689e-22 
2.560 2 1 1 0 0.2649 0.1979 0.0996 0.0004 0.005182 0.009223 0.0000 0 0.0000 0  1617 2182 2336 2383 2488 2479 2360 1932  1 1 1 0.00 0 0 1.00 -1 -1 0 11.86 0 5.27589e+32 -3.75522e+19 6.24629e-26 7.52011e+12 7.51044e+18 -5.32387e+28 0 5.33954e-20 8.10689e-22 
2.570 2 1 1 0 0.2515 0.2272 0.1018 0.0004 0.002591 0.008964 0.0000 0 0.0000 0  1621 2185 2331 2392 2497 2511 2424 2010  1 1 1 0.00 0 0 1.00 -1 -1 0 11.86 0 5.27589e+32 -3.75522e+19 6.24629e-26 7.52011e+12 7.51044e+18 -5.32387e+28 0 5.33954e-20 8.10689e-22 
2.580 2 1 1 0 0.2610 0.2368 0.1038 0.0004 0.002591 0.009970 0.0000 0 0.0000 0  1618 2182 2327 2388 2512 2560 2504 2087  1 1 1 0.00 0 0 1.00 -1 -1 0 11.86 0 5.27589e+32 -3.75522e+19 6.24629e-26 7.52011e+12 7.51044e+18 -5.32387e+28 0 5.33954e-20 8.10689e-22 
2.590 2 1 1 0 0.2378 0.2165 0.1058 0.0005 0.002591 0.008492 0.0000 0 0.0000 0  1615 2165 2322 2411 2514 2591 2600 2172  1 1 1 0.00 0 0 1.00 -1 -1 0 11.85 0 5.27589e+32 -3.75522e+19 6.24629e-26 7.52011e+12 7.51044e+18 -5.32387e+28 0 5.33954e-20 8.10689e-22 
2.600 2 1 1 0 0.2621 0.2033 0.1080 0.0005 0.005182 0.007874 0.0000 0 0.0000 0  1591 2161 2319 2412 2561 2658 2710 2297  1 1 1 0.00 0 0 1.00 -1 -1 0 11.86 0 5.27589e+32 -3.75522e+19 6.24629e-26 7.52011e+12 7.51044e+18 -5.32387e+28 0 5.33954e-20 8.10689e-22 
2.610 2 1 1 0 0.2689 0.2523 0.1102 0.0005 0.002591 0.008699 0.0000 0 0.0000 0  1595 2149 2317 2431 2579 2743 2804 2395  1 1 1 0.00 0 0 1.00 -1 -1 0 11.85 0 5.27589e+32 -3.75522e+19 6.24629e-26 7.52011e+12 7.51044e+18 -5.32387e+28 0 5.33954e-20 8.10689e-22 
2.620 2 1 1 0 0.2382 0.2200 0.1123 0.0005 0.002591 0.007973 0.0000 0 0.0000 0  1543 2127 2309 2425 2616 2808 2915 2539  1 1 1 0.00 0 0 1.00 -1 -1 0 11.85 0 5.27589e+32 -3.75522e+19 6.24629e-26 7.52011e+12 7.51044e+18 -5.32387e+28 0 5.33954e-20 8.10689e-22 
2.630 2 1 1 0 0.2426 0.2266 0.1143 0.0005 0.002591 0.007509 0.0000 0 0.0000 0  1539 2091 2291 2456 2646 2874 3022 2646  1 1 1 0.00 0 0 1.00 -1 -1 0 11.86 0 5.27589e+32 -3.75522e+19 6.24629e-26 7.52011e+12 7.51044e+18 -5.32387e+28 0 5.33954e-20 8.10689e-22 
2.640 2 1 1 0 0.2629 0.2063 0.1165 0.0005 0.005182 0.006590 3.1324 1 2.7107 1  1529 2081 2290 2444 2674 2966 3126 2751  1 1 1 -0.10 0 5 0.91 7 7 0 11.85 0 5.27589e+32 -3.75522e+19 6.24629e-26 7.52011e+12 7.51044e+18 -5.32387e+28 0 5.33954e-20 8.10689e-22 
2.650 2 1 1 0 0.2590 0.2386 0.1187 0.0005 0.002591 0.007268 2.6230 1 2.7557 1  1556 2102 2297 2456 2715 3049 3205 2830  1 1 1 0.80 0 5 0.97 7 7 0 11.83 0 5.27589e+32 -3.75522e+19 6.24629e-26 7.52011e+12 7.51044e+18 -5.32387e+28 0 5.33954e-20 8.10689e-22 
2.660 2 1 1 0 0.2437 0.2168 0.1207 0.0005 0.002591 0.006349 2.4834 1 2.7740 1  1574 2115 2310 2476 2782 3137 3261 2895  1 1 1 0.33 0 5 1.00 7 7 0 11.84 0 5.27589e+32 -3.75522e+19 6.24629e-26 7.52011e+12 7.51044e+18 -5.32387e+28 0 5.33954e-20 8.10689e-22 
2.670 2 1 1 0 0.2474 0.2198 0.1227 0.0005 0.002591 0.006309 2.3142 1 2.7741 1  1563 2137 2340 2526 2861 3210 3344 2943  1 1 1 0.58 0 5 1.00 7 7 0 11.85 0 5.27589e+32 -3.75522e+19 6.24629e-26 7.52011e+12 7.51044e+18 -5.32387e+28 0 5.33954e-20 8.10689e-22 
2.680 2 1 1 0 0.2528 0.2280 0.1251 0.0005 0.002591 0.005404 2.1596 1 2.7741 1  1620 2183 2384 2620 2959 3271 3411 2972  1 1 1 0.79 0 5 1.00 6 7 0 11.86 0 5.27589e+32 -3.75522e+19 6.24629e-26 7.52011e+12 7.51044e+18 -5.32387e+28 0 5.33954e-20 8.10689e-22 
2.690 2 1 1 0 0.2717 0.2427 0.1271 0.0005 0.002591 0.006617 1.7946 1 2.7741 1  1656 2240 2437 2660 3050 3332 3416 2994  1 1 1 1.41 0 5 1.00 6 7 -0.4734 11.86 0 5.27589e+32 -3.75522e+19 6.24629e-26 7.52011e+12 7.51044e+18 -5.32387e+28 0 5.33954e-20 8.10689e-22 
2.700 2 1 1 0 0.2526 0.2234 0.1295 0.0005 0.002591 0.006119 1.6607 1 2.7741 1  1657 2282 2476 2710 3132 3384 3433 3010  1 1 1 1.52 0 5 1.00 6 7 -0.4734 11.85 0 5.27589e+32 -3.75522e+19 6.24629e-26 7.52011e+12 7.51044e+18 -5.32387e+28 0 5.33954e-20 8.10689e-22 
2.710 2 1 1 0 0.2443 0.2149 0.1315 0.0005 0.002591 0.004835 1.5385 1 2.7741 1  1691 2311 2507 2798 3196 3427 3493 2997  1 1 1 1.69 0 5 1.00 6 7 -0.4734 11.86 0 5.27589e+32 -3.75522e+19 6.24629e-26 7.52011e+12 7.51044e+18 -5.32387e+28 0 5.33954e-20 8.10689e-22 
2.720 2 1 1 0 0.2714 0.2451 0.1335 0.0005 0.002591 0.006057 1.4350 1 2.7741 1  1713 2315 2537 2856 3267 3461 3476 3020  1 1 1 1.81 0 5 1.00 5 7 -0.4734 11.86 0 5.27589e+32 -3.75522e+19 6.24629e-26 7.52011e+12 7.51044e+18 -5.32387e+28 0 5.33954e-20 8.10689e-22 
2.730 2 1 1 0 0.2487 0.2208 0.1359 0.0005 0.002591 0.005818 1.0804 1 2.7741 1  1696 2341 2581 2941 3333 3472 3499 3033  1 1 1 2.62 0 5 1.00 5 7 -0.566652 11.86 0 5.27589e+32 -3.75522e+19 6.24629e-26 7.52011e+12 7.51044e+18 -5.32387e+28 0 5.33954e-20 8.10689e-22 
2.740 2 1 1 0 0.2468 0.2208 0.1380 0.0005 0.002591 0.005172 0.9373 1 2.7741 1  1720 2343 2629 3038 3395 3511 3455 3035  1 1 1 2.83 0 5 1.00 5 7 -0.566652 11.86 0 5.27589e+32 -3.75522e+19 6.24629e-26 7.52011e+12 7.51044e+18 -5.32387e+28 0 5.33954e-20 8.10689e-22 
2.750 2 1 1 0 0.2709 0.2059 0.1402 0.0006 0.005182 0.004554 0.8594 1 2.7741 1  1731 2361 2662 3100 3422 3522 3464 3022  1 1 1 2.91 0 5 1.00 5 7 -0.566652 11.86 0 5.27589e+32 -3.75522e+19 6.24629e-26 7.52011e+12 7.51044e+18 -5.32387e+28 0 5.33954e-20 8.10689e-22 
2.760 2 1 1 0 0.2695 0.2392 0.1424 0.0006 0.002591 0.005482 0.7209 1 2.7741 1  1742 2413 2711 3170 3486 3535 3481 3022  1 1 1 3.12 0 5 1.00 4 7 -0.566652 11.87 0 5.27589e+32 -3.75522e+19 6.24629e-26 7.52011e+12 7.51044e+18 -5.32387e+28 0 5.33954e-20 8.10689e-22 
2.770 2 1 1 0 0.2486 0.2171 0.1444 0.0006 0.002591 0.004388 0.6770 1 2.7741 1  1762 2388 2783 3240 3497 3534 3478 3028  1 1 1 3.20 0 5 1.00 4 7 -0.566652 11.86 0 5.27589e+32 -3.75522e+19 6.24629e-26 7.52011e+12 7.51044e+18 -5.32387e+28 0 5.33954e-20 8.10689e-22 
2.780 2 1 1 0 0.2438 0.2103 0.1468 0.0006 0.002591 0.003429 0.3030 1 2.7741 1  1771 2454 2855 3304 3512 3539 3469 2997  1 1 1 3.99 0 5 1.00 4 7 -0.603198 11.86 0 5.27589e+32 -3.75522e+19 6.24629e-26 7.52011e+12 7.51044e+18 -5.32387e+28 0 5.33954e-20 8.10689e-22 
2.790 2 1 1 0 0.2651 0.2324 0.1488 0.0006 0.002591 0.003738 0.1693 1 2.7741 1  1791 2499 2949 3368 3526 3526 3474 2984  1 1 1 4.27 0 5 1.00 4 7 -0.603198 11.86 0 5.27589e+32 -3.75522e+19 6.24629e-26 7.52011e+12 7.51044e+18 -5.32387e+28 0 5.33954e-20 8.10689e-22 
2.800 2 1 1 0 0.2602 0.2259 0.1512 0.0006 0.002591 0.003635 0.0723 1 2.7741 1  1828 2554 3023 3393 3537 3519 3460 2976  1 1 1 4.36 0 5 1.00 4 7 -0.603198 11.86 0 5.27589e+32 -3.75522e+19 6.24629e-26 7.52011e+12 7.51044e+18 -5.32387e+28 0 5.33954e-20 8.10689e-22 
2.810 2 1 1 0 0.2528 0.2175 0.1532 0.0006 0.002591 0.002850 -0.0604 1 2.7741 1  1869 2675 3108 3445 3557 3523 3461 2972  1 1 1 4.72 0 5 1.00 3 7 -0.603198 11.86 0 5.27589e+32 -3.75522e+19 6.24629e-26 7.52011e+12 7.51044e+18 -5.32387e+28 0 5.33954e-20 8.10689e-22 
2.820 2 1 1 0 0.2499 0.2147 0.1556 0.0006 0.002591 0.002021 -0.1433 1 2.7741 1  1925 2716 3182 3475 3539 3531 3469 2921  1 1 1 4.75 0 5 1.00 3 7 -0.603198 11.86 0 5.27589e+32 -3.75522e+19 6.24629e-26 7.52011e+12 7.51044e+18 -5.32387e+28 0 5.33954e-20 8.10689e-22 
2.830 2 1 1 0 0.2470 0.2466 0.1578 0.0006 0.000000 0.002236 -0.2213 1 2.7741 1  1974 2798 3230 3489 3524 3516 3452 2917  1 1 1 4.34 1 5 1.00 3 7 -0.531445 11.86 0 5.27589e+32 -3.75522e+19 6.24629e-26 7.52011e+12 7.51044e+18 -5.32387e+28 0 5.33954e-20 8.10689e-22 
2.840 2 1 1 0 0.2551 0.2100 0.1600 0.0006 0.002591 0.001646 -0.4881 1 2.7646 1  2047 2919 3289 3495 3534 3508 3441 2835  1 1 1 4.69 0 5 1.00 3 7 -0.531445 11.86 0 5.27589e+32 -3.75522e+19 6.24629e-26 7.52011e+12 7.51044e+18 -5.32387e+28 0 5.33954e-20 8.10689e-22 
2.850 2 1 1 0 0.2282 0.2215 0.1623 0.0006 0.000000 0.000779 -0.6353 1 2.7336 1  2126 2979 3339 3506 3527 3507 3428 2770  1 1 1 4.91 0 5 1.00 3 6 -0.531445 11.86 0 5.27589e+32 -3.75522e+19 6.24629e-26 7.52011e+12 7.51044e+18 -5.32387e+28 0 5.33954e-20 8.10689e-22 
2.860 2 1 1 0 0.2604 0.2134 0.1645 0.0006 0.002591 0.000525 -0.8123 1 2.7040 1  2224 3088 3408 3514 3523 3503 3421 2721  1 1 1 5.05 7 5 1.00 2 6 -0.531445 11.86 0 5.27589e+32 -3.75522e+19 6.24629e-26 7.52011e+12 7.51044e+18 -5.32387e+28 0 5.33954e-20 8.10689e-22 
2.870 2 1 1 0 0.2531 0.2377 0.1667 0.0006 0.000000 0.001044 -1.9595 1 2.5874 1  2334 3168 3443 3528 3528 3506 3402 2646  1 1 1 6.00 17 5 1.00 2 6 -0.786908 11.86 0 5.27589e+32 -3.75522e+19 6.24629e-26 7.52011e+12 7.51044e+18 -5.32387e+28 0 5.33954e-20 8.10689e-22 
2.880 2 1 1 0 0.2232 0.2388 0.1689 0.0006 -0.002591 0.001271 -2.1136 1 2.3391 1  2422 3247 3463 3507 3517 3484 3354 2512  1 1 1 6.00 20 5 1.00 2 6 -0.786908 11.86 0 5.27589e+32 -3.75522e+19 6.24629e-26 7.52011e+12 7.51044e+18 -5.32387e+28 0 5.33954e-20 8.10689e-22 
2.890 2 1 1 0 0.2480 0.2240 0.1711 0.0006 0.000000 0.000876 -2.2473 1 2.1366 1  2508 3282 3469 3500 3501 3463 3301 2382  1 1 1 6.00 20 5 1.00 2 5 -0.786908 11.86 0 5.27589e+32 -3.75522e+19 6.24629e-26 7.52011e+12 7.51044e+18 -5.32387e+28 0 5.33954e-20 8.10689e-22 
2.900 2 1 1 0 0.2411 0.2518 0.1733 0.0006 -0.002591 0.001377 -2.4146 1 2.0142 1  2592 3325 3467 3491 3479 3436 3247 2264  1 1 1 6.00 20 5 0.99 1 5 -0.786908 11.86 0 5.27589e+32 -3.75522e+19 6.24629e-26 7.52011e+12 7.51044e+18 -5.32387e+28 0 5.33954e-20 8.10689e-22 
2.910 2 1 1 0 0.2515 0.2185 0.1755 0.0006 0.000000 0.001721 -2.6253 1 1.9144 1  2674 3371 3474 3492 3494 3441 3186 2154  1 1 1 6.00 20 5 1.00 1 5 -0.786908 11.86 0 5.27589e+32 -3.75522e+19 6.24629e-26 7.52011e+12 7.51044e+18 -5.32387e+28 0 5.33954e-20 8.10689e-22 
2.920 2 1 1 0 0.2428 0.2125 0.1775 0.0006 0.000000 0.000780 -2.6930 1 0.6473 1  2740 3384 3470 3481 3476 3396 3100 2038  1 1 1 6.00 20 5 1.00 1 4 -0.927502 11.86 0 5.27589e+32 -3.75522e+19 6.24629e-26 7.52011e+12 7.51044e+18 -5.32387e+28 0 5.33954e-20 8.10689e-22 
2.930 2 1 1 0 0.2523 0.2222 0.1799 0.0006 0.000000 0.000785 -2.7219 1 0.6166 1  2789 3418 3463 3476 3485 3400 3005 1957  1 1 1 6.00 20 5 1.00 1 4 -0.927502 11.86 0 5.27589e+32 -3.75522e+19 6.24629e-26 7.52011e+12 7.51044e+18 -5.32387e+28 0 5.33954e-20 8.10689e-22 
2.940 2 1 1 0 0.2409 0.2482 0.1821 0.0006 -0.002591 0.001706 -2.7429 1 0.4928 1  2823 3415 3468 3470 3464 3336 2899 1880  1 1 1 6.00 20 5 1.00 1 4 -0.927502 11.86 0 5.27589e+32 -3.75522e+19 6.24629e-26 7.52011e+12 7.51044e+18 -5.32387e+28 0 5.33954e-20 8.10689e-22 
2.950 2 1 1 0 0.2235 0.2279 0.1841 0.0006 -0.002591 0.001158 -2.7655 1 0.0653 1  2877 3425 3459 3466 3455 3273 2784 1812  1 1 1 6.00 20 5 1.00 0 3 -0.927502 11.86 0 5.27589e+32 -3.75522e+19 6.24629e-26 7.52011e+12 7.51044e+18 -5.32387e+28 0 5.33954e-20 8.10689e-22 
2.960 2 1 1 0 0.2479 0.2173 0.1864 0.0006 0.000000 0.000505 -2.7734 1 -0.0856 1  2909 3407 3440 3449 3411 3239 2660 1755  1 1 1 6.00 20 5 1.00 0 3 -0.813999 11.85 0 5.27589e+32 -3.75522e+19 6.24629e-26 7.52011e+12 7.51044e+18 -5.32387e+28 0 5.33954e-20 8.10689e-22 
2.970 2 1 1 0 0.2476 0.2507 0.1886 0.0006 -0.002591 0.001240 -2.7740 1 -0.1681 1  2914 3420 3457 3436 3391 3110 2557 1730  1 1 1 6.00 20 5 1.00 0 3 -0.813999 11.85 0 5.27589e+32 -3.75522e+19 6.24629e-26 7.52011e+12 7.51044e+18 -5.32387e+28 0 5.33954e-20 8.10689e-22 
2.980 2 1 1 0 0.2370 0.2340 0.1906 0.0006 -0.002591 0.001694 -2.7740 1 -0.2729 1  2942 3392 3445 3435 3351 3046 2452 1673  1 1 1 6.00 20 5 0.99 0 3 -0.813999 11.84 0 5.27589e+32 -3.75522e+19 6.24629e-26 7.52011e+12 7.51044e+18 -5.32387e+28 0 5.33954e-20 8.10689e-22 
2.990 2 1 1 0 0.2310 0.2244 0.1930 0.0006 -0.002591 0.000701 -2.7740 1 -0.7174 1  2945 3399 3416 3378 3288 2951 2388 1672  1 1 1 6.00 20 5 1.00 0 2 -0.813999 11.85 0 5.27589e+32 -3.75522e+19 6.24629e-26 7.52011e+12 7.51044e+18 -5.32387e+28 0 5.33954e-20 8.10689e-22 
3.000 2 1 1 0 0.2368 0.2281 0.1950 0.0006 -0.002591 0.000470 -2.7740 1 -0.8859 1  2939 3380 3411 3351 3222 2861 2339 1650  1 1 1 6.00 20 5 0.99 0 2 -0.813999 11.85 0 5.27589e+32 -3.75522e+19 6.24629e-26 7.52011e+12 7.51044e+18 -5.32387e+28 0 5.33954e-20 8.10689e-22 
3.010 2 1 1 0 0.2494 0.2380 0.1974 0.0006 -0.002591 0.000937 -2.7740 1 -0.9638 1  2951 3371 3406 3333 3151 2770 2328 1651  1 1 1 4.17 15 5 0.99 0 2 -0.755408 11.85 0 5.27589e+32 -3.75522e+19 6.24629e-26 7.52011e+12 7.51044e+18 -5.32387e+28 0 5.33954e-20 8.10689e-22 
3.020 2 1 1 0 0.2501 0.2329 0.1998 0.0006 -0.002591 0.001363 -2.7740 1 -1.3228 1  2911 3358 3383 3255 3067 2692 2306 1661  1 1 1 1.96 5 5 1.00 0 1 -0.755408 11.86 0 5.27589e+32 -3.75522e+19 6.24629e-26 7.52011e+12 7.51044e+18 -5.32387e+28 0 5.33954e-20 8.10689e-22 
3.030 2 1 1 0 0.2412 0.2268 0.2018 0.0005 -0.002591 0.000631 -2.7713 1 -1.5192 1  2886 3347 3355 3215 2958 2629 2300 1659  1 1 1 2.44 0 5 1.00 0 1 -0.755408 11.86 0 5.27589e+32 -3.75522e+19 6.24629e-26 7.52011e+12 7.51044e+18 -5.32387e+28 0 5.33954e-20 8.10689e-22 
3.040 2 1 1 0 0.2577 0.2431 0.2042 0.0005 -0.002591 0.000972 -2.7740 1 -1.6178 1  2926 3359 3337 3159 2881 2588 2303 1658  1 1 1 2.40 0 5 1.00 0 1 -0.755408 11.86 0 5.27589e+32 -3.75522e+19 6.24629e-26 7.52011e+12 7.51044e+18 -5.32387e+28 0 5.33954e-20 8.10689e-22 
3.050 2 1 1 0 0.2470 0.2328 0.2062 0.0005 -0.002591 0.001409 -2.7711 1 -1.7553 1  2888 3322 3292 3040 2780 2559 2296 1658  1 1 1 1.98 0 5 0.99 0 1 -0.755408 11.86 0 5.27589e+32 -3.75522e+19 6.24629e-26 7.52011e+12 7.51044e+18 -5.32387e+28 0 5.33954e-20 8.10689e-22 
3.060 2 1 1 0 0.2390 0.2289 0.2086 0.0005 -0.002591 0.000516 -2.7708 1 -1.8664 1  2895 3307 3247 2968 2701 2541 2295 1650  1 1 1 1.73 0 5 0.98 0 1 -0.721193 11.86 0 5.27589e+32 -3.75522e+19 6.24629e-26 7.52011e+12 7.51044e+18 -5.32387e+28 0 5.33954e-20 8.10689e-22 
3.070 2 1 1 0 0.2745 0.2261 0.2109 0.0005 0.000000 0.000991 -2.7624 1 -2.2767 1  2879 3282 3197 2847 2628 2509 2284 1649  1 1 1 0.71 0 5 0.97 0 1 -0.721193 11.87 0 5.27589e+32 -3.75522e+19 6.24629e-26 7.52011e+12 7.51044e+18 -5.32387e+28 0 5.33954e-20 8.10689e-22 
3.080 2 1 1 0 0.2470 0.2353 0.2131 0.0005 -0.002591 0.001547 -2.7521 1 -2.3624 1  2840 3265 3141 2780 2611 2525 2270 1663  1 1 1 0.77 0 5 0.95 0 1 -0.721193 11.86 0 5.27589e+32 -3.75522e+19 6.24629e-26 7.52011e+12 7.51044e+18 -5.32387e+28 0 5.33954e-20 8.10689e-22 
3.090 2 1 1 0 0.2393 0.2286 0.2155 0.0005 -0.002591 0.000564 -2.7411 1 -2.4411 1  2825 3243 3068 2713 2573 2520 2282 1653  1 1 1 0.46 0 5 0.94 0 1 -0.721193 11.86 0 5.27589e+32 -3.75522e+19 6.24629e-26 7.52011e+12 7.51044e+18 -5.32387e+28 0 5.33954e-20 8.10689e-22 
3.100 2 1 1 0 0.2397 0.2295 0.2175 0.0005 -0.002591 -0.000067 -2.7215 1 -2.6003 1  2781 3146 2990 2619 2531 2514 2271 1648  1 1 1 0.13 0 5 0.92 0 0 -0.721193 11.86 0 5.27589e+32 -3.75522e+19 6.24629e-26 7.52011e+12 7.51044e+18 -5.32387e+28 0 5.33954e-20 8.10689e-22 
3.110 2 1 1 0 0.2582 0.2483 0.2199 0.0005 -0.002591 0.000714 -2.6931 1 -3.1986 1  2730 3112 2921 2562 2562 2506 2311 1663  1 1 1 -0.10 0 5 0.89 0 0 -0.721193 11.86 0 5.27589e+32 -3.75522e+19 6.24629e-26 7.52011e+12 7.51044e+18 -5.32387e+28 0 5.33954e-20 8.10689e-22 
3.120 2 1 1 0 0.2459 0.2330 0.2219 0.0005 -0.002591 0.000984 0.0000 1 0.0000 1  2666 3050 2833 2519 2523 2499 2278 1650  1 1 1 2.72 0 2 1.00 -1 -1 -0.721193 11.86 0 5.27589e+32 -3.75522e+19 6.24629e-26 7.52011e+12 7.51044e+18 -5.32387e+28 0 5.33954e-20 8.10689e-22 
3.130 2 1 1 0 0.2456 0.2365 0.2243 0.0005 -0.002591 0.000557 0.0000 0 0.0000 0  2590 2922 2740 2497 2509 2498 2276 1653  1 1 1 0.00 0 0 1.00 -1 -1 0 11.86 0 5.27589e+32 -3.75522e+19 6.24629e-26 7.52011e+12 7.51044e+18 -5.32387e+28 0 5.33954e-20 8.10689e-22 
3.140 2 1 1 0 0.2654 0.2562 0.2267 0.0005 -0.002591 0.001629 0.0000 0 0.0000 0  2502 2896 2654 2481 2547 2497 2275 1654  1 1 1 0.00 0 0 1.00 -1 -1 0 11.86 0 5.27589e+32 -3.75522e+19 6.24629e-26 7.52011e+12 7.51044e+18 -5.32387e+28 0 5.33954e-20 8.10689e-22 
3.150 2 1 1 0 0.2408 0.2335 0.2287 0.0005 -0.002591 0.001190 0.0000 0 0.0000 0  2395 2762 2570 2473 2495 2502 2279 1659  1 1 1 0.00 0 0 1.00 -1 -1 0 11.86 0 5.27589e+32 -3.75522e+19 6.24629e-26 7.52011e+12 7.51044e+18 -5.32387e+28 0 5.33954e-20 8.10689e-22 
3.160 2 1 1 0 0.2662 0.2218 0.2309 0.0005 0.000000 0.000928 0.0000 0 0.0000 0  2287 2594 2484 2458 2561 2506 2288 1669  1 1 1 0.00 0 0 1.00 -1 -1 0 11.86 0 5.27589e+32 -3.75522e+19 6.24629e-26 7.52011e+12 7.51044e+18 -5.32387e+28 0 5.33954e-20 8.10689e-22 
3.170 2 1 1 0 0.2705 0.2334 0.2333 0.0005 0.000000 0.000531 0.0000 0 0.0000 0  2164 2509 2424 2443 2552 2508 2298 1671  1 1 1 0.00 0 0 1.00 -1 -1 0 11.86 0 5.27589e+32 -3.75522e+19 6.24629e-26 7.52011e+12 7.51044e+18 -5.32387e+28 0 5.33954e-20 8.10689e-22 
3.180 2 1 1 0 0.2587 0.2580 0.2356 0.0005 -0.002591 0.001528 0.0000 0 0.0000 0  2057 2398 2386 2448 2541 2521 2301 1679  1 1 1 0.00 0 0 1.00 -1 -1 0 11.86 0 5.27589e+32 -3.75522e+19 6.24629e-26 7.52011e+12 7.51044e+18 -5.32387e+28 0 5.33954e-20 8.10689e-22 
3.190 2 1 1 0 0.2474 0.2488 0.2380 0.0005 -0.002591 0.000702 0.0000 0 0.0000 0  1945 2300 2332 2424 2551 2517 2302 1657  1 1 1 0.00 0 0 1.00 -1 -1 0 11.86 0 5.27589e+32 -3.75522e+19 6.24629e-26 7.52011e+12 7.51044e+18 -5.32387e+28 0 5.33954e-20 8.10689e-22 
3.200 2 1 1 0 0.2600 0.2270 0.2402 0.0005 0.000000 -0.000355 0.0000 0 0.0000 0  1833 2220 2280 2396 2514 2490 2303 1673  1 1 1 0.00 0 0 1.00 -1 -1 0 11.86 0 5.27589e+32 -3.75522e+19 6.24629e-26 7.52011e+12 7.51044e+18 -5.32387e+28 0 5.33954e-20 8.10689e-22 
3.210 2 1 1 0 0.2608 0.2682 0.2424 0.0005 -0.002591 0.000477 0.0000 0 0.0000 0  1753 2152 2255 2374 2500 2490 2296 1672  1 1 1 0.00 0 0 1.00 -1 -1 0 11.86 0 5.27589e+32 -3.75522e+19 6.24629e-26 7.52011e+12 7.51044e+18 -5.32387e+28 0 5.33954e-20 8.10689e-22 
3.220 2 1 1 0 0.2498 0.2538 0.2448 0.0005 -0.002591 0.000741 0.0000 0 0.0000 0  1680 2103 2217 2353 2478 2480 2300 1651  1 1 1 0.00 0 0 1.00 -1 -1 0 11.86 0 5.27589e+32 -3.75522e+19 6.24629e-26 7.52011e+12 7.51044e+18 -5.32387e+28 0 5.33954e-20 8.10689e-22 
3.230 2 1 1 0 0.2509 0.2179 0.2470 0.0005 0.000000 -0.001048 0.0000 0 0.0000 0  1625 2075 2220 2323 2458 2464 2279 1649  1 1 1 0.00 0 0 1.00 -1 -1 0 11.86 0 5.27589e+32 -3.75522e+19 6.24629e-26 7.52011e+12 7.51044e+18 -5.32387e+28 0 5.33954e-20 8.10689e-22 
3.240 2 1 1 0 0.2655 0.2353 0.2494 0.0005 0.000000 -0.001206 0.0000 0 0.0000 0  1587 2070 2186 2299 2432 2453 2265 1661  1 1 1 0.00 0 0 1.00 -1 -1 0 11.86 0 5.27589e+32 -3.75522e+19 6.24629e-26 7.52011e+12 7.51044e+18 -5.32387e+28 0 5.33954e-20 8.10689e-22 
3.250 2 1 1 0 0.2460 0.2559 0.2516 0.0005 -0.002591 -0.000670 0.0000 0 0.0000 0  1568 2051 2189 2281 2412 2426 2258 1632  1 1 1 0.00 0 0 1.00 -1 -1 0 11.86 0 5.27589e+32 -3.75522e+19 6.24629e-26 7.52011e+12 7.51044e+18 -5.32387e+28 0 5.33954e-20 8.10689e-22 
3.260 2 1 1 0 0.2540 0.2284 0.2538 0.0005 0.000000 -0.001569 0.0000 0 0.0000 0  1549 2059 2195 2268 2386 2422 2245 1656  1 1 1 0.00 0 0 1.00 -1 -1 0 11.86 0 5.27589e+32 -3.75522e+19 6.24629e-26 7.52011e+12 7.51044e+18 -5.32387e+28 0 5.33954e-20 8.10689e-22 
3.270 2 1 1 0 0.2459 0.2244 0.2562 0.0005 0.000000 -0.002706 0.0000 0 0.0000 0  1547 2062 2193 2236 2363 2374 2229 1645  1 1 1 0.00 0 0 1.00 -1 -1 0 11.86 0 5.27589e+32 -3.75522e+19 6.24629e-26 7.52011e+12 7.51044e+18 -5.32387e+28 0 5.33954e-20 8.10689e-22 
3.280 2 1 1 0 0.2486 0.2650 0.2584 0.0005 -0.002591 -0.002067 0.0000 0 0.0000 0  1532 2079 2185 2239 2345 2348 2209 1637  1 1 1 0.00 0 0 1.00 -1 -1 0 11.86 0 5.27589e+32 -3.75522e+19 6.24629e-26 7.52011e+12 7.51044e+18 -5.32387e+28 0 5.33954e-20 8.10689e-22 
3.290 2 1 1 0 0.2604 0.2327 0.2607 0.0005 0.000000 -0.001692 0.0000 0 0.0000 0  1528 2067 2194 2229 2324 2343 2189 1633  1 1 1 0.00 0 0 1.00 -1 -1 0 11.86 0 5.27589e+32 -3.75522e+19 6.24629e-26 7.52011e+12 7.51044e+18 -5.32387e+28 0 5.33954e-20 8.10689e-22 
3.300 2 1 1 0 0.2497 0.2222 0.2627 0.0005 0.000000 -0.002814 0.0000 0 0.0000 0  1533 2062 2189 2228 2310 2299 2170 1613  1 1 1 0.00 0 0 1.00 -1 -1 0 11.84 0 5.27589e+32 -3.75522e+19 6.24629e-26 7.52011e+12 7.51044e+18 -5.32387e+28 0 5.33954e-20 8.10689e-22 
3.310 2 1 1 0 0.2501 0.2592 0.2653 0.0005 -0.002591 -0.002372 0.0000 0 0.0000 0  1531 2050 2162 2225 2312 2325 2146 1601  1 1 1 0.00 0 0 1.00 -1 -1 0 11.85 0 5.27589e+32 -3.75522e+19 6.24629e-26 7.52011e+12 7.51044e+18 -5.32387e+28 0 5.33954e-20 8.10689e-22 
3.320 2 1 1 0 0.2595 0.2265 0.2675 0.0004 0.000000 -0.001977 0.0000 0 0.0000 0  1541 2058 2194 2229 2338 2312 2158 1597  1 1 1 0.00 0 0 1.00 -1 -1 0 11.86 0 5.27589e+32 -3.75522e+19 6.24629e-26 7.52011e+12 7.51044e+18 -5.32387e+28 0 5.33954e-20 8.10689e-22 
3.330 2 1 1 0 0.2383 0.2459 0.2697 0.0004 -0.002591 -0.002524 0.0000 0 0.0000 0  1524 2047 2177 2251 2349 2313 2142 1583  1 1 1 0.00 0 0 1.00 -1 -1 0 11.87 0 5.27589e+32 -3.75522e+19 6.24629e-26 7.52011e+12 7.51044e+18 -5.32387e+28 0 5.33954e-20 8.10689e-22 
3.340 2 1 1 0 0.2545 0.2267 0.2719 0.0004 0.000000 -0.003268 0.0000 0 0.0000 0  1542 2042 2176 2271 2351 2320 2142 1563  1 1 1 0.00 0 0 1.00 -1 -1 0 11.85 0 5.27589e+32 -3.75522e+19 6.24629e-26 7.52011e+12 7.51044e+18 -5.32387e+28 0 5.33954e-20 8.10689e-22 
3.350 2 1 1 0 0.2672 0.2405 0.2743 0.0004 0.000000 -0.002247 0.0000 0 0.0000 0  1521 2026 2186 2256 2361 2319 2124 1563  1 1 1 0.00 0 0 1.00 -1 -1 0 11.84 0 5.27589e+32 -3.75522e+19 6.24629e-26 7.52011e+12 7.51044e+18 -5.32387e+28 0 5.33954e-20 8.10689e-22 
3.360 2 1 1 0 0.2521 0.2254 0.2763 0.0004 0.000000 -0.003177 0.0000 0 0.0000 0  1526 2020 2165 2288 2368 2324 2138 1561  1 1 1 0.00 0 0 1.00 -1 -1 0 11.86 0 5.27589e+32 -3.75522e+19 6.24629e-26 7.52011e+12 7.51044e+18 -5.32387e+28 0 5.33954e-20 8.10689e-22 
3.370 2 1 1 0 0.2419 0.2197 0.2787 0.0004 0.000000 -0.003783 0.0000 0 0.0000 0  1511 2008 2165 2277 2368 2345 2123 1555  1 1 1 0.00 0 0 1.00 -1 -1 0 11.85 0 5.27589e+32 -3.75522e+19 6.24629e-26 7.52011e+12 7.51044e+18 -5.32387e+28 0 5.33954e-20 8.10689e-22 
3.380 2 1 1 0 0.2687 0.2492 0.2807 0.0004 0.000000 -0.002630 0.0000 0 0.0000 0  1467 2010 2168 2256 2376 2338 2143 1550  1 1 1 0.00 0 0 1.00 -1 -1 0 11.86 0 5.27589e+32 -3.75522e+19 6.24629e-26 7.52011e+12 7.51044e+18 -5.32387e+28 0 5.33954e-20 8.10689e-22 
3.390 2 1 1 0 0.2588 0.2425 0.2831 0.0004 0.000000 -0.001353 0.0000 0 0.0000 0  1486 1990 2175 2298 2363 2353 2159 1587  1 1 1 0.00 0 0 1.00 -1 -1 0 11.83 0 5.27589e+32 -3.75522e+19 6.24629e-26 7.52011e+12 7.51044e+18 -5.32387e+28 0 5.33954e-20 8.10689e-22 
3.400 2 1 1 0 0.2566 0.2073 0.2854 0.0004 0.002591 -0.002367 0.0000 0 0.0000 0  1450 2002 2179 2265 2378 2348 2141 1557  1 1 1 0.00 0 0 1.00 -1 -1 0 11.86 0 5.27589e+32 -3.75522e+19 6.24629e-26 7.52011e+12 7.51044e+18 -5.32387e+28 0 5.33954e-20 8.10689e-22 
3.410 2 1 1 0 0.2557 0.2152 0.2874 0.0005 0.002591 -0.002812 0.0000 0 0.0000 0  1445 2007 2176 2258 2371 2347 2183 1560  1 1 1 0.00 0 0 1.00 -1 -1 0 11.86 0 5.27589e+32 -3.75522e+19 6.24629e-26 7.52011e+12 7.51044e+18 -5.32387e+28 0 5.33954e-20 8.10689e-22 
3.420 2 1 1 0 0.2580 0.2585 0.2896 0.0005 0.000000 -0.001573 0.0000 0 0.0000 0  1442 2003 2179 2291 2371 2340 2158 1567  1 1 1 0.00 0 0 1.00 -1 -1 0 11.86 0 5.27589e+32 -3.75522e+19 6.24629e-26 7.52011e+12 7.51044e+18 -5.32387e+28 0 5.33954e-20 8.10689e-22 
3.430 2 1 1 0 0.2448 0.2103 0.2918 0.0005 0.002591 -0.002639 0.0000 0 0.0000 0  1427 1983 2148 2252 2349 2344 2131 1562  1 1 1 0.00 0 0 1.00 -1 -1 0 11.86 0 5.27589e+32 -3.75522e+19 6.24629e-26 7.52011e+12 7.51044e+18 -5.32387e+28 0 5.33954e-20 8.10689e-22 
3.440 2 1 1 0 0.2438 0.2095 0.2938 0.0005 0.002591 -0.003048 0.0000 0 0.0000 0  1461 1987 2143 2252 2350 2345 2163 1565  1 1 1 0.00 0 0 1.00 -1 -1 0 11.86 0 5.27589e+32 -3.75522e+19 6.24629e-26 7.52011e+12 7.51044e+18 -5.32387e+28 0 5.33954e-20 8.10689e-22 
3.450 2 1 1 0 0.2393 0.2457 0.2960 0.0005 0.000000 -0.003045 0.0000 0 0.0000 0  1440 1970 2132 2239 2357 2343 2153 1575  1 1 1 0.00 0 0 1.00 -1 -1 0 11.86 0 5.27589e+32 -3.75522e+19 6.24629e-26 7.52011e+12 7.51044e+18 -5.32387e+28 0 5.33954e-20 8.10689e-22 
3.460 2 1 1 0 0.2644 0.2272 0.2982 0.0005 0.002591 -0.002436 0.0000 0 0.0000 0  1446 1959 2130 2218 2358 2341 2156 1580  1 1 1 0.00 0 0 1.00 -1 -1 0 11.86 0 5.27589e+32 -3.75522e+19 6.24629e-26 7.52011e+12 7.51044e+18 -5.32387e+28 0 5.33954e-20 8.10689e-22 
3.470 2 1 1 0 0.2470 0.2075 0.3002 0.0005 0.002591 -0.003092 0.0000 0 0.0000 0  1444 1955 2108 2209 2341 2328 2145 1581  1 1 1 0.00 0 0 1.00 -1 -1 0 11.86 0 5.27589e+32 -3.75522e+19 6.24629e-26 7.52011e+12 7.51044e+18 -5.32387e+28 0 5.33954e-20 8.10689e-22 
3.480 2 1 1 0 0.2391 0.2407 0.3024 0.0005 0.000000 -0.003110 0.0000 0 0.0000 0  1444 1912 2098 2204 2324 2322 2156 1587  1 1 1 0.00 0 0 1.00 -1 -1 0 11.86 0 5.27589e+32 -3.75522e+19 6.24629e-26 7.52011e+12 7.51044e+18 -5.32387e+28 0 5.33954e-20 8.10689e-22 
3.490 2 1 1 0 0.2718 0.2289 0.3046 0.0005 0.002591 -0.002287 0.0000 0 0.0000 0  1459 1956 2091 2195 2343 2324 2159 1602  1 1 1 0.00 0 0 1.00 -1 -1 0 11.86 0 5.27589e+32 -3.75522e+19 6.24629e-26 7.52011e+12 7.51044e+18 -5.32387e+28 0 5.33954e-20 8.10689e-22 
3.500 2 1 1 0 0.2316 0.2228 0.3068 0.0005 0.000000 -0.002581 0.0000 0 0.0000 0  1464 1935 2082 2183 2317 2323 2148 1597  1 1 1 0.00 0 0 1.00 -1 -1 0 11.86 0 5.27589e+32 -3.75522e+19 6.24629e-26 7.52011e+12 7.51044e+18 -5.32387e+28 0 5.33954e-20 8.10689e-22 
3.510 2 1 1 0 0.2407 0.2290 0.3088 0.0005 0.000000 -0.002220 0.0000 0 0.0000 0  1482 1949 2080 2180 2308 2327 2170 1599  1 1 1 0.00 0 0 1.00 -1 -1 0 11.86 0 5.27589e+32 -3.75522e+19 6.24629e-26 7.52011e+12 7.51044e+18 -5.32387e+28 0 5.33954e-20 8.10689e-22 
3.520 2 1 1 0 0.2301 0.2211 0.3109 0.0005 0.000000 -0.002978 0.0000 0 0.0000 0  1494 1994 2089 2176 2298 2327 2161 1627  1 1 1 0.00 0 0 1.00 -1 -1 0 11.86 0 5.27589e+32 -3.75522e+19 6.24629e-26 7.52011e+12 7.51044e+18 -5.32387e+28 0 5.33954e-20 8.10689e-22 
3.530 2 1 1 0 0.2295 0.2553 0.3131 0.0005 -0.002591 -0.002431 0.0000 0 0.0000 0  1523 1979 2094 2217 2308 2285 2154 1675  1 1 1 0.00 0 0 1.00 -1 -1 0 11.85 0 5.27589e+32 -3.75522e+19 6.24629e-26 7.52011e+12 7.51044e+18 -5.32387e+28 0 5.33954e-20 8.10689e-22 
3.540 2 1 1 0 0.2307 0.2122 0.3153 0.0005 0.000000 -0.002237 0.0000 0 0.0000 0  1537 1994 2097 2173 2332 2327 2191 1706  1 1 1 0.00 0 0 1.00 -1 -1 0 11.86 0 5.27589e+32 -3.75522e+19 6.24629e-26 7.52011e+12 7.51044e+18 -5.32387e+28 0 5.33954e-20 8.10689e-22 
3.550 2 1 1 0 0.2413 0.1867 0.3171 0.0005 0.002591 -0.003383 0.0000 0 0.0000 0  1570 1992 2101 2155 2266 2318 2202 1718  1 1 1 0.00 0 0 1.00 -1 -1 0 11.86 0 5.27589e+32 -3.75522e+19 6.24629e-26 7.52011e+12 7.51044e+18 -5.32387e+28 0 5.33954e-20 8.10689e-22 
3.560 2 1 1 0 0.2346 0.2198 0.3193 0.0005 0.000000 -0.003304 0.0000 0 0.0000 0  1597 2046 2088 2153 2268 2314 2228 1747  1 1 1 0.00 0 0 1.00 -1 -1 0 11.86 0 5.27589e+32 -3.75522e+19 6.24629e-26 7.52011e+12 7.51044e+18 -5.32387e+28 0 5.33954e-20 8.10689e-22 
3.570 2 1 1 0 0.2387 0.2232 0.3213 0.0005 0.000000 -0.002967 0.0000 0 0.0000 0  1632 2063 2123 2156 2263 2316 2246 1811  1 1 1 0.00 0 0 1.00 -1 -1 0 11.87 0 5.27589e+32 -3.75522e+19 6.24629e-26 7.52011e+12 7.51044e+18 -5.32387e+28 0 5.33954e-20 8.10689e-22 
3.580 2 1 1 0 0.2184 0.2071 0.3233 0.0005 0.000000 -0.003170 0.0000 0 0.0000 0  1666 2098 2128 2143 2260 2325 2280 1865  1 1 1 0.00 0 0 1.00 -1 -1 0 11.86 0 5.27589e+32 -3.75522e+19 6.24629e-26 7.52011e+12 7.51044e+18 -5.32387e+28 0 5.33954e-20 8.10689e-22 
3.590 2 1 1 0 0.2334 0.1902 0.3251 0.0005 0.002591 -0.003580 0.0000 0 0.0000 0  1696 2114 2143 2141 2242 2358 2331 1945  1 1 1 0.00 0 0 1.00 -1 -1 0 11.86 0 5.27589e+32 -3.75522e+19 6.24629e-26 7.52011e+12 7.51044e+18 -5.32387e+28 0 5.33954e-20 8.10689e-22 
3.600 2 1 1 0 0.2272 0.2218 0.3273 0.0005 0.000000 -0.003094 0.0000 0 0.0000 0  1730 2127 2131 2139 2244 2353 2388 2000  1 1 1 0.00 0 0 1.00 -1 -1 0 11.86 0 5.27589e+32 -3.75522e+19 6.24629e-26 7.52011e+12 7.51044e+18 -5.32387e+28 0 5.33954e-20 8.10689e-22 
3.610 2 1 1 0 0.2262 0.2148 0.3293 0.0005 0.000000 -0.002002 0.0000 0 0.0000 0  1750 2167 2161 2163 2266 2422 2460 2090  1 1 1 0.00 0 0 1.00 -1 -1 0 11.86 0 5.27589e+32 -3.75522e+19 6.24629e-26 7.52011e+12 7.51044e+18 -5.32387e+28 0 5.33954e-20 8.10689e-22 
3.620 2 1 1 0 0.2208 0.2072 0.3313 0.0005 0.000000 -0.002117 0.0000 0 0.0000 0  1773 2201 2214 2181 2301 2396 2548 2180  1 1 1 0.00 0 0 1.00 -1 -1 0 11.86 0 5.27589e+32 -3.75522e+19 6.24629e-26 7.52011e+12 7.51044e+18 -5.32387e+28 0 5.33954e-20 8.10689e-22 
3.630 2 1 1 0 0.2295 0.1788 0.3331 0.0005 0.002591 -0.002661 0.0000 0 0.0000 0  1767 2242 2240 2228 2340 2489 2645 2274  1 1 1 0.00 0 0 1.00 -1 -1 0 11.86 0 5.27589e+32 -3.75522e+19 6.24629e-26 7.52011e+12 7.51044e+18 -5.32387e+28 0 5.33954e-20 8.10689e-22 
3.640 2 1 1 0 0.2316 0.2202 0.3350 0.0005 0.000000 -0.001687 0.0000 0 0.0000 0  1794 2257 2307 2289 2390 2598 2740 2367  1 1 1 0.00 0 0 1.00 -1 -1 0 11.85 0 5.27589e+32 -3.75522e+19 6.24629e-26 7.52011e+12 7.51044e+18 -5.32387e+28 0 5.33954e-20 8.10689e-22 
3.650 2 1 1 0 0.2298 0.2123 0.3370 0.0005 0.000000 -0.000741 0.0000 0 0.0000 0  1792 2296 2340 2349 2474 2676 2836 2458  1 1 1 0.00 0 0 1.00 -1 -1 0 11.86 0 5.27589e+32 -3.75522e+19 6.24629e-26 7.52011e+12 7.51044e+18 -5.32387e+28 0 5.33954e-20 8.10689e-22 
3.660 2 1 1 0 0.2138 0.1950 0.3390 0.0005 0.000000 -0.001326 0.0000 0 0.0000 0  1787 2286 2388 2410 2538 2782 2944 2542  1 1 1 0.00 0 0 1.00 -1 -1 0 11.85 0 5.27589e+32 -3.75522e+19 6.24629e-26 7.52011e+12 7.51044e+18 -5.32387e+28 0 5.33954e-20 8.10689e-22 
3.670 2 1 1 0 0.2164 0.2008 0.3410 0.0005 0.000000 -0.001245 0.0000 0 0.0000 0  1798 2307 2424 2500 2655 2915 3045 2616  1 1 1 0.00 0 0 1.00 -1 -1 0 11.85 0 5.27589e+32 -3.75522e+19 6.24629e-26 7.52011e+12 7.51044e+18 -5.32387e+28 0 5.33954e-20 8.10689e-22 
3.680 2 1 1 0 0.2255 0.2065 0.3430 0.0005 0.000000 -0.001002 3.3844 0 2.6648 0  1761 2301 2467 2583 2748 3002 3145 2669  1 1 1 0.00 0 2 0.86 7 7 0 11.85 0 5.27589e+32 -3.75522e+19 6.24629e-26 7.52011e+12 7.51044e+18 -5.32387e+28 0 5.33954e-20 8.10689e-22 
3.690 2 1 1 0 0.2318 0.2086 0.3450 0.0005 0.000000 -0.000037 2.5940 1 2.7000 1  1765 2338 2504 2689 2867 3100 3212 2725  1 1 1 1.42 0 5 0.88 6 7 0 11.86 0 5.27589e+32 -3.75522e+19 6.24629e-26 7.52011e+12 7.51044e+18 -5.32387e+28 0 5.33954e-20 8.10689e-22 
3.700 2 1 1 0 0.2207 0.2005 0.3470 0.0005 0.000000 -0.000220 2.4264 1 2.7196 1  1784 2345 2550 2742 2977 3203 3257 2756  1 1 1 0.40 0 5 0.91 6 7 0 11.85 0 5.27589e+32 -3.75522e+19 6.24629e-26 7.52011e+12 7.51044e+18 -5.32387e+28 0 5.33954e-20 8.10689e-22 
3.710 2 1 1 0 0.1900 0.2078 0.3488 0.0005 -0.002591 -0.001246 2.1422 1 2.7378 1  1781 2359 2591 2809 3075 3281 3324 2789  1 1 1 0.68 0 5 0.95 6 7 0 11.85 0 5.27589e+32 -3.75522e+19 6.24629e-26 7.52011e+12 7.51044e+18 -5.32387e+28 0 5.33954e-20 8.10689e-22 
3.720 2 1 1 0 0.1963 0.2095 0.3508 0.0005 -0.002591 -0.001260 1.6944 1 2.7497 1  1790 2393 2643 2904 3186 3343 3338 2813  1 1 1 1.10 0 5 0.97 6 7 0 11.86 0 5.27589e+32 -3.75522e+19 6.24629e-26 7.52011e+12 7.51044e+18 -5.32387e+28 0 5.33954e-20 8.10689e-22 
3.730 2 1 1 0 0.2138 0.1872 0.3526 0.0005 0.000000 -0.001182 1.5174 1 2.7572 1  1800 2415 2677 2936 3248 3390 3379 2829  1 1 1 1.37 0 5 0.98 6 7 0 11.85 0 5.27589e+32 -3.75522e+19 6.24629e-26 7.52011e+12 7.51044e+18 -5.32387e+28 0 5.33954e-20 8.10689e-22 
3.740 2 1 1 0 0.2183 0.1880 0.3546 0.0005 0.000000 -0.001024 1.3654 1 2.7598 1  1801 2445 2705 3001 3297 3432 3422 2832  1 1 1 2.11 0 5 0.98 5 7 -0.534705 11.86 0 5.27589e+32 -3.75522e+19 6.24629e-26 7.52011e+12 7.51044e+18 -5.32387e+28 0 5.33954e-20 8.10689e-22 
3.750 2 1 1 0 0.2005 0.2029 0.3564 0.0005 -0.002591 -0.000436 1.0032 1 2.7635 1  1831 2500 2746 3041 3347 3457 3402 2839  1 1 1 2.64 0 5 0.99 5 7 -0.534705 11.86 0 5.27589e+32 -3.75522e+19 6.24629e-26 7.52011e+12 7.51044e+18 -5.32387e+28 0 5.33954e-20 8.10689e-22 
3.760 2 1 1 0 0.2082 0.2062 0.3584 0.0005 -0.002591 0.000453 0.9106 1 2.7679 1  1861 2515 2775 3109 3371 3475 3416 2851  1 1 1 2.87 0 5 1.00 5 7 -0.534705 11.86 0 5.27589e+32 -3.75522e+19 6.24629e-26 7.52011e+12 7.51044e+18 -5.32387e+28 0 5.33954e-20 8.10689e-22 
3.770 2 1 1 0 0.1969 0.2292 0.3603 0.0005 -0.005182 0.001649 0.8045 1 2.7695 1  1881 2539 2819 3172 3405 3486 3431 2852  1 1 1 2.89 0 5 1.00 5 7 -0.534705 11.86 0 5.27589e+32 -3.75522e+19 6.24629e-26 7.52011e+12 7.51044e+18 -5.32387e+28 0 5.33954e-20 8.10689e-22 
3.780 2 1 1 0 0.2053 0.2297 0.3623 0.0005 -0.005182 0.002686 0.7207 1 2.7726 1  1874 2582 2867 3214 3425 3494 3386 2861  1 1 1 2.97 0 5 1.00 5 7 -0.534705 11.86 0 5.27589e+32 -3.75522e+19 6.24629e-26 7.52011e+12 7.51044e+18 -5.32387e+28 0 5.33954e-20 8.10689e-22 
3.790 2 1 1 0 0.2126 0.2323 0.3643 0.0005 -0.005182 0.004127 0.6054 1 2.7740 1  1911 2608 2927 3249 3460 3479 3444 2868  1 1 1 3.52 0 5 0.99 4 7 -0.59867 11.86 0 5.27589e+32 -3.75522e+19 6.24629e-26 7.52011e+12 7.51044e+18 -5.32387e+28 0 5.33954e-20 8.10689e-22 
3.800 2 1 1 0 0.2297 0.2112 0.3665 0.0005 -0.002591 0.004749 0.3768 1 2.7701 1  1932 2632 2958 3262 3436 3466 3369 2851  1 1 1 3.73 0 5 0.99 4 7 -0.59867 11.86 0 5.27589e+32 -3.75522e+19 6.24629e-26 7.52011e+12 7.51044e+18 -5.32387e+28 0 5.33954e-20 8.10689e-22 
3.810 2 1 1 0 0.2088 0.1946 0.3681 0.0005 -0.002591 0.003825 0.1942 1 2.7702 1  1933 2639 3024 3332 3481 3490 3410 2847  1 1 1 4.13 0 5 1.00 4 7 -0.59867 11.87 0 5.27589e+32 -3.75522e+19 6.24629e-26 7.52011e+12 7.51044e+18 -5.32387e+28 0 5.33954e-20 8.10689e-22 
3.820 2 1 1 0 0.2108 0.1981 0.3701 0.0004 -0.002591 0.003405 0.1632 1 2.7735 1  1971 2737 3058 3309 3457 3467 3403 2865  1 1 1 3.99 0 5 1.00 4 7 -0.59867 11.86 0 5.27589e+32 -3.75522e+19 6.24629e-26 7.52011e+12 7.51044e+18 -5.32387e+28 0 5.33954e-20 8.10689e-22 
3.830 2 1 1 0 0.2162 0.1723 0.3719 0.0004 0.000000 0.002425 -0.0100 1 2.7633 1  1936 2747 3129 3389 3471 3486 3419 2846  1 1 1 4.49 0 5 0.99 4 7 -0.59867 11.86 0 5.27589e+32 -3.75522e+19 6.24629e-26 7.52011e+12 7.51044e+18 -5.32387e+28 0 5.33954e-20 8.10689e-22 
3.840 2 1 1 0 0.2132 0.2077 0.3741 0.0004 -0.002591 0.002602 -0.0720 1 2.7658 1  1933 2737 3169 3415 3505 3477 3404 2854  1 1 1 4.72 0 5 1.00 4 7 -0.595632 11.86 0 5.27589e+32 -3.75522e+19 6.24629e-26 7.52011e+12 7.51044e+18 -5.32387e+28 0 5.33954e-20 8.10689e-22 
3.850 2 1 1 0 0.2320 0.2274 0.3761 0.0004 -0.002591 0.003929 -0.1641 1 2.7482 1  1942 2789 3212 3437 3504 3495 3415 2802  1 1 1 4.67 0 5 1.00 3 6 -0.595632 11.86 0 5.27589e+32 -3.75522e+19 6.24629e-26 7.52011e+12 7.51044e+18 -5.32387e+28 0 5.33954e-20 8.10689e-22 
3.860 2 1 1 0 0.2470 0.2110 0.3779 0.0004 0.000000 0.004317 -0.2387 1 2.7438 1  1954 2846 3235 3443 3491 3482 3417 2803  1 1 1 4.77 0 5 1.00 3 6 -0.595632 11.86 0 5.27589e+32 -3.75522e+19 6.24629e-26 7.52011e+12 7.51044e+18 -5.32387e+28 0 5.33954e-20 8.10689e-22 
3.870 2 1 1 0 0.2355 0.2065 0.3799 0.0004 0.000000 0.004583 -0.4447 1 2.7321 1  1984 2903 3260 3455 3491 3485 3399 2767  1 1 1 5.02 10 5 1.00 3 6 -0.595632 11.86 0 5.27589e+32 -3.75522e+19 6.24629e-26 7.52011e+12 7.51044e+18 -5.32387e+28 0 5.33954e-20 8.10689e-22 
3.880 2 1 1 0 0.2185 0.2291 0.3821 0.0004 -0.002591 0.004711 -0.5219 1 2.7043 1  2028 2938 3301 3471 3484 3482 3405 2724  1 1 1 5.26 20 5 1.00 3 6 -0.595632 11.86 0 5.27589e+32 -3.75522e+19 6.24629e-26 7.52011e+12 7.51044e+18 -5.32387e+28 0 5.33954e-20 8.10689e-22 
3.890 2 1 1 0 0.2190 0.2216 0.3841 0.0004 -0.002591 0.004698 -0.6039 1 2.6986 1  2088 3002 3335 3473 3498 3480 3388 2713  1 1 1 4.83 19 5 1.00 3 6 -0.541388 11.86 0 5.27589e+32 -3.75522e+19 6.24629e-26 7.52011e+12 7.51044e+18 -5.32387e+28 0 5.33954e-20 8.10689e-22 
3.900 2 1 1 0 0.2094 0.2109 0.3862 0.0004 -0.002591 0.004381 -0.6869 1 2.5604 1  2149 3064 3361 3479 3507 3487 3379 2610  1 1 1 4.49 9 5 1.00 3 6 -0.541388 11.87 0 5.27589e+32 -3.75522e+19 6.24629e-26 7.52011e+12 7.51044e+18 -5.32387e+28 0 5.33954e-20 8.10689e-22 
3.910 2 1 1 0 0.2271 0.1877 0.3880 0.0004 0.000000 0.002919 -0.7636 1 2.4022 1  2229 3100 3381 3474 3473 3476 3361 2560  1 1 1 4.52 0 5 0.99 3 6 -0.541388 11.86 0 5.27589e+32 -3.75522e+19 6.24629e-26 7.52011e+12 7.51044e+18 -5.32387e+28 0 5.33954e-20 8.10689e-22 
3.920 2 1 1 0 0.2168 0.2176 0.3902 0.0004 -0.002591 0.002761 -1.9604 1 2.3117 1  2311 3175 3424 3478 3490 3480 3339 2514  1 1 1 6.00 6 5 1.00 2 5 -0.541388 11.86 0 5.27589e+32 -3.75522e+19 6.24629e-26 7.52011e+12 7.51044e+18 -5.32387e+28 0 5.33954e-20 8.10689e-22 
3.930 2 1 1 0 0.2275 0.2294 0.3922 0.0004 -0.002591 0.003291 -2.0651 1 2.1769 1  2388 3204 3377 3473 3495 3435 3312 2417  1 1 1 6.00 16 5 1.00 3 5 -0.541388 11.86 0 5.27589e+32 -3.75522e+19 6.24629e-26 7.52011e+12 7.51044e+18 -5.32387e+28 0 5.33954e-20 8.10689e-22 
3.940 2 1 1 0 0.2211 0.2187 0.3942 0.0004 -0.002591 0.003738 -2.1924 1 2.1058 1  2479 3268 3439 3480 3507 3478 3285 2354  1 1 1 6.00 20 5 1.00 2 5 -0.541388 11.86 0 5.27589e+32 -3.75522e+19 6.24629e-26 7.52011e+12 7.51044e+18 -5.32387e+28 0 5.33954e-20 8.10689e-22 
