%% logfile from robot Alma (11)
% Alma (11)
%  1    time 1.503 sec
%  2  3  4  5   (mission 0), state 2, entered (thread 1, line 1), events 0x0 (bit-flags)
%  6  7 Motor velocity ref left, right: -0.0342 -0.0300
%  8  9 10 11 Pose x,y,h,tilt [m,m,rad,rad]: -0.00783177 0.000202667 -0.00777337 0.00683702
% 12 .. 33 Edge sensor: left 0.244042 1, right 2.679755 1, values 1945 2591 2935 3312 3461 3475 3394 2688, 
%    white 1, used 1, LEDhigh=1, xingVal=6.00 xlcnt=20 lvcnt=5,LineVal=0.99, lineLow=4, lineHi=6, edgeAngle=0.
% whitelevel=[2898 3352 3437 3462 3485 3466 3391 2862];
% blacklevel=[1435 1889 2091 2192 2279 2230 2035 1497];
% 35 44 ctrl edge, ref=0, m=-0.0737549, m2=-0.0616484, uf=0, r2=0, ep=0.0123297,up=0.0125154, ui=0, u1=0.0125154, u=0.0125154
1.503 2 1 1 0 -0.0342 -0.0300 -0.0078 0.0002 -0.007773 0.006837 0.2440 1 2.6798 1  1945 2591 2935 3312 3461 3475 3394 2688  1 1 1 6.00 20 5 0.99 4 6 0 11.79 0 -0.0737549 -0.0616484 0 0 0.0123297 0.0125154 0 0.0125154 0.0125154 
1.518 2 1 1 0 -0.0777 -0.0485 -0.0080 0.0002 -0.010364 0.008340 0.2410 1 2.6850 1  1944 2594 2944 3318 3461 3474 3392 2697  1 1 1 6.00 20 5 0.99 4 6 0 11.79 0 -0.0737549 -0.0616484 0 0 0.0123297 0.0125154 0 0.0125154 0.0125154 
1.533 2 1 1 0 -0.0939 -0.0543 -0.0084 0.0002 -0.010364 0.008841 0.2396 1 2.6900 1  1947 2608 2945 3317 3467 3467 3387 2713  1 1 1 6.00 20 5 0.99 4 6 0 11.79 0 -0.0737549 -0.0616484 0 0 0.0123297 0.0125154 0 0.0125154 0.0125154 
1.548 2 1 1 0 -0.0619 -0.0345 -0.0088 0.0002 -0.010364 0.010308 0.2319 1 2.6894 1  1955 2591 2951 3323 3469 3473 3392 2699  1 1 1 6.00 20 5 0.99 4 6 0 11.79 0 -0.0737549 -0.0616484 0 0 0.0123297 0.0125154 0 0.0125154 0.0125154 
1.563 2 1 1 0 -0.0348 -0.0332 -0.0090 0.0002 -0.007773 0.016909 0.2048 1 2.7012 1  1980 2618 2964 3332 3463 3477 3402 2726  1 1 1 6.00 20 5 0.99 4 6 0 11.79 0 -0.0737549 -0.0616484 0 0 0.0123297 0.0125154 0 0.0125154 0.0125154 
1.578 2 1 1 0 -0.0519 -0.0789 -0.0092 0.0002 -0.005182 0.019274 0.1999 1 2.6902 1  1988 2646 2964 3330 3480 3481 3403 2705  1 1 1 6.00 20 5 1.00 4 6 0 11.79 0 -0.0737549 -0.0616484 0 0 0.0123297 0.0125154 0 0.0125154 0.0125154 
1.593 2 1 1 0 -0.1047 -0.0855 -0.0102 0.0002 -0.007773 0.018229 0.1902 1 2.7129 1  1983 2629 2950 3337 3452 3469 3413 2751  1 1 1 6.00 20 5 0.99 4 6 0 11.79 0 -0.0737549 -0.0616484 0 0 0.0123297 0.0125154 0 0.0125154 0.0125154 
1.608 2 1 1 0 -0.0740 -0.0537 -0.0102 0.0002 -0.007773 0.023068 0.1577 1 2.7236 1  2008 2648 2967 3341 3489 3499 3427 2769  1 1 1 6.00 20 5 1.00 4 6 0 11.79 0 -0.0737549 -0.0616484 0 0 0.0123297 0.0125154 0 0.0125154 0.0125154 
1.623 2 1 1 0 -0.0642 -0.0768 -0.0104 0.0002 -0.005182 0.025933 0.1421 1 2.7338 1  2019 2657 2994 3352 3486 3496 3429 2782  1 1 1 6.00 20 5 1.00 4 6 0 11.79 0 -0.0737549 -0.0616484 0 0 0.0123297 0.0125154 0 0.0125154 0.0125154 
1.638 2 1 1 0 -0.1116 -0.0425 -0.0112 0.0002 -0.010364 0.026854 0.1209 1 2.7306 1  2031 2667 3000 3355 3485 3491 3432 2776  1 1 1 6.00 20 5 1.00 4 6 0 11.78 0 -0.0737549 -0.0616484 0 0 0.0123297 0.0125154 0 0.0125154 0.0125154 
1.653 2 1 2 0 -0.0270 -0.0270 -0.0114 0.0002 -0.007773 0.034392 0.0644 1 2.7444 1  2060 2692 3028 3376 3510 3517 3446 2804  1 1 1 6.00 20 5 1.00 4 6 0 11.79 0 -0.0737549 -0.184551 0 0 0.0369102 0.0129474 0 0.0129474 0 
1.668 2 1 2 0 -0.0360 -0.0360 -0.0114 0.0002 -0.007773 0.039141 0.0328 1 2.7524 1  2078 2712 3034 3382 3505 3515 3447 2819  1 1 1 6.00 20 5 1.00 4 6 0 11.79 0 -0.0737549 -0.0867059 0 0 0.0173412 0.00974869 0 0.00974869 0 
1.683 2 1 2 0 -0.0410 -0.0410 -0.0116 0.0002 -0.010364 0.041040 0.0596 1 2.7532 1  2076 2712 3036 3370 3489 3490 3436 2821  1 1 1 6.00 20 5 1.00 4 6 0 11.79 0 -0.0737549 -0.0752687 0 0 0.0150537 0.0104347 0 0.0104347 0 
1.698 2 1 2 0 -0.0342 -0.0342 -0.0116 0.0002 -0.010364 0.042396 0.0130 1 2.7595 1  2090 2731 3055 3385 3505 3513 3449 2833  1 1 1 6.00 20 5 0.99 4 7 0 11.79 0 -0.0737549 -0.0739318 0 0 0.0147864 0.0113403 0 0.0113403 0 
1.713 2 1 2 0 -0.0201 -0.0201 -0.0116 0.0002 -0.010364 0.045143 -0.0267 1 2.7643 1  2108 2747 3065 3395 3508 3539 3451 2840  1 1 1 6.00 20 5 1.00 4 7 0 11.79 0 -0.0737549 -0.0737755 0 0 0.0147551 0.012089 0 0.012089 0 
1.728 2 1 2 0 -0.0106 -0.0106 -0.0116 0.0002 -0.010364 0.047849 -0.0352 1 2.7696 1  2124 2757 3078 3397 3509 3515 3450 2852  1 1 1 6.00 20 5 1.00 4 7 0 11.79 0 -0.0737549 -0.0737573 0 0 0.0147515 0.0126771 0 0.0126771 0 
1.743 2 1 2 0 0.0074 0.0074 -0.0116 0.0002 -0.010364 0.051331 -0.0861 1 2.7741 1  2139 2787 3090 3410 3524 3526 3466 2872  1 1 1 6.00 20 5 1.00 4 7 0 11.79 0 -0.0737549 -0.0737551 0 0 0.014751 0.0131358 0 0.0131358 0 
1.758 2 1 2 0 0.0280 0.0280 -0.0116 0.0002 -0.010364 0.055558 -0.1496 1 2.7741 1  2165 2801 3115 3425 3531 3538 3477 2894  1 1 1 6.00 20 5 1.00 4 7 0 11.79 0 -0.0737549 -0.073755 0 0 0.014751 0.0134931 0 0.0134931 0 
1.773 2 1 2 0 0.0545 0.0545 -0.0114 0.0002 -0.007773 0.060434 -0.1564 1 2.7741 1  2222 2823 3127 3420 3527 3530 3451 2910  1 1 1 6.00 20 5 1.00 4 7 0 11.78 0 -0.0737549 -0.073755 0 0 0.014751 0.0137713 0 0.0137713 0 
1.788 2 1 2 0 0.0674 0.0674 -0.0108 0.0002 -0.010364 0.064353 -0.2077 1 2.7741 1  2213 2850 3142 3432 3529 3535 3487 2923  1 1 1 6.00 20 5 1.00 4 7 0 11.79 0 -0.0737549 -0.073755 0 0 0.014751 0.013988 0 0.013988 0 
1.803 2 1 2 0 0.1094 0.1094 -0.0106 0.0002 -0.007773 0.067466 -0.2250 1 2.7741 1  2246 2888 3158 3419 3531 3535 3466 2940  1 1 1 6.00 20 5 1.00 4 7 0 11.78 0 -0.0737549 -0.073755 0 0 0.014751 0.0141568 0 0.0141568 0 
1.818 2 1 2 0 0.0983 0.0983 -0.0098 0.0002 -0.007773 0.069554 -0.2973 1 2.7741 1  2271 2890 3165 3438 3540 3544 3487 2965  1 1 1 6.00 20 5 1.00 3 7 0 11.78 0 -0.0737549 -0.073755 0 0 0.014751 0.0142882 0 0.0142882 0 
1.833 2 1 2 0 0.1169 0.1169 -0.0088 0.0002 -0.000000 0.068931 -0.2742 1 2.7741 1  2276 2878 3174 3426 3530 3542 3477 2964  1 1 1 6.00 20 5 1.00 3 7 0 11.78 0 -0.0737549 -0.073755 0 0 0.014751 0.0143906 0 0.0143906 0 
1.848 2 1 2 0 0.1380 0.1380 -0.0078 0.0002 0.002591 0.068737 -0.3597 1 2.7741 1  2268 2913 3178 3449 3548 3544 3486 2969  1 1 1 6.00 20 5 1.00 3 7 0 11.78 0 -0.0737549 -0.073755 0 0 0.014751 0.0144703 0 0.0144703 0 
1.863 2 1 2 0 0.1301 0.1301 -0.0064 0.0002 0.005182 0.065837 -0.3193 1 2.7741 1  2242 2908 3170 3437 3534 3538 3493 2982  1 1 1 6.00 20 5 1.00 3 7 0 11.78 0 -0.0737549 -0.073755 0 0 0.014751 0.0145324 0 0.0145324 0 
1.878 2 1 2 0 0.1512 0.1512 -0.0050 0.0002 0.007773 0.063366 -0.2514 1 2.7741 1  2231 2871 3175 3422 3512 3537 3492 2962  1 1 1 6.00 20 5 0.99 3 7 0 11.78 0 -0.0737549 -0.073755 0 0 0.014751 0.0145807 0 0.0145807 0 
1.893 2 1 2 0 0.1518 0.1518 -0.0034 0.0002 0.012956 0.060390 -0.2596 1 2.7741 1  2223 2903 3168 3416 3539 3524 3467 2957  1 1 1 6.00 20 5 1.00 4 7 0 11.79 0 -0.0737549 -0.073755 0 0 0.014751 0.0146184 0 0.0146184 0 
1.908 2 1 2 0 0.1552 0.1552 -0.0018 0.0003 0.018138 0.056923 -0.2172 1 2.7741 1  2240 2856 3161 3426 3526 3532 3475 2950  1 1 1 6.00 20 5 1.00 4 7 0 11.78 0 -0.0737549 -0.073755 0 0 0.014751 0.0146477 0 0.0146477 0 
1.923 2 1 2 0 0.1646 0.1646 -0.0000 0.0003 0.020729 0.053966 -0.2280 1 2.7741 1  2257 2891 3141 3408 3513 3526 3466 2942  1 1 1 6.00 20 5 1.00 4 7 0 11.78 0 -0.0737549 -0.073755 0 0 0.014751 0.0146706 0 0.0146706 0 
1.938 2 1 2 0 0.1569 0.1569 0.0018 0.0003 0.023320 0.050835 -0.2090 1 2.7741 1  2268 2880 3119 3407 3530 3525 3472 2953  1 1 1 6.00 20 5 1.00 4 7 0 11.78 0 -0.0737549 -0.073755 0 0 0.014751 0.0146883 0 0.0146883 0 
1.953 2 1 2 0 0.1687 0.1687 0.0040 0.0004 0.025911 0.047263 -0.1761 1 2.7741 1  2264 2866 3120 3401 3493 3524 3471 2956  1 1 1 6.00 20 5 1.00 4 7 0 11.79 0 -0.0737549 -0.073755 0 0 0.014751 0.0147022 0 0.0147022 0 
1.968 2 1 2 0 0.1583 0.1583 0.0058 0.0005 0.028502 0.043471 -0.1941 1 2.7741 1  2248 2888 3142 3396 3508 3523 3467 2955  1 1 1 6.00 20 5 1.00 4 7 0 11.79 0 -0.0737549 -0.073755 0 0 0.014751 0.014713 0 0.014713 0 
1.983 2 1 2 0 0.1640 0.1640 0.0078 0.0005 0.033685 0.039845 -0.1231 1 2.7741 1  2235 2888 3103 3368 3485 3494 3439 2942  1 1 1 6.00 20 5 1.00 4 7 0 11.78 0 -0.0737549 -0.073755 0 0 0.014751 0.0147214 0 0.0147214 0 
1.998 2 1 2 0 0.1628 0.1628 0.0102 0.0006 0.033685 0.037316 -0.1609 1 2.7741 1  2234 2888 3141 3392 3508 3522 3470 2954  1 1 1 6.00 20 5 1.00 4 7 0 11.78 0 -0.0737549 -0.073755 0 0 0.014751 0.0147279 0 0.0147279 0 
2.013 2 1 2 0 0.1684 0.1684 0.0120 0.0007 0.036276 0.034575 -0.0863 1 2.7741 1  2210 2874 3122 3370 3492 3506 3458 2935  1 1 1 6.00 20 5 1.00 4 7 0 11.78 0 -0.0737549 -0.073755 0 0 0.014751 0.014733 0 0.014733 0 
2.028 2 1 2 0 0.1572 0.1572 0.0143 0.0007 0.038867 0.032171 -0.0781 1 2.7741 1  2207 2866 3103 3370 3501 3506 3454 2943  1 1 1 6.00 20 5 1.00 4 7 0 11.79 0 -0.0737549 -0.073755 0 0 0.014751 0.014737 0 0.014737 0 
2.043 2 1 2 0 0.1567 0.1567 0.0163 0.0008 0.038867 0.029968 -0.0525 1 2.7741 1  2203 2853 3110 3366 3493 3530 3459 2938  1 1 1 6.00 20 5 1.00 4 7 0 11.78 0 -0.0737549 -0.073755 0 0 0.014751 0.0147401 0 0.0147401 0 
2.058 2 1 2 0 0.1754 0.1754 0.0185 0.0009 0.041458 0.029780 -0.0073 1 2.7741 1  2189 2857 3088 3351 3498 3519 3448 2937  1 1 1 6.00 20 5 1.00 4 7 0 11.77 0 -0.0737549 -0.073755 0 0 0.014751 0.0147425 0 0.0147425 0 
2.073 2 1 2 0 0.1553 0.1553 0.0205 0.0010 0.041458 0.027855 -0.0025 1 2.7741 1  2209 2849 3094 3351 3481 3506 3431 2933  1 1 1 6.00 20 5 1.00 4 7 0 11.79 0 -0.0737549 -0.073755 0 0 0.014751 0.0147444 0 0.0147444 0 
2.088 2 1 2 0 0.1698 0.1698 0.0227 0.0011 0.044049 0.027458 0.0289 1 2.7741 1  2204 2852 3064 3344 3472 3492 3442 2937  1 1 1 6.00 20 5 1.00 4 7 0 11.77 0 -0.0737549 -0.073755 0 0 0.014751 0.0147458 0 0.0147458 0 
2.103 2 1 2 0 0.1748 0.1748 0.0249 0.0012 0.046640 0.026373 0.0390 1 2.7741 1  2187 2852 3073 3334 3489 3505 3454 2937  1 1 1 6.00 20 5 1.00 4 7 0 11.78 0 -0.0737549 -0.073755 0 0 0.014751 0.014747 0 0.014747 0 
2.118 2 1 2 0 0.1705 0.1705 0.0269 0.0013 0.046640 0.026287 0.0003 1 2.7741 1  2210 2852 3072 3349 3485 3510 3463 2943  1 1 1 6.00 20 5 1.00 4 7 0 11.78 0 -0.0737549 -0.073755 0 0 0.014751 0.0147479 0 0.0147479 0 
2.133 2 1 2 0 0.1814 0.1814 0.0291 0.0014 0.049231 0.025863 0.0036 1 2.7741 1  2203 2852 3076 3351 3480 3500 3442 2960  1 1 1 6.00 20 5 1.00 4 7 0 11.78 0 -0.0737549 -0.073755 0 0 0.014751 0.0147486 0 0.0147486 0 
2.148 2 1 2 0 0.1683 0.1683 0.0315 0.0015 0.054414 0.024237 -0.0676 1 2.7741 1  2202 2861 3072 3350 3488 3514 3459 2960  1 1 1 6.00 20 5 1.00 4 7 0 11.78 0 -0.0737549 -0.073755 0 0 0.014751 0.0147491 0 0.0147491 0 
2.163 2 1 2 0 0.1843 0.1843 0.0339 0.0016 0.054414 0.023934 0.0072 1 2.7741 1  2178 2859 3073 3344 3481 3514 3444 2962  1 1 1 6.00 20 5 1.00 4 7 0 11.79 0 -0.0737549 -0.073755 0 0 0.014751 0.0147495 0 0.0147495 0 
2.178 2 1 2 0 0.1736 0.1736 0.0361 0.0018 0.057005 0.024050 0.0575 1 2.7741 1  2176 2849 3076 3339 3474 3510 3454 2959  1 1 1 6.00 20 5 1.00 4 7 0 11.79 0 -0.0737549 -0.073755 0 0 0.014751 0.0147498 0 0.0147498 0 
2.193 2 1 2 0 0.1848 0.1848 0.0385 0.0019 0.057005 0.023711 0.0602 1 2.7741 1  2174 2856 3068 3348 3481 3501 3454 2956  1 1 1 6.00 20 5 1.00 4 7 0 11.78 0 -0.0737549 -0.073755 0 0 0.014751 0.0147501 0 0.0147501 0 
2.208 2 1 2 0 0.1886 0.1886 0.0409 0.0020 0.057005 0.022869 0.0458 1 2.7741 1  2161 2834 3066 3349 3489 3516 3466 2967  1 1 1 6.00 20 5 1.00 4 7 0 11.79 0 -0.0737549 -0.073755 0 0 0.014751 0.0147503 0 0.0147503 0 
2.223 2 1 2 0 0.2047 0.2047 0.0435 0.0022 0.059596 0.023815 0.1202 1 2.7741 1  2147 2829 3047 3324 3474 3505 3457 2963  1 1 1 6.00 20 5 1.00 4 7 0 11.79 0 -0.0737549 -0.073755 0 0 0.014751 0.0147504 0 0.0147504 0 
2.238 2 1 2 0 0.2001 0.2001 0.0459 0.0023 0.059596 0.023031 0.1629 1 2.7741 1  2134 2800 3025 3315 3475 3508 3454 2968  1 1 1 6.00 20 5 1.00 4 7 0 11.79 0 -0.0737549 -0.073755 0 0 0.014751 0.0147506 0 0.0147506 0 
2.253 2 1 2 0 0.1929 0.1929 0.0485 0.0025 0.062187 0.021907 0.2037 1 2.7741 1  2103 2781 3008 3311 3470 3507 3446 2948  1 1 1 6.00 20 5 1.00 4 7 0 11.79 0 -0.0737549 -0.073755 0 0 0.014751 0.0147507 0 0.0147507 0 
2.268 2 1 2 0 0.2113 0.2113 0.0511 0.0027 0.064778 0.022900 0.2305 1 2.7741 1  2082 2766 2999 3304 3484 3507 3461 2977  1 1 1 6.00 20 5 1.00 4 7 0 11.78 0 -0.0737549 -0.073755 0 0 0.014751 0.0147507 0 0.0147507 0 
2.283 2 1 2 0 0.2034 0.2034 0.0540 0.0028 0.064778 0.022053 0.3036 1 2.7741 1  2053 2732 2993 3286 3465 3499 3446 2976  1 1 1 6.00 20 5 1.00 4 7 0 11.78 0 -0.0737549 -0.073755 0 0 0.014751 0.0147508 0 0.0147508 0 
2.298 2 1 2 0 0.2027 0.2027 0.0566 0.0030 0.067369 0.021161 0.3113 1 2.7741 1  2012 2731 2968 3290 3498 3503 3457 2971  1 1 1 6.00 20 5 1.00 4 7 0 11.78 0 -0.0737549 -0.073755 0 0 0.014751 0.0147508 0 0.0147508 0 
2.313 2 1 2 0 0.2245 0.2245 0.0594 0.0032 0.067369 0.021192 0.5985 1 2.7741 1  1954 2679 2934 3257 3448 3496 3449 2970  1 1 1 5.26 20 5 0.99 4 7 0 11.78 0 -0.0737549 -0.073755 0 0 0.014751 0.0147509 0 0.0147509 0 
2.328 2 1 2 0 0.2163 0.2163 0.0624 0.0034 0.069960 0.020025 0.6026 1 2.7741 1  1935 2643 2903 3250 3463 3504 3460 2962  1 1 1 5.24 20 5 1.00 4 7 0 11.78 0 -0.0737549 -0.073755 0 0 0.014751 0.0147509 0 0.0147509 0 
2.343 2 1 2 0 0.2107 0.2107 0.0650 0.0036 0.072551 0.018519 0.6965 1 2.7741 1  1891 2590 2831 3215 3453 3503 3450 2968  1 1 1 4.77 6 5 0.99 4 7 0 11.79 0 -0.0737549 -0.073755 0 0 0.014751 0.0147509 0 0.0147509 0 
2.358 2 1 2 0 0.3479 0.1527 0.0680 0.0038 0.064778 0.018852 0.7562 1 2.7741 1  1860 2557 2790 3185 3442 3484 3452 2943  1 1 1 4.47 0 5 1.00 5 7 0 11.78 0 0.756243 1.0746 0 0 -0.21492 -0.0975813 0 -0.0975813 -0.0975813 
2.373 2 1 2 0 0.3224 0.1067 0.0710 0.0040 0.057005 0.014529 0.8147 1 2.7741 1  1811 2474 2730 3157 3426 3482 3442 2916  1 1 1 4.18 0 5 1.00 5 7 0 11.78 0 0.814665 0.894829 0 0 -0.178966 -0.107822 0 -0.107822 -0.107822 
2.388 2 1 2 0 0.4117 0.1640 0.0740 0.0041 0.044049 0.014257 0.8562 1 2.7741 1  1783 2399 2660 3132 3424 3485 3437 2918  1 1 1 3.97 0 5 1.00 5 7 0 11.78 0 0.856226 0.906335 0 0 -0.181267 -0.123858 0 -0.123858 -0.123858 
2.403 2 1 2 0 0.3922 0.1197 0.0772 0.0043 0.028502 0.011540 0.8803 1 2.7741 1  1787 2368 2619 3116 3410 3486 3428 2887  1 1 1 3.85 0 5 1.00 5 7 0 11.77 0 0.880258 0.903852 0 0 -0.18077 -0.136274 0 -0.136274 -0.136274 
2.418 2 1 2 0 0.4259 0.1417 0.0808 0.0043 0.007773 0.008953 0.8633 1 2.7698 1  1752 2341 2617 3150 3423 3489 3427 2851  1 1 1 3.92 0 5 1.00 5 7 0 11.75 0 0.863337 0.864151 0 0 -0.17283 -0.142128 0 -0.142128 -0.142128 
2.433 2 1 2 0 0.4249 0.1331 0.0842 0.0043 -0.015547 0.003576 0.8416 1 2.7466 1  1723 2330 2641 3169 3434 3476 3412 2796  1 1 1 3.91 0 5 1.00 5 6 0 11.77 0 0.84156 0.831621 0 0 -0.166324 -0.145852 0 -0.145852 -0.145852 
2.448 2 1 2 0 0.4048 0.1012 0.0878 0.0042 -0.036276 -0.001120 0.8403 1 2.7130 1  1694 2309 2689 3192 3425 3454 3384 2741  1 1 1 3.75 0 5 0.99 5 6 0 11.76 0 0.840253 0.86315 0 0 -0.17263 -0.151794 0 -0.151794 -0.151794 
2.463 2 1 2 0 0.4250 0.1357 0.0915 0.0040 -0.067369 -0.007232 0.7644 1 2.6820 1  1733 2386 2775 3213 3431 3446 3377 2698  1 1 1 3.97 0 5 0.98 4 6 0 11.77 0 0.764419 0.743681 0 0 -0.148736 -0.144642 0 -0.144642 -0.144642 
2.478 2 1 2 0 0.2266 0.2266 0.0951 0.0038 -0.082916 -0.013549 0.2954 1 2.4625 1  1721 2407 2880 3308 3467 3455 3346 2595  1 1 1 5.22 12 5 0.98 4 6 0 11.78 0 0.368892 0.228273 0 0 -0.0456546 -0.0939935 0 -0.0939935 0 
2.493 2 1 2 0 0.2735 0.1401 0.0981 0.0035 -0.095872 -0.018300 0.1917 1 2.2886 1  1718 2464 2962 3356 3470 3452 3318 2516  1 1 1 4.87 0 5 0.99 4 5 0 11.79 0 0.191723 0.00383186 0 0 -0.000766373 -0.0667263 0 -0.0667263 -0.0667263 
2.508 2 1 2 0 0.3333 0.2251 0.1019 0.0031 -0.114009 -0.015133 0.1067 1 2.2039 1  1750 2536 3039 3400 3468 3443 3317 2471  1 1 1 4.87 0 5 0.98 4 5 0 11.77 0 0.106698 0.023964 0 0 -0.00479281 -0.0541077 0 -0.0541077 -0.0541077 
2.523 2 1 2 0 0.2470 0.1614 0.1050 0.0027 -0.124374 -0.017708 0.0619 1 2.1131 1  1777 2592 3068 3405 3457 3430 3269 2397  1 1 1 4.64 0 5 0.98 4 5 0 11.79 0 0.0618853 0.0154335 0 0 -0.0030867 -0.0427716 0 -0.0427716 -0.0427716 
2.538 2 1 2 0 0.2216 0.1609 0.1078 0.0023 -0.129556 -0.020252 0.0112 1 2.0299 1  1818 2648 3111 3408 3462 3425 3260 2333  1 1 1 4.48 0 5 0.97 3 5 0 11.79 0 0.0111908 -0.0235065 0 0 0.0047013 -0.0303408 0 -0.0303408 -0.0303408 
2.553 2 1 2 0 0.2106 0.1726 0.1104 0.0020 -0.137329 -0.020373 -0.0310 1 1.9752 1  1822 2686 3150 3417 3454 3416 3229 2253  1 1 1 4.42 0 5 0.97 3 5 0 11.79 0 -0.0309671 -0.0659309 0 0 0.0131862 -0.0190218 0 -0.0190218 -0.0190218 
2.568 2 1 2 0 0.2131 0.2066 0.1134 0.0016 -0.139921 -0.016101 -0.1007 1 1.9378 1  1869 2771 3200 3423 3460 3419 3210 2214  1 1 1 4.58 0 5 0.97 3 5 0 11.78 0 -0.100683 -0.184766 0 0 0.0369533 -0.00325897 0 -0.00325897 -0.00325897 
2.583 2 1 2 0 0.1548 0.2477 0.1162 0.0012 -0.145103 -0.012557 -0.3874 1 1.9221 1  1924 2788 3240 3437 3452 3418 3200 2178  1 1 1 5.93 2 5 0.97 3 5 0 11.78 0 -0.387389 -0.746036 0 0 0.149207 0.046453 0 0.046453 0.046453 
2.598 2 1 2 0 0.1927 0.1927 0.1188 0.0008 -0.147694 -0.009745 -0.4370 1 0.7120 1  1949 2850 3258 3427 3462 3401 3171 2154  1 1 1 0.13 11 5 0.97 3 5 0 11.78 0 -0.387389 -0.429312 0 0 0.0858623 0.0416702 0 0.0416702 0 
2.613 2 1 2 0 0.1358 0.2699 0.1215 0.0004 -0.142512 -0.006644 -0.5142 1 0.7153 1  2000 2916 3295 3446 3449 3419 3167 2115  1 1 1 0.53 0 5 0.98 3 5 0 11.78 0 -0.514201 -0.621248 0 0 0.12425 0.0670522 0 0.0670522 0.0670522 
2.628 2 1 2 0 0.1111 0.2771 0.1239 0.0001 -0.126965 -0.005347 -0.5905 1 0.6911 1  2029 2975 3337 3459 3480 3415 3140 2081  1 1 1 0.79 0 5 1.00 3 4 0 11.78 0 -0.590478 -0.666234 0 0 0.133247 0.083017 0 0.083017 0.083017 
2.643 2 1 2 0 0.1260 0.3110 0.1267 -0.0003 -0.116600 -0.004043 -0.6183 1 0.6622 1  2049 2986 3344 3460 3468 3404 3111 2037  1 1 1 0.79 0 5 0.99 3 4 0 11.78 0 -0.61831 -0.652544 0 0 0.130509 0.0925182 0 0.0925182 0.0925182 
2.658 2 1 2 0 0.1337 0.3360 0.1295 -0.0006 -0.101054 -0.002125 -0.6367 1 0.6316 1  2070 3010 3348 3463 3475 3397 3097 2007  1 1 1 0.73 0 5 0.99 3 4 0 11.77 0 -0.636652 -0.657202 0 0 0.13144 0.101185 0 0.101185 0.101185 
2.673 2 1 2 0 0.1459 0.3579 0.1325 -0.0009 -0.082916 -0.000986 -0.6344 1 0.6511 1  2052 3014 3352 3460 3464 3415 3094 2006  1 1 1 0.81 0 5 0.99 3 4 0 11.78 0 -0.634412 -0.636107 0 0 0.127221 0.106014 0 0.106014 0.106014 
2.688 2 1 2 0 0.1542 0.3716 0.1359 -0.0011 -0.064778 -0.000425 -0.6140 1 0.6630 1  2019 2987 3349 3457 3470 3419 3104 2012  1 1 1 0.77 0 5 0.99 3 4 0 11.77 0 -0.614006 -0.627055 0 0 0.125411 0.108707 0 0.108707 0.108707 
2.703 2 1 2 0 0.1371 0.3510 0.1389 -0.0013 -0.041458 -0.005477 -0.5791 1 0.6233 1  1976 2943 3331 3444 3477 3390 3096 1988  1 1 1 0.40 0 5 0.99 3 4 0 11.78 0 -0.579148 -0.574732 0 0 0.114946 0.106909 0 0.106909 0.106909 
2.718 2 1 2 0 0.1286 0.3284 0.1423 -0.0014 -0.018138 -0.009836 -0.5101 1 0.6355 1  1945 2905 3302 3449 3472 3407 3103 2003  1 1 1 0.11 0 5 0.99 3 4 0 11.78 0 -0.510146 -0.490421 0 0 0.0980842 0.0999187 0 0.0999187 0.0999187 
2.733 2 1 2 0 0.1468 0.3240 0.1456 -0.0014 0.002591 -0.014396 -0.4313 1 0.6085 1  1898 2857 3259 3434 3460 3372 3095 2002  1 1 1 -0.10 0 5 0.98 3 4 0 11.78 0 -0.431276 -0.348451 0 0 0.0696901 0.0885566 0 0.0885566 0.0885566 
2.748 2 1 2 0 0.1357 0.3137 0.1488 -0.0013 0.023320 -0.017945 -0.4059 1 0.6708 1  1891 2811 3252 3428 3454 3429 3104 2009  1 1 1 -0.10 0 5 0.97 3 5 0 11.77 0 -0.405867 -0.427746 0 0 0.0855493 0.0890128 0 0.0890128 0.0890128 
2.763 2 1 2 0 0.1479 0.2307 0.1518 -0.0012 0.041458 -0.022714 -0.0868 1 0.6085 1  1862 2775 3210 3406 3449 3378 3108 2022  1 1 1 -0.10 0 5 0.95 3 5 0 11.78 0 -0.0868091 0.0885848 0 0 -0.017717 0.0413864 0 0.0413864 0.0413864 
2.778 2 1 2 0 0.1540 0.2281 0.1542 -0.0011 0.057005 -0.026012 -0.0528 1 0.6426 1  1869 2748 3201 3406 3447 3399 3123 2040  1 1 1 -0.10 0 5 0.96 3 5 0 11.78 0 -0.0528285 -0.0146348 0 0 0.00292696 0.037048 0 0.037048 0.037048 
2.793 2 1 2 0 0.1575 0.2215 0.1570 -0.0009 0.072551 -0.025961 -0.0546 1 0.6392 1  1872 2744 3175 3405 3447 3382 3140 2061  1 1 1 -0.10 0 5 0.96 3 5 0 11.78 0 -0.0545515 -0.0314582 0 0 0.00629165 0.0319684 0 0.0319684 0.0319684 
2.808 2 1 2 0 0.1615 0.2096 0.1596 -0.0007 0.085507 -0.024275 -0.0264 1 0.6646 1  1892 2752 3181 3393 3450 3404 3148 2085  1 1 1 -0.10 0 5 0.95 3 5 0 11.78 0 -0.0264102 -0.00133342 0 0 0.000266685 0.0240516 0 0.0240516 0.0240516 
2.823 2 1 2 0 0.1345 0.2017 0.1618 -0.0005 0.093280 -0.023290 -0.1066 1 0.6925 1  1903 2766 3193 3432 3451 3408 3178 2107  1 1 1 -0.10 0 5 0.97 3 5 0 11.78 0 -0.106643 -0.191586 0 0 0.0383172 0.0335929 0 0.0335929 0.0335929 
2.838 2 1 2 0 0.1434 0.2041 0.1642 -0.0003 0.103645 -0.020543 -0.1135 1 1.9021 1  1916 2790 3215 3418 3466 3425 3196 2147  1 1 1 4.46 0 5 0.97 3 5 0 11.78 0 -0.113461 -0.158078 0 0 0.0316155 0.030327 0 0.030327 0.030327 
2.853 2 1 2 0 0.1332 0.2026 0.1664 -0.0001 0.111418 -0.018370 -0.1605 1 1.9546 1  1952 2808 3227 3426 3466 3426 3231 2195  1 1 1 4.96 0 5 0.97 3 5 0 11.78 0 -0.160536 -0.215001 0 0 0.0430003 0.0346777 0 0.0346777 0.0346777 
2.868 2 1 2 0 0.1658 0.1658 0.1686 0.0002 0.119192 -0.015305 -0.3914 1 1.9969 1  2020 2834 3241 3433 3473 3435 3256 2256  1 1 1 6.00 14 5 0.98 3 5 0 11.78 0 -0.187356 -0.20137 0 0 0.040274 0.0359113 0 0.0359113 0 
2.883 2 1 2 0 0.1572 0.1572 0.1706 0.0004 0.124374 -0.013742 -0.4300 1 2.0335 1  2021 2881 3258 3443 3469 3442 3270 2304  1 1 1 6.00 20 5 0.98 3 5 0 11.79 0 -0.187356 -0.188994 0 0 0.0377989 0.0358013 0 0.0358013 0 
2.898 2 1 2 0 0.1804 0.1804 0.1728 0.0007 0.126965 -0.008758 -0.4858 1 2.0969 1  2063 2942 3280 3437 3482 3452 3295 2358  1 1 1 6.00 20 5 0.99 3 5 0 11.78 0 -0.187356 -0.187548 0 0 0.0375096 0.0361175 0 0.0361175 0 
2.913 2 1 2 0 0.1868 0.1868 0.1750 0.0010 0.134738 -0.004647 -0.5245 1 2.1109 1  2096 2972 3294 3472 3479 3449 3289 2406  1 1 1 6.00 20 5 0.99 3 5 0 11.78 0 -0.187356 -0.187379 0 0 0.0374757 0.0364107 0 0.0364107 0 
2.928 2 1 2 0 0.1595 0.1595 0.1771 0.0013 0.137329 -0.001918 -0.6006 1 2.1614 1  2124 3000 3323 3461 3501 3467 3312 2424  1 1 1 6.00 20 5 1.00 3 5 0 11.79 0 -0.187356 -0.187359 0 0 0.0374718 0.0366445 0 0.0366445 0 
2.943 2 1 2 0 0.1703 0.1703 0.1793 0.0016 0.139921 0.000078 -0.6399 1 2.1777 1  2166 3046 3332 3470 3509 3467 3317 2438  1 1 1 6.00 20 5 1.00 3 5 0 11.79 0 -0.187356 -0.187357 0 0 0.0374713 0.0368273 0 0.0368273 0 
2.958 2 1 2 0 0.1735 0.1735 0.1817 0.0019 0.139921 0.003643 -0.7203 1 2.1710 1  2245 3105 3361 3483 3485 3465 3301 2459  1 1 1 6.00 20 5 1.00 3 5 0 11.78 0 -0.187356 -0.187357 0 0 0.0374713 0.0369697 0 0.0369697 0 
2.973 2 1 2 0 0.1813 0.1813 0.1839 0.0022 0.142512 0.005873 -0.8229 1 2.2060 1  2334 3103 3369 3476 3494 3470 3313 2472  1 1 1 6.00 20 5 1.00 3 5 0 11.78 0 -0.187356 -0.187357 0 0 0.0374713 0.0370806 0 0.0370806 0 
2.988 2 1 2 0 0.1796 0.1796 0.1861 0.0026 0.145103 0.007002 -2.0688 1 2.1888 1  2468 3202 3407 3489 3511 3470 3315 2448  1 1 1 6.00 20 5 1.00 3 5 0 11.78 0 -0.187356 -0.187357 0 0 0.0374713 0.037167 0 0.037167 0 
3.003 2 1 2 0 0.1821 0.1821 0.1885 0.0029 0.145103 0.008873 -2.3512 1 2.1896 1  2610 3247 3417 3492 3521 3469 3318 2434  1 1 1 6.00 20 5 1.00 2 5 0 11.79 0 -0.187356 -0.187357 0 0 0.0374713 0.0372343 0 0.0372343 0 
3.018 2 1 2 0 0.1809 0.1809 0.1907 0.0032 0.147694 0.010889 -2.7070 1 2.1903 1  2771 3324 3446 3499 3500 3480 3315 2456  1 1 1 6.00 20 5 1.00 1 5 0 11.78 0 -0.187356 -0.187357 0 0 0.0374713 0.0372867 0 0.0372867 0 
3.033 2 1 2 0 0.1875 0.1875 0.1930 0.0036 0.152876 0.010981 -2.7734 1 2.1631 1  2924 3406 3497 3532 3495 3436 3295 2440  1 1 1 6.00 20 5 1.00 0 5 0 11.78 0 -0.187356 -0.187357 0 0 0.0374713 0.0373275 0 0.0373275 0 
3.048 2 1 2 0 0.1819 0.1819 0.1954 0.0040 0.152876 0.011002 -2.7740 1 2.2019 1  3018 3450 3506 3513 3522 3494 3325 2451  1 1 1 6.00 20 5 1.00 0 5 0 11.78 0 -0.187356 -0.187357 0 0 0.0374713 0.0373593 0 0.0373593 0 
3.063 2 1 2 0 0.1954 0.1954 0.1980 0.0044 0.155467 0.012363 -2.7740 1 2.1871 1  3052 3462 3485 3515 3517 3472 3320 2435  1 1 1 6.00 20 5 1.00 0 5 0 11.78 0 -0.187356 -0.187357 0 0 0.0374713 0.037384 0 0.037384 0 
3.078 2 1 2 0 0.1904 0.1904 0.2004 0.0047 0.155467 0.011918 -2.7740 1 2.1831 1  3062 3465 3501 3514 3511 3482 3320 2433  1 1 1 6.00 20 5 1.00 0 5 0 11.78 0 -0.187356 -0.187357 0 0 0.0374713 0.0374033 0 0.0374033 0 
3.093 2 1 2 0 0.1779 0.1779 0.2030 0.0051 0.158059 0.010681 -2.7740 1 2.1805 1  3070 3471 3499 3513 3516 3480 3316 2435  1 1 1 6.00 20 5 1.00 0 5 0 11.79 0 -0.187356 -0.187357 0 0 0.0374713 0.0374183 0 0.0374183 0 
3.108 2 1 2 0 0.1986 0.1986 0.2055 0.0055 0.160650 0.011099 -2.7740 1 2.1678 1  3075 3464 3518 3520 3521 3465 3306 2435  1 1 1 6.00 20 5 1.00 0 5 0 11.78 0 -0.187356 -0.187357 0 0 0.0374713 0.03743 0 0.03743 0 
3.123 2 1 2 0 0.1983 0.1983 0.2081 0.0060 0.158059 0.012456 -2.7740 1 2.1756 1  3053 3460 3490 3519 3516 3455 3314 2434  1 1 1 6.00 20 5 1.00 0 5 0 11.78 0 -0.187356 -0.187357 0 0 0.0374713 0.0374391 0 0.0374391 0 
3.138 2 1 2 0 0.1969 0.1969 0.2105 0.0063 0.163241 0.011814 -2.7740 1 2.1487 1  3029 3461 3481 3521 3514 3457 3306 2428  1 1 1 6.00 20 5 1.00 0 5 0 11.77 0 -0.187356 -0.187357 0 0 0.0374713 0.0374462 0 0.0374462 0 
3.153 2 1 2 0 0.2066 0.2066 0.2133 0.0068 0.163241 0.012292 -2.7740 1 2.1477 1  3029 3447 3469 3523 3507 3456 3305 2414  1 1 1 6.00 20 5 1.00 0 5 0 11.77 0 -0.187356 -0.187357 0 0 0.0374713 0.0374517 0 0.0374517 0 
3.168 2 1 2 0 0.1998 0.1998 0.2159 0.0072 0.165832 0.012165 -2.7740 1 2.1233 1  3018 3447 3487 3520 3514 3471 3299 2402  1 1 1 6.00 20 5 1.00 0 5 0 11.77 0 -0.187356 -0.187357 0 0 0.0374713 0.037456 0 0.037456 0 
3.183 2 1 2 0 0.1881 0.1881 0.2186 0.0077 0.171014 0.010806 -2.7740 1 2.0923 1  2930 3424 3479 3507 3507 3455 3274 2382  1 1 1 6.00 20 5 1.00 0 5 0 11.78 0 -0.187356 -0.187357 0 0 0.0374713 0.0374594 0 0.0374594 0 
3.198 2 1 2 0 0.2031 0.2031 0.2214 0.0082 0.171014 0.010240 -2.7477 1 2.0763 1  2831 3399 3468 3497 3514 3466 3274 2366  1 1 1 6.00 20 5 1.00 1 5 0 11.78 0 -0.187356 -0.187357 0 0 0.0374713 0.037462 0 0.037462 0 
3.213 2 1 2 0 0.1997 0.1997 0.2242 0.0087 0.171014 0.010213 -2.6644 1 1.9979 1  2674 3326 3428 3471 3489 3455 3226 2326  1 1 1 6.00 20 5 0.99 1 5 0 11.78 0 -0.187356 -0.187357 0 0 0.0374713 0.037464 0 0.037464 0 
3.228 2 1 2 0 0.1976 0.1976 0.2267 0.0091 0.173605 0.009173 -2.2171 1 2.0103 1  2481 3257 3412 3493 3499 3453 3249 2285  1 1 1 6.00 20 5 0.99 2 5 0 11.78 0 -0.187356 -0.187357 0 0 0.0374713 0.0374656 0 0.0374656 0 
3.243 2 1 2 0 0.2122 0.2122 0.2295 0.0096 0.173605 0.009197 -1.9500 1 1.9510 1  2254 3153 3362 3478 3479 3435 3214 2236  1 1 1 6.00 20 5 0.99 3 5 0 11.79 0 -0.187356 -0.187357 0 0 0.0374713 0.0374668 0 0.0374668 0 
3.258 2 1 2 0 0.1888 0.1888 0.2323 0.0101 0.173605 0.008517 -0.6177 1 1.9299 1  2074 3051 3333 3463 3495 3440 3205 2181  1 1 1 6.00 20 5 0.99 3 5 0 11.78 0 -0.187356 -0.187357 0 0 0.0374713 0.0374678 0 0.0374678 0 
3.273 2 1 2 0 0.1986 0.1986 0.2348 0.0105 0.176196 0.007826 -0.5500 1 1.9055 1  1973 2961 3315 3462 3486 3431 3196 2136  1 1 1 6.00 17 5 0.99 3 5 0 11.78 0 -0.187356 -0.187357 0 0 0.0374713 0.0374685 0 0.0374685 0 
3.288 2 1 2 0 0.2159 0.2159 0.2378 0.0111 0.178788 0.008196 -0.5553 1 0.7310 1  1951 2954 3322 3485 3490 3433 3176 2084  1 1 1 0.82 4 5 0.99 3 5 0 11.78 0 -0.187356 -0.187357 0 0 0.0374713 0.0374691 0 0.0374691 0 
3.303 2 1 2 0 0.1228 0.2944 0.2406 0.0116 0.183970 0.008073 -0.5521 1 0.7168 1  1942 2946 3320 3462 3498 3428 3152 2077  1 1 1 0.73 0 5 1.00 3 4 0 11.78 0 -0.552139 -0.646407 0 0 0.129281 0.085798 0 0.085798 0.085798 
3.318 2 1 2 0 0.1414 0.3134 0.2433 0.0121 0.199517 0.005991 -0.5363 1 0.6973 1  1924 2948 3318 3465 3473 3431 3149 2055  1 1 1 0.55 0 5 0.98 3 5 0 11.78 0 -0.536324 -0.538895 0 0 0.107779 0.0860013 0 0.0860013 0.0860013 
3.333 2 1 2 0 0.1629 0.3402 0.2465 0.0128 0.209881 0.008475 -0.5245 1 0.7124 1  1913 2918 3308 3466 3494 3436 3165 2056  1 1 1 0.57 0 5 0.99 3 5 0 11.78 0 -0.524519 -0.509513 0 0 0.101903 0.0886666 0 0.0886666 0.0886666 
3.348 2 1 2 0 0.1724 0.3482 0.2496 0.0134 0.225428 0.007542 -0.4925 1 0.7416 1  1880 2872 3292 3460 3474 3443 3186 2093  1 1 1 0.56 0 5 0.99 3 5 0 11.78 0 -0.492521 -0.463638 0 0 0.0927277 0.0879343 0 0.0879343 0.0879343 
3.363 2 1 2 0 0.2302 0.2302 0.2529 0.0142 0.238384 0.004474 -0.4185 1 1.9263 1  1847 2801 3255 3446 3478 3442 3206 2110  1 1 1 6.00 14 5 0.99 3 5 0 11.78 0 -0.48246 -0.476396 0 0 0.0952791 0.0898732 0 0.0898732 0 
3.378 2 1 2 0 0.2114 0.2114 0.2559 0.0150 0.246157 -0.003192 -0.1309 1 1.9329 1  1812 2761 3232 3434 3481 3437 3210 2167  1 1 1 4.70 19 5 0.98 3 5 0 11.78 0 -0.48246 -0.48175 0 0 0.09635 0.091534 0 0.091534 0 
3.393 2 1 2 0 0.2362 0.2362 0.2590 0.0157 0.251339 -0.004234 -0.1358 1 1.9517 1  1811 2767 3235 3433 3461 3440 3221 2180  1 1 1 4.82 11 5 0.98 3 5 0 11.78 0 -0.48246 -0.482376 0 0 0.0964752 0.0926537 0 0.0926537 0 
3.408 2 1 2 0 0.1253 0.3054 0.2619 0.0165 0.259113 -0.006286 -0.3865 1 1.9692 1  1810 2751 3245 3435 3473 3460 3234 2204  1 1 1 6.00 1 5 0.99 3 5 0 11.78 0 -0.386537 -0.581998 0 0 0.1164 0.090042 0 0.090042 0.090042 
3.423 2 1 2 0 0.1633 0.2459 0.2648 0.0173 0.266886 -0.006961 -0.0907 1 1.9685 1  1809 2744 3216 3419 3468 3438 3232 2210  1 1 1 4.68 0 5 0.98 3 5 0 11.78 0 -0.0906579 -0.0252776 0 0 0.00505552 0.0413226 0 0.0413226 0.0413226 
3.438 2 1 2 0 0.2044 0.2044 0.2675 0.0180 0.272068 -0.008645 -0.3874 1 2.0212 1  1803 2749 3227 3460 3508 3473 3262 2223  1 1 1 6.00 5 5 1.00 3 5 0 11.79 0 -0.435004 -0.767032 0 0 0.153406 0.0917304 0 0.0917304 0 
3.453 2 1 2 0 0.1965 0.2557 0.2704 0.0189 0.274660 -0.006457 -0.0775 1 1.9865 1  1799 2728 3201 3430 3474 3451 3242 2236  1 1 1 4.70 0 5 0.98 3 5 0 11.77 0 -0.077534 0.0993364 0 0 -0.0198673 0.0296347 0 0.0296347 0.0296347 
3.468 2 1 2 0 0.1757 0.2408 0.2733 0.0197 0.282433 -0.005499 -0.0767 1 1.9922 1  1799 2707 3192 3427 3467 3439 3243 2248  1 1 1 4.73 0 5 0.98 3 5 0 11.77 0 -0.076662 -0.0669396 0 0 0.0133879 0.0325191 0 0.0325191 0.0325191 
3.483 2 1 2 0 0.2009 0.2483 0.2762 0.0205 0.290206 -0.005055 -0.0389 1 1.9740 1  1812 2685 3175 3421 3463 3431 3224 2247  1 1 1 4.45 0 5 0.97 3 5 0 11.78 0 -0.0389065 -0.0161744 0 0 0.00323488 0.0236929 0 0.0236929 0.0236929 
3.498 2 1 2 0 0.1938 0.2230 0.2789 0.0213 0.295389 -0.006105 0.0003 1 1.9891 1  1763 2665 3159 3398 3464 3440 3240 2297  1 1 1 4.33 0 5 0.97 3 5 0 11.77 0 0.000292091 0.0471126 0 0 -0.00942252 0.0145654 0 0.0145654 0.0145654 
3.513 2 1 2 0 0.2000 0.2083 0.2818 0.0222 0.303162 -0.006770 0.0479 1 1.9563 1  1747 2635 3142 3384 3459 3419 3217 2236  1 1 1 3.93 0 5 0.96 3 5 0 11.78 0 0.0479461 0.130024 0 0 -0.0260049 0.00412336 0 0.00412336 0.00412336 
3.528 2 1 2 0 0.2037 0.2193 0.2844 0.0231 0.308344 -0.006744 0.0284 1 1.9959 1  1737 2619 3133 3410 3468 3437 3247 2244  1 1 1 4.22 0 5 0.97 3 5 0 11.78 0 0.0284249 -0.00884379 0 0 0.00176876 0.00778696 0 0.00778696 0.00778696 
3.543 2 1 2 0 0.2041 0.1986 0.2869 0.0239 0.310935 -0.006597 0.0698 1 1.9755 1  1737 2603 3117 3386 3461 3433 3224 2254  1 1 1 3.91 0 5 0.96 3 5 0 11.79 0 0.0698251 0.103966 0 0 -0.0207932 -0.00274825 0 -0.00274825 -0.00274825 
3.558 2 1 2 0 0.1827 0.1976 0.2898 0.0248 0.313527 -0.006236 -0.0064 1 2.0247 1  1749 2618 3120 3425 3470 3442 3266 2278  1 1 1 4.54 0 5 0.98 3 5 0 11.78 0 -0.00642529 -0.0722476 0 0 0.0144495 0.00748736 0 0.00748736 0.00748736 
3.573 2 1 2 0 0.2115 0.2118 0.2925 0.0257 0.313527 -0.004077 0.0276 1 2.0254 1  1769 2616 3115 3416 3462 3436 3261 2294  1 1 1 4.37 0 5 0.97 3 5 0 11.78 0 0.0276385 0.00944465 0 0 -0.00188893 0.000149031 0 0.000149031 0.000149031 
3.588 2 1 2 0 0.2008 0.1971 0.2950 0.0265 0.316118 -0.003081 0.0319 1 2.0400 1  1759 2595 3116 3413 3445 3436 3268 2319  1 1 1 4.42 0 5 0.97 3 5 0 11.78 0 0.0319387 0.0157901 0 0 -0.00315802 -0.00182199 0 -0.00182199 -0.00182199 
3.603 2 1 2 0 0.2057 0.1958 0.2974 0.0273 0.318709 -0.002228 0.0448 1 2.0806 1  1781 2630 3120 3388 3474 3443 3291 2342  1 1 1 4.56 0 5 0.97 3 5 0 11.78 0 0.0447715 0.0412437 0 0 -0.00824873 -0.00494996 0 -0.00494996 -0.00494996 
3.618 2 1 2 0 0.2154 0.2025 0.3003 0.0282 0.321300 -0.001435 0.0469 1 2.0988 1  1789 2619 3108 3396 3457 3446 3298 2353  1 1 1 4.64 0 5 0.98 4 5 0 11.79 0 0.0469298 0.0568388 0 0 -0.0113678 -0.00649319 0 -0.00649319 -0.00649319 
3.633 2 1 2 0 0.2003 0.1938 0.3030 0.0291 0.321300 -0.000664 0.0224 1 2.1282 1  1784 2630 3113 3409 3489 3457 3310 2367  1 1 1 4.91 0 5 1.00 4 5 0 11.79 0 0.0223667 0.00576984 0 0 -0.00115397 -0.00321563 0 -0.00321563 -0.00321563 
3.648 2 1 2 0 0.2090 0.1902 0.3054 0.0300 0.323891 -0.000028 0.0562 1 2.1602 1  1766 2584 3095 3394 3463 3461 3317 2372  1 1 1 4.90 0 5 0.99 4 5 0 11.79 0 0.0562124 0.087761 0 0 -0.0175522 -0.00937427 0 -0.00937427 -0.00937427 
3.663 2 1 2 0 0.2209 0.2209 0.3081 0.0309 0.323891 0.001338 0.0338 1 2.1418 1  1798 2606 3112 3402 3466 3464 3316 2383  1 1 1 4.92 3 5 0.99 4 5 0 11.78 0 0.025836 0.0154436 0 0 -0.00308871 -0.00456685 0 -0.00456685 0 
3.678 2 1 2 0 0.2000 0.2000 0.3108 0.0317 0.323891 0.001903 0.0310 1 2.1685 1  1798 2586 3123 3408 3476 3464 3323 2418  1 1 1 5.07 4 5 0.99 4 5 0 11.79 0 0.0231578 0.0106423 0 0 -0.00212846 -0.00435341 0 -0.00435341 0 
3.693 2 1 2 0 0.2110 0.2110 0.3136 0.0327 0.326482 0.002198 0.0410 1 2.1439 1  1804 2594 3108 3401 3474 3453 3312 2397  1 1 1 4.90 9 5 0.99 4 5 0 11.79 0 0.0231578 0.0216949 0 0 -0.00433898 -0.00482133 0 -0.00482133 0 
3.708 2 1 2 0 0.2245 0.2245 0.3165 0.0337 0.329073 0.003225 0.0238 1 2.1715 1  1811 2625 3121 3408 3504 3446 3315 2432  1 1 1 5.12 10 5 0.99 4 5 0 11.78 0 0.0265774 0.028293 0 0 -0.00565859 -0.00530465 0 -0.00530465 0 
3.723 2 1 2 0 0.2125 0.2125 0.3191 0.0346 0.329073 0.002922 0.0249 1 2.1707 1  1819 2629 3104 3404 3479 3458 3322 2413  1 1 1 5.11 15 5 0.99 4 5 0 11.78 0 0.0265774 0.0267779 0 0 -0.00535558 -0.00525133 0 -0.00525133 0 
3.738 2 1 2 0 0.2092 0.2092 0.3218 0.0355 0.334256 0.002580 0.0283 1 2.1609 1  1819 2626 3122 3403 3485 3457 3318 2409  1 1 1 5.05 20 5 0.99 4 5 0 11.78 0 0.0265774 0.0266008 0 0 -0.00532017 -0.00525901 0 -0.00525901 0 
3.753 2 1 2 0 0.2205 0.2205 0.3246 0.0365 0.331664 0.003809 0.0266 1 2.1698 1  1823 2625 3101 3401 3465 3437 3317 2420  1 1 1 5.10 20 5 0.99 4 5 0 11.78 0 0.0265774 0.0265801 0 0 -0.00531603 -0.00527073 0 -0.00527073 0 
3.768 2 1 2 0 0.2168 0.2168 0.3275 0.0375 0.334256 0.003384 0.0183 1 2.1882 1  1841 2621 3082 3410 3477 3453 3330 2427  1 1 1 5.23 20 5 0.99 4 5 0 11.78 0 0.0265774 0.0265777 0 0 -0.00531554 -0.00528054 0 -0.00528054 0 
3.783 2 1 2 0 0.2275 0.2275 0.3301 0.0384 0.339438 0.003171 0.0027 1 2.2002 1  1861 2642 3131 3410 3486 3483 3328 2441  1 1 1 5.37 20 5 1.00 4 5 0 11.78 0 0.0265774 0.0265774 0 0 -0.00531549 -0.00528825 0 -0.00528825 0 
3.798 2 1 2 0 0.2202 0.2202 0.3332 0.0395 0.339438 0.003865 -0.0065 1 2.2083 1  1873 2656 3118 3415 3491 3453 3332 2443  1 1 1 5.46 20 5 0.99 4 5 0 11.78 0 0.0265774 0.0265774 0 0 -0.00531549 -0.00529427 0 -0.00529427 0 
3.813 2 1 2 0 0.2355 0.2355 0.3358 0.0404 0.344620 0.003659 0.0204 1 2.2069 1  1870 2644 3121 3402 3479 3471 3334 2442  1 1 1 5.32 20 5 1.00 4 5 0 11.77 0 0.0265774 0.0265774 0 0 -0.00531549 -0.00529896 0 -0.00529896 0 
3.828 2 1 2 0 0.2310 0.2310 0.3388 0.0415 0.349802 0.002810 0.0600 1 2.1829 1  1842 2625 3086 3390 3462 3431 3320 2440  1 1 1 5.00 18 5 0.98 4 5 0 11.77 0 0.0265774 0.0265774 0 0 -0.00531549 -0.00530261 0 -0.00530261 0 
3.843 2 1 2 0 0.2276 0.2276 0.3419 0.0426 0.349802 0.002618 0.0452 1 2.1901 1  1799 2622 3081 3407 3477 3441 3320 2447  1 1 1 5.11 16 5 0.98 4 5 0 11.77 0 0.0265774 0.0265774 0 0 -0.00531549 -0.00530546 0 -0.00530546 0 
3.858 2 1 2 0 0.2200 0.2200 0.3445 0.0436 0.354985 0.000964 0.0439 1 2.2127 1  1854 2610 3068 3407 3478 3460 3329 2459  1 1 1 5.23 20 5 0.99 4 5 0 11.77 0 0.0265774 0.0265774 0 0 -0.00531549 -0.00530767 0 -0.00530767 0 
3.873 2 1 2 0 0.2384 0.2384 0.3477 0.0448 0.357576 0.000900 0.0892 1 2.2300 1  1879 2618 3049 3375 3464 3446 3322 2480  1 1 1 5.09 16 5 0.99 4 5 0 11.76 0 0.0265774 0.0265774 0 0 -0.00531549 -0.00530939 0 -0.00530939 0 
3.888 2 1 2 0 0.2220 0.2220 0.3505 0.0458 0.360167 -0.000538 0.0427 1 2.2662 1  1907 2641 3085 3395 3473 3458 3327 2504  1 1 1 5.50 20 5 0.98 4 6 0 11.77 0 0.0265774 0.0265774 0 0 -0.00531549 -0.00531074 0 -0.00531074 0 
3.903 2 1 2 0 0.2188 0.2188 0.3533 0.0469 0.362758 -0.001582 0.0489 1 2.2836 1  1930 2675 3094 3385 3472 3453 3336 2513  1 1 1 5.56 20 5 0.99 4 5 0 11.78 0 0.0265774 0.0265774 0 0 -0.00531549 -0.00531178 0 -0.00531178 0 
3.918 2 1 2 0 0.2437 0.2437 0.3563 0.0480 0.367940 -0.000856 0.0109 1 2.3233 1  2006 2720 3123 3391 3476 3462 3345 2536  1 1 1 5.95 20 5 0.99 4 5 0 11.79 0 0.0265774 0.0265774 0 0 -0.00531549 -0.0053126 0 -0.0053126 0 
3.933 2 1 2 0 0.2287 0.2287 0.3591 0.0491 0.370531 -0.001362 -0.0192 1 2.3646 1  2009 2750 3125 3397 3462 3454 3384 2545  1 1 1 6.00 20 5 0.99 4 6 0 11.78 0 0.0265774 0.0265774 0 0 -0.00531549 -0.00531323 0 -0.00531323 0 
3.948 2 1 2 0 0.2254 0.2254 0.3620 0.0502 0.373123 -0.002436 -0.0423 1 2.3960 1  2037 2770 3138 3401 3481 3464 3371 2561  1 1 1 6.00 20 5 0.99 4 6 0 11.79 0 0.0265774 0.0265774 0 0 -0.00531549 -0.00531372 0 -0.00531372 0 
3.963 2 1 2 0 0.2268 0.2268 0.3649 0.0514 0.373123 -0.001981 -0.0494 1 2.4394 1  2052 2787 3140 3391 3458 3461 3369 2584  1 1 1 6.00 20 5 0.99 4 6 0 11.78 0 0.0265774 0.0265774 0 0 -0.00531549 -0.00531411 0 -0.00531411 0 
3.978 2 1 2 0 0.2224 0.2224 0.3677 0.0525 0.375714 -0.002685 -0.0464 1 2.4891 1  2058 2776 3136 3397 3484 3468 3386 2604  1 1 1 6.00 20 5 0.99 4 6 0 11.78 0 0.0265774 0.0265774 0 0 -0.00531549 -0.00531441 0 -0.00531441 0 
3.993 2 1 2 0 0.2371 0.2371 0.3707 0.0537 0.380896 -0.002441 -0.0011 1 2.5138 1  2060 2740 3131 3372 3440 3471 3376 2617  1 1 1 6.00 20 5 0.99 4 6 0 11.78 0 0.0265774 0.0265774 0 0 -0.00531549 -0.00531464 0 -0.00531464 0 
4.008 2 1 2 0 0.2210 0.2210 0.3735 0.0548 0.383487 -0.003057 -0.0423 1 2.6199 1  2054 2756 3125 3396 3494 3482 3390 2654  1 1 1 6.00 20 5 1.00 4 6 0 11.78 0 0.0265774 0.0265774 0 0 -0.00531549 -0.00531482 0 -0.00531482 0 
4.023 2 1 2 0 0.2194 0.2194 0.3763 0.0559 0.386078 -0.003362 0.0122 1 2.5886 1  2044 2765 3109 3377 3473 3471 3389 2644  1 1 1 6.00 20 5 0.99 4 6 0 11.78 0 0.0265774 0.0265774 0 0 -0.00531549 -0.00531497 0 -0.00531497 0 
4.038 2 1 2 0 0.2332 0.2332 0.3793 0.0572 0.386078 -0.002630 0.0266 1 2.6419 1  2018 2734 3088 3377 3490 3479 3393 2657  1 1 1 6.00 20 5 1.00 4 6 0 11.78 0 0.0265774 0.0265774 0 0 -0.00531549 -0.00531508 0 -0.00531508 0 
4.053 2 1 2 0 0.2241 0.2241 0.3821 0.0583 0.388669 -0.003257 0.0978 1 2.6535 1  1991 2693 3064 3360 3448 3465 3385 2652  1 1 1 6.00 20 5 0.99 4 6 0 11.78 0 0.0265774 0.0265774 0 0 -0.00531549 -0.00531516 0 -0.00531516 0 
4.068 2 1 2 0 0.2281 0.2281 0.3850 0.0595 0.393852 -0.003570 0.1213 1 2.6469 1  1968 2648 3043 3357 3476 3482 3396 2654  1 1 1 6.00 20 5 1.00 4 6 0 11.78 0 0.0265774 0.0265774 0 0 -0.00531549 -0.00531523 0 -0.00531523 0 
4.083 2 1 2 0 0.2204 0.2204 0.3878 0.0607 0.396443 -0.003333 0.1541 1 2.6730 1  1942 2615 3018 3346 3471 3482 3390 2695  1 1 1 6.00 20 5 1.00 4 6 0 11.78 0 0.0265774 0.0265774 0 0 -0.00531549 -0.00531528 0 -0.00531528 0 
4.098 2 1 2 0 0.2217 0.2217 0.3906 0.0618 0.399034 -0.004063 0.1759 1 2.6720 1  1920 2602 3009 3342 3462 3475 3388 2683  1 1 1 6.00 20 5 0.99 4 6 0 11.78 0 0.0265774 0.0265774 0 0 -0.00531549 -0.00531532 0 -0.00531532 0 
4.113 2 1 2 0 0.2251 0.2251 0.3934 0.0630 0.401625 -0.004336 0.2151 1 2.6730 1  1891 2557 2975 3331 3467 3480 3388 2687  1 1 1 6.00 20 5 1.00 4 6 0 11.78 0 0.0265774 0.0265774 0 0 -0.00531549 -0.00531535 0 -0.00531535 0 
4.128 2 1 2 0 0.2173 0.2173 0.3963 0.0643 0.401625 -0.004468 0.2360 1 2.6639 1  1863 2527 2916 3327 3466 3470 3386 2664  1 1 1 6.00 20 5 0.99 4 6 0 11.78 0 0.0265774 0.0265774 0 0 -0.00531549 -0.00531538 0 -0.00531538 0 
4.143 2 1 2 0 0.2138 0.2138 0.3991 0.0654 0.404216 -0.005370 0.2827 1 2.6640 1  1826 2495 2916 3308 3468 3459 3379 2663  1 1 1 6.00 20 5 0.99 4 6 0 11.79 0 0.0265774 0.0265774 0 0 -0.00531549 -0.0053154 0 -0.0053154 0 
4.158 2 1 2 0 0.2180 0.2180 0.4019 0.0666 0.401625 -0.004865 0.2980 1 2.6631 1  1792 2450 2881 3306 3459 3480 3387 2666  1 1 1 6.00 20 5 0.99 4 6 0 11.78 0 0.0265774 0.0265774 0 0 -0.00531549 -0.00531541 0 -0.00531541 0 
4.173 2 1 2 0 0.2097 0.2097 0.4047 0.0678 0.404216 -0.004721 0.3295 1 2.6336 1  1714 2410 2858 3296 3456 3470 3379 2651  1 1 1 5.90 20 5 0.99 4 6 0 11.78 0 0.0265774 0.0265774 0 0 -0.00531549 -0.00531542 0 -0.00531542 0 
4.188 2 1 2 0 0.2119 0.2119 0.4074 0.0690 0.406807 -0.004823 0.3799 1 2.5761 1  1676 2351 2805 3269 3450 3479 3378 2634  1 1 1 5.37 20 5 0.99 4 6 0 11.78 0 0.0265774 0.0265774 0 0 -0.00531549 -0.00531543 0 -0.00531543 0 
4.203 2 1 2 0 0.2254 0.2254 0.4102 0.0702 0.404216 -0.003230 0.7716 1 2.5654 1  1627 2292 2762 3247 3437 3458 3366 2632  1 1 1 3.35 5 5 0.98 4 6 0 11.77 0 0.0265774 0.0265774 0 0 -0.00531549 -0.00531544 0 -0.00531544 0 
4.218 2 1 2 0 0.2969 0.0811 0.4126 0.0712 0.396443 -0.004450 0.7921 1 2.5307 1  1576 2228 2727 3239 3441 3462 3365 2621  1 1 1 3.08 0 5 0.98 4 6 0 11.76 0 0.792096 1.04107 0 0 -0.208215 -0.107885 0 -0.107885 -0.107885 
4.233 2 1 2 0 0.3558 0.1378 0.4154 0.0724 0.388669 -0.005616 0.7801 1 2.4812 1  1554 2221 2728 3250 3447 3453 3362 2602  1 1 1 2.89 0 5 0.98 4 6 0 11.76 0 0.780063 0.794224 0 0 -0.158845 -0.108997 0 -0.108997 -0.108997 
4.248 2 1 2 0 0.3367 0.1128 0.4180 0.0734 0.373123 -0.007177 0.7369 1 2.3933 1  1530 2234 2777 3251 3454 3444 3347 2565  1 1 1 2.67 0 5 0.98 4 6 0 11.76 0 0.736857 0.688295 0 0 -0.137659 -0.111939 0 -0.111939 -0.111939 
4.263 2 1 2 0 0.3143 0.2027 0.4212 0.0746 0.360167 -0.007093 0.2630 1 2.2994 1  1573 2290 2836 3330 3452 3456 3343 2519  1 1 1 4.57 0 5 0.97 4 6 0 11.78 0 0.262988 0.0594205 0 0 -0.0118841 -0.0557842 0 -0.0557842 -0.0557842 
4.278 2 1 2 0 0.2636 0.1544 0.4240 0.0757 0.347211 -0.009321 0.2276 1 2.2205 1  1599 2328 2908 3362 3467 3460 3328 2460  1 1 1 4.35 0 5 0.99 4 5 0 11.78 0 0.22758 0.128283 0 0 -0.0256567 -0.0545987 0 -0.0545987 -0.0545987 
4.293 2 1 2 0 0.2596 0.1508 0.4270 0.0768 0.336847 -0.013187 0.2169 1 2.1447 1  1610 2395 2955 3345 3458 3442 3313 2384  1 1 1 4.02 0 5 0.98 4 5 0 11.79 0 0.216872 0.19791 0 0 -0.0395821 -0.0544287 0 -0.0544287 -0.0544287 
4.308 2 1 2 0 0.2589 0.1772 0.4299 0.0777 0.323891 -0.014344 0.1400 1 2.0816 1  1643 2463 3023 3385 3461 3439 3282 2344  1 1 1 4.09 0 5 0.98 4 5 0 11.79 0 0.14003 0.0702925 0 0 -0.0140585 -0.0408789 0 -0.0408789 -0.0408789 
4.323 2 1 2 0 0.2537 0.1852 0.4327 0.0787 0.310935 -0.014409 0.0989 1 2.0150 1  1678 2525 3060 3393 3455 3433 3257 2276  1 1 1 3.96 0 5 0.97 4 5 0 11.78 0 0.0989276 0.0612883 0 0 -0.0122577 -0.0342346 0 -0.0342346 -0.0342346 
4.338 2 1 2 0 0.2253 0.1719 0.4356 0.0796 0.303162 -0.015338 0.0621 1 1.9785 1  1705 2592 3094 3397 3454 3421 3230 2232  1 1 1 3.97 0 5 0.96 3 5 0 11.78 0 0.0621314 0.0294609 0 0 -0.00589218 -0.0267472 0 -0.0267472 -0.0267472 
4.353 2 1 2 0 0.2185 0.1797 0.4385 0.0805 0.295389 -0.015563 0.0270 1 1.9614 1  1757 2639 3131 3403 3462 3425 3229 2206  1 1 1 4.06 0 5 0.96 3 5 0 11.78 0 0.0269751 -0.00439388 0 0 0.000878775 -0.0194365 0 -0.0194365 -0.0194365 
4.368 2 1 2 0 0.2145 0.1961 0.4414 0.0813 0.292797 -0.014084 -0.0258 1 1.9178 1  1784 2670 3151 3411 3463 3424 3208 2157  1 1 1 4.10 0 5 0.97 3 5 0 11.78 0 -0.025799 -0.0786416 0 0 0.0157283 -0.00918664 0 -0.00918664 -0.00918664 
4.383 2 1 2 0 0.1947 0.1866 0.4441 0.0822 0.287615 -0.012923 -0.0460 1 1.9161 1  1822 2701 3183 3420 3447 3417 3197 2159  1 1 1 4.20 0 5 0.97 3 5 0 11.78 0 -0.0460046 -0.0882992 0 0 0.0176598 -0.00402142 0 -0.00402142 -0.00402142 
4.398 2 1 2 0 0.1796 0.1905 0.4468 0.0829 0.287615 -0.011516 -0.0965 1 0.6958 1  1842 2761 3215 3420 3440 3412 3179 2089  1 1 1 -0.10 0 5 0.96 3 5 0 11.79 0 -0.0965192 -0.151278 0 0 0.0302557 0.00543251 0 0.00543251 0.00543251 
4.413 2 1 2 0 0.1541 0.2542 0.4493 0.0837 0.290206 -0.008966 -0.3893 1 0.6939 1  1874 2812 3242 3423 3463 3411 3164 2106  1 1 1 -0.10 0 5 0.97 3 5 0 11.78 0 -0.389333 -0.627441 0 0 0.125488 0.0500823 0 0.0500823 0.0500823 
4.428 2 1 2 0 0.1552 0.2646 0.4518 0.0844 0.297980 -0.006349 -0.4280 1 0.6882 1  1892 2844 3256 3444 3468 3415 3170 2080  1 1 1 -0.10 0 5 0.98 3 5 0 11.78 0 -0.428037 -0.497698 0 0 0.0995396 0.0546964 0 0.0546964 0.0546964 
4.443 2 1 2 0 0.1740 0.2888 0.4544 0.0853 0.303162 -0.002891 -0.4246 1 0.6340 1  1896 2833 3252 3413 3440 3380 3123 2038  1 1 1 -0.10 0 5 0.97 3 4 0 11.78 0 -0.42461 -0.393931 0 0 0.0787863 0.0574176 0 0.0574176 0.0574176 
4.458 2 1 2 0 0.1725 0.3025 0.4573 0.0862 0.310935 -0.001329 -0.4115 1 0.6567 1  1925 2853 3246 3407 3436 3393 3188 2113  1 1 1 -0.10 0 5 0.95 3 5 0 11.78 0 -0.411544 -0.480597 0 0 0.0961195 0.0650086 0 0.0650086 0.0650086 
4.473 2 1 2 0 0.1670 0.2938 0.4600 0.0871 0.326482 -0.002309 -0.4036 1 0.6443 1  1883 2816 3243 3431 3463 3388 3151 2088  1 1 1 -0.10 0 5 0.98 3 4 0 11.77 0 -0.403563 -0.350599 0 0 0.0701199 0.063427 0 0.063427 0.063427 
4.488 2 1 2 0 0.1614 0.3031 0.4632 0.0882 0.339438 -0.003815 -0.4038 1 0.7099 1  1860 2798 3258 3440 3465 3429 3154 2078  1 1 1 -0.10 0 5 0.98 3 5 0 11.77 0 -0.403787 -0.444109 0 0 0.0888219 0.0708615 0 0.0708615 0.0708615 
4.503 2 1 2 0 0.2046 0.2615 0.4660 0.0892 0.352394 -0.006494 -0.1298 1 0.6721 1  1845 2771 3216 3429 3458 3403 3149 2077  1 1 1 -0.10 0 5 0.97 3 5 0 11.79 0 -0.129774 0.151952 0 0 -0.0303905 0.0284372 0 0.0284372 0.0284372 
4.518 2 1 2 0 0.1680 0.2353 0.4689 0.0903 0.365349 -0.010896 -0.1044 1 0.6619 1  1851 2763 3232 3424 3462 3394 3151 2083  1 1 1 -0.10 0 5 0.96 3 5 0 11.78 0 -0.104418 -0.0604218 0 0 0.0120844 0.033614 0 0.033614 0.033614 
4.533 2 1 2 0 0.1713 0.2225 0.4717 0.0913 0.373123 -0.014221 -0.0624 1 0.6854 1  1868 2747 3207 3405 3451 3410 3148 2085  1 1 1 -0.10 0 5 0.96 3 5 0 11.78 0 -0.0624199 -0.016264 0 0 0.0032528 0.0256423 0 0.0256423 0.0256423 
4.548 2 1 2 0 0.1906 0.2319 0.4745 0.0924 0.380896 -0.014504 -0.0377 1 0.6702 1  1847 2752 3183 3401 3450 3400 3162 2106  1 1 1 -0.10 0 5 0.95 3 5 0 11.78 0 -0.0376501 -0.012836 0 0 0.0025672 0.0206202 0 0.0206202 0.0206202 
4.563 2 1 2 0 0.1812 0.2319 0.4771 0.0935 0.391261 -0.015006 -0.0793 1 0.7187 1  1887 2761 3207 3417 3450 3418 3190 2131  1 1 1 -0.10 0 5 0.96 3 5 0 11.77 0 -0.0793307 -0.126893 0 0 0.0253787 0.0253748 0 0.0253748 0.0253748 
4.578 2 1 2 0 0.1678 0.2063 0.4793 0.0944 0.401625 -0.016492 -0.0615 1 1.9144 1  1879 2753 3199 3400 3459 3420 3198 2155  1 1 1 4.26 0 5 0.97 3 5 0 11.78 0 -0.0614508 -0.0571441 0 0 0.0114288 0.0192255 0 0.0192255 0.0192255 
4.593 2 1 2 0 0.1720 0.2172 0.4819 0.0955 0.406807 -0.015448 -0.0924 1 1.9348 1  1889 2751 3188 3420 3454 3419 3200 2179  1 1 1 4.52 0 5 0.97 3 5 0 11.79 0 -0.0923732 -0.123006 0 0 0.0246012 0.0225905 0 0.0225905 0.0225905 
4.608 2 1 2 0 0.1860 0.2255 0.4843 0.0966 0.414581 -0.013307 -0.0802 1 1.9672 1  1876 2755 3190 3414 3463 3424 3235 2217  1 1 1 4.62 0 5 0.97 3 5 0 11.78 0 -0.0801727 -0.10124 0 0 0.020248 0.0197483 0 0.0197483 0.0197483 
4.623 2 1 2 0 0.1698 0.1930 0.4867 0.0976 0.422354 -0.013087 -0.0470 1 1.9593 1  1900 2748 3186 3392 3458 3427 3223 2230  1 1 1 4.42 0 5 0.97 3 5 0 11.77 0 -0.0470245 0.0210386 0 0 -0.00420772 0.0115812 0 0.0115812 0.0115812 
4.638 2 1 2 0 0.1664 0.1963 0.4891 0.0987 0.424945 -0.012265 -0.0580 1 2.0008 1  1854 2738 3185 3415 3467 3436 3254 2247  1 1 1 4.68 0 5 0.97 3 5 0 11.79 0 -0.0580421 -0.0588585 0 0 0.0117717 0.014973 0 0.014973 0.014973 
4.653 2 1 2 0 0.1736 0.1921 0.4914 0.0998 0.427536 -0.010679 -0.0214 1 1.9825 1  1850 2717 3172 3410 3436 3428 3244 2254  1 1 1 4.40 0 5 0.96 3 5 0 11.78 0 -0.0213729 -0.00210135 0 0 0.000420271 0.00922682 0 0.00922682 0.00922682 
4.668 2 1 2 0 0.1705 0.1839 0.4936 0.1008 0.432719 -0.009964 -0.0119 1 2.0030 1  1861 2733 3169 3390 3445 3431 3253 2267  1 1 1 4.46 0 5 0.96 3 5 0 11.79 0 -0.0118975 0.0166465 0 0 -0.00332929 0.00669158 0 0.00669158 0.00669158 
4.683 2 1 2 0 0.1629 0.1881 0.4958 0.1018 0.437901 -0.008827 -0.0517 1 1.9887 1  1840 2707 3163 3415 3451 3439 3242 2256  1 1 1 4.59 0 5 0.97 3 5 0 11.79 0 -0.0517136 -0.0798645 0 0 0.0159729 0.0125571 0 0.0125571 0.0125571 
4.698 2 1 2 0 0.1836 0.1970 0.4980 0.1029 0.443083 -0.006912 -0.0255 1 2.0119 1  1848 2709 3171 3399 3465 3445 3255 2292  1 1 1 4.57 0 5 0.97 3 5 0 11.78 0 -0.0254692 0.00490285 0 0 -0.000980571 0.00668508 0 0.00668508 0.00668508 
4.713 2 1 2 0 0.1628 0.1801 0.5002 0.1039 0.448265 -0.005538 -0.0352 1 2.0248 1  1844 2705 3159 3413 3479 3443 3256 2305  1 1 1 4.68 0 5 0.98 3 5 0 11.78 0 -0.0351535 -0.0360423 0 0 0.00720845 0.00864084 0 0.00864084 0.00864084 
4.728 2 1 2 0 0.1768 0.1916 0.5025 0.1050 0.450857 -0.003513 -0.0300 1 2.0310 1  1844 2699 3158 3410 3475 3445 3264 2276  1 1 1 4.69 0 5 0.98 3 5 0 11.79 0 -0.0300448 -0.0242344 0 0 0.00484688 0.00740515 0 0.00740515 0.00740515 
4.743 2 1 2 0 0.1726 0.1836 0.5043 0.1059 0.456039 -0.003053 -0.0202 1 2.0356 1  1839 2689 3157 3407 3485 3444 3266 2304  1 1 1 2.03 0 5 0.98 3 5 0 11.79 0 -0.0201534 -0.00540207 0 0 0.00108041 0.00553804 0 0.00553804 0.00553804 
4.758 2 1 2 0 0.1806 0.1955 0.5067 0.1071 0.458630 -0.000640 -0.0302 1 2.0581 1  1843 2691 3157 3414 3462 3448 3275 2328  1 1 1 2.13 0 5 0.98 3 5 0 11.78 0 -0.0302304 -0.0420058 0 0 0.00840116 0.00744903 0 0.00744903 0.00744903 
4.773 2 1 2 0 0.1811 0.1942 0.5088 0.1081 0.463812 0.000532 -0.0314 1 2.0689 1  1842 2701 3169 3407 3452 3448 3280 2328  1 1 1 2.02 0 5 0.98 3 5 0 11.78 0 -0.0314013 -0.0231625 0 0 0.0046325 0.00651137 0 0.00651137 0.00651137 
4.788 2 1 2 0 0.1802 0.2015 0.5110 0.1092 0.468994 0.000978 -0.0552 1 2.0956 1  1838 2694 3175 3428 3482 3466 3292 2366  1 1 1 2.84 0 5 0.99 3 5 -0.423718 11.78 0 -0.0552276 -0.0823942 0 0 0.0164788 0.0106557 0 0.0106557 0.0106557 
4.803 2 1 2 0 0.1801 0.1943 0.5133 0.1104 0.471586 0.001319 -0.0376 1 2.0994 1  1829 2692 3171 3415 3484 3449 3295 2359  1 1 1 2.65 0 5 0.98 3 5 -0.423718 11.78 0 -0.0376175 -0.0250789 0 0 0.00501578 0.00711785 0 0.00711785 0.00711785 
4.818 2 1 2 0 0.1886 0.2116 0.5156 0.1116 0.474177 0.003415 -0.0633 1 2.1367 1  1819 2688 3171 3432 3482 3454 3316 2391  1 1 1 2.84 0 5 0.99 3 5 -0.423718 11.78 0 -0.0633469 -0.0821482 0 0 0.0164296 0.0114699 0 0.0114699 0.0114699 
4.833 2 1 2 0 0.1895 0.2034 0.5178 0.1127 0.479359 0.003661 -0.0373 1 2.1350 1  1804 2671 3157 3421 3476 3452 3302 2399  1 1 1 2.56 0 5 0.98 3 5 -0.423718 11.78 0 -0.0372714 -0.0114628 0 0 0.00229257 0.00697366 0 0.00697366 0.00697366 
4.848 2 1 2 0 0.1773 0.1963 0.5197 0.1137 0.487132 0.003136 -0.0466 1 2.1627 1  1777 2658 3176 3431 3500 3471 3323 2395  1 1 1 2.39 0 5 0.99 3 5 -0.206205 11.78 0 -0.0466263 -0.055509 0 0 0.0111018 0.00948254 0 0.00948254 0.00948254 
4.863 2 1 2 0 0.1988 0.1990 0.5222 0.1150 0.487132 0.003904 0.0178 1 2.1552 1  1760 2625 3122 3408 3471 3459 3311 2408  1 1 1 2.21 0 5 0.98 3 5 -0.206205 11.78 0 0.0178132 0.0509683 0 0 -0.0101937 7.08653e-05 0 7.08653e-05 7.08653e-05 
4.878 2 1 2 0 0.1907 0.1948 0.5245 0.1163 0.494906 0.003200 0.0091 1 2.1695 1  1717 2601 3100 3428 3482 3456 3323 2414  1 1 1 2.36 0 5 0.98 3 5 -0.206205 11.78 0 0.00911626 -0.00341301 0 0 0.000682603 0.00204445 0 0.00204445 0.00204445 
4.893 2 1 2 0 0.1848 0.1753 0.5264 0.1173 0.497497 0.002589 0.0468 1 2.1681 1  1692 2574 3102 3408 3473 3464 3321 2416  1 1 1 2.09 0 5 0.99 4 5 -0.206205 11.78 0 0.0467594 0.070596 0 0 -0.0141192 -0.00473914 0 -0.00473914 -0.00473914 
4.908 2 1 2 0 0.2003 0.1796 0.5287 0.1186 0.500088 0.002827 0.0800 1 2.1751 1  1687 2552 3098 3393 3483 3470 3333 2413  1 1 1 2.08 0 5 1.00 4 5 -0.0633279 11.78 0 0.0799943 0.119138 0 0 -0.0238277 -0.0103149 0 -0.0103149 -0.0103149 
4.923 2 1 2 0 0.2002 0.1795 0.5310 0.1198 0.502679 0.003169 0.0695 1 2.1714 1  1694 2551 3087 3395 3475 3457 3314 2417  1 1 1 1.90 0 5 0.99 4 5 -0.0633279 11.78 0 0.0695264 0.110309 0 0 -0.0220619 -0.0103187 0 -0.0103187 -0.0103187 
4.938 2 1 2 0 0.1897 0.1761 0.5331 0.1210 0.502679 0.003071 0.0525 1 2.1935 1  1715 2554 3099 3414 3483 3483 3334 2417  1 1 1 2.30 0 5 1.00 4 5 -0.0633279 11.77 0 0.0524877 0.0302716 0 0 -0.00605433 -0.00679485 0 -0.00679485 -0.00679485 
4.953 2 1 2 0 0.2057 0.1766 0.5354 0.1223 0.505270 0.003482 0.0870 1 2.1847 1  1756 2570 3093 3392 3467 3458 3330 2419  1 1 1 1.92 0 5 0.99 4 5 -0.0633279 11.76 0 0.0869867 0.140666 0 0 -0.0281332 -0.0145213 0 -0.0145213 -0.0145213 
4.968 2 1 2 0 0.2091 0.2017 0.5375 0.1234 0.505270 0.005503 0.0211 1 2.2460 1  1759 2575 3108 3425 3485 3465 3373 2446  1 1 1 2.30 0 5 0.99 3 6 -0.0364823 11.78 0 0.0211378 -0.021304 0 0 0.00426081 -0.00371741 0 -0.00371741 -0.00371741 
4.983 2 1 2 0 0.2121 0.1891 0.5398 0.1247 0.507861 0.005652 0.0585 1 2.2444 1  1753 2573 3091 3391 3470 3466 3356 2467  1 1 1 2.26 0 5 1.00 4 5 -0.0364823 11.78 0 0.0585324 0.103536 0 0 -0.0207072 -0.011487 0 -0.011487 -0.011487 
4.998 2 1 2 0 0.1898 0.1936 0.5421 0.1260 0.510453 0.004832 -0.0195 1 2.2616 1  1768 2594 3105 3443 3492 3471 3340 2474  1 1 1 2.34 0 5 0.99 3 6 -0.0364823 11.78 0 -0.0195116 -0.0841324 0 0 0.0168265 0.00190752 0 0.00190752 0.00190752 
5.013 2 1 2 0 0.2257 0.2135 0.5444 0.1272 0.507861 0.006390 0.0261 1 2.2917 1  1773 2594 3113 3409 3497 3478 3367 2495  1 1 1 2.21 0 5 0.99 3 6 -0.0364823 11.79 0 0.0261487 0.0369395 0 0 -0.0073879 -0.00611831 0 -0.00611831 -0.00611831 
5.028 2 1 2 0 0.1992 0.1903 0.5466 0.1285 0.510453 0.005665 0.0117 1 2.3349 1  1767 2586 3116 3426 3504 3492 3383 2517  1 1 1 2.24 0 5 0.99 3 6 -0.0330765 11.78 0 0.0116909 0.0305465 0 0 -0.00610931 -0.0044336 0 -0.0044336 -0.0044336 
5.043 2 1 2 0 0.1992 0.1977 0.5489 0.1298 0.513044 0.005646 -0.0061 1 2.3880 1  1769 2592 3111 3432 3513 3491 3381 2546  1 1 1 2.37 0 5 0.99 3 6 -0.0330765 11.79 0 -0.00612667 -0.0183113 0 0 0.00366225 -0.00073819 0 -0.00073819 -0.00073819 
5.058 2 1 2 0 0.2180 0.2081 0.5512 0.1311 0.515635 0.005922 0.0252 1 2.4109 1  1777 2560 3108 3426 3489 3496 3394 2559  1 1 1 2.42 0 5 1.00 4 6 -0.0330765 11.78 0 0.0252326 0.0396764 0 0 -0.00793529 -0.00497965 0 -0.00497965 -0.00497965 
5.073 2 1 2 0 0.2035 0.1982 0.5536 0.1325 0.515635 0.005239 0.0099 1 2.4374 1  1781 2574 3099 3425 3518 3500 3414 2562  1 1 1 2.23 0 5 0.99 3 6 -0.0330765 11.78 0 0.00994216 0.0104759 0 0 -0.00209517 -0.0026345 0 -0.0026345 -0.0026345 
5.088 2 1 2 0 0.1910 0.1824 0.5559 0.1338 0.518226 0.004654 0.0223 1 2.5237 1  1790 2550 3085 3427 3506 3501 3407 2617  1 1 1 2.55 0 5 0.99 3 6 -0.0144963 11.78 0 0.0222991 0.0324868 0 0 -0.00649736 -0.00432491 0 -0.00432491 -0.00432491 
5.103 2 1 2 0 0.2179 0.2121 0.5582 0.1351 0.520817 0.004791 0.0157 1 2.4964 1  1783 2567 3085 3427 3509 3496 3415 2590  1 1 1 2.53 0 5 1.00 4 6 -0.0144963 11.78 0 0.0157008 0.00712451 0 0 -0.0014249 -0.00290888 0 -0.00290888 -0.00290888 
5.118 2 1 2 0 0.2085 0.1977 0.5608 0.1366 0.523408 0.004702 0.0338 1 2.6031 1  1782 2537 3076 3425 3502 3502 3416 2645  1 1 1 2.93 0 5 1.00 4 6 -0.0144963 11.78 0 0.0337521 0.0300277 0 0 -0.00600554 -0.00536541 0 -0.00536541 -0.00536541 
5.133 2 1 2 0 0.2029 0.1830 0.5630 0.1379 0.525999 0.002897 0.0610 1 2.5313 1  1766 2522 3054 3416 3513 3508 3421 2613  1 1 1 2.49 0 5 1.00 4 6 -0.0144963 11.78 0 0.0609857 0.0849314 0 0 -0.0169863 -0.0099794 0 -0.0099794 -0.0099794 
5.148 2 1 2 0 0.2220 0.1997 0.5655 0.1393 0.525999 0.003592 0.0716 1 2.5843 1  1762 2520 3046 3410 3515 3509 3418 2631  1 1 1 2.47 0 5 1.00 4 6 0.016854 11.78 0 0.0715877 0.0802137 0 0 -0.0160427 -0.0111606 0 -0.0111606 -0.0111606 
