%% logfile from robot Alma (11)
% Alma (11)
%  1    time 0.001 sec
%  2  3  4  5   (mission 0), state 2, entered (thread 1, line 0), events 0x0 (bit-flags)
%  6  7 Motor velocity ref left, right: -0.1141 -0.1141
%  8  9 10 11 Pose x,y,h,tilt [m,m,rad,rad]: 0 0 0 -0.0475481
% 12 .. 33 Edge sensor: left 0.000000 0, right 0.000000 0, values 1442 1910 2011 2077 2136 2116 1895 1401, 
%    white 1, used 1, LEDhigh=1, xingVal=0.00 xlcnt=0 lvcnt=0,LineVal=1.00, lineLow=0, lineHi=0, edgeAngle=0.
% whitelevel=[2975 3421 3469 3497 3515 3503 3432 2945];
% blacklevel=[1435 1889 2091 2192 2279 2230 2035 1497];
% 34    Battery voltage [V]: 11.34
0.001 2 1 0 0 -0.1141 -0.1141 0.0000 0.0000 0.000000 -0.047548 0.0000 0 0.0000 0  1442 1910 2011 2077 2136 2116 1895 1401  1 1 1 0.00 0 0 1.00 0 0 0 11.34 
0.003 2 1 0 0 -0.1178 -0.1178 0.0000 0.0000 0.000000 -0.047867 0.0000 0 0.0000 0  1434 1907 2014 2082 2113 2083 1894 1347  1 1 1 0.00 0 0 1.00 0 0 0 11.32 
0.005 2 1 0 0 -0.1217 -0.1217 0.0000 0.0000 0.000000 -0.048180 0.0000 0 0.0000 0  1435 1909 2019 2079 2118 2070 1897 1369  1 1 1 0.00 0 0 1.00 0 0 0 11.32 
0.007 2 1 0 0 -0.1243 -0.1243 0.0000 0.0000 0.000000 -0.048476 0.0000 0 0.0000 0  1429 1913 2013 2076 2116 2064 1892 1375  1 1 1 0.00 0 0 1.00 0 0 0 11.31 
0.009 2 1 0 0 -0.1049 -0.1416 -0.0002 -0.0000 0.002591 -0.048685 0.0000 0 0.0000 0  1428 1902 2004 2078 2121 2075 1892 1378  1 1 1 0.00 0 0 1.00 0 0 0 11.31 
0.011 2 1 0 0 -0.1220 -0.1179 -0.0004 -0.0000 0.000000 -0.048812 0.0000 0 0.0000 0  1430 1901 2021 2077 2146 2126 1888 1375  1 1 1 0.00 0 0 1.00 0 0 0 11.32 
0.013 2 1 0 0 -0.0997 -0.1326 -0.0006 -0.0000 0.002591 -0.048904 0.0000 0 0.0000 0  1429 1914 2002 2071 2125 2073 1894 1356  1 1 1 0.00 0 0 1.00 0 0 0 11.32 
0.015 2 1 0 0 -0.0787 -0.1474 -0.0008 -0.0000 0.005182 -0.048938 0.0000 0 0.0000 0  1431 1882 2014 2076 2123 2081 1893 1356  1 1 1 0.00 0 0 1.00 0 0 0 11.33 
0.017 2 1 0 0 -0.0766 -0.1404 -0.0008 -0.0000 0.005182 -0.048867 0.0000 0 0.0000 0  1430 1914 2018 2085 2147 2118 1920 1365  1 1 1 0.00 0 0 1.00 0 0 0 11.32 
0.019 2 1 0 0 -0.0707 -0.1300 -0.0012 -0.0000 0.005182 -0.048671 0.0000 0 0.0000 0  1435 1888 2025 2075 2126 2089 1895 1358  1 1 1 0.00 0 0 1.00 0 0 0 11.33 
0.021 2 1 0 0 -0.0622 -0.1175 -0.0012 -0.0000 0.005182 -0.048278 0.0000 0 0.0000 0  1436 1907 2024 2086 2148 2090 1896 1393  1 1 1 0.00 0 0 1.00 0 0 0 11.33 
0.023 2 1 0 0 -0.0516 -0.1033 -0.0012 -0.0000 0.005182 -0.047347 0.0000 0 0.0000 0  1442 1937 2035 2086 2131 2099 1907 1381  1 1 1 0.00 0 0 1.00 0 0 0 11.33 
0.025 2 1 0 0 -0.0653 -0.0755 -0.0014 -0.0000 0.002591 -0.045942 0.0000 0 0.0000 0  1439 1918 2034 2090 2144 2101 1914 1370  1 1 1 0.00 0 0 1.00 0 0 0 11.33 
0.027 2 1 0 0 -0.0595 -0.0696 -0.0014 -0.0000 0.002591 -0.044104 0.0000 0 0.0000 0  1447 1922 2035 2095 2158 2099 1912 1388  1 1 1 0.00 0 0 1.00 0 0 0 11.34 
0.029 2 1 0 0 -0.0809 -0.0528 -0.0016 -0.0000 0.000000 -0.042630 0.0000 0 0.0000 0  1445 1923 2036 2098 2154 2111 1919 1392  1 1 1 0.00 0 0 1.00 0 0 0 11.34 
0.031 2 1 0 0 -0.0841 -0.0587 -0.0016 -0.0000 0.000000 -0.041698 0.0000 0 0.0000 0  1453 1927 2044 2108 2160 2120 1926 1398  1 1 1 0.00 0 0 1.00 0 0 0 11.34 
0.033 2 1 0 0 -0.0877 -0.0648 -0.0016 -0.0000 0.000000 -0.040954 0.0000 0 0.0000 0  1457 1942 2053 2111 2165 2127 1929 1401  1 1 1 0.00 0 0 1.00 0 0 0 11.33 
0.035 2 1 0 0 -0.1115 -0.0526 -0.0018 -0.0000 -0.002591 -0.040316 0.0000 0 0.0000 0  1455 1938 2056 2122 2171 2119 1932 1401  1 1 1 0.00 0 0 1.00 0 0 0 11.33 
0.037 2 1 0 0 -0.1113 -0.0573 -0.0018 -0.0000 -0.002591 -0.039547 0.0000 0 0.0000 0  1460 1945 2056 2122 2177 2114 1939 1402  1 1 1 0.00 0 0 1.00 0 0 0 11.33 
0.039 2 1 0 0 -0.1082 -0.0586 -0.0018 -0.0000 -0.002591 -0.038594 0.0000 0 0.0000 0  1466 1945 2068 2127 2184 2136 1945 1411  1 1 1 0.00 0 0 1.00 0 0 0 11.33 
0.041 2 1 0 0 -0.0895 -0.0806 -0.0020 -0.0000 0.000000 -0.037684 0.0000 0 0.0000 0  1469 1953 2069 2129 2185 2144 1945 1407  1 1 1 0.00 0 0 1.00 0 0 0 11.33 
0.043 2 1 0 0 -0.0937 -0.0857 -0.0020 -0.0000 0.000000 -0.036976 0.0000 0 0.0000 0  1461 1949 2071 2131 2184 2141 1952 1408  1 1 1 0.00 0 0 1.00 0 0 0 11.33 
0.045 2 1 0 0 -0.0986 -0.0914 -0.0024 -0.0000 0.000000 -0.036416 0.0000 0 0.0000 0  1469 1956 2053 2134 2193 2156 1949 1410  1 1 1 0.00 0 0 1.00 0 0 0 11.33 
0.047 2 1 0 0 -0.1031 -0.0967 -0.0024 -0.0000 0.000000 -0.035867 0.0000 0 0.0000 0  1454 1958 2074 2141 2196 2125 1950 1405  1 1 1 0.00 0 0 1.00 0 0 0 11.33 
0.049 2 1 0 0 -0.1074 -0.1016 -0.0024 -0.0000 0.000000 -0.035395 0.0000 0 0.0000 0  1474 1961 2100 2143 2196 2147 1958 1417  1 1 1 0.00 0 0 1.00 0 0 0 11.34 
0.051 2 1 0 0 -0.0920 -0.1234 -0.0026 -0.0000 0.002591 -0.035020 0.0000 0 0.0000 0  1478 1963 2075 2142 2201 2150 1957 1417  1 1 1 0.00 0 0 1.00 0 0 0 11.34 
0.053 2 1 0 0 -0.1128 -0.1054 -0.0028 -0.0000 0.000000 -0.034381 0.0000 0 0.0000 0  1473 1967 2095 2147 2199 2150 1959 1423  1 1 1 0.00 0 0 1.00 0 0 0 11.34 
0.055 2 1 0 0 -0.1086 -0.1020 -0.0028 -0.0000 0.000000 -0.033422 0.0000 0 0.0000 0  1483 1969 2071 2149 2204 2145 1958 1425  1 1 1 0.00 0 0 1.00 0 0 0 11.33 
0.057 2 1 0 0 -0.1206 -0.0780 -0.0030 -0.0000 -0.002591 -0.032151 0.0000 0 0.0000 0  1492 1977 2086 2154 2211 2157 1966 1425  1 1 1 0.00 0 0 1.00 0 0 0 11.33 
0.059 2 1 0 0 -0.1146 -0.0753 -0.0030 -0.0000 -0.002591 -0.030919 0.0000 0 0.0000 0  1483 1976 2086 2155 2212 2165 1966 1426  1 1 1 0.00 0 0 1.00 0 0 0 11.34 
0.061 2 1 0 0 -0.1343 -0.0614 -0.0032 -0.0000 -0.005182 -0.030185 0.0000 0 0.0000 0  1487 1973 2096 2157 2215 2162 1982 1430  1 1 1 0.00 0 0 1.00 0 0 0 11.32 
0.063 2 1 0 0 -0.1379 -0.0703 -0.0032 -0.0000 -0.005182 -0.029806 0.0000 0 0.0000 0  1479 1984 2095 2157 2218 2155 1976 1433  1 1 1 0.00 0 0 1.00 0 0 0 11.32 
0.065 2 1 0 0 -0.1411 -0.0784 -0.0036 -0.0000 -0.005182 -0.029546 0.0000 0 0.0000 0  1492 1987 2103 2172 2226 2183 1975 1436  1 1 1 0.00 0 0 1.00 0 0 0 11.32 
0.067 2 1 0 0 -0.1442 -0.0860 -0.0036 -0.0000 -0.005182 -0.029274 0.0000 0 0.0000 0  1494 1991 2098 2164 2226 2184 1972 1433  1 1 1 0.00 0 0 1.00 0 0 0 11.31 
0.069 2 1 0 0 -0.1265 -0.1104 -0.0038 -0.0000 -0.002591 -0.028857 0.0000 0 0.0000 0  1494 1992 2099 2166 2231 2190 1977 1440  1 1 1 0.00 0 0 1.00 0 0 0 11.31 
0.071 2 1 0 0 -0.1266 -0.1112 -0.0038 -0.0000 -0.002591 -0.028330 0.0000 0 0.0000 0  1499 1989 2115 2169 2230 2190 1985 1441  1 1 1 0.00 0 0 1.00 0 0 0 11.33 
0.073 2 1 0 0 -0.1396 -0.0882 -0.0040 -0.0000 -0.005182 -0.027632 0.0000 0 0.0000 0  1506 1995 2124 2170 2234 2197 1989 1446  1 1 1 0.00 0 0 1.00 0 0 0 11.33 
0.075 2 1 0 0 -0.1162 -0.1048 -0.0042 0.0000 -0.002591 -0.026882 0.0000 0 0.0000 0  1490 2001 2118 2175 2233 2179 1995 1443  1 1 1 0.00 0 0 1.00 0 0 0 11.33 
0.077 2 1 0 0 -0.1105 -0.0993 -0.0042 0.0000 -0.002591 -0.025928 0.0000 0 0.0000 0  1510 1999 2102 2179 2247 2190 1989 1447  1 1 1 0.00 0 0 1.00 0 0 0 11.32 
0.079 2 1 0 0 -0.1045 -0.0937 -0.0042 0.0000 -0.002591 -0.024779 0.0000 0 0.0000 0  1515 2008 2107 2177 2245 2202 1997 1453  1 1 1 0.00 0 0 1.00 0 0 0 11.33 
0.081 2 1 0 0 -0.1231 -0.0758 -0.0044 0.0000 -0.005182 -0.023822 0.0000 0 0.0000 0  1496 2007 2113 2200 2251 2214 1997 1453  1 1 1 0.00 0 0 1.00 0 0 0 11.33 
0.083 2 1 0 0 -0.1222 -0.0777 -0.0044 0.0000 -0.005182 -0.023050 0.0000 0 0.0000 0  1507 2010 2118 2178 2253 2206 1996 1454  1 1 1 0.00 0 0 1.00 0 0 0 11.33 
0.085 2 1 0 0 -0.1016 -0.0965 -0.0046 0.0000 -0.002591 -0.022373 0.0000 0 0.0000 0  1511 2013 2126 2194 2259 2210 2015 1456  1 1 1 0.00 0 0 1.00 0 0 0 11.32 
0.087 2 1 0 0 -0.1272 -0.0851 -0.0048 0.0000 -0.005182 -0.021915 0.0000 0 0.0000 0  1516 2021 2136 2190 2266 2214 2024 1492  1 1 1 0.00 0 0 1.00 0 0 0 11.33 
0.089 2 1 0 0 -0.1134 -0.1117 -0.0050 0.0000 -0.002591 -0.021520 0.0000 0 0.0000 0  1511 2026 2135 2183 2264 2213 2009 1460  1 1 1 0.00 0 0 1.00 0 0 0 11.32 
0.091 2 1 0 0 -0.1125 -0.1102 -0.0050 0.0000 -0.002591 -0.020929 0.0000 0 0.0000 0  1510 2025 2153 2196 2267 2209 2012 1465  1 1 1 0.00 0 0 1.00 0 0 0 11.33 
0.093 2 1 0 0 -0.1127 -0.1113 -0.0054 0.0000 -0.002591 -0.020302 0.0000 0 0.0000 0  1517 2026 2140 2197 2269 2225 2025 1470  1 1 1 0.00 0 0 1.00 0 0 0 11.33 
0.095 2 1 0 0 -0.1161 -0.1139 -0.0054 0.0000 -0.002591 -0.019791 0.0000 0 0.0000 0  1530 2030 2170 2213 2277 2227 2021 1468  1 1 1 0.00 0 0 1.00 0 0 0 11.33 
0.097 2 1 0 0 -0.1273 -0.0864 -0.0056 0.0000 -0.005182 -0.019022 0.0000 0 0.0000 0  1541 2038 2147 2206 2280 2235 2027 1478  1 1 1 0.00 0 0 1.00 0 0 0 11.33 
0.099 2 1 0 0 -0.0927 -0.0921 -0.0058 0.0000 -0.002591 -0.017773 0.0000 0 0.0000 0  1540 2040 2159 2213 2286 2245 2019 1475  1 1 1 0.00 0 0 1.00 0 0 0 11.33 
0.101 2 1 0 0 -0.0875 -0.0861 -0.0058 0.0000 -0.002591 -0.016565 0.0000 0 0.0000 0  1537 2048 2160 2214 2289 2247 2059 1483  1 1 1 0.00 0 0 1.00 0 0 0 11.34 
0.103 2 1 0 0 -0.0878 -0.0857 -0.0058 0.0000 -0.002591 -0.015696 0.0000 0 0.0000 0  1533 2055 2163 2219 2293 2252 2031 1483  1 1 1 0.00 0 0 1.00 0 0 0 11.34 
0.105 2 1 0 0 -0.0862 -0.0834 -0.0058 0.0000 -0.002591 -0.014960 0.0000 0 0.0000 0  1528 2056 2179 2232 2300 2262 2032 1490  1 1 1 0.00 0 0 1.00 0 0 0 11.33 
0.107 2 1 0 0 -0.0887 -0.0853 -0.0062 0.0000 -0.002591 -0.014268 0.0000 0 0.0000 0  1518 2055 2172 2259 2306 2272 2039 1490  1 1 1 0.00 0 0 1.00 0 0 0 11.33 
0.109 2 1 0 0 -0.0928 -0.0888 -0.0062 0.0000 -0.002591 -0.013580 0.0000 0 0.0000 0  1534 2063 2176 2249 2308 2257 2037 1495  1 1 1 0.00 0 0 1.00 0 0 0 11.33 
0.111 2 1 0 0 -0.0893 -0.0848 -0.0062 0.0000 -0.002591 -0.012723 0.0000 0 0.0000 0  1553 2068 2182 2238 2314 2272 2058 1498  1 1 1 0.00 0 0 1.00 0 0 0 11.32 
0.113 2 1 0 0 -0.0660 -0.0992 -0.0064 0.0000 0.000000 -0.011723 0.0000 0 0.0000 0  1539 2070 2198 2249 2316 2259 2055 1501  1 1 1 0.00 0 0 1.00 0 0 0 11.33 
0.115 2 1 0 0 -0.0901 -0.0819 -0.0066 0.0000 -0.002591 -0.010923 0.0000 0 0.0000 0  1569 2070 2188 2254 2320 2285 2058 1504  1 1 1 0.00 0 0 1.00 0 0 0 11.33 
0.117 2 1 0 0 -0.0924 -0.0841 -0.0066 0.0000 -0.002591 -0.010356 0.0000 0 0.0000 0  1545 2071 2193 2255 2324 2270 2074 1506  1 1 1 0.00 0 0 1.00 0 0 0 11.33 
0.119 2 1 0 0 -0.0941 -0.0857 -0.0066 0.0000 -0.002591 -0.009821 0.0000 0 0.0000 0  1552 2077 2201 2265 2327 2275 2060 1511  1 1 1 0.00 0 0 1.00 0 0 0 11.33 
0.121 2 1 0 0 -0.0958 -0.0873 -0.0070 0.0000 -0.002591 -0.009216 0.0000 0 0.0000 0  1560 2083 2199 2257 2327 2278 2063 1508  1 1 1 0.00 0 0 1.00 0 0 0 11.33 
0.123 2 1 0 0 -0.0976 -0.0890 -0.0070 0.0000 -0.002591 -0.008636 0.0000 0 0.0000 0  1558 2076 2206 2274 2335 2284 2068 1506  1 1 1 0.00 0 0 1.00 0 0 0 11.33 
0.125 2 1 0 0 -0.0977 -0.0890 -0.0070 0.0000 -0.002591 -0.008080 0.0000 0 0.0000 0  1572 2077 2206 2267 2338 2287 2064 1517  1 1 1 0.00 0 0 1.00 0 0 0 11.34 
0.127 2 1 0 0 -0.0925 -0.0837 -0.0070 0.0000 -0.002591 -0.007475 0.0000 0 0.0000 0  1594 2090 2208 2272 2347 2302 2077 1520  1 1 1 0.00 0 0 1.00 0 0 0 11.33 
0.129 2 1 0 0 -0.0915 -0.0827 -0.0074 0.0000 -0.002591 -0.006904 0.0000 0 0.0000 0  1570 2091 2218 2291 2344 2308 2075 1519  1 1 1 0.00 0 0 1.00 0 0 0 11.33 
0.131 2 1 0 0 -0.0942 -0.0852 -0.0074 0.0000 -0.002591 -0.006387 0.0000 0 0.0000 0  1561 2101 2220 2278 2352 2316 2063 1526  1 1 1 0.00 0 0 1.00 0 0 0 11.33 
0.133 2 1 0 0 -0.0952 -0.0862 -0.0074 0.0000 -0.002591 -0.005889 0.0000 0 0.0000 0  1590 2095 2221 2295 2354 2310 2084 1528  1 1 1 0.00 0 0 1.00 0 0 0 11.33 
0.135 2 1 0 0 -0.0956 -0.0865 -0.0074 0.0000 -0.002591 -0.005371 0.0000 0 0.0000 0  1575 2100 2229 2291 2360 2320 2067 1526  1 1 1 0.00 0 0 1.00 0 0 0 11.33 
0.137 2 1 0 0 -0.0764 -0.1039 -0.0076 0.0000 0.000000 -0.004844 0.0000 0 0.0000 0  1614 2104 2227 2292 2359 2307 2096 1526  1 1 1 0.00 0 0 1.00 0 0 0 11.33 
0.139 2 1 0 0 -0.0979 -0.0846 -0.0078 0.0000 -0.002591 -0.004437 0.0000 0 0.0000 0  1583 2105 2231 2292 2360 2313 2082 1533  1 1 1 0.00 0 0 1.00 0 0 0 11.32 
0.141 2 1 0 0 -0.0982 -0.0852 -0.0078 0.0000 -0.002591 -0.004059 0.0000 0 0.0000 0  1586 2106 2231 2305 2365 2331 2099 1532  1 1 1 0.00 0 0 1.00 0 0 0 11.32 
0.143 2 1 0 0 -0.0778 -0.1032 -0.0080 0.0000 0.000000 -0.003661 0.0000 0 0.0000 0  1600 2108 2236 2302 2364 2321 2106 1537  1 1 1 0.00 0 0 1.00 0 0 0 11.32 
0.145 2 1 0 0 -0.1005 -0.0852 -0.0082 0.0000 -0.002591 -0.003255 0.0000 0 0.0000 0  1597 2108 2234 2310 2367 2320 2089 1534  1 1 1 0.00 0 0 1.00 0 0 0 11.33 
0.147 2 1 0 0 -0.1012 -0.0864 -0.0082 0.0000 -0.002591 -0.002873 0.0000 0 0.0000 0  1586 2107 2238 2317 2370 2328 2069 1536  1 1 1 0.00 0 0 1.00 0 0 0 11.34 
0.149 2 1 0 0 -0.0787 -0.1011 -0.0084 0.0000 0.000000 -0.002473 0.0000 0 0.0000 0  1593 2113 2241 2301 2368 2328 2110 1540  1 1 1 0.00 0 0 1.00 0 0 0 11.34 
0.151 2 1 0 0 -0.0950 -0.0769 -0.0086 0.0000 -0.002591 -0.002037 0.0000 0 0.0000 0  1601 2118 2244 2308 2375 2335 2102 1540  1 1 1 0.00 0 0 1.00 0 0 0 11.33 
0.153 2 1 0 0 -0.0927 -0.0754 -0.0086 0.0000 -0.002591 -0.001628 0.0000 0 0.0000 0  1601 2122 2248 2305 2379 2332 2104 1542  1 1 1 0.00 0 0 1.00 0 0 0 11.34 
0.155 2 1 0 0 -0.0717 -0.0918 -0.0088 0.0000 0.000000 -0.001188 0.0000 0 0.0000 0  1595 2123 2247 2305 2383 2334 2114 1547  1 1 1 0.00 0 0 1.00 0 0 0 11.33 
0.157 2 1 0 0 -0.0746 -0.0926 -0.0088 0.0000 0.000000 -0.000686 0.0000 0 0.0000 0  1599 2127 2255 2329 2384 2342 2113 1547  1 1 1 0.00 0 0 1.00 0 0 0 11.34 
0.159 2 1 0 0 -0.0743 -0.0904 -0.0088 0.0000 0.000000 -0.000109 0.0000 0 0.0000 0  1606 2128 2258 2323 2391 2344 2121 1547  1 1 1 0.00 0 0 1.00 0 0 0 11.34 
0.161 2 1 0 0 -0.0508 -0.1019 -0.0090 0.0000 0.002591 0.000575 0.0000 0 0.0000 0  1597 2134 2260 2310 2389 2341 2127 1552  1 1 1 0.00 0 0 1.00 0 0 0 11.33 
0.163 2 1 0 0 -0.0476 -0.0945 -0.0090 0.0000 0.002591 0.001351 0.0000 0 0.0000 0  1620 2136 2264 2322 2394 2352 2134 1553  1 1 1 0.00 0 0 1.00 0 0 0 11.33 
0.165 2 1 0 0 -0.0663 -0.0713 -0.0092 0.0000 0.000000 0.002102 0.0000 0 0.0000 0  1600 2136 2263 2342 2398 2358 2125 1558  1 1 1 0.00 0 0 1.00 0 0 0 11.33 
0.167 2 1 0 0 -0.0624 -0.0667 -0.0092 0.0000 0.000000 0.002850 0.0000 0 0.0000 0  1588 2142 2270 2330 2395 2355 2138 1557  1 1 1 0.00 0 0 1.00 0 0 0 11.34 
0.169 2 1 0 0 -0.0607 -0.0645 -0.0092 0.0000 0.000000 0.003416 0.0000 0 0.0000 0  1604 2147 2274 2351 2405 2363 2141 1558  1 1 1 0.00 0 0 1.00 0 0 0 11.34 
0.171 2 1 0 0 -0.0822 -0.0488 -0.0094 0.0000 -0.002591 0.003846 0.0000 0 0.0000 0  1618 2149 2270 2337 2401 2360 2144 1557  1 1 1 0.00 0 0 1.00 0 0 0 11.34 
0.173 2 1 0 0 -0.0794 -0.0482 -0.0094 0.0000 -0.002591 0.004286 0.0000 0 0.0000 0  1625 2150 2271 2341 2406 2361 2123 1562  1 1 1 0.00 0 0 1.00 0 0 0 11.34 
0.175 2 1 0 0 -0.0962 -0.0289 -0.0096 0.0000 -0.005182 0.004801 0.0000 0 0.0000 0  1630 2160 2279 2348 2416 2366 2113 1564  1 1 1 0.00 0 0 1.00 0 0 0 11.34 
0.177 2 1 0 0 -0.0932 -0.0306 -0.0096 0.0000 -0.005182 0.005345 0.0000 0 0.0000 0  1640 2160 2287 2357 2416 2372 2158 1571  1 1 1 0.00 0 0 1.00 0 0 0 11.34 
0.179 2 1 0 0 -0.0864 -0.0280 -0.0096 0.0000 -0.005182 0.005886 0.0000 0 0.0000 0  1650 2162 2291 2339 2417 2372 2138 1573  1 1 1 0.00 0 0 1.00 0 0 0 11.34 
0.181 2 1 0 0 -0.0775 -0.0228 -0.0096 0.0000 -0.005182 0.006462 0.0000 0 0.0000 0  1634 2165 2291 2343 2422 2374 2137 1569  1 1 1 0.00 0 0 1.00 0 0 0 11.34 
0.183 2 1 0 0 -0.0583 -0.0437 -0.0098 0.0000 -0.002591 0.006845 0.0000 0 0.0000 0  1623 2177 2293 2346 2422 2380 2183 1569  1 1 1 0.00 0 0 1.00 0 0 0 11.34 
0.185 2 1 0 0 -0.0608 -0.0466 -0.0098 0.0000 -0.002591 0.007169 0.0000 0 0.0000 0  1626 2156 2294 2325 2425 2378 2147 1575  1 1 1 0.00 0 0 1.00 0 0 0 11.34 
0.187 2 1 0 0 -0.0585 -0.0447 -0.0098 0.0000 -0.002591 0.007610 0.0000 0 0.0000 0  1643 2163 2298 2353 2435 2383 2167 1576  1 1 1 0.00 0 0 1.00 0 0 0 11.34 
0.189 2 1 0 0 -0.0557 -0.0422 -0.0098 0.0000 -0.002591 0.008126 0.0000 0 0.0000 0  1639 2179 2300 2362 2431 2378 2159 1556  1 1 1 0.00 0 0 1.00 0 0 0 11.34 
0.191 2 1 0 0 -0.0382 -0.0631 -0.0100 0.0000 0.000000 0.008543 0.0000 0 0.0000 0  1639 2173 2302 2360 2436 2387 2167 1580  1 1 1 0.00 0 0 1.00 0 0 0 11.34 
0.193 2 1 0 0 -0.0374 -0.0597 -0.0100 0.0000 0.000000 0.008923 0.0000 0 0.0000 0  1630 2171 2300 2352 2437 2383 2146 1584  1 1 1 0.00 0 0 1.00 0 0 0 11.34 
0.195 2 1 0 0 -0.0366 -0.0567 -0.0100 0.0000 0.000000 0.009257 0.0000 0 0.0000 0  1642 2180 2307 2365 2440 2387 2162 1585  1 1 1 0.00 0 0 1.00 0 0 0 11.34 
0.197 2 1 0 0 -0.0408 -0.0587 -0.0100 0.0000 0.000000 0.009527 0.0000 0 0.0000 0  1645 2184 2311 2352 2440 2393 2182 1582  1 1 1 0.00 0 0 1.00 0 0 0 11.34 
0.199 2 1 0 0 -0.0401 -0.0561 -0.0100 0.0000 0.000000 0.009835 0.0000 0 0.0000 0  1647 2187 2310 2363 2442 2389 2177 1585  1 1 1 0.00 0 0 1.00 0 0 0 11.34 
0.201 2 1 0 0 -0.0400 -0.0543 -0.0100 0.0000 0.000000 0.010123 0.0000 0 0.0000 0  1651 2186 2311 2367 2444 2395 2188 1586  1 1 1 0.00 0 0 1.00 0 0 0 11.34 
0.203 2 1 0 0 -0.0426 -0.0553 -0.0100 0.0000 0.000000 0.010358 0.0000 0 0.0000 0  1650 2191 2313 2366 2445 2395 2185 1587  1 1 1 0.00 0 0 1.00 0 0 0 11.34 
0.205 2 1 0 0 -0.0411 -0.0524 -0.0100 0.0000 0.000000 0.010573 0.0000 0 0.0000 0  1653 2184 2316 2373 2449 2397 2187 1590  1 1 1 0.00 0 0 1.00 0 0 0 11.34 
0.207 2 1 0 0 -0.0593 -0.0327 -0.0102 0.0000 -0.002591 0.010808 0.0000 0 0.0000 0  1654 2180 2316 2366 2440 2398 2170 1585  1 1 1 0.00 0 0 1.00 0 0 0 11.34 
0.209 2 1 0 0 -0.0591 -0.0340 -0.0102 0.0000 -0.002591 0.010980 0.0000 0 0.0000 0  1657 2180 2319 2371 2438 2401 2172 1590  1 1 1 0.00 0 0 1.00 0 0 0 11.34 
0.211 2 1 0 0 -0.0583 -0.0346 -0.0102 0.0000 -0.002591 0.011129 0.0000 0 0.0000 0  1654 2212 2320 2350 2440 2403 2176 1592  1 1 1 0.00 0 0 1.00 0 0 0 11.34 
0.213 2 1 0 0 -0.0588 -0.0363 -0.0102 0.0000 -0.002591 0.011254 0.0000 0 0.0000 0  1651 2190 2317 2370 2446 2401 2177 1596  1 1 1 0.00 0 0 1.00 0 0 0 11.34 
0.215 2 1 0 0 -0.0604 -0.0390 -0.0102 0.0000 -0.002591 0.011308 0.0000 0 0.0000 0  1663 2202 2319 2369 2452 2401 2171 1590  1 1 1 0.00 0 0 1.00 0 0 0 11.34 
0.217 2 1 0 0 -0.0425 -0.0602 -0.0104 0.0000 0.000000 0.011358 0.0000 0 0.0000 0  1649 2185 2319 2369 2445 2400 2181 1594  1 1 1 0.00 0 0 1.00 0 0 0 11.34 
0.219 2 1 0 0 -0.0459 -0.0618 -0.0104 0.0000 0.000000 0.011379 0.0000 0 0.0000 0  1667 2190 2324 2358 2454 2406 2174 1596  1 1 1 0.00 0 0 1.00 0 0 0 11.34 
0.221 2 1 0 0 -0.0489 -0.0630 -0.0104 0.0000 0.000000 0.011352 0.0000 0 0.0000 0  1655 2187 2322 2358 2451 2399 2182 1595  1 1 1 0.00 0 0 1.00 0 0 0 11.34 
0.223 2 1 0 0 -0.0526 -0.0651 -0.0104 0.0000 0.000000 0.011251 0.0000 0 0.0000 0  1634 2200 2315 2366 2450 2396 2177 1576  1 1 1 0.00 0 0 1.00 0 0 0 11.34 
0.225 2 1 0 0 -0.0556 -0.0668 -0.0104 0.0000 0.000000 0.011101 0.0000 0 0.0000 0  1643 2195 2318 2362 2448 2394 2169 1590  1 1 1 0.00 0 0 1.00 0 0 0 11.34 
0.227 2 1 0 0 -0.0752 -0.0469 -0.0106 0.0000 -0.002591 0.010954 0.0000 0 0.0000 0  1652 2173 2322 2372 2462 2398 2178 1590  1 1 1 0.00 0 0 1.00 0 0 0 11.34 
0.229 2 1 0 0 -0.0765 -0.0499 -0.0106 0.0000 -0.002591 0.010749 0.0000 0 0.0000 0  1651 2167 2320 2371 2439 2402 2183 1608  1 1 1 0.00 0 0 1.00 0 0 0 11.34 
0.231 2 1 0 0 -0.0788 -0.0537 -0.0106 0.0000 -0.002591 0.010473 0.0000 0 0.0000 0  1657 2159 2320 2376 2434 2398 2180 1614  1 1 1 0.00 0 0 1.00 0 0 0 11.34 
0.233 2 1 0 0 -0.0608 -0.0737 -0.0108 0.0000 0.000000 0.010240 0.0000 0 0.0000 0  1651 2195 2316 2364 2444 2397 2167 1592  1 1 1 0.00 0 0 1.00 0 0 0 11.34 
0.235 2 1 0 0 -0.0629 -0.0744 -0.0108 0.0000 0.000000 0.010019 0.0000 0 0.0000 0  1651 2191 2315 2363 2462 2395 2180 1585  1 1 1 0.00 0 0 1.00 0 0 0 11.34 
0.237 2 1 0 0 -0.0858 -0.0578 -0.0110 0.0000 -0.002591 0.009770 0.0000 0 0.0000 0  1648 2179 2309 2359 2448 2391 2161 1584  1 1 1 0.00 0 0 1.00 0 0 0 11.34 
0.239 2 1 0 0 -0.0706 -0.0809 -0.0112 0.0000 0.000000 0.009465 0.0000 0 0.0000 0  1652 2185 2308 2376 2443 2391 2155 1583  1 1 1 0.00 0 0 1.00 0 0 0 11.34 
0.241 2 1 0 0 -0.0738 -0.0829 -0.0112 0.0000 0.000000 0.009114 0.0000 0 0.0000 0  1645 2177 2311 2355 2431 2398 2167 1586  1 1 1 0.00 0 0 1.00 0 0 0 11.34 
0.243 2 1 0 0 -0.0718 -0.0797 -0.0112 0.0000 0.000000 0.008956 0.0000 0 0.0000 0  1653 2171 2309 2353 2434 2392 2164 1589  1 1 1 0.00 0 0 1.00 0 0 0 11.34 
0.245 2 1 0 0 -0.0829 -0.0532 -0.0114 0.0000 -0.002591 0.009110 0.0000 0 0.0000 0  1650 2184 2309 2364 2453 2389 2168 1593  1 1 1 0.00 0 0 1.00 0 0 0 11.34 
0.247 2 1 0 0 -0.0673 -0.0394 -0.0114 0.0000 -0.002591 0.009752 0.0000 0 0.0000 0  1645 2198 2317 2364 2444 2397 2170 1596  1 1 1 0.00 0 0 1.00 0 0 0 11.34 
0.249 2 1 0 0 -0.0526 -0.0263 -0.0114 0.0000 -0.002591 0.010617 0.0000 0 0.0000 0  1652 2184 2313 2367 2446 2395 2172 1592  1 1 1 0.00 0 0 1.00 0 0 0 11.34 
0.251 2 1 0 0 -0.0503 -0.0255 -0.0114 0.0000 -0.002591 0.010960 0.0000 0 0.0000 0  1649 2188 2321 2371 2444 2395 2175 1590  1 1 1 0.00 0 0 1.00 0 0 0 11.34 
0.253 2 1 0 0 -0.0504 -0.0269 -0.0114 0.0000 -0.002591 0.011068 0.0000 0 0.0000 0  1651 2191 2318 2372 2444 2402 2181 1592  1 1 1 0.00 0 0 1.00 0 0 0 11.34 
0.255 2 1 0 0 -0.0504 -0.0280 -0.0114 0.0000 -0.002591 0.011167 0.0000 0 0.0000 0  1656 2195 2326 2377 2467 2402 2179 1592  1 1 1 0.00 0 0 1.00 0 0 0 11.34 
0.257 2 1 0 0 -0.0520 -0.0308 -0.0114 0.0000 -0.002591 0.011385 0.0000 0 0.0000 0  1652 2193 2326 2380 2455 2400 2179 1595  1 1 1 0.00 0 0 1.00 0 0 0 11.34 
0.259 2 1 0 0 -0.0458 -0.0255 -0.0114 0.0000 -0.002591 0.011866 0.0000 0 0.0000 0  1669 2187 2324 2379 2459 2403 2175 1592  1 1 1 0.00 0 0 1.00 0 0 0 11.34 
0.261 2 1 0 0 -0.0385 -0.0191 -0.0114 0.0000 -0.002591 0.012551 0.0000 0 0.0000 0  1664 2194 2326 2378 2460 2406 2185 1599  1 1 1 0.00 0 0 1.00 0 0 0 11.34 
0.263 2 1 0 0 -0.0410 -0.0223 -0.0114 0.0000 -0.002591 0.012941 0.0000 0 0.0000 0  1664 2196 2332 2381 2457 2406 2188 1603  1 1 1 0.00 0 0 1.00 0 0 0 11.35 
0.265 2 1 0 0 -0.0408 -0.0228 -0.0114 0.0000 -0.002591 0.013118 0.0000 0 0.0000 0  1662 2209 2334 2385 2465 2409 2185 1605  1 1 1 0.00 0 0 1.00 0 0 0 11.34 
0.267 2 1 0 0 -0.0384 -0.0211 -0.0114 0.0000 -0.002591 0.013316 0.0000 0 0.0000 0  1662 2202 2331 2384 2456 2413 2188 1602  1 1 1 0.00 0 0 1.00 0 0 0 11.34 
0.269 2 1 0 0 -0.0390 -0.0223 -0.0114 0.0000 -0.002591 0.013533 0.0000 0 0.0000 0  1663 2212 2333 2388 2465 2410 2187 1609  1 1 1 0.00 0 0 1.00 0 0 0 11.34 
0.271 2 1 0 0 -0.0369 -0.0207 -0.0114 0.0000 -0.002591 0.013760 0.0000 0 0.0000 0  1657 2210 2338 2385 2463 2411 2190 1607  1 1 1 0.00 0 0 1.00 0 0 0 11.34 
0.273 2 1 0 0 -0.0369 -0.0212 -0.0114 0.0000 -0.002591 0.013915 0.0000 0 0.0000 0  1664 2203 2334 2387 2464 2415 2190 1596  1 1 1 0.00 0 0 1.00 0 0 0 11.34 
0.275 2 1 0 0 -0.0378 -0.0225 -0.0114 0.0000 -0.002591 0.014039 0.0000 0 0.0000 0  1662 2207 2333 2387 2463 2412 2193 1606  1 1 1 0.00 0 0 1.00 0 0 0 11.34 
0.277 2 1 0 0 -0.0351 -0.0201 -0.0114 0.0000 -0.002591 0.014247 0.0000 0 0.0000 0  1662 2209 2332 2388 2471 2417 2189 1607  1 1 1 0.00 0 0 1.00 0 0 0 11.34 
0.279 2 1 0 0 -0.0340 -0.0193 -0.0114 0.0000 -0.002591 0.014481 0.0000 0 0.0000 0  1669 2206 2335 2387 2458 2417 2195 1610  1 1 1 0.00 0 0 1.00 0 0 0 11.35 
0.281 2 1 0 0 -0.0346 -0.0203 -0.0114 0.0000 -0.002591 0.014616 0.0000 0 0.0000 0  1666 2209 2335 2388 2469 2417 2195 1606  1 1 1 0.00 0 0 1.00 0 0 0 11.34 
0.283 2 1 0 0 -0.0349 -0.0208 -0.0114 0.0000 -0.002591 0.014629 0.0000 0 0.0000 0  1665 2205 2337 2392 2472 2419 2196 1605  1 1 1 0.00 0 0 1.00 0 0 0 11.34 
0.285 2 1 0 0 -0.0383 -0.0245 -0.0114 0.0000 -0.002591 0.014560 0.0000 0 0.0000 0  1665 2208 2336 2391 2469 2423 2198 1610  1 1 1 0.00 0 0 1.00 0 0 0 11.34 
0.287 2 1 0 0 -0.0429 -0.0292 -0.0114 0.0000 -0.002591 0.014473 0.0000 0 0.0000 0  1677 2209 2338 2394 2459 2417 2194 1616  1 1 1 0.00 0 0 1.00 0 0 0 11.34 
0.289 2 1 0 0 -0.0436 -0.0301 -0.0114 0.0000 -0.002591 0.014476 0.0000 0 0.0000 0  1665 2205 2339 2387 2457 2416 2194 1601  1 1 1 0.00 0 0 1.00 0 0 0 11.34 
0.291 2 1 0 0 -0.0436 -0.0303 -0.0114 0.0000 -0.002591 0.014450 0.0000 0 0.0000 0  1668 2207 2338 2388 2454 2418 2192 1622  1 1 1 0.00 0 0 1.00 0 0 0 11.34 
0.293 2 1 0 0 -0.0454 -0.0322 -0.0114 0.0000 -0.002591 0.014295 0.0000 0 0.0000 0  1672 2199 2334 2385 2461 2411 2187 1641  1 1 1 0.00 0 0 1.00 0 0 0 11.34 
0.295 2 1 0 0 -0.0472 -0.0341 -0.0114 0.0000 -0.002591 0.014003 0.0000 0 0.0000 0  1665 2204 2334 2390 2469 2417 2195 1607  1 1 1 0.00 0 0 1.00 0 0 0 11.34 
0.297 2 1 0 0 -0.0506 -0.0376 -0.0114 0.0000 -0.002591 0.013671 0.0000 0 0.0000 0  1661 2202 2335 2390 2472 2417 2192 1620  1 1 1 0.00 0 0 1.00 0 0 0 11.34 
0.299 2 1 0 0 -0.0522 -0.0394 -0.0114 0.0000 -0.002591 0.013362 0.0000 0 0.0000 0  1662 2205 2334 2385 2469 2411 2187 1594  1 1 1 0.00 0 0 1.00 0 0 0 11.34 
0.301 2 1 0 0 -0.0339 -0.0592 -0.0116 0.0000 0.000000 0.013085 0.0000 0 0.0000 0  1656 2224 2335 2382 2456 2406 2187 1618  1 1 1 0.00 0 0 1.00 0 0 0 11.34 
0.303 2 1 0 0 -0.0351 -0.0577 -0.0116 0.0000 0.000000 0.012826 0.0000 0 0.0000 0  1659 2199 2325 2380 2456 2403 2192 1602  1 1 1 0.00 0 0 1.00 0 0 0 11.34 
0.305 2 1 0 0 -0.0343 -0.0544 -0.0116 0.0000 0.000000 0.012562 0.0000 0 0.0000 0  1655 2193 2328 2383 2460 2402 2186 1608  1 1 1 0.00 0 0 1.00 0 0 0 11.34 
0.307 2 1 0 0 -0.0356 -0.0534 -0.0116 0.0000 0.000000 0.012280 0.0000 0 0.0000 0  1663 2210 2332 2382 2474 2408 2185 1606  1 1 1 0.00 0 0 1.00 0 0 0 11.34 
0.309 2 1 0 0 -0.0370 -0.0528 -0.0116 0.0000 0.000000 0.012006 0.0000 0 0.0000 0  1665 2206 2324 2380 2471 2409 2179 1593  1 1 1 0.00 0 0 1.00 0 0 0 11.34 
0.311 2 1 0 0 -0.0382 -0.0521 -0.0120 0.0000 0.000000 0.011758 0.0000 0 0.0000 0  1655 2208 2329 2379 2459 2405 2185 1582  1 1 1 0.00 0 0 1.00 0 0 0 11.34 
0.313 2 1 0 0 -0.0391 -0.0514 -0.0120 0.0000 0.000000 0.011547 0.0000 0 0.0000 0  1661 2206 2323 2381 2440 2406 2183 1594  1 1 1 0.00 0 0 1.00 0 0 0 11.34 
0.315 2 1 0 0 -0.0385 -0.0492 -0.0120 0.0000 0.000000 0.011341 0.0000 0 0.0000 0  1653 2204 2325 2380 2437 2400 2177 1587  1 1 1 0.00 0 0 1.00 0 0 0 11.34 
0.317 2 1 0 0 -0.0599 -0.0311 -0.0122 0.0000 -0.002591 0.011153 0.0000 0 0.0000 0  1653 2186 2327 2381 2436 2405 2178 1612  1 1 1 0.00 0 0 1.00 0 0 0 11.34 
0.319 2 1 0 0 -0.0611 -0.0339 -0.0122 0.0000 -0.002591 0.010963 0.0000 0 0.0000 0  1652 2185 2323 2377 2452 2399 2175 1597  1 1 1 0.00 0 0 1.00 0 0 0 11.34 
0.321 2 1 0 0 -0.0627 -0.0369 -0.0122 0.0000 -0.002591 0.010783 0.0000 0 0.0000 0  1646 2184 2318 2373 2447 2399 2181 1597  1 1 1 0.00 0 0 1.00 0 0 0 11.34 
0.323 2 1 0 0 -0.0605 -0.0360 -0.0122 0.0000 -0.002591 0.010667 0.0000 0 0.0000 0  1655 2195 2316 2376 2463 2390 2176 1602  1 1 1 0.00 0 0 1.00 0 0 0 11.34 
0.325 2 1 0 0 -0.0513 -0.0280 -0.0122 0.0000 -0.002591 0.010697 0.0000 0 0.0000 0  1650 2186 2314 2368 2452 2392 2171 1586  1 1 1 0.00 0 0 1.00 0 0 0 11.34 
0.327 2 1 0 0 -0.0452 -0.0230 -0.0122 0.0000 -0.002591 0.010683 0.0000 0 0.0000 0  1648 2189 2319 2373 2449 2400 2175 1594  1 1 1 0.00 0 0 1.00 0 0 0 11.34 
0.329 2 1 0 0 -0.0436 -0.0223 -0.0122 0.0000 -0.002591 0.010630 0.0000 0 0.0000 0  1654 2199 2322 2373 2451 2400 2176 1601  1 1 1 0.00 0 0 1.00 0 0 0 11.34 
0.331 2 1 0 0 -0.0411 -0.0207 -0.0122 0.0000 -0.002591 0.010687 0.0000 0 0.0000 0  1655 2194 2325 2376 2457 2400 2179 1598  1 1 1 0.00 0 0 1.00 0 0 0 11.35 
0.333 2 1 0 0 -0.0405 -0.0209 -0.0122 0.0000 -0.002591 0.010869 0.0000 0 0.0000 0  1654 2196 2322 2377 2452 2403 2182 1598  1 1 1 0.00 0 0 1.00 0 0 0 11.34 
0.335 2 1 0 0 -0.0401 -0.0211 -0.0122 0.0000 -0.002591 0.011155 0.0000 0 0.0000 0  1652 2191 2330 2378 2458 2401 2182 1600  1 1 1 0.00 0 0 1.00 0 0 0 11.34 
0.337 2 1 0 0 -0.0377 -0.0194 -0.0122 0.0000 -0.002591 0.011370 0.0000 0 0.0000 0  1658 2194 2327 2380 2458 2404 2184 1600  1 1 1 0.00 0 0 1.00 0 0 0 11.34 
0.339 2 1 0 0 -0.0392 -0.0214 -0.0122 0.0000 -0.002591 0.011409 0.0000 0 0.0000 0  1653 2193 2330 2381 2465 2408 2187 1603  1 1 1 0.00 0 0 1.00 0 0 0 11.34 
0.341 2 1 0 0 -0.0408 -0.0236 -0.0122 0.0000 -0.002591 0.011359 0.0000 0 0.0000 0  1658 2189 2313 2379 2460 2403 2183 1601  1 1 1 0.00 0 0 1.00 0 0 0 11.34 
0.343 2 1 0 0 -0.0391 -0.0223 -0.0122 0.0000 -0.002591 0.011356 0.0000 0 0.0000 0  1659 2202 2329 2383 2462 2398 2183 1604  1 1 1 0.00 0 0 1.00 0 0 0 11.34 
0.345 2 1 0 0 -0.0404 -0.0239 -0.0122 0.0000 -0.002591 0.011388 0.0000 0 0.0000 0  1661 2188 2329 2380 2460 2401 2182 1609  1 1 1 0.00 0 0 1.00 0 0 0 11.35 
0.347 2 1 0 0 -0.0397 -0.0237 -0.0122 0.0000 -0.002591 0.011412 0.0000 0 0.0000 0  1657 2199 2326 2381 2462 2402 2178 1602  1 1 1 0.00 0 0 1.00 0 0 0 11.35 
0.349 2 1 0 0 -0.0401 -0.0243 -0.0122 0.0000 -0.002591 0.011375 0.0000 0 0.0000 0  1653 2195 2326 2383 2460 2403 2189 1599  1 1 1 0.00 0 0 1.00 0 0 0 11.34 
0.351 2 1 0 0 -0.0421 -0.0267 -0.0122 0.0000 -0.002591 0.011287 0.0000 0 0.0000 0  1656 2199 2330 2379 2458 2403 2184 1602  1 1 1 0.00 0 0 1.00 0 0 0 11.34 
0.353 2 1 0 0 -0.0403 -0.0251 -0.0122 0.0000 -0.002591 0.011266 0.0000 0 0.0000 0  1655 2198 2301 2382 2456 2404 2183 1602  1 1 1 0.00 0 0 1.00 0 0 0 11.34 
0.355 2 1 0 0 -0.0401 -0.0251 -0.0122 0.0000 -0.002591 0.011237 0.0000 0 0.0000 0  1658 2191 2325 2385 2455 2406 2184 1590  1 1 1 0.00 0 0 1.00 0 0 0 11.34 
0.357 2 1 0 0 -0.0414 -0.0267 -0.0122 0.0000 -0.002591 0.011133 0.0000 0 0.0000 0  1658 2195 2317 2381 2461 2405 2180 1605  1 1 1 0.00 0 0 1.00 0 0 0 11.34 
0.359 2 1 0 0 -0.0407 -0.0261 -0.0122 0.0000 -0.002591 0.011017 0.0000 0 0.0000 0  1659 2196 2333 2383 2456 2417 2183 1597  1 1 1 0.00 0 0 1.00 0 0 0 11.34 
0.361 2 1 0 0 -0.0416 -0.0271 -0.0122 0.0000 -0.002591 0.010946 0.0000 0 0.0000 0  1649 2194 2330 2383 2456 2419 2180 1597  1 1 1 0.00 0 0 1.00 0 0 0 11.34 
0.363 2 1 0 0 -0.0417 -0.0274 -0.0122 0.0000 -0.002591 0.010887 0.0000 0 0.0000 0  1657 2194 2316 2381 2457 2391 2182 1597  1 1 1 0.00 0 0 1.00 0 0 0 11.34 
0.365 2 1 0 0 -0.0407 -0.0266 -0.0122 0.0000 -0.002591 0.010843 0.0000 0 0.0000 0  1656 2189 2320 2381 2456 2405 2180 1600  1 1 1 0.00 0 0 1.00 0 0 0 11.34 
0.367 2 1 0 0 -0.0404 -0.0263 -0.0122 0.0000 -0.002591 0.010785 0.0000 0 0.0000 0  1652 2196 2318 2377 2458 2404 2181 1602  1 1 1 0.00 0 0 1.00 0 0 0 11.34 
0.369 2 1 0 0 -0.0392 -0.0252 -0.0122 0.0000 -0.002591 0.010688 0.0000 0 0.0000 0  1650 2191 2325 2382 2455 2409 2181 1601  1 1 1 0.00 0 0 1.00 0 0 0 11.34 
0.371 2 1 0 0 -0.0382 -0.0243 -0.0122 0.0000 -0.002591 0.010615 0.0000 0 0.0000 0  1656 2189 2322 2379 2457 2404 2182 1597  1 1 1 0.00 0 0 1.00 0 0 0 11.34 
0.373 2 1 0 0 -0.0384 -0.0246 -0.0122 0.0000 -0.002591 0.010593 0.0000 0 0.0000 0  1650 2188 2322 2375 2454 2413 2178 1598  1 1 1 0.00 0 0 1.00 0 0 0 11.34 
0.375 2 1 0 0 -0.0387 -0.0250 -0.0122 0.0000 -0.002591 0.010575 0.0000 0 0.0000 0  1648 2191 2330 2374 2453 2396 2178 1596  1 1 1 0.00 0 0 1.00 0 0 0 11.34 
0.377 2 1 0 0 -0.0402 -0.0265 -0.0122 0.0000 -0.002591 0.010508 0.0000 0 0.0000 0  1654 2193 2326 2378 2454 2388 2176 1598  1 1 1 0.00 0 0 1.00 0 0 0 11.34 
0.379 2 1 0 0 -0.0413 -0.0276 -0.0122 0.0000 -0.002591 0.010371 0.0000 0 0.0000 0  1648 2190 2315 2376 2448 2410 2179 1598  1 1 1 0.00 0 0 1.00 0 0 0 11.34 
0.381 2 1 0 0 -0.0411 -0.0275 -0.0122 0.0000 -0.002591 0.010241 0.0000 0 0.0000 0  1655 2189 2310 2377 2450 2400 2176 1600  1 1 1 0.00 0 0 1.00 0 0 0 11.34 
0.383 2 1 0 0 -0.0431 -0.0295 -0.0122 0.0000 -0.002591 0.010089 0.0000 0 0.0000 0  1651 2185 2317 2370 2449 2393 2176 1593  1 1 1 0.00 0 0 1.00 0 0 0 11.34 
0.385 2 1 0 0 -0.0253 -0.0498 -0.0125 0.0000 0.000000 0.009908 0.0000 0 0.0000 0  1655 2188 2307 2372 2448 2384 2177 1596  1 1 1 0.00 0 0 1.00 0 0 0 11.34 
0.387 2 1 0 0 -0.0272 -0.0490 -0.0125 0.0000 0.000000 0.009717 0.0000 0 0.0000 0  1653 2177 2313 2379 2449 2395 2173 1585  1 1 1 0.00 0 0 1.00 0 0 0 11.34 
0.389 2 1 0 0 -0.0471 -0.0282 -0.0127 0.0000 -0.002591 0.009558 0.0000 0 0.0000 0  1651 2194 2310 2370 2450 2397 2175 1589  1 1 1 0.00 0 0 1.00 0 0 0 11.33 
0.391 2 1 0 0 -0.0457 -0.0273 -0.0127 0.0000 -0.002591 0.009452 0.0000 0 0.0000 0  1647 2186 2312 2373 2451 2400 2175 1593  1 1 1 0.00 0 0 1.00 0 0 0 11.34 
0.393 2 1 0 0 -0.0443 -0.0263 -0.0127 0.0000 -0.002591 0.009362 0.0000 0 0.0000 0  1643 2184 2317 2376 2448 2402 2180 1592  1 1 1 0.00 0 0 1.00 0 0 0 11.34 
0.395 2 1 0 0 -0.0439 -0.0263 -0.0127 0.0000 -0.002591 0.009247 0.0000 0 0.0000 0  1646 2183 2310 2375 2448 2393 2170 1591  1 1 1 0.00 0 0 1.00 0 0 0 11.34 
0.397 2 1 0 0 -0.0444 -0.0272 -0.0127 0.0000 -0.002591 0.009059 0.0000 0 0.0000 0  1654 2180 2313 2372 2448 2412 2170 1592  1 1 1 0.00 0 0 1.00 0 0 0 11.34 
0.399 2 1 0 0 -0.0456 -0.0288 -0.0127 0.0000 -0.002591 0.008836 0.0000 0 0.0000 0  1653 2183 2320 2374 2451 2405 2171 1592  1 1 1 0.00 0 0 1.00 0 0 0 11.34 
0.401 2 1 0 0 -0.0437 -0.0272 -0.0127 0.0000 -0.002591 0.008665 0.0000 0 0.0000 0  1646 2181 2318 2373 2448 2365 2176 1592  1 1 1 0.00 0 0 1.00 0 0 0 11.34 
0.403 2 1 0 0 -0.0406 -0.0244 -0.0127 0.0000 -0.002591 0.008612 0.0000 0 0.0000 0  1641 2177 2314 2373 2440 2387 2171 1588  1 1 1 0.00 0 0 1.00 0 0 0 11.34 
0.405 2 1 0 0 -0.0387 -0.0227 -0.0127 0.0000 -0.002591 0.008600 0.0000 0 0.0000 0  1638 2179 2306 2372 2448 2394 2169 1594  1 1 1 0.00 0 0 1.00 0 0 0 11.34 
0.407 2 1 0 0 -0.0367 -0.0209 -0.0127 0.0000 -0.002591 0.008609 0.0000 0 0.0000 0  1649 2182 2311 2366 2449 2413 2168 1590  1 1 1 0.00 0 0 1.00 0 0 0 11.35 
0.409 2 1 0 0 -0.0356 -0.0200 -0.0127 0.0000 -0.002591 0.008626 0.0000 0 0.0000 0  1647 2178 2305 2370 2443 2395 2170 1589  1 1 1 0.00 0 0 1.00 0 0 0 11.34 
0.411 2 1 0 0 -0.0361 -0.0207 -0.0127 0.0000 -0.002591 0.008639 0.0000 0 0.0000 0  1645 2177 2304 2371 2444 2364 2169 1593  1 1 1 0.00 0 0 1.00 0 0 0 11.35 
0.413 2 1 0 0 -0.0364 -0.0211 -0.0127 0.0000 -0.002591 0.008608 0.0000 0 0.0000 0  1648 2179 2308 2364 2443 2391 2169 1587  1 1 1 0.00 0 0 1.00 0 0 0 11.34 
0.415 2 1 0 0 -0.0382 -0.0230 -0.0127 0.0000 -0.002591 0.008494 0.0000 0 0.0000 0  1644 2177 2286 2370 2444 2388 2166 1589  1 1 1 0.00 0 0 1.00 0 0 0 11.34 
0.417 2 1 0 0 -0.0399 -0.0249 -0.0127 0.0000 -0.002591 0.008329 0.0000 0 0.0000 0  1648 2180 2312 2371 2443 2408 2175 1590  1 1 1 0.00 0 0 1.00 0 0 0 11.34 
0.419 2 1 0 0 -0.0409 -0.0259 -0.0127 0.0000 -0.002591 0.008187 0.0000 0 0.0000 0  1652 2184 2309 2365 2443 2391 2171 1588  1 1 1 0.00 0 0 1.00 0 0 0 11.34 
0.421 2 1 0 0 -0.0416 -0.0267 -0.0127 0.0000 -0.002591 0.008083 0.0000 0 0.0000 0  1653 2175 2310 2374 2442 2393 2167 1592  1 1 1 0.00 0 0 1.00 0 0 0 11.34 
0.423 2 1 0 0 -0.0433 -0.0285 -0.0127 0.0000 -0.002591 0.007934 0.0000 0 0.0000 0  1649 2172 2315 2368 2439 2398 2172 1591  1 1 1 0.00 0 0 1.00 0 0 0 11.34 
0.425 2 1 0 0 -0.0448 -0.0301 -0.0127 0.0000 -0.002591 0.007732 0.0000 0 0.0000 0  1649 2179 2324 2368 2440 2392 2167 1588  1 1 1 0.00 0 0 1.00 0 0 0 11.34 
0.427 2 1 0 0 -0.0458 -0.0311 -0.0127 0.0000 -0.002591 0.007510 0.0000 0 0.0000 0  1660 2172 2317 2370 2440 2358 2164 1592  1 1 1 0.00 0 0 1.00 0 0 0 11.33 
0.429 2 1 0 0 -0.0466 -0.0319 -0.0127 0.0000 -0.002591 0.007275 0.0000 0 0.0000 0  1645 2170 2298 2360 2435 2379 2157 1581  1 1 1 0.00 0 0 1.00 0 0 0 11.33 
0.431 2 1 0 0 -0.0473 -0.0327 -0.0127 0.0000 -0.002591 0.007042 0.0000 0 0.0000 0  1638 2169 2307 2359 2432 2380 2167 1587  1 1 1 0.00 0 0 1.00 0 0 0 11.33 
0.433 2 1 0 0 -0.0457 -0.0312 -0.0127 0.0000 -0.002591 0.006865 0.0000 0 0.0000 0  1644 2169 2310 2356 2435 2379 2160 1584  1 1 1 0.00 0 0 1.00 0 0 0 11.34 
0.435 2 1 0 0 -0.0431 -0.0285 -0.0127 0.0000 -0.002591 0.006800 0.0000 0 0.0000 0  1644 2166 2305 2356 2437 2379 2165 1589  1 1 1 0.00 0 0 1.00 0 0 0 11.34 
0.437 2 1 0 0 -0.0390 -0.0245 -0.0127 0.0000 -0.002591 0.006910 0.0000 0 0.0000 0  1628 2171 2301 2354 2435 2381 2166 1588  1 1 1 0.00 0 0 1.00 0 0 0 11.34 
0.439 2 1 0 0 -0.0334 -0.0188 -0.0127 0.0000 -0.002591 0.007159 0.0000 0 0.0000 0  1652 2169 2303 2362 2441 2383 2158 1587  1 1 1 0.00 0 0 1.00 0 0 0 11.34 
0.441 2 1 0 0 -0.0331 -0.0186 -0.0127 0.0000 -0.002591 0.007261 0.0000 0 0.0000 0  1640 2170 2304 2362 2437 2382 2164 1588  1 1 1 0.00 0 0 1.00 0 0 0 11.34 
0.443 2 1 0 0 -0.0364 -0.0219 -0.0127 0.0000 -0.002591 0.007187 0.0000 0 0.0000 0  1631 2171 2303 2362 2434 2390 2164 1586  1 1 1 0.00 0 0 1.00 0 0 0 11.35 
0.445 2 1 0 0 -0.0383 -0.0237 -0.0127 0.0000 -0.002591 0.007038 0.0000 0 0.0000 0  1640 2171 2303 2365 2435 2383 2164 1585  1 1 1 0.00 0 0 1.00 0 0 0 11.34 
0.447 2 1 0 0 -0.0408 -0.0262 -0.0127 0.0000 -0.002591 0.006892 0.0000 0 0.0000 0  1625 2175 2307 2364 2436 2384 2172 1586  1 1 1 0.00 0 0 1.00 0 0 0 11.34 
0.449 2 1 0 0 -0.0429 -0.0283 -0.0127 0.0000 -0.002591 0.006770 0.0000 0 0.0000 0  1643 2171 2303 2364 2434 2397 2163 1586  1 1 1 0.00 0 0 1.00 0 0 0 11.33 
0.451 2 1 0 0 -0.0423 -0.0278 -0.0127 0.0000 -0.002591 0.006680 0.0000 0 0.0000 0  1649 2167 2302 2360 2433 2381 2152 1580  1 1 1 0.00 0 0 1.00 0 0 0 11.33 
0.453 2 1 0 0 -0.0440 -0.0295 -0.0127 0.0000 -0.002591 0.006567 0.0000 0 0.0000 0  1646 2166 2301 2354 2432 2351 2152 1587  1 1 1 0.00 0 0 1.00 0 0 0 11.34 
0.455 2 1 0 0 -0.0468 -0.0322 -0.0127 0.0000 -0.002591 0.006342 0.0000 0 0.0000 0  1654 2167 2297 2359 2437 2353 2155 1580  1 1 1 0.00 0 0 1.00 0 0 0 11.33 
0.457 2 1 0 0 -0.0293 -0.0513 -0.0129 0.0000 0.000000 0.006120 0.0000 0 0.0000 0  1653 2163 2299 2358 2431 2383 2163 1585  1 1 1 0.00 0 0 1.00 0 0 0 11.34 
0.459 2 1 0 0 -0.0319 -0.0513 -0.0129 0.0000 0.000000 0.005893 0.0000 0 0.0000 0  1644 2165 2296 2359 2432 2394 2163 1577  1 1 1 0.00 0 0 1.00 0 0 0 11.34 
0.461 2 1 0 0 -0.0360 -0.0528 -0.0129 0.0000 0.000000 0.005622 0.0000 0 0.0000 0  1635 2164 2303 2360 2428 2388 2157 1579  1 1 1 0.00 0 0 1.00 0 0 0 11.33 
0.463 2 1 0 0 -0.0371 -0.0517 -0.0129 0.0000 0.000000 0.005349 0.0000 0 0.0000 0  1637 2161 2303 2353 2427 2387 2155 1579  1 1 1 0.00 0 0 1.00 0 0 0 11.33 
0.465 2 1 0 0 -0.0373 -0.0499 -0.0129 0.0000 0.000000 0.005130 0.0000 0 0.0000 0  1639 2159 2299 2360 2425 2362 2156 1582  1 1 1 0.00 0 0 1.00 0 0 0 11.33 
0.467 2 1 0 0 -0.0381 -0.0489 -0.0129 0.0000 0.000000 0.004983 0.0000 0 0.0000 0  1629 2161 2293 2353 2426 2367 2143 1580  1 1 1 0.00 0 0 1.00 0 0 0 11.33 
0.469 2 1 0 0 -0.0566 -0.0276 -0.0131 0.0000 -0.002591 0.004876 0.0000 0 0.0000 0  1626 2161 2277 2348 2427 2372 2152 1581  1 1 1 0.00 0 0 1.00 0 0 0 11.33 
0.471 2 1 0 0 -0.0563 -0.0287 -0.0131 0.0000 -0.002591 0.004764 0.0000 0 0.0000 0  1646 2159 2292 2370 2426 2372 2153 1579  1 1 1 0.00 0 0 1.00 0 0 0 11.33 
0.473 2 1 0 0 -0.0575 -0.0311 -0.0131 0.0000 -0.002591 0.004538 0.0000 0 0.0000 0  1640 2161 2294 2361 2422 2373 2153 1577  1 1 1 0.00 0 0 1.00 0 0 0 11.33 
0.475 2 1 0 0 -0.0588 -0.0335 -0.0131 0.0000 -0.002591 0.004297 0.0000 0 0.0000 0  1634 2158 2289 2356 2423 2371 2152 1576  1 1 1 0.00 0 0 1.00 0 0 0 11.33 
0.477 2 1 0 0 -0.0570 -0.0327 -0.0131 0.0000 -0.002591 0.004117 0.0000 0 0.0000 0  1630 2155 2294 2347 2422 2373 2154 1579  1 1 1 0.00 0 0 1.00 0 0 0 11.33 
0.479 2 1 0 0 -0.0559 -0.0324 -0.0131 0.0000 -0.002591 0.004014 0.0000 0 0.0000 0  1643 2160 2292 2339 2421 2374 2149 1575  1 1 1 0.00 0 0 1.00 0 0 0 11.33 
0.481 2 1 0 0 -0.0538 -0.0312 -0.0131 0.0000 -0.002591 0.003978 0.0000 0 0.0000 0  1634 2155 2286 2359 2424 2364 2145 1577  1 1 1 0.00 0 0 1.00 0 0 0 11.33 
0.483 2 1 0 0 -0.0478 -0.0258 -0.0131 0.0000 -0.002591 0.004086 0.0000 0 0.0000 0  1615 2151 2296 2352 2418 2368 2141 1574  1 1 1 0.00 0 0 1.00 0 0 0 11.33 
0.485 2 1 0 0 -0.0439 -0.0227 -0.0131 0.0000 -0.002591 0.004233 0.0000 0 0.0000 0  1613 2157 2288 2368 2421 2372 2166 1573  1 1 1 0.00 0 0 1.00 0 0 0 11.34 
0.487 2 1 0 0 -0.0458 -0.0251 -0.0131 0.0000 -0.002591 0.004226 0.0000 0 0.0000 0  1627 2158 2287 2342 2428 2367 2144 1578  1 1 1 0.00 0 0 1.00 0 0 0 11.34 
0.489 2 1 0 0 -0.0461 -0.0260 -0.0131 0.0000 -0.002591 0.004207 0.0000 0 0.0000 0  1634 2156 2294 2342 2422 2369 2183 1578  1 1 1 0.00 0 0 1.00 0 0 0 11.34 
0.491 2 1 0 0 -0.0473 -0.0276 -0.0131 0.0000 -0.002591 0.004194 0.0000 0 0.0000 0  1615 2157 2289 2349 2420 2367 2153 1575  1 1 1 0.00 0 0 1.00 0 0 0 11.34 
0.493 2 1 0 0 -0.0487 -0.0294 -0.0131 0.0000 -0.002591 0.004164 0.0000 0 0.0000 0  1622 2152 2288 2367 2423 2367 2151 1579  1 1 1 0.00 0 0 1.00 0 0 0 11.33 
0.495 2 1 0 0 -0.0490 -0.0301 -0.0131 0.0000 -0.002591 0.004087 0.0000 0 0.0000 0  1628 2155 2290 2360 2417 2368 2169 1577  1 1 1 0.00 0 0 1.00 0 0 0 11.34 
0.497 2 1 0 0 -0.0508 -0.0323 -0.0131 0.0000 -0.002591 0.003951 0.0000 0 0.0000 0  1665 2168 2297 2358 2427 2373 2160 1557  1 1 1 0.00 0 0 1.00 0 0 0 11.34 
0.499 2 1 0 0 -0.0516 -0.0333 -0.0131 0.0000 -0.002591 0.003860 0.0000 0 0.0000 0  1615 2158 2289 2366 2423 2366 2158 1574  1 1 1 0.00 0 0 1.00 0 0 0 11.34 
0.501 2 1 0 0 -0.0510 -0.0330 -0.0131 0.0000 -0.002591 0.003822 0.0000 0 0.0000 0  1632 2165 2288 2354 2419 2363 2138 1574  1 1 1 0.00 0 0 1.00 0 0 0 11.34 
0.503 2 1 0 0 -0.0522 -0.0345 -0.0131 0.0000 -0.002591 0.003767 0.0000 0 0.0000 0  1629 2155 2286 2340 2419 2371 2158 1570  1 1 1 0.00 0 0 1.00 0 0 0 11.34 
0.505 2 1 0 0 -0.0538 -0.0362 -0.0131 0.0000 -0.002591 0.003630 0.0000 0 0.0000 0  1632 2152 2284 2338 2419 2370 2149 1570  1 1 1 0.00 0 0 1.00 0 0 0 11.34 
0.507 2 1 0 0 -0.0541 -0.0368 -0.0131 0.0000 -0.002591 0.003483 0.0000 0 0.0000 0  1623 2154 2288 2342 2420 2370 2145 1576  1 1 1 0.00 0 0 1.00 0 0 0 11.34 
0.509 2 1 0 0 -0.0555 -0.0383 -0.0131 0.0000 -0.002591 0.003351 0.0000 0 0.0000 0  1607 2158 2283 2347 2418 2371 2156 1572  1 1 1 0.00 0 0 1.00 0 0 0 11.34 
0.511 2 1 0 0 -0.0561 -0.0390 -0.0131 0.0000 -0.002591 0.003235 0.0000 0 0.0000 0  1618 2153 2281 2338 2415 2368 2140 1573  1 1 1 0.00 0 0 1.00 0 0 0 11.34 
0.513 2 1 0 0 -0.0565 -0.0395 -0.0131 0.0000 -0.002591 0.003107 0.0000 0 0.0000 0  1611 2153 2286 2352 2412 2369 2139 1569  1 1 1 0.00 0 0 1.00 0 0 0 11.34 
0.515 2 1 0 0 -0.0569 -0.0401 -0.0131 0.0000 -0.002591 0.002955 0.0000 0 0.0000 0  1614 2151 2281 2345 2416 2370 2149 1568  1 1 1 0.00 0 0 1.00 0 0 0 11.34 
0.517 2 1 0 0 -0.0559 -0.0392 -0.0131 0.0000 -0.002591 0.002827 0.0000 0 0.0000 0  1621 2154 2278 2335 2417 2364 2136 1570  1 1 1 0.00 0 0 1.00 0 0 0 11.34 
0.519 2 1 0 0 -0.0560 -0.0394 -0.0131 0.0000 -0.002591 0.002740 0.0000 0 0.0000 0  1615 2148 2281 2351 2411 2368 2160 1572  1 1 1 0.00 0 0 1.00 0 0 0 11.33 
0.521 2 1 0 0 -0.0367 -0.0582 -0.0133 0.0000 0.000000 0.002659 0.0000 0 0.0000 0  1618 2146 2272 2332 2411 2360 2183 1568  1 1 1 0.00 0 0 1.00 0 0 0 11.33 
0.523 2 1 0 0 -0.0376 -0.0564 -0.0133 0.0000 0.000000 0.002548 0.0000 0 0.0000 0  1608 2147 2275 2347 2411 2360 2143 1570  1 1 1 0.00 0 0 1.00 0 0 0 11.33 
0.525 2 1 0 0 -0.0388 -0.0551 -0.0133 0.0000 0.000000 0.002446 0.0000 0 0.0000 0  1619 2145 2277 2343 2411 2360 2145 1569  1 1 1 0.00 0 0 1.00 0 0 0 11.33 
0.527 2 1 0 0 -0.0394 -0.0534 -0.0133 0.0000 0.000000 0.002389 0.0000 0 0.0000 0  1618 2144 2276 2365 2415 2360 2122 1569  1 1 1 0.00 0 0 1.00 0 0 0 11.33 
0.529 2 1 0 0 -0.0605 -0.0343 -0.0135 0.0000 -0.002591 0.002356 0.0000 0 0.0000 0  1610 2145 2278 2342 2417 2359 2164 1572  1 1 1 0.00 0 0 1.00 0 0 0 11.32 
0.531 2 1 0 0 -0.0619 -0.0367 -0.0135 0.0000 -0.002591 0.002256 0.0000 0 0.0000 0  1624 2141 2269 2326 2409 2350 2144 1561  1 1 1 0.00 0 0 1.00 0 0 0 11.34 
0.533 2 1 0 0 -0.0638 -0.0395 -0.0135 0.0000 -0.002591 0.002059 0.0000 0 0.0000 0  1607 2147 2274 2337 2408 2357 2132 1567  1 1 1 0.00 0 0 1.00 0 0 0 11.34 
0.535 2 1 0 0 -0.0643 -0.0408 -0.0135 0.0000 -0.002591 0.001830 0.0000 0 0.0000 0  1620 2152 2275 2340 2411 2360 2138 1566  1 1 1 0.00 0 0 1.00 0 0 0 11.34 
0.537 2 1 0 0 -0.0607 -0.0379 -0.0135 0.0000 -0.002591 0.001717 0.0000 0 0.0000 0  1610 2158 2274 2342 2409 2359 2153 1570  1 1 1 0.00 0 0 1.00 0 0 0 11.34 
0.539 2 1 0 0 -0.0611 -0.0390 -0.0135 0.0000 -0.002591 0.001541 0.0000 0 0.0000 0  1607 2148 2276 2332 2413 2363 2131 1567  1 1 1 0.00 0 0 1.00 0 0 0 11.34 
0.541 2 1 0 0 -0.0637 -0.0421 -0.0135 0.0000 -0.002591 0.001336 0.0000 0 0.0000 0  1611 2145 2273 2336 2410 2357 2141 1564  1 1 1 0.00 0 0 1.00 0 0 0 11.34 
0.543 2 1 0 0 -0.0608 -0.0398 -0.0135 0.0000 -0.002591 0.001297 0.0000 0 0.0000 0  1603 2143 2275 2353 2411 2363 2137 1565  1 1 1 0.00 0 0 1.00 0 0 0 11.34 
0.545 2 1 0 0 -0.0574 -0.0368 -0.0135 0.0000 -0.002591 0.001472 0.0000 0 0.0000 0  1612 2154 2276 2340 2408 2359 2145 1567  1 1 1 0.00 0 0 1.00 0 0 0 11.34 
0.547 2 1 0 0 -0.0536 -0.0334 -0.0135 0.0000 -0.002591 0.001781 0.0000 0 0.0000 0  1624 2141 2274 2341 2412 2358 2148 1565  1 1 1 0.00 0 0 1.00 0 0 0 11.34 
0.549 2 1 0 0 -0.0504 -0.0305 -0.0135 0.0000 -0.002591 0.002006 0.0000 0 0.0000 0  1615 2147 2278 2342 2414 2367 2156 1566  1 1 1 0.00 0 0 1.00 0 0 0 11.33 
0.551 2 1 0 0 -0.0509 -0.0314 -0.0135 0.0000 -0.002591 0.002117 0.0000 0 0.0000 0  1616 2146 2276 2349 2408 2359 2144 1563  1 1 1 0.00 0 0 1.00 0 0 0 11.34 
0.553 2 1 0 0 -0.0516 -0.0324 -0.0135 0.0000 -0.002591 0.002171 0.0000 0 0.0000 0  1613 2140 2271 2354 2401 2359 2143 1569  1 1 1 0.00 0 0 1.00 0 0 0 11.34 
0.555 2 1 0 0 -0.0329 -0.0521 -0.0137 0.0000 0.000000 0.002203 0.0000 0 0.0000 0  1614 2137 2272 2363 2411 2356 2133 1566  1 1 1 0.00 0 0 1.00 0 0 0 11.34 
0.557 2 1 0 0 -0.0374 -0.0540 -0.0137 0.0000 0.000000 0.002198 0.0000 0 0.0000 0  1617 2148 2273 2332 2414 2362 2148 1569  1 1 1 0.00 0 0 1.00 0 0 0 11.33 
0.559 2 1 0 0 -0.0386 -0.0528 -0.0137 0.0000 0.000000 0.002180 0.0000 0 0.0000 0  1616 2146 2274 2343 2413 2360 2140 1568  1 1 1 0.00 0 0 1.00 0 0 0 11.33 
0.561 2 1 0 0 -0.0399 -0.0520 -0.0137 0.0000 0.000000 0.002182 0.0000 0 0.0000 0  1611 2142 2274 2358 2407 2362 2152 1567  1 1 1 0.00 0 0 1.00 0 0 0 11.33 
0.563 2 1 0 0 -0.0423 -0.0525 -0.0137 0.0000 0.000000 0.002213 0.0000 0 0.0000 0  1618 2142 2274 2352 2418 2362 2132 1567  1 1 1 0.00 0 0 1.00 0 0 0 11.34 
0.565 2 1 0 0 -0.0438 -0.0523 -0.0137 0.0000 0.000000 0.002235 0.0000 0 0.0000 0  1619 2141 2273 2352 2407 2357 2126 1567  1 1 1 0.00 0 0 1.00 0 0 0 11.34 
0.567 2 1 0 0 -0.0473 -0.0542 -0.0137 0.0000 0.000000 0.002132 0.0000 0 0.0000 0  1623 2136 2277 2347 2413 2363 2136 1572  1 1 1 0.00 0 0 1.00 0 0 0 11.34 
0.569 2 1 0 0 -0.0515 -0.0570 -0.0137 0.0000 0.000000 0.001905 0.0000 0 0.0000 0  1642 2129 2269 2338 2403 2357 2127 1571  1 1 1 0.00 0 0 1.00 0 0 0 11.34 
0.571 2 1 0 0 -0.0690 -0.0351 -0.0139 0.0000 -0.002591 0.001755 0.0000 0 0.0000 0  1626 2143 2271 2330 2410 2359 2148 1571  1 1 1 0.00 0 0 1.00 0 0 0 11.34 
0.573 2 1 0 0 -0.0621 -0.0298 -0.0139 0.0000 -0.002591 0.001721 0.0000 0 0.0000 0  1615 2139 2271 2342 2413 2365 2148 1568  1 1 1 0.00 0 0 1.00 0 0 0 11.34 
0.575 2 1 0 0 -0.0602 -0.0294 -0.0139 0.0000 -0.002591 0.001640 0.0000 0 0.0000 0  1611 2143 2274 2342 2405 2360 2144 1566  1 1 1 0.00 0 0 1.00 0 0 0 11.34 
0.577 2 1 0 0 -0.0593 -0.0299 -0.0139 0.0000 -0.002591 0.001554 0.0000 0 0.0000 0  1614 2154 2274 2338 2410 2362 2143 1570  1 1 1 0.00 0 0 1.00 0 0 0 11.34 
0.579 2 1 0 0 -0.0600 -0.0318 -0.0139 0.0000 -0.002591 0.001506 0.0000 0 0.0000 0  1618 2152 2274 2344 2413 2366 2122 1566  1 1 1 0.00 0 0 1.00 0 0 0 11.34 
0.581 2 1 0 0 -0.0427 -0.0523 -0.0141 0.0000 0.000000 0.001522 0.0000 0 0.0000 0  1618 2145 2272 2341 2415 2356 2148 1570  1 1 1 0.00 0 0 1.00 0 0 0 11.34 
0.583 2 1 0 0 -0.0171 -0.0617 -0.0139 0.0000 0.002591 0.001676 0.0000 0 0.0000 0  1609 2141 2273 2345 2415 2365 2142 1569  1 1 1 0.00 0 0 1.00 0 0 0 11.34 
0.585 2 1 0 0 -0.0340 -0.0362 -0.0141 0.0000 0.000000 0.001970 0.0000 0 0.0000 0  1611 2145 2276 2352 2411 2363 2161 1572  1 1 1 0.00 0 0 1.00 0 0 0 11.34 
0.587 2 1 0 0 -0.0315 -0.0327 -0.0141 0.0000 0.000000 0.002441 0.0000 0 0.0000 0  1616 2135 2275 2347 2421 2364 2143 1579  1 1 1 0.00 0 0 1.00 0 0 0 11.34 
0.589 2 1 0 0 -0.0294 -0.0297 -0.0141 0.0000 0.000000 0.002965 0.0000 0 0.0000 0  1618 2140 2282 2347 2424 2365 2149 1589  1 1 1 0.00 0 0 1.00 0 0 0 11.33 
0.591 2 1 0 0 -0.0313 -0.0308 -0.0141 0.0000 0.000000 0.003317 0.0000 0 0.0000 0  1613 2146 2275 2347 2421 2367 2140 1569  1 1 1 0.00 0 0 1.00 0 0 0 11.34 
0.593 2 1 0 0 -0.0352 -0.0339 -0.0141 0.0000 0.000000 0.003384 0.0000 0 0.0000 0  1619 2149 2276 2346 2420 2365 2145 1579  1 1 1 0.00 0 0 1.00 0 0 0 11.34 
0.595 2 1 0 0 -0.0393 -0.0374 -0.0141 0.0000 0.000000 0.003306 0.0000 0 0.0000 0  1617 2153 2278 2345 2424 2370 2149 1575  1 1 1 0.00 0 0 1.00 0 0 0 11.34 
0.597 2 1 0 0 -0.0443 -0.0418 -0.0141 0.0000 0.000000 0.003224 0.0000 0 0.0000 0  1620 2150 2277 2344 2420 2367 2150 1575  1 1 1 0.00 0 0 1.00 0 0 0 11.34 
0.599 2 1 0 0 -0.0457 -0.0426 -0.0141 0.0000 0.000000 0.003258 0.0000 0 0.0000 0  1627 2153 2284 2357 2461 2375 2103 1545  1 1 1 0.00 0 0 1.00 0 0 0 11.34 
0.601 2 1 0 0 -0.0449 -0.0413 -0.0141 0.0000 0.000000 0.003429 0.0000 0 0.0000 0  1584 2122 2288 2363 2435 2380 2157 1590  1 1 1 0.00 0 0 1.00 0 0 0 11.34 
0.603 2 1 0 0 -0.0248 -0.0575 -0.0139 0.0000 0.002591 0.003481 0.0000 0 0.0000 0  1615 2156 2272 2344 2409 2367 2162 1576  1 1 1 0.00 0 0 1.00 0 0 0 11.34 
0.605 2 1 0 0 -0.0264 -0.0559 -0.0139 0.0000 0.002591 0.003415 0.0000 0 0.0000 0  1622 2155 2270 2356 2421 2366 2152 1576  1 1 1 0.00 0 0 1.00 0 0 0 11.34 
0.607 2 1 0 0 -0.0486 -0.0372 -0.0141 0.0000 0.000000 0.003293 0.0000 0 0.0000 0  1619 2135 2279 2358 2433 2368 2142 1575  1 1 1 0.00 0 0 1.00 0 0 0 11.34 
0.609 2 1 0 0 -0.0539 -0.0428 -0.0141 0.0000 0.000000 0.003117 0.0000 0 0.0000 0  1614 2131 2276 2351 2412 2371 2149 1597  1 1 1 0.00 0 0 1.00 0 0 0 11.34 
0.611 2 1 0 0 -0.0571 -0.0463 -0.0141 0.0000 0.000000 0.002934 0.0000 0 0.0000 0  1613 2145 2275 2347 2421 2369 2139 1573  1 1 1 0.00 0 0 1.00 0 0 0 11.34 
0.613 2 1 0 0 -0.0586 -0.0481 -0.0141 0.0000 0.000000 0.002764 0.0000 0 0.0000 0  1617 2149 2273 2347 2420 2363 2147 1559  1 1 1 0.00 0 0 1.00 0 0 0 11.34 
0.615 2 1 0 0 -0.0622 -0.0519 -0.0141 0.0000 0.000000 0.002562 0.0000 0 0.0000 0  1615 2139 2276 2349 2410 2363 2145 1598  1 1 1 0.00 0 0 1.00 0 0 0 11.34 
0.617 2 1 0 0 -0.0644 -0.0543 -0.0141 0.0000 0.000000 0.002306 0.0000 0 0.0000 0  1619 2137 2272 2343 2405 2363 2143 1570  1 1 1 0.00 0 0 1.00 0 0 0 11.34 
0.619 2 1 0 0 -0.0661 -0.0562 -0.0141 0.0000 0.000000 0.002046 0.0000 0 0.0000 0  1610 2139 2271 2345 2420 2363 2152 1577  1 1 1 0.00 0 0 1.00 0 0 0 11.34 
0.621 2 1 0 0 -0.0499 -0.0783 -0.0143 0.0000 0.002591 0.001730 0.0000 0 0.0000 0  1609 2140 2267 2336 2413 2363 2142 1581  1 1 1 0.00 0 0 1.00 0 0 0 11.34 
0.623 2 1 0 0 -0.0540 -0.0797 -0.0143 0.0000 0.002591 0.001383 0.0000 0 0.0000 0  1609 2153 2268 2342 2415 2361 2133 1570  1 1 1 0.00 0 0 1.00 0 0 0 11.34 
0.625 2 1 0 0 -0.0559 -0.0791 -0.0143 0.0000 0.002591 0.001021 0.0000 0 0.0000 0  1613 2156 2265 2346 2422 2365 2140 1568  1 1 1 0.00 0 0 1.00 0 0 0 11.34 
0.627 2 1 0 0 -0.0536 -0.0747 -0.0143 0.0000 0.002591 0.000815 0.0000 0 0.0000 0  1613 2151 2265 2342 2421 2366 2129 1552  1 1 1 0.00 0 0 1.00 0 0 0 11.33 
0.629 2 1 0 0 -0.0660 -0.0484 -0.0145 0.0000 0.000000 0.000913 0.0000 0 0.0000 0  1614 2158 2266 2335 2408 2361 2142 1582  1 1 1 0.00 0 0 1.00 0 0 0 11.34 
0.631 2 1 0 0 -0.0565 -0.0399 -0.0145 0.0000 0.000000 0.001328 0.0000 0 0.0000 0  1603 2142 2274 2340 2412 2366 2143 1571  1 1 1 0.00 0 0 1.00 0 0 0 11.34 
0.633 2 1 0 0 -0.0500 -0.0341 -0.0145 0.0000 0.000000 0.001900 0.0000 0 0.0000 0  1599 2111 2254 2329 2412 2352 2142 1568  1 1 1 0.00 0 0 1.00 0 0 0 11.33 
0.635 2 1 0 0 -0.0464 -0.0313 -0.0145 0.0000 0.000000 0.002204 0.0000 0 0.0000 0  1610 2119 2265 2335 2413 2358 2146 1569  1 1 1 0.00 0 0 1.00 0 0 0 11.34 
0.637 2 1 0 0 -0.0383 -0.0239 -0.0145 0.0000 0.000000 0.002492 0.0000 0 0.0000 0  1614 2138 2267 2341 2417 2362 2141 1570  1 1 1 0.00 0 0 1.00 0 0 0 11.34 
0.639 2 1 0 0 -0.0361 -0.0223 -0.0145 0.0000 0.000000 0.002732 0.0000 0 0.0000 0  1612 2139 2272 2340 2415 2365 2149 1573  1 1 1 0.00 0 0 1.00 0 0 0 11.34 
0.641 2 1 0 0 -0.0243 -0.0491 -0.0147 0.0000 0.002591 0.002745 0.0000 0 0.0000 0  1610 2145 2268 2344 2421 2369 2143 1576  1 1 1 0.00 0 0 1.00 0 0 0 11.34 
0.643 2 1 0 0 -0.0256 -0.0482 -0.0147 0.0000 0.002591 0.002790 0.0000 0 0.0000 0  1612 2168 2275 2345 2425 2370 2153 1575  1 1 1 0.00 0 0 1.00 0 0 0 11.34 
0.645 2 1 0 0 -0.0249 -0.0453 -0.0147 0.0000 0.002591 0.003045 0.0000 0 0.0000 0  1615 2148 2275 2348 2423 2366 2152 1578  1 1 1 0.00 0 0 1.00 0 0 0 11.34 
0.647 2 1 0 0 -0.0245 -0.0430 -0.0147 0.0000 0.002591 0.003463 0.0000 0 0.0000 0  1617 2152 2276 2350 2427 2372 2153 1577  1 1 1 0.00 0 0 1.00 0 0 0 11.34 
0.649 2 1 0 0 -0.0257 -0.0425 -0.0147 0.0000 0.002591 0.003789 0.0000 0 0.0000 0  1615 2147 2278 2347 2429 2374 2154 1575  1 1 1 0.00 0 0 1.00 0 0 0 11.34 
0.651 2 1 0 0 -0.0293 -0.0445 -0.0147 0.0000 0.002591 0.003887 0.0000 0 0.0000 0  1621 2147 2274 2348 2430 2378 2161 1578  1 1 1 0.00 0 0 1.00 0 0 0 11.34 
0.653 2 1 0 0 -0.0310 -0.0448 -0.0147 0.0000 0.002591 0.003941 0.0000 0 0.0000 0  1617 2145 2278 2356 2431 2376 2156 1586  1 1 1 0.00 0 0 1.00 0 0 0 11.34 
0.655 2 1 0 0 -0.0317 -0.0443 -0.0147 0.0000 0.002591 0.004003 0.0000 0 0.0000 0  1622 2148 2273 2350 2429 2372 2160 1579  1 1 1 0.00 0 0 1.00 0 0 0 11.34 
0.657 2 1 0 0 -0.0332 -0.0447 -0.0147 0.0000 0.002591 0.004087 0.0000 0 0.0000 0  1624 2157 2278 2356 2433 2379 2160 1580  1 1 1 0.00 0 0 1.00 0 0 0 11.34 
0.659 2 1 0 0 -0.0312 -0.0417 -0.0147 0.0000 0.002591 0.004229 0.0000 0 0.0000 0  1619 2154 2283 2353 2433 2376 2158 1572  1 1 1 0.00 0 0 1.00 0 0 0 11.34 
0.661 2 1 0 0 -0.0318 -0.0413 -0.0147 0.0000 0.002591 0.004385 0.0000 0 0.0000 0  1623 2152 2278 2353 2426 2377 2165 1583  1 1 1 0.00 0 0 1.00 0 0 0 11.34 
0.663 2 1 0 0 -0.0345 -0.0432 -0.0147 0.0000 0.002591 0.004436 0.0000 0 0.0000 0  1623 2160 2278 2353 2419 2378 2160 1583  1 1 1 0.00 0 0 1.00 0 0 0 11.34 
0.665 2 1 0 0 -0.0332 -0.0411 -0.0147 0.0000 0.002591 0.004481 0.0000 0 0.0000 0  1626 2147 2279 2354 2429 2383 2166 1591  1 1 1 0.00 0 0 1.00 0 0 0 11.34 
0.667 2 1 0 0 -0.0331 -0.0403 -0.0147 0.0000 0.002591 0.004552 0.0000 0 0.0000 0  1632 2143 2283 2358 2435 2384 2167 1580  1 1 1 0.00 0 0 1.00 0 0 0 11.34 
0.669 2 1 0 0 -0.0340 -0.0406 -0.0147 0.0000 0.002591 0.004562 0.0000 0 0.0000 0  1628 2156 2288 2354 2435 2382 2163 1585  1 1 1 0.00 0 0 1.00 0 0 0 11.34 
0.671 2 1 0 0 -0.0157 -0.0585 -0.0149 0.0000 0.005182 0.004580 0.0000 0 0.0000 0  1626 2172 2289 2356 2430 2382 2167 1586  1 1 1 0.00 0 0 1.00 0 0 0 11.34 
0.673 2 1 0 0 -0.0170 -0.0565 -0.0149 0.0000 0.005182 0.004640 0.0000 0 0.0000 0  1625 2136 2285 2360 2423 2389 2169 1596  1 1 1 0.00 0 0 1.00 0 0 0 11.34 
0.675 2 1 0 0 -0.0187 -0.0554 -0.0149 0.0000 0.005182 0.004681 0.0000 0 0.0000 0  1634 2136 2286 2353 2431 2385 2167 1579  1 1 1 0.00 0 0 1.00 0 0 0 11.34 
0.677 2 1 0 0 -0.0197 -0.0538 -0.0149 0.0000 0.005182 0.004717 0.0000 0 0.0000 0  1631 2156 2285 2358 2453 2385 2169 1592  1 1 1 0.00 0 0 1.00 0 0 0 11.34 
0.679 2 1 0 0 -0.0382 -0.0333 -0.0151 0.0000 0.002591 0.004742 0.0000 0 0.0000 0  1625 2153 2285 2359 2441 2386 2164 1593  1 1 1 0.00 0 0 1.00 0 0 0 11.35 
0.681 2 1 0 0 -0.0382 -0.0339 -0.0151 0.0000 0.002591 0.004742 0.0000 0 0.0000 0  1627 2157 2287 2352 2440 2384 2170 1592  1 1 1 0.00 0 0 1.00 0 0 0 11.34 
0.683 2 1 0 0 -0.0388 -0.0350 -0.0151 0.0000 0.002591 0.004721 0.0000 0 0.0000 0  1635 2157 2283 2354 2441 2385 2171 1587  1 1 1 0.00 0 0 1.00 0 0 0 11.35 
0.685 2 1 0 0 -0.0395 -0.0362 -0.0151 0.0000 0.002591 0.004703 0.0000 0 0.0000 0  1634 2159 2283 2357 2446 2388 2167 1589  1 1 1 0.00 0 0 1.00 0 0 0 11.34 
0.687 2 1 0 0 -0.0389 -0.0360 -0.0151 0.0000 0.002591 0.004711 0.0000 0 0.0000 0  1626 2158 2287 2363 2438 2388 2171 1589  1 1 1 0.00 0 0 1.00 0 0 0 11.34 
0.689 2 1 0 0 -0.0368 -0.0343 -0.0151 0.0000 0.002591 0.004729 0.0000 0 0.0000 0  1633 2154 2284 2361 2440 2384 2172 1593  1 1 1 0.00 0 0 1.00 0 0 0 11.34 
0.691 2 1 0 0 -0.0324 -0.0304 -0.0151 0.0000 0.002591 0.004805 0.0000 0 0.0000 0  1632 2151 2285 2358 2452 2385 2175 1595  1 1 1 0.00 0 0 1.00 0 0 0 11.35 
0.693 2 1 0 0 -0.0284 -0.0267 -0.0151 0.0000 0.002591 0.004866 0.0000 0 0.0000 0  1634 2158 2294 2361 2441 2389 2171 1594  1 1 1 0.00 0 0 1.00 0 0 0 11.34 
0.695 2 1 0 0 -0.0288 -0.0274 -0.0151 0.0000 0.002591 0.004885 0.0000 0 0.0000 0  1631 2158 2289 2362 2441 2393 2172 1594  1 1 1 0.00 0 0 1.00 0 0 0 11.34 
0.697 2 1 0 0 -0.0292 -0.0280 -0.0151 0.0000 0.002591 0.004940 0.0000 0 0.0000 0  1633 2162 2291 2368 2447 2392 2174 1595  1 1 1 0.00 0 0 1.00 0 0 0 11.34 
0.699 2 1 0 0 -0.0284 -0.0275 -0.0151 0.0000 0.002591 0.005091 0.0000 0 0.0000 0  1637 2158 2294 2364 2448 2388 2176 1598  1 1 1 0.00 0 0 1.00 0 0 0 11.34 
0.701 2 1 0 0 -0.0273 -0.0267 -0.0151 0.0000 0.002591 0.005343 0.0000 0 0.0000 0  1624 2180 2313 2373 2456 2398 2178 1608  1 1 1 0.00 0 0 1.00 0 0 0 11.34 
0.703 2 1 0 0 -0.0251 -0.0247 -0.0151 0.0000 0.002591 0.005535 0.0000 0 0.0000 0  1633 2164 2291 2367 2422 2396 2181 1598  1 1 1 0.00 0 0 1.00 0 0 0 11.34 
0.705 2 1 0 0 -0.0253 -0.0251 -0.0151 0.0000 0.002591 0.005636 0.0000 0 0.0000 0  1636 2170 2297 2366 2457 2401 2176 1595  1 1 1 0.00 0 0 1.00 0 0 0 11.34 
0.707 2 1 0 0 -0.0261 -0.0261 -0.0151 0.0000 0.002591 0.005707 0.0000 0 0.0000 0  1638 2167 2299 2374 2452 2395 2185 1599  1 1 1 0.00 0 0 1.00 0 0 0 11.34 
0.709 2 1 0 0 -0.0243 -0.0244 -0.0151 0.0000 0.002591 0.005851 0.0000 0 0.0000 0  1644 2165 2296 2370 2455 2398 2184 1598  1 1 1 0.00 0 0 1.00 0 0 0 11.34 
0.711 2 1 0 0 -0.0239 -0.0243 -0.0151 0.0000 0.002591 0.006047 0.0000 0 0.0000 0  1635 2166 2300 2366 2448 2401 2180 1597  1 1 1 0.00 0 0 1.00 0 0 0 11.34 
0.713 2 1 0 0 -0.0227 -0.0232 -0.0151 0.0000 0.002591 0.006235 0.0000 0 0.0000 0  1637 2167 2296 2367 2450 2405 2183 1599  1 1 1 0.00 0 0 1.00 0 0 0 11.34 
0.715 2 1 0 0 -0.0207 -0.0213 -0.0151 0.0000 0.002591 0.006418 0.0000 0 0.0000 0  1638 2170 2297 2370 2460 2403 2179 1602  1 1 1 0.00 0 0 1.00 0 0 0 11.34 
0.717 2 1 0 0 -0.0198 -0.0205 -0.0151 0.0000 0.002591 0.006599 0.0000 0 0.0000 0  1639 2174 2301 2374 2452 2406 2186 1601  1 1 1 0.00 0 0 1.00 0 0 0 11.34 
0.719 2 1 0 0 -0.0185 -0.0194 -0.0151 0.0000 0.002591 0.006801 0.0000 0 0.0000 0  1637 2170 2302 2371 2458 2408 2185 1607  1 1 1 0.00 0 0 1.00 0 0 0 11.34 
0.721 2 1 0 0 -0.0173 -0.0183 -0.0151 0.0000 0.002591 0.007018 0.0000 0 0.0000 0  1641 2171 2304 2373 2454 2407 2190 1603  1 1 1 0.00 0 0 1.00 0 0 0 11.34 
0.723 2 1 0 0 -0.0164 -0.0175 -0.0151 0.0000 0.002591 0.007228 0.0000 0 0.0000 0  1641 2173 2308 2372 2460 2411 2186 1603  1 1 1 0.00 0 0 1.00 0 0 0 11.34 
0.725 2 1 0 0 -0.0142 -0.0155 -0.0151 0.0000 0.002591 0.007435 0.0000 0 0.0000 0  1645 2174 2306 2377 2459 2410 2191 1604  1 1 1 0.00 0 0 1.00 0 0 0 11.34 
0.727 2 1 0 0 -0.0126 -0.0139 -0.0151 0.0000 0.002591 0.007664 0.0000 0 0.0000 0  1644 2174 2303 2377 2464 2406 2190 1608  1 1 1 0.00 0 0 1.00 0 0 0 11.34 
