%% logfile from robot Alma (11)
% Alma (11)
%  1    time 2.016 sec
%  2  3  4  5   (mission 0), state 2, entered (thread 1, line 1), events 0x0 (bit-flags)
%  6  7 Wheel velocity [m/s] left, right: -0.0017 -0.0018
%  8  9 10 11 Pose x,y,h,tilt [m,m,rad,rad]: -0.0450111 0.00332615 1.39698e-09 0.0184317
% 12 13 read sensor time [us]: 100 and ctrl time 390
% 14 23 ctrl bal pos, ref=2.5, m=0, m2=0, uf=0, r2=2.5, ep=4.5,up=2.26737, ui=0, u1=2.26737, u=1.5
2.016 2 1 1 0 -0.0017 -0.0018 -0.0450 0.0033 0.000000 0.018432 100 390 2.5 0 0 0 2.5 4.5 2.26737 0 2.26737 1.5 
2.056 2 1 1 0 -0.0015 -0.0015 -0.0450 0.0033 0.000000 0.025376 100 400 2.5 0 0 0 2.5 4.5 2.31157 0 2.31157 1.5 
2.096 2 1 1 0 -0.0013 -0.0013 -0.0450 0.0033 0.000000 0.034855 100 390 2.5 0 0 0 2.5 4.5 2.3549 0 2.3549 1.5 
2.136 2 1 1 0 -0.0011 -0.0012 -0.0450 0.0033 0.000000 0.047751 100 390 2.5 0 0 0 2.5 4.5 2.39737 0 2.39737 1.5 
2.176 2 1 1 0 -0.0010 -0.0010 -0.0450 0.0033 0.000000 0.065571 100 390 2.5 0 0 0 2.5 4.5 2.439 0 2.439 1.5 
2.216 2 1 1 0 0.0246 0.0187 -0.0442 0.0033 0.000000 0.086601 100 400 2.5 0.000803247 0.00588487 0 2.5 4.48941 2.47446 0 2.47446 1.5 
2.256 2 1 1 0 0.0737 0.0776 -0.0420 0.0033 0.002591 0.098209 100 420 2.5 0.00301218 0.0192114 0 2.5 4.46542 2.50224 0 2.50224 1.5 
2.296 2 1 1 0 0.1310 0.1108 -0.0380 0.0033 0.002591 0.104338 100 440 2.5 0.00702841 0.0402767 0 2.5 4.4275 2.52198 0 2.52198 1.5 
2.336 2 1 1 0 0.1555 0.1540 -0.0328 0.0034 0.002591 0.104072 100 440 2.5 0.0122495 0.0599979 0 2.5 4.392 2.54179 0 2.54179 1.5 
2.376 2 1 1 0 0.1867 0.1831 -0.0255 0.0034 0.002591 0.101308 100 430 2.5 0.0194787 0.0855193 0 2.5 4.34607 2.55519 0 2.55519 1.5 
2.416 2 1 1 0 0.2117 0.2524 -0.0169 0.0034 0.005182 0.094084 100 440 2.5 0.0281136 0.111499 0 2.5 4.2993 2.56703 0 2.56703 1.5 
2.456 2 1 1 0 0.2620 0.2852 -0.0069 0.0034 0.005182 0.085881 100 440 2.5 0.0381542 0.138432 0 2.5 4.25082 2.57685 0 2.57685 1.5 
2.496 2 1 1 0 0.2533 0.2932 0.0042 0.0035 0.002591 0.079516 100 440 2.5 0.0491989 0.16363 0 2.5 4.20547 2.58711 0 2.58711 1.5 
2.536 2 1 1 0 0.2968 0.3173 0.0158 0.0035 0.002591 0.071685 100 430 2.5 0.060846 0.184761 0 2.5 4.16743 2.59994 0 2.59994 1.5 
2.576 2 1 1 0 0.3336 0.3348 0.0287 0.0036 0.002591 0.065165 100 420 2.5 0.073698 0.209165 0 2.5 4.1235 2.60879 0 2.60879 1.5 
2.616 2 1 1 0 0.3451 0.3348 0.0423 0.0036 0.002591 0.058003 100 440 2.5 0.0873532 0.233568 0 2.5 4.07958 2.61662 0 2.61662 1.5 
2.656 2 1 1 0 0.3896 0.3491 0.0562 0.0037 0.005182 0.050087 100 440 2.5 0.101209 0.252844 0 2.5 4.04488 2.62806 0 2.62806 1.5 
2.696 2 1 1 0 0.3522 0.3864 0.0713 0.0038 0.007773 0.043887 100 440 2.5 0.11627 0.277854 0 2.5 3.99986 2.63337 0 2.63337 1.5 
2.736 2 1 1 0 0.4311 0.3911 0.0867 0.0039 0.005182 0.038932 100 440 2.5 0.131733 0.300064 0 2.5 3.95988 2.64024 0 2.64024 1.5 
2.776 2 1 1 0 0.4442 0.3771 0.1030 0.0040 0.007773 0.033825 100 450 2.5 0.147998 0.324664 0 2.5 3.91561 2.644 0 2.644 1.5 
2.816 2 1 1 0 0.4139 0.4196 0.1199 0.0041 0.002591 0.028543 100 440 2.5 0.164867 0.348898 0 2.5 3.87198 2.64715 0 2.64715 1.5 
2.856 2 1 1 0 0.4828 0.4619 0.1371 0.0041 0.002591 0.023160 100 440 2.5 0.182137 0.37189 0 2.5 3.8306 2.6505 0 2.6505 1.5 
2.896 2 1 1 0 0.4560 0.4483 0.1550 0.0042 0.000000 0.018148 100 430 2.5 0.200009 0.396261 0 2.5 3.78673 2.65171 0 2.65171 1.5 
2.936 2 1 1 0 0.4744 0.4794 0.1731 0.0042 0.000000 0.013801 100 410 2.5 0.218082 0.418064 0 2.5 3.74748 2.65436 0 2.65436 1.5 
2.976 2 1 1 0 0.4918 0.4517 0.1919 0.0042 0.000000 0.010318 100 410 2.5 0.236959 0.443432 0 2.5 3.70182 2.65292 0 2.65292 1.5 
3.016 2 1 1 0 0.5083 0.4813 0.2108 0.0042 0.000000 0.005670 100 410 2.5 0.255836 0.465389 0 2.5 3.6623 2.65372 0 2.65372 1.5 
3.056 2 1 1 0 0.5482 0.4704 0.2301 0.0042 0.000000 0.001563 100 400 2.5 0.275114 0.488344 0 2.5 3.62098 2.65281 0 2.65281 1.5 
3.096 2 1 1 0 0.4883 0.4900 0.2498 0.0042 0.000000 -0.001819 100 440 2.5 0.294793 0.512866 0 2.5 3.57684 2.6497 0 2.6497 1.5 
3.136 2 1 1 0 0.5148 0.5070 0.2695 0.0042 0.000000 -0.005486 100 440 2.5 0.314473 0.534874 0 2.5 3.53723 2.64806 0 2.64806 1.5 
3.176 2 1 1 0 0.4637 0.5038 0.2891 0.0042 0.000000 -0.009037 100 430 2.5 0.334152 0.555502 0 2.5 3.5001 2.64693 0 2.64693 1.5 
3.216 2 1 1 0 0.5200 0.4890 0.3092 0.0042 0.000000 -0.011544 100 400 2.5 0.354233 0.578196 0 2.5 3.45925 2.6432 0 2.6432 1.5 
3.256 2 1 1 0 0.5429 0.5422 0.3297 0.0042 0.000000 -0.013983 100 410 2.5 0.374715 0.602879 0 2.5 3.41482 2.63694 0 2.63694 1.5 
3.296 2 1 1 0 0.5270 0.4733 0.3500 0.0042 -0.002591 -0.016733 100 440 2.5 0.394997 0.623709 0 2.5 3.37732 2.63343 0 2.63343 1.5 
3.336 2 1 1 0 0.4757 0.4867 0.3705 0.0042 -0.002591 -0.019317 100 440 2.5 0.415479 0.645767 0 2.5 3.33762 2.62813 0 2.62813 1.5 
3.376 2 1 1 0 0.5042 0.4839 0.3909 0.0041 -0.002591 -0.020989 100 430 2.5 0.435962 0.667033 0 2.5 3.29934 2.62287 0 2.62287 1.5 
3.416 2 1 1 0 0.5094 0.5323 0.4114 0.0041 -0.002591 -0.021821 100 430 2.5 0.456445 0.687397 0 2.5 3.26269 2.61776 0 2.61776 1.5 
3.456 2 1 1 0 0.5068 0.5157 0.4317 0.0041 0.000000 -0.023570 100 400 2.5 0.476726 0.705993 0 2.5 3.22921 2.61362 0 2.61362 1.5 
3.496 2 1 1 0 0.5148 0.5175 0.4520 0.0041 0.002591 -0.026301 100 440 2.5 0.497008 0.72559 0 2.5 3.19394 2.608 0 2.608 1.5 
3.536 2 1 1 0 0.4792 0.4948 0.4723 0.0041 0.000000 -0.026088 100 410 2.5 0.517289 0.745578 0 2.5 3.15796 2.60143 0 2.60143 1.5 
3.576 2 1 1 0 0.5335 0.5278 0.4926 0.0042 0.002591 -0.026864 110 450 2.5 0.537571 0.765973 0 2.5 3.12125 2.59391 0 2.59391 1.5 
3.616 2 1 1 0 0.5145 0.5248 0.5128 0.0042 0.000000 -0.028525 100 400 2.5 0.557853 0.786165 0 2.5 3.0849 2.586 0 2.586 1.5 
3.656 2 1 1 0 0.5346 0.5274 0.5329 0.0042 0.000000 -0.029654 100 400 2.5 0.577934 0.805379 0 2.5 3.05032 2.57843 0 2.57843 1.5 
3.696 2 1 1 0 0.5267 0.4692 0.5530 0.0042 0.000000 -0.030446 100 440 2.5 0.598014 0.825021 0 2.5 3.01496 2.56994 0 2.56994 1.5 
3.736 2 1 1 0 0.4887 0.4646 0.5729 0.0041 -0.002591 -0.029734 100 440 2.5 0.617894 0.843115 0 2.5 2.98239 2.56231 0 2.56231 1.5 
3.776 2 1 1 0 0.4422 0.5198 0.5926 0.0041 -0.002591 -0.030555 100 440 2.5 0.637574 0.860243 0 2.5 2.95156 2.55504 0 2.55504 1.5 
3.816 2 1 1 0 0.4449 0.5016 0.6120 0.0041 0.000000 -0.029210 100 410 2.5 0.657052 0.87736 0 2.5 2.92075 2.54732 0 2.54732 1.5 
3.856 2 1 1 0 0.4399 0.4711 0.6315 0.0041 0.002591 -0.030174 100 440 2.5 0.67653 0.896265 0 2.5 2.88672 2.53754 0 2.53754 1.5 
3.896 2 1 1 0 0.4514 0.4856 0.6506 0.0041 0.000000 -0.029704 100 410 2.5 0.695607 0.912088 0 2.5 2.85824 2.53006 0 2.53006 1.5 
3.936 2 1 1 0 0.4501 0.5031 0.6697 0.0041 0.002591 -0.030307 100 440 2.5 0.714684 0.929558 0 2.5 2.8268 2.52065 0 2.52065 1.5 
3.976 2 1 1 0 0.5087 0.4920 0.6885 0.0042 0.002591 -0.030825 100 440 2.5 0.73356 0.946416 0 2.5 2.79645 2.51137 0 2.51137 1.5 
4.016 2 1 1 0 0.4938 0.4414 0.7076 0.0042 0.000000 -0.029764 100 440 2.5 0.752637 0.966666 0 2.5 2.76 2.49861 0 2.49861 1.5 
4.056 2 1 1 0 0.4243 0.4903 0.7261 0.0042 0.000000 -0.029806 100 410 2.5 0.771111 0.981622 0 2.5 2.73308 2.49019 0 2.49019 1.5 
4.096 2 1 1 0 0.4684 0.4340 0.7448 0.0041 -0.002591 -0.028720 100 440 2.5 0.789786 1.00003 0 2.5 2.69994 2.47827 0 2.47827 1.5 
4.136 2 1 1 0 0.3912 0.4388 0.7630 0.0041 0.000000 -0.029322 100 440 2.5 0.80806 1.01583 0 2.5 2.67151 2.4683 0 2.4683 1.5 
4.176 2 1 1 0 0.4784 0.4593 0.7811 0.0041 0.000000 -0.026266 100 410 2.5 0.826132 1.0315 0 2.5 2.6433 2.45809 0 2.45809 1.5 
4.216 2 1 1 0 0.4212 0.4781 0.7990 0.0041 -0.002591 -0.024662 100 440 2.5 0.844004 1.04681 0 2.5 2.61575 2.44784 0 2.44784 1.5 
4.256 2 1 1 0 0.4573 0.4310 0.8169 0.0041 0.000000 -0.024878 100 440 2.5 0.861876 1.06386 0 2.5 2.58505 2.43567 0 2.43567 1.5 
4.296 2 1 1 0 0.4326 0.4169 0.8343 0.0041 0.002591 -0.025499 100 440 2.5 0.879346 1.07861 0 2.5 2.5585 2.42523 0 2.42523 1.5 
4.336 2 1 1 0 0.4667 0.4778 0.8516 0.0041 0.002591 -0.023555 100 410 2.5 0.896616 1.09336 0 2.5 2.53196 2.41447 0 2.41447 1.5 
4.376 2 1 1 0 0.4362 0.4068 0.8689 0.0042 0.002591 -0.022420 100 430 2.5 0.913885 1.1092 0 2.5 2.50345 2.4024 0 2.4024 1.5 
4.416 2 1 1 0 0.4238 0.4218 0.8859 0.0042 0.000000 -0.021913 100 400 2.5 0.930954 1.12394 0 2.5 2.47691 2.39098 0 2.39098 1.5 
4.456 2 1 1 0 0.4616 0.4250 0.9032 0.0042 0.000000 -0.022670 100 400 2.5 0.948224 1.1415 0 2.5 2.44531 2.37671 0 2.37671 1.5 
4.496 2 1 1 0 0.3991 0.4492 0.9201 0.0042 0.000000 -0.021545 100 400 2.5 0.965091 1.15667 0 2.5 2.41799 2.36428 0 2.36428 1.5 
4.536 2 1 1 0 0.4585 0.4060 0.9367 0.0041 -0.002591 -0.019325 100 440 2.5 0.981759 1.17114 0 2.5 2.39196 2.3522 0 2.3522 1.5 
4.576 2 1 1 0 0.4560 0.4210 0.9536 0.0041 -0.002591 -0.018641 100 440 2.5 0.998626 1.1884 0 2.5 2.36087 2.3373 0 2.3373 1.5 
4.616 2 1 1 0 0.3753 0.4321 0.9701 0.0041 -0.002591 -0.017575 100 440 2.5 1.01509 1.20286 0 2.5 2.33485 2.32464 0 2.32464 1.5 
4.656 2 1 1 0 0.4152 0.3807 0.9859 0.0041 0.000000 -0.016457 100 440 2.5 1.03096 1.21375 0 2.5 2.31526 2.31496 0 2.31496 1.5 
4.696 2 1 1 0 0.3661 0.4082 1.0022 0.0041 0.002591 -0.015441 100 440 2.5 1.04722 1.22985 0 2.5 2.28626 2.30032 0 2.30032 1.5 
4.736 2 1 1 0 0.3716 0.4293 1.0183 0.0041 0.002591 -0.015594 100 440 2.5 1.06329 1.24567 0 2.5 2.25779 2.28569 0 2.28569 1.5 
4.776 2 1 1 0 0.3655 0.4337 1.0339 0.0041 0.002591 -0.014968 100 450 2.5 1.07895 1.25812 0 2.5 2.23539 2.27384 0 2.27384 1.5 
4.816 2 1 1 0 0.3671 0.3977 1.0500 0.0042 0.002591 -0.013706 100 440 2.5 1.09502 1.27537 0 2.5 2.20434 2.2574 0 2.2574 1.5 
4.856 2 1 1 0 0.3678 0.3750 1.0655 0.0042 0.000000 -0.012866 100 440 2.5 1.11048 1.28744 0 2.5 2.18261 2.24539 0 2.24539 1.5 
4.896 2 1 1 0 0.3457 0.3663 1.0811 0.0042 0.000000 -0.012384 100 400 2.5 1.12614 1.30251 0 2.5 2.15548 2.23044 0 2.23044 1.5 
4.936 2 1 1 0 0.3897 0.4280 1.0968 0.0042 0.000000 -0.010397 100 400 2.5 1.1418 1.31836 0 2.5 2.12695 2.21456 0 2.21456 1.5 
4.976 2 1 1 0 0.3979 0.3605 1.1125 0.0042 -0.005182 -0.009946 100 450 2.5 1.15747 1.33389 0 2.5 2.09899 2.19871 0 2.19871 1.5 
5.016 2 1 1 0 0.3824 0.3935 1.1279 0.0041 -0.002591 -0.009647 100 440 2.5 1.17293 1.34778 0 2.5 2.07399 2.1841 0 2.1841 1.5 
5.056 2 1 1 0 0.3741 0.3946 1.1434 0.0041 0.000000 -0.009113 100 400 2.5 1.18839 1.3625 0 2.5 2.0475 2.16854 0 2.16854 1.5 
5.096 2 1 1 0 0.3746 0.4031 1.1586 0.0041 0.000000 -0.007840 100 400 2.5 1.20365 1.37668 0 2.5 2.02198 2.15326 0 2.15326 1.5 
5.136 2 1 1 0 0.3559 0.4201 1.1737 0.0041 0.002591 -0.006688 100 450 2.5 1.21872 1.3897 0 2.5 1.99854 2.13883 0 2.13883 1.5 
5.176 2 1 1 0 0.3098 0.3799 1.1890 0.0041 0.002591 -0.005651 100 440 2.5 1.23398 1.40515 0 2.5 1.97072 2.12199 0 2.12199 1.5 
5.216 2 1 1 0 0.3976 0.3744 1.2038 0.0042 0.002591 -0.008122 100 440 2.5 1.24884 1.41768 0 2.5 1.94818 2.10761 0 2.10761 1.5 
5.256 2 1 1 0 0.4067 0.4035 1.2191 0.0042 0.002591 -0.007180 110 450 2.5 1.2641 1.43469 0 2.5 1.91757 2.089 0 2.089 1.5 
5.296 2 1 1 0 0.3565 0.3760 1.2337 0.0043 0.000000 -0.005809 100 410 2.5 1.27876 1.44675 0 2.5 1.89586 2.07466 0 2.07466 1.5 
5.336 2 1 1 0 0.4204 0.3447 1.2486 0.0043 0.000000 -0.005786 100 390 2.5 1.29362 1.46108 0 2.5 1.87006 2.05809 0 2.05809 1.5 
5.376 2 1 1 0 0.3832 0.3432 1.2637 0.0043 -0.002591 -0.004673 100 420 2.5 1.30868 1.47741 0 2.5 1.84066 2.03953 0 2.03953 1.5 
5.416 2 1 1 0 0.3619 0.3814 1.2785 0.0043 -0.002591 -0.004300 100 440 2.5 1.32354 1.49201 0 2.5 1.81438 2.02234 0 2.02234 1.5 
5.456 2 1 1 0 0.3571 0.3643 1.2930 0.0042 -0.002591 -0.004471 100 440 2.5 1.338 1.50336 0 2.5 1.79395 2.00791 0 2.00791 1.5 
5.496 2 1 1 0 0.4191 0.3909 1.3078 0.0042 -0.002591 -0.003707 100 430 2.5 1.35286 1.51931 0 2.5 1.76524 1.98918 0 1.98918 1.5 
5.536 2 1 1 0 0.3842 0.3810 1.3225 0.0042 0.000000 -0.002421 100 410 2.5 1.36752 1.53321 0 2.5 1.74022 1.97211 0 1.97211 1.5 
5.576 2 1 1 0 0.3782 0.3680 1.3372 0.0041 -0.002591 -0.000238 100 430 2.5 1.38218 1.54753 0 2.5 1.71445 1.95451 0 1.95451 1.5 
5.616 2 1 1 0 0.3199 0.4238 1.3518 0.0041 0.000000 0.001104 100 440 2.5 1.39684 1.56176 0 2.5 1.68884 1.93682 0 1.93682 1.5 
5.656 2 1 1 0 0.3433 0.4091 1.3667 0.0041 0.000000 0.000363 100 400 2.5 1.4117 1.57807 0 2.5 1.65947 1.91708 0 1.91708 1.5 
5.696 2 1 1 0 0.4041 0.3890 1.3813 0.0042 0.002591 -0.000973 100 440 2.5 1.42636 1.59226 0 2.5 1.63393 1.8991 0 1.8991 1.5 
5.736 2 1 1 0 0.3576 0.3922 1.3962 0.0042 0.002591 0.000989 100 430 2.5 1.44122 1.60783 0 2.5 1.60591 1.87969 0 1.87969 1.5 
5.776 2 1 1 0 0.3707 0.4011 1.4109 0.0043 0.000000 -0.000652 100 410 2.5 1.45587 1.62168 0 2.5 1.58098 1.86169 0 1.86169 1.5 
5.816 2 1 1 0 0.3945 0.3404 1.4257 0.0043 0.000000 -0.001668 100 400 2.5 1.47074 1.63719 0 2.5 1.55305 1.84202 0 1.84202 1.5 
5.856 2 1 1 0 0.3962 0.3718 1.4404 0.0043 0.002591 -0.003025 100 440 2.5 1.48539 1.651 0 2.5 1.52819 1.82375 0 1.82375 1.5 
5.896 2 1 1 0 0.3408 0.3588 1.4548 0.0043 0.002591 -0.001460 100 440 2.5 1.49985 1.66365 0 2.5 1.50543 1.80639 0 1.80639 1.5 
5.936 2 1 1 0 0.3891 0.3657 1.4695 0.0043 0.000000 -0.001595 100 410 2.5 1.51451 1.6792 0 2.5 1.47744 1.78631 0 1.78631 1.5 
5.976 2 1 1 0 0.3762 0.3485 1.4838 0.0043 -0.002591 0.000108 100 440 2.5 1.52877 1.69155 0 2.5 1.45521 1.76898 0 1.76898 1.5 
6.016 2 1 1 0 0.3498 0.3407 1.4984 0.0043 -0.005182 0.001009 100 450 2.5 1.54343 1.70731 0 2.5 1.42683 1.74844 0 1.74844 1.5 
6.056 2 1 1 0 0.3644 0.3671 1.5129 0.0042 -0.005182 0.001132 100 440 2.5 1.55789 1.72109 0 2.5 1.40204 1.72955 0 1.72955 1.5 
6.096 2 1 1 0 0.3689 0.3722 1.5275 0.0042 -0.002591 0.002514 100 430 2.5 1.57255 1.73695 0 2.5 1.37349 1.70865 0 1.70865 1.5 
6.136 2 1 1 0 0.3976 0.3632 1.5418 0.0042 0.000000 0.003447 100 400 2.5 1.58681 1.74948 0 2.5 1.35094 1.69065 0 1.69065 1.5 
6.176 2 1 1 0 0.3643 0.3702 1.5565 0.0042 0.002591 0.003294 100 440 2.5 1.60147 1.76556 0 2.5 1.32198 1.6693 0 1.6693 1.5 
6.216 2 1 1 0 0.3475 0.3703 1.5713 0.0042 0.002591 0.002525 90 430 2.5 1.61633 1.78254 0 2.5 1.29143 1.64701 0 1.64701 1.5 
6.256 2 1 1 0 0.3262 0.3617 1.5858 0.0042 0.002591 0.002174 100 440 2.5 1.63078 1.79527 0 2.5 1.26852 1.62841 0 1.62841 1.5 
6.296 2 1 1 0 0.3480 0.3831 1.6006 0.0043 0.002591 0.000732 100 440 2.5 1.64564 1.81138 0 2.5 1.23952 1.60663 0 1.60663 1.5 
6.336 2 1 1 0 0.3977 0.3296 1.6153 0.0043 0.000000 -0.000425 100 410 2.5 1.6603 1.82549 0 2.5 1.21412 1.58653 0 1.58653 1.5 
6.376 2 1 1 0 0.3931 0.3813 1.6301 0.0043 0.000000 -0.000059 100 400 2.5 1.67516 1.84113 0 2.5 1.18596 1.56492 0 1.56492 1.5 
6.416 2 1 1 0 0.3649 0.3677 1.6450 0.0043 0.000000 -0.000585 100 400 2.5 1.69002 1.85648 0 2.5 1.15834 1.54346 0 1.54346 1.5 
6.456 2 1 1 0 0.3712 0.3904 1.6601 0.0043 -0.002591 0.000010 100 440 2.5 1.70508 1.87344 0 2.5 1.12782 1.52043 0 1.52043 1.5 
6.496 2 1 1 0 0.3941 0.3437 1.6749 0.0042 -0.002591 0.000029 100 440 2.5 1.71994 1.88786 0 2.5 1.10186 1.49955 0 1.49955 1.49955 
6.536 2 1 1 0 0.3473 0.3849 1.6898 0.0042 -0.002591 -0.000297 100 440 2.5 1.7348 1.90224 0 2.5 1.07597 1.4786 0 1.4786 1.4786 
6.576 2 1 1 0 0.3996 0.3510 1.7047 0.0042 -0.002591 0.001490 100 440 2.5 1.74966 1.91643 0 2.5 1.05042 1.45771 0 1.45771 1.45771 
6.616 2 1 1 0 0.3419 0.3671 1.7197 0.0042 0.000000 0.001598 100 400 2.5 1.76473 1.9328 0 2.5 1.02097 1.43476 0 1.43476 1.43476 
6.656 2 1 1 0 0.3835 0.3689 1.7348 0.0042 0.002591 0.001985 100 440 2.5 1.77979 1.94841 0 2.5 0.992869 1.41237 0 1.41237 1.41237 
6.696 2 1 1 0 0.3695 0.3535 1.7500 0.0042 0.002591 -0.001196 100 440 2.5 1.79505 1.96522 0 2.5 0.962598 1.38877 0 1.38877 1.38877 
6.736 2 1 1 0 0.3514 0.3729 1.7653 0.0042 0.002591 -0.001871 100 440 2.5 1.81031 1.98159 0 2.5 0.933141 1.36546 0 1.36546 1.36546 
6.776 2 1 1 0 0.3276 0.3707 1.7802 0.0043 0.002591 -0.002022 100 440 2.5 1.82517 1.99378 0 2.5 0.911199 1.34581 0 1.34581 1.34581 
6.816 2 1 1 0 0.3422 0.3685 1.7954 0.0043 0.002591 -0.000885 100 440 2.5 1.84043 2.01035 0 2.5 0.881364 1.32212 0 1.32212 1.32212 
6.856 2 1 1 0 0.3936 0.3954 1.8109 0.0043 0.000000 -0.001419 100 410 2.5 1.85589 2.02804 0 2.5 0.849521 1.29731 0 1.29731 1.29731 
6.896 2 1 1 0 0.3628 0.4025 1.8261 0.0043 0.000000 -0.002756 100 400 2.5 1.87116 2.04312 0 2.5 0.822392 1.27475 0 1.27475 1.27475 
6.936 2 1 1 0 0.3908 0.3959 1.8414 0.0043 0.000000 -0.003076 100 440 2.5 1.88642 2.05795 0 2.5 0.795692 1.25229 0 1.25229 1.25229 
6.976 2 1 1 0 0.4081 0.3848 1.8567 0.0043 0.000000 -0.003191 100 420 2.5 1.90168 2.07327 0 2.5 0.768109 1.22932 0 1.22932 1.22932 
7.016 2 1 1 0 0.3863 0.3551 1.8719 0.0042 -0.005182 -0.002082 100 440 2.5 1.91694 2.08863 0 2.5 0.740465 1.20623 0 1.20623 1.20623 
7.056 2 1 1 0 0.3582 0.4109 1.8874 0.0042 -0.002591 -0.000480 100 440 2.5 1.9324 2.10554 0 2.5 0.710029 1.18164 0 1.18164 1.18164 
7.096 2 1 1 0 0.4006 0.3699 1.9027 0.0042 -0.002591 -0.000179 100 440 2.5 1.94767 2.12028 0 2.5 0.683504 1.15892 0 1.15892 1.15892 
7.136 2 1 1 0 0.3576 0.3868 1.9181 0.0041 0.000000 -0.000502 100 410 2.5 1.96313 2.13703 0 2.5 0.65334 1.13429 0 1.13429 1.13429 
7.176 2 1 1 0 0.3912 0.3690 1.9332 0.0042 0.002591 -0.001950 100 440 2.5 1.97819 2.1497 0 2.5 0.630543 1.11326 0 1.11326 1.11326 
7.216 2 1 1 0 0.3790 0.3589 1.9486 0.0042 0.000000 -0.001993 100 410 2.5 1.99365 2.16619 0 2.5 0.600866 1.0887 0 1.0887 1.0887 
7.256 2 1 1 0 0.4138 0.4035 1.9641 0.0042 0.002591 -0.002514 100 430 2.5 2.00911 2.18247 0 2.5 0.571557 1.06424 0 1.06424 1.06424 
7.296 2 1 1 0 0.4226 0.3600 1.9796 0.0043 0.000000 -0.002011 100 400 2.5 2.02458 2.19813 0 2.5 0.543373 1.04024 0 1.04024 1.04024 
7.336 2 1 1 0 0.4064 0.3830 1.9950 0.0043 0.002591 -0.004043 100 430 2.5 2.04004 2.21352 0 2.5 0.515664 1.0164 0 1.0164 1.0164 
7.376 2 1 1 0 0.4082 0.3898 2.0107 0.0043 0.002591 -0.004561 100 430 2.5 2.05571 2.23068 0 2.5 0.484768 0.990882 0 0.990882 0.990882 
7.416 2 1 1 0 0.3937 0.4043 2.0262 0.0043 0.000000 -0.003730 100 440 2.5 2.07117 2.24542 0 2.5 0.45824 0.967457 0 0.967457 0.967457 
7.456 2 1 1 0 0.3729 0.4016 2.0416 0.0043 -0.002591 -0.004342 100 440 2.5 2.08664 2.26018 0 2.5 0.431673 0.943938 0 0.943938 0.943938 
7.496 2 1 1 0 0.3662 0.3583 2.0575 0.0042 -0.005182 -0.003657 100 440 2.5 2.10251 2.27834 0 2.5 0.398986 0.917267 0 0.917267 0.917267 
7.536 2 1 1 0 0.3888 0.4030 2.0732 0.0042 -0.005182 -0.004102 100 450 2.5 2.11817 2.29447 0 2.5 0.369947 0.892348 0 0.892348 0.892348 
7.576 2 1 1 0 0.3903 0.3813 2.0886 0.0042 -0.002591 -0.003713 100 430 2.5 2.13364 2.30973 0 2.5 0.342478 0.86817 0 0.86817 0.86817 
7.616 2 1 1 0 0.4102 0.3603 2.1041 0.0042 0.000000 -0.002951 100 390 2.5 2.14911 2.3246 0 2.5 0.31572 0.844267 0 0.844267 0.844267 
7.656 2 1 1 0 0.4257 0.3861 2.1194 0.0042 0.000000 -0.003077 100 400 2.5 2.16437 2.33819 0 2.5 0.291258 0.821463 0 0.821463 0.821463 
7.696 2 1 1 0 0.4047 0.3841 2.1348 0.0042 0.002591 -0.004250 100 440 2.5 2.17984 2.354 0 2.5 0.262796 0.796599 0 0.796599 0.796599 
7.736 2 1 1 0 0.4035 0.3614 2.1503 0.0042 0.000000 -0.004907 100 410 2.5 2.1953 2.36953 0 2.5 0.23485 0.771921 0 0.771921 0.771921 
7.776 2 1 1 0 0.3833 0.3750 2.1658 0.0043 0.002591 -0.004101 100 440 2.5 2.21077 2.38547 0 2.5 0.206162 0.746819 0 0.746819 0.746819 
7.816 2 1 1 0 0.3977 0.3440 2.1810 0.0043 0.002591 -0.003653 100 440 2.5 2.22604 2.39959 0 2.5 0.180735 0.723291 0 0.723291 0.723291 
7.856 2 1 1 0 0.3932 0.3896 2.1967 0.0043 -0.002591 -0.003023 100 440 2.5 2.2417 2.41678 0 2.5 0.149802 0.696925 0 0.696925 0.696925 
7.896 2 1 1 0 0.3737 0.3834 2.2122 0.0043 0.000000 -0.004519 100 400 2.5 2.25717 2.43187 0 2.5 0.122638 0.672382 0 0.672382 0.672382 
7.936 2 1 1 0 0.3892 0.3640 2.2276 0.0043 -0.002591 -0.005074 100 440 2.5 2.27264 2.44706 0 2.5 0.0952858 0.647687 0 0.647687 0.647687 
7.976 2 1 1 0 0.4206 0.3697 2.2431 0.0043 0.000000 -0.004868 100 410 2.5 2.2881 2.46258 0 2.5 0.0673531 0.622652 0 0.622652 0.622652 
8.016 2 1 2 0 0.4180 0.3474 2.2586 0.0042 -0.002591 -0.003439 100 440 -2.5 0.00562429 -15.2954 0 -2.5 23.0317 12.1928 0 12.1928 1.5 
8.056 2 1 2 0 0.4089 0.3779 2.2738 0.0042 -0.002591 -0.003055 100 440 -2.5 0.0208898 -6.75945 0 -2.5 7.66702 4.63878 0 4.63878 1.5 
8.096 2 1 2 0 0.3733 0.3851 2.2893 0.0042 0.000000 -0.003680 100 400 -2.5 0.0363562 -2.91419 0 -2.5 0.745539 1.19913 0 1.19913 1.19913 
8.136 2 1 2 0 0.4490 0.3664 2.3048 0.0042 0.002591 -0.004889 100 440 -2.5 0.0518224 -1.17755 0 -2.5 -2.38042 -0.390356 0 -0.390356 -0.390356 
8.176 2 1 2 0 0.4897 0.4683 2.3220 0.0042 0.002591 -0.023573 100 440 -2.5 0.0690961 -0.374918 0 -2.5 -3.82515 -1.16017 0 -1.16017 -1.16017 
8.216 2 1 2 0 0.4823 0.5293 2.3411 0.0043 0.000000 -0.059916 100 440 -2.5 0.0881767 0.00738305 0 -2.5 -4.51329 -1.56084 0 -1.56084 -1.5 
8.256 2 1 2 0 0.4316 0.4779 2.3602 0.0043 0.002591 -0.105463 100 440 -2.5 0.107257 0.188653 0 -2.5 -4.83958 -1.78427 0 -1.78427 -1.5 
8.296 2 1 2 0 0.4031 0.4195 2.3777 0.0043 0.000000 -0.146808 100 410 -2.5 0.124732 0.269145 0 -2.5 -4.98446 -1.91802 0 -1.91802 -1.5 
8.336 2 1 2 0 0.3405 0.3768 2.3929 0.0043 0.000000 -0.177053 100 410 -2.5 0.139997 0.298545 0 -2.5 -5.03738 -2.0055 0 -2.0055 -1.5 
8.376 2 1 2 0 0.3100 0.2828 2.4052 0.0043 -0.002591 -0.194809 100 430 -2.5 0.152249 0.297937 0 -2.5 -5.03629 -2.06502 0 -2.06502 -1.5 
8.416 2 1 2 0 0.2087 0.2159 2.4148 0.0043 -0.002591 -0.203818 100 430 -2.5 0.161889 0.285398 0 -2.5 -5.01372 -2.11249 0 -2.11249 -1.5 
8.456 2 1 2 0 0.1251 0.1510 2.4216 0.0043 -0.002591 -0.204819 100 430 -2.5 0.168718 0.265089 0 -2.5 -4.97716 -2.1515 0 -2.1515 -1.5 
8.496 2 1 2 0 0.1184 0.0846 2.4265 0.0042 -0.002591 -0.204118 100 440 -2.5 0.173537 0.246179 0 -2.5 -4.94312 -2.19025 0 -2.19025 -1.5 
8.536 2 1 2 0 0.0351 0.0450 2.4285 0.0042 -0.002591 -0.201948 100 430 -2.5 0.175544 0.219784 0 -2.5 -4.89561 -2.22076 0 -2.22076 -1.5 
8.576 2 1 2 0 -0.0135 0.0362 2.4287 0.0042 0.000000 -0.198238 100 400 -2.5 0.175745 0.196333 0 -2.5 -4.8534 -2.2524 0 -2.2524 -1.5 
8.616 2 1 2 0 -0.0730 -0.0904 2.4265 0.0042 -0.002591 -0.195957 100 430 -2.5 0.173537 0.168356 0 -2.5 -4.80304 -2.27846 0 -2.27846 -1.5 
8.656 2 1 2 0 -0.1367 -0.1862 2.4212 0.0043 -0.007773 -0.186640 100 450 -2.5 0.168316 0.132792 0 -2.5 -4.73903 -2.29612 0 -2.29612 -1.5 
8.696 2 1 2 0 -0.2272 -0.2302 2.4134 0.0043 -0.005182 -0.171646 100 440 -2.5 0.160484 0.0953152 0 -2.5 -4.67157 -2.31042 0 -2.31042 -1.5 
8.736 2 1 2 0 -0.2664 -0.2976 2.4032 0.0044 -0.007773 -0.153701 100 450 -2.5 0.150241 0.0568279 0 -2.5 -4.60229 -2.32218 0 -2.32218 -1.5 
8.776 2 1 2 0 -0.3593 -0.3136 2.3911 0.0044 -0.007773 -0.135227 100 440 -2.5 0.138191 0.0207506 0 -2.5 -4.53735 -2.33453 0 -2.33453 -1.5 
8.816 2 1 2 0 -0.3491 -0.3512 2.3777 0.0045 -0.005182 -0.117685 100 440 -2.5 0.124734 -0.0123646 0 -2.5 -4.47774 -2.34806 0 -2.34806 -1.5 
8.856 2 1 2 0 -0.3825 -0.3716 2.3628 0.0046 -0.005182 -0.104487 100 440 -2.5 0.109871 -0.0449339 0 -2.5 -4.41912 -2.36065 0 -2.36065 -1.5 
8.896 2 1 2 0 -0.4252 -0.4281 2.3467 0.0047 -0.005182 -0.091155 100 440 -2.5 0.0938025 -0.0761298 0 -2.5 -4.36297 -2.37306 0 -2.37306 -1.5 
8.936 2 1 2 0 -0.4456 -0.4483 2.3295 0.0048 -0.005182 -0.080226 100 430 -2.5 0.0765288 -0.107604 0 -2.5 -4.30631 -2.38386 0 -2.38386 -1.5 
8.976 2 1 2 0 -0.4693 -0.4724 2.3114 0.0049 -0.005182 -0.068574 100 440 -2.5 0.0584519 -0.136519 0 -2.5 -4.25427 -2.39565 0 -2.39565 -1.5 
9.016 2 1 2 0 -0.4900 -0.4829 2.2923 0.0050 -0.002591 -0.058467 100 440 -2.5 0.0393713 -0.166619 0 -2.5 -4.20009 -2.40508 0 -2.40508 -1.5 
9.056 2 1 2 0 -0.4571 -0.5460 2.2722 0.0050 -0.002591 -0.050977 100 440 -2.5 0.0192869 -0.198326 0 -2.5 -4.14301 -2.41181 0 -2.41181 -1.5 
9.096 2 1 2 0 -0.4852 -0.5865 2.2513 0.0051 -0.002591 -0.044002 100 440 -2.5 -0.0016005 -0.22978 0 -2.5 -4.0864 -2.41752 0 -2.41752 -1.5 
9.136 2 1 2 0 -0.5388 -0.5000 2.2300 0.0052 -0.002591 -0.035777 100 450 -2.5 -0.0228894 -0.257355 0 -2.5 -4.03676 -2.4255 0 -2.4255 -1.5 
9.176 2 1 2 0 -0.5714 -0.5859 2.2078 0.0052 0.000000 -0.030473 100 410 -2.5 -0.045182 -0.28836 0 -2.5 -3.98095 -2.42919 0 -2.42919 -1.5 
9.216 2 1 2 0 -0.6195 -0.5753 2.1845 0.0052 0.000000 -0.024210 100 400 -2.5 -0.0684783 -0.322439 0 -2.5 -3.91961 -2.42895 0 -2.42895 -1.5 
9.256 2 1 2 0 -0.6440 -0.6356 2.1610 0.0052 -0.002591 -0.016853 100 440 -2.5 -0.0919755 -0.351759 0 -2.5 -3.86683 -2.43181 0 -2.43181 -1.5 
9.296 2 1 2 0 -0.6076 -0.5619 2.1367 0.0052 0.000000 -0.010841 100 410 -2.5 -0.116276 -0.384271 0 -2.5 -3.80831 -2.43069 0 -2.43069 -1.5 
9.336 2 1 2 0 -0.6109 -0.6383 2.1122 0.0052 0.000000 -0.004922 100 410 -2.5 -0.140776 -0.413983 0 -2.5 -3.75483 -2.43098 0 -2.43098 -1.5 
9.376 2 1 2 0 -0.5932 -0.6376 2.0877 0.0052 0.000000 0.002502 100 410 -2.5 -0.165277 -0.439742 0 -2.5 -3.70847 -2.43378 0 -2.43378 -1.5 
9.416 2 1 2 0 -0.6892 -0.6209 2.0624 0.0052 0.000000 0.008562 100 440 -2.5 -0.190581 -0.47038 0 -2.5 -3.65332 -2.43115 0 -2.43115 -1.5 
9.456 2 1 2 0 -0.6905 -0.5973 2.0369 0.0052 0.002591 0.013305 100 440 -2.5 -0.216086 -0.499883 0 -2.5 -3.60021 -2.42853 0 -2.42853 -1.5 
9.496 2 1 2 0 -0.6791 -0.6103 2.0113 0.0052 0.000000 0.017997 100 410 -2.5 -0.24159 -0.526554 0 -2.5 -3.5522 -2.42747 0 -2.42747 -1.5 
9.536 2 1 2 0 -0.6608 -0.6381 1.9858 0.0052 0.002591 0.021511 100 450 -2.5 -0.267095 -0.55257 0 -2.5 -3.50537 -2.42607 0 -2.42607 -1.5 
9.576 2 1 2 0 -0.6769 -0.6878 1.9601 0.0051 0.002591 0.023349 100 450 -2.5 -0.292799 -0.579968 0 -2.5 -3.45606 -2.42252 0 -2.42252 -1.5 
9.616 2 1 2 0 -0.6674 -0.6615 1.9344 0.0050 0.002591 0.026124 100 450 -2.5 -0.318504 -0.606403 0 -2.5 -3.40847 -2.41894 0 -2.41894 -1.5 
9.656 2 1 2 0 -0.6500 -0.6519 1.9089 0.0050 0.000000 0.030302 100 410 -2.5 -0.344008 -0.630897 0 -2.5 -3.36439 -2.41625 0 -2.41625 -1.5 
9.696 2 1 2 0 -0.6683 -0.6890 1.8830 0.0050 0.002591 0.033323 100 440 -2.5 -0.369913 -0.65945 0 -2.5 -3.31299 -2.40908 0 -2.40908 -1.5 
9.736 2 1 2 0 -0.6356 -0.6496 1.8575 0.0050 0.000000 0.035119 100 450 -2.5 -0.395417 -0.68354 0 -2.5 -3.26963 -2.40508 0 -2.40508 -1.5 
9.776 2 1 2 0 -0.5891 -0.6033 1.8322 0.0049 0.000000 0.036671 100 420 -2.5 -0.420721 -0.706489 0 -2.5 -3.22832 -2.40132 0 -2.40132 -1.5 
9.816 2 1 2 0 -0.5749 -0.6138 1.8067 0.0049 0.002591 0.038507 100 440 -2.5 -0.446225 -0.732574 0 -2.5 -3.18137 -2.39398 0 -2.39398 -1.5 
9.856 2 1 2 0 -0.5928 -0.6223 1.7816 0.0049 0.000000 0.038763 100 440 -2.5 -0.471328 -0.755489 0 -2.5 -3.14012 -2.38875 0 -2.38875 -1.5 
9.896 2 1 2 0 -0.6261 -0.6888 1.7569 0.0048 0.002591 0.040083 100 440 -2.5 -0.496029 -0.776711 0 -2.5 -3.10192 -2.38434 0 -2.38434 -1.5 
9.936 2 1 2 0 -0.6351 -0.6217 1.7324 0.0048 0.002591 0.040308 100 450 -2.5 -0.520528 -0.79843 0 -2.5 -3.06283 -2.37881 0 -2.37881 -1.5 
9.976 2 1 2 0 -0.6237 -0.5858 1.7079 0.0048 -0.002591 0.040935 100 440 -2.5 -0.545028 -0.821716 0 -2.5 -3.02091 -2.37119 0 -2.37119 -1.5 
10.016 2 1 2 0 -0.5864 -0.6143 1.6840 0.0049 0.000000 0.042539 100 440 -2.5 -0.568925 -0.841131 0 -2.5 -2.98596 -2.3664 0 -2.3664 -1.5 
10.056 2 1 2 0 -0.6148 -0.5489 1.6601 0.0049 -0.002591 0.041229 100 430 -2.5 -0.592824 -0.863145 0 -2.5 -2.94634 -2.35866 0 -2.35866 -1.5 
10.096 2 1 2 0 -0.6311 -0.6013 1.6364 0.0049 -0.002591 0.039793 100 430 -2.5 -0.616521 -0.884448 0 -2.5 -2.90799 -2.35092 0 -2.35092 -1.5 
10.136 2 1 2 0 -0.6068 -0.5382 1.6129 0.0049 0.000000 0.040321 100 410 -2.5 -0.640016 -0.90601 0 -2.5 -2.86918 -2.34236 0 -2.34236 -1.5 
10.176 2 1 2 0 -0.5879 -0.5701 1.5900 0.0049 0.000000 0.040453 100 400 -2.5 -0.662909 -0.924455 0 -2.5 -2.83598 -2.33604 0 -2.33604 -1.5 
10.216 2 1 2 0 -0.5921 -0.5691 1.5673 0.0049 -0.002591 0.038981 100 450 -2.5 -0.685601 -0.943801 0 -2.5 -2.80116 -2.32836 0 -2.32836 -1.5 
10.257 2 1 2 0 -0.4931 -0.6117 1.5452 0.0050 -0.002591 0.038910 100 440 -2.5 -0.707692 -0.960313 0 -2.5 -2.77144 -2.32271 0 -2.32271 -1.5 
10.297 2 1 2 0 -0.5537 -0.5593 1.5234 0.0050 0.000000 0.037671 100 430 -2.5 -0.729581 -0.978754 0 -2.5 -2.73824 -2.31484 0 -2.31484 -1.5 
10.337 2 1 2 0 -0.6057 -0.5445 1.5015 0.0050 -0.002591 0.034469 100 430 -2.5 -0.751471 -0.999537 0 -2.5 -2.70083 -2.30435 0 -2.30435 -1.5 
10.377 2 1 2 0 -0.5352 -0.5911 1.4800 0.0050 0.000000 0.035510 100 450 -2.5 -0.772959 -1.01781 0 -2.5 -2.66793 -2.2956 0 -2.2956 -1.5 
10.417 2 1 2 0 -0.5505 -0.4955 1.4585 0.0051 -0.002591 0.033566 100 440 -2.5 -0.794447 -1.03769 0 -2.5 -2.63215 -2.28491 0 -2.28491 -1.5 
10.457 2 1 2 0 -0.5044 -0.4737 1.4378 0.0051 0.000000 0.034795 100 420 -2.5 -0.815131 -1.05202 0 -2.5 -2.60636 -2.27875 0 -2.27875 -1.5 
10.497 2 1 2 0 -0.5064 -0.4859 1.4169 0.0051 0.000000 0.031018 100 440 -2.5 -0.836016 -1.07176 0 -2.5 -2.57083 -2.26729 0 -2.26729 -1.5 
10.537 2 1 2 0 -0.5462 -0.4903 1.3966 0.0050 0.002591 0.030077 100 440 -2.5 -0.856298 -1.08772 0 -2.5 -2.5421 -2.25879 0 -2.25879 -1.5 
10.577 2 1 2 0 -0.4649 -0.4860 1.3768 0.0050 0.000000 0.030432 100 410 -2.5 -0.876179 -1.10315 0 -2.5 -2.51432 -2.25037 0 -2.25037 -1.5 
10.617 2 1 2 0 -0.4607 -0.4804 1.3575 0.0050 0.000000 0.028585 100 410 -2.5 -0.895456 -1.1168 0 -2.5 -2.48976 -2.2432 0 -2.2432 -1.5 
10.657 2 1 2 0 -0.4691 -0.4843 1.3382 0.0050 0.000000 0.024864 100 420 -2.5 -0.914734 -1.13324 0 -2.5 -2.46017 -2.23313 0 -2.23313 -1.5 
10.697 2 1 2 0 -0.4541 -0.4746 1.3189 0.0050 0.000000 0.024385 100 430 -2.5 -0.934012 -1.15142 0 -2.5 -2.42745 -2.22109 0 -2.22109 -1.5 
10.737 2 1 2 0 -0.5029 -0.4540 1.3000 0.0050 0.000000 0.023049 100 410 -2.5 -0.952889 -1.16773 0 -2.5 -2.39809 -2.21036 0 -2.21036 -1.5 
10.777 2 1 2 0 -0.4837 -0.4641 1.2816 0.0050 0.000000 0.021061 100 440 -2.5 -0.971364 -1.1826 0 -2.5 -2.37132 -2.20057 0 -2.20057 -1.5 
10.817 2 1 2 0 -0.4667 -0.4328 1.2633 0.0050 0.002591 0.019041 100 440 -2.5 -0.989638 -1.19805 0 -2.5 -2.34352 -2.18992 0 -2.18992 -1.5 
10.857 2 1 2 0 -0.4554 -0.4768 1.2454 0.0049 0.000000 0.018476 100 410 -2.5 -1.00751 -1.21177 0 -2.5 -2.31881 -2.18049 0 -2.18049 -1.5 
10.897 2 1 2 0 -0.3915 -0.4432 1.2282 0.0049 0.000000 0.016540 100 410 -2.5 -1.02478 -1.22288 0 -2.5 -2.29882 -2.17311 0 -2.17311 -1.5 
10.937 2 1 2 0 -0.4827 -0.4500 1.2107 0.0049 -0.002591 0.013307 100 440 -2.5 -1.04225 -1.23932 0 -2.5 -2.26922 -2.16065 0 -2.16065 -1.5 
10.977 2 1 2 0 -0.4359 -0.4078 1.1936 0.0050 0.000000 0.010188 100 410 -2.5 -1.05932 -1.25387 0 -2.5 -2.24303 -2.14958 0 -2.14958 -1.5 
11.017 2 1 2 0 -0.3967 -0.3896 1.1767 0.0050 0.000000 0.008971 100 410 -2.5 -1.07619 -1.26832 0 -2.5 -2.21703 -2.13831 0 -2.13831 -1.5 
11.057 2 1 2 0 -0.4694 -0.3969 1.1601 0.0050 -0.002591 0.007125 100 440 -2.5 -1.09286 -1.28233 0 -2.5 -2.1918 -2.12713 0 -2.12713 -1.5 
11.097 2 1 2 0 -0.4391 -0.3805 1.1438 0.0050 0.000000 0.006080 100 420 -2.5 -1.10912 -1.29439 0 -2.5 -2.1701 -2.11743 0 -2.11743 -1.5 
11.137 2 1 2 0 -0.3918 -0.4278 1.1273 0.0050 0.000000 0.004221 100 420 -2.5 -1.12559 -1.3108 0 -2.5 -2.14055 -2.10355 0 -2.10355 -1.5 
11.177 2 1 2 0 -0.4408 -0.3752 1.1113 0.0051 0.000000 0.003650 100 410 -2.5 -1.14165 -1.32461 0 -2.5 -2.11571 -2.09175 0 -2.09175 -1.5 
11.217 2 1 2 0 -0.4540 -0.3855 1.0952 0.0051 0.000000 0.001759 100 410 -2.5 -1.15772 -1.33917 0 -2.5 -2.0895 -2.07898 0 -2.07898 -1.5 
11.257 2 1 2 0 -0.4210 -0.3974 1.0792 0.0051 0.000000 0.000835 100 410 -2.5 -1.17378 -1.35487 0 -2.5 -2.06123 -2.06492 0 -2.06492 -1.5 
11.297 2 1 2 0 -0.4456 -0.3927 1.0639 0.0051 0.000000 0.000884 100 440 -2.5 -1.18904 -1.36469 0 -2.5 -2.04356 -2.05591 0 -2.05591 -1.5 
11.337 2 1 2 0 -0.3570 -0.3635 1.0482 0.0051 0.000000 -0.004139 100 410 -2.5 -1.20471 -1.3805 0 -2.5 -2.01511 -2.0413 0 -2.0413 -1.5 
11.377 2 1 2 0 -0.3678 -0.3481 1.0330 0.0051 0.000000 -0.004175 100 410 -2.5 -1.21997 -1.39374 0 -2.5 -1.99126 -2.02874 0 -2.02874 -1.5 
11.417 2 1 2 0 -0.3298 -0.3888 1.0177 0.0051 0.000000 -0.006508 100 410 -2.5 -1.23523 -1.40744 0 -2.5 -1.9666 -2.01553 0 -2.01553 -1.5 
11.457 2 1 2 0 -0.3913 -0.3590 1.0024 0.0051 0.000000 -0.006428 100 400 -2.5 -1.25049 -1.42209 0 -2.5 -1.94024 -2.00124 0 -2.00124 -1.5 
11.497 2 1 2 0 -0.3772 -0.3461 0.9876 0.0051 0.000000 -0.007314 100 410 -2.5 -1.26535 -1.43435 0 -2.5 -1.91816 -1.98888 0 -1.98888 -1.5 
11.537 2 1 2 0 -0.3487 -0.3456 0.9727 0.0051 0.000000 -0.008881 100 410 -2.5 -1.28021 -1.44802 0 -2.5 -1.89357 -1.97505 0 -1.97505 -1.5 
11.577 2 1 2 0 -0.3718 -0.3852 0.9579 0.0051 0.000000 -0.009732 100 410 -2.5 -1.29507 -1.46248 0 -2.5 -1.86754 -1.96029 0 -1.96029 -1.5 
11.617 2 1 2 0 -0.3752 -0.3673 0.9430 0.0051 0.000000 -0.010426 100 440 -2.5 -1.30993 -1.4767 0 -2.5 -1.84194 -1.94551 0 -1.94551 -1.5 
11.657 2 1 2 0 -0.3635 -0.3390 0.9279 0.0051 -0.002591 -0.010913 100 440 -2.5 -1.32499 -1.49299 0 -2.5 -1.81262 -1.92864 0 -1.92864 -1.5 
11.697 2 1 2 0 -0.3435 -0.3523 0.9133 0.0051 0.000000 -0.012050 100 410 -2.5 -1.33965 -1.5057 0 -2.5 -1.78974 -1.91478 0 -1.91478 -1.5 
11.737 2 1 2 0 -0.3760 -0.3931 0.8984 0.0051 0.000000 -0.012233 100 400 -2.5 -1.35451 -1.52081 0 -2.5 -1.76255 -1.89856 0 -1.89856 -1.5 
11.777 2 1 2 0 -0.3714 -0.3528 0.8836 0.0051 0.000000 -0.012977 100 400 -2.5 -1.36937 -1.53622 0 -2.5 -1.7348 -1.88186 0 -1.88186 -1.5 
11.817 2 1 2 0 -0.4059 -0.3911 0.8687 0.0051 0.000000 -0.014649 100 410 -2.5 -1.38423 -1.55163 0 -2.5 -1.70706 -1.86495 0 -1.86495 -1.5 
11.857 2 1 2 0 -0.3845 -0.3788 0.8540 0.0051 -0.002591 -0.015929 100 440 -2.5 -1.39889 -1.5651 0 -2.5 -1.68282 -1.84959 0 -1.84959 -1.5 
11.897 2 1 2 0 -0.3288 -0.3942 0.8392 0.0051 -0.002591 -0.016721 100 440 -2.5 -1.41375 -1.58041 0 -2.5 -1.65526 -1.83237 0 -1.83237 -1.5 
11.937 2 1 2 0 -0.3566 -0.3373 0.8243 0.0051 -0.002591 -0.016375 100 440 -2.5 -1.42861 -1.59558 0 -2.5 -1.62795 -1.81507 0 -1.81507 -1.5 
11.977 2 1 2 0 -0.3742 -0.3795 0.8095 0.0051 -0.002591 -0.016965 100 440 -2.5 -1.44347 -1.61048 0 -2.5 -1.60113 -1.79782 0 -1.79782 -1.5 
12.017 2 1 2 0 -0.3642 -0.3969 0.7944 0.0051 0.000000 -0.016743 100 410 -2.5 -1.45853 -1.62685 0 -2.5 -1.57166 -1.77904 0 -1.77904 -1.5 
12.057 2 1 2 0 -0.4059 -0.3932 0.7793 0.0051 -0.002591 -0.016559 100 440 -2.5 -1.47359 -1.6424 0 -2.5 -1.54369 -1.7608 0 -1.7608 -1.5 
12.097 2 1 2 0 -0.4033 -0.4067 0.7641 0.0052 -0.002591 -0.015717 100 440 -2.5 -1.48885 -1.65915 0 -2.5 -1.51352 -1.74126 0 -1.74126 -1.5 
12.137 2 1 2 0 -0.3864 -0.4097 0.7490 0.0052 0.000000 -0.015742 100 410 -2.5 -1.50391 -1.67348 0 -2.5 -1.48773 -1.72372 0 -1.72372 -1.5 
12.177 2 1 2 0 -0.3618 -0.4180 0.7336 0.0052 0.002591 -0.016473 100 440 -2.5 -1.51937 -1.69127 0 -2.5 -1.45572 -1.70287 0 -1.70287 -1.5 
12.217 2 1 2 0 -0.3799 -0.3681 0.7181 0.0051 0.000000 -0.016642 100 400 -2.5 -1.53484 -1.70791 0 -2.5 -1.42576 -1.68285 0 -1.68285 -1.5 
12.257 2 1 2 0 -0.4272 -0.3859 0.7024 0.0051 0.000000 -0.016125 100 410 -2.5 -1.5505 -1.72547 0 -2.5 -1.39415 -1.6618 0 -1.6618 -1.5 
12.297 2 1 2 0 -0.3290 -0.3707 0.6870 0.0051 0.002591 -0.015173 100 440 -2.5 -1.56596 -1.74049 0 -2.5 -1.36711 -1.64285 0 -1.64285 -1.5 
12.337 2 1 2 0 -0.3977 -0.3732 0.6717 0.0051 0.002591 -0.015215 100 440 -2.5 -1.58122 -1.75406 0 -2.5 -1.34269 -1.62506 0 -1.62506 -1.5 
12.377 2 1 2 0 -0.3631 -0.3649 0.6563 0.0051 0.000000 -0.015225 100 410 -2.5 -1.59669 -1.76994 0 -2.5 -1.3141 -1.60502 0 -1.60502 -1.5 
12.417 2 1 2 0 -0.3822 -0.3710 0.6406 0.0051 0.000000 -0.016120 100 410 -2.5 -1.61235 -1.78732 0 -2.5 -1.28283 -1.58347 0 -1.58347 -1.5 
12.457 2 1 2 0 -0.4341 -0.3848 0.6251 0.0051 -0.002591 -0.015972 100 440 -2.5 -1.62781 -1.80267 0 -2.5 -1.25519 -1.56357 0 -1.56357 -1.5 
12.497 2 1 2 0 -0.3430 -0.4222 0.6097 0.0051 0.000000 -0.014585 100 410 -2.5 -1.64327 -1.81764 0 -2.5 -1.22825 -1.54386 0 -1.54386 -1.5 
12.537 2 1 2 0 -0.3878 -0.3906 0.5942 0.0052 -0.002591 -0.015976 100 440 -2.5 -1.65874 -1.83289 0 -2.5 -1.2008 -1.52375 0 -1.52375 -1.5 
12.577 2 1 2 0 -0.4131 -0.3828 0.5787 0.0052 0.000000 -0.014735 100 410 -2.5 -1.6742 -1.84791 0 -2.5 -1.17377 -1.50369 0 -1.50369 -1.5 
12.617 2 1 2 0 -0.4397 -0.4141 0.5627 0.0052 0.000000 -0.015622 100 410 -2.5 -1.69026 -1.86788 0 -2.5 -1.13781 -1.479 0 -1.479 -1.479 
12.657 2 1 2 0 -0.3799 -0.3760 0.5470 0.0052 0.000000 -0.014934 100 410 -2.5 -1.70592 -1.88332 0 -2.5 -1.11002 -1.45823 0 -1.45823 -1.45823 
12.698 2 1 2 0 -0.3472 -0.3753 0.5309 0.0052 0.000000 -0.014572 100 410 -2.5 -1.72199 -1.90124 0 -2.5 -1.07778 -1.43505 0 -1.43505 -1.43505 
12.738 2 1 2 0 -0.4445 -0.3763 0.5153 0.0051 0.000000 -0.013840 100 410 -2.5 -1.73765 -1.91529 0 -2.5 -1.05248 -1.4152 0 -1.4152 -1.4152 
12.778 2 1 2 0 -0.4173 -0.3840 0.4994 0.0051 0.002591 -0.013882 100 440 -2.5 -1.75352 -1.93127 0 -2.5 -1.02372 -1.39348 0 -1.39348 -1.39348 
12.818 2 1 2 0 -0.3816 -0.4362 0.4836 0.0051 0.000000 -0.015140 100 420 -2.5 -1.76938 -1.94749 0 -2.5 -0.99451 -1.37141 0 -1.37141 -1.37141 
12.858 2 1 2 0 -0.3821 -0.3818 0.4675 0.0051 0.000000 -0.014765 100 400 -2.5 -1.78544 -1.96495 0 -2.5 -0.963082 -1.34807 0 -1.34807 -1.34807 
12.898 2 1 2 0 -0.3945 -0.4036 0.4516 0.0051 -0.002591 -0.013979 100 440 -2.5 -1.80131 -1.97975 0 -2.5 -0.936451 -1.32698 0 -1.32698 -1.32698 
12.938 2 1 2 0 -0.4029 -0.3875 0.4358 0.0051 0.000000 -0.012880 100 440 -2.5 -1.81717 -1.99515 0 -2.5 -0.908727 -1.30523 0 -1.30523 -1.30523 
12.978 2 1 2 0 -0.3987 -0.4485 0.4197 0.0052 0.000000 -0.013823 100 400 -2.5 -1.83324 -2.01276 0 -2.5 -0.877032 -1.28137 0 -1.28137 -1.28137 
13.018 2 1 2 0 -0.4031 -0.4129 0.4036 0.0052 0.000000 -0.014099 100 410 -2.5 -1.8493 -2.02966 0 -2.5 -0.846617 -1.25801 0 -1.25801 -1.25801 
13.058 2 1 2 0 -0.4435 -0.3829 0.3876 0.0052 0.000000 -0.013372 100 400 -2.5 -1.86537 -2.046 0 -2.5 -0.817201 -1.23501 0 -1.23501 -1.23501 
13.098 2 1 2 0 -0.4216 -0.3869 0.3713 0.0052 -0.002591 -0.012784 100 440 -2.5 -1.88163 -2.06393 0 -2.5 -0.784918 -1.21045 0 -1.21045 -1.21045 
13.138 2 1 2 0 -0.4409 -0.3961 0.3554 0.0052 0.000000 -0.012315 100 400 -2.5 -1.8975 -2.07788 0 -2.5 -0.759818 -1.18935 0 -1.18935 -1.18935 
13.178 2 1 2 0 -0.3974 -0.3768 0.3390 0.0052 0.000000 -0.012573 100 410 -2.5 -1.91396 -2.09657 0 -2.5 -0.726183 -1.16384 0 -1.16384 -1.16384 
13.218 2 1 2 0 -0.4407 -0.3737 0.3227 0.0052 0.002591 -0.012502 100 450 -2.5 -1.93023 -2.11339 0 -2.5 -0.695905 -1.1399 0 -1.1399 -1.1399 
13.258 2 1 2 0 -0.4400 -0.4053 0.3064 0.0051 0.000000 -0.012715 100 400 -2.5 -1.94649 -2.12946 0 -2.5 -0.66697 -1.11649 0 -1.11649 -1.11649 
13.298 2 1 2 0 -0.4289 -0.4277 0.2904 0.0051 0.000000 -0.012220 100 410 -2.5 -1.96256 -2.14434 0 -2.5 -0.64018 -1.09406 0 -1.09406 -1.09406 
13.338 2 1 2 0 -0.4107 -0.3825 0.2743 0.0051 0.000000 -0.012567 100 410 -2.5 -1.97862 -2.15988 0 -2.5 -0.612223 -1.07096 0 -1.07096 -1.07096 
13.378 2 1 2 0 -0.4280 -0.3872 0.2582 0.0052 0.000000 -0.012773 100 440 -2.5 -1.99469 -2.17545 0 -2.5 -0.584198 -1.04772 0 -1.04772 -1.04772 
13.418 2 1 2 0 -0.4541 -0.3762 0.2420 0.0052 -0.002591 -0.012796 100 440 -2.5 -2.01095 -2.19277 0 -2.5 -0.553011 -1.02278 0 -1.02278 -1.02278 
13.458 2 1 2 0 -0.4437 -0.3796 0.2261 0.0052 0.000000 -0.012166 100 410 -2.5 -2.02682 -2.20676 0 -2.5 -0.527828 -1.00076 0 -1.00076 -1.00076 
13.498 2 1 2 0 -0.4360 -0.3902 0.2101 0.0052 0.000000 -0.012200 100 410 -2.5 -2.04288 -2.22328 0 -2.5 -0.498093 -0.976379 0 -0.976379 -0.976379 
13.538 2 1 2 0 -0.4142 -0.4211 0.1940 0.0052 0.000000 -0.012378 100 410 -2.5 -2.05895 -2.2395 0 -2.5 -0.468903 -0.952167 0 -0.952167 -0.952167 
13.578 2 1 2 0 -0.3923 -0.4372 0.1775 0.0052 0.000000 -0.012770 100 400 -2.5 -2.07541 -2.25908 0 -2.5 -0.433658 -0.924814 0 -0.924814 -0.924814 
13.618 2 1 2 0 -0.3856 -0.3811 0.1615 0.0052 0.000000 -0.012862 100 410 -2.5 -2.09148 -2.27359 0 -2.5 -0.407538 -0.901901 0 -0.901901 -0.901901 
13.658 2 1 2 0 -0.4144 -0.4234 0.1450 0.0052 0.000000 -0.012028 100 410 -2.5 -2.10795 -2.29114 0 -2.5 -0.375945 -0.876133 0 -0.876133 -0.876133 
13.698 2 1 2 0 -0.3967 -0.4304 0.1289 0.0052 0.000000 -0.012944 100 410 -2.5 -2.12401 -2.30591 0 -2.5 -0.349362 -0.852807 0 -0.852807 -0.852807 
13.738 2 1 2 0 -0.4076 -0.4334 0.1129 0.0052 0.000000 -0.013130 100 410 -2.5 -2.14008 -2.32151 0 -2.5 -0.321285 -0.828665 0 -0.828665 -0.828665 
13.778 2 1 2 0 -0.4099 -0.4192 0.0968 0.0052 0.000000 -0.014104 100 410 -2.5 -2.15614 -2.33734 0 -2.5 -0.292796 -0.804236 0 -0.804236 -0.804236 
13.818 2 1 2 0 -0.4538 -0.4227 0.0807 0.0052 0.000000 -0.013627 100 410 -2.5 -2.17221 -2.35321 0 -2.5 -0.264221 -0.77968 0 -0.77968 -0.77968 
13.858 2 1 2 0 -0.3792 -0.4194 0.0647 0.0052 0.000000 -0.013304 100 410 -2.5 -2.18827 -2.36918 0 -2.5 -0.235468 -0.754955 0 -0.754955 -0.754955 
13.898 2 1 2 0 -0.3516 -0.4086 0.0488 0.0052 -0.002591 -0.012193 100 450 -2.5 -2.20414 -2.38381 0 -2.5 -0.209145 -0.73138 0 -0.73138 -0.73138 
13.938 2 1 2 0 -0.3635 -0.4107 0.0329 0.0052 0.000000 -0.013405 100 400 -2.5 -2.22 -2.39937 0 -2.5 -0.181141 -0.706909 0 -0.706909 -0.706909 
13.978 2 1 2 0 -0.3621 -0.4153 0.0169 0.0052 0.000000 -0.013920 100 400 -2.5 -2.23606 -2.41621 0 -2.5 -0.150818 -0.681185 0 -0.681185 -0.681185 
14.018 2 1 1 0 -0.4123 -0.4093 0.0004 0.0052 0.000000 -0.014165 100 400 2.5 -0.0050203 15.5628 0 2.5 -23.5131 -12.4368 0 -12.4368 -1.5 
14.058 2 1 1 0 -0.4600 -0.4288 -0.0157 0.0052 0.000000 -0.013081 100 410 2.5 -0.0210853 6.87427 0 2.5 -7.87368 -4.74854 0 -4.74854 -1.5 
14.098 2 1 1 0 -0.3963 -0.4217 -0.0317 0.0052 0.000000 -0.012555 100 410 2.5 -0.0371502 2.96152 0 2.5 -0.830728 -1.24939 0 -1.24939 -1.24939 
14.138 2 1 1 0 -0.4177 -0.3966 -0.0482 0.0052 0.000000 -0.012070 100 410 2.5 -0.0536168 1.19152 0 2.5 2.35526 0.369772 0 0.369772 0.369772 
14.178 2 1 1 0 -0.5211 -0.4795 -0.0663 0.0052 0.000000 0.005342 100 410 2.5 -0.0716898 0.37515 0 2.5 3.82473 1.15203 0 1.15203 1.15203 
14.218 2 1 1 0 -0.5226 -0.5331 -0.0863 0.0052 0.000000 0.042111 100 400 2.5 -0.0917711 -0.0156202 0 2.5 4.52812 1.56057 0 1.56057 1.5 
14.258 2 1 1 0 -0.4635 -0.5064 -0.1058 0.0051 0.002591 0.088016 100 430 2.5 -0.11125 -0.197264 0 2.5 4.85508 1.78463 0 1.78463 1.5 
14.298 2 1 1 0 -0.4818 -0.4307 -0.1241 0.0051 0.000000 0.126447 100 400 2.5 -0.129524 -0.281186 0 2.5 5.00613 1.92179 0 1.92179 1.5 
14.338 2 1 1 0 -0.3888 -0.3496 -0.1400 0.0051 0.002591 0.156867 100 440 2.5 -0.145388 -0.311496 0 2.5 5.06069 2.01044 0 2.01044 1.5 
14.378 2 1 1 0 -0.2829 -0.2908 -0.1534 0.0051 0.000000 0.176078 100 410 2.5 -0.158843 -0.315892 0 2.5 5.0686 2.07485 0 2.07485 1.5 
14.418 2 1 1 0 -0.2802 -0.2217 -0.1641 0.0051 0.002591 0.187926 100 440 2.5 -0.169486 -0.304775 0 2.5 5.04859 2.12404 0 2.12404 1.5 
14.458 2 1 1 0 -0.1948 -0.1804 -0.1719 0.0051 0.005182 0.189172 100 440 2.5 -0.177317 -0.285743 0 2.5 5.01434 2.16465 0 2.16465 1.5 
14.498 2 1 1 0 -0.0903 -0.1333 -0.1773 0.0051 0.002591 0.189644 100 440 2.5 -0.182739 -0.26395 0 2.5 4.97511 2.20127 0 2.20127 1.5 
14.538 2 1 1 0 -0.0667 -0.0693 -0.1807 0.0051 0.005182 0.186932 100 440 2.5 -0.186153 -0.243239 0 2.5 4.93783 2.23736 0 2.23736 1.5 
14.578 2 1 1 0 -0.0199 -0.0156 -0.1815 0.0051 0.005182 0.183652 100 430 2.5 -0.186956 -0.21673 0 2.5 4.89011 2.26674 0 2.26674 1.5 
14.618 2 1 1 0 0.0279 0.0397 -0.1807 0.0051 0.005182 0.183040 100 440 2.5 -0.186153 -0.193503 0 2.5 4.84831 2.29758 0 2.29758 1.5 
14.658 2 1 1 0 0.1573 0.1138 -0.1771 0.0051 0.005182 0.178496 100 440 2.5 -0.182538 -0.161435 0 2.5 4.79058 2.31898 0 2.31898 1.5 
14.698 2 1 1 0 0.1980 0.1584 -0.1709 0.0051 0.007773 0.166593 100 440 2.5 -0.176313 -0.126726 0 2.5 4.72811 2.33639 0 2.33639 1.5 
14.738 2 1 1 0 0.2421 0.2747 -0.1616 0.0052 0.007773 0.149127 100 440 2.5 -0.167076 -0.086797 0 2.5 4.65623 2.34744 0 2.34744 1.5 
14.778 2 1 1 0 0.2816 0.3251 -0.1502 0.0052 0.005182 0.129742 100 440 2.5 -0.15563 -0.0472752 0 2.5 4.58509 2.35725 0 2.35725 1.5 
14.818 2 1 1 0 0.4127 0.3511 -0.1374 0.0053 0.005182 0.111392 100 440 2.5 -0.142777 -0.0136813 0 2.5 4.52463 2.37083 0 2.37083 1.5 
14.858 2 1 1 0 0.4214 0.3988 -0.1227 0.0054 0.007773 0.091737 100 440 2.5 -0.128118 0.0212146 0 2.5 4.46181 2.38175 0 2.38175 1.5 
14.898 2 1 1 0 0.3937 0.4415 -0.1070 0.0055 0.007773 0.074462 100 420 2.5 -0.112455 0.052309 0 2.5 4.40584 2.39468 0 2.39468 1.5 
14.938 2 1 1 0 0.4516 0.4142 -0.0906 0.0056 0.007773 0.061166 100 440 2.5 -0.0959881 0.0804328 0 2.5 4.35522 2.40894 0 2.40894 1.5 
14.978 2 1 1 0 0.4619 0.4583 -0.0731 0.0057 0.005182 0.051011 100 450 2.5 -0.0785174 0.109242 0 2.5 4.30336 2.42128 0 2.42128 1.5 
15.018 2 1 1 0 0.4694 0.4869 -0.0544 0.0058 0.002591 0.040328 100 450 2.5 -0.0598419 0.140364 0 2.5 4.24734 2.43025 0 2.43025 1.5 
15.058 2 1 1 0 0.5440 0.4821 -0.0351 0.0059 0.002591 0.030923 100 440 2.5 -0.040564 0.169181 0 2.5 4.19547 2.44004 0 2.44004 1.5 
15.098 2 1 1 0 0.4452 0.4865 -0.0153 0.0059 0.000000 0.022304 100 430 2.5 -0.0206836 0.196654 0 2.5 4.14602 2.44982 0 2.44982 1.5 
15.138 2 1 1 0 0.5310 0.4919 0.0056 0.0059 0.000000 0.018027 100 400 2.5 0.000200849 0.227597 0 2.5 4.09033 2.45528 0 2.45528 1.5 
15.179 2 1 1 0 0.5270 0.5105 0.0273 0.0059 0.000000 0.010479 100 410 2.5 0.0218885 0.259083 0 2.5 4.03365 2.45905 0 2.45905 1.5 
15.219 2 1 1 0 0.5654 0.5800 0.0492 0.0059 0.002591 0.002745 100 440 2.5 0.043777 0.286565 0 2.5 3.98418 2.46526 0 2.46526 1.5 
15.259 2 1 1 0 0.5984 0.6073 0.0717 0.0060 0.002591 -0.003756 100 440 2.5 0.066268 0.315726 0 2.5 3.93169 2.46886 0 2.46886 1.5 
15.299 2 1 1 0 0.5840 0.5938 0.0946 0.0060 0.002591 -0.010636 100 400 2.5 0.0891606 0.343774 0 2.5 3.88121 2.47234 0 2.47234 1.5 
15.339 2 1 1 0 0.5967 0.6361 0.1179 0.0061 0.002591 -0.016811 100 440 2.5 0.112455 0.371264 0 2.5 3.83172 2.47525 0 2.47525 1.5 
15.379 2 1 1 0 0.5808 0.5910 0.1416 0.0061 0.002591 -0.024885 100 440 2.5 0.136151 0.399455 0 2.5 3.78098 2.47649 0 2.47649 1.5 
15.419 2 1 1 0 0.5427 0.5734 0.1655 0.0061 0.000000 -0.030723 100 430 2.5 0.160048 0.426297 0 2.5 3.73266 2.47792 0 2.47792 1.5 
15.459 2 1 1 0 0.6766 0.6257 0.1898 0.0061 -0.002591 -0.033979 100 440 2.5 0.184346 0.454708 0 2.5 3.68152 2.47694 0 2.47694 1.5 
15.499 2 1 1 0 0.5631 0.5789 0.2137 0.0060 0.000000 -0.037291 100 450 2.5 0.208243 0.478113 0 2.5 3.6394 2.47953 0 2.47953 1.5 
15.539 2 1 1 0 0.5710 0.6181 0.2376 0.0060 -0.002591 -0.039976 100 440 2.5 0.232139 0.50148 0 2.5 3.59734 2.48126 0 2.48126 1.5 
15.579 2 1 1 0 0.6141 0.6290 0.2615 0.0060 0.000000 -0.041952 100 410 2.5 0.256036 0.52474 0 2.5 3.55547 2.4822 0 2.4822 1.5 
15.619 2 1 1 0 0.6041 0.6594 0.2856 0.0060 0.000000 -0.045889 100 410 2.5 0.280133 0.549856 0 2.5 3.51026 2.48061 0 2.48061 1.5 
15.659 2 1 1 0 0.5986 0.5796 0.3095 0.0060 -0.002591 -0.048183 100 450 2.5 0.30403 0.573244 0 2.5 3.46816 2.47974 0 2.47974 1.5 
15.699 2 1 1 0 0.6139 0.5730 0.3335 0.0059 -0.002591 -0.049400 100 440 2.5 0.328127 0.598418 0 2.5 3.42285 2.47643 0 2.47643 1.5 
15.739 2 1 1 0 0.5972 0.6026 0.3572 0.0059 -0.002591 -0.051560 100 440 2.5 0.351823 0.619828 0 2.5 3.38431 2.4757 0 2.4757 1.5 
15.779 2 1 1 0 0.6221 0.6132 0.3809 0.0058 -0.002591 -0.053481 100 440 2.5 0.375518 0.642199 0 2.5 3.34404 2.47334 0 2.47334 1.5 
15.819 2 1 1 0 0.5275 0.6128 0.4046 0.0058 -0.002591 -0.053689 100 430 2.5 0.399214 0.665553 0 2.5 3.302 2.46934 0 2.46934 1.5 
15.859 2 1 1 0 0.5041 0.6503 0.4279 0.0057 -0.002591 -0.053945 100 440 2.5 0.422508 0.686759 0 2.5 3.26383 2.46657 0 2.46657 1.5 
15.899 2 1 1 0 0.5899 0.5474 0.4506 0.0057 0.000000 -0.055804 100 410 2.5 0.4452 0.704573 0 2.5 3.23177 2.46617 0 2.46617 1.5 
15.939 2 1 1 0 0.5745 0.5911 0.4733 0.0057 0.002591 -0.055179 100 440 2.5 0.467891 0.724845 0 2.5 3.19528 2.46289 0 2.46289 1.5 
15.979 2 1 1 0 0.5400 0.6011 0.4960 0.0057 0.000000 -0.054408 100 410 2.5 0.490583 0.746976 0 2.5 3.15544 2.45729 0 2.45729 1.5 
16.019 2 1 1 0 0.5691 0.5010 0.5181 0.0057 0.000000 -0.056854 100 400 2.5 0.512672 0.765079 0 2.5 3.12286 2.45468 0 2.45468 1.5 
16.059 2 1 1 0 0.5900 0.5400 0.5400 0.0057 -0.002591 -0.056043 100 440 2.5 0.53456 0.784057 0 2.5 3.0887 2.45068 0 2.45068 1.5 
16.099 2 1 1 0 0.5789 0.5836 0.5617 0.0057 -0.002591 -0.055875 100 440 2.5 0.556247 0.802681 0 2.5 3.05517 2.44639 0 2.44639 1.5 
16.139 2 1 1 0 0.4946 0.5512 0.5830 0.0056 -0.002591 -0.052365 100 440 2.5 0.577533 0.819495 0 2.5 3.02491 2.44314 0 2.44314 1.5 
16.179 2 1 1 0 0.4896 0.5484 0.6038 0.0055 -0.002591 -0.051926 100 450 2.5 0.598417 0.836222 0 2.5 2.9948 2.43945 0 2.43945 1.5 
16.219 2 1 1 0 0.5534 0.5316 0.6243 0.0056 0.002591 -0.051393 100 440 2.5 0.618899 0.852143 0 2.5 2.96614 2.43596 0 2.43596 1.5 
16.259 2 1 1 0 0.4848 0.5167 0.6448 0.0056 0.002591 -0.050372 100 440 2.5 0.639381 0.870522 0 2.5 2.93306 2.42974 0 2.42974 1.5 
16.299 2 1 1 0 0.5351 0.4778 0.6647 0.0056 0.000000 -0.050362 100 400 2.5 0.659261 0.885812 0 2.5 2.90554 2.42579 0 2.42579 1.5 
16.339 2 1 1 0 0.4458 0.4793 0.6844 0.0056 0.000000 -0.049327 100 410 2.5 0.678941 0.902442 0 2.5 2.8756 2.42017 0 2.42017 1.5 
16.379 2 1 1 0 0.4718 0.4743 0.7036 0.0057 0.000000 -0.047754 100 410 2.5 0.698218 0.917903 0 2.5 2.84777 2.41513 0 2.41513 1.5 
16.419 2 1 1 0 0.4520 0.4679 0.7229 0.0056 0.000000 -0.046000 100 410 2.5 0.717496 0.935542 0 2.5 2.81603 2.40766 0 2.40766 1.5 
16.459 2 1 1 0 0.5039 0.4690 0.7416 0.0056 -0.002591 -0.044861 100 440 2.5 0.736171 0.949505 0 2.5 2.79089 2.40305 0 2.40305 1.5 
16.499 2 1 1 0 0.4673 0.4274 0.7601 0.0056 -0.002591 -0.042707 100 430 2.5 0.754645 0.964156 0 2.5 2.76452 2.39739 0 2.39739 1.5 
16.539 2 1 1 0 0.4751 0.4357 0.7783 0.0056 0.000000 -0.039716 100 390 2.5 0.772919 0.979895 0 2.5 2.73619 2.39034 0 2.39034 1.5 
16.579 2 1 1 0 0.4389 0.4167 0.7960 0.0055 0.000000 -0.037152 100 410 2.5 0.79059 0.992452 0 2.5 2.71359 2.38576 0 2.38576 1.5 
16.618 2 1 1 0 0.3993 0.4205 0.8137 0.0055 0.000000 -0.035473 100 410 2.5 0.808261 1.00762 0 2.5 2.68629 2.37844 0 2.37844 1.5 
16.658 2 1 1 0 0.4340 0.4698 0.8312 0.0056 0.002591 -0.034521 100 440 2.5 0.825731 1.0234 0 2.5 2.65787 2.37018 0 2.37018 1.5 
16.698 2 1 1 0 0.4095 0.4226 0.8480 0.0056 0.002591 -0.033055 100 440 2.5 0.842599 1.03604 0 2.5 2.63513 2.3644 0 2.3644 1.5 
16.738 2 1 1 0 0.4622 0.3890 0.8649 0.0057 0.002591 -0.031311 100 440 2.5 0.859467 1.05093 0 2.5 2.60832 2.35623 0 2.35623 1.5 
16.778 2 1 1 0 0.4108 0.4308 0.8816 0.0057 0.000000 -0.029820 100 400 2.5 0.876134 1.06565 0 2.5 2.58184 2.34785 0 2.34785 1.5 
16.818 2 1 1 0 0.3668 0.3798 0.8980 0.0057 0.000000 -0.029659 100 410 2.5 0.8926 1.07978 0 2.5 2.55639 2.33964 0 2.33964 1.5 
16.858 2 1 1 0 0.3895 0.3664 0.9141 0.0057 0.000000 -0.027579 100 400 2.5 0.908665 1.09232 0 2.5 2.53383 2.33254 0 2.33254 1.5 
16.898 2 1 1 0 0.3897 0.4093 0.9302 0.0056 -0.005182 -0.024886 100 440 2.5 0.92473 1.10757 0 2.5 2.50638 2.3227 0 2.3227 1.5 
16.938 2 1 1 0 0.3955 0.3879 0.9456 0.0056 -0.002591 -0.025879 100 440 2.5 0.940192 1.11869 0 2.5 2.48635 2.31625 0 2.31625 1.5 
