%% logfile from robot Alma (11)
% Alma (11)
%  1    time 2.002 sec
%  2  3  4  5   (mission 0), state 2, entered (thread 1, line 1), events 0x0 (bit-flags)
%  6  7 Wheel velocity [m/s] left, right: 0.0342 0.0296
%  8  9 10 11 Pose x,y,h,tilt [m,m,rad,rad]: -0.0275111 0.000311935 0.00777337 -0.000515389
% 12 13 read sensor time [us]: 100 and ctrl time 420
% 14 23 ctrl bal pos, ref=0.5, m=0, m2=0, uf=0, r2=0.5, ep=1.25,up=1.25, ui=0, u1=1.25, u=1
2.002 2 1 1 0 0.0342 0.0296 -0.0275 0.0003 0.007773 -0.000515 100 420 0.5 0 0 0 0.5 1.25 1.25 0 1.25 1 
2.017 2 1 1 0 0.0334 0.0280 -0.0271 0.0003 0.007773 -0.001626 100 430 0.5 0.000401624 0.00316161 0 0.5 1.2421 1.2421 0 1.2421 1 
2.032 2 1 1 0 0.0180 0.0140 -0.0267 0.0003 0.007773 0.000057 100 430 0.5 0.000803247 0.00622098 0 0.5 1.23445 1.23445 0 1.23445 1 
2.047 2 1 1 0 0.0180 0.0140 -0.0267 0.0003 0.007773 0.002208 100 420 0.5 0.000803247 0.00481677 0 0.5 1.23796 1.23796 0 1.23796 1 
2.062 2 1 1 0 0.0114 0.0127 -0.0267 0.0003 0.007773 0.005433 100 410 0.5 0.000803247 0.00377652 0 0.5 1.24056 1.24056 0 1.24056 1 
2.077 2 1 1 0 0.0080 0.0086 -0.0267 0.0003 0.007773 0.009173 100 410 0.5 0.000803247 0.00300589 0 0.5 1.24249 1.24249 0 1.24249 1 
2.092 2 1 1 0 0.0062 0.0065 -0.0267 0.0003 0.007773 0.013345 100 420 0.5 0.000803247 0.002435 0 0.5 1.24391 1.24391 0 1.24391 1 
2.107 2 1 1 0 0.0050 0.0052 -0.0267 0.0003 0.007773 0.017593 100 420 0.5 0.000803247 0.00201208 0 0.5 1.24497 1.24497 0 1.24497 1 
2.122 2 1 1 0 0.0042 0.0044 -0.0267 0.0003 0.007773 0.021903 100 420 0.5 0.000803247 0.00169878 0 0.5 1.24575 1.24575 0 1.24575 1 
2.137 2 1 1 0 0.0036 0.0038 -0.0267 0.0003 0.007773 0.026467 100 420 0.5 0.000803247 0.00146668 0 0.5 1.24633 1.24633 0 1.24633 1 
2.152 2 1 1 0 0.0032 0.0033 -0.0267 0.0003 0.007773 0.031403 100 420 0.5 0.000803247 0.00129474 0 0.5 1.24676 1.24676 0 1.24676 1 
2.167 2 1 1 0 0.0029 0.0029 -0.0267 0.0003 0.007773 0.036851 100 420 0.5 0.000803247 0.00116736 0 0.5 1.24708 1.24708 0 1.24708 1 
2.182 2 1 1 0 0.0026 0.0026 -0.0267 0.0003 0.007773 0.042706 100 420 0.5 0.000803247 0.001073 0 0.5 1.24732 1.24732 0 1.24732 1 
2.197 2 1 1 0 0.0025 0.0025 -0.0263 0.0003 0.007773 0.048395 100 420 0.5 0.00120487 0.00458901 0 0.5 1.23853 1.23853 0 1.23853 1 
2.212 2 1 1 0 0.0025 0.0171 -0.0261 0.0003 0.010364 0.053810 100 420 0.5 0.00140568 0.00566668 0 0.5 1.23583 1.23583 0 1.23583 1 
2.227 2 1 1 0 0.0375 0.0171 -0.0257 0.0003 0.005182 0.058177 100 420 0.5 0.00180731 0.00812549 0 0.5 1.22969 1.22969 0 1.22969 1 
2.242 2 1 1 0 0.0386 0.0178 -0.0253 0.0003 0.005182 0.063647 100 430 0.5 0.00220893 0.00997123 0 0.5 1.22507 1.22507 0 1.22507 1 
2.257 2 1 1 0 0.0355 0.0476 -0.0247 0.0003 0.007773 0.067469 100 430 0.5 0.00281136 0.0130906 0 0.5 1.21727 1.21727 0 1.21727 1 
2.272 2 1 1 0 0.0456 0.0611 -0.0239 0.0003 0.007773 0.070443 100 430 0.5 0.00361461 0.0173217 0 0.5 1.2067 1.2067 0 1.2067 1 
2.287 2 1 1 0 0.0535 0.0780 -0.0227 0.0003 0.007773 0.071246 100 430 0.5 0.00481948 0.0243224 0 0.5 1.18919 1.18919 0 1.18919 1 
2.302 2 1 1 0 0.0838 0.0744 -0.0215 0.0004 0.007773 0.072700 100 420 0.5 0.00602435 0.030091 0 0.5 1.17477 1.17477 0 1.17477 1 
2.317 2 1 1 0 0.1046 0.0658 -0.0203 0.0004 0.007773 0.074424 100 420 0.5 0.00722922 0.034642 0 0.5 1.1634 1.1634 0 1.1634 1 
2.332 2 1 1 0 0.1281 0.0934 -0.0189 0.0004 0.005182 0.075158 100 440 0.5 0.00863491 0.0400925 0 0.5 1.14977 1.14977 0 1.14977 1 
2.347 2 1 1 0 0.1293 0.1150 -0.0173 0.0004 0.005182 0.075870 100 430 0.5 0.0102414 0.0460305 0 0.5 1.13492 1.13492 0 1.13492 1 
2.362 2 1 1 0 0.0833 0.1347 -0.0155 0.0004 0.007773 0.074686 100 430 0.5 0.0120487 0.0523664 0 0.5 1.11908 1.11908 0 1.11908 1 
2.377 2 1 1 0 0.1248 0.1281 -0.0133 0.0004 0.005182 0.073876 100 420 0.5 0.0142576 0.0613056 0 0.5 1.09674 1.09674 0 1.09674 1 
2.392 2 1 1 0 0.1265 0.1396 -0.0112 0.0004 0.005182 0.072000 100 430 0.5 0.0162658 0.0669193 0 0.5 1.0827 1.0827 0 1.0827 1 
2.407 2 1 1 0 0.1827 0.1313 -0.0090 0.0004 0.002591 0.071476 100 430 0.5 0.0184747 0.0731651 0 0.5 1.06709 1.06709 0 1.06709 1 
2.422 2 1 1 0 0.1914 0.1584 -0.0064 0.0004 0.005182 0.069618 100 430 0.5 0.0210852 0.0820033 0 0.5 1.04499 1.04499 0 1.04499 1 
2.437 2 1 1 0 0.1885 0.1827 -0.0040 0.0005 0.005182 0.067204 100 420 0.5 0.023495 0.0874465 0 0.5 1.03138 1.03138 0 1.03138 1 
2.452 2 1 1 0 0.2003 0.2151 -0.0012 0.0005 0.005182 0.065156 100 440 0.5 0.0263064 0.0955504 0 0.5 1.01112 1.01112 0 1.01112 1 
2.467 2 1 1 0 0.1713 0.2136 0.0016 0.0005 0.005182 0.063230 100 440 0.5 0.0291177 0.102151 0 0.5 0.994624 0.994624 0 0.994624 0.994624 
2.482 2 1 1 0 0.1790 0.1761 0.0044 0.0005 0.005182 0.061039 100 430 0.5 0.0319291 0.107765 0 0.5 0.980586 0.980586 0 0.980586 0.980586 
2.497 2 1 1 0 0.1926 0.1946 0.0076 0.0005 0.005182 0.060108 100 440 0.5 0.0351421 0.116184 0 0.5 0.95954 0.95954 0 0.95954 0.95954 
2.512 2 1 1 0 0.1860 0.2121 0.0108 0.0005 0.005182 0.057661 100 430 0.5 0.0383551 0.123403 0 0.5 0.941492 0.941492 0 0.941492 0.941492 
2.527 2 1 1 0 0.2322 0.2092 0.0141 0.0005 0.005182 0.055412 100 440 0.5 0.0415681 0.129731 0 0.5 0.925674 0.925674 0 0.925674 0.925674 
2.542 2 1 1 0 0.2037 0.1990 0.0175 0.0006 0.002591 0.052862 100 430 0.5 0.0449819 0.136875 0 0.5 0.907813 0.907813 0 0.907813 0.907813 
2.557 2 1 1 0 0.2136 0.2442 0.0207 0.0006 0.002591 0.049944 100 440 0.5 0.0481949 0.141309 0 0.5 0.896728 0.896728 0 0.896728 0.896728 
2.572 2 1 1 0 0.2239 0.2544 0.0243 0.0006 0.002591 0.049029 100 430 0.5 0.0518095 0.148679 0 0.5 0.878301 0.878301 0 0.878301 0.878301 
2.587 2 1 1 0 0.2571 0.2224 0.0279 0.0006 0.002591 0.045618 100 430 0.5 0.0554241 0.155269 0 0.5 0.861827 0.861827 0 0.861827 0.861827 
2.602 2 1 1 0 0.2462 0.2534 0.0317 0.0006 0.000000 0.044545 100 400 0.5 0.0592395 0.163069 0 0.5 0.842328 0.842328 0 0.842328 0.842328 
2.617 2 1 1 0 0.2580 0.2520 0.0353 0.0006 0.000000 0.041994 100 400 0.5 0.0628541 0.168129 0 0.5 0.829678 0.829678 0 0.829678 0.829678 
2.632 2 1 1 0 0.2410 0.2694 0.0390 0.0006 0.000000 0.040617 100 390 0.5 0.0664687 0.172426 0 0.5 0.818934 0.818934 0 0.818934 0.818934 
2.647 2 1 1 0 0.2298 0.2534 0.0430 0.0006 0.000000 0.038731 100 400 0.5 0.070485 0.180183 0 0.5 0.799542 0.799542 0 0.799542 0.799542 
2.662 2 1 1 0 0.2922 0.2434 0.0470 0.0006 0.000000 0.037872 100 390 0.5 0.0745012 0.18721 0 0.5 0.781976 0.781976 0 0.781976 0.781976 
2.677 2 1 1 0 0.2847 0.2438 0.0510 0.0006 0.000000 0.035555 100 400 0.5 0.0785174 0.193467 0 0.5 0.766332 0.766332 0 0.766332 0.766332 
2.692 2 1 1 0 0.2862 0.2649 0.0548 0.0006 -0.002591 0.034967 100 430 0.5 0.0823329 0.197203 0 0.5 0.756991 0.756991 0 0.756991 0.756991 
2.707 2 1 1 0 0.2698 0.2575 0.0590 0.0006 0.000000 0.032632 100 390 0.5 0.0865499 0.204445 0 0.5 0.738887 0.738887 0 0.738887 0.738887 
2.722 2 1 1 0 0.2722 0.2882 0.0633 0.0006 -0.002591 0.032316 100 430 0.5 0.090767 0.211022 0 0.5 0.722444 0.722444 0 0.722444 0.722444 
2.737 2 1 1 0 0.3015 0.3211 0.0673 0.0005 -0.002591 0.030274 100 430 0.5 0.0947832 0.214998 0 0.5 0.712505 0.712505 0 0.712505 0.712505 
2.752 2 1 1 0 0.2770 0.2797 0.0719 0.0005 -0.005182 0.029892 100 430 0.5 0.0994019 0.224287 0 0.5 0.689284 0.689284 0 0.689284 0.689284 
2.767 2 1 1 0 0.3314 0.3192 0.0763 0.0005 -0.005182 0.027887 100 430 0.5 0.10382 0.23094 0 0.5 0.67265 0.67265 0 0.67265 0.67265 
2.782 2 1 1 0 0.2805 0.3186 0.0809 0.0005 -0.002591 0.026969 100 430 0.5 0.108438 0.238622 0 0.5 0.653446 0.653446 0 0.653446 0.653446 
2.797 2 1 1 0 0.3509 0.3045 0.0853 0.0005 -0.002591 0.025543 100 440 0.5 0.112856 0.243887 0 0.5 0.640283 0.640283 0 0.640283 0.640283 
2.812 2 1 1 0 0.2919 0.3029 0.0900 0.0005 -0.005182 0.024042 100 440 0.5 0.117475 0.250337 0 0.5 0.624156 0.624156 0 0.624156 0.624156 
2.827 2 1 1 0 0.3408 0.3083 0.0948 0.0005 -0.005182 0.024029 100 430 0.5 0.122295 0.258352 0 0.5 0.604121 0.604121 0 0.604121 0.604121 
2.842 2 1 1 0 0.3013 0.3050 0.0994 0.0004 -0.002591 0.021481 100 430 0.5 0.126913 0.263841 0 0.5 0.590397 0.590397 0 0.590397 0.590397 
2.857 2 1 1 0 0.2788 0.3418 0.1042 0.0004 -0.002591 0.021205 100 430 0.5 0.131733 0.270737 0 0.5 0.573159 0.573159 0 0.573159 0.573159 
2.872 2 1 1 0 0.3686 0.3242 0.1090 0.0004 -0.002591 0.019544 100 440 0.5 0.136552 0.277187 0 0.5 0.557032 0.557032 0 0.557032 0.557032 
2.887 2 1 1 0 0.3205 0.3363 0.1139 0.0004 -0.002591 0.017896 100 440 0.5 0.141372 0.282937 0 0.5 0.542659 0.542659 0 0.542659 0.542659 
2.902 2 1 1 0 0.3614 0.3484 0.1191 0.0004 -0.002591 0.017722 100 440 0.5 0.146593 0.291974 0 0.5 0.520066 0.520066 0 0.520066 0.520066 
2.917 2 1 1 0 0.3482 0.3263 0.1241 0.0003 -0.005182 0.015793 100 440 0.5 0.151613 0.298474 0 0.5 0.503816 0.503816 0 0.503816 0.503816 
2.932 2 1 1 0 0.3031 0.3590 0.1291 0.0003 -0.002591 0.014144 100 430 0.5 0.156634 0.304474 0 0.5 0.488814 0.488814 0 0.488814 0.488814 
2.947 2 1 1 0 0.3429 0.3800 0.1343 0.0003 -0.002591 0.014008 100 430 0.5 0.161855 0.31204 0 0.5 0.469899 0.469899 0 0.469899 0.469899 
2.962 2 1 1 0 0.3664 0.3392 0.1396 0.0003 -0.002591 0.012721 100 430 0.5 0.167076 0.31925 0 0.5 0.451876 0.451876 0 0.451876 0.451876 
2.977 2 1 1 0 0.3783 0.3836 0.1448 0.0003 -0.002591 0.011678 100 440 0.5 0.172297 0.325811 0 0.5 0.435473 0.435473 0 0.435473 0.435473 
2.992 2 1 1 0 0.3061 0.3654 0.1500 0.0003 -0.002591 0.010848 100 430 0.5 0.177518 0.33183 0 0.5 0.420424 0.420424 0 0.420424 0.420424 
3.007 2 1 1 0 0.3826 0.3455 0.1554 0.0003 0.000000 0.008793 100 400 0.5 0.18294 0.339489 0 0.5 0.401279 0.401279 0 0.401279 0.401279 
3.022 2 1 1 0 0.3696 0.3740 0.1608 0.0003 0.002591 0.006798 100 440 0.5 0.188362 0.346441 0 0.5 0.383897 0.383897 0 0.383897 0.383897 
3.037 2 1 1 0 0.3097 0.3422 0.1663 0.0003 0.000000 0.005140 100 400 0.5 0.193784 0.35302 0 0.5 0.36745 0.36745 0 0.36745 0.36745 
3.052 2 1 1 0 0.3693 0.3247 0.1717 0.0003 0.002591 0.002927 100 440 0.5 0.199206 0.359434 0 0.5 0.351414 0.351414 0 0.351414 0.351414 
3.067 2 1 1 0 0.3299 0.3872 0.1769 0.0003 0.002591 0.000966 100 440 0.5 0.204427 0.363564 0 0.5 0.34109 0.34109 0 0.34109 0.34109 
3.082 2 1 1 0 0.3342 0.4263 0.1827 0.0003 0.000000 0.000008 100 400 0.5 0.210251 0.373492 0 0.5 0.316269 0.316269 0 0.316269 0.316269 
3.097 2 1 1 0 0.3908 0.3684 0.1880 0.0003 0.000000 -0.001945 100 400 0.5 0.215472 0.377122 0 0.5 0.307195 0.307195 0 0.307195 0.307195 
3.112 2 1 1 0 0.3722 0.3425 0.1936 0.0003 0.000000 -0.003048 100 400 0.5 0.221095 0.384484 0 0.5 0.28879 0.28879 0 0.28879 0.28879 
3.127 2 1 1 0 0.3426 0.3612 0.1990 0.0003 0.002591 -0.004993 100 430 0.5 0.226517 0.389634 0 0.5 0.275915 0.275915 0 0.275915 0.275915 
3.142 2 1 1 0 0.3917 0.3855 0.2044 0.0003 0.000000 -0.005349 100 400 0.5 0.231939 0.394716 0 0.5 0.263211 0.263211 0 0.263211 0.263211 
3.157 2 1 1 0 0.3663 0.3604 0.2100 0.0003 0.000000 -0.007328 100 400 0.5 0.237562 0.40185 0 0.5 0.245375 0.245375 0 0.245375 0.245375 
3.172 2 1 1 0 0.4096 0.4048 0.2157 0.0003 0.000000 -0.008331 100 400 0.5 0.243185 0.408749 0 0.5 0.228128 0.228128 0 0.228128 0.228128 
3.187 2 1 1 0 0.4513 0.4363 0.2215 0.0003 -0.002591 -0.009343 100 430 0.5 0.249008 0.417196 0 0.5 0.20701 0.20701 0 0.20701 0.20701 
3.202 2 1 1 0 0.3339 0.3618 0.2271 0.0003 -0.002591 -0.014447 100 430 0.5 0.254631 0.422867 0 0.5 0.192832 0.192832 0 0.192832 0.192832 
3.217 2 1 1 0 0.3502 0.3602 0.2327 0.0003 -0.002591 -0.017382 100 430 0.5 0.260254 0.428742 0 0.5 0.178144 0.178144 0 0.178144 0.178144 
3.232 2 1 1 0 0.3766 0.3908 0.2384 0.0003 -0.002591 -0.019054 100 420 0.5 0.265877 0.434581 0 0.5 0.163547 0.163547 0 0.163547 0.163547 
3.247 2 1 1 0 0.3779 0.3664 0.2442 0.0003 -0.005182 -0.019294 100 430 0.5 0.2717 0.441874 0 0.5 0.145314 0.145314 0 0.145314 0.145314 
3.262 2 1 1 0 0.4003 0.4029 0.2498 0.0002 -0.005182 -0.021817 100 420 0.5 0.277323 0.447138 0 0.5 0.132155 0.132155 0 0.132155 0.132155 
3.277 2 1 1 0 0.4225 0.3479 0.2556 0.0002 -0.002591 -0.025194 100 430 0.5 0.283147 0.454299 0 0.5 0.114253 0.114253 0 0.114253 0.114253 
3.292 2 1 1 0 0.3794 0.3641 0.2613 0.0002 -0.002591 -0.027045 100 440 0.5 0.288769 0.459218 0 0.5 0.101956 0.101956 0 0.101956 0.101956 
3.307 2 1 1 0 0.3382 0.3787 0.2671 0.0002 -0.005182 -0.030615 100 430 0.5 0.294593 0.466185 0 0.5 0.0845373 0.0845373 0 0.0845373 0.0845373 
3.322 2 1 1 0 0.3429 0.3630 0.2727 0.0001 -0.005182 -0.035344 100 430 0.5 0.300215 0.471126 0 0.5 0.0721842 0.0721842 0 0.0721842 0.0721842 
3.337 2 1 1 0 0.3715 0.3618 0.2783 0.0001 -0.005182 -0.039392 100 420 0.5 0.305838 0.476121 0 0.5 0.059697 0.059697 0 0.059697 0.059697 
3.352 2 1 1 0 0.3830 0.3612 0.2839 0.0001 -0.005182 -0.042706 100 440 0.5 0.311461 0.481083 0 0.5 0.0472915 0.0472915 0 0.0472915 0.0472915 
3.367 2 1 1 0 0.3676 0.3334 0.2898 0.0001 -0.007773 -0.046325 100 440 0.5 0.317284 0.488137 0 0.5 0.0296575 0.0296575 0 0.0296575 0.0296575 
3.382 2 1 1 0 0.4375 0.3869 0.2954 0.0000 -0.007773 -0.049970 100 440 0.5 0.322907 0.493285 0 0.5 0.0167871 0.0167871 0 0.0167871 0.0167871 
3.397 2 1 1 0 0.3999 0.3886 0.3012 -0.0000 -0.005182 -0.053222 100 430 0.5 0.32873 0.50033 0 0.5 -0.000824332 -0.000824332 0 -0.000824332 -0.000824332 
3.412 2 1 1 0 0.3985 0.3941 0.3068 -0.0000 -0.005182 -0.057254 100 420 0.5 0.334353 0.505446 0 0.5 -0.0136149 -0.0136149 0 -0.0136149 -0.0136149 
3.427 2 1 1 0 0.3349 0.4112 0.3125 -0.0001 -0.005182 -0.061595 100 430 0.5 0.339975 0.510551 0 0.5 -0.0263768 -0.0263768 0 -0.0263768 -0.0263768 
3.442 2 1 1 0 0.3666 0.4080 0.3179 -0.0001 -0.002591 -0.066843 100 430 0.5 0.345397 0.514022 0 0.5 -0.0350559 -0.0350559 0 -0.0350559 -0.0350559 
3.457 2 1 1 0 0.3290 0.3629 0.3233 -0.0001 0.000000 -0.071014 100 400 0.5 0.350819 0.517935 0 0.5 -0.044837 -0.044837 0 -0.044837 -0.044837 
3.472 2 1 1 0 0.3460 0.3412 0.3285 -0.0001 0.000000 -0.074568 100 400 0.5 0.35604 0.520555 0 0.5 -0.051387 -0.051387 0 -0.051387 -0.051387 
3.487 2 1 1 0 0.3417 0.3427 0.3337 -0.0001 0.000000 -0.078379 100 400 0.5 0.361261 0.523777 0 0.5 -0.0594431 -0.0594431 0 -0.0594431 -0.0594431 
3.502 2 1 1 0 0.2856 0.3524 0.3388 -0.0001 0.002591 -0.081147 100 430 0.5 0.366281 0.525686 0 0.5 -0.0642145 -0.0642145 0 -0.0642145 -0.0642145 
3.517 2 1 1 0 0.3329 0.3228 0.3438 -0.0001 0.000000 -0.084500 100 400 0.5 0.371301 0.528559 0 0.5 -0.0713974 -0.0713974 0 -0.0713974 -0.0713974 
3.532 2 1 1 0 0.3019 0.3249 0.3484 -0.0001 0.002591 -0.089814 100 430 0.5 0.37592 0.528494 0 0.5 -0.0712341 -0.0712341 0 -0.0712341 -0.0712341 
3.547 2 1 1 0 0.2905 0.3113 0.3528 -0.0001 0.002591 -0.094221 100 430 0.5 0.380338 0.527659 0 0.5 -0.0691473 -0.0691473 0 -0.0691473 -0.0691473 
3.562 2 1 1 0 0.3055 0.2767 0.3572 -0.0001 0.002591 -0.096335 100 420 0.5 0.384756 0.527965 0 0.5 -0.0699127 -0.0699127 0 -0.0699127 -0.0699127 
3.577 2 1 1 0 0.3008 0.2910 0.3619 -0.0001 0.000000 -0.097404 100 430 0.5 0.389374 0.531231 0 0.5 -0.0780779 -0.0780779 0 -0.0780779 -0.0780779 
3.592 2 1 1 0 0.2954 0.2533 0.3663 -0.0001 0.000000 -0.098704 100 390 0.5 0.393792 0.5333 0 0.5 -0.0832492 -0.0832492 0 -0.0832492 -0.0832492 
3.607 2 1 1 0 0.2646 0.2526 0.3703 -0.0001 0.000000 -0.101214 100 400 0.5 0.397808 0.532299 0 0.5 -0.080747 -0.080747 0 -0.080747 -0.080747 
3.622 2 1 1 0 0.2136 0.2449 0.3739 -0.0001 0.000000 -0.105249 100 430 0.5 0.401423 0.529069 0 0.5 -0.072673 -0.072673 0 -0.072673 -0.072673 
3.637 2 1 1 0 0.2418 0.2480 0.3775 -0.0001 0.000000 -0.106528 100 390 0.5 0.405037 0.527929 0 0.5 -0.0698233 -0.0698233 0 -0.0698233 -0.0698233 
3.652 2 1 1 0 0.2407 0.2310 0.3811 -0.0001 0.000000 -0.104606 100 400 0.5 0.408652 0.527864 0 0.5 -0.0696588 -0.0696588 0 -0.0696588 -0.0696588 
3.667 2 1 1 0 0.2123 0.2347 0.3848 -0.0001 0.000000 -0.103751 90 400 0.5 0.412266 0.528915 0 0.5 -0.0722885 -0.0722885 0 -0.0722885 -0.0722885 
3.682 2 1 1 0 0.2154 0.2170 0.3876 -0.0001 0.000000 -0.104278 100 400 0.5 0.415078 0.523345 0 0.5 -0.0583637 -0.0583637 0 -0.0583637 -0.0583637 
3.697 2 1 1 0 0.1901 0.1763 0.3904 -0.0001 0.000000 -0.103807 100 390 0.5 0.417889 0.519864 0 0.5 -0.049659 -0.049659 0 -0.049659 -0.049659 
3.712 2 1 1 0 0.1823 0.1878 0.3936 -0.0001 0.000000 -0.101349 100 400 0.5 0.421102 0.521615 0 0.5 -0.0540376 -0.0540376 0 -0.0540376 -0.0540376 
3.727 2 1 1 0 0.1740 0.1673 0.3964 -0.0001 0.000000 -0.099128 100 430 0.5 0.423913 0.52042 0 0.5 -0.051049 -0.051049 0 -0.051049 -0.051049 
3.742 2 1 1 0 0.1489 0.1816 0.3990 -0.0001 -0.002591 -0.098105 100 430 0.5 0.426524 0.518414 0 0.5 -0.0460351 -0.0460351 0 -0.0460351 -0.0460351 
3.757 2 1 1 0 0.1461 0.1476 0.4012 -0.0001 0.000000 -0.098264 100 430 0.5 0.428733 0.514077 0 0.5 -0.0351918 -0.0351918 0 -0.0351918 -0.0351918 
3.772 2 1 1 0 0.1776 0.1304 0.4034 -0.0001 -0.002591 -0.095363 100 430 0.5 0.430941 0.511273 0 0.5 -0.0281835 -0.0281835 0 -0.0281835 -0.0281835 
3.787 2 1 1 0 0.1296 0.1555 0.4058 -0.0001 -0.002591 -0.092502 100 430 0.5 0.433351 0.511485 0 0.5 -0.0287116 -0.0287116 0 -0.0287116 -0.0287116 
3.802 2 1 1 0 0.1271 0.1143 0.4078 -0.0001 -0.002591 -0.090546 100 430 0.5 0.435359 0.508861 0 0.5 -0.0221527 -0.0221527 0 -0.0221527 -0.0221527 
3.817 2 1 1 0 0.1157 0.1084 0.4095 -0.0001 -0.002591 -0.088812 100 430 0.5 0.436966 0.50372 0 0.5 -0.00930071 -0.00930071 0 -0.00930071 -0.00930071 
3.832 2 1 1 0 0.1289 0.1451 0.4115 -0.0001 -0.002591 -0.085394 100 420 0.5 0.438974 0.503827 0 0.5 -0.00956655 -0.00956655 0 -0.00956655 -0.00956655 
3.847 2 1 1 0 0.1270 0.0888 0.4131 -0.0001 -0.002591 -0.083477 100 410 0.5 0.44058 0.501 0 0.5 -0.00250101 -0.00250101 0 -0.00250101 -0.00250101 
3.862 2 1 1 0 0.0882 0.1200 0.4147 -0.0001 -0.002591 -0.082191 100 430 0.5 0.442187 0.499477 0 0.5 0.00130653 0.00130653 0 0.00130653 0.00130653 
3.877 2 1 1 0 0.0976 0.1023 0.4161 -0.0001 0.000000 -0.079786 100 440 0.5 0.443592 0.497254 0 0.5 0.00686407 0.00686407 0 0.00686407 0.00686407 
3.892 2 1 1 0 0.1039 0.0871 0.4175 -0.0001 -0.002591 -0.075663 100 430 0.5 0.444998 0.495906 0 0.5 0.0102341 0.0102341 0 0.0102341 0.0102341 
3.907 2 1 1 0 0.0783 0.0790 0.4187 -0.0001 -0.002591 -0.072556 100 430 0.5 0.446203 0.493262 0 0.5 0.0168455 0.0168455 0 0.0168455 0.0168455 
3.922 2 1 1 0 0.0586 0.0568 0.4195 -0.0001 -0.002591 -0.070761 100 420 0.5 0.447006 0.48805 0 0.5 0.0298762 0.0298762 0 0.0298762 0.0298762 
3.937 2 1 1 0 0.0655 0.0689 0.4205 -0.0001 0.000000 -0.068503 100 390 0.5 0.44801 0.486393 0 0.5 0.0340164 0.0340164 0 0.0340164 0.0340164 
3.952 2 1 1 0 0.0563 0.0529 0.4213 -0.0001 0.000000 -0.065184 100 390 0.5 0.448813 0.48343 0 0.5 0.041424 0.041424 0 0.041424 0.041424 
3.967 2 1 1 0 0.0275 0.0424 0.4217 -0.0001 0.000000 -0.062509 100 390 0.5 0.449215 0.477709 0 0.5 0.0557268 0.0557268 0 0.0557268 0.0557268 
3.982 2 1 1 0 0.0977 0.0349 0.4227 -0.0001 -0.002591 -0.056744 100 420 0.5 0.450219 0.479271 0 0.5 0.0518227 0.0518227 0 0.0518227 0.0518227 
3.997 2 1 1 0 0.0603 0.0889 0.4237 -0.0001 0.000000 -0.051834 100 390 0.5 0.451223 0.480486 0 0.5 0.0487852 0.0487852 0 0.0487852 0.0487852 
4.012 2 1 1 0 0.0411 0.0207 0.4239 -0.0001 -0.002591 -0.052051 100 420 0.5 0.451424 0.474601 0 0.5 0.0634968 0.0634968 0 0.0634968 0.0634968 
4.027 2 1 1 0 0.0165 0.0134 0.4241 -0.0001 0.000000 -0.052017 100 390 0.5 0.451625 0.470418 0 0.5 0.0739551 0.0739551 0 0.0739551 0.0739551 
4.042 2 1 1 0 0.0136 0.0373 0.4245 -0.0001 0.000000 -0.048538 100 390 0.5 0.452026 0.468916 0 0.5 0.0777102 0.0777102 0 0.0777102 0.0777102 
4.057 2 1 1 0 0.0136 0.0156 0.4245 -0.0001 0.000000 -0.043832 100 380 0.5 0.452026 0.464546 0 0.5 0.0886345 0.0886345 0 0.0886345 0.0886345 
4.072 2 1 1 0 0.0118 0.0099 0.4247 -0.0001 -0.002591 -0.038919 100 420 0.5 0.452227 0.463129 0 0.5 0.0921786 0.0921786 0 0.0921786 0.0921786 
4.087 2 1 1 0 -0.0242 0.0072 0.4245 -0.0001 0.000000 -0.035304 100 380 0.5 0.452026 0.458457 0 0.5 0.103858 0.103858 0 0.103858 0.103858 
4.102 2 1 1 0 0.0326 0.0057 0.4247 -0.0001 -0.002591 -0.032050 100 420 0.5 0.452227 0.458405 0 0.5 0.103987 0.103987 0 0.103987 0.103987 
4.117 2 1 1 0 -0.0145 0.0056 0.4247 -0.0001 0.002591 -0.029486 100 420 0.5 0.452227 0.456371 0 0.5 0.109073 0.109073 0 0.109073 0.109073 
4.132 2 1 1 0 0.0483 0.0056 0.4249 -0.0001 0.000000 -0.027257 100 390 0.5 0.452428 0.457028 0 0.5 0.10743 0.10743 0 0.10743 0.10743 
4.147 2 1 1 0 0.0172 0.0056 0.4249 -0.0001 0.000000 -0.025730 100 390 0.5 0.452428 0.45584 0 0.5 0.110401 0.110401 0 0.110401 0.110401 
4.162 2 1 1 0 -0.0159 -0.0071 0.4245 -0.0001 0.000000 -0.024587 100 390 0.5 0.452026 0.451529 0 0.5 0.121179 0.121179 0 0.121179 0.121179 
4.177 2 1 1 0 -0.0140 -0.0071 0.4245 -0.0001 0.000000 -0.023893 100 390 0.5 0.452026 0.451666 0 0.5 0.120835 0.120835 0 0.120835 0.120835 
4.192 2 1 1 0 -0.0092 -0.0071 0.4245 -0.0001 0.000000 -0.023562 100 390 0.5 0.452026 0.451767 0 0.5 0.120581 0.120581 0 0.120581 0.120581 
4.207 2 1 1 0 -0.0068 -0.0100 0.4243 -0.0001 -0.002591 -0.022966 100 430 0.5 0.451825 0.450144 0 0.5 0.124639 0.124639 0 0.124639 0.124639 
4.222 2 1 1 0 -0.0054 -0.0100 0.4243 -0.0001 -0.002591 -0.021125 100 420 0.5 0.451825 0.450584 0 0.5 0.12354 0.12354 0 0.12354 0.12354 
4.237 2 1 1 0 -0.0053 -0.0140 0.4239 -0.0001 -0.002591 -0.020451 100 420 0.5 0.451424 0.447605 0 0.5 0.130988 0.130988 0 0.130988 0.130988 
4.252 2 1 1 0 -0.0165 -0.0185 0.4235 -0.0001 -0.002591 -0.018181 100 420 0.5 0.451022 0.444792 0 0.5 0.138019 0.138019 0 0.138019 0.138019 
4.267 2 1 1 0 -0.0252 -0.0356 0.4231 -0.0001 -0.002591 -0.016616 100 430 0.5 0.450621 0.442766 0 0.5 0.143086 0.143086 0 0.143086 0.143086 
4.282 2 1 1 0 -0.0464 -0.0330 0.4225 -0.0001 -0.005182 -0.013095 100 420 0.5 0.450018 0.439513 0 0.5 0.151217 0.151217 0 0.151217 0.151217 
4.297 2 1 1 0 -0.0593 -0.0418 0.4219 -0.0001 -0.002591 -0.009206 100 430 0.5 0.449416 0.437057 0 0.5 0.157356 0.157356 0 0.157356 0.157356 
4.312 2 1 1 0 -0.0587 -0.0431 0.4211 -0.0001 -0.002591 -0.004173 100 420 0.5 0.448613 0.43312 0 0.5 0.167201 0.167201 0 0.167201 0.167201 
4.327 2 1 1 0 -0.0403 -0.0502 0.4205 -0.0001 -0.005182 0.000183 100 420 0.5 0.44801 0.432141 0 0.5 0.169648 0.169648 0 0.169648 0.169648 
4.342 2 1 1 0 -0.0555 -0.0761 0.4197 -0.0001 -0.005182 0.003649 100 420 0.5 0.447207 0.429272 0 0.5 0.17682 0.17682 0 0.17682 0.17682 
4.357 2 1 1 0 -0.0620 -0.0287 0.4187 -0.0001 -0.002591 0.008443 100 430 0.5 0.446203 0.425091 0 0.5 0.187273 0.187273 0 0.187273 0.187273 
4.372 2 1 1 0 -0.0246 -0.0835 0.4181 -0.0001 -0.005182 0.013026 100 430 0.5 0.4456 0.425032 0 0.5 0.187421 0.187421 0 0.187421 0.187421 
4.387 2 1 1 0 -0.0589 -0.0297 0.4175 -0.0001 -0.002591 0.016987 100 430 0.5 0.444998 0.425335 0 0.5 0.186663 0.186663 0 0.186663 0.186663 
4.402 2 1 1 0 -0.0199 -0.0554 0.4169 -0.0001 -0.005182 0.020684 100 420 0.5 0.444396 0.425207 0 0.5 0.186983 0.186983 0 0.186983 0.186983 
4.417 2 1 1 0 -0.0573 -0.0358 0.4161 -0.0001 -0.005182 0.022925 100 420 0.5 0.443592 0.423319 0 0.5 0.191702 0.191702 0 0.191702 0.191702 
4.432 2 1 1 0 -0.0553 -0.0371 0.4155 -0.0001 -0.002591 0.027487 100 420 0.5 0.44299 0.423298 0 0.5 0.191754 0.191754 0 0.191754 0.191754 
4.447 2 1 1 0 -0.0418 -0.0502 0.4149 -0.0001 -0.005182 0.031451 100 420 0.5 0.442387 0.423253 0 0.5 0.191867 0.191867 0 0.191867 0.191867 
4.462 2 1 1 0 -0.0239 -0.0392 0.4143 -0.0001 -0.007773 0.034209 100 430 0.5 0.441785 0.423026 0 0.5 0.192435 0.192435 0 0.192435 0.192435 
4.477 2 1 1 0 -0.0292 -0.0221 0.4141 -0.0001 -0.005182 0.038896 100 420 0.5 0.441584 0.426314 0 0.5 0.184215 0.184215 0 0.184215 0.184215 
4.492 2 1 1 0 -0.0140 -0.0561 0.4141 -0.0001 -0.005182 0.041552 100 420 0.5 0.441584 0.43013 0 0.5 0.174674 0.174674 0 0.174674 0.174674 
4.507 2 1 1 0 -0.0092 -0.0181 0.4141 -0.0001 -0.005182 0.042585 100 420 0.5 0.441584 0.433105 0 0.5 0.167238 0.167238 0 0.167238 0.167238 
4.522 2 1 1 0 -0.0082 -0.0108 0.4139 -0.0001 -0.002591 0.042681 100 420 0.5 0.441383 0.43355 0 0.5 0.166124 0.166124 0 0.166124 0.166124 
4.537 2 1 1 0 -0.0082 -0.0077 0.4139 -0.0001 -0.002591 0.044030 100 420 0.5 0.441383 0.435583 0 0.5 0.161043 0.161043 0 0.161043 0.161043 
4.552 2 1 1 0 -0.0082 -0.0060 0.4139 -0.0001 -0.002591 0.045559 100 430 0.5 0.441383 0.437088 0 0.5 0.15728 0.15728 0 0.15728 0.15728 
4.567 2 1 1 0 -0.0077 -0.0049 0.4139 -0.0001 -0.002591 0.047923 100 420 0.5 0.441383 0.438203 0 0.5 0.154493 0.154493 0 0.154493 0.154493 
4.582 2 1 1 0 0.0067 0.0047 0.4143 -0.0001 -0.002591 0.050658 100 430 0.5 0.441785 0.442648 0 0.5 0.14338 0.14338 0 0.14338 0.14338 
4.597 2 1 1 0 0.0067 0.0047 0.4143 -0.0001 -0.002591 0.053564 100 420 0.5 0.441785 0.442434 0 0.5 0.143914 0.143914 0 0.143914 0.143914 
4.612 2 1 1 0 0.0115 0.0157 0.4147 -0.0001 -0.002591 0.056601 100 420 0.5 0.442187 0.44595 0 0.5 0.135126 0.135126 0 0.135126 0.135126 
4.627 2 1 1 0 0.0115 0.0275 0.4149 -0.0001 0.000000 0.057198 100 390 0.5 0.442387 0.446739 0 0.5 0.133152 0.133152 0 0.133152 0.133152 
4.642 2 1 1 0 0.0190 0.0427 0.4155 -0.0001 0.002591 0.057539 100 420 0.5 0.44299 0.450811 0 0.5 0.122972 0.122972 0 0.122972 0.122972 
4.657 2 1 1 0 0.0555 0.0580 0.4163 -0.0001 0.002591 0.056519 100 430 0.5 0.443793 0.45571 0 0.5 0.110725 0.110725 0 0.110725 0.110725 
4.672 2 1 1 0 0.0841 0.0696 0.4175 -0.0001 0.002591 0.054617 100 430 0.5 0.444998 0.463302 0 0.5 0.0917459 0.0917459 0 0.0917459 0.0917459 
4.687 2 1 1 0 0.0533 0.1002 0.4187 -0.0001 0.002591 0.051994 100 430 0.5 0.446203 0.469397 0 0.5 0.0765073 0.0765073 0 0.0765073 0.0765073 
4.702 2 1 1 0 0.0837 0.1045 0.4199 -0.0001 0.002591 0.048474 100 410 0.5 0.447408 0.474078 0 0.5 0.0648057 0.0648057 0 0.0648057 0.0648057 
4.717 2 1 1 0 0.1075 0.0871 0.4215 -0.0001 0.002591 0.042692 100 420 0.5 0.449014 0.481407 0 0.5 0.0464821 0.0464821 0 0.0464821 0.0464821 
4.732 2 1 1 0 0.1138 0.1342 0.4229 -0.0000 0.005182 0.038288 100 420 0.5 0.45042 0.485526 0 0.5 0.0361848 0.0361848 0 0.0361848 0.0361848 
4.747 2 1 1 0 0.1367 0.1016 0.4247 -0.0000 0.002591 0.032647 100 440 0.5 0.452227 0.492395 0 0.5 0.0190127 0.0190127 0 0.0190127 0.0190127 
4.762 2 1 1 0 0.1442 0.1142 0.4263 -0.0000 0.002591 0.028345 100 420 0.5 0.453834 0.496108 0 0.5 0.00973105 0.00973105 0 0.00973105 0.00973105 
4.777 2 1 1 0 0.1280 0.1141 0.4283 -0.0000 0.002591 0.022204 100 430 0.5 0.455842 0.50292 0 0.5 -0.00729918 -0.00729918 0 -0.00729918 -0.00729918 
4.792 2 1 1 0 0.1226 0.1250 0.4299 -0.0000 0.002591 0.016409 100 420 0.5 0.457448 0.504837 0 0.5 -0.0120914 -0.0120914 0 -0.0120914 -0.0120914 
4.807 2 1 1 0 0.1119 0.1143 0.4317 -0.0000 0.005182 0.009836 100 440 0.5 0.459255 0.508269 0 0.5 -0.0206733 -0.0206733 0 -0.0206733 -0.0206733 
4.822 2 1 1 0 0.1494 0.1155 0.4339 -0.0000 0.002591 0.005787 100 420 0.5 0.461464 0.515151 0 0.5 -0.0378776 -0.0378776 0 -0.0378776 -0.0378776 
4.837 2 1 1 0 0.1148 0.1397 0.4356 -0.0000 0.002591 -0.000162 100 430 0.5 0.463071 0.515484 0 0.5 -0.0387096 -0.0387096 0 -0.0387096 -0.0387096 
4.852 2 1 1 0 0.1125 0.1232 0.4376 0.0000 0.002591 -0.005416 100 430 0.5 0.465079 0.51956 0 0.5 -0.0488997 -0.0488997 0 -0.0488997 -0.0488997 
4.867 2 1 1 0 0.1349 0.1119 0.4392 0.0000 0.002591 -0.010564 100 420 0.5 0.466685 0.519531 0 0.5 -0.0488281 -0.0488281 0 -0.0488281 -0.0488281 
4.882 2 1 1 0 0.1118 0.1013 0.4412 0.0000 0.002591 -0.015820 100 420 0.5 0.468693 0.523448 0 0.5 -0.0586188 -0.0586188 0 -0.0586188 -0.0586188 
4.897 2 1 1 0 0.1052 0.1120 0.4428 0.0000 0.002591 -0.019864 100 430 0.5 0.4703 0.523571 0 0.5 -0.0589263 -0.0589263 0 -0.0589263 -0.0589263 
4.912 2 1 1 0 0.1110 0.1138 0.4444 0.0000 0.002591 -0.023318 100 420 0.5 0.471906 0.523888 0 0.5 -0.0597191 -0.0597191 0 -0.0597191 -0.0597191 
4.927 2 1 1 0 0.1177 0.0887 0.4460 0.0000 0.002591 -0.026782 100 430 0.5 0.473513 0.524462 0 0.5 -0.0611544 -0.0611544 0 -0.0611544 -0.0611544 
4.942 2 1 1 0 0.1124 0.0860 0.4474 0.0000 0.000000 -0.030770 100 430 0.5 0.474918 0.523627 0 0.5 -0.059067 -0.059067 0 -0.059067 -0.059067 
4.957 2 1 1 0 0.0865 0.1218 0.4488 0.0000 0.002591 -0.033602 100 430 0.5 0.476324 0.523441 0 0.5 -0.0586021 -0.0586021 0 -0.0586021 -0.0586021 
4.972 2 1 1 0 0.1393 0.0876 0.4502 0.0000 0.000000 -0.035488 100 390 0.5 0.47773 0.523438 0 0.5 -0.0585961 -0.0585961 0 -0.0585961 -0.0585961 
4.987 2 1 1 0 0.0735 0.0851 0.4516 0.0000 0.002591 -0.036944 100 430 0.5 0.479135 0.523686 0 0.5 -0.0592148 -0.0592148 0 -0.0592148 -0.0592148 
5.002 2 1 1 0 0.0712 0.1053 0.4528 0.0000 0.002591 -0.040122 100 420 0.5 0.48034 0.522528 0 0.5 -0.0563204 -0.0563204 0 -0.0563204 -0.0563204 
5.017 2 1 1 0 0.0701 0.0565 0.4538 0.0000 0.000000 -0.043009 100 390 0.5 0.481344 0.520195 0 0.5 -0.0504863 -0.0504863 0 -0.0504863 -0.0504863 
5.032 2 1 1 0 0.0438 0.0933 0.4546 0.0000 0.005182 -0.044802 100 420 0.5 0.482147 0.517365 0 0.5 -0.0434124 -0.0434124 0 -0.0434124 -0.0434124 
5.047 2 1 1 0 0.1171 0.0577 0.4558 0.0000 0.000000 -0.043188 100 430 0.5 0.483352 0.519127 0 0.5 -0.0478184 -0.0478184 0 -0.0478184 -0.0478184 
5.062 2 1 1 0 0.0663 0.0553 0.4570 0.0000 0.000000 -0.041756 100 430 0.5 0.484557 0.520564 0 0.5 -0.0514102 -0.0514102 0 -0.0514102 -0.0514102 
5.077 2 1 1 0 0.0326 0.0444 0.4574 0.0000 0.000000 -0.043130 100 390 0.5 0.484959 0.514946 0 0.5 -0.037365 -0.037365 0 -0.037365 -0.037365 
5.092 2 1 1 0 0.0272 0.0354 0.4578 0.0000 0.000000 -0.043854 100 390 0.5 0.48536 0.510703 0 0.5 -0.0267577 -0.0267577 0 -0.0267577 -0.0267577 
5.107 2 1 1 0 0.0361 0.0574 0.4584 0.0000 0.002591 -0.042302 100 420 0.5 0.485963 0.509448 0 0.5 -0.0236189 -0.0236189 0 -0.0236189 -0.0236189 
5.122 2 1 1 0 0.0992 0.0537 0.4595 0.0000 0.000000 -0.040123 100 400 0.5 0.486967 0.511891 0 0.5 -0.0297272 -0.0297272 0 -0.0297272 -0.0297272 
5.137 2 1 1 0 0.0211 0.0179 0.4595 0.0000 0.000000 -0.042694 100 390 0.5 0.486967 0.50544 0 0.5 -0.0135994 -0.0135994 0 -0.0135994 -0.0135994 
5.152 2 1 1 0 0.0133 0.0107 0.4597 0.0000 -0.002591 -0.043148 100 430 0.5 0.487168 0.502579 0 0.5 -0.00644684 -0.00644684 0 -0.00644684 -0.00644684 
5.167 2 1 1 0 0.0133 0.0103 0.4599 0.0000 0.000000 -0.040327 100 390 0.5 0.487368 0.500226 0 0.5 -0.000566244 -0.000566244 0 -0.000566244 -0.000566244 
5.182 2 1 1 0 0.0123 0.0103 0.4599 0.0000 0.000000 -0.036380 100 380 0.5 0.487368 0.496898 0 0.5 0.00775576 0.00775576 0 0.00775576 0.00775576 
5.197 2 1 1 0 0.0116 0.0122 0.4603 0.0000 0.000000 -0.033533 100 380 0.5 0.48777 0.497711 0 0.5 0.00572324 0.00572324 0 0.00572324 0.00572324 
5.212 2 1 1 0 0.0116 0.0122 0.4603 0.0000 0.000000 -0.032065 100 380 0.5 0.48777 0.49514 0 0.5 0.0121498 0.0121498 0 0.0121498 0.0121498 
5.227 2 1 1 0 0.0093 0.0102 0.4603 0.0000 0.000000 -0.030271 100 380 0.5 0.48777 0.493236 0 0.5 0.016911 0.016911 0 0.016911 0.016911 
5.242 2 1 1 0 0.0069 0.0074 0.4603 0.0000 0.000000 -0.028653 100 380 0.5 0.48777 0.491825 0 0.5 0.0204372 0.0204372 0 0.0204372 0.0204372 
5.257 2 1 1 0 0.0055 0.0058 0.4603 0.0000 0.000000 -0.027702 100 390 0.5 0.48777 0.490779 0 0.5 0.0230515 0.0230515 0 0.0230515 0.0230515 
5.272 2 1 1 0 0.0045 0.0048 0.4603 0.0000 0.000000 -0.027053 100 380 0.5 0.48777 0.490004 0 0.5 0.0249898 0.0249898 0 0.0249898 0.0249898 
5.287 2 1 1 0 0.0039 0.0040 0.4603 0.0000 0.000000 -0.026740 100 380 0.5 0.48777 0.489431 0 0.5 0.0264215 0.0264215 0 0.0264215 0.0264215 
5.302 2 1 1 0 0.0034 0.0035 0.4603 0.0000 0.000000 -0.026943 100 390 0.5 0.48777 0.489007 0 0.5 0.0274825 0.0274825 0 0.0274825 0.0274825 
5.317 2 1 1 0 0.0030 0.0031 0.4603 0.0000 0.000000 -0.027436 100 380 0.5 0.48777 0.488692 0 0.5 0.0282693 0.0282693 0 0.0282693 0.0282693 
5.332 2 1 1 0 -0.0025 -0.0029 0.4599 0.0000 0.000000 -0.028182 100 420 0.5 0.487368 0.48455 0 0.5 0.0386262 0.0386262 0 0.0386262 0.0386262 
5.347 2 1 1 0 -0.0025 -0.0389 0.4597 0.0000 -0.002591 -0.027499 100 430 0.5 0.487168 0.48362 0 0.5 0.0409508 0.0409508 0 0.0409508 0.0409508 
5.362 2 1 1 0 -0.0025 -0.0159 0.4597 0.0000 -0.002591 -0.026786 100 420 0.5 0.487168 0.484545 0 0.5 0.0386381 0.0386381 0 0.0386381 0.0386381 
5.377 2 1 1 0 -0.0128 -0.0118 0.4593 0.0000 -0.002591 -0.026681 100 420 0.5 0.486766 0.481801 0 0.5 0.0454986 0.0454986 0 0.0454986 0.0454986 
5.392 2 1 1 0 -0.0183 -0.0295 0.4588 0.0000 -0.002591 -0.024877 100 420 0.5 0.486364 0.479723 0 0.5 0.0506926 0.0506926 0 0.0506926 0.0506926 
5.407 2 1 1 0 -0.0263 -0.0142 0.4584 0.0000 -0.002591 -0.023735 100 420 0.5 0.485963 0.477672 0 0.5 0.0558209 0.0558209 0 0.0558209 0.0558209 
5.422 2 1 1 0 -0.0378 -0.0565 0.4576 0.0001 -0.002591 -0.022178 100 430 0.5 0.48516 0.472806 0 0.5 0.0679839 0.0679839 0 0.0679839 0.0679839 
5.437 2 1 1 0 -0.0355 -0.0184 0.4572 0.0001 -0.002591 -0.017694 100 430 0.5 0.484758 0.472172 0 0.5 0.0695705 0.0695705 0 0.0695705 0.0695705 
5.452 2 1 1 0 -0.0843 -0.0729 0.4562 0.0001 -0.005182 -0.016674 100 420 0.5 0.483754 0.466415 0 0.5 0.0839627 0.0839627 0 0.0839627 0.0839627 
5.467 2 1 1 0 -0.0436 -0.0246 0.4560 0.0001 -0.002591 -0.011768 100 430 0.5 0.483553 0.469188 0 0.5 0.0770295 0.0770295 0 0.0770295 0.0770295 
5.482 2 1 1 0 -0.0592 -0.0862 0.4550 0.0001 -0.005182 -0.010146 100 440 0.5 0.482549 0.463797 0 0.5 0.0905085 0.0905085 0 0.0905085 0.0905085 
5.497 2 1 1 0 -0.0545 -0.0448 0.4542 0.0001 -0.005182 -0.006814 100 430 0.5 0.481746 0.461678 0 0.5 0.0958061 0.0958061 0 0.0958061 0.0958061 
5.512 2 1 1 0 -0.0888 -0.0682 0.4532 0.0001 -0.002591 -0.002256 100 420 0.5 0.480742 0.457949 0 0.5 0.105127 0.105127 0 0.105127 0.105127 
5.527 2 1 1 0 -0.0348 -0.0549 0.4526 0.0001 -0.005182 0.002361 100 430 0.5 0.480139 0.458738 0 0.5 0.103154 0.103154 0 0.103154 0.103154 
5.542 2 1 1 0 -0.0799 -0.0406 0.4516 0.0001 -0.002591 0.005073 100 420 0.5 0.479135 0.455441 0 0.5 0.111398 0.111398 0 0.111398 0.111398 
5.557 2 1 1 0 -0.0646 -0.0537 0.4508 0.0001 -0.002591 0.008224 100 430 0.5 0.478332 0.454608 0 0.5 0.113479 0.113479 0 0.113479 0.113479 
5.572 2 1 1 0 -0.0460 -0.0372 0.4502 0.0001 0.000000 0.012518 100 380 0.5 0.47773 0.455389 0 0.5 0.111526 0.111526 0 0.111526 0.111526 
5.587 2 1 1 0 -0.0481 -0.0654 0.4492 0.0001 -0.002591 0.015379 100 420 0.5 0.476726 0.452431 0 0.5 0.118922 0.118922 0 0.118922 0.118922 
5.602 2 1 1 0 -0.0433 -0.0253 0.4488 0.0001 -0.002591 0.017681 100 430 0.5 0.476324 0.455062 0 0.5 0.112344 0.112344 0 0.112344 0.112344 
5.617 2 1 1 0 -0.0436 -0.0698 0.4480 0.0001 -0.002591 0.019662 100 430 0.5 0.475521 0.453441 0 0.5 0.116397 0.116397 0 0.116397 0.116397 
5.632 2 1 1 0 -0.0500 -0.0200 0.4476 0.0001 -0.002591 0.022862 100 440 0.5 0.475119 0.455453 0 0.5 0.111368 0.111368 0 0.111368 0.111368 
5.647 2 1 1 0 -0.0215 -0.0513 0.4472 0.0001 -0.002591 0.024612 100 420 0.5 0.474718 0.456947 0 0.5 0.107633 0.107633 0 0.107633 0.107633 
5.662 2 1 1 0 -0.0547 -0.0262 0.4466 0.0001 0.000000 0.026334 100 390 0.5 0.474115 0.456466 0 0.5 0.108835 0.108835 0 0.108835 0.108835 
5.677 2 1 1 0 -0.0180 -0.0344 0.4464 0.0001 -0.002591 0.028721 100 430 0.5 0.473914 0.459406 0 0.5 0.101485 0.101485 0 0.101485 0.101485 
5.692 2 1 1 0 -0.0108 -0.0151 0.4464 0.0001 -0.002591 0.030546 100 430 0.5 0.473914 0.46317 0 0.5 0.0920761 0.0920761 0 0.0920761 0.0920761 
5.707 2 1 1 0 -0.0077 -0.0096 0.4464 0.0001 -0.002591 0.031221 100 410 0.5 0.473914 0.465957 0 0.5 0.0851083 0.0851083 0 0.0851083 0.0851083 
5.722 2 1 1 0 -0.0069 -0.0071 0.4462 0.0001 0.000000 0.029945 100 380 0.5 0.473714 0.466205 0 0.5 0.0844872 0.0844872 0 0.0844872 0.0844872 
5.737 2 1 1 0 -0.0069 -0.0059 0.4460 0.0001 -0.002591 0.029868 100 430 0.5 0.473513 0.466307 0 0.5 0.0842321 0.0842321 0 0.0842321 0.0842321 
5.752 2 1 1 0 -0.0069 -0.0059 0.4460 0.0001 -0.002591 0.030034 100 420 0.5 0.473513 0.468181 0 0.5 0.0795484 0.0795484 0 0.0795484 0.0795484 
5.767 2 1 1 0 -0.0069 -0.0059 0.4460 0.0001 -0.002591 0.030725 100 420 0.5 0.473513 0.469569 0 0.5 0.0760782 0.0760782 0 0.0760782 0.0760782 
5.782 2 1 1 0 -0.0061 -0.0059 0.4460 0.0001 -0.002591 0.031775 100 420 0.5 0.473513 0.470597 0 0.5 0.0735068 0.0735068 0 0.0735068 0.0735068 
5.797 2 1 1 0 -0.0050 -0.0059 0.4460 0.0001 -0.002591 0.033254 100 430 0.5 0.473513 0.471359 0 0.5 0.0716031 0.0716031 0 0.0716031 0.0716031 
5.812 2 1 1 0 0.0041 0.0053 0.4464 0.0001 -0.002591 0.035255 100 430 0.5 0.473914 0.475703 0 0.5 0.0607419 0.0607419 0 0.0607419 0.0607419 
5.827 2 1 1 0 0.0041 0.0281 0.4466 0.0001 0.000000 0.036794 100 390 0.5 0.474115 0.477 0 0.5 0.0574994 0.0574994 0 0.0574994 0.0574994 
5.842 2 1 1 0 0.0143 0.0181 0.4468 0.0001 -0.002591 0.036942 100 430 0.5 0.474316 0.478249 0 0.5 0.0543773 0.0543773 0 0.0543773 0.0543773 
5.857 2 1 1 0 0.0143 0.0150 0.4470 0.0001 0.000000 0.038037 100 390 0.5 0.474517 0.478961 0 0.5 0.0525963 0.0525963 0 0.0525963 0.0525963 
5.872 2 1 1 0 0.0285 0.0465 0.4478 0.0001 0.000000 0.037046 100 390 0.5 0.47532 0.484944 0 0.5 0.0376403 0.0376403 0 0.0376403 0.0376403 
5.887 2 1 1 0 0.0478 0.0556 0.4484 0.0001 0.002591 0.035022 100 420 0.5 0.475922 0.487862 0 0.5 0.0303447 0.0303447 0 0.0303447 0.0303447 
5.902 2 1 1 0 0.0508 0.0587 0.4492 0.0001 0.002591 0.032118 100 430 0.5 0.476726 0.491667 0 0.5 0.0208318 0.0208318 0 0.0208318 0.0208318 
5.917 2 1 1 0 0.0657 0.0682 0.4502 0.0001 0.000000 0.028463 100 390 0.5 0.47773 0.496491 0 0.5 0.00877142 0.00877142 0 0.00877142 0.00877142 
5.932 2 1 1 0 0.0570 0.0701 0.4512 0.0001 0.002591 0.025972 100 430 0.5 0.478734 0.500478 0 0.5 -0.00119567 -0.00119567 0 -0.00119567 -0.00119567 
5.947 2 1 1 0 0.0616 0.0947 0.4524 0.0001 0.002591 0.021537 100 430 0.5 0.479939 0.505614 0 0.5 -0.0140357 -0.0140357 0 -0.0140357 -0.0140357 
5.962 2 1 1 0 0.0838 0.0653 0.4534 0.0001 0.000000 0.016887 100 390 0.5 0.480943 0.507864 0 0.5 -0.0196588 -0.0196588 0 -0.0196588 -0.0196588 
5.977 2 1 1 0 0.0757 0.0744 0.4546 0.0001 0.005182 0.013274 100 440 0.5 0.482147 0.511535 0 0.5 -0.0288379 -0.0288379 0 -0.0288379 -0.0288379 
5.992 2 1 1 0 0.0614 0.0987 0.4558 0.0001 0.005182 0.008782 100 420 0.5 0.483352 0.514437 0 0.5 -0.036093 -0.036093 0 -0.036093 -0.036093 
6.007 2 1 1 0 0.0859 0.1132 0.4572 0.0001 0.002591 0.003983 100 430 0.5 0.484758 0.518886 0 0.5 -0.047214 -0.047214 0 -0.047214 -0.047214 
6.022 2 1 1 0 0.0962 0.0774 0.4586 0.0001 0.000000 0.000514 100 430 0.5 0.486164 0.522443 0 0.5 -0.056107 -0.056107 0 -0.056107 -0.056107 
6.037 2 1 1 0 0.1102 0.0706 0.4601 0.0001 0.002591 -0.005991 100 430 0.5 0.487569 0.525573 0 0.5 -0.0639331 -0.0639331 0 -0.0639331 -0.0639331 
6.052 2 1 1 0 0.0739 0.1219 0.4613 0.0001 0.002591 -0.010532 100 420 0.5 0.488774 0.526612 0 0.5 -0.0665295 -0.0665295 0 -0.0665295 -0.0665295 
6.067 2 1 1 0 0.0866 0.0741 0.4625 0.0001 0.002591 -0.014822 100 420 0.5 0.489979 0.527224 0 0.5 -0.0680602 -0.0680602 0 -0.0680602 -0.0680602 
6.082 2 1 1 0 0.0690 0.0743 0.4637 0.0001 0.002591 -0.018938 100 430 0.5 0.491184 0.528023 0 0.5 -0.0700581 -0.0700581 0 -0.0700581 -0.0700581 
6.097 2 1 1 0 0.1119 0.0574 0.4649 0.0001 0.002591 -0.021937 100 420 0.5 0.492389 0.529183 0 0.5 -0.0729585 -0.0729585 0 -0.0729585 -0.0729585 
6.112 2 1 1 0 0.0733 0.0768 0.4661 0.0001 0.002591 -0.024430 100 420 0.5 0.493594 0.530192 0 0.5 -0.0754809 -0.0754809 0 -0.0754809 -0.0754809 
6.127 2 1 1 0 0.0514 0.0704 0.4669 0.0001 0.002591 -0.027964 100 410 0.5 0.494397 0.527695 0 0.5 -0.0692368 -0.0692368 0 -0.0692368 -0.0692368 
6.142 2 1 1 0 0.1020 0.0671 0.4681 0.0001 0.002591 -0.030376 100 420 0.5 0.495602 0.529559 0 0.5 -0.0738966 -0.0738966 0 -0.0738966 -0.0738966 
6.157 2 1 1 0 0.0782 0.0838 0.4693 0.0001 0.002591 -0.032441 100 420 0.5 0.496806 0.531238 0 0.5 -0.0780952 -0.0780952 0 -0.0780952 -0.0780952 
6.172 2 1 1 0 0.0358 0.0485 0.4697 0.0001 0.002591 -0.035874 100 420 0.5 0.497208 0.525682 0 0.5 -0.0642049 -0.0642049 0 -0.0642049 -0.0642049 
6.187 2 1 1 0 0.0292 0.0606 0.4703 0.0001 0.005182 -0.037646 100 430 0.5 0.49781 0.523695 0 0.5 -0.0592387 -0.0592387 0 -0.0592387 -0.0592387 
6.202 2 1 1 0 0.1123 0.0592 0.4713 0.0001 0.002591 -0.034961 100 420 0.5 0.498815 0.525886 0 0.5 -0.0647151 -0.0647151 0 -0.0647151 -0.0647151 
6.217 2 1 1 0 0.0414 0.0504 0.4721 0.0001 0.002591 -0.036469 100 420 0.5 0.499618 0.525586 0 0.5 -0.0639653 -0.0639653 0 -0.0639653 -0.0639653 
6.232 2 1 1 0 0.0573 0.0183 0.4727 0.0001 0.000000 -0.039202 100 430 0.5 0.50022 0.524282 0 0.5 -0.0607061 -0.0607061 0 -0.0607061 -0.0607061 
6.247 2 1 1 0 0.0195 0.0747 0.4731 0.0001 0.005182 -0.040467 100 420 0.5 0.500622 0.521536 0 0.5 -0.0538409 -0.0538409 0 -0.0538409 -0.0538409 
6.262 2 1 1 0 0.0549 0.0340 0.4737 0.0001 0.002591 -0.040631 100 410 0.5 0.501224 0.52131 0 0.5 -0.0532758 -0.0532758 0 -0.0532758 -0.0532758 
6.277 2 1 1 0 0.0314 0.0695 0.4743 0.0001 0.005182 -0.040759 100 430 0.5 0.501827 0.521496 0 0.5 -0.0537395 -0.0537395 0 -0.0537395 -0.0537395 
6.292 2 1 1 0 0.0601 0.0373 0.4749 0.0001 0.002591 -0.040976 100 440 0.5 0.502429 0.521849 0 0.5 -0.0546229 -0.0546229 0 -0.0546229 -0.0546229 
6.307 2 1 1 0 0.0265 0.0156 0.4749 0.0001 0.002591 -0.045383 100 430 0.5 0.502429 0.516824 0 0.5 -0.0420594 -0.0420594 0 -0.0420594 -0.0420594 
6.322 2 1 1 0 0.0133 0.0110 0.4751 0.0001 0.005182 -0.047199 100 410 0.5 0.50263 0.514919 0 0.5 -0.0372982 -0.0372982 0 -0.0372982 -0.0372982 
6.337 2 1 1 0 0.0089 0.0110 0.4751 0.0001 0.005182 -0.046422 100 420 0.5 0.50263 0.511739 0 0.5 -0.0293481 -0.0293481 0 -0.0293481 -0.0293481 
6.352 2 1 1 0 0.0067 0.0110 0.4751 0.0001 0.005182 -0.045292 100 420 0.5 0.50263 0.509384 0 0.5 -0.0234592 -0.0234592 0 -0.0234592 -0.0234592 
6.367 2 1 1 0 0.0053 0.0080 0.4751 0.0001 0.005182 -0.044908 100 420 0.5 0.50263 0.507638 0 0.5 -0.0190961 -0.0190961 0 -0.0190961 -0.0190961 
6.382 2 1 1 0 0.0045 0.0062 0.4751 0.0001 0.005182 -0.044760 100 410 0.5 0.50263 0.506345 0 0.5 -0.0158632 -0.0158632 0 -0.0158632 -0.0158632 
6.397 2 1 1 0 0.0038 -0.0063 0.4749 0.0001 0.002591 -0.044875 100 420 0.5 0.502429 0.503836 0 0.5 -0.00959039 -0.00959039 0 -0.00959039 -0.00959039 
6.412 2 1 1 0 -0.0035 -0.0063 0.4747 0.0001 0.005182 -0.044290 100 440 0.5 0.502228 0.501489 0 0.5 -0.00372171 -0.00372171 0 -0.00372171 -0.00372171 
6.427 2 1 1 0 -0.0035 -0.0109 0.4745 0.0001 0.002591 -0.043999 100 420 0.5 0.502027 0.499962 0 0.5 9.41753e-05 9.41753e-05 0 9.41753e-05 9.41753e-05 
6.442 2 1 1 0 -0.0197 -0.0246 0.4741 0.0001 0.002591 -0.041617 100 430 0.5 0.501626 0.49705 0 0.5 0.00737548 0.00737548 0 0.00737548 0.00737548 
6.457 2 1 1 0 -0.0257 -0.0449 0.4735 0.0001 0.000000 -0.039331 100 390 0.5 0.501023 0.492896 0 0.5 0.017761 0.017761 0 0.017761 0.017761 
6.472 2 1 1 0 -0.0474 -0.0401 0.4729 0.0001 0.002591 -0.036252 100 430 0.5 0.500421 0.489698 0 0.5 0.025754 0.025754 0 0.025754 0.025754 
6.487 2 1 1 0 -0.0470 -0.0532 0.4721 0.0001 0.002591 -0.032850 100 420 0.5 0.499618 0.485491 0 0.5 0.036273 0.036273 0 0.036273 0.036273 
6.502 2 1 1 0 -0.0430 -0.0732 0.4713 0.0001 -0.002591 -0.030236 100 420 0.5 0.498815 0.482104 0 0.5 0.0447392 0.0447392 0 0.0447392 0.0447392 
6.517 2 1 1 0 -0.0512 -0.0635 0.4705 0.0001 -0.002591 -0.026466 100 430 0.5 0.498011 0.479331 0 0.5 0.0516713 0.0516713 0 0.0516713 0.0516713 
6.532 2 1 1 0 -0.0627 -0.0492 0.4695 0.0001 0.000000 -0.021764 100 420 0.5 0.497007 0.475235 0 0.5 0.0619137 0.0619137 0 0.0619137 0.0619137 
6.547 2 1 1 0 -0.0767 -0.0731 0.4685 0.0001 -0.002591 -0.018656 100 430 0.5 0.496003 0.471895 0 0.5 0.0702631 0.0702631 0 0.0702631 0.0702631 
6.562 2 1 1 0 -0.0574 -0.0780 0.4677 0.0001 -0.002591 -0.014898 100 420 0.5 0.4952 0.471043 0 0.5 0.0723922 0.0723922 0 0.0723922 0.0723922 
6.577 2 1 1 0 -0.0516 -0.0526 0.4667 0.0001 0.000000 -0.009741 100 420 0.5 0.494196 0.468646 0 0.5 0.0783849 0.0783849 0 0.0783849 0.0783849 
6.592 2 1 1 0 -0.0763 -0.0905 0.4657 0.0001 -0.002591 -0.005908 100 420 0.5 0.493192 0.466405 0 0.5 0.0839877 0.0839877 0 0.0839877 0.0839877 
6.607 2 1 1 0 -0.0582 -0.0807 0.4647 0.0001 -0.005182 -0.002948 100 420 0.5 0.492188 0.464635 0 0.5 0.0884116 0.0884116 0 0.0884116 0.0884116 
6.622 2 1 1 0 -0.0882 -0.0476 0.4637 0.0002 -0.002591 0.001555 100 420 0.5 0.491184 0.463096 0 0.5 0.0922596 0.0922596 0 0.0922596 0.0922596 
6.637 2 1 1 0 -0.0651 -0.0769 0.4627 0.0002 -0.005182 0.005695 100 440 0.5 0.49018 0.461256 0 0.5 0.0968599 0.0968599 0 0.0968599 0.0968599 
6.652 2 1 1 0 -0.0687 -0.0441 0.4621 0.0002 -0.002591 0.008936 100 430 0.5 0.489577 0.463545 0 0.5 0.0911379 0.0911379 0 0.0911379 0.0911379 
6.667 2 1 1 0 -0.0681 -0.0524 0.4611 0.0002 -0.005182 0.010819 100 430 0.5 0.488573 0.461349 0 0.5 0.0966275 0.0966275 0 0.0966275 0.0966275 
6.682 2 1 1 0 -0.0565 -0.0921 0.4603 0.0002 -0.005182 0.012630 100 430 0.5 0.48777 0.46134 0 0.5 0.0966489 0.0966489 0 0.0966489 0.0966489 
6.697 2 1 1 0 -0.0726 -0.0326 0.4597 0.0002 -0.002591 0.016293 100 430 0.5 0.487168 0.462977 0 0.5 0.0925577 0.0925577 0 0.0925577 0.0925577 
6.712 2 1 1 0 -0.0304 -0.0726 0.4591 0.0002 -0.005182 0.019857 100 430 0.5 0.486565 0.463965 0 0.5 0.0900877 0.0900877 0 0.0900877 0.0900877 
6.727 2 1 1 0 -0.0207 -0.0364 0.4586 0.0002 -0.005182 0.021481 100 420 0.5 0.486164 0.466469 0 0.5 0.083828 0.083828 0 0.083828 0.083828 
6.742 2 1 1 0 -0.0444 -0.0186 0.4580 0.0002 -0.002591 0.021492 100 420 0.5 0.485561 0.466294 0 0.5 0.0842655 0.0842655 0 0.0842655 0.0842655 
6.757 2 1 1 0 -0.0227 -0.0417 0.4574 0.0002 -0.005182 0.020186 100 420 0.5 0.484959 0.466064 0 0.5 0.0848401 0.0848401 0 0.0848401 0.0848401 
6.772 2 1 1 0 -0.0495 -0.0253 0.4568 0.0002 -0.002591 0.023505 100 430 0.5 0.484356 0.465904 0 0.5 0.0852394 0.0852394 0 0.0852394 0.0852394 
6.787 2 1 1 0 -0.0174 -0.0340 0.4566 0.0002 -0.005182 0.026598 100 420 0.5 0.484156 0.469056 0 0.5 0.0773597 0.0773597 0 0.0773597 0.0773597 
6.802 2 1 1 0 -0.0105 -0.0150 0.4566 0.0002 -0.005182 0.028528 100 410 0.5 0.484156 0.472976 0 0.5 0.0675607 0.0675607 0 0.0675607 0.0675607 
6.817 2 1 1 0 -0.0092 -0.0148 0.4562 0.0002 -0.005182 0.026905 100 410 0.5 0.483754 0.472507 0 0.5 0.0687313 0.0687313 0 0.0687313 0.0687313 
6.832 2 1 1 0 -0.0305 -0.0139 0.4560 0.0002 -0.002591 0.025286 100 430 0.5 0.483553 0.473849 0 0.5 0.0653768 0.0653768 0 0.0653768 0.0653768 
6.847 2 1 1 0 -0.0143 -0.0091 0.4560 0.0002 -0.002591 0.024725 100 420 0.5 0.483553 0.476371 0 0.5 0.059073 0.059073 0 0.059073 0.059073 
6.862 2 1 1 0 -0.0093 -0.0068 0.4560 0.0002 -0.002591 0.023918 100 420 0.5 0.483553 0.478239 0 0.5 0.0544035 0.0544035 0 0.0544035 0.0544035 
6.877 2 1 1 0 -0.0069 -0.0054 0.4560 0.0002 -0.002591 0.023960 100 420 0.5 0.483553 0.479623 0 0.5 0.0509417 0.0509417 0 0.0509417 0.0509417 
6.892 2 1 1 0 -0.0055 -0.0045 0.4560 0.0002 -0.002591 0.024019 100 420 0.5 0.483553 0.480649 0 0.5 0.0483775 0.0483775 0 0.0483775 0.0483775 
6.907 2 1 1 0 -0.0046 -0.0039 0.4560 0.0002 -0.002591 0.024737 100 420 0.5 0.483553 0.48141 0 0.5 0.0464761 0.0464761 0 0.0464761 0.0464761 
6.922 2 1 1 0 -0.0039 -0.0034 0.4560 0.0002 -0.002591 0.025644 100 420 0.5 0.483553 0.481972 0 0.5 0.0450706 0.0450706 0 0.0450706 0.0450706 
6.937 2 1 1 0 -0.0034 -0.0030 0.4560 0.0002 -0.002591 0.027085 100 420 0.5 0.483553 0.482388 0 0.5 0.04403 0.04403 0 0.04403 0.04403 
6.952 2 1 1 0 -0.0030 0.0027 0.4562 0.0002 0.000000 0.028688 100 390 0.5 0.483754 0.484616 0 0.5 0.0384593 0.0384593 0 0.0384593 0.0384593 
6.967 2 1 1 0 0.0026 0.0027 0.4564 0.0002 -0.002591 0.029906 100 420 0.5 0.483955 0.486285 0 0.5 0.0342882 0.0342882 0 0.0342882 0.0342882 
6.982 2 1 1 0 0.0355 0.0158 0.4568 0.0002 -0.002591 0.031752 100 420 0.5 0.484356 0.489231 0 0.5 0.0269222 0.0269222 0 0.0269222 0.0269222 
6.997 2 1 1 0 0.0180 0.0282 0.4570 0.0002 0.000000 0.030509 100 390 0.5 0.484557 0.48973 0 0.5 0.0256741 0.0256741 0 0.0256741 0.0256741 
7.012 2 1 1 0 0.0622 0.0422 0.4578 0.0002 0.000000 0.028766 100 390 0.5 0.48536 0.495165 0 0.5 0.0120866 0.0120866 0 0.0120866 0.0120866 
7.027 2 1 1 0 0.0714 0.0536 0.4586 0.0002 0.000000 0.025182 100 390 0.5 0.486164 0.499651 0 0.5 0.00087142 0.00087142 0 0.00087142 0.00087142 
7.042 2 1 1 0 0.0438 0.0932 0.4595 0.0002 0.005182 0.020968 100 430 0.5 0.486967 0.503336 0 0.5 -0.00833988 -0.00833988 0 -0.00833988 -0.00833988 
7.057 2 1 1 0 0.0956 0.0399 0.4603 0.0002 0.000000 0.018753 100 400 0.5 0.48777 0.506105 0 0.5 -0.0152624 -0.0152624 0 -0.0152624 -0.0152624 
7.072 2 1 1 0 0.0637 0.0468 0.4613 0.0002 0.002591 0.014323 100 430 0.5 0.488774 0.510179 0 0.5 -0.0254464 -0.0254464 0 -0.0254464 -0.0254464 
7.087 2 1 1 0 0.0642 0.0952 0.4625 0.0002 0.002591 0.010268 100 420 0.5 0.489979 0.515375 0 0.5 -0.0384367 -0.0384367 0 -0.0384367 -0.0384367 
7.102 2 1 1 0 0.0610 0.0561 0.4633 0.0002 0.002591 0.005273 100 420 0.5 0.490782 0.515775 0 0.5 -0.039438 -0.039438 0 -0.039438 -0.039438 
7.117 2 1 1 0 0.0910 0.0741 0.4645 0.0002 0.002591 0.001477 100 420 0.5 0.491987 0.519816 0 0.5 -0.049541 -0.049541 0 -0.049541 -0.049541 
7.132 2 1 1 0 0.0640 0.1078 0.4657 0.0002 0.002591 -0.002017 100 390 0.5 0.493192 0.522923 0 0.5 -0.0573063 -0.0573063 0 -0.0573063 -0.0573063 
7.147 2 1 1 0 0.0790 0.0384 0.4667 0.0002 0.000000 -0.007641 100 390 0.5 0.494196 0.523789 0 0.5 -0.0594735 -0.0594735 0 -0.0594735 -0.0594735 
7.162 2 1 1 0 0.0563 0.0890 0.4679 0.0002 0.005182 -0.011580 100 440 0.5 0.495401 0.526791 0 0.5 -0.0669765 -0.0669765 0 -0.0669765 -0.0669765 
7.177 2 1 1 0 0.0668 0.0995 0.4691 0.0002 0.005182 -0.015926 100 420 0.5 0.496606 0.529113 0 0.5 -0.072782 -0.072782 0 -0.072782 -0.072782 
7.192 2 1 1 0 0.0814 0.0511 0.4701 0.0002 0.002591 -0.019854 100 420 0.5 0.49761 0.529535 0 0.5 -0.0738382 -0.0738382 0 -0.0738382 -0.0738382 
7.207 2 1 1 0 0.0553 0.0660 0.4711 0.0002 0.005182 -0.022677 100 440 0.5 0.498614 0.530234 0 0.5 -0.0755858 -0.0755858 0 -0.0755858 -0.0755858 
7.222 2 1 1 0 0.0774 0.0839 0.4721 0.0002 0.002591 -0.025820 100 410 0.5 0.499618 0.530694 0 0.5 -0.076735 -0.076735 0 -0.076735 -0.076735 
7.237 2 1 1 0 0.0535 0.0333 0.4729 0.0002 0.002591 -0.028690 100 430 0.5 0.500421 0.529518 0 0.5 -0.0737953 -0.0737953 0 -0.0737953 -0.0737953 
7.252 2 1 1 0 0.0291 0.0749 0.4737 0.0002 0.002591 -0.030934 100 430 0.5 0.501224 0.529007 0 0.5 -0.0725174 -0.0725174 0 -0.0725174 -0.0725174 
7.267 2 1 1 0 0.0566 0.0409 0.4745 0.0002 0.002591 -0.032791 100 430 0.5 0.502027 0.528641 0 0.5 -0.0716019 -0.0716019 0 -0.0716019 -0.0716019 
7.282 2 1 1 0 0.0474 0.0492 0.4753 0.0002 0.002591 -0.036749 100 430 0.5 0.502831 0.528712 0 0.5 -0.0717807 -0.0717807 0 -0.0717807 -0.0717807 
7.297 2 1 1 0 0.0447 0.0190 0.4755 0.0002 0.000000 -0.039676 100 390 0.5 0.503031 0.523703 0 0.5 -0.0592577 -0.0592577 0 -0.0592577 -0.0592577 
7.312 2 1 1 0 0.0294 0.0682 0.4763 0.0002 0.005182 -0.039853 100 440 0.5 0.503835 0.525321 0 0.5 -0.0633013 -0.0633013 0 -0.0633013 -0.0633013 
7.327 2 1 1 0 0.0182 0.0316 0.4767 0.0002 0.005182 -0.038516 100 420 0.5 0.504236 0.523495 0 0.5 -0.058738 -0.058738 0 -0.058738 -0.058738 
7.342 2 1 1 0 0.0435 0.0278 0.4773 0.0002 0.002591 -0.038197 100 420 0.5 0.504839 0.523639 0 0.5 -0.059098 -0.059098 0 -0.059098 -0.059098 
7.357 2 1 1 0 0.0166 0.0210 0.4773 0.0002 0.002591 -0.041009 100 420 0.5 0.504839 0.518774 0 0.5 -0.0469339 -0.0469339 0 -0.0469339 -0.0469339 
7.372 2 1 1 0 0.0102 0.0118 0.4773 0.0002 0.002591 -0.042432 100 420 0.5 0.504839 0.515169 0 0.5 -0.0379217 -0.0379217 0 -0.0379217 -0.0379217 
7.387 2 1 1 0 0.0078 0.0110 0.4777 0.0002 0.002591 -0.041220 100 420 0.5 0.50524 0.515966 0 0.5 -0.0399148 -0.0399148 0 -0.0399148 -0.0399148 
7.402 2 1 1 0 0.0246 0.0152 0.4781 0.0002 0.002591 -0.040473 100 420 0.5 0.505642 0.517098 0 0.5 -0.0427449 -0.0427449 0 -0.0427449 -0.0427449 
7.417 2 1 1 0 0.0238 0.0152 0.4781 0.0002 0.002591 -0.039613 100 420 0.5 0.505642 0.514133 0 0.5 -0.0353336 -0.0353336 0 -0.0353336 -0.0353336 
7.432 2 1 1 0 0.0126 0.0127 0.4781 0.0002 0.002591 -0.039189 100 410 0.5 0.505642 0.511938 0 0.5 -0.029844 -0.029844 0 -0.029844 -0.029844 
7.447 2 1 1 0 0.0086 0.0086 0.4781 0.0002 0.002591 -0.039346 100 420 0.5 0.505642 0.510311 0 0.5 -0.0257766 -0.0257766 0 -0.0257766 -0.0257766 
7.462 2 1 1 0 0.0065 0.0065 0.4781 0.0002 0.002591 -0.039811 100 420 0.5 0.505642 0.509105 0 0.5 -0.022763 -0.022763 0 -0.022763 -0.022763 
7.477 2 1 1 0 -0.0054 -0.0059 0.4777 0.0002 0.002591 -0.040819 100 430 0.5 0.50524 0.504626 0 0.5 -0.0115657 -0.0115657 0 -0.0115657 -0.0115657 
7.492 2 1 1 0 -0.0249 -0.0168 0.4773 0.0002 0.002591 -0.041976 100 420 0.5 0.504839 0.500879 0 0.5 -0.00219822 -0.00219822 0 -0.00219822 -0.00219822 
7.507 2 1 1 0 -0.0247 -0.0270 0.4771 0.0002 0.000000 -0.041609 100 390 0.5 0.504638 0.499958 0 0.5 0.000106096 0.000106096 0 0.000106096 0.000106096 
7.522 2 1 1 0 -0.0176 -0.0367 0.4767 0.0002 0.000000 -0.039859 100 390 0.5 0.504236 0.497663 0 0.5 0.00584126 0.00584126 0 0.00584126 0.00584126 
7.537 2 1 1 0 -0.0222 -0.0405 0.4761 0.0002 -0.002591 -0.038381 100 420 0.5 0.503634 0.493994 0 0.5 0.0150156 0.0150156 0 0.0150156 0.0150156 
7.552 2 1 1 0 -0.0332 -0.0430 0.4757 0.0002 -0.002591 -0.035201 100 420 0.5 0.503232 0.493134 0 0.5 0.0171649 0.0171649 0 0.0171649 0.0171649 
7.567 2 1 1 0 -0.0495 -0.0475 0.4749 0.0002 -0.002591 -0.033275 100 430 0.5 0.502429 0.488894 0 0.5 0.0277638 0.0277638 0 0.0277638 0.0277638 
7.582 2 1 1 0 -0.0538 -0.0481 0.4741 0.0002 -0.002591 -0.030683 100 420 0.5 0.501626 0.485232 0 0.5 0.0369191 0.0369191 0 0.0369191 0.0369191 
7.597 2 1 1 0 -0.0550 -0.0503 0.4733 0.0002 -0.002591 -0.026058 100 430 0.5 0.500823 0.482377 0 0.5 0.0440586 0.0440586 0 0.0440586 0.0440586 
