%% logfile from robot Alma (11)
% log is empty
% Alma (11)
%  1    time 2.005 sec
%  2  3  4  5   (mission 0), state 2, entered (thread 1, line 1), events 0x0 (bit-flags)
%  6  7 Motor velocity ref left, right: 0.0666 0.0670
%  8  9 Wheel velocity [m/s] left, right: 0.0571 0.0527
% 10 11 12 13 Pose x,y,h,tilt [m,m,rad,rad]: -0.0120488 0.000181074 0.00518225 -0.00498808
% 14    Battery voltage [V]: 11.52
% 15 16 read sensor time [us]: 100 and ctrl time 420
2.005 2 1 1 0 0.0666 0.0670 0.0571 0.0527 -0.0120 0.0002 0.005182 -0.004988 11.52 100 420 
2.015 2 1 1 0 0.0706 0.0357 0.0318 0.0407 -0.0118 0.0002 0.007773 -0.006593 11.52 100 420 
2.025 2 1 1 0 0.0458 0.0426 0.0308 0.0229 -0.0116 0.0002 0.005182 -0.007103 11.53 100 420 
2.035 2 1 1 0 0.0456 0.0374 0.0202 0.0146 -0.0116 0.0002 0.005182 -0.006626 11.52 100 420 
2.045 2 1 1 0 0.0590 0.0477 0.0134 0.0107 -0.0116 0.0002 0.005182 -0.004730 11.52 100 410 
2.055 2 1 1 0 0.0634 0.0510 0.0126 0.0097 -0.0112 0.0002 0.005182 -0.001152 11.52 100 420 
2.065 2 1 1 0 0.0582 0.0782 0.0630 0.0376 -0.0106 0.0002 0.002591 0.002543 11.52 100 420 
2.075 2 1 1 0 0.0476 0.0269 0.0317 0.0424 -0.0104 0.0002 0.005182 0.004085 11.51 100 420 
2.085 2 1 1 0 0.0537 0.0341 0.0177 0.0230 -0.0104 0.0002 0.005182 0.006160 11.52 100 420 
2.095 2 1 1 0 0.0594 0.0403 0.0123 0.0146 -0.0104 0.0002 0.005182 0.009209 11.52 100 400 
2.105 2 1 1 0 0.0391 0.0542 0.0100 0.0107 -0.0102 0.0002 0.002591 0.012670 11.52 100 410 
2.115 2 1 1 0 0.0627 0.0387 0.0704 0.0090 -0.0100 0.0002 0.005182 0.015728 11.53 100 420 
2.125 2 1 1 0 0.0552 0.0330 0.0358 0.0090 -0.0100 0.0002 0.005182 0.017990 11.53 100 420 
2.135 2 1 1 0 0.0680 0.0468 0.0189 0.0090 -0.0100 0.0002 0.005182 0.021574 11.52 100 420 
2.145 2 1 1 0 0.0616 0.0408 0.0129 0.0090 -0.0100 0.0002 0.005182 0.025532 11.52 100 420 
2.155 2 1 1 0 0.0538 0.0331 0.0097 0.0090 -0.0100 0.0002 0.005182 0.028020 11.53 100 420 
2.165 2 1 1 0 0.0843 0.0307 0.0078 0.0087 -0.0098 0.0002 0.007773 0.031783 11.52 100 400 
2.175 2 1 1 0 0.0835 0.0392 0.0066 0.0087 -0.0098 0.0002 0.007773 0.035347 11.51 100 410 
2.185 2 1 1 0 0.0910 0.0522 0.0056 0.0087 -0.0098 0.0002 0.007773 0.039333 11.52 100 420 
2.195 2 1 1 0 0.0706 0.0380 0.0054 0.0150 -0.0094 0.0002 0.007773 0.042781 11.52 100 420 
2.205 2 1 1 0 0.0838 0.0515 0.0054 0.0150 -0.0094 0.0002 0.007773 0.045205 11.52 100 420 
2.215 2 1 1 0 0.1047 0.0630 0.0256 0.0145 -0.0090 0.0002 0.007773 0.048475 11.52 100 420 
2.225 2 1 1 0 0.0742 0.0663 0.0302 0.0145 -0.0088 0.0002 0.005182 0.051542 11.52 100 420 
2.235 2 1 1 0 0.0926 0.0780 0.0401 0.0270 -0.0084 0.0002 0.005182 0.053367 11.52 100 420 
2.245 2 1 1 0 0.0993 0.0816 0.0427 0.0437 -0.0080 0.0002 0.005182 0.056102 11.51 100 420 
2.255 2 1 1 0 0.1142 0.0901 0.0458 0.0341 -0.0076 0.0002 0.005182 0.057955 11.51 100 420 
2.265 2 1 1 0 0.1176 0.0889 0.0567 0.0513 -0.0068 0.0002 0.005182 0.060564 11.51 100 420 
2.275 2 1 1 0 0.1263 0.0984 0.0516 0.0633 -0.0064 0.0002 0.005182 0.062225 11.51 100 420 
2.285 2 1 1 0 0.1314 0.1076 0.0686 0.0749 -0.0056 0.0002 0.005182 0.063989 11.51 100 420 
2.295 2 1 1 0 0.1552 0.0944 0.0688 0.0681 -0.0050 0.0002 0.007773 0.064926 11.51 100 420 
2.305 2 1 1 0 0.1245 0.1400 0.0977 0.0690 -0.0042 0.0002 0.002591 0.066411 11.50 100 430 
2.315 2 1 1 0 0.1617 0.1308 0.0908 0.0959 -0.0032 0.0002 0.005182 0.067670 11.50 100 420 
2.325 2 1 1 0 0.1595 0.1257 0.0964 0.0916 -0.0024 0.0002 0.005182 0.068946 11.50 100 420 
2.335 2 1 1 0 0.1519 0.1522 0.0929 0.1011 -0.0014 0.0002 0.002591 0.068860 11.50 100 420 
2.345 2 1 1 0 0.1765 0.1376 0.1042 0.1077 -0.0004 0.0002 0.005182 0.069362 11.50 100 400 
2.355 2 1 1 0 0.1866 0.1492 0.1081 0.1281 0.0008 0.0002 0.005182 0.069544 11.50 100 420 
2.365 2 1 1 0 0.1789 0.1418 0.1074 0.1028 0.0020 0.0003 0.005182 0.069142 11.50 100 420 
2.375 2 1 1 0 0.1970 0.1625 0.1295 0.1344 0.0032 0.0003 0.005182 0.069053 11.51 100 420 
2.385 2 1 1 0 0.1912 0.1914 0.1387 0.1242 0.0046 0.0003 0.002591 0.069263 11.50 100 420 
2.395 2 1 1 0 0.1862 0.1773 0.1337 0.1403 0.0058 0.0003 0.002591 0.068065 11.51 100 420 
2.405 2 1 1 0 0.2024 0.1887 0.1677 0.1461 0.0074 0.0003 0.002591 0.067505 11.51 100 420 
2.415 2 1 1 0 0.1846 0.2030 0.1376 0.1481 0.0088 0.0003 0.000000 0.066450 11.50 100 430 
2.425 2 1 1 0 0.2102 0.1907 0.1568 0.1389 0.0102 0.0003 0.002591 0.065759 11.51 100 420 
2.435 2 1 1 0 0.2058 0.2204 0.1734 0.1585 0.0120 0.0003 0.000000 0.064569 11.51 100 420 
2.445 2 1 1 0 0.2078 0.2178 0.1720 0.1616 0.0137 0.0003 0.000000 0.064102 11.51 100 420 
2.455 2 1 1 0 0.2095 0.2117 0.1680 0.1578 0.0153 0.0003 0.000000 0.062405 11.52 100 390 
2.465 2 1 1 0 0.2419 0.2040 0.1852 0.1925 0.0171 0.0003 0.002591 0.061687 11.51 100 420 
2.475 2 1 1 0 0.2323 0.1928 0.1494 0.1904 0.0187 0.0003 0.002591 0.059382 11.52 100 420 
2.485 2 1 1 0 0.2631 0.2247 0.2095 0.1984 0.0207 0.0003 0.002591 0.059214 11.51 100 420 
2.495 2 1 1 0 0.2442 0.2361 0.1865 0.1904 0.0225 0.0003 0.000000 0.059250 11.51 100 390 
2.505 2 1 1 0 0.2406 0.2295 0.2257 0.2096 0.0245 0.0003 0.000000 0.057841 11.51 100 390 
2.515 2 1 1 0 0.2421 0.2342 0.1953 0.2288 0.0265 0.0003 0.000000 0.055376 11.51 100 420 
2.525 2 1 1 0 0.2664 0.2586 0.2293 0.2025 0.0285 0.0003 0.000000 0.055307 11.51 100 390 
2.535 2 1 1 0 0.2711 0.2246 0.1987 0.2106 0.0307 0.0003 0.002591 0.054073 11.51 100 420 
2.545 2 1 1 0 0.2760 0.2323 0.2057 0.2265 0.0327 0.0003 0.002591 0.052948 11.51 100 420 
2.555 2 1 1 0 0.2619 0.2603 0.2413 0.2234 0.0349 0.0003 0.000000 0.051614 11.51 100 420 
2.565 2 1 1 0 0.2821 0.2747 0.2337 0.2201 0.0374 0.0003 0.000000 0.051562 11.51 100 390 
2.575 2 1 1 0 0.2721 0.2615 0.2275 0.2011 0.0394 0.0003 0.000000 0.050068 11.51 100 390 
2.585 2 1 1 0 0.2709 0.2581 0.2090 0.2370 0.0418 0.0003 0.000000 0.048517 11.51 100 390 
2.595 2 1 1 0 0.2951 0.2819 0.2749 0.2250 0.0442 0.0003 0.000000 0.048060 11.51 100 390 
2.605 2 1 1 0 0.2952 0.2735 0.2299 0.2197 0.0466 0.0003 0.000000 0.047415 11.50 100 420 
2.615 2 1 1 0 0.2905 0.2664 0.2365 0.2324 0.0490 0.0003 0.000000 0.045455 11.51 100 390 
2.625 2 1 1 0 0.3104 0.2858 0.2682 0.2323 0.0514 0.0003 0.000000 0.044725 11.51 100 420 
2.635 2 1 1 0 0.2813 0.2912 0.2395 0.2256 0.0540 0.0003 -0.002591 0.043985 11.49 100 420 
2.645 2 1 1 0 0.2912 0.3004 0.2499 0.2839 0.0564 0.0003 -0.002591 0.042478 11.51 100 420 
2.655 2 1 1 0 0.3186 0.2926 0.2687 0.2711 0.0590 0.0003 0.000000 0.041445 11.50 100 390 
2.665 2 1 1 0 0.2990 0.3103 0.2440 0.2753 0.0616 0.0003 -0.002591 0.041031 11.49 100 430 
2.675 2 1 1 0 0.3104 0.2847 0.2454 0.2355 0.0643 0.0003 0.000000 0.039522 11.49 100 390 
2.685 2 1 1 0 0.3274 0.3057 0.2872 0.2581 0.0667 0.0003 0.000000 0.038423 11.50 100 390 
2.695 2 1 1 0 0.3173 0.3325 0.2571 0.2835 0.0697 0.0003 -0.002591 0.038723 11.49 100 420 
2.705 2 1 1 0 0.3221 0.3026 0.2625 0.2740 0.0723 0.0003 0.000000 0.036931 11.49 100 390 
2.715 2 1 1 0 0.3354 0.3231 0.3176 0.3131 0.0751 0.0003 0.000000 0.036004 11.50 100 390 
2.725 2 1 1 0 0.3228 0.3128 0.2640 0.2565 0.0779 0.0003 0.000000 0.034607 11.50 100 380 
2.735 2 1 1 0 0.3442 0.3013 0.2554 0.3091 0.0805 0.0003 0.002591 0.033349 11.48 100 420 
2.745 2 1 1 0 0.3417 0.3416 0.3063 0.2633 0.0835 0.0003 0.000000 0.032765 11.51 100 390 
2.755 2 1 1 0 0.3229 0.3239 0.2683 0.2950 0.0863 0.0003 0.000000 0.031270 11.49 100 420 
2.765 2 1 1 0 0.3357 0.3026 0.2819 0.2962 0.0894 0.0003 0.002591 0.029570 11.50 100 410 
2.775 2 1 1 0 0.3587 0.3261 0.3195 0.2645 0.0922 0.0003 0.002591 0.028875 11.51 100 430 
2.785 2 1 1 0 0.3472 0.3169 0.2765 0.3032 0.0950 0.0003 0.002591 0.027410 11.50 100 430 
2.795 2 1 1 0 0.3588 0.2962 0.2942 0.3006 0.0980 0.0003 0.005182 0.025363 11.51 100 430 
2.805 2 1 1 0 0.3585 0.3372 0.2483 0.3185 0.1010 0.0003 0.002591 0.025202 11.51 100 420 
2.815 2 1 1 0 0.3551 0.3036 0.2790 0.2686 0.1040 0.0004 0.005182 0.023840 11.51 100 420 
2.825 2 1 1 0 0.3547 0.3467 0.3390 0.2950 0.1070 0.0004 0.002591 0.022888 11.51 100 420 
2.835 2 1 1 0 0.3720 0.3247 0.2792 0.3365 0.1100 0.0004 0.005182 0.022574 11.51 100 420 
2.845 2 1 1 0 0.3578 0.3130 0.3028 0.2897 0.1133 0.0004 0.005182 0.020688 11.51 100 430 
2.855 2 1 1 0 0.3642 0.3573 0.3129 0.2838 0.1163 0.0004 0.002591 0.020749 11.51 100 420 
2.865 2 1 1 0 0.3618 0.3170 0.2763 0.2981 0.1193 0.0004 0.005182 0.019396 11.51 100 420 
2.875 2 1 1 0 0.3824 0.3420 0.3419 0.3385 0.1225 0.0004 0.005182 0.018565 11.51 100 420 
2.885 2 1 1 0 0.3725 0.3300 0.2891 0.3073 0.1257 0.0005 0.005182 0.018032 11.51 100 420 
2.895 2 1 1 0 0.3876 0.3082 0.3396 0.3189 0.1287 0.0005 0.007773 0.016477 11.51 100 430 
2.905 2 1 1 0 0.3708 0.3664 0.3335 0.3182 0.1319 0.0005 0.002591 0.016501 11.51 100 420 
2.915 2 1 1 0 0.3688 0.3241 0.3004 0.2882 0.1353 0.0005 0.005182 0.015075 11.51 100 420 
2.925 2 1 1 0 0.3847 0.3414 0.3488 0.3156 0.1386 0.0005 0.005182 0.013914 11.51 90 410 
2.935 2 1 1 0 0.3939 0.3453 0.3243 0.3601 0.1418 0.0005 0.005182 0.013856 11.50 100 430 
2.945 2 1 1 0 0.3814 0.3342 0.3403 0.3043 0.1450 0.0005 0.005182 0.012142 11.51 100 430 
2.955 2 1 1 0 0.3887 0.3751 0.3497 0.3508 0.1484 0.0006 0.002591 0.012062 11.51 100 430 
2.965 2 1 1 0 0.3867 0.3308 0.3002 0.3606 0.1518 0.0006 0.005182 0.010833 11.50 100 430 
2.975 2 1 1 0 0.3858 0.3646 0.3626 0.3514 0.1552 0.0006 0.002591 0.010006 11.50 100 410 
2.985 2 1 1 0 0.4039 0.3372 0.2939 0.3423 0.1586 0.0006 0.005182 0.009858 11.50 100 430 
2.995 2 1 1 0 0.3907 0.3593 0.3547 0.3122 0.1621 0.0006 0.002591 0.008811 11.50 100 430 
3.005 2 1 1 0 0.3906 0.3547 0.3231 0.3547 0.1657 0.0006 0.002591 0.008193 11.50 100 420 
3.015 2 1 1 0 0.3899 0.3532 0.3603 0.3177 0.1689 0.0006 0.002591 0.006641 11.50 100 420 
3.025 2 1 1 0 0.4056 0.3648 0.3461 0.3357 0.1725 0.0006 0.002591 0.006327 11.50 100 420 
3.035 2 1 1 0 0.3952 0.3543 0.3684 0.3223 0.1757 0.0006 0.002591 0.004785 11.50 100 430 
3.045 2 1 1 0 0.3965 0.3917 0.3417 0.3661 0.1795 0.0006 0.000000 0.004821 11.50 100 390 
3.055 2 1 1 0 0.3862 0.3427 0.3340 0.3704 0.1829 0.0006 0.002591 0.003434 11.50 100 420 
3.065 2 1 1 0 0.3891 0.3822 0.3757 0.3295 0.1864 0.0006 0.000000 0.002707 11.50 100 400 
3.075 2 1 1 0 0.3805 0.3668 0.3144 0.3487 0.1900 0.0006 0.000000 0.002208 11.50 100 390 
3.085 2 1 1 0 0.3927 0.3772 0.3724 0.3142 0.1936 0.0006 0.000000 0.001501 11.50 100 390 
3.095 2 1 1 0 0.3846 0.3634 0.2842 0.3371 0.1972 0.0006 0.000000 0.000846 11.50 100 390 
3.105 2 1 1 0 0.3950 0.3756 0.3787 0.3144 0.2008 0.0006 0.000000 0.000158 11.51 100 390 
3.115 2 1 1 0 0.3719 0.3845 0.3128 0.3608 0.2042 0.0006 -0.002591 -0.000420 11.51 100 420 
3.125 2 1 1 0 0.3746 0.3834 0.3727 0.3376 0.2078 0.0006 -0.002591 -0.001874 11.51 100 420 
3.135 2 1 1 0 0.3835 0.3886 0.3716 0.3278 0.2115 0.0006 -0.002591 -0.002116 11.51 100 420 
3.145 2 1 1 0 0.3973 0.3942 0.3761 0.3703 0.2151 0.0006 -0.002591 -0.002311 11.51 100 420 
3.155 2 1 1 0 0.3896 0.3791 0.3586 0.3379 0.2187 0.0006 -0.002591 -0.002459 11.51 100 430 
3.165 2 1 1 0 0.3926 0.3816 0.3680 0.3948 0.2223 0.0006 -0.002591 -0.003456 11.51 100 430 
3.175 2 1 1 0 0.4056 0.3901 0.3923 0.3660 0.2259 0.0006 -0.002591 -0.003458 11.51 100 420 
3.185 2 1 1 0 0.3752 0.3953 0.3709 0.4056 0.2297 0.0006 -0.005182 -0.004627 11.51 100 420 
3.195 2 1 1 0 0.3764 0.3931 0.3818 0.3675 0.2333 0.0006 -0.005182 -0.005199 11.51 100 430 
3.205 2 1 1 0 0.3943 0.3718 0.3308 0.3629 0.2372 0.0005 -0.002591 -0.006018 11.52 100 430 
3.215 2 1 1 0 0.3753 0.3934 0.3751 0.3474 0.2406 0.0005 -0.005182 -0.006508 11.51 100 430 
3.225 2 1 1 0 0.3868 0.3642 0.3396 0.3449 0.2444 0.0005 -0.002591 -0.007658 11.51 100 420 
3.235 2 1 1 0 0.3935 0.3776 0.3818 0.3471 0.2480 0.0005 -0.002591 -0.008117 11.51 100 420 
3.245 2 1 1 0 0.3890 0.3709 0.3328 0.3312 0.2516 0.0005 -0.002591 -0.008457 11.51 90 420 
3.255 2 1 1 0 0.3863 0.3713 0.3639 0.3348 0.2552 0.0005 -0.002591 -0.009091 11.51 100 420 
3.265 2 1 1 0 0.4002 0.3883 0.3508 0.3309 0.2588 0.0005 -0.002591 -0.008620 11.51 100 420 
3.275 2 1 1 0 0.3958 0.3859 0.3739 0.3605 0.2625 0.0005 -0.002591 -0.008640 11.51 100 420 
3.285 2 1 1 0 0.3823 0.3737 0.3496 0.3442 0.2661 0.0005 -0.002591 -0.009310 11.51 100 420 
3.295 2 1 1 0 0.4046 0.3634 0.3651 0.3821 0.2695 0.0005 0.000000 -0.009937 11.51 100 430 
3.305 2 1 1 0 0.3880 0.3890 0.3767 0.3609 0.2733 0.0005 -0.002591 -0.009485 11.50 100 420 
3.315 2 1 1 0 0.3960 0.3647 0.3740 0.3298 0.2767 0.0005 0.000000 -0.010531 11.50 100 390 
3.325 2 1 1 0 0.3940 0.3997 0.4093 0.3460 0.2805 0.0005 -0.002591 -0.010293 11.51 100 420 
3.335 2 1 1 0 0.3984 0.3650 0.3642 0.3906 0.2839 0.0004 0.000000 -0.010761 11.50 100 430 
3.345 2 1 1 0 0.3957 0.4014 0.3819 0.3938 0.2878 0.0004 -0.002591 -0.010147 11.50 100 430 
3.355 2 1 1 0 0.4068 0.3752 0.3645 0.3656 0.2912 0.0004 0.000000 -0.009981 11.50 100 390 
3.365 2 1 1 0 0.3934 0.4016 0.3619 0.3517 0.2950 0.0004 -0.002591 -0.009547 11.49 100 420 
3.375 2 1 1 0 0.3812 0.3882 0.3352 0.3790 0.2986 0.0004 -0.002591 -0.009701 11.49 100 420 
3.385 2 1 1 0 0.3886 0.3966 0.3844 0.3328 0.3022 0.0004 -0.002591 -0.010107 11.50 100 430 
3.395 2 1 1 0 0.3974 0.3637 0.3304 0.3486 0.3060 0.0004 0.000000 -0.010584 11.49 100 390 
3.405 2 1 1 0 0.3752 0.3851 0.3699 0.3146 0.3094 0.0004 -0.002591 -0.011680 11.50 100 420 
3.415 2 1 1 0 0.4082 0.3770 0.3380 0.3854 0.3133 0.0004 0.000000 -0.011667 11.49 100 380 
3.425 2 1 1 0 0.4002 0.3746 0.3684 0.3507 0.3169 0.0004 0.000000 -0.012100 11.50 100 390 
3.435 2 1 1 0 0.4059 0.3790 0.3471 0.3601 0.3205 0.0004 0.000000 -0.012301 11.49 100 390 
3.445 2 1 1 0 0.3896 0.3702 0.3939 0.3709 0.3241 0.0004 0.000000 -0.013462 11.50 100 380 
3.455 2 1 1 0 0.4014 0.3793 0.3644 0.3828 0.3277 0.0004 0.000000 -0.013769 11.51 100 390 
3.465 2 1 1 0 0.3841 0.3655 0.3807 0.3916 0.3313 0.0004 0.000000 -0.015105 11.51 100 400 
3.475 2 1 1 0 0.3822 0.3692 0.3849 0.3804 0.3350 0.0004 0.000000 -0.015773 11.51 100 390 
3.485 2 1 1 0 0.3727 0.3607 0.3722 0.3522 0.3386 0.0004 0.000000 -0.016875 11.51 100 390 
3.495 2 1 1 0 0.3834 0.3749 0.3795 0.3502 0.3422 0.0004 0.000000 -0.016702 11.51 100 390 
3.505 2 1 1 0 0.4030 0.3579 0.3426 0.3722 0.3456 0.0004 0.002591 -0.016488 11.51 100 420 
3.515 2 1 1 0 0.3996 0.3977 0.3892 0.3373 0.3494 0.0004 0.000000 -0.015517 11.51 100 390 
3.525 2 1 1 0 0.4190 0.3434 0.3444 0.3381 0.3530 0.0005 0.005182 -0.015322 11.51 90 430 
3.535 2 1 1 0 0.3784 0.3829 0.3841 0.3666 0.3566 0.0005 0.000000 -0.015513 11.51 100 390 
3.545 2 1 1 0 0.3858 0.3841 0.3484 0.3772 0.3603 0.0005 0.000000 -0.015079 11.51 100 390 
3.555 2 1 1 0 0.3931 0.3901 0.3843 0.3332 0.3639 0.0005 0.000000 -0.014482 11.51 100 400 
3.565 2 1 1 0 0.3891 0.3791 0.3375 0.3821 0.3675 0.0005 0.000000 -0.014219 11.51 100 390 
3.575 2 1 1 0 0.3995 0.3537 0.3681 0.3592 0.3713 0.0005 0.002591 -0.015075 11.51 100 420 
3.585 2 1 1 0 0.3926 0.3833 0.3530 0.3619 0.3747 0.0005 0.000000 -0.014958 11.51 100 390 
3.595 2 1 1 0 0.4090 0.3623 0.3683 0.3778 0.3785 0.0005 0.002591 -0.015120 11.51 100 420 
3.605 2 1 1 0 0.4088 0.3605 0.3594 0.3549 0.3821 0.0005 0.002591 -0.014816 11.51 100 420 
3.615 2 1 1 0 0.3930 0.3488 0.3608 0.3515 0.3858 0.0005 0.002591 -0.016276 11.51 100 420 
3.625 2 1 1 0 0.4019 0.3624 0.4101 0.3415 0.3894 0.0005 0.002591 -0.016366 11.51 100 430 
3.635 2 1 1 0 0.3973 0.3536 0.3606 0.3834 0.3930 0.0005 0.002591 -0.016960 11.51 100 420 
3.645 2 1 1 0 0.3535 0.3807 0.3730 0.3434 0.3966 0.0005 -0.002591 -0.017691 11.51 100 420 
3.655 2 1 1 0 0.3567 0.3773 0.3718 0.3537 0.4002 0.0005 -0.002591 -0.018634 11.51 100 420 
3.665 2 1 1 0 0.3568 0.3711 0.3667 0.3373 0.4038 0.0005 -0.002591 -0.018988 11.51 100 420 
3.675 2 1 1 0 0.3552 0.3619 0.3508 0.3300 0.4074 0.0005 -0.002591 -0.019607 11.50 100 420 
3.685 2 1 1 0 0.3814 0.3457 0.3271 0.3696 0.4109 0.0005 0.000000 -0.019767 11.52 100 390 
3.695 2 1 1 0 0.3860 0.3491 0.3582 0.3747 0.4145 0.0005 0.000000 -0.019323 11.51 100 390 
3.705 2 1 1 0 0.3705 0.3658 0.3596 0.3248 0.4179 0.0005 -0.002591 -0.019020 11.50 100 420 
3.715 2 1 1 0 0.3690 0.3587 0.3526 0.3429 0.4215 0.0005 -0.002591 -0.018532 11.50 100 420 
3.725 2 1 1 0 0.3598 0.3488 0.3452 0.3137 0.4251 0.0005 -0.002591 -0.019170 11.49 100 420 
3.735 2 1 1 0 0.3464 0.3710 0.3459 0.3401 0.4285 0.0004 -0.005182 -0.019250 11.50 100 430 
3.745 2 1 1 0 0.3733 0.3582 0.3567 0.3655 0.4319 0.0004 -0.002591 -0.018792 11.50 100 430 
3.755 2 1 1 0 0.3721 0.3532 0.3219 0.3455 0.4356 0.0004 -0.002591 -0.017985 11.50 100 420 
3.765 2 1 1 0 0.3823 0.3595 0.3572 0.3319 0.4392 0.0004 -0.002591 -0.017240 11.50 100 420 
3.775 2 1 1 0 0.3665 0.3771 0.3498 0.3451 0.4426 0.0004 -0.005182 -0.016390 11.51 100 430 
3.785 2 1 1 0 0.3715 0.3771 0.3581 0.3388 0.4462 0.0004 -0.005182 -0.015791 11.51 100 420 
3.795 2 1 1 0 0.3726 0.3777 0.3511 0.3606 0.4498 0.0004 -0.005182 -0.014754 11.50 100 420 
3.805 2 1 1 0 0.3810 0.3515 0.3302 0.3842 0.4532 0.0003 -0.002591 -0.015556 11.50 100 420 
3.815 2 1 1 0 0.3851 0.3635 0.3680 0.3665 0.4568 0.0003 -0.002591 -0.015606 11.50 100 420 
3.825 2 1 1 0 0.3854 0.3665 0.3456 0.3475 0.4605 0.0003 -0.002591 -0.015051 11.50 100 430 
3.835 2 1 1 0 0.3714 0.3649 0.3542 0.3060 0.4637 0.0003 -0.002591 -0.015333 11.51 100 420 
3.845 2 1 1 0 0.3888 0.3828 0.3550 0.3394 0.4673 0.0003 -0.002591 -0.014772 11.51 100 420 
3.855 2 1 1 0 0.3854 0.3464 0.3422 0.3156 0.4707 0.0003 0.000000 -0.015349 11.51 100 430 
3.865 2 1 1 0 0.3729 0.3766 0.3310 0.3596 0.4745 0.0003 -0.002591 -0.015320 11.51 100 430 
3.875 2 1 1 0 0.3732 0.3460 0.3322 0.3373 0.4779 0.0003 0.000000 -0.016108 11.51 100 390 
3.885 2 1 1 0 0.4015 0.3446 0.3472 0.3708 0.4813 0.0003 0.002591 -0.016225 11.51 100 410 
3.895 2 1 1 0 0.3916 0.3411 0.2971 0.3641 0.4850 0.0003 0.002591 -0.016165 11.51 100 420 
3.905 2 1 1 0 0.3866 0.3459 0.3390 0.3192 0.4882 0.0003 0.002591 -0.016671 11.51 100 420 
3.915 2 1 1 0 0.3945 0.3558 0.3318 0.3851 0.4918 0.0003 0.002591 -0.016250 11.51 100 420 
3.925 2 1 1 0 0.3842 0.3528 0.3574 0.3456 0.4954 0.0003 0.002591 -0.016993 11.51 100 430 
3.935 2 1 1 0 0.3729 0.3813 0.3582 0.3257 0.4988 0.0003 0.000000 -0.016431 11.51 100 390 
3.945 2 1 1 0 0.3702 0.3412 0.3435 0.3496 0.5022 0.0004 0.002591 -0.017334 11.51 100 420 
3.955 2 1 1 0 0.3821 0.3530 0.3113 0.3509 0.5058 0.0004 0.002591 -0.017431 11.52 100 430 
3.965 2 1 1 0 0.3615 0.3658 0.3474 0.3136 0.5093 0.0004 0.000000 -0.017276 11.51 100 390 
3.975 2 1 1 0 0.3629 0.3629 0.3231 0.3459 0.5129 0.0004 0.000000 -0.017583 11.51 100 390 
3.985 2 1 1 0 0.3720 0.3315 0.3266 0.3370 0.5163 0.0004 0.002591 -0.018229 11.51 100 420 
3.995 2 1 1 0 0.3631 0.3650 0.3625 0.3233 0.5197 0.0004 0.000000 -0.018228 11.51 100 420 
4.005 2 1 1 0 0.3787 0.3424 0.3288 0.3507 0.5231 0.0004 0.002591 -0.017922 11.51 100 420 
4.015 2 1 1 0 0.3942 0.3233 0.3559 0.3142 0.5265 0.0004 0.005182 -0.018328 11.46 100 420 
4.025 2 1 1 0 0.3852 0.3513 0.3573 0.3666 0.5299 0.0004 0.002591 -0.017968 11.50 100 430 
4.035 2 1 1 0 0.3747 0.3408 0.3518 0.3528 0.5335 0.0004 0.002591 -0.018154 11.51 100 420 
4.045 2 1 1 0 0.3659 0.3643 0.3357 0.3336 0.5370 0.0004 0.000000 -0.017757 11.50 100 390 
4.055 2 1 1 0 0.3749 0.3307 0.3190 0.3119 0.5404 0.0004 0.002591 -0.017939 11.50 100 420 
4.065 2 1 1 0 0.3593 0.3524 0.3541 0.3246 0.5438 0.0004 0.000000 -0.018056 11.51 100 390 
4.075 2 1 1 0 0.3895 0.3405 0.3240 0.3710 0.5472 0.0004 0.002591 -0.017661 11.50 100 420 
4.085 2 1 1 0 0.3696 0.3576 0.3834 0.3326 0.5506 0.0004 0.000000 -0.017632 11.50 100 390 
4.095 2 1 1 0 0.3586 0.3424 0.3176 0.3414 0.5542 0.0004 0.000000 -0.018017 11.50 100 400 
4.105 2 1 1 0 0.3531 0.3404 0.3467 0.3633 0.5574 0.0004 0.000000 -0.018599 11.51 100 390 
4.115 2 1 1 0 0.3588 0.3444 0.3497 0.3425 0.5607 0.0004 0.000000 -0.018533 11.50 100 390 
4.125 2 1 1 0 0.3658 0.3480 0.3762 0.3857 0.5643 0.0004 0.000000 -0.018402 11.50 100 380 
4.135 2 1 1 0 0.3502 0.3684 0.3473 0.3256 0.5677 0.0004 -0.002591 -0.017434 11.50 100 430 
4.145 2 1 1 0 0.3497 0.3277 0.3234 0.3167 0.5711 0.0004 0.000000 -0.018070 11.50 100 380 
4.155 2 1 1 0 0.3570 0.3346 0.3458 0.3112 0.5743 0.0004 0.000000 -0.018521 11.51 100 390 
4.165 2 1 1 0 0.3580 0.3304 0.3230 0.3002 0.5775 0.0004 0.000000 -0.018242 11.51 100 420 
4.175 2 1 1 0 0.3468 0.3521 0.3357 0.3137 0.5809 0.0004 -0.002591 -0.017742 11.51 100 420 
4.185 2 1 1 0 0.3491 0.3465 0.3158 0.3167 0.5842 0.0004 -0.002591 -0.016953 11.51 100 430 
4.195 2 1 1 0 0.3564 0.3482 0.3379 0.3484 0.5878 0.0004 -0.002591 -0.016528 11.51 100 430 
4.205 2 1 1 0 0.3531 0.3393 0.3295 0.3403 0.5910 0.0004 -0.002591 -0.016216 11.51 90 420 
4.215 2 1 1 0 0.3485 0.3340 0.3235 0.3637 0.5942 0.0004 -0.002591 -0.016722 11.52 100 420 
4.225 2 1 1 0 0.3725 0.3239 0.3392 0.3401 0.5976 0.0004 0.000000 -0.016459 11.51 100 420 
4.235 2 1 1 0 0.3619 0.3526 0.3638 0.3320 0.6010 0.0004 -0.002591 -0.015728 11.51 100 420 
4.245 2 1 1 0 0.3628 0.3496 0.3574 0.3043 0.6042 0.0003 -0.002591 -0.015277 11.52 100 430 
4.255 2 1 1 0 0.3399 0.3599 0.3244 0.3579 0.6076 0.0003 -0.005182 -0.014828 11.51 100 420 
4.265 2 1 1 0 0.3519 0.3342 0.3274 0.3373 0.6111 0.0003 -0.002591 -0.015264 11.51 100 430 
4.275 2 1 1 0 0.3600 0.3409 0.3383 0.3259 0.6143 0.0003 -0.002591 -0.015139 11.51 100 410 
4.285 2 1 1 0 0.3566 0.3346 0.3235 0.3243 0.6175 0.0003 -0.002591 -0.014964 11.51 100 430 
4.295 2 1 1 0 0.3413 0.3567 0.2872 0.3463 0.6209 0.0003 -0.005182 -0.014594 11.51 100 420 
4.305 2 1 1 0 0.3421 0.3205 0.2929 0.3107 0.6239 0.0003 -0.002591 -0.014825 11.51 100 430 
4.315 2 1 1 0 0.3347 0.3201 0.3212 0.3156 0.6271 0.0003 -0.002591 -0.015624 11.51 100 430 
4.325 2 1 1 0 0.3435 0.3317 0.3308 0.3330 0.6303 0.0003 -0.002591 -0.015871 11.51 100 420 
4.335 2 1 1 0 0.3616 0.3135 0.3104 0.3168 0.6338 0.0002 0.000000 -0.015805 11.52 100 430 
4.345 2 1 1 0 0.3498 0.3063 0.3137 0.2780 0.6370 0.0002 0.000000 -0.015271 11.51 100 420 
4.355 2 1 1 0 0.3442 0.3062 0.2904 0.3128 0.6402 0.0002 0.000000 -0.015477 11.52 100 390 
4.365 2 1 1 0 0.3509 0.3219 0.3304 0.3379 0.6434 0.0002 0.000000 -0.015262 11.51 100 400 
4.375 2 1 1 0 0.3688 0.3060 0.2944 0.3087 0.6464 0.0002 0.002591 -0.014472 11.50 100 420 
4.385 2 1 1 0 0.3567 0.3050 0.3059 0.3197 0.6496 0.0002 0.002591 -0.014561 11.50 100 420 
4.395 2 1 1 0 0.3476 0.3404 0.3059 0.3133 0.6526 0.0002 0.000000 -0.013486 11.50 100 420 
4.405 2 1 1 0 0.3389 0.2982 0.2764 0.3094 0.6556 0.0002 0.002591 -0.014110 11.50 100 430 
4.415 2 1 1 0 0.3422 0.3092 0.3265 0.3187 0.6589 0.0003 0.002591 -0.014410 11.50 100 410 
4.425 2 1 1 0 0.3230 0.3271 0.2932 0.2920 0.6619 0.0003 0.000000 -0.014124 11.50 100 420 
4.435 2 1 1 0 0.3364 0.3058 0.2945 0.3343 0.6649 0.0003 0.002591 -0.014593 11.51 100 430 
4.445 2 1 1 0 0.3487 0.3216 0.3635 0.2834 0.6681 0.0003 0.002591 -0.013628 11.49 100 430 
4.455 2 1 1 0 0.3471 0.3175 0.2789 0.3195 0.6713 0.0003 0.002591 -0.012753 11.50 100 420 
4.465 2 1 1 0 0.3700 0.3110 0.3423 0.3135 0.6743 0.0003 0.005182 -0.012368 11.49 100 420 
4.475 2 1 1 0 0.3429 0.3223 0.3036 0.3096 0.6773 0.0003 0.002591 -0.011562 11.49 100 420 
4.485 2 1 1 0 0.3299 0.3112 0.3211 0.3157 0.6805 0.0003 0.002591 -0.012452 11.50 100 420 
4.495 2 1 1 0 0.3425 0.3231 0.3321 0.3194 0.6838 0.0003 0.002591 -0.012083 11.51 100 420 
4.505 2 1 1 0 0.3159 0.3308 0.2608 0.2949 0.6868 0.0003 0.000000 -0.011368 11.50 100 430 
4.515 2 1 1 0 0.3301 0.3074 0.3275 0.2768 0.6898 0.0003 0.002591 -0.011814 11.51 100 420 
4.525 2 1 1 0 0.3495 0.3229 0.3279 0.2957 0.6930 0.0003 0.002591 -0.011621 11.51 100 420 
4.535 2 1 1 0 0.3327 0.3042 0.2957 0.3078 0.6958 0.0004 0.002591 -0.011832 11.51 100 420 
4.545 2 1 1 0 0.3355 0.3050 0.3139 0.3391 0.6990 0.0004 0.002591 -0.012002 11.51 100 420 
4.555 2 1 1 0 0.3396 0.3059 0.2810 0.3182 0.7022 0.0004 0.002591 -0.011522 11.51 100 420 
4.565 2 1 1 0 0.3356 0.3057 0.3417 0.2970 0.7050 0.0004 0.002591 -0.011744 11.52 100 420 
4.575 2 1 1 0 0.3474 0.3148 0.3140 0.3091 0.7083 0.0004 0.002591 -0.011177 11.51 100 420 
4.585 2 1 1 0 0.3467 0.2786 0.2882 0.3254 0.7113 0.0004 0.005182 -0.011587 11.51 100 420 
4.595 2 1 1 0 0.3372 0.3101 0.3251 0.3079 0.7143 0.0004 0.002591 -0.011214 11.51 100 420 
4.605 2 1 1 0 0.3154 0.3230 0.2788 0.3036 0.7173 0.0004 0.000000 -0.010748 11.51 100 420 
4.615 2 1 1 0 0.3272 0.2967 0.3183 0.3166 0.7203 0.0004 0.002591 -0.011116 11.52 100 420 
4.625 2 1 1 0 0.3226 0.3287 0.3160 0.3253 0.7233 0.0004 0.000000 -0.010740 11.52 100 420 
4.635 2 1 1 0 0.3279 0.2918 0.2724 0.3074 0.7263 0.0004 0.002591 -0.010464 11.50 100 420 
4.645 2 1 1 0 0.3120 0.3134 0.3152 0.2788 0.7293 0.0004 0.000000 -0.010571 11.52 100 390 
4.655 2 1 1 0 0.3203 0.3181 0.2960 0.3129 0.7321 0.0004 0.000000 -0.010004 11.51 100 430 
4.665 2 1 1 0 0.3336 0.2899 0.3009 0.3032 0.7352 0.0004 0.002591 -0.010178 11.52 100 420 
4.675 2 1 1 0 0.3268 0.3225 0.3196 0.2962 0.7382 0.0004 0.000000 -0.009442 11.52 100 430 
4.685 2 1 1 0 0.3258 0.2804 0.2687 0.2893 0.7412 0.0004 0.002591 -0.009212 11.51 100 420 
4.695 2 1 1 0 0.3114 0.3060 0.2806 0.2962 0.7442 0.0004 0.000000 -0.009362 11.52 100 380 
4.705 2 1 1 0 0.3080 0.3367 0.3231 0.2880 0.7472 0.0004 -0.002591 -0.008611 11.51 100 420 
4.715 2 1 1 0 0.3248 0.3090 0.2980 0.3300 0.7502 0.0004 0.000000 -0.008414 11.51 100 390 
4.725 2 1 1 0 0.3268 0.3076 0.3057 0.2993 0.7530 0.0004 0.000000 -0.007944 11.50 100 420 
4.735 2 1 1 0 0.3213 0.2967 0.2378 0.2821 0.7562 0.0004 0.000000 -0.007727 11.50 100 380 
4.745 2 1 1 0 0.3176 0.2946 0.3057 0.3175 0.7591 0.0004 0.000000 -0.007977 11.51 100 390 
4.755 2 1 1 0 0.3053 0.3179 0.3076 0.3113 0.7621 0.0004 -0.002591 -0.007899 11.50 100 420 
4.765 2 1 1 0 0.3238 0.2919 0.2840 0.3112 0.7651 0.0004 0.000000 -0.007949 11.50 100 420 
4.775 2 1 1 0 0.3054 0.3104 0.2842 0.2784 0.7681 0.0004 -0.002591 -0.007940 11.50 100 420 
4.785 2 1 1 0 0.3124 0.3132 0.2911 0.3172 0.7709 0.0004 -0.002591 -0.007684 11.50 100 420 
4.795 2 1 1 0 0.3255 0.2870 0.2861 0.2960 0.7739 0.0004 0.000000 -0.007962 11.50 100 420 
4.805 2 1 1 0 0.3081 0.3090 0.2840 0.2857 0.7769 0.0004 -0.002591 -0.007598 11.50 100 420 
4.815 2 1 1 0 0.3076 0.3061 0.2801 0.2983 0.7797 0.0004 -0.002591 -0.007153 11.49 100 430 
4.825 2 1 1 0 0.3234 0.2846 0.2727 0.2936 0.7828 0.0004 0.000000 -0.007523 11.50 100 420 
4.835 2 1 1 0 0.3133 0.3120 0.3145 0.2854 0.7858 0.0004 -0.002591 -0.007166 11.51 100 420 
4.845 2 1 1 0 0.3063 0.2988 0.2851 0.3311 0.7886 0.0004 -0.002591 -0.007525 11.51 100 420 
4.855 2 1 1 0 0.2996 0.2921 0.2872 0.2551 0.7914 0.0004 -0.002591 -0.008000 11.51 100 420 
4.865 2 1 1 0 0.3069 0.2969 0.2474 0.2894 0.7946 0.0004 -0.002591 -0.008118 11.51 100 420 
4.875 2 1 1 0 0.3108 0.2983 0.2985 0.2649 0.7974 0.0004 -0.002591 -0.007505 11.51 100 430 
4.885 2 1 1 0 0.3135 0.2970 0.2936 0.3024 0.8002 0.0003 -0.002591 -0.006941 11.51 100 430 
4.895 2 1 1 0 0.3029 0.2858 0.2604 0.2984 0.8030 0.0003 -0.002591 -0.007085 11.51 100 420 
4.905 2 1 1 0 0.3084 0.2943 0.3014 0.2619 0.8058 0.0003 -0.002591 -0.006811 11.51 100 420 
4.915 2 1 1 0 0.3100 0.2956 0.2786 0.2896 0.8087 0.0003 -0.002591 -0.006251 11.52 100 420 
4.925 2 1 1 0 0.3018 0.2872 0.2784 0.2994 0.8115 0.0003 -0.002591 -0.006030 11.52 100 420 
4.935 2 1 1 0 0.3087 0.2964 0.2868 0.2622 0.8143 0.0003 -0.002591 -0.005480 11.51 100 430 
4.945 2 1 1 0 0.3201 0.3080 0.2949 0.3031 0.8175 0.0003 -0.002591 -0.004200 11.51 100 420 
4.955 2 1 1 0 0.3095 0.2982 0.3002 0.2724 0.8203 0.0003 -0.002591 -0.004243 11.51 100 420 
4.965 2 1 1 0 0.3160 0.3071 0.2951 0.2976 0.8231 0.0003 -0.002591 -0.003418 11.51 100 420 
4.975 2 1 1 0 0.3018 0.2947 0.2431 0.2805 0.8259 0.0003 -0.002591 -0.003361 11.51 100 430 
4.985 2 1 1 0 0.3147 0.3135 0.2955 0.3064 0.8287 0.0003 -0.002591 -0.003278 11.51 100 410 
4.995 2 1 1 0 0.3066 0.3087 0.2680 0.2556 0.8315 0.0003 -0.002591 -0.002339 11.51 100 420 
5.005 2 1 1 0 0.3074 0.3108 0.2781 0.3206 0.8344 0.0003 -0.002591 -0.002303 11.51 100 420 
5.015 2 1 1 0 0.3084 0.3173 0.2916 0.2571 0.8372 0.0003 -0.002591 -0.001855 11.51 100 420 
5.025 2 1 1 0 0.3298 0.2991 0.2716 0.2956 0.8402 0.0003 0.000000 -0.001266 11.51 100 390 
5.035 2 1 1 0 0.3370 0.2733 0.2690 0.3157 0.8428 0.0003 0.002591 -0.001969 11.51 100 410 
5.045 2 1 1 0 0.3269 0.3058 0.2981 0.2747 0.8458 0.0003 0.000000 -0.001511 11.50 100 390 
5.055 2 1 1 0 0.3102 0.2963 0.2610 0.2816 0.8486 0.0003 0.000000 -0.002051 11.51 100 420 
5.065 2 1 1 0 0.3056 0.2981 0.2792 0.2880 0.8514 0.0003 0.000000 -0.002445 11.51 100 420 
5.075 2 1 1 0 0.3464 0.3045 0.2892 0.2725 0.8544 0.0003 0.002591 -0.001480 11.51 100 420 
5.085 2 1 1 0 0.3220 0.2825 0.2529 0.2964 0.8573 0.0003 0.002591 -0.001486 11.51 100 420 
5.095 2 1 1 0 0.3228 0.2913 0.2754 0.2646 0.8601 0.0003 0.002591 -0.002214 11.51 100 420 
5.105 2 1 1 0 0.3355 0.3045 0.2881 0.2783 0.8629 0.0003 0.002591 -0.001731 11.50 100 420 
5.115 2 1 1 0 0.3139 0.2882 0.2796 0.3059 0.8657 0.0003 0.002591 -0.002621 11.50 100 430 
5.125 2 1 1 0 0.3129 0.2920 0.2998 0.2858 0.8685 0.0003 0.002591 -0.003111 11.50 100 420 
5.135 2 1 1 0 0.3187 0.2948 0.2787 0.2909 0.8713 0.0003 0.002591 -0.002824 11.50 100 410 
5.145 2 1 1 0 0.3166 0.2587 0.2477 0.2456 0.8739 0.0003 0.005182 -0.003266 11.49 100 430 
5.155 2 1 1 0 0.3045 0.2877 0.2835 0.2920 0.8769 0.0003 0.002591 -0.003968 11.50 100 430 
5.165 2 1 1 0 0.3179 0.2986 0.2744 0.3011 0.8797 0.0003 0.002591 -0.003368 11.49 100 420 
5.175 2 1 1 0 0.3151 0.2582 0.2745 0.2504 0.8824 0.0004 0.005182 -0.003980 11.50 100 420 
5.185 2 1 1 0 0.3282 0.2702 0.3102 0.2812 0.8852 0.0004 0.005182 -0.003873 11.51 100 420 
5.195 2 1 1 0 0.3300 0.2702 0.2677 0.2912 0.8880 0.0004 0.005182 -0.003268 11.50 100 420 
5.205 2 1 1 0 0.3006 0.2814 0.2936 0.2652 0.8906 0.0004 0.002591 -0.003626 11.50 100 430 
5.215 2 1 1 0 0.3204 0.3012 0.2931 0.2559 0.8934 0.0004 0.002591 -0.002571 11.50 100 420 
5.225 2 1 1 0 0.3021 0.2811 0.2465 0.2942 0.8962 0.0004 0.002591 -0.002572 11.50 100 430 
5.235 2 1 1 0 0.3034 0.2853 0.2975 0.2800 0.8990 0.0004 0.002591 -0.002478 11.51 90 410 
5.245 2 1 1 0 0.3162 0.2929 0.2819 0.2616 0.9018 0.0004 0.002591 -0.001424 11.51 100 420 
5.255 2 1 1 0 0.3026 0.2773 0.2686 0.2711 0.9046 0.0004 0.002591 -0.002113 11.51 100 420 
5.265 2 1 1 0 0.3120 0.2854 0.2803 0.2840 0.9071 0.0004 0.002591 -0.001985 11.50 100 420 
5.275 2 1 1 0 0.2988 0.3069 0.2657 0.2711 0.9101 0.0004 0.000000 -0.000753 11.51 100 430 
5.285 2 1 1 0 0.2976 0.2648 0.2597 0.2514 0.9127 0.0004 0.002591 -0.001252 11.51 100 420 
5.295 2 1 1 0 0.3145 0.2841 0.2893 0.2878 0.9155 0.0004 0.002591 -0.001001 11.51 100 420 
5.305 2 1 1 0 0.3223 0.2860 0.2750 0.2923 0.9183 0.0005 0.002591 -0.000148 11.51 100 420 
5.315 2 1 1 0 0.3088 0.2706 0.2861 0.2588 0.9211 0.0005 0.002591 -0.000844 11.51 100 420 
5.325 2 1 1 0 0.3238 0.2830 0.2994 0.2775 0.9239 0.0005 0.002591 -0.000437 11.52 100 420 
5.335 2 1 1 0 0.3036 0.2956 0.2715 0.2846 0.9265 0.0005 0.000000 0.000245 11.52 100 390 
5.345 2 1 1 0 0.2954 0.2874 0.2735 0.2654 0.9293 0.0005 0.000000 -0.000372 11.51 100 430 
5.355 2 1 1 0 0.3088 0.2987 0.3058 0.2549 0.9322 0.0005 0.000000 -0.000158 11.51 100 390 
5.365 2 1 1 0 0.3000 0.2831 0.2484 0.2985 0.9350 0.0005 0.000000 0.000210 11.51 100 390 
5.375 2 1 1 0 0.2983 0.2824 0.3099 0.2849 0.9378 0.0005 0.000000 -0.000534 11.51 100 380 
5.385 2 1 1 0 0.3094 0.2912 0.2976 0.2524 0.9406 0.0005 0.000000 -0.000268 11.51 100 390 
5.395 2 1 1 0 0.3125 0.2528 0.2510 0.2763 0.9432 0.0005 0.002591 -0.000943 11.51 100 420 
5.405 2 1 1 0 0.2925 0.2742 0.2763 0.2681 0.9458 0.0005 0.000000 -0.001324 11.51 100 390 
5.415 2 1 1 0 0.3050 0.2818 0.2818 0.2662 0.9486 0.0005 0.000000 -0.001094 11.51 100 390 
5.425 2 1 1 0 0.2693 0.2801 0.2576 0.2380 0.9512 0.0005 -0.002591 -0.000813 11.51 100 420 
5.435 2 1 1 0 0.2927 0.2630 0.2627 0.2787 0.9538 0.0005 0.000000 -0.001488 11.51 100 420 
5.445 2 1 1 0 0.2994 0.2680 0.2788 0.2523 0.9567 0.0005 0.000000 -0.001265 11.51 100 420 
5.455 2 1 1 0 0.2902 0.2925 0.2904 0.2614 0.9593 0.0005 -0.002591 -0.000397 11.51 100 430 
5.465 2 1 1 0 0.2968 0.2917 0.2874 0.3049 0.9621 0.0004 -0.002591 0.000523 11.50 100 430 
5.475 2 1 1 0 0.2869 0.2753 0.2538 0.2460 0.9649 0.0004 -0.002591 0.000419 11.51 100 420 
5.485 2 1 1 0 0.2843 0.2725 0.2778 0.2731 0.9673 0.0004 -0.002591 0.000214 11.51 100 420 
5.495 2 1 1 0 0.2958 0.2887 0.2826 0.2771 0.9701 0.0004 -0.002591 0.000782 11.50 100 420 
5.505 2 1 1 0 0.2875 0.2785 0.2535 0.2440 0.9729 0.0004 -0.002591 0.001569 11.50 100 420 
5.515 2 1 1 0 0.2831 0.2722 0.2358 0.2713 0.9753 0.0004 -0.002591 0.000999 11.51 100 420 
5.525 2 1 1 0 0.2949 0.2838 0.2794 0.2877 0.9781 0.0004 -0.002591 0.001488 11.51 100 420 
5.535 2 1 1 0 0.2804 0.3035 0.2934 0.2556 0.9807 0.0004 -0.005182 0.002204 11.51 100 420 
5.545 2 1 1 0 0.2921 0.2742 0.2539 0.2695 0.9834 0.0004 -0.002591 0.002378 11.50 100 430 
5.555 2 1 1 0 0.3092 0.2878 0.2773 0.2703 0.9862 0.0004 -0.002591 0.003228 11.51 100 430 
5.565 2 1 1 0 0.2793 0.2948 0.2235 0.2772 0.9888 0.0004 -0.005182 0.003674 11.51 100 420 
5.575 2 1 1 0 0.2959 0.2786 0.2678 0.2407 0.9914 0.0004 -0.002591 0.003516 11.51 100 420 
5.585 2 1 1 0 0.3125 0.2956 0.2849 0.2596 0.9942 0.0004 -0.002591 0.004559 11.51 100 420 
5.595 2 1 1 0 0.3177 0.2621 0.2446 0.2786 0.9968 0.0003 0.000000 0.004642 11.51 100 430 
5.605 2 1 1 0 0.2931 0.2821 0.2596 0.2529 0.9994 0.0003 -0.002591 0.004530 11.51 100 420 
5.615 2 1 1 0 0.3094 0.2981 0.2795 0.2878 1.0022 0.0003 -0.002591 0.005418 11.51 100 420 
5.625 2 1 1 0 0.3055 0.2560 0.2265 0.2530 1.0048 0.0003 0.000000 0.005045 11.51 100 420 
5.635 2 1 1 0 0.2884 0.2877 0.3173 0.2645 1.0075 0.0003 -0.002591 0.004518 11.52 100 420 
5.645 2 1 1 0 0.2996 0.3015 0.2621 0.2917 1.0103 0.0003 -0.002591 0.005232 11.52 100 410 
5.655 2 1 1 0 0.2971 0.2653 0.2475 0.2545 1.0129 0.0003 0.000000 0.004466 11.51 100 390 
5.665 2 1 1 0 0.2995 0.2763 0.2779 0.2461 1.0153 0.0003 0.000000 0.004036 11.51 100 390 
5.675 2 1 1 0 0.3011 0.2831 0.2570 0.2856 1.0181 0.0003 0.000000 0.004481 11.51 100 420 
5.685 2 1 1 0 0.3096 0.2586 0.2571 0.2523 1.0207 0.0003 0.002591 0.004363 11.51 100 410 
5.695 2 1 1 0 0.3064 0.2645 0.2653 0.2683 1.0231 0.0003 0.002591 0.004145 11.52 100 420 
5.705 2 1 1 0 0.3139 0.2710 0.2546 0.2497 1.0259 0.0003 0.002591 0.005139 11.51 100 410 
5.715 2 1 1 0 0.2969 0.2587 0.2378 0.2399 1.0283 0.0003 0.002591 0.004952 11.51 100 420 
5.725 2 1 1 0 0.2983 0.2671 0.2709 0.2729 1.0312 0.0003 0.002591 0.004538 11.51 100 420 
5.735 2 1 1 0 0.3062 0.2770 0.2305 0.2613 1.0336 0.0003 0.002591 0.005637 11.51 100 410 
5.745 2 1 1 0 0.3141 0.2555 0.2620 0.2415 1.0362 0.0004 0.005182 0.005409 11.51 100 420 
5.755 2 1 1 0 0.3054 0.2538 0.2636 0.2852 1.0390 0.0004 0.005182 0.004656 11.51 100 420 
5.765 2 1 1 0 0.3052 0.2919 0.2695 0.2407 1.0416 0.0004 0.002591 0.005441 11.51 100 420 
5.775 2 1 1 0 0.3091 0.2569 0.2242 0.2699 1.0442 0.0004 0.005182 0.005466 11.51 100 420 
5.785 2 1 1 0 0.3228 0.2745 0.3224 0.2549 1.0466 0.0004 0.005182 0.005725 11.51 100 430 
5.795 2 1 1 0 0.2991 0.2828 0.2506 0.2564 1.0492 0.0004 0.002591 0.006438 11.50 100 420 
5.805 2 1 1 0 0.2987 0.2409 0.2525 0.2443 1.0518 0.0004 0.005182 0.005451 11.51 100 430 
5.815 2 1 1 0 0.2909 0.2686 0.2680 0.2647 1.0545 0.0004 0.002591 0.005239 11.51 100 430 
5.825 2 1 1 0 0.2849 0.2969 0.2569 0.2514 1.0571 0.0004 0.000000 0.006168 11.50 100 430 
5.835 2 1 1 0 0.2910 0.2618 0.2464 0.2702 1.0597 0.0004 0.002591 0.005722 11.50 100 420 
5.845 2 1 1 0 0.2948 0.2694 0.2776 0.2587 1.0621 0.0004 0.002591 0.005520 11.51 100 410 
5.855 2 1 1 0 0.3120 0.2814 0.2270 0.2705 1.0649 0.0005 0.002591 0.006443 11.50 100 410 
5.865 2 1 1 0 0.2898 0.2585 0.2504 0.2765 1.0673 0.0005 0.002591 0.006089 11.50 100 400 
5.875 2 1 1 0 0.2969 0.2663 0.2725 0.2760 1.0701 0.0005 0.002591 0.005846 11.50 100 420 
5.885 2 1 1 0 0.2974 0.3012 0.3012 0.2737 1.0727 0.0005 0.000000 0.006777 11.50 100 390 
5.895 2 1 1 0 0.2943 0.2575 0.2471 0.2435 1.0753 0.0005 0.002591 0.006585 11.50 100 410 
5.905 2 1 1 0 0.2995 0.2632 0.2847 0.2847 1.0777 0.0005 0.002591 0.006101 11.50 100 420 
5.915 2 1 1 0 0.3127 0.2724 0.2618 0.2835 1.0806 0.0005 0.002591 0.006707 11.50 100 410 
5.925 2 1 1 0 0.2940 0.2555 0.2319 0.2709 1.0830 0.0005 0.002591 0.006575 11.50 100 420 
5.935 2 1 1 0 0.3114 0.2746 0.2704 0.2416 1.0858 0.0005 0.002591 0.006795 11.51 100 410 
5.945 2 1 1 0 0.2787 0.2778 0.2510 0.2519 1.0884 0.0005 0.000000 0.006911 11.50 100 420 
5.955 2 1 1 0 0.2950 0.2571 0.2561 0.2648 1.0910 0.0005 0.002591 0.006376 11.51 100 420 
5.965 2 1 1 0 0.2876 0.2885 0.2667 0.2839 1.0936 0.0005 0.000000 0.006495 11.50 100 430 
5.975 2 1 1 0 0.3161 0.2765 0.2420 0.2608 1.0962 0.0005 0.002591 0.007418 11.51 100 420 
5.985 2 1 1 0 0.3171 0.2416 0.2395 0.2475 1.0988 0.0005 0.005182 0.007156 11.51 100 430 
5.995 2 1 1 0 0.3082 0.2726 0.2903 0.2606 1.1014 0.0005 0.002591 0.006928 11.51 100 420 
6.005 2 1 1 0 0.2913 0.2903 0.2991 0.2649 1.1041 0.0005 0.000000 0.007668 11.51 100 390 
6.015 2 1 1 0 0.2997 0.2566 0.2461 0.2393 1.1067 0.0005 0.002591 0.006913 11.52 100 420 
6.025 2 1 1 0 0.3186 0.2763 0.2867 0.2601 1.1095 0.0005 0.002591 0.007642 11.51 90 420 
6.035 2 1 1 0 0.2956 0.2885 0.2409 0.2792 1.1121 0.0005 0.000000 0.008689 11.51 100 420 
6.045 2 1 1 0 0.2944 0.2497 0.2579 0.2480 1.1147 0.0005 0.002591 0.007506 11.51 100 420 
6.055 2 1 1 0 0.2841 0.2790 0.2796 0.2421 1.1173 0.0006 0.000000 0.006748 11.51 100 420 
6.065 2 1 1 0 0.3021 0.2930 0.2788 0.2788 1.1201 0.0006 0.000000 0.007411 11.51 100 390 
6.075 2 1 1 0 0.3003 0.2523 0.2375 0.2402 1.1223 0.0006 0.002591 0.006817 11.51 100 420 
6.085 2 1 1 0 0.2973 0.2884 0.2928 0.2835 1.1253 0.0006 0.000000 0.007155 11.51 100 390 
6.095 2 1 1 0 0.2909 0.2758 0.2510 0.2736 1.1278 0.0006 0.000000 0.007497 11.51 100 380 
6.105 2 1 1 0 0.2858 0.2693 0.2931 0.2691 1.1306 0.0006 0.000000 0.006515 11.51 100 390 
6.115 2 1 1 0 0.2839 0.3012 0.2856 0.2521 1.1332 0.0006 -0.002591 0.006549 11.51 100 420 
6.125 2 1 1 0 0.2868 0.2953 0.2759 0.2763 1.1360 0.0006 -0.002591 0.007456 11.51 100 420 
6.135 2 1 1 0 0.2774 0.2791 0.2517 0.2468 1.1384 0.0006 -0.002591 0.006529 11.51 100 430 
6.145 2 1 1 0 0.2872 0.2866 0.2759 0.2857 1.1412 0.0005 -0.002591 0.006575 11.51 100 420 
6.155 2 1 1 0 0.2932 0.2902 0.2925 0.2461 1.1440 0.0005 -0.002591 0.007187 11.50 100 420 
6.165 2 1 1 0 0.2827 0.2762 0.2510 0.2634 1.1464 0.0005 -0.002591 0.006726 11.50 100 420 
6.175 2 1 1 0 0.2951 0.2874 0.2872 0.2650 1.1492 0.0005 -0.002591 0.007192 11.50 100 430 
6.185 2 1 1 0 0.2961 0.2869 0.2621 0.2783 1.1521 0.0005 -0.002591 0.007453 11.50 100 420 
6.195 2 1 1 0 0.2991 0.2557 0.2881 0.2974 1.1547 0.0005 0.000000 0.006240 11.50 100 380 
6.205 2 1 1 0 0.2870 0.2827 0.2801 0.2601 1.1573 0.0005 -0.002591 0.005885 11.50 100 420 
6.215 2 1 1 0 0.2999 0.2916 0.2857 0.2778 1.1601 0.0005 -0.002591 0.006589 11.50 100 410 
6.225 2 1 1 0 0.2929 0.2821 0.2745 0.2642 1.1629 0.0005 -0.002591 0.006479 11.51 100 420 
6.235 2 1 1 0 0.2799 0.3021 0.2759 0.2620 1.1655 0.0005 -0.005182 0.006809 11.50 100 420 
6.245 2 1 1 0 0.3003 0.2769 0.2418 0.2755 1.1681 0.0005 -0.002591 0.007250 11.50 100 430 
6.255 2 1 1 0 0.3012 0.2781 0.2785 0.2880 1.1709 0.0005 -0.002591 0.007026 11.50 100 430 
6.265 2 1 1 0 0.2949 0.3068 0.2985 0.2630 1.1735 0.0005 -0.005182 0.007355 11.50 100 420 
6.275 2 1 1 0 0.3007 0.2716 0.2352 0.2835 1.1762 0.0004 -0.002591 0.007187 11.50 100 430 
6.285 2 1 1 0 0.3061 0.2799 0.2796 0.2716 1.1790 0.0004 -0.002591 0.007251 11.51 100 420 
6.295 2 1 1 0 0.2920 0.3024 0.2485 0.2920 1.1816 0.0004 -0.005182 0.007996 11.51 100 430 
6.305 2 1 1 0 0.2978 0.2722 0.2402 0.2488 1.1842 0.0004 -0.002591 0.007343 11.51 100 420 
6.315 2 1 1 0 0.3035 0.2834 0.2857 0.2622 1.1870 0.0004 -0.002591 0.007170 11.52 100 420 
6.325 2 1 1 0 0.3217 0.2999 0.2849 0.2921 1.1898 0.0004 -0.002591 0.008151 11.51 100 430 
6.335 2 1 1 0 0.3049 0.2495 0.2214 0.2580 1.1924 0.0004 0.000000 0.007285 11.51 100 420 
6.345 2 1 1 0 0.2992 0.2901 0.2899 0.2791 1.1950 0.0004 -0.002591 0.007148 11.51 100 410 
6.355 2 1 1 0 0.3046 0.2962 0.2457 0.2705 1.1978 0.0004 -0.002591 0.007506 11.51 100 420 
6.365 2 1 1 0 0.3184 0.2817 0.3075 0.3069 1.2005 0.0004 0.000000 0.007623 11.51 100 390 
6.375 2 1 1 0 0.3074 0.3131 0.2755 0.2546 1.2035 0.0004 -0.002591 0.008127 11.51 100 420 
6.385 2 1 1 0 0.3123 0.2806 0.2947 0.2585 1.2061 0.0004 0.000000 0.007839 11.51 100 420 
6.395 2 1 1 0 0.3079 0.2790 0.2635 0.2911 1.2089 0.0004 0.000000 0.007332 11.51 100 390 
6.405 2 1 1 0 0.3255 0.3002 0.2837 0.2630 1.2117 0.0004 0.000000 0.008100 11.51 100 390 
6.415 2 1 1 0 0.3151 0.2865 0.2453 0.2981 1.2145 0.0004 0.000000 0.007984 11.51 100 390 
6.425 2 1 1 0 0.3158 0.2924 0.2873 0.2794 1.2173 0.0004 0.000000 0.007648 11.51 100 390 
6.435 2 1 1 0 0.3158 0.2930 0.2712 0.2779 1.2201 0.0004 0.000000 0.007763 11.51 100 390 
6.445 2 1 1 0 0.3279 0.2714 0.2673 0.2813 1.2227 0.0004 0.002591 0.007102 11.51 100 420 
6.455 2 1 1 0 0.3342 0.2846 0.3189 0.2805 1.2256 0.0004 0.002591 0.006864 11.51 100 420 
6.465 2 1 1 0 0.3372 0.2901 0.2719 0.3098 1.2284 0.0004 0.002591 0.007719 11.50 100 410 
6.475 2 1 1 0 0.3159 0.2729 0.2484 0.2643 1.2312 0.0004 0.002591 0.006827 11.51 100 410 
6.485 2 1 1 0 0.3330 0.2925 0.3048 0.2716 1.2340 0.0004 0.002591 0.006820 11.51 100 420 
6.495 2 1 1 0 0.3289 0.2861 0.2554 0.2847 1.2368 0.0004 0.002591 0.006940 11.50 100 420 
6.505 2 1 1 0 0.3204 0.2835 0.2910 0.2849 1.2396 0.0004 0.002591 0.006068 11.51 100 420 
6.515 2 1 1 0 0.3352 0.2967 0.2932 0.2696 1.2424 0.0004 0.002591 0.006354 11.50 100 420 
6.525 2 1 1 0 0.3256 0.2842 0.2694 0.2900 1.2452 0.0004 0.002591 0.006257 11.50 100 410 
6.535 2 1 1 0 0.3213 0.2829 0.2893 0.2749 1.2480 0.0004 0.002591 0.005405 11.50 100 420 
6.545 2 1 1 0 0.3208 0.3181 0.3193 0.3214 1.2511 0.0004 0.000000 0.005722 11.50 100 390 
6.555 2 1 1 0 0.3207 0.2790 0.2531 0.2586 1.2537 0.0004 0.002591 0.005448 11.49 100 420 
6.565 2 1 1 0 0.3212 0.2821 0.2880 0.2966 1.2565 0.0004 0.002591 0.004798 11.49 100 420 
6.575 2 1 1 0 0.3158 0.3139 0.2927 0.2612 1.2595 0.0004 0.000000 0.005208 11.50 100 390 
6.585 2 1 1 0 0.3201 0.2787 0.2549 0.2919 1.2621 0.0004 0.002591 0.004360 11.49 100 410 
6.595 2 1 1 0 0.3193 0.2813 0.2735 0.2636 1.2649 0.0004 0.002591 0.003545 11.51 100 420 
6.605 2 1 1 0 0.3132 0.3121 0.2813 0.2832 1.2679 0.0005 0.000000 0.004091 11.50 100 430 
6.615 2 1 1 0 0.3162 0.2790 0.2922 0.2968 1.2705 0.0005 0.002591 0.003529 11.50 100 420 
6.625 2 1 1 0 0.3130 0.3145 0.3008 0.2957 1.2736 0.0005 0.000000 0.003577 11.51 100 430 
6.635 2 1 1 0 0.3057 0.3020 0.2676 0.2731 1.2764 0.0005 0.000000 0.003942 11.50 100 420 
6.645 2 1 1 0 0.3047 0.3014 0.3017 0.2589 1.2792 0.0005 0.000000 0.003577 11.51 100 420 
6.655 2 1 1 0 0.3436 0.2971 0.3000 0.3073 1.2822 0.0005 0.002591 0.004336 11.51 100 420 
6.665 2 1 1 0 0.3247 0.2740 0.2854 0.2687 1.2850 0.0005 0.002591 0.003897 11.51 100 420 
6.675 2 1 1 0 0.3148 0.3043 0.2966 0.2975 1.2880 0.0005 0.000000 0.003654 11.51 100 400 
6.685 2 1 1 0 0.3207 0.3058 0.2953 0.2636 1.2908 0.0005 0.000000 0.004100 11.51 100 390 
6.695 2 1 1 0 0.3084 0.2922 0.2895 0.2985 1.2936 0.0005 0.000000 0.002997 11.51 100 390 
6.705 2 1 1 0 0.3176 0.3042 0.3011 0.2898 1.2964 0.0005 0.000000 0.002795 11.51 100 410 
6.715 2 1 1 0 0.3224 0.3057 0.2863 0.2703 1.2993 0.0005 0.000000 0.003193 11.52 100 360 
6.725 2 1 1 0 0.3206 0.2663 0.2837 0.2717 1.3023 0.0005 0.002591 0.002170 11.51 100 420 
6.735 2 1 1 0 0.3148 0.2971 0.3009 0.2926 1.3053 0.0005 0.000000 0.002040 11.51 100 390 
6.745 2 1 1 0 0.3276 0.3043 0.2857 0.2804 1.3081 0.0005 0.000000 0.002845 11.51 100 430 
6.755 2 1 1 0 0.3061 0.3167 0.2942 0.2971 1.3111 0.0005 -0.002591 0.003051 11.51 100 420 
6.765 2 1 1 0 0.3112 0.3134 0.2844 0.2931 1.3139 0.0005 -0.002591 0.003549 11.51 100 420 
6.775 2 1 1 0 0.3222 0.2829 0.2627 0.2965 1.3169 0.0005 0.000000 0.002873 11.51 100 380 
6.785 2 1 1 0 0.3101 0.3086 0.3012 0.2749 1.3199 0.0005 -0.002591 0.002449 11.50 100 420 
6.795 2 1 1 0 0.3125 0.3051 0.2987 0.2852 1.3228 0.0004 -0.002591 0.002755 11.51 100 420 
6.805 2 1 1 0 0.3102 0.2987 0.2881 0.2953 1.3256 0.0004 -0.002591 0.001733 11.51 100 420 
6.815 2 1 1 0 0.3128 0.3005 0.3053 0.3233 1.3284 0.0004 -0.002591 0.001488 11.51 100 430 
6.825 2 1 1 0 0.2932 0.3168 0.2866 0.2609 1.3314 0.0004 -0.005182 0.001633 11.51 100 420 
6.835 2 1 1 0 0.3099 0.2942 0.2457 0.2768 1.3344 0.0004 -0.002591 0.001369 11.51 100 420 
6.845 2 1 1 0 0.3171 0.3005 0.3021 0.2609 1.3372 0.0004 -0.002591 0.001544 11.50 100 420 
6.855 2 1 1 0 0.3050 0.2883 0.2614 0.3094 1.3400 0.0004 -0.002591 0.000904 11.51 100 420 
6.865 2 1 1 0 0.3115 0.2982 0.3002 0.2965 1.3428 0.0004 -0.002591 0.000585 11.51 100 420 
6.875 2 1 1 0 0.3031 0.3266 0.3057 0.2772 1.3458 0.0004 -0.005182 0.001121 11.50 100 430 
6.885 2 1 1 0 0.2851 0.3079 0.2747 0.2772 1.3487 0.0004 -0.005182 0.000992 11.50 100 420 
6.895 2 1 1 0 0.3132 0.2964 0.2977 0.2924 1.3517 0.0004 -0.002591 0.000854 11.50 100 420 
6.905 2 1 1 0 0.3241 0.3025 0.3330 0.2823 1.3545 0.0004 -0.002591 0.001449 11.50 100 430 
6.915 2 1 1 0 0.3190 0.2949 0.2902 0.3048 1.3573 0.0003 -0.002591 0.001587 11.51 100 430 
6.925 2 1 1 0 0.3051 0.3165 0.2998 0.2721 1.3603 0.0003 -0.005182 0.002060 11.50 100 420 
6.935 2 1 1 0 0.3111 0.2820 0.2554 0.3052 1.3629 0.0003 -0.002591 0.001600 11.50 100 430 
6.945 2 1 1 0 0.2993 0.3140 0.2980 0.2716 1.3659 0.0003 -0.005182 0.001760 11.50 100 430 
6.955 2 1 1 0 0.3057 0.3204 0.2815 0.3017 1.3687 0.0003 -0.005182 0.002513 11.50 100 430 
6.965 2 1 1 0 0.3122 0.2894 0.2685 0.2880 1.3718 0.0003 -0.002591 0.001990 11.50 100 420 
6.975 2 1 1 0 0.3214 0.3045 0.2814 0.2864 1.3746 0.0003 -0.002591 0.002118 11.51 100 420 
6.985 2 1 1 0 0.3305 0.3122 0.2974 0.2903 1.3774 0.0003 -0.002591 0.003448 11.51 100 430 
6.995 2 1 1 0 0.3143 0.3008 0.2604 0.2935 1.3802 0.0003 -0.002591 0.003030 11.51 100 430 
7.005 2 1 2 0 0.3433 0.3322 0.3089 0.2895 1.3834 0.0003 -0.002591 0.003491 11.51 100 420 
7.015 2 1 2 0 0.3377 0.3286 0.2789 0.3439 1.3862 0.0002 -0.002591 0.002948 11.50 100 420 
7.025 2 1 2 0 0.3629 0.3229 0.3188 0.3128 1.3892 0.0002 0.000000 0.001797 11.51 100 390 
7.035 2 1 2 0 0.3675 0.3292 0.2523 0.2962 1.3924 0.0002 0.000000 0.000453 11.50 100 390 
7.045 2 1 2 0 0.3509 0.3196 0.3033 0.3412 1.3953 0.0002 0.000000 -0.002626 11.51 100 390 
7.055 2 1 2 0 0.3559 0.3666 0.3690 0.3054 1.3987 0.0002 -0.002591 -0.004597 11.50 100 420 
7.065 2 1 2 0 0.3816 0.3167 0.2808 0.3636 1.4019 0.0002 0.002591 -0.007787 11.50 100 420 
7.075 2 1 2 0 0.3819 0.3250 0.3450 0.3631 1.4051 0.0002 0.002591 -0.011615 11.51 100 410 
7.085 2 1 2 0 0.3808 0.3277 0.3114 0.3521 1.4083 0.0002 0.002591 -0.015353 11.51 100 420 
7.095 2 1 2 0 0.3612 0.3201 0.3219 0.3033 1.4115 0.0002 0.002591 -0.020082 11.51 100 420 
7.105 2 1 2 0 0.3588 0.3616 0.3428 0.3431 1.4149 0.0002 0.000000 -0.023476 11.51 100 420 
7.115 2 1 2 0 0.3553 0.3239 0.3295 0.3341 1.4183 0.0003 0.002591 -0.028047 11.51 100 420 
7.125 2 1 2 0 0.3502 0.3263 0.3548 0.3125 1.4216 0.0003 0.002591 -0.032563 11.51 100 420 
7.135 2 1 2 0 0.3522 0.3269 0.3347 0.3673 1.4248 0.0003 0.002591 -0.036584 11.51 100 420 
7.145 2 1 2 0 0.3329 0.3128 0.3172 0.3185 1.4280 0.0003 0.002591 -0.041657 11.51 100 420 
7.155 2 1 2 0 0.3325 0.3113 0.2775 0.3120 1.4312 0.0003 0.002591 -0.045877 11.52 100 420 
7.165 2 1 2 0 0.3169 0.2930 0.2920 0.2852 1.4344 0.0003 0.002591 -0.050222 11.52 100 420 
7.175 2 1 2 0 0.3081 0.2849 0.3092 0.2822 1.4372 0.0003 0.002591 -0.054314 11.51 100 420 
7.185 2 1 2 0 0.2807 0.2923 0.2938 0.2910 1.4402 0.0003 0.000000 -0.058176 11.52 100 420 
7.195 2 1 2 0 0.2738 0.2800 0.2640 0.2773 1.4430 0.0003 0.000000 -0.061823 11.50 100 410 
7.205 2 1 2 0 0.2912 0.2574 0.2779 0.2724 1.4461 0.0003 0.002591 -0.065042 11.52 100 420 
7.215 2 1 2 0 0.2684 0.2735 0.2769 0.2756 1.4487 0.0003 0.000000 -0.067519 11.52 100 420 
7.225 2 1 2 0 0.2726 0.2738 0.2795 0.2820 1.4515 0.0003 0.000000 -0.069177 11.51 100 400 
7.235 2 1 2 0 0.2686 0.2695 0.2676 0.2597 1.4543 0.0003 0.000000 -0.070054 11.51 100 390 
7.245 2 1 2 0 0.2872 0.2460 0.2899 0.2632 1.4569 0.0003 0.002591 -0.070968 11.50 100 420 
7.255 2 1 2 0 0.2638 0.2570 0.2592 0.2631 1.4595 0.0003 0.000000 -0.072016 11.51 100 380 
7.265 2 1 2 0 0.2587 0.2489 0.2594 0.2474 1.4619 0.0003 0.000000 -0.072806 11.51 100 380 
7.275 2 1 2 0 0.2495 0.2377 0.2456 0.2518 1.4647 0.0003 0.000000 -0.073758 11.51 100 380 
7.285 2 1 2 0 0.2211 0.2439 0.2468 0.2439 1.4669 0.0003 -0.002591 -0.074875 11.50 100 420 
7.295 2 1 2 0 0.2289 0.2089 0.2222 0.2131 1.4692 0.0003 0.000000 -0.075978 11.52 100 410 
7.305 2 1 2 0 0.1969 0.2133 0.2092 0.2079 1.4714 0.0003 -0.002591 -0.077048 11.51 100 420 
7.315 2 1 2 0 0.1932 0.2056 0.2001 0.1848 1.4734 0.0003 -0.002591 -0.077802 11.51 100 420 
7.325 2 1 2 0 0.1963 0.2061 0.1982 0.2128 1.4754 0.0003 -0.002591 -0.077784 11.51 100 420 
7.335 2 1 2 0 0.2084 0.2168 0.2324 0.1988 1.4774 0.0003 -0.002591 -0.076604 11.51 100 420 
7.345 2 1 2 0 0.2285 0.1929 0.2040 0.2150 1.4796 0.0003 0.000000 -0.075457 11.52 100 420 
7.355 2 1 2 0 0.2235 0.1892 0.1886 0.1939 1.4816 0.0003 0.000000 -0.074394 11.52 100 420 
7.365 2 1 2 0 0.2199 0.1864 0.2037 0.1778 1.4836 0.0003 0.000000 -0.073675 11.52 100 400 
7.375 2 1 2 0 0.1846 0.1874 0.1813 0.1661 1.4854 0.0003 -0.002591 -0.073331 11.52 100 420 
7.385 2 1 2 0 0.1932 0.1567 0.1745 0.1709 1.4872 0.0003 0.000000 -0.073491 11.52 100 420 
7.395 2 1 2 0 0.1735 0.1366 0.1267 0.1449 1.4888 0.0003 0.000000 -0.074143 11.52 100 400 
7.405 2 1 2 0 0.1391 0.1412 0.1312 0.1450 1.4902 0.0003 -0.002591 -0.074994 11.52 100 410 
7.415 2 1 2 0 0.1604 0.1278 0.1186 0.1691 1.4917 0.0003 0.000000 -0.075322 11.52 100 380 
7.425 2 1 2 0 0.1460 0.1580 0.1678 0.1358 1.4931 0.0003 -0.002591 -0.073797 11.52 100 420 
7.435 2 1 2 0 0.1756 0.1478 0.1461 0.1626 1.4945 0.0003 0.000000 -0.071792 11.52 100 380 
7.445 2 1 2 0 0.1738 0.1444 0.1398 0.1517 1.4961 0.0003 0.000000 -0.069815 11.52 100 420 
7.455 2 1 2 0 0.1513 0.1591 0.1412 0.1326 1.4975 0.0003 -0.002591 -0.068062 11.52 100 420 
7.465 2 1 2 0 0.1329 0.1381 0.1411 0.1192 1.4987 0.0003 -0.002591 -0.067100 11.52 100 420 
7.475 2 1 2 0 0.1201 0.1203 0.1177 0.1145 1.4999 0.0003 -0.002591 -0.067021 11.52 100 420 
7.485 2 1 2 0 0.1255 0.0920 0.0758 0.1018 1.5009 0.0003 0.000000 -0.066969 11.52 100 370 
7.495 2 1 2 0 0.0902 0.1303 0.1251 0.0943 1.5021 0.0003 -0.005182 -0.066756 11.52 100 420 
7.505 2 1 2 0 0.1096 0.1061 0.0934 0.1084 1.5031 0.0003 -0.002591 -0.065946 11.52 100 400 
7.515 2 1 2 0 0.1286 0.1261 0.0913 0.0926 1.5039 0.0003 -0.002591 -0.063678 11.52 100 420 
7.525 2 1 2 0 0.1492 0.1451 0.1378 0.1542 1.5055 0.0003 -0.002591 -0.060198 11.52 100 420 
7.535 2 1 2 0 0.1181 0.1475 0.1159 0.1014 1.5065 0.0003 -0.005182 -0.057513 11.52 100 400 
7.545 2 1 2 0 0.1142 0.1023 0.0706 0.1214 1.5075 0.0003 -0.002591 -0.057593 11.52 100 410 
7.555 2 1 2 0 0.0995 0.0923 0.1083 0.0787 1.5083 0.0003 -0.002591 -0.057919 11.52 100 400 
7.565 2 1 2 0 0.0852 0.0738 0.0806 0.0891 1.5091 0.0003 -0.002591 -0.058874 11.52 100 410 
7.575 2 1 2 0 0.0805 0.0324 0.0459 0.0595 1.5097 0.0003 0.000000 -0.060190 11.52 100 410 
7.585 2 1 2 0 0.0915 0.0521 0.0332 0.0480 1.5101 0.0003 0.000000 -0.060481 11.52 100 380 
7.595 2 1 2 0 0.0988 0.1006 0.0998 0.0907 1.5111 0.0003 -0.002591 -0.056859 11.52 100 420 
7.605 2 1 2 0 0.1025 0.1051 0.0859 0.0769 1.5119 0.0003 -0.002591 -0.053915 11.51 100 420 
7.615 2 1 2 0 0.0632 0.0985 0.0645 0.0565 1.5125 0.0003 -0.005182 -0.052245 11.51 100 410 
7.625 2 1 2 0 0.0910 0.0479 0.0352 0.0691 1.5129 0.0003 0.000000 -0.051633 11.51 100 380 
7.635 2 1 2 0 0.0734 0.0410 0.0240 0.0515 1.5133 0.0003 0.000000 -0.051389 11.51 100 380 
7.645 2 1 2 0 0.0298 0.0712 0.0727 0.0290 1.5137 0.0003 -0.005182 -0.051134 11.52 100 410 
7.655 2 1 2 0 0.0386 0.0666 0.0491 0.0213 1.5141 0.0003 -0.005182 -0.050777 11.52 100 410 
7.665 2 1 2 0 0.0934 0.0498 0.0341 0.0878 1.5150 0.0003 0.000000 -0.049268 11.51 100 420 
7.675 2 1 2 0 0.0651 0.0682 0.0957 0.0563 1.5156 0.0003 -0.002591 -0.047490 11.52 100 420 
7.685 2 1 2 0 0.0495 0.0805 0.0585 0.0307 1.5158 0.0003 -0.005182 -0.046701 11.52 100 400 
7.695 2 1 2 0 0.0454 0.0609 0.0414 0.0210 1.5162 0.0003 -0.005182 -0.046163 11.52 100 410 
7.705 2 1 2 0 0.0566 0.0070 0.0204 0.0605 1.5166 0.0003 0.000000 -0.046136 11.51 100 370 
7.715 2 1 2 0 -0.0047 0.0277 0.0162 -0.0422 1.5166 0.0003 -0.005182 -0.047695 11.52 100 400 
7.725 2 1 2 0 0.0137 0.0053 0.0162 0.0577 1.5168 0.0003 -0.002591 -0.049063 11.52 100 410 
7.735 2 1 2 0 0.0294 -0.0058 0.0162 0.0451 1.5170 0.0003 0.000000 -0.049799 11.52 100 380 
7.745 2 1 2 0 0.0408 0.0153 0.0115 0.0225 1.5170 0.0003 0.000000 -0.048338 11.52 100 380 
7.755 2 1 2 0 0.0307 0.0113 0.0090 0.0144 1.5170 0.0003 0.000000 -0.045541 11.52 100 370 
7.765 2 1 2 0 0.0138 -0.0021 0.0073 0.0106 1.5170 0.0003 0.000000 -0.044030 11.52 100 380 
7.775 2 1 2 0 0.0004 -0.0133 0.0062 0.0084 1.5170 0.0003 0.000000 -0.043303 11.52 100 370 
7.785 2 1 2 0 -0.0084 -0.0208 0.0054 0.0069 1.5170 0.0003 0.000000 -0.042646 11.52 100 370 
7.795 2 1 2 0 -0.0218 -0.0333 0.0047 0.0059 1.5170 0.0003 0.000000 -0.042513 11.52 100 370 
7.805 2 1 2 0 -0.0331 -0.0442 0.0042 0.0052 1.5170 0.0003 0.000000 -0.042597 11.52 100 370 
7.815 2 1 2 0 -0.0469 -0.0250 0.0038 -0.0047 1.5168 0.0003 -0.002591 -0.042813 11.52 100 410 
7.825 2 1 2 0 -0.0305 -0.0473 -0.0037 -0.0047 1.5166 0.0003 0.000000 -0.041517 11.52 100 380 
7.835 2 1 2 0 -0.0739 -0.0514 -0.0037 -0.0181 1.5164 0.0003 -0.002591 -0.041739 11.52 100 410 
7.845 2 1 2 0 -0.0347 -0.0571 -0.0164 -0.0181 1.5162 0.0003 0.000000 -0.041257 11.52 100 380 
7.855 2 1 2 0 -0.0723 -0.0516 -0.0164 -0.0187 1.5160 0.0003 -0.002591 -0.039527 11.52 100 420 
7.865 2 1 2 0 -0.0846 -0.0766 -0.0187 -0.0658 1.5156 0.0003 -0.002591 -0.039774 11.52 100 410 
7.875 2 1 2 0 -0.0553 -0.0837 -0.0633 -0.0280 1.5154 0.0003 0.000000 -0.038324 11.52 100 380 
7.885 2 1 2 0 -0.0934 -0.0817 -0.0283 -0.0198 1.5152 0.0003 -0.002591 -0.037678 11.51 100 410 
7.895 2 1 2 0 -0.0937 -0.0937 -0.0187 -0.0426 1.5147 0.0003 -0.002591 -0.038414 11.51 100 410 
7.905 2 1 2 0 -0.0977 -0.0936 -0.0483 -0.0263 1.5143 0.0003 -0.002591 -0.037018 11.51 100 410 
7.915 2 1 2 0 -0.1148 -0.0830 -0.0295 -0.0680 1.5137 0.0003 -0.005182 -0.036262 11.50 100 420 
7.925 2 1 2 0 -0.1022 -0.1008 -0.0660 -0.0350 1.5131 0.0003 -0.002591 -0.034428 11.51 100 410 
7.935 2 1 2 0 -0.1135 -0.0810 -0.0403 -0.1071 1.5125 0.0003 -0.005182 -0.032808 11.50 100 410 
7.945 2 1 2 0 -0.1021 -0.1038 -0.0818 -0.0352 1.5119 0.0003 -0.002591 -0.030635 11.51 100 410 
7.955 2 1 2 0 -0.1383 -0.1029 -0.0473 -0.0897 1.5113 0.0003 -0.005182 -0.028969 11.50 100 410 
7.965 2 1 2 0 -0.1442 -0.1140 -0.0862 -0.0528 1.5105 0.0003 -0.005182 -0.028578 11.49 100 420 
7.975 2 1 2 0 -0.1376 -0.1075 -0.0778 -0.1041 1.5097 0.0003 -0.005182 -0.026454 11.50 100 420 
7.985 2 1 2 0 -0.1000 -0.1110 -0.0831 -0.0544 1.5091 0.0003 -0.002591 -0.023465 11.50 100 400 
