%% logfile from robot Alma (11)
% Alma (11)
%  1    time 2.001 sec
%  2  3  4  5   (mission 0), state 2, entered (thread 1, line 1), events 0x0 (bit-flags)
%  6  7 Wheel velocity [m/s] left, right: -0.0015 -0.0017
%  8  9 10 11 Pose x,y,h,tilt [m,m,rad,rad]: 0.0443794 7.88297e-05 -0.00259112 0.00161507
% 12 13 read sensor time [us]: 100 and ctrl time 410
% 14 23 ctrl bal pos, ref=0.5, m=0, m2=0, uf=0, r2=0.5, ep=1,up=1, ui=0, u1=1, u=1
2.001 2 1 1 0 -0.0015 -0.0017 0.0444 0.0001 -0.002591 0.001615 100 410 0.5 0 0 0 0.5 1 1 0 1 1 
2.016 2 1 1 0 -0.0015 -0.0016 0.0444 0.0001 -0.002591 0.003306 100 410 0.5 0 0 0 0.5 1 1 0 1 1 
2.031 2 1 1 0 -0.0014 -0.0015 0.0444 0.0001 -0.002591 0.005183 100 410 0.5 0 0 0 0.5 1 1 0 1 1 
2.046 2 1 1 0 -0.0013 -0.0014 0.0444 0.0001 -0.002591 0.007274 100 420 0.5 0 0 0 0.5 1 1 0 1 1 
2.061 2 1 1 0 -0.0013 -0.0014 0.0444 0.0001 -0.002591 0.009598 100 420 0.5 0 0 0 0.5 1 1 0 1 1 
2.076 2 1 1 0 -0.0012 -0.0013 0.0444 0.0001 -0.002591 0.012205 100 420 0.5 0 0 0 0.5 1 1 0 1 1 
2.091 2 1 1 0 -0.0011 -0.0012 0.0444 0.0001 -0.002591 0.015084 100 420 0.5 0 0 0 0.5 1 1 0 1 1 
2.106 2 1 1 0 -0.0011 -0.0012 0.0444 0.0001 -0.002591 0.018289 100 420 0.5 0 0 0 0.5 1 1 0 1 1 
2.121 2 1 1 0 -0.0011 -0.0011 0.0444 0.0001 -0.002591 0.021878 100 420 0.5 0 0 0 0.5 1 1 0 1 1 
2.136 2 1 1 0 -0.0010 -0.0011 0.0444 0.0001 -0.002591 0.025843 100 420 0.5 0 0 0 0.5 1 1 0 1 1 
2.151 2 1 1 0 -0.0010 -0.0010 0.0444 0.0001 -0.002591 0.030274 100 420 0.5 0 0 0 0.5 1 1 0 1 1 
2.166 2 1 1 0 -0.0009 -0.0010 0.0444 0.0001 -0.002591 0.035173 100 420 0.5 0 0 0 0.5 1 1 0 1 1 
2.181 2 1 1 0 -0.0009 -0.0010 0.0444 0.0001 -0.002591 0.040615 100 420 0.5 0 0 0 0.5 1 1 0 1 1 
2.196 2 1 1 0 -0.0009 0.0009 0.0446 0.0001 0.000000 0.046725 100 390 0.5 0.000200812 0.00094338 0 0.5 0.998113 0.998113 0 0.998113 0.998113 
2.211 2 1 1 0 0.0008 0.0376 0.0450 0.0001 0.000000 0.053403 100 390 0.5 0.000602435 0.00264523 0 0.5 0.99471 0.99471 0 0.99471 0.99471 
2.226 2 1 1 0 0.0566 0.0228 0.0456 0.0001 -0.002591 0.059964 100 420 0.5 0.00120487 0.00503133 0 0.5 0.989937 0.989937 0 0.989937 0.989937 
2.241 2 1 1 0 0.0218 0.0363 0.0460 0.0001 0.002591 0.064467 100 420 0.5 0.00160649 0.00617401 0 0.5 0.987652 0.987652 0 0.987652 0.987652 
2.256 2 1 1 0 0.0403 0.0752 0.0468 0.0001 0.002591 0.066183 100 410 0.5 0.00240974 0.00900921 0 0.5 0.981982 0.981982 0 0.981982 0.981982 
2.271 2 1 1 0 0.0644 0.0507 0.0476 0.0001 0.002591 0.066751 100 420 0.5 0.00321299 0.0114714 0 0.5 0.977057 0.977057 0 0.977057 0.977057 
2.286 2 1 1 0 0.0705 0.0566 0.0488 0.0001 0.002591 0.068345 100 430 0.5 0.00441786 0.0154123 0 0.5 0.969175 0.969175 0 0.969175 0.969175 
2.301 2 1 1 0 0.1130 0.0996 0.0500 0.0001 0.002591 0.070590 100 420 0.5 0.00562273 0.0188623 0 0.5 0.962275 0.962275 0 0.962275 0.962275 
2.316 2 1 1 0 0.1166 0.1173 0.0516 0.0001 0.002591 0.069789 100 430 0.5 0.00722922 0.023742 0 0.5 0.952516 0.952516 0 0.952516 0.952516 
2.331 2 1 1 0 0.0930 0.1147 0.0530 0.0001 0.005182 0.069591 100 420 0.5 0.00863491 0.0270326 0 0.5 0.945935 0.945935 0 0.945935 0.945935 
2.346 2 1 1 0 0.0822 0.1349 0.0548 0.0001 0.007773 0.067746 100 440 0.5 0.0104422 0.031739 0 0.5 0.936522 0.936522 0 0.936522 0.936522 
2.361 2 1 1 0 0.1420 0.1276 0.0568 0.0001 0.007773 0.066911 100 440 0.5 0.0124503 0.0369117 0 0.5 0.926177 0.926177 0 0.926177 0.926177 
2.376 2 1 1 0 0.1357 0.1479 0.0590 0.0001 0.005182 0.066149 100 430 0.5 0.0146593 0.0424273 0 0.5 0.915145 0.915145 0 0.915145 0.915145 
2.391 2 1 1 0 0.1482 0.1492 0.0612 0.0002 0.007773 0.064038 100 440 0.5 0.0168682 0.0472849 0 0.5 0.90543 0.90543 0 0.90543 0.90543 
2.406 2 1 1 0 0.1743 0.1765 0.0635 0.0002 0.010364 0.062138 100 430 0.5 0.0190771 0.0516199 0 0.5 0.89676 0.89676 0 0.89676 0.89676 
2.421 2 1 1 0 0.1875 0.1945 0.0659 0.0002 0.010364 0.060138 100 440 0.5 0.0214869 0.0564614 0 0.5 0.887077 0.887077 0 0.887077 0.887077 
2.436 2 1 1 0 0.1498 0.1715 0.0685 0.0002 0.007773 0.058354 100 430 0.5 0.0240975 0.061727 0 0.5 0.876546 0.876546 0 0.876546 0.876546 
2.451 2 1 1 0 0.1785 0.1584 0.0711 0.0002 0.010364 0.056580 100 440 0.5 0.0267081 0.0664872 0 0.5 0.867026 0.867026 0 0.867026 0.867026 
2.466 2 1 1 0 0.2313 0.2006 0.0739 0.0003 0.010364 0.055232 100 440 0.5 0.0295195 0.071809 0 0.5 0.856382 0.856382 0 0.856382 0.856382 
2.481 2 1 1 0 0.1900 0.2101 0.0767 0.0003 0.010364 0.053193 100 430 0.5 0.0323309 0.0765838 0 0.5 0.846833 0.846833 0 0.846833 0.846833 
2.496 2 1 1 0 0.1992 0.2120 0.0799 0.0003 0.010364 0.050398 100 430 0.5 0.0355439 0.0828541 0 0.5 0.834292 0.834292 0 0.834292 0.834292 
2.511 2 1 1 0 0.2085 0.2520 0.0829 0.0003 0.007773 0.048790 100 440 0.5 0.0385561 0.0876055 0 0.5 0.824789 0.824789 0 0.824789 0.824789 
2.526 2 1 1 0 0.2054 0.2057 0.0861 0.0004 0.007773 0.046243 100 430 0.5 0.0417691 0.0928972 0 0.5 0.814206 0.814206 0 0.814206 0.814206 
2.541 2 1 1 0 0.2461 0.2192 0.0892 0.0004 0.010364 0.043692 100 430 0.5 0.0447813 0.0968601 0 0.5 0.80628 0.80628 0 0.80628 0.80628 
2.556 2 1 1 0 0.2317 0.2013 0.0928 0.0004 0.010364 0.042106 100 430 0.5 0.048396 0.103406 0 0.5 0.793189 0.793189 0 0.793189 0.793189 
2.571 2 1 1 0 0.2236 0.2310 0.0960 0.0005 0.010364 0.039121 100 440 0.5 0.051609 0.107617 0 0.5 0.784766 0.784766 0 0.784766 0.784766 
2.586 2 1 1 0 0.2162 0.2426 0.0996 0.0005 0.010364 0.038207 100 440 0.5 0.0552236 0.113401 0 0.5 0.773197 0.773197 0 0.773197 0.773197 
2.601 2 1 1 0 0.2340 0.2423 0.1030 0.0005 0.007773 0.035335 100 440 0.5 0.0586375 0.117885 0 0.5 0.76423 0.76423 0 0.76423 0.76423 
2.616 2 1 1 0 0.2855 0.2267 0.1066 0.0006 0.007773 0.034632 100 420 0.5 0.0622521 0.123064 0 0.5 0.753873 0.753873 0 0.753873 0.753873 
2.631 2 1 1 0 0.2237 0.2290 0.1102 0.0006 0.007773 0.031952 100 420 0.5 0.0658668 0.127913 0 0.5 0.744175 0.744175 0 0.744175 0.744175 
2.646 2 1 1 0 0.2553 0.2572 0.1139 0.0006 0.007773 0.031253 100 430 0.5 0.0694814 0.13255 0 0.5 0.734899 0.734899 0 0.734899 0.734899 
2.661 2 1 1 0 0.2254 0.2445 0.1175 0.0007 0.007773 0.029163 100 430 0.5 0.073096 0.136891 0 0.5 0.726219 0.726219 0 0.726219 0.726219 
2.676 2 1 1 0 0.2617 0.2774 0.1215 0.0007 0.007773 0.028045 100 430 0.5 0.0771123 0.143035 0 0.5 0.71393 0.71393 0 0.71393 0.71393 
2.691 2 1 1 0 0.2508 0.2643 0.1251 0.0007 0.007773 0.027035 100 430 0.5 0.0807269 0.146905 0 0.5 0.70619 0.70619 0 0.70619 0.70619 
2.706 2 1 1 0 0.3112 0.2578 0.1291 0.0007 0.007773 0.025327 100 440 0.5 0.0847432 0.152619 0 0.5 0.694762 0.694762 0 0.694762 0.694762 
2.721 2 1 1 0 0.2306 0.2416 0.1329 0.0008 0.005182 0.024220 100 440 0.5 0.0885586 0.157038 0 0.5 0.685924 0.685924 0 0.685924 0.685924 
2.736 2 1 1 0 0.3103 0.2792 0.1370 0.0008 0.005182 0.023602 100 430 0.5 0.0925749 0.162296 0 0.5 0.675408 0.675408 0 0.675408 0.675408 
2.751 2 1 1 0 0.2708 0.2968 0.1410 0.0008 0.005182 0.022043 100 420 0.5 0.0965911 0.167318 0 0.5 0.665364 0.665364 0 0.665364 0.665364 
2.766 2 1 1 0 0.3242 0.2937 0.1450 0.0008 0.005182 0.021593 100 430 0.5 0.100607 0.172193 0 0.5 0.655613 0.655613 0 0.655613 0.655613 
2.781 2 1 1 0 0.2468 0.2651 0.1490 0.0009 0.005182 0.020117 100 420 0.5 0.104624 0.17679 0 0.5 0.646421 0.646421 0 0.646421 0.646421 
2.796 2 1 1 0 0.2866 0.2861 0.1534 0.0009 0.005182 0.020010 100 430 0.5 0.109042 0.183237 0 0.5 0.633526 0.633526 0 0.633526 0.633526 
2.811 2 1 1 0 0.2788 0.2687 0.1574 0.0009 0.005182 0.018273 100 440 0.5 0.113058 0.187401 0 0.5 0.625197 0.625197 0 0.625197 0.625197 
2.826 2 1 1 0 0.3146 0.2635 0.1619 0.0009 0.005182 0.017857 100 430 0.5 0.117476 0.193418 0 0.5 0.613164 0.613164 0 0.613164 0.613164 
2.841 2 1 1 0 0.2980 0.2833 0.1659 0.0009 0.005182 0.015595 100 440 0.5 0.121492 0.197235 0 0.5 0.605529 0.605529 0 0.605529 0.605529 
2.856 2 1 1 0 0.3151 0.2534 0.1705 0.0009 0.002591 0.015194 100 430 0.5 0.126111 0.203865 0 0.5 0.592271 0.592271 0 0.592271 0.592271 
2.871 2 1 1 0 0.2982 0.2805 0.1747 0.0010 0.005182 0.013395 100 440 0.5 0.130328 0.208317 0 0.5 0.583365 0.583365 0 0.583365 0.583365 
2.886 2 1 1 0 0.2797 0.2626 0.1791 0.0010 0.000000 0.012910 100 430 0.5 0.134746 0.213547 0 0.5 0.572907 0.572907 0 0.572907 0.572907 
2.901 2 1 1 0 0.3045 0.3047 0.1835 0.0010 0.000000 0.011153 100 440 0.5 0.139164 0.218703 0 0.5 0.562594 0.562594 0 0.562594 0.562594 
2.916 2 1 1 0 0.2982 0.2764 0.1880 0.0010 0.000000 0.010384 100 430 0.5 0.143581 0.223633 0 0.5 0.552734 0.552734 0 0.552734 0.552734 
2.931 2 1 1 0 0.3479 0.2853 0.1924 0.0010 0.000000 0.009373 100 440 0.5 0.147999 0.228473 0 0.5 0.543053 0.543053 0 0.543053 0.543053 
2.946 2 1 1 0 0.2719 0.2832 0.1970 0.0010 0.002591 0.008074 100 420 0.5 0.152618 0.234119 0 0.5 0.531762 0.531762 0 0.531762 0.531762 
2.961 2 1 1 0 0.3220 0.3156 0.2016 0.0010 0.000000 0.007413 100 390 0.5 0.157237 0.23971 0 0.5 0.520579 0.520579 0 0.520579 0.520579 
2.976 2 1 1 0 0.3008 0.3002 0.2060 0.0010 0.000000 0.007491 100 430 0.5 0.161655 0.244166 0 0.5 0.511668 0.511668 0 0.511668 0.511668 
2.991 2 1 1 0 0.2891 0.2929 0.2106 0.0010 -0.002591 0.006684 100 430 0.5 0.166273 0.249489 0 0.5 0.501021 0.501021 0 0.501021 0.501021 
3.006 2 1 1 0 0.3532 0.3170 0.2153 0.0010 0.000000 0.006351 100 430 0.5 0.170892 0.254696 0 0.5 0.490607 0.490607 0 0.490607 0.490607 
3.021 2 1 1 0 0.3080 0.2876 0.2199 0.0010 -0.002591 0.005963 100 430 0.5 0.175511 0.259762 0 0.5 0.480476 0.480476 0 0.480476 0.480476 
3.036 2 1 1 0 0.3566 0.3034 0.2247 0.0010 -0.002591 0.005893 100 430 0.5 0.18033 0.265746 0 0.5 0.468508 0.468508 0 0.468508 0.468508 
3.051 2 1 1 0 0.3496 0.3292 0.2293 0.0010 -0.005182 0.005027 100 440 0.5 0.184949 0.270519 0 0.5 0.458962 0.458962 0 0.458962 0.458962 
3.066 2 1 1 0 0.3298 0.3340 0.2341 0.0009 -0.005182 0.005060 100 440 0.5 0.189769 0.276165 0 0.5 0.447671 0.447671 0 0.447671 0.447671 
3.081 2 1 1 0 0.3386 0.3461 0.2390 0.0009 -0.005182 0.004233 100 440 0.5 0.194588 0.281703 0 0.5 0.436594 0.436594 0 0.436594 0.436594 
3.096 2 1 1 0 0.3285 0.3101 0.2436 0.0009 -0.002591 0.003499 100 440 0.5 0.199207 0.286106 0 0.5 0.427787 0.427787 0 0.427787 0.427787 
3.111 2 1 1 0 0.3587 0.3223 0.2488 0.0009 -0.002591 0.004203 100 440 0.5 0.204428 0.293367 0 0.5 0.413266 0.413266 0 0.413266 0.413266 
3.126 2 1 1 0 0.3770 0.3406 0.2536 0.0009 -0.002591 0.003077 100 420 0.5 0.209247 0.298477 0 0.5 0.403047 0.403047 0 0.403047 0.403047 
3.141 2 1 1 0 0.3113 0.3050 0.2586 0.0009 0.000000 0.002179 100 400 0.5 0.214268 0.304395 0 0.5 0.39121 0.39121 0 0.39121 0.39121 
3.156 2 1 1 0 0.3361 0.3489 0.2635 0.0009 0.000000 0.001481 100 430 0.5 0.219087 0.309209 0 0.5 0.381582 0.381582 0 0.381582 0.381582 
3.171 2 1 1 0 0.3631 0.3556 0.2685 0.0009 0.002591 0.000620 100 430 0.5 0.224107 0.31488 0 0.5 0.37024 0.37024 0 0.37024 0.37024 
3.186 2 1 1 0 0.2803 0.3365 0.2737 0.0009 0.002591 -0.000251 100 430 0.5 0.229328 0.321384 0 0.5 0.357233 0.357233 0 0.357233 0.357233 
3.201 2 1 1 0 0.3166 0.3629 0.2785 0.0009 0.002591 -0.000990 100 430 0.5 0.234148 0.325868 0 0.5 0.348264 0.348264 0 0.348264 0.348264 
3.216 2 1 1 0 0.3443 0.3449 0.2835 0.0009 0.000000 -0.002737 100 440 0.5 0.239168 0.331232 0 0.5 0.337536 0.337536 0 0.337536 0.337536 
3.231 2 1 1 0 0.3331 0.3294 0.2888 0.0009 0.000000 -0.003028 100 400 0.5 0.244389 0.337452 0 0.5 0.325096 0.325096 0 0.325096 0.325096 
3.246 2 1 1 0 0.3559 0.3710 0.2938 0.0009 0.002591 -0.003753 100 430 0.5 0.249409 0.342586 0 0.5 0.314828 0.314828 0 0.314828 0.314828 
3.261 2 1 1 0 0.3898 0.3381 0.2990 0.0009 0.002591 -0.004752 100 430 0.5 0.25463 0.348614 0 0.5 0.302772 0.302772 0 0.302772 0.302772 
3.276 2 1 1 0 0.3406 0.3713 0.3042 0.0010 0.002591 -0.006716 100 440 0.5 0.259851 0.354537 0 0.5 0.290926 0.290926 0 0.290926 0.290926 
3.291 2 1 1 0 0.3589 0.3303 0.3094 0.0010 0.002591 -0.007863 100 430 0.5 0.265072 0.360407 0 0.5 0.279187 0.279187 0 0.279187 0.279187 
3.306 2 1 1 0 0.3659 0.3064 0.3143 0.0010 0.002591 -0.009627 100 440 0.5 0.269891 0.364177 0 0.5 0.271646 0.271646 0 0.271646 0.271646 
3.321 2 1 1 0 0.3846 0.3581 0.3197 0.0010 0.000000 -0.010315 100 400 0.5 0.275313 0.370915 0 0.5 0.258171 0.258171 0 0.258171 0.258171 
3.336 2 1 1 0 0.3581 0.3121 0.3249 0.0010 0.000000 -0.011478 100 400 0.5 0.280534 0.376495 0 0.5 0.24701 0.24701 0 0.24701 0.24701 
3.351 2 1 1 0 0.3497 0.3615 0.3301 0.0010 0.000000 -0.013440 100 400 0.5 0.285755 0.382007 0 0.5 0.235986 0.235986 0 0.235986 0.235986 
3.366 2 1 1 0 0.3441 0.3240 0.3353 0.0010 0.000000 -0.014390 100 400 0.5 0.290976 0.387451 0 0.5 0.225099 0.225099 0 0.225099 0.225099 
3.381 2 1 1 0 0.3893 0.3560 0.3406 0.0010 0.000000 -0.016379 100 400 0.5 0.296197 0.392863 0 0.5 0.214275 0.214275 0 0.214275 0.214275 
3.396 2 1 1 0 0.3376 0.3575 0.3458 0.0010 0.000000 -0.018673 100 400 0.5 0.301418 0.398219 0 0.5 0.203562 0.203562 0 0.203562 0.203562 
3.411 2 1 1 0 0.3381 0.3659 0.3510 0.0010 0.000000 -0.020827 100 400 0.5 0.306639 0.403588 0 0.5 0.192824 0.192824 0 0.192824 0.192824 
3.426 2 1 1 0 0.3636 0.3173 0.3562 0.0010 0.000000 -0.023228 100 400 0.5 0.31186 0.408918 0 0.5 0.182165 0.182165 0 0.182165 0.182165 
3.441 2 1 1 0 0.3816 0.3641 0.3615 0.0010 0.000000 -0.025388 100 420 0.5 0.317081 0.414175 0 0.5 0.17165 0.17165 0 0.17165 0.17165 
3.456 2 1 1 0 0.3469 0.3466 0.3669 0.0010 -0.002591 -0.026950 100 430 0.5 0.322503 0.420392 0 0.5 0.159216 0.159216 0 0.159216 0.159216 
3.471 2 1 1 0 0.3630 0.3258 0.3721 0.0010 -0.002591 -0.028494 100 440 0.5 0.327724 0.42555 0 0.5 0.1489 0.1489 0 0.1489 0.1489 
3.486 2 1 1 0 0.3783 0.3240 0.3773 0.0010 -0.002591 -0.031324 100 430 0.5 0.332945 0.430742 0 0.5 0.138515 0.138515 0 0.138515 0.138515 
3.501 2 1 1 0 0.3452 0.3253 0.3825 0.0010 -0.002591 -0.033437 100 420 0.5 0.338166 0.43596 0 0.5 0.128081 0.128081 0 0.128081 0.128081 
3.516 2 1 1 0 0.3508 0.3184 0.3878 0.0009 -0.002591 -0.035903 100 430 0.5 0.343387 0.441147 0 0.5 0.117706 0.117706 0 0.117706 0.117706 
3.531 2 1 1 0 0.3528 0.3659 0.3930 0.0009 -0.002591 -0.038350 100 430 0.5 0.348608 0.446322 0 0.5 0.107356 0.107356 0 0.107356 0.107356 
3.546 2 1 1 0 0.3682 0.3257 0.3982 0.0009 -0.002591 -0.040879 100 420 0.5 0.353829 0.451526 0 0.5 0.0969486 0.0969486 0 0.0969486 0.0969486 
3.561 2 1 1 0 0.3274 0.3359 0.4034 0.0009 -0.002591 -0.044012 100 420 0.5 0.35905 0.456764 0 0.5 0.0864723 0.0864723 0 0.0864723 0.0864723 
3.576 2 1 1 0 0.3317 0.3409 0.4084 0.0009 -0.005182 -0.046696 100 430 0.5 0.36407 0.461042 0 0.5 0.0779161 0.0779161 0 0.0779161 0.0779161 
3.591 2 1 1 0 0.3483 0.3398 0.4135 0.0009 -0.002591 -0.049109 100 430 0.5 0.369091 0.465411 0 0.5 0.0691772 0.0691772 0 0.0691772 0.0691772 
3.606 2 1 1 0 0.3107 0.3344 0.4187 0.0008 -0.002591 -0.051488 100 440 0.5 0.374312 0.470854 0 0.5 0.0582922 0.0582922 0 0.0582922 0.0582922 
3.621 2 1 1 0 0.3786 0.3714 0.4237 0.0008 -0.005182 -0.054004 100 430 0.5 0.379332 0.475402 0 0.5 0.0491967 0.0491967 0 0.0491967 0.0491967 
3.636 2 1 1 0 0.3499 0.3389 0.4285 0.0008 -0.005182 -0.056708 100 430 0.5 0.384151 0.479083 0 0.5 0.0418344 0.0418344 0 0.0418344 0.0418344 
3.651 2 1 1 0 0.3503 0.3337 0.4333 0.0008 -0.005182 -0.059690 100 420 0.5 0.388971 0.482974 0 0.5 0.0340512 0.0340512 0 0.0340512 0.0340512 
3.666 2 1 1 0 0.3452 0.3410 0.4382 0.0008 -0.005182 -0.062748 100 440 0.5 0.39379 0.487026 0 0.5 0.0259483 0.0259483 0 0.0259483 0.0259483 
3.681 2 1 1 0 0.3372 0.3560 0.4428 0.0007 -0.002591 -0.064976 100 440 0.5 0.398409 0.490268 0 0.5 0.019465 0.019465 0 0.019465 0.019465 
3.696 2 1 1 0 0.2968 0.3153 0.4474 0.0007 0.000000 -0.067078 100 440 0.5 0.403027 0.493757 0 0.5 0.0124853 0.0124853 0 0.0124853 0.0124853 
3.711 2 1 1 0 0.2832 0.3157 0.4520 0.0007 -0.002591 -0.068447 100 420 0.5 0.407646 0.497484 0 0.5 0.00503254 0.00503254 0 0.00503254 0.00503254 
3.726 2 1 1 0 0.2964 0.2977 0.4564 0.0007 -0.002591 -0.070422 100 430 0.5 0.412064 0.500479 0 0.5 -0.000957489 -0.000957489 0 -0.000957489 -0.000957489 
3.741 2 1 1 0 0.3025 0.2924 0.4611 0.0007 0.000000 -0.072385 100 390 0.5 0.416682 0.504676 0 0.5 -0.00935173 -0.00935173 0 -0.00935173 -0.00935173 
3.756 2 1 1 0 0.3023 0.2990 0.4653 0.0007 -0.002591 -0.074039 100 430 0.5 0.420899 0.507123 0 0.5 -0.0142455 -0.0142455 0 -0.0142455 -0.0142455 
3.771 2 1 1 0 0.2556 0.3079 0.4695 0.0007 0.000000 -0.076235 100 390 0.5 0.425116 0.509808 0 0.5 -0.0196157 -0.0196157 0 -0.0196157 -0.0196157 
3.786 2 1 1 0 0.2990 0.2628 0.4737 0.0007 -0.002591 -0.078525 100 420 0.5 0.429333 0.512811 0 0.5 -0.0256219 -0.0256219 0 -0.0256219 -0.0256219 
3.801 2 1 1 0 0.2726 0.2784 0.4779 0.0007 0.000000 -0.081138 100 390 0.5 0.43355 0.516091 0 0.5 -0.0321822 -0.0321822 0 -0.0321822 -0.0321822 
3.816 2 1 1 0 0.2906 0.2381 0.4817 0.0007 -0.002591 -0.084180 100 420 0.5 0.437365 0.517744 0 0.5 -0.0354872 -0.0354872 0 -0.0354872 -0.0354872 
3.831 2 1 1 0 0.2223 0.2422 0.4856 0.0007 0.000000 -0.086676 100 400 0.5 0.441181 0.519845 0 0.5 -0.0396905 -0.0396905 0 -0.0396905 -0.0396905 
3.846 2 1 1 0 0.2520 0.2515 0.4890 0.0007 -0.002591 -0.087900 100 430 0.5 0.444594 0.520427 0 0.5 -0.0408545 -0.0408545 0 -0.0408545 -0.0408545 
3.861 2 1 1 0 0.2207 0.2552 0.4924 0.0007 0.000000 -0.087943 100 390 0.5 0.448008 0.521452 0 0.5 -0.0429049 -0.0429049 0 -0.0429049 -0.0429049 
3.876 2 1 1 0 0.2023 0.2324 0.4960 0.0007 0.000000 -0.087966 100 420 0.5 0.451623 0.523845 0 0.5 -0.0476894 -0.0476894 0 -0.0476894 -0.0476894 
3.891 2 1 1 0 0.1952 0.2007 0.4992 0.0007 0.000000 -0.089594 100 390 0.5 0.454836 0.524643 0 0.5 -0.0492868 -0.0492868 0 -0.0492868 -0.0492868 
3.906 2 1 1 0 0.1693 0.1965 0.5020 0.0007 0.000000 -0.092171 100 390 0.5 0.457647 0.524041 0 0.5 -0.0480814 -0.0480814 0 -0.0480814 -0.0480814 
3.921 2 1 1 0 0.1695 0.1932 0.5046 0.0007 -0.002591 -0.093893 100 420 0.5 0.460258 0.523277 0 0.5 -0.0465531 -0.0465531 0 -0.0465531 -0.0465531 
3.936 2 1 1 0 0.1813 0.1791 0.5074 0.0007 -0.002591 -0.090825 100 430 0.5 0.463069 0.524024 0 0.5 -0.048049 -0.048049 0 -0.048049 -0.048049 
3.951 2 1 1 0 0.2091 0.1872 0.5103 0.0007 -0.002591 -0.088410 100 420 0.5 0.46588 0.525148 0 0.5 -0.0502963 -0.0502963 0 -0.0502963 -0.0502963 
3.966 2 1 1 0 0.1389 0.1553 0.5129 0.0007 0.000000 -0.088547 100 430 0.5 0.468491 0.525667 0 0.5 -0.0513334 -0.0513334 0 -0.0513334 -0.0513334 
3.981 2 1 1 0 0.1108 0.1346 0.5149 0.0007 0.000000 -0.090643 100 420 0.5 0.470499 0.523898 0 0.5 -0.0477962 -0.0477962 0 -0.0477962 -0.0477962 
3.996 2 1 1 0 0.1311 0.1550 0.5167 0.0007 0.002591 -0.090893 100 430 0.5 0.472306 0.521994 0 0.5 -0.0439882 -0.0439882 0 -0.0439882 -0.0439882 
4.011 2 1 1 0 0.1395 0.1316 0.5189 0.0007 0.000000 -0.087712 100 390 0.5 0.474515 0.522636 0 0.5 -0.0452724 -0.0452724 0 -0.0452724 -0.0452724 
4.026 2 1 1 0 0.1320 0.1118 0.5207 0.0007 -0.002591 -0.084557 100 430 0.5 0.476322 0.521707 0 0.5 -0.0434146 -0.0434146 0 -0.0434146 -0.0434146 
4.041 2 1 1 0 0.1297 0.0891 0.5225 0.0007 0.000000 -0.083390 100 430 0.5 0.478129 0.52129 0 0.5 -0.0425801 -0.0425801 0 -0.0425801 -0.0425801 
4.056 2 1 1 0 0.0906 0.0935 0.5239 0.0007 0.002591 -0.083763 100 430 0.5 0.479535 0.519442 0 0.5 -0.0388832 -0.0388832 0 -0.0388832 -0.0388832 
4.071 2 1 1 0 0.0584 0.0469 0.5249 0.0007 0.000000 -0.084356 100 390 0.5 0.480539 0.516344 0 0.5 -0.0326872 -0.0326872 0 -0.0326872 -0.0326872 
4.086 2 1 1 0 0.1159 0.0974 0.5261 0.0007 0.000000 -0.079754 100 430 0.5 0.481744 0.515126 0 0.5 -0.030252 -0.030252 0 -0.030252 -0.030252 
4.101 2 1 1 0 0.0824 0.1099 0.5277 0.0007 0.000000 -0.073778 100 430 0.5 0.48335 0.516107 0 0.5 -0.0322146 -0.0322146 0 -0.0322146 -0.0322146 
4.116 2 1 1 0 0.0630 0.0436 0.5283 0.0007 -0.002591 -0.073832 100 420 0.5 0.483953 0.512602 0 0.5 -0.0252047 -0.0252047 0 -0.0252047 -0.0252047 
4.131 2 1 1 0 0.0438 0.0509 0.5291 0.0007 -0.002591 -0.074284 100 430 0.5 0.484756 0.510753 0 0.5 -0.0215058 -0.0215058 0 -0.0215058 -0.0215058 
4.146 2 1 1 0 0.0261 0.0358 0.5295 0.0007 0.002591 -0.074463 100 440 0.5 0.485158 0.50762 0 0.5 -0.0152392 -0.0152392 0 -0.0152392 -0.0152392 
4.161 2 1 1 0 0.0352 0.0483 0.5301 0.0007 0.000000 -0.071210 100 390 0.5 0.48576 0.50603 0 0.5 -0.0120592 -0.0120592 0 -0.0120592 -0.0120592 
4.176 2 1 1 0 0.0419 0.0340 0.5305 0.0007 0.000000 -0.067970 100 390 0.5 0.486162 0.503905 0 0.5 -0.00781059 -0.00781059 0 -0.00781059 -0.00781059 
4.191 2 1 1 0 0.0163 0.0150 0.5305 0.0007 0.000000 -0.064959 100 390 0.5 0.486162 0.500484 0 0.5 -0.000968933 -0.000968933 0 -0.000968933 -0.000968933 
4.206 2 1 1 0 0.0101 0.0096 0.5305 0.0007 0.000000 -0.061569 100 380 0.5 0.486162 0.497723 0 0.5 0.00455379 0.00455379 0 0.00455379 0.00455379 
4.221 2 1 1 0 0.0074 0.0071 0.5305 0.0007 0.000000 -0.058296 100 390 0.5 0.486162 0.495494 0 0.5 0.00901175 0.00901175 0 0.00901175 0.00901175 
4.236 2 1 1 0 0.0058 0.0056 0.5305 0.0007 0.000000 -0.056947 100 390 0.5 0.486162 0.493695 0 0.5 0.012609 0.012609 0 0.012609 0.012609 
4.251 2 1 1 0 0.0047 0.0046 0.5305 0.0007 0.000000 -0.055965 100 390 0.5 0.486162 0.492244 0 0.5 0.0155129 0.0155129 0 0.0155129 0.0155129 
4.266 2 1 1 0 0.0040 -0.0041 0.5303 0.0007 -0.002591 -0.056263 100 430 0.5 0.485961 0.490074 0 0.5 0.0198526 0.0198526 0 0.0198526 0.0198526 
4.281 2 1 1 0 0.0035 -0.0041 0.5303 0.0007 -0.002591 -0.056488 100 420 0.5 0.485961 0.489278 0 0.5 0.0214438 0.0214438 0 0.0214438 0.0214438 
4.296 2 1 1 0 -0.0030 -0.0041 0.5301 0.0007 0.000000 -0.056916 100 380 0.5 0.48576 0.487683 0 0.5 0.0246339 0.0246339 0 0.0246339 0.0246339 
4.311 2 1 1 0 -0.0030 -0.0330 0.5297 0.0007 -0.005182 -0.056486 100 420 0.5 0.485359 0.485463 0 0.5 0.0290747 0.0290747 0 0.0290747 0.0290747 
4.326 2 1 1 0 -0.0171 -0.0693 0.5291 0.0007 -0.007773 -0.055490 100 420 0.5 0.484756 0.482629 0 0.5 0.0347414 0.0347414 0 0.0347414 0.0347414 
4.341 2 1 1 0 -0.0474 -0.0518 0.5283 0.0007 -0.007773 -0.053568 100 440 0.5 0.483953 0.479282 0 0.5 0.0414352 0.0414352 0 0.0414352 0.0414352 
4.356 2 1 1 0 -0.0605 -0.0724 0.5273 0.0007 -0.005182 -0.050119 100 440 0.5 0.482949 0.475533 0 0.5 0.0489345 0.0489345 0 0.0489345 0.0489345 
4.371 2 1 1 0 -0.0833 -0.0890 0.5263 0.0007 -0.007773 -0.045899 100 440 0.5 0.481945 0.472262 0 0.5 0.0554757 0.0554757 0 0.0554757 0.0554757 
4.386 2 1 1 0 -0.0780 -0.0862 0.5251 0.0007 -0.007773 -0.042664 100 430 0.5 0.48074 0.46864 0 0.5 0.0627203 0.0627203 0 0.0627203 0.0627203 
4.401 2 1 1 0 -0.0875 -0.1184 0.5235 0.0007 -0.007773 -0.038296 100 430 0.5 0.479133 0.463531 0 0.5 0.072937 0.072937 0 0.072937 0.072937 
4.416 2 1 1 0 -0.0998 -0.0950 0.5221 0.0007 -0.005182 -0.032740 100 440 0.5 0.477728 0.460015 0 0.5 0.0799699 0.0799699 0 0.0799699 0.0799699 
4.431 2 1 1 0 -0.1281 -0.0923 0.5205 0.0008 -0.005182 -0.027462 100 430 0.5 0.476121 0.456063 0 0.5 0.0878749 0.0878749 0 0.0878749 0.0878749 
4.446 2 1 1 0 -0.1127 -0.1072 0.5187 0.0008 -0.007773 -0.021347 100 440 0.5 0.474314 0.451627 0 0.5 0.0967455 0.0967455 0 0.0967455 0.0967455 
4.461 2 1 1 0 -0.1217 -0.1180 0.5171 0.0008 -0.007773 -0.016131 100 430 0.5 0.472708 0.448595 0 0.5 0.10281 0.10281 0 0.10281 0.10281 
4.476 2 1 1 0 -0.1273 -0.1104 0.5151 0.0008 -0.007773 -0.010578 100 420 0.5 0.4707 0.444046 0 0.5 0.111908 0.111908 0 0.111908 0.111908 
4.491 2 1 1 0 -0.1327 -0.1371 0.5131 0.0008 -0.007773 -0.005053 100 420 0.5 0.468691 0.439856 0 0.5 0.120289 0.120289 0 0.120289 0.120289 
4.506 2 1 1 0 -0.1109 -0.1258 0.5115 0.0008 -0.007773 0.000738 100 420 0.5 0.467085 0.438051 0 0.5 0.123899 0.123899 0 0.123899 0.123899 
4.521 2 1 1 0 -0.1299 -0.1480 0.5092 0.0008 -0.005182 0.005693 100 430 0.5 0.464876 0.433539 0 0.5 0.132922 0.132922 0 0.132922 0.132922 
4.536 2 1 1 0 -0.1329 -0.1283 0.5074 0.0009 -0.007773 0.011513 100 420 0.5 0.463069 0.43127 0 0.5 0.13746 0.13746 0 0.13746 0.13746 
4.551 2 1 1 0 -0.1281 -0.1473 0.5054 0.0009 -0.007773 0.015735 100 430 0.5 0.461061 0.428145 0 0.5 0.143711 0.143711 0 0.143711 0.143711 
4.566 2 1 1 0 -0.0991 -0.1131 0.5036 0.0009 -0.005182 0.020626 100 430 0.5 0.459253 0.426127 0 0.5 0.147746 0.147746 0 0.147746 0.147746 
4.581 2 1 1 0 -0.1264 -0.1215 0.5020 0.0009 -0.005182 0.024101 100 430 0.5 0.457647 0.425129 0 0.5 0.149742 0.149742 0 0.149742 0.149742 
4.596 2 1 1 0 -0.0938 -0.1456 0.5002 0.0009 -0.007773 0.027817 100 430 0.5 0.45584 0.423211 0 0.5 0.153577 0.153577 0 0.153577 0.153577 
4.611 2 1 1 0 -0.1340 -0.1227 0.4984 0.0009 -0.005182 0.030242 100 430 0.5 0.454032 0.421295 0 0.5 0.157411 0.157411 0 0.157411 0.157411 
4.626 2 1 1 0 -0.1272 -0.1094 0.4968 0.0009 -0.005182 0.033899 100 420 0.5 0.452426 0.420321 0 0.5 0.159357 0.159357 0 0.159357 0.159357 
4.641 2 1 1 0 -0.0955 -0.1181 0.4948 0.0009 -0.005182 0.036404 100 430 0.5 0.450418 0.417292 0 0.5 0.165415 0.165415 0 0.165415 0.165415 
4.656 2 1 1 0 -0.1018 -0.0961 0.4936 0.0009 -0.005182 0.039963 100 430 0.5 0.449213 0.418121 0 0.5 0.163757 0.163757 0 0.163757 0.163757 
4.671 2 1 1 0 -0.1201 -0.0869 0.4920 0.0009 -0.005182 0.042217 100 440 0.5 0.447607 0.416746 0 0.5 0.166509 0.166509 0 0.166509 0.166509 
4.686 2 1 1 0 -0.0797 -0.0975 0.4906 0.0009 -0.002591 0.044030 100 440 0.5 0.446201 0.416231 0 0.5 0.167537 0.167537 0 0.167537 0.167537 
4.701 2 1 1 0 -0.1007 -0.0730 0.4892 0.0010 -0.005182 0.045476 100 430 0.5 0.444795 0.415545 0 0.5 0.168911 0.168911 0 0.168911 0.168911 
4.716 2 1 1 0 -0.0788 -0.1009 0.4880 0.0010 -0.005182 0.047658 100 420 0.5 0.44359 0.415697 0 0.5 0.168605 0.168605 0 0.168605 0.168605 
4.731 2 1 1 0 -0.0718 -0.0882 0.4868 0.0010 -0.005182 0.049543 100 430 0.5 0.442386 0.415555 0 0.5 0.168889 0.168889 0 0.168889 0.168889 
4.746 2 1 1 0 -0.1213 -0.0822 0.4856 0.0010 -0.005182 0.049995 100 410 0.5 0.441181 0.415169 0 0.5 0.169662 0.169662 0 0.169662 0.169662 
4.761 2 1 1 0 -0.0421 -0.0635 0.4845 0.0010 -0.002591 0.051205 100 430 0.5 0.440177 0.415607 0 0.5 0.168786 0.168786 0 0.168786 0.168786 
4.776 2 1 1 0 -0.0800 -0.0543 0.4837 0.0010 -0.002591 0.051414 100 420 0.5 0.439373 0.416715 0 0.5 0.166571 0.166571 0 0.166571 0.166571 
4.791 2 1 1 0 -0.0927 -0.1039 0.4823 0.0010 -0.005182 0.050402 100 430 0.5 0.437968 0.414668 0 0.5 0.170665 0.170665 0 0.170665 0.170665 
4.806 2 1 1 0 -0.0506 -0.0496 0.4815 0.0010 -0.005182 0.052329 100 430 0.5 0.437165 0.415551 0 0.5 0.168899 0.168899 0 0.168899 0.168899 
4.821 2 1 1 0 -0.0544 -0.0368 0.4809 0.0010 -0.002591 0.053895 100 430 0.5 0.436562 0.417002 0 0.5 0.165996 0.165996 0 0.165996 0.165996 
4.836 2 1 1 0 -0.0385 -0.0471 0.4803 0.0010 -0.005182 0.054904 100 420 0.5 0.43596 0.418086 0 0.5 0.163829 0.163829 0 0.163829 0.163829 
4.851 2 1 1 0 -0.0547 -0.0232 0.4797 0.0010 -0.002591 0.054934 100 420 0.5 0.435357 0.418773 0 0.5 0.162454 0.162454 0 0.162454 0.162454 
4.866 2 1 1 0 -0.0300 -0.0722 0.4789 0.0010 -0.002591 0.053910 100 420 0.5 0.434554 0.418285 0 0.5 0.163431 0.163431 0 0.163431 0.163431 
4.881 2 1 1 0 -0.0805 -0.0316 0.4781 0.0010 0.002591 0.052143 100 430 0.5 0.433751 0.417716 0 0.5 0.164568 0.164568 0 0.164568 0.164568 
4.896 2 1 1 0 -0.0263 -0.0628 0.4775 0.0010 -0.005182 0.050684 100 430 0.5 0.433148 0.418016 0 0.5 0.163968 0.163968 0 0.163968 0.163968 
4.911 2 1 1 0 -0.0219 -0.0257 0.4773 0.0010 -0.002591 0.052795 100 420 0.5 0.432948 0.420061 0 0.5 0.159879 0.159879 0 0.159879 0.159879 
4.926 2 1 1 0 -0.0151 -0.0130 0.4769 0.0010 -0.002591 0.054161 100 430 0.5 0.432546 0.420547 0 0.5 0.158905 0.158905 0 0.158905 0.158905 
4.941 2 1 1 0 -0.0356 -0.0287 0.4765 0.0010 -0.002591 0.052629 100 430 0.5 0.432144 0.420921 0 0.5 0.158158 0.158158 0 0.158158 0.158158 
4.956 2 1 1 0 -0.0206 -0.0254 0.4763 0.0010 -0.005182 0.053459 100 430 0.5 0.431944 0.422088 0 0.5 0.155823 0.155823 0 0.155823 0.155823 
4.971 2 1 1 0 -0.0153 -0.0254 0.4761 0.0010 -0.002591 0.053189 100 410 0.5 0.431743 0.423056 0 0.5 0.153887 0.153887 0 0.153887 0.153887 
4.986 2 1 1 0 -0.0153 -0.0131 0.4761 0.0010 -0.002591 0.054166 100 430 0.5 0.431743 0.424732 0 0.5 0.150537 0.150537 0 0.150537 0.150537 
5.001 2 1 1 0 -0.0111 -0.0088 0.4761 0.0010 -0.002591 0.054262 100 410 0.5 0.431743 0.426084 0 0.5 0.147833 0.147833 0 0.147833 0.147833 
5.016 2 1 1 0 -0.0079 -0.0066 0.4761 0.0010 -0.002591 0.054423 100 430 0.5 0.431743 0.427176 0 0.5 0.145649 0.145649 0 0.145649 0.145649 
5.031 2 1 1 0 -0.0061 -0.0053 0.4761 0.0010 -0.002591 0.055855 100 420 0.5 0.431743 0.428057 0 0.5 0.143887 0.143887 0 0.143887 0.143887 
5.046 2 1 1 0 -0.0050 0.0048 0.4763 0.0010 -0.000000 0.057692 100 390 0.5 0.431944 0.429732 0 0.5 0.140535 0.140535 0 0.140535 0.140535 
5.061 2 1 1 0 -0.0042 0.0048 0.4763 0.0010 -0.000000 0.060242 100 390 0.5 0.431944 0.430159 0 0.5 0.139682 0.139682 0 0.139682 0.139682 
5.076 2 1 1 0 0.0551 0.0150 0.4769 0.0010 -0.002591 0.062417 100 420 0.5 0.432546 0.433212 0 0.5 0.133575 0.133575 0 0.133575 0.133575 
5.091 2 1 1 0 0.0191 0.0421 0.4775 0.0010 -0.000000 0.062808 100 430 0.5 0.433148 0.435962 0 0.5 0.128076 0.128076 0 0.128076 0.128076 
5.106 2 1 1 0 0.0302 0.0683 0.4781 0.0010 0.002591 0.060919 100 420 0.5 0.433751 0.438253 0 0.5 0.123494 0.123494 0 0.123494 0.123494 
5.121 2 1 1 0 0.0421 0.0626 0.4787 0.0010 0.005182 0.058760 100 420 0.5 0.434353 0.440187 0 0.5 0.119626 0.119626 0 0.119626 0.119626 
5.136 2 1 1 0 0.0528 0.0483 0.4795 0.0010 0.005182 0.057649 100 420 0.5 0.435157 0.442685 0 0.5 0.11463 0.11463 0 0.11463 0.11463 
5.151 2 1 1 0 0.0860 0.0688 0.4807 0.0010 0.005182 0.055642 100 420 0.5 0.436361 0.446746 0 0.5 0.106509 0.106509 0 0.106509 0.106509 
5.166 2 1 1 0 0.0915 0.0900 0.4819 0.0010 0.005182 0.052113 100 420 0.5 0.437566 0.450356 0 0.5 0.099287 0.099287 0 0.099287 0.099287 
5.181 2 1 1 0 0.0561 0.1008 0.4829 0.0010 0.007773 0.048771 100 430 0.5 0.43857 0.452517 0 0.5 0.0949659 0.0949659 0 0.0949659 0.0949659 
5.196 2 1 1 0 0.0695 0.1047 0.4845 0.0010 0.007773 0.044684 100 440 0.5 0.440177 0.457232 0 0.5 0.0855365 0.0855365 0 0.0855365 0.0855365 
5.211 2 1 1 0 0.0873 0.1000 0.4860 0.0010 0.005182 0.040992 100 440 0.5 0.441582 0.46047 0 0.5 0.0790601 0.0790601 0 0.0790601 0.0790601 
5.226 2 1 1 0 0.1234 0.0896 0.4874 0.0011 0.007773 0.036966 100 420 0.5 0.442988 0.463252 0 0.5 0.0734968 0.0734968 0 0.0734968 0.0734968 
5.241 2 1 1 0 0.1151 0.0896 0.4890 0.0011 0.007773 0.031973 100 420 0.5 0.444595 0.466694 0 0.5 0.0666127 0.0666127 0 0.0666127 0.0666127 
5.256 2 1 1 0 0.1167 0.0917 0.4906 0.0011 0.007773 0.028043 100 430 0.5 0.446201 0.469793 0 0.5 0.0604148 0.0604148 0 0.0604148 0.0604148 
5.271 2 1 1 0 0.1243 0.1008 0.4922 0.0011 0.007773 0.022814 100 430 0.5 0.447807 0.472632 0 0.5 0.0547352 0.0547352 0 0.0547352 0.0547352 
5.286 2 1 1 0 0.1184 0.1164 0.4938 0.0011 0.007773 0.019744 100 440 0.5 0.449414 0.47517 0 0.5 0.0496602 0.0496602 0 0.0496602 0.0496602 
5.301 2 1 1 0 0.1084 0.1229 0.4958 0.0011 0.007773 0.015118 100 430 0.5 0.451422 0.479435 0 0.5 0.0411305 0.0411305 0 0.0411305 0.0411305 
5.316 2 1 1 0 0.1313 0.1013 0.4974 0.0011 0.007773 0.011781 100 430 0.5 0.453028 0.481503 0 0.5 0.036993 0.036993 0 0.036993 0.036993 
5.331 2 1 1 0 0.1164 0.0923 0.4990 0.0011 0.007773 0.007483 100 420 0.5 0.454635 0.483433 0 0.5 0.0331345 0.0331345 0 0.0331345 0.0331345 
5.346 2 1 1 0 0.1290 0.1117 0.5006 0.0012 0.007773 0.004621 100 430 0.5 0.456241 0.485267 0 0.5 0.0294662 0.0294662 0 0.0294662 0.0294662 
5.361 2 1 1 0 0.0962 0.1076 0.5022 0.0012 0.007773 0.001486 100 430 0.5 0.457848 0.486946 0 0.5 0.0261073 0.0261073 0 0.0261073 0.0261073 
5.376 2 1 1 0 0.0937 0.1103 0.5042 0.0012 0.007773 -0.001533 100 420 0.5 0.459856 0.490555 0 0.5 0.0188894 0.0188894 0 0.0188894 0.0188894 
5.391 2 1 1 0 0.0913 0.1050 0.5054 0.0012 0.007773 -0.004605 100 430 0.5 0.461061 0.490153 0 0.5 0.0196939 0.0196939 0 0.0196939 0.0196939 
5.406 2 1 1 0 0.0959 0.1092 0.5072 0.0012 0.010364 -0.006668 100 440 0.5 0.462868 0.492786 0 0.5 0.0144272 0.0144272 0 0.0144272 0.0144272 
5.421 2 1 1 0 0.1044 0.0951 0.5086 0.0012 0.007773 -0.008459 100 420 0.5 0.464274 0.493502 0 0.5 0.0129952 0.0129952 0 0.0129952 0.0129952 
5.436 2 1 1 0 0.0996 0.0862 0.5103 0.0012 0.007773 -0.009688 100 430 0.5 0.46588 0.495162 0 0.5 0.0096755 0.0096755 0 0.0096755 0.0096755 
5.451 2 1 1 0 0.0954 0.0798 0.5117 0.0012 0.005182 -0.012733 100 420 0.5 0.467286 0.49592 0 0.5 0.00816011 0.00816011 0 0.00816011 0.00816011 
5.466 2 1 1 0 0.0956 0.1131 0.5131 0.0013 0.007773 -0.013927 100 430 0.5 0.468691 0.496791 0 0.5 0.0064187 0.0064187 0 0.0064187 0.0064187 
5.481 2 1 1 0 0.1062 0.0781 0.5147 0.0013 0.007773 -0.015182 100 420 0.5 0.470298 0.498724 0 0.5 0.00255299 0.00255299 0 0.00255299 0.00255299 
5.496 2 1 1 0 0.1014 0.1126 0.5161 0.0013 0.010364 -0.015666 100 440 0.5 0.471704 0.4998 0 0.5 0.000400543 0.000400543 0 0.000400543 0.000400543 
5.511 2 1 1 0 0.0782 0.1036 0.5175 0.0013 0.007773 -0.017210 100 420 0.5 0.473109 0.500849 0 0.5 -0.00169802 -0.00169802 0 -0.00169802 -0.00169802 
5.526 2 1 1 0 0.0821 0.0800 0.5187 0.0013 0.007773 -0.018900 100 420 0.5 0.474314 0.501019 0 0.5 -0.002038 -0.002038 0 -0.002038 -0.002038 
5.541 2 1 1 0 0.0772 0.0899 0.5201 0.0013 0.005182 -0.020048 100 440 0.5 0.47572 0.502317 0 0.5 -0.00463438 -0.00463438 0 -0.00463438 -0.00463438 
5.556 2 1 1 0 0.0537 0.0766 0.5211 0.0013 0.007773 -0.021404 100 430 0.5 0.476724 0.501754 0 0.5 -0.00350857 -0.00350857 0 -0.00350857 -0.00350857 
5.571 2 1 1 0 0.1287 0.0758 0.5225 0.0013 0.005182 -0.020757 100 420 0.5 0.478129 0.503394 0 0.5 -0.00678873 -0.00678873 0 -0.00678873 -0.00678873 
5.586 2 1 1 0 0.0969 0.0541 0.5235 0.0013 0.002591 -0.022824 100 440 0.5 0.479133 0.503161 0 0.5 -0.00632191 -0.00632191 0 -0.00632191 -0.00632191 
5.601 2 1 1 0 0.0725 0.0854 0.5247 0.0013 0.002591 -0.022711 100 430 0.5 0.480338 0.504072 0 0.5 -0.00814342 -0.00814342 0 -0.00814342 -0.00814342 
5.616 2 1 1 0 0.0785 0.0643 0.5257 0.0013 0.005182 -0.023206 100 420 0.5 0.481342 0.504031 0 0.5 -0.00806189 -0.00806189 0 -0.00806189 -0.00806189 
5.631 2 1 1 0 0.0824 0.0726 0.5269 0.0013 0.005182 -0.024248 100 430 0.5 0.482547 0.505188 0 0.5 -0.010375 -0.010375 0 -0.010375 -0.010375 
5.646 2 1 1 0 0.0494 0.0508 0.5277 0.0013 0.005182 -0.024706 100 430 0.5 0.48335 0.504547 0 0.5 -0.00909328 -0.00909328 0 -0.00909328 -0.00909328 
5.661 2 1 1 0 0.0587 0.0738 0.5287 0.0013 0.002591 -0.024323 100 440 0.5 0.484354 0.505088 0 0.5 -0.0101762 -0.0101762 0 -0.0101762 -0.0101762 
5.676 2 1 1 0 0.0690 0.0383 0.5295 0.0013 0.002591 -0.025219 100 430 0.5 0.485158 0.504847 0 0.5 -0.00969458 -0.00969458 0 -0.00969458 -0.00969458 
5.691 2 1 1 0 0.0538 0.0687 0.5303 0.0014 0.002591 -0.025683 100 430 0.5 0.485961 0.504753 0 0.5 -0.00950623 -0.00950623 0 -0.00950623 -0.00950623 
5.706 2 1 1 0 0.0405 0.0208 0.5309 0.0014 0.000000 -0.025867 100 390 0.5 0.486563 0.503985 0 0.5 -0.00797033 -0.00797033 0 -0.00797033 -0.00797033 
5.721 2 1 1 0 0.0318 0.0647 0.5315 0.0014 0.002591 -0.024086 100 420 0.5 0.487166 0.503406 0 0.5 -0.00681114 -0.00681114 0 -0.00681114 -0.00681114 
5.736 2 1 1 0 0.0364 0.0399 0.5323 0.0014 0.002591 -0.025136 100 430 0.5 0.487969 0.503818 0 0.5 -0.00763607 -0.00763607 0 -0.00763607 -0.00763607 
5.751 2 1 1 0 0.0571 0.0295 0.5329 0.0014 0.000000 -0.026726 100 390 0.5 0.488571 0.503481 0 0.5 -0.00696182 -0.00696182 0 -0.00696182 -0.00696182 
5.766 2 1 1 0 0.0425 0.0450 0.5337 0.0014 0.000000 -0.026811 100 390 0.5 0.489375 0.50424 0 0.5 -0.00848007 -0.00848007 0 -0.00848007 -0.00848007 
5.781 2 1 1 0 0.0250 0.0279 0.5341 0.0014 0.000000 -0.025425 100 380 0.5 0.489776 0.503203 0 0.5 -0.00640631 -0.00640631 0 -0.00640631 -0.00640631 
5.796 2 1 1 0 0.0366 0.0477 0.5348 0.0014 0.002591 -0.024868 100 430 0.5 0.490379 0.503365 0 0.5 -0.00673008 -0.00673008 0 -0.00673008 -0.00673008 
5.811 2 1 1 0 0.0232 0.0224 0.5350 0.0014 0.000000 -0.025091 100 390 0.5 0.49058 0.501783 0 0.5 -0.00356627 -0.00356627 0 -0.00356627 -0.00356627 
5.826 2 1 1 0 0.0289 0.0150 0.5354 0.0014 0.000000 -0.024700 100 390 0.5 0.490981 0.501417 0 0.5 -0.00283432 -0.00283432 0 -0.00283432 -0.00283432 
5.841 2 1 1 0 0.0183 0.0507 0.5360 0.0014 0.002591 -0.023752 100 420 0.5 0.491584 0.502114 0 0.5 -0.00422812 -0.00422812 0 -0.00422812 -0.00422812 
5.856 2 1 1 0 0.0204 0.0175 0.5362 0.0014 0.000000 -0.025957 100 390 0.5 0.491784 0.501059 0 0.5 -0.00211716 -0.00211716 0 -0.00211716 -0.00211716 
5.871 2 1 1 0 0.0204 0.0106 0.5362 0.0014 0.000000 -0.026034 100 380 0.5 0.491784 0.49927 0 0.5 0.00146055 0.00146055 0 0.00146055 0.00146055 
5.886 2 1 1 0 0.0123 0.0076 0.5362 0.0014 0.000000 -0.024507 100 380 0.5 0.491784 0.497825 0 0.5 0.00434923 0.00434923 0 0.00434923 0.00434923 
5.901 2 1 1 0 0.0084 0.0059 0.5362 0.0014 0.000000 -0.022363 100 380 0.5 0.491784 0.49666 0 0.5 0.00667953 0.00667953 0 0.00667953 0.00667953 
5.916 2 1 1 0 0.0064 0.0048 0.5362 0.0014 0.000000 -0.021312 100 390 0.5 0.491784 0.49572 0 0.5 0.00856066 0.00856066 0 0.00856066 0.00856066 
5.931 2 1 1 0 0.0052 0.0041 0.5362 0.0014 0.000000 -0.020226 100 380 0.5 0.491784 0.49496 0 0.5 0.0100794 0.0100794 0 0.0100794 0.0100794 
5.946 2 1 1 0 0.0043 0.0036 0.5362 0.0014 0.000000 -0.019708 100 380 0.5 0.491784 0.494347 0 0.5 0.0113053 0.0113053 0 0.0113053 0.0113053 
5.961 2 1 1 0 0.0037 0.0031 0.5362 0.0014 0.000000 -0.019486 100 380 0.5 0.491784 0.493853 0 0.5 0.0122938 0.0122938 0 0.0122938 0.0122938 
5.976 2 1 1 0 0.0033 0.0028 0.5362 0.0014 0.000000 -0.019609 100 390 0.5 0.491784 0.493454 0 0.5 0.0130925 0.0130925 0 0.0130925 0.0130925 
5.991 2 1 1 0 0.0029 0.0025 0.5362 0.0014 0.000000 -0.020140 100 390 0.5 0.491784 0.493132 0 0.5 0.0137367 0.0137367 0 0.0137367 0.0137367 
6.006 2 1 1 0 0.0026 0.0023 0.5362 0.0014 0.000000 -0.020912 100 380 0.5 0.491784 0.492871 0 0.5 0.0142579 0.0142579 0 0.0142579 0.0142579 
6.021 2 1 1 0 -0.0026 -0.0021 0.5358 0.0014 0.000000 -0.021850 100 390 0.5 0.491383 0.490834 0 0.5 0.018332 0.018332 0 0.018332 0.018332 
6.036 2 1 1 0 -0.0026 -0.0212 0.5356 0.0014 -0.002591 -0.022328 100 430 0.5 0.491182 0.490039 0 0.5 0.0199213 0.0199213 0 0.0199213 0.0199213 
6.051 2 1 1 0 -0.0190 -0.0207 0.5352 0.0014 -0.002591 -0.021691 100 420 0.5 0.49078 0.488431 0 0.5 0.023138 0.023138 0 0.023138 0.023138 
6.066 2 1 1 0 -0.0149 -0.0338 0.5348 0.0014 -0.002591 -0.020207 100 420 0.5 0.490379 0.487016 0 0.5 0.0259686 0.0259686 0 0.0259686 0.0259686 
6.081 2 1 1 0 -0.0149 -0.0149 0.5348 0.0014 -0.002591 -0.017391 100 420 0.5 0.490379 0.487663 0 0.5 0.0246739 0.0246739 0 0.0246739 0.0246739 
6.096 2 1 1 0 -0.0158 -0.0943 0.5339 0.0014 -0.007773 -0.017480 100 420 0.5 0.489576 0.484505 0 0.5 0.0309906 0.0309906 0 0.0309906 0.0309906 
6.111 2 1 1 0 -0.0278 -0.0317 0.5335 0.0014 -0.007773 -0.013727 100 430 0.5 0.489174 0.483757 0 0.5 0.0324864 0.0324864 0 0.0324864 0.0324864 
6.126 2 1 1 0 -0.0493 -0.0486 0.5327 0.0014 -0.007773 -0.011534 100 410 0.5 0.488371 0.481158 0 0.5 0.037683 0.037683 0 0.037683 0.037683 
6.141 2 1 1 0 -0.0674 -0.0360 0.5321 0.0014 -0.005182 -0.009852 100 410 0.5 0.487768 0.479779 0 0.5 0.0404415 0.0404415 0 0.0404415 0.0404415 
6.156 2 1 1 0 -0.0325 -0.1016 0.5315 0.0014 -0.007773 -0.009148 100 420 0.5 0.487166 0.478561 0 0.5 0.0428786 0.0428786 0 0.0428786 0.0428786 
6.171 2 1 1 0 -0.0620 -0.0281 0.5309 0.0014 -0.005182 -0.006402 100 420 0.5 0.486563 0.477563 0 0.5 0.0448737 0.0448737 0 0.0448737 0.0448737 
6.186 2 1 1 0 -0.0240 -0.0616 0.5303 0.0014 -0.007773 -0.003163 100 420 0.5 0.485961 0.476487 0 0.5 0.0470257 0.0470257 0 0.0470257 0.0470257 
6.201 2 1 1 0 -0.0495 -0.0401 0.5295 0.0014 -0.007773 -0.000636 100 430 0.5 0.485158 0.474681 0 0.5 0.0506377 0.0506377 0 0.0506377 0.0506377 
6.216 2 1 1 0 -0.0221 -0.0655 0.5289 0.0014 -0.010364 0.001198 100 430 0.5 0.484555 0.473933 0 0.5 0.052134 0.052134 0 0.052134 0.052134 
6.231 2 1 1 0 -0.0443 -0.0485 0.5281 0.0014 -0.010364 0.003922 100 420 0.5 0.483752 0.472389 0 0.5 0.055222 0.055222 0 0.055222 0.055222 
6.246 2 1 1 0 -0.1152 -0.0439 0.5271 0.0014 -0.007773 0.004626 100 440 0.5 0.482748 0.469869 0 0.5 0.0602622 0.0602622 0 0.0602622 0.0602622 
6.261 2 1 1 0 -0.0280 -0.0499 0.5265 0.0014 -0.010364 0.008254 100 420 0.5 0.482146 0.469455 0 0.5 0.061089 0.061089 0 0.061089 0.061089 
6.276 2 1 1 0 -0.0749 -0.0276 0.5259 0.0014 -0.007773 0.009637 100 430 0.5 0.481543 0.46906 0 0.5 0.0618801 0.0618801 0 0.0618801 0.0618801 
6.291 2 1 1 0 -0.0329 -0.0787 0.5251 0.0014 -0.012956 0.010136 100 430 0.5 0.48074 0.467815 0 0.5 0.0643692 0.0643692 0 0.0643692 0.0643692 
6.306 2 1 1 0 -0.0683 -0.0229 0.5245 0.0014 -0.005182 0.012612 100 430 0.5 0.480138 0.467589 0 0.5 0.0648227 0.0648227 0 0.0648227 0.0648227 
6.321 2 1 1 0 -0.0212 -0.0443 0.5241 0.0014 -0.010364 0.015060 100 430 0.5 0.479736 0.468213 0 0.5 0.0635748 0.0635748 0 0.0635748 0.0635748 
6.336 2 1 1 0 -0.0946 -0.0193 0.5235 0.0015 -0.002591 0.015611 100 420 0.5 0.479133 0.467684 0 0.5 0.0646319 0.0646319 0 0.0646319 0.0646319 
6.351 2 1 1 0 -0.0321 -0.0818 0.5225 0.0015 -0.010364 0.016456 100 420 0.5 0.478129 0.465323 0 0.5 0.0693536 0.0693536 0 0.0693536 0.0693536 
6.366 2 1 1 0 -0.0835 -0.0286 0.5219 0.0015 -0.007773 0.017233 100 420 0.5 0.477527 0.464951 0 0.5 0.0700984 0.0700984 0 0.0700984 0.0700984 
6.381 2 1 1 0 -0.0203 -0.0238 0.5219 0.0015 -0.007773 0.020148 100 430 0.5 0.477527 0.467377 0 0.5 0.0652461 0.0652461 0 0.0652461 0.0652461 
6.396 2 1 1 0 -0.0490 -0.0206 0.5213 0.0015 -0.005182 0.020764 100 430 0.5 0.476925 0.466655 0 0.5 0.06669 0.06669 0 0.06669 0.06669 
6.411 2 1 1 0 -0.0332 -0.0811 0.5205 0.0015 -0.005182 0.020194 100 430 0.5 0.476121 0.46493 0 0.5 0.0701394 0.0701394 0 0.0701394 0.0701394 
6.426 2 1 1 0 -0.0332 -0.0335 0.5199 0.0015 -0.007773 0.021068 100 430 0.5 0.475519 0.464306 0 0.5 0.0713873 0.0713873 0 0.0713873 0.0713873 
6.441 2 1 1 0 -0.0306 -0.0238 0.5197 0.0015 -0.005182 0.023219 100 430 0.5 0.475318 0.465549 0 0.5 0.068902 0.068902 0 0.068902 0.068902 
6.456 2 1 1 0 -0.0176 -0.0126 0.5197 0.0015 -0.005182 0.023617 100 420 0.5 0.475318 0.467435 0 0.5 0.0651302 0.0651302 0 0.0651302 0.0651302 
6.471 2 1 1 0 -0.0385 -0.0932 0.5189 0.0015 -0.005182 0.021657 100 430 0.5 0.474515 0.465146 0 0.5 0.0697083 0.0697083 0 0.0697083 0.0697083 
6.486 2 1 1 0 -0.0510 -0.0309 0.5185 0.0015 -0.005182 0.023498 100 430 0.5 0.474113 0.465167 0 0.5 0.0696664 0.0696664 0 0.0696664 0.0696664 
6.501 2 1 1 0 -0.0176 -0.0143 0.5185 0.0015 -0.005182 0.027639 100 420 0.5 0.474113 0.46689 0 0.5 0.0662208 0.0662208 0 0.0662208 0.0662208 
6.516 2 1 1 0 -0.0106 -0.0120 0.5183 0.0015 -0.007773 0.028426 100 430 0.5 0.473912 0.467381 0 0.5 0.065239 0.065239 0 0.065239 0.065239 
6.531 2 1 1 0 -0.0789 -0.0300 0.5175 0.0015 -0.002591 0.026988 100 420 0.5 0.473109 0.464975 0 0.5 0.0700498 0.0700498 0 0.0700498 0.0700498 
6.546 2 1 1 0 -0.0240 -0.0141 0.5175 0.0015 -0.002591 0.028369 100 420 0.5 0.473109 0.466544 0 0.5 0.0669112 0.0669112 0 0.0669112 0.0669112 
6.561 2 1 1 0 -0.0127 -0.0093 0.5175 0.0015 -0.002591 0.027325 100 410 0.5 0.473109 0.46781 0 0.5 0.0643797 0.0643797 0 0.0643797 0.0643797 
6.576 2 1 1 0 -0.0086 -0.0069 0.5175 0.0015 -0.002591 0.025652 100 420 0.5 0.473109 0.468832 0 0.5 0.0623364 0.0623364 0 0.0623364 0.0623364 
6.591 2 1 1 0 -0.0065 -0.0055 0.5175 0.0015 -0.002591 0.026367 100 430 0.5 0.473109 0.469656 0 0.5 0.0606871 0.0606871 0 0.0606871 0.0606871 
6.606 2 1 1 0 -0.0052 -0.0045 0.5175 0.0015 -0.002591 0.026227 100 420 0.5 0.473109 0.470322 0 0.5 0.0593553 0.0593553 0 0.0593553 0.0593553 
6.621 2 1 1 0 -0.0044 -0.0039 0.5175 0.0015 -0.002591 0.025444 100 430 0.5 0.473109 0.47086 0 0.5 0.0582795 0.0582795 0 0.0582795 0.0582795 
6.636 2 1 1 0 -0.0038 -0.0034 0.5175 0.0015 -0.002591 0.026096 100 420 0.5 0.473109 0.471294 0 0.5 0.0574126 0.0574126 0 0.0574126 0.0574126 
6.651 2 1 1 0 -0.0033 -0.0030 0.5175 0.0015 -0.002591 0.026494 100 430 0.5 0.473109 0.471643 0 0.5 0.0567131 0.0567131 0 0.0567131 0.0567131 
6.666 2 1 1 0 -0.0029 -0.0027 0.5175 0.0015 -0.002591 0.027461 100 430 0.5 0.473109 0.471926 0 0.5 0.0561485 0.0561485 0 0.0561485 0.0561485 
6.681 2 1 1 0 -0.0026 -0.0025 0.5175 0.0015 -0.002591 0.028483 100 430 0.5 0.473109 0.472154 0 0.5 0.0556922 0.0556922 0 0.0556922 0.0556922 
6.696 2 1 1 0 -0.0024 -0.0023 0.5175 0.0015 -0.002591 0.029950 100 420 0.5 0.473109 0.472338 0 0.5 0.0553241 0.0553241 0 0.0553241 0.0553241 
6.711 2 1 1 0 -0.0022 -0.0021 0.5175 0.0015 -0.002591 0.031276 100 420 0.5 0.473109 0.472487 0 0.5 0.0550265 0.0550265 0 0.0550265 0.0550265 
6.726 2 1 1 0 -0.0020 0.0020 0.5177 0.0015 -0.000000 0.032701 100 380 0.5 0.47331 0.47347 0 0.5 0.0530605 0.0530605 0 0.0530605 0.0530605 
6.741 2 1 1 0 0.0568 0.0168 0.5183 0.0015 -0.002591 0.034192 100 430 0.5 0.473912 0.476241 0 0.5 0.0475178 0.0475178 0 0.0475178 0.0475178 
6.756 2 1 1 0 0.0203 0.0338 0.5185 0.0015 -0.000000 0.033411 100 390 0.5 0.474113 0.476724 0 0.5 0.0465517 0.0465517 0 0.0465517 0.0465517 
6.771 2 1 1 0 0.0168 0.0529 0.5191 0.0015 0.002591 0.032803 100 410 0.5 0.474716 0.47897 0 0.5 0.0420599 0.0420599 0 0.0420599 0.0420599 
6.786 2 1 1 0 0.0213 0.0433 0.5195 0.0015 0.002591 0.030681 100 420 0.5 0.475117 0.480005 0 0.5 0.0399899 0.0399899 0 0.0399899 0.0399899 
6.801 2 1 1 0 0.0327 0.0716 0.5203 0.0015 0.002591 0.028682 100 440 0.5 0.475921 0.482799 0 0.5 0.0344014 0.0344014 0 0.0344014 0.0344014 
6.816 2 1 1 0 0.0426 0.0271 0.5207 0.0015 0.002591 0.026493 100 420 0.5 0.476322 0.48328 0 0.5 0.0334401 0.0334401 0 0.0334401 0.0334401 
6.831 2 1 1 0 0.0313 0.0967 0.5215 0.0015 0.007773 0.026522 100 430 0.5 0.477125 0.485632 0 0.5 0.0287366 0.0287366 0 0.0287366 0.0287366 
6.846 2 1 1 0 0.0450 0.0838 0.5223 0.0015 0.007773 0.022966 100 440 0.5 0.477929 0.48777 0 0.5 0.0244598 0.0244598 0 0.0244598 0.0244598 
6.861 2 1 1 0 0.0620 0.0534 0.5231 0.0015 0.007773 0.019246 100 420 0.5 0.478732 0.489545 0 0.5 0.0209093 0.0209093 0 0.0209093 0.0209093 
6.876 2 1 1 0 0.0813 0.0822 0.5243 0.0015 0.007773 0.016535 100 430 0.5 0.479937 0.493055 0 0.5 0.0138898 0.0138898 0 0.0138898 0.0138898 
6.891 2 1 1 0 0.0562 0.0494 0.5251 0.0015 0.007773 0.013798 100 430 0.5 0.48074 0.494294 0 0.5 0.0114121 0.0114121 0 0.0114121 0.0114121 
6.906 2 1 1 0 0.0610 0.0620 0.5259 0.0015 0.007773 0.010346 100 430 0.5 0.481543 0.495332 0 0.5 0.00933695 0.00933695 0 0.00933695 0.00933695 
6.921 2 1 1 0 0.0606 0.0473 0.5267 0.0015 0.007773 0.006562 100 430 0.5 0.482346 0.496294 0 0.5 0.007411 0.007411 0 0.007411 0.007411 
6.936 2 1 1 0 0.0554 0.0774 0.5277 0.0015 0.010364 0.004579 100 420 0.5 0.48335 0.498131 0 0.5 0.00373793 0.00373793 0 0.00373793 0.00373793 
6.951 2 1 1 0 0.0618 0.0308 0.5283 0.0016 0.007773 0.002419 100 420 0.5 0.483953 0.49794 0 0.5 0.0041194 0.0041194 0 0.0041194 0.0041194 
6.966 2 1 1 0 0.0623 0.0698 0.5295 0.0016 0.007773 -0.000074 100 420 0.5 0.485158 0.500695 0 0.5 -0.00139093 -0.00139093 0 -0.00139093 -0.00139093 
6.981 2 1 1 0 0.0470 0.0241 0.5301 0.0016 0.005182 -0.004755 100 430 0.5 0.48576 0.500521 0 0.5 -0.00104284 -0.00104284 0 -0.00104284 -0.00104284 
6.996 2 1 1 0 0.0393 0.0670 0.5307 0.0016 0.007773 -0.006255 100 430 0.5 0.486363 0.500432 0 0.5 -0.000863075 -0.000863075 0 -0.000863075 -0.000863075 
7.011 2 1 1 0 0.0865 0.0479 0.5317 0.0016 0.005182 -0.005215 100 420 0.5 0.487367 0.502274 0 0.5 -0.0045476 -0.0045476 0 -0.0045476 -0.0045476 
7.026 2 1 1 0 0.0372 0.0364 0.5325 0.0016 0.005182 -0.007642 100 420 0.5 0.48817 0.502954 0 0.5 -0.00590706 -0.00590706 0 -0.00590706 -0.00590706 
7.041 2 1 1 0 0.0510 0.0533 0.5333 0.0016 0.005182 -0.010617 100 420 0.5 0.488973 0.503745 0 0.5 -0.00749063 -0.00749063 0 -0.00749063 -0.00749063 
7.056 2 1 1 0 0.0330 0.0437 0.5339 0.0016 0.007773 -0.011316 100 430 0.5 0.489576 0.503616 0 0.5 -0.00723219 -0.00723219 0 -0.00723219 -0.00723219 
7.071 2 1 1 0 0.0270 0.0303 0.5343 0.0016 0.007773 -0.011750 100 430 0.5 0.489977 0.502696 0 0.5 -0.00539255 -0.00539255 0 -0.00539255 -0.00539255 
7.086 2 1 1 0 0.0541 0.0501 0.5352 0.0016 0.007773 -0.011273 100 430 0.5 0.49078 0.503825 0 0.5 -0.00765038 -0.00765038 0 -0.00765038 -0.00765038 
7.101 2 1 1 0 0.0321 0.0320 0.5358 0.0016 0.005182 -0.012746 100 420 0.5 0.491383 0.504024 0 0.5 -0.00804853 -0.00804853 0 -0.00804853 -0.00804853 
7.116 2 1 1 0 0.0373 0.0463 0.5364 0.0016 0.007773 -0.013159 100 440 0.5 0.491985 0.504378 0 0.5 -0.00875521 -0.00875521 0 -0.00875521 -0.00875521 
7.131 2 1 1 0 0.0277 0.0253 0.5366 0.0016 0.005182 -0.014494 100 420 0.5 0.492186 0.502872 0 0.5 -0.00574446 -0.00574446 0 -0.00574446 -0.00574446 
7.146 2 1 1 0 0.0294 0.0130 0.5368 0.0016 0.002591 -0.013945 100 430 0.5 0.492387 0.501684 0 0.5 -0.00336885 -0.00336885 0 -0.00336885 -0.00336885 
7.161 2 1 1 0 0.0180 0.0606 0.5376 0.0016 0.007773 -0.011197 100 420 0.5 0.49319 0.503598 0 0.5 -0.00719643 -0.00719643 0 -0.00719643 -0.00719643 
7.176 2 1 1 0 0.0296 0.0238 0.5378 0.0016 0.005182 -0.013382 100 430 0.5 0.493391 0.502455 0 0.5 -0.00490952 -0.00490952 0 -0.00490952 -0.00490952 
7.191 2 1 1 0 0.0141 0.0668 0.5378 0.0016 0.005182 -0.014215 100 420 0.5 0.493391 0.500748 0 0.5 -0.00149584 -0.00149584 0 -0.00149584 -0.00149584 
7.206 2 1 1 0 0.0741 0.0717 0.5388 0.0016 0.002591 -0.012798 100 430 0.5 0.494395 0.504054 0 0.5 -0.00810766 -0.00810766 0 -0.00810766 -0.00810766 
7.221 2 1 1 0 0.0249 0.0570 0.5392 0.0016 0.007773 -0.013888 100 420 0.5 0.494797 0.504028 0 0.5 -0.00805521 -0.00805521 0 -0.00805521 -0.00805521 
7.236 2 1 1 0 0.0417 0.0209 0.5396 0.0016 0.002591 -0.017816 100 430 0.5 0.495198 0.504003 0 0.5 -0.0080061 -0.0080061 0 -0.0080061 -0.0080061 
7.251 2 1 1 0 0.0163 0.0117 0.5396 0.0016 0.002591 -0.020620 100 420 0.5 0.495198 0.502304 0 0.5 -0.00460815 -0.00460815 0 -0.00460815 -0.00460815 
7.266 2 1 1 0 0.0101 0.0095 0.5398 0.0016 0.005182 -0.020303 100 430 0.5 0.495399 0.501855 0 0.5 -0.00370979 -0.00370979 0 -0.00370979 -0.00370979 
7.281 2 1 1 0 0.0090 0.0095 0.5400 0.0016 0.002591 -0.018248 100 420 0.5 0.4956 0.501554 0 0.5 -0.00310802 -0.00310802 0 -0.00310802 -0.00310802 
7.296 2 1 1 0 0.0090 0.0095 0.5400 0.0016 0.002591 -0.016167 100 420 0.5 0.4956 0.500409 0 0.5 -0.000817776 -0.000817776 0 -0.000817776 -0.000817776 
7.311 2 1 1 0 0.0090 0.0077 0.5400 0.0016 0.002591 -0.014686 100 420 0.5 0.4956 0.499485 0 0.5 0.00103092 0.00103092 0 0.00103092 0.00103092 
7.326 2 1 1 0 0.0080 0.0060 0.5400 0.0016 0.002591 -0.012808 100 420 0.5 0.4956 0.498738 0 0.5 0.00252342 0.00252342 0 0.00252342 0.00252342 
7.341 2 1 1 0 0.0061 0.0049 0.5400 0.0016 0.002591 -0.011258 100 410 0.5 0.4956 0.498136 0 0.5 0.00372887 0.00372887 0 0.00372887 0.00372887 
7.356 2 1 1 0 0.0050 0.0041 0.5400 0.0016 0.002591 -0.009712 100 420 0.5 0.4956 0.497649 0 0.5 0.00470209 0.00470209 0 0.00470209 0.00470209 
7.371 2 1 1 0 0.0042 0.0036 0.5400 0.0016 0.002591 -0.008241 100 420 0.5 0.4956 0.497257 0 0.5 0.00548601 0.00548601 0 0.00548601 0.00548601 
7.386 2 1 1 0 0.0042 0.0034 0.5404 0.0016 0.002591 -0.006833 100 420 0.5 0.496001 0.498777 0 0.5 0.00244665 0.00244665 0 0.00244665 0.00244665 
7.401 2 1 1 0 0.0042 0.0034 0.5404 0.0016 0.002591 -0.005484 100 420 0.5 0.496001 0.498242 0 0.5 0.00351667 0.00351667 0 0.00351667 0.00351667 
7.416 2 1 1 0 0.0128 0.0146 0.5408 0.0016 0.002591 -0.005248 100 420 0.5 0.496403 0.499636 0 0.5 0.000727177 0.000727177 0 0.000727177 0.000727177 
7.431 2 1 1 0 0.0128 0.0146 0.5408 0.0016 0.002591 -0.003812 100 420 0.5 0.496403 0.499013 0 0.5 0.00197363 0.00197363 0 0.00197363 0.00197363 
7.446 2 1 1 0 0.0092 0.0116 0.5410 0.0016 0.000000 -0.004199 100 430 0.5 0.496604 0.499509 0 0.5 0.000982761 0.000982761 0 0.000982761 0.000982761 
7.461 2 1 1 0 0.0092 0.0087 0.5412 0.0016 0.002591 -0.002890 100 430 0.5 0.496805 0.499903 0 0.5 0.000193596 0.000193596 0 0.000193596 0.000193596 
7.476 2 1 1 0 0.0092 0.0087 0.5412 0.0016 0.002591 -0.003939 100 430 0.5 0.496805 0.499306 0 0.5 0.00138712 0.00138712 0 0.00138712 0.00138712 
7.491 2 1 1 0 0.0089 0.0087 0.5412 0.0016 0.002591 -0.004142 100 430 0.5 0.496805 0.498825 0 0.5 0.00235033 0.00235033 0 0.00235033 0.00235033 
7.506 2 1 1 0 0.0087 0.0083 0.5416 0.0016 0.002591 -0.003751 100 430 0.5 0.497206 0.500294 0 0.5 -0.000587463 -0.000587463 0 -0.000587463 -0.000587463 
7.521 2 1 1 0 0.0087 0.0403 0.5418 0.0016 0.005182 -0.004226 100 420 0.5 0.497407 0.50063 0 0.5 -0.00126028 -0.00126028 0 -0.00126028 -0.00126028 
7.536 2 1 1 0 0.0116 0.0185 0.5420 0.0016 0.002591 -0.006142 100 420 0.5 0.497608 0.500942 0 0.5 -0.00188398 -0.00188398 0 -0.00188398 -0.00188398 
7.551 2 1 1 0 0.0116 0.0109 0.5420 0.0016 0.002591 -0.006627 100 420 0.5 0.497608 0.5003 0 0.5 -0.000600815 -0.000600815 0 -0.000600815 -0.000600815 
7.566 2 1 1 0 0.0110 0.0078 0.5420 0.0016 0.002591 -0.005256 100 420 0.5 0.497608 0.499782 0 0.5 0.000435352 0.000435352 0 0.000435352 0.000435352 
7.581 2 1 1 0 0.0103 0.0066 0.5424 0.0016 0.002591 -0.005183 100 430 0.5 0.498009 0.50117 0 0.5 -0.00233936 -0.00233936 0 -0.00233936 -0.00233936 
7.596 2 1 1 0 0.0143 0.0288 0.5428 0.0016 0.002591 -0.005799 100 430 0.5 0.498411 0.502409 0 0.5 -0.00481844 -0.00481844 0 -0.00481844 -0.00481844 
