%% logfile from robot Alma (11)
% Alma (11)
%  1    time 2.004 sec
%  2  3  4  5   (mission 0), state 2, entered (thread 1, line 1), events 0x0 (bit-flags)
%  6  7 Wheel velocity [m/s] left, right: 0.0016 0.0202
%  8  9 10 11 Pose x,y,h,tilt [m,m,rad,rad]: -0.0155243 0.00436386 0.00259112 0.0102382
% 12 13 read sensor time [us]: 100 and ctrl time 430
% 14 23 ctrl bal pos, ref=1.5, m=0, m2=0, uf=0, r2=1.5, ep=2.7,up=1.35236, ui=0, u1=1.35236, u=1
2.004 2 1 1 0 0.0016 0.0202 -0.0155 0.0044 0.002591 0.010238 100 430 1.5 0 0 0 1.5 2.7 1.35236 0 1.35236 1 
2.044 2 1 1 0 -0.0416 -0.0194 -0.0165 0.0044 0.000000 0.017684 100 430 1.5 -0.00100406 -0.00788273 0 1.5 2.71419 1.38619 0 1.38619 1 
2.084 2 1 1 0 -0.0878 -0.0893 -0.0189 0.0044 0.000000 0.048339 100 400 1.5 -0.0034138 -0.0228018 0 1.5 2.74104 1.42601 0 1.42601 1 
2.124 2 1 1 0 -0.0766 -0.0921 -0.0220 0.0044 0.002591 0.095855 100 430 1.5 -0.00642598 -0.0337638 0 1.5 2.76077 1.46202 0 1.46202 1 
2.164 2 1 1 0 -0.0527 -0.0418 -0.0244 0.0044 0.002591 0.144762 100 440 1.5 -0.00883572 -0.0355463 0 1.5 2.76398 1.48938 0 1.48938 1 
2.204 2 1 1 0 -0.0242 -0.0247 -0.0256 0.0044 0.002591 0.190827 100 430 1.5 -0.0100406 -0.0288461 0 1.5 2.75192 1.50854 0 1.50854 1 
2.244 2 1 1 0 0.0448 0.0610 -0.0242 0.0044 0.005182 0.233000 100 440 1.5 -0.00863491 -0.0073305 0 1.5 2.71319 1.51361 0 1.51361 1 
2.284 2 1 1 0 0.2261 0.1721 -0.0191 0.0044 0.002591 0.262184 100 440 1.5 -0.00361461 0.030214 0 1.5 2.64561 1.50328 0 1.50328 1 
2.324 2 1 1 0 0.2714 0.3170 -0.0091 0.0044 0.002591 0.272388 100 440 1.5 0.00642599 0.0860787 0 1.5 2.54506 1.47515 0 1.47515 1 
2.364 2 1 1 0 0.4819 0.4298 0.0052 0.0045 0.005182 0.269717 100 440 1.5 0.0206836 0.146613 0 1.5 2.4361 1.44132 0 1.44132 1 
2.404 2 1 1 0 0.4624 0.4856 0.0240 0.0046 0.005182 0.257320 100 440 1.5 0.03956 0.214495 0 1.5 2.31391 1.39931 0 1.39931 1 
2.444 2 1 1 0 0.6068 0.5942 0.0463 0.0048 0.007773 0.236763 100 440 1.5 0.0618501 0.280105 0 1.5 2.19581 1.35779 0 1.35779 1 
2.484 2 1 1 0 0.6761 0.6976 0.0712 0.0050 0.007773 0.214859 100 450 1.5 0.0867507 0.340167 0 1.5 2.0877 1.31979 0 1.31979 1 
2.524 2 1 1 0 0.7459 0.7027 0.0993 0.0052 0.007773 0.194727 100 440 1.5 0.114864 0.403766 0 1.5 1.97322 1.27717 0 1.27717 1 
2.564 2 1 1 0 0.7613 0.7570 0.1297 0.0054 0.005182 0.171553 100 440 1.5 0.145187 0.463582 0 1.5 1.86555 1.23658 0 1.23658 1 
2.604 2 1 1 0 0.8387 0.8341 0.1618 0.0056 0.005182 0.151774 100 450 1.5 0.177317 0.519791 0 1.5 1.76438 1.19793 0 1.19793 1 
2.644 2 1 1 0 0.8767 0.7623 0.1953 0.0057 0.002591 0.136687 100 440 1.5 0.210852 0.572954 0 1.5 1.66868 1.16081 0 1.16081 1 
2.684 2 1 1 0 0.8841 0.9004 0.2303 0.0058 0.002591 0.124980 100 450 1.5 0.245794 0.625921 0 1.5 1.57334 1.12274 0 1.12274 1 
2.724 2 1 1 0 0.9347 0.9659 0.2670 0.0059 0.005182 0.115545 100 450 1.5 0.282543 0.682308 0 1.5 1.47184 1.08043 0 1.08043 1 
2.764 2 1 1 0 0.9997 0.9658 0.3054 0.0061 0.002591 0.106214 100 450 1.5 0.320898 0.739045 0 1.5 1.36972 1.03662 0 1.03662 1 
2.804 2 1 1 0 1.0544 1.0452 0.3463 0.0062 0.002591 0.093249 100 450 1.5 0.361864 0.80376 0 1.5 1.25323 0.984375 0 0.984375 0.984375 
2.844 2 1 1 0 1.1013 1.0143 0.3885 0.0062 -0.002591 0.077733 100 460 1.5 0.404035 0.864401 0 1.5 1.14408 0.934578 0 0.934578 0.934578 
2.884 2 1 1 0 1.1132 1.1144 0.4323 0.0062 0.002591 0.063475 110 450 1.5 0.447812 0.926545 0 1.5 1.03222 0.882243 0 0.882243 0.882243 
2.924 2 1 1 0 1.1609 1.1007 0.4773 0.0064 0.002591 0.047008 100 450 1.5 0.492795 0.987142 0 1.5 0.923145 0.830135 0 0.830135 0.830135 
2.964 2 1 1 0 1.2121 1.1932 0.5245 0.0065 0.000000 0.025616 100 420 1.5 0.539985 1.05438 0 1.5 0.802119 0.770836 0 0.770836 0.770836 
3.004 2 1 1 0 1.1913 1.1516 0.5724 0.0064 -0.002591 0.001995 100 450 1.5 0.587978 1.11692 0 1.5 0.689539 0.714606 0 0.714606 0.714606 
3.044 2 1 1 0 1.2315 1.2022 0.6204 0.0064 0.000000 -0.021664 100 420 1.5 0.635971 1.17137 0 1.5 0.591537 0.664629 0 0.664629 0.664629 
3.084 2 1 1 0 1.2188 1.2455 0.6694 0.0065 0.000000 -0.042549 100 450 1.5 0.684968 1.22945 0 1.5 0.486998 0.610395 0 0.610395 0.610395 
3.124 2 1 1 0 1.2369 1.1943 0.7184 0.0065 0.000000 -0.065549 100 410 1.5 0.733966 1.28275 0 1.5 0.391047 0.559516 0 0.559516 0.559516 
3.164 2 1 1 0 1.2185 1.1445 0.7668 0.0063 -0.002591 -0.092491 100 450 1.5 0.78236 1.32823 0 1.5 0.309181 0.514824 0 0.514824 0.514824 
3.204 2 1 1 0 1.1818 1.1620 0.8150 0.0062 -0.002591 -0.111345 100 450 1.5 0.830554 1.3744 0 1.5 0.226081 0.468792 0 0.468792 0.468792 
3.244 2 1 1 0 1.1503 1.1746 0.8618 0.0062 0.000000 -0.129325 100 420 1.5 0.877343 1.41114 0 1.5 0.159951 0.430588 0 0.430588 0.430588 
3.284 2 1 1 0 1.1512 1.1731 0.9082 0.0061 -0.002591 -0.145660 110 450 1.5 0.923729 1.45051 0 1.5 0.0890888 0.389438 0 0.389438 0.389438 
3.324 2 1 1 0 1.0963 1.0837 0.9526 0.0059 -0.005182 -0.160546 100 440 1.5 0.968108 1.48004 0 1.5 0.0359339 0.356677 0 0.356677 0.356677 
3.364 2 1 1 0 1.0638 1.1089 0.9960 0.0057 -0.005182 -0.168886 100 450 1.5 1.01148 1.50972 0 1.5 -0.0174906 0.323346 0 0.323346 0.323346 
3.404 2 1 1 0 1.0379 1.0683 1.0377 0.0055 -0.005182 -0.177456 100 450 1.5 1.05325 1.53586 0 1.5 -0.0645498 0.29285 0 0.29285 0.29285 
3.444 2 1 1 0 0.9953 0.9915 1.0781 0.0053 -0.002591 -0.185476 100 450 1.5 1.09362 1.5596 0 1.5 -0.107278 0.264183 0 0.264183 0.264183 
3.484 2 1 1 0 0.9246 0.9498 1.1172 0.0051 -0.005182 -0.191278 100 450 1.5 1.13278 1.58421 0 1.5 -0.151577 0.234455 0 0.234455 0.234455 
3.524 2 1 1 0 0.8590 0.9223 1.1544 0.0049 -0.002591 -0.197632 100 440 1.5 1.16993 1.60236 0 1.5 -0.184251 0.210313 0 0.210313 0.210313 
3.564 2 1 1 0 0.8393 0.8775 1.1897 0.0048 -0.002591 -0.200558 100 450 1.5 1.20527 1.61808 0 1.5 -0.212548 0.188218 0 0.188218 0.188218 
3.604 2 1 1 0 0.8202 0.7955 1.2233 0.0047 0.000000 -0.203782 100 400 1.5 1.2388 1.6311 0 1.5 -0.235985 0.168437 0 0.168437 0.168437 
3.644 2 1 1 0 0.7991 0.7666 1.2548 0.0047 -0.002591 -0.204222 100 440 1.5 1.27033 1.64107 0 1.5 -0.253928 0.151362 0 0.151362 0.151362 
3.684 2 1 1 0 0.6815 0.7654 1.2845 0.0046 -0.002591 -0.204437 100 440 1.5 1.30005 1.64946 0 1.5 -0.269036 0.135686 0 0.135686 0.135686 
3.724 2 1 1 0 0.7025 0.6259 1.3122 0.0045 -0.002591 -0.203322 100 440 1.5 1.32776 1.65576 0 1.5 -0.280359 0.121953 0 0.121953 0.121953 
3.764 2 1 1 0 0.5767 0.6403 1.3375 0.0044 -0.002591 -0.199115 100 440 1.5 1.35307 1.65663 0 1.5 -0.28194 0.113196 0 0.113196 0.113196 
3.804 2 1 1 0 0.5450 0.5267 1.3610 0.0044 0.000000 -0.195650 100 400 1.5 1.37656 1.65712 0 1.5 -0.282819 0.104904 0 0.104904 0.104904 
3.844 2 1 1 0 0.4902 0.5415 1.3823 0.0044 0.000000 -0.190541 100 410 1.5 1.39785 1.65443 0 1.5 -0.27798 0.0996487 0 0.0996487 0.0996487 
3.884 2 1 1 0 0.4454 0.4827 1.4018 0.0044 0.002591 -0.182759 100 440 1.5 1.41733 1.65251 0 1.5 -0.274514 0.093917 0 0.093917 0.093917 
3.924 2 1 1 0 0.4266 0.4465 1.4193 0.0044 0.000000 -0.173778 100 410 1.5 1.4348 1.64814 0 1.5 -0.266647 0.0905984 0 0.0905984 0.0905984 
3.964 2 1 1 0 0.3866 0.3824 1.4347 0.0044 0.002591 -0.166887 100 450 1.5 1.45026 1.64095 0 1.5 -0.253714 0.0900465 0 0.0900465 0.0900465 
4.004 2 1 1 0 0.2944 0.2810 1.4486 0.0045 0.000000 -0.157355 100 410 1.5 1.46412 1.63476 0 1.5 -0.242575 0.0888552 0 0.0888552 0.0888552 
4.044 2 1 1 0 0.2772 0.2548 1.4602 0.0045 0.000000 -0.146147 100 400 1.5 1.47576 1.62366 0 1.5 -0.222586 0.092378 0 0.092378 0.092378 
4.084 2 1 1 0 0.2303 0.2436 1.4705 0.0045 0.002591 -0.135427 100 440 1.5 1.48601 1.61506 0 1.5 -0.207111 0.0939461 0 0.0939461 0.0939461 
4.124 2 1 1 0 0.1957 0.1981 1.4789 0.0045 0.002591 -0.124342 100 430 1.5 1.49444 1.60396 0 1.5 -0.187131 0.0980696 0 0.0980696 0.0980696 
4.164 2 1 1 0 0.1602 0.1578 1.4859 0.0045 0.000000 -0.113825 100 440 1.5 1.50147 1.59328 0 1.5 -0.167895 0.102121 0 0.102121 0.102121 
4.204 2 1 1 0 0.1296 0.1023 1.4916 0.0045 0.000000 -0.103117 100 400 1.5 1.5071 1.58185 0 1.5 -0.147328 0.107131 0 0.107131 0.107131 
4.244 2 1 1 0 0.0765 0.0822 1.4960 0.0045 0.000000 -0.091675 100 440 1.5 1.51151 1.57174 0 1.5 -0.129124 0.111274 0 0.111274 0.111274 
4.284 2 1 1 0 0.0397 0.0581 1.4990 0.0045 0.002591 -0.081491 100 430 1.5 1.51453 1.56003 0 1.5 -0.108059 0.117159 0 0.117159 0.117159 
4.324 2 1 1 0 0.0322 0.0306 1.5006 0.0045 0.002591 -0.070117 100 420 1.5 1.51613 1.546 0 1.5 -0.0828077 0.125449 0 0.125449 0.125449 
4.364 2 1 1 0 0.0198 0.0375 1.5018 0.0045 0.002591 -0.056546 100 430 1.5 1.51734 1.53784 0 1.5 -0.0681204 0.128738 0 0.128738 0.128738 
4.404 2 1 1 0 0.0083 0.0135 1.5020 0.0045 0.005182 -0.051759 100 430 1.5 1.51754 1.52779 0 1.5 -0.0500135 0.133986 0 0.133986 0.133986 
4.444 2 1 1 0 -0.0051 -0.0069 1.5016 0.0045 0.005182 -0.050663 100 430 1.5 1.51714 1.51859 0 1.5 -0.0334602 0.138687 0 0.138687 0.138687 
4.484 2 1 1 0 -0.0791 -0.0904 1.5000 0.0045 0.000000 -0.047035 100 400 1.5 1.51553 1.50545 0 1.5 -0.00981216 0.147205 0 0.147205 0.147205 
4.524 2 1 1 0 -0.0774 -0.0530 1.4976 0.0045 0.000000 -0.035990 100 390 1.5 1.51312 1.49332 0 1.5 0.0120266 0.155121 0 0.155121 0.155121 
4.564 2 1 1 0 -0.1158 -0.0756 1.4938 0.0045 -0.002591 -0.024397 100 430 1.5 1.5093 1.47679 0 1.5 0.0417704 0.167322 0 0.167322 0.167322 
4.604 2 1 1 0 -0.1244 -0.1024 1.4894 0.0045 -0.002591 -0.009509 100 420 1.5 1.50489 1.46285 0 1.5 0.0668621 0.177514 0 0.177514 0.177514 
4.644 2 1 1 0 -0.1354 -0.1188 1.4845 0.0045 -0.002591 0.004835 100 430 1.5 1.50007 1.45129 0 1.5 0.0876795 0.185841 0 0.185841 0.185841 
4.684 2 1 1 0 -0.1408 -0.1002 1.4793 0.0045 -0.002591 0.017999 100 440 1.5 1.49484 1.44058 0 1.5 0.106962 0.19364 0 0.19364 0.19364 
4.724 2 1 1 0 -0.1269 -0.1249 1.4741 0.0046 -0.002591 0.028202 100 430 1.5 1.48962 1.4325 0 1.5 0.1215 0.199253 0 0.199253 0.199253 
4.764 2 1 1 0 -0.1244 -0.1226 1.4693 0.0046 -0.002591 0.037801 100 430 1.5 1.4848 1.42911 0 1.5 0.127601 0.200785 0 0.200785 0.200785 
4.804 2 1 1 0 -0.1093 -0.1269 1.4646 0.0046 -0.005182 0.044889 100 430 1.5 1.48018 1.42662 0 1.5 0.13208 0.201596 0 0.201596 0.201596 
4.844 2 1 1 0 -0.0849 -0.1019 1.4604 0.0046 -0.002591 0.050127 100 430 1.5 1.47596 1.42611 0 1.5 0.132995 0.200689 0 0.200689 0.200689 
4.884 2 1 1 0 -0.0854 -0.0878 1.4566 0.0046 0.000000 0.051482 100 430 1.5 1.47215 1.42579 0 1.5 0.13358 0.199627 0 0.199627 0.199627 
4.924 2 1 1 0 -0.0815 -0.0886 1.4532 0.0046 -0.002591 0.054668 100 420 1.5 1.46873 1.42693 0 1.5 0.131524 0.19728 0 0.19728 0.19728 
4.964 2 1 1 0 -0.1028 -0.0494 1.4502 0.0046 0.000000 0.055118 100 420 1.5 1.46572 1.42797 0 1.5 0.129663 0.195021 0 0.195021 0.195021 
5.004 2 1 1 0 -0.0380 -0.0584 1.4476 0.0046 -0.002591 0.055562 100 430 1.5 1.46311 1.43032 0 1.5 0.125424 0.191592 0 0.191592 0.191592 
5.044 2 1 1 0 -0.0651 -0.0622 1.4452 0.0046 -0.002591 0.053582 100 430 1.5 1.4607 1.43078 0 1.5 0.124588 0.189846 0 0.189846 0.189846 
5.084 2 1 1 0 -0.0362 -0.0381 1.4430 0.0046 0.000000 0.055276 100 440 1.5 1.45849 1.43134 0 1.5 0.123588 0.188043 0 0.188043 0.188043 
5.124 2 1 1 0 -0.0761 -0.0431 1.4418 0.0046 0.000000 0.054668 100 400 1.5 1.45728 1.4367 0 1.5 0.113939 0.181852 0 0.181852 0.181852 
5.164 2 1 1 0 -0.0152 -0.0127 1.4409 0.0046 0.000000 0.054196 100 400 1.5 1.45648 1.44349 0 1.5 0.101723 0.174373 0 0.174373 0.174373 
5.204 2 1 1 0 -0.0341 -0.0363 1.4397 0.0046 0.000000 0.051754 100 400 1.5 1.45528 1.44172 0 1.5 0.104907 0.174532 0 0.174532 0.174532 
5.244 2 1 1 0 -0.0078 -0.0094 1.4395 0.0046 -0.002591 0.055807 100 420 1.5 1.45508 1.44742 0 1.5 0.0946438 0.167952 0 0.167952 0.167952 
5.284 2 1 1 0 -0.0044 -0.0087 1.4395 0.0046 -0.002591 0.057381 100 430 1.5 1.45508 1.45169 0 1.5 0.0869602 0.162615 0 0.162615 0.162615 
5.324 2 1 1 0 0.0029 0.0060 1.4399 0.0046 -0.002591 0.060051 100 420 1.5 1.45548 1.45684 0 1.5 0.0776819 0.156439 0 0.156439 0.156439 
5.364 2 1 1 0 0.0652 0.0279 1.4413 0.0046 0.000000 0.058637 100 440 1.5 1.45688 1.46689 0 1.5 0.0596043 0.145764 0 0.145764 0.145764 
5.404 2 1 1 0 0.0989 0.0450 1.4436 0.0046 -0.002591 0.052417 100 440 1.5 1.45909 1.47776 0 1.5 0.0400246 0.134177 0 0.134177 0.134177 
5.444 2 1 1 0 0.1186 0.0582 1.4466 0.0046 0.000000 0.042231 100 400 1.5 1.46211 1.48948 0 1.5 0.0189325 0.121662 0 0.121662 0.121662 
5.484 2 1 1 0 0.1044 0.0678 1.4502 0.0046 0.000000 0.031321 100 400 1.5 1.46572 1.50043 0 1.5 -0.000777626 0.109665 0 0.109665 0.109665 
5.524 2 1 1 0 0.1098 0.0815 1.4540 0.0047 0.002591 0.021484 100 430 1.5 1.46954 1.50867 0 1.5 -0.0156023 0.0999818 0 0.0999818 0.0999818 
5.564 2 1 1 0 0.1024 0.0778 1.4576 0.0047 0.002591 0.013965 100 440 1.5 1.47315 1.51316 0 1.5 -0.0236807 0.0936123 0 0.0936123 0.0936123 
5.604 2 1 1 0 0.1076 0.1127 1.4612 0.0047 0.002591 0.008757 100 430 1.5 1.47677 1.51725 0 1.5 -0.0310484 0.0875713 0 0.0875713 0.0875713 
5.644 2 1 1 0 0.0887 0.0890 1.4646 0.0047 0.000000 0.005018 100 420 1.5 1.48018 1.5201 0 1.5 -0.0361776 0.0826524 0 0.0826524 0.0826524 
5.684 2 1 1 0 0.0821 0.1087 1.4681 0.0047 0.002591 0.001010 100 440 1.5 1.4836 1.52268 0 1.5 -0.0408279 0.0779506 0 0.0779506 0.0779506 
5.724 2 1 1 0 0.0759 0.0602 1.4713 0.0047 0.002591 -0.002540 100 430 1.5 1.48681 1.52365 0 1.5 -0.0425755 0.0746952 0 0.0746952 0.0746952 
5.764 2 1 1 0 0.0678 0.0747 1.4749 0.0047 0.002591 -0.003366 100 430 1.5 1.49043 1.52909 0 1.5 -0.052355 0.0674206 0 0.0674206 0.0674206 
5.804 2 1 1 0 0.0735 0.0614 1.4779 0.0047 0.005182 -0.005881 100 430 1.5 1.49344 1.52929 0 1.5 -0.0527138 0.0648631 0 0.0648631 0.0648631 
5.844 2 1 1 0 0.0807 0.0631 1.4809 0.0047 0.002591 -0.004143 100 430 1.5 1.49645 1.5312 0 1.5 -0.0561625 0.0607929 0 0.0607929 0.0607929 
5.884 2 1 1 0 0.0910 0.0798 1.4841 0.0047 0.002591 -0.006216 100 430 1.5 1.49967 1.53524 0 1.5 -0.0634323 0.0548054 0 0.0548054 0.0548054 
5.924 2 1 1 0 0.0567 0.0743 1.4869 0.0047 0.002591 -0.007964 100 440 1.5 1.50248 1.53665 0 1.5 -0.0659781 0.0512065 0 0.0512065 0.0512065 
5.964 2 1 1 0 0.0615 0.1124 1.4898 0.0047 0.002591 -0.009110 100 440 1.5 1.50529 1.53888 0 1.5 -0.069976 0.0468958 0 0.0468958 0.0468958 
6.004 2 1 1 0 0.0743 0.0443 1.4920 0.0048 0.000000 -0.012124 100 440 1.5 1.5075 1.53672 0 1.5 -0.0661034 0.0465568 0 0.0465568 0.0465568 
6.044 2 1 1 0 0.0603 0.0288 1.4944 0.0048 0.000000 -0.011659 100 400 1.5 1.50991 1.53757 0 1.5 -0.0676329 0.0435396 0 0.0435396 0.0435396 
6.084 2 1 1 0 0.0685 0.0440 1.4968 0.0048 0.000000 -0.010356 100 400 1.5 1.51232 1.53908 0 1.5 -0.0703451 0.0399467 0 0.0399467 0.0399467 
6.124 2 1 1 0 0.0298 0.1122 1.4992 0.0048 0.005182 -0.010856 100 430 1.5 1.51473 1.54187 0 1.5 -0.0753645 0.0352328 0 0.0352328 0.0352328 
6.164 2 1 1 0 0.0654 0.0828 1.5014 0.0048 0.002591 -0.015001 100 430 1.5 1.51694 1.54298 0 1.5 -0.0773609 0.0320401 0 0.0320401 0.0320401 
6.204 2 1 1 0 0.0991 0.0469 1.5038 0.0048 0.002591 -0.016632 100 440 1.5 1.51935 1.54613 0 1.5 -0.0830395 0.0270092 0 0.0270092 0.0270092 
6.244 2 1 1 0 0.0595 0.0689 1.5058 0.0048 0.002591 -0.018314 100 430 1.5 1.52136 1.54618 0 1.5 -0.0831167 0.0248039 0 0.0248039 0.0248039 
6.284 2 1 1 0 0.0242 0.0167 1.5070 0.0048 0.002591 -0.021917 100 430 1.5 1.52256 1.54002 0 1.5 -0.0720411 0.0282255 0 0.0282255 0.0282255 
6.324 2 1 1 0 0.0256 0.0247 1.5086 0.0048 0.002591 -0.015853 100 430 1.5 1.52417 1.54149 0 1.5 -0.0746761 0.0248914 0 0.0248914 0.0248914 
6.364 2 1 1 0 0.0452 0.0234 1.5098 0.0048 0.002591 -0.016442 100 430 1.5 1.52538 1.54033 0 1.5 -0.0725887 0.0239646 0 0.0239646 0.0239646 
6.404 2 1 1 0 0.0341 0.0443 1.5106 0.0048 0.002591 -0.013419 100 430 1.5 1.52618 1.53852 0 1.5 -0.0693289 0.0237241 0 0.0237241 0.0237241 
6.444 2 1 1 0 0.0269 0.0090 1.5112 0.0048 0.000000 -0.012375 100 440 1.5 1.52678 1.53717 0 1.5 -0.0669067 0.0231451 0 0.0231451 0.0231451 
6.484 2 1 1 0 0.0154 0.0119 1.5118 0.0048 0.002591 -0.011749 100 430 1.5 1.52738 1.53491 0 1.5 -0.0628298 0.0233908 0 0.0233908 0.0233908 
6.524 2 1 1 0 0.0102 0.0105 1.5123 0.0048 0.002591 -0.012699 100 430 1.5 1.52779 1.53291 0 1.5 -0.0592421 0.0234693 0 0.0234693 0.0234693 
6.564 2 1 1 0 0.0092 0.0078 1.5127 0.0048 0.002591 -0.011273 100 430 1.5 1.52819 1.53255 0 1.5 -0.058588 0.0221456 0 0.0221456 0.0221456 
6.604 2 1 1 0 0.0055 0.0061 1.5127 0.0048 0.002591 -0.009669 100 430 1.5 1.52819 1.5302 0 1.5 -0.0543514 0.0226892 0 0.0226892 0.0226892 
6.644 2 1 1 0 0.0035 0.0038 1.5127 0.0048 0.002591 -0.009254 100 420 1.5 1.52819 1.52914 0 1.5 -0.0524494 0.0221255 0 0.0221255 0.0221255 
6.684 2 1 1 0 0.0026 0.0028 1.5127 0.0048 0.002591 -0.010083 100 420 1.5 1.52819 1.52867 0 1.5 -0.051598 0.0210794 0 0.0210794 0.0210794 
6.724 2 1 1 0 0.0021 0.0022 1.5127 0.0048 0.002591 -0.011956 100 420 1.5 1.52819 1.52845 0 1.5 -0.0512135 0.0198348 0 0.0198348 0.0198348 
6.764 2 1 1 0 0.0017 -0.0151 1.5123 0.0048 -0.002591 -0.015019 100 420 1.5 1.52779 1.5256 0 1.5 -0.0460859 0.0210258 0 0.0210258 0.0210258 
6.804 2 1 1 0 -0.0131 -0.0220 1.5112 0.0048 0.000000 -0.012962 100 400 1.5 1.52678 1.51995 0 1.5 -0.0359064 0.0248545 0 0.0248545 0.0248545 
6.844 2 1 1 0 -0.0119 -0.0160 1.5104 0.0048 -0.005182 -0.007331 100 420 1.5 1.52598 1.51857 0 1.5 -0.0334225 0.0249281 0 0.0249281 0.0249281 
6.884 2 1 1 0 -0.0629 -0.0306 1.5088 0.0048 -0.005182 -0.005581 100 440 1.5 1.52437 1.5111 0 1.5 -0.0199882 0.0305627 0 0.0305627 0.0305627 
6.924 2 1 1 0 -0.0845 -0.0183 1.5078 0.0048 -0.002591 -0.000457 100 430 1.5 1.52337 1.51073 0 1.5 -0.0193188 0.0298808 0 0.0298808 0.0298808 
6.964 2 1 1 0 -0.0109 -0.0128 1.5072 0.0048 -0.005182 0.007993 100 430 1.5 1.52277 1.51444 0 1.5 -0.025993 0.025569 0 0.025569 0.025569 
7.004 2 1 1 0 -0.0430 -0.0149 1.5060 0.0048 -0.005182 0.004561 100 420 1.5 1.52156 1.5106 0 1.5 -0.0190819 0.0280485 0 0.0280485 0.0280485 
7.044 2 1 1 0 -0.0174 -0.0254 1.5054 0.0048 -0.007773 0.007797 100 420 1.5 1.52096 1.51286 0 1.5 -0.0231537 0.0250744 0 0.0250744 0.0250744 
7.084 2 1 1 0 -0.0064 -0.0343 1.5054 0.0048 -0.007773 0.006469 100 430 1.5 1.52096 1.51703 0 1.5 -0.0306519 0.0203159 0 0.0203159 0.0203159 
7.124 2 1 1 0 -0.0123 -0.0087 1.5048 0.0048 -0.005182 0.003342 100 420 1.5 1.52035 1.51421 0 1.5 -0.0255775 0.0218473 0 0.0218473 0.0218473 
7.164 2 1 1 0 -0.0173 -0.0178 1.5044 0.0048 -0.005182 0.004631 100 430 1.5 1.51995 1.51494 0 1.5 -0.026889 0.0202519 0 0.0202519 0.0202519 
7.204 2 1 1 0 -0.0063 -0.0064 1.5044 0.0048 -0.005182 0.004767 100 430 1.5 1.51995 1.51772 0 1.5 -0.0319015 0.0167841 0 0.0167841 0.0167841 
7.244 2 1 1 0 -0.0056 -0.0225 1.5038 0.0049 -0.007773 0.004397 100 420 1.5 1.51935 1.51442 0 1.5 -0.0259552 0.0188177 0 0.0188177 0.0188177 
7.284 2 1 1 0 -0.0056 -0.0094 1.5038 0.0049 -0.007773 0.006512 100 430 1.5 1.51935 1.51717 0 1.5 -0.0309025 0.0154298 0 0.0154298 0.0154298 
7.324 2 1 1 0 -0.0037 -0.0049 1.5038 0.0049 -0.007773 0.006853 100 420 1.5 1.51935 1.51841 0 1.5 -0.0331306 0.0133858 0 0.0133858 0.0133858 
7.364 2 1 1 0 -0.0027 -0.0033 1.5038 0.0049 -0.007773 0.008257 100 420 1.5 1.51935 1.51896 0 1.5 -0.0341263 0.0119614 0 0.0119614 0.0119614 
7.404 2 1 1 0 -0.0021 0.0028 1.5040 0.0049 -0.005182 0.010946 100 430 1.5 1.51955 1.52058 0 1.5 -0.0370497 0.00956854 0 0.00956854 0.00956854 
7.444 2 1 1 0 -0.0415 0.0201 1.5048 0.0048 0.000000 0.011294 100 400 1.5 1.52035 1.52565 0 1.5 -0.0461632 0.00403201 0 0.00403201 0.00403201 
7.484 2 1 1 0 0.0266 0.0454 1.5062 0.0048 0.002591 0.006538 100 440 1.5 1.52176 1.53287 0 1.5 -0.0591614 -0.00353332 0 -0.00353332 -0.00353332 
7.524 2 1 1 0 0.0258 0.0132 1.5070 0.0048 0.002591 0.000309 100 430 1.5 1.52256 1.53258 0 1.5 -0.0586412 -0.00437106 0 -0.00437106 -0.00437106 
7.564 2 1 1 0 0.0477 0.0275 1.5086 0.0049 0.002591 -0.002590 100 440 1.5 1.52417 1.53836 0 1.5 -0.0690439 -0.0107147 0 -0.0107147 -0.0107147 
7.604 2 1 1 0 0.0406 0.0241 1.5096 0.0049 0.005182 -0.008174 100 440 1.5 1.52518 1.53813 0 1.5 -0.0686405 -0.0116532 0 -0.0116532 -0.0116532 
7.644 2 1 1 0 0.0163 0.0116 1.5104 0.0049 0.005182 -0.016609 100 440 1.5 1.52598 1.53568 0 1.5 -0.0642288 -0.0105911 0 -0.0105911 -0.0105911 
7.684 2 1 1 0 0.0279 0.0251 1.5116 0.0049 0.005182 -0.016358 100 430 1.5 1.52718 1.53877 0 1.5 -0.0697906 -0.0144737 0 -0.0144737 -0.0144737 
7.724 2 1 1 0 0.0265 0.0467 1.5125 0.0049 0.010364 -0.018414 100 430 1.5 1.52799 1.53915 0 1.5 -0.0704653 -0.0158754 0 -0.0158754 -0.0158754 
7.764 2 1 1 0 0.0132 0.0095 1.5127 0.0049 0.007773 -0.019475 100 420 1.5 1.52819 1.53423 0 1.5 -0.0616161 -0.0124912 0 -0.0124912 -0.0124912 
7.804 2 1 1 0 0.0057 0.0049 1.5127 0.0049 0.007773 -0.020384 100 420 1.5 1.52819 1.53095 0 1.5 -0.0557075 -0.0104763 0 -0.0104763 -0.0104763 
7.844 2 1 1 0 0.0036 0.0033 1.5127 0.0049 0.007773 -0.022689 100 420 1.5 1.52819 1.52948 0 1.5 -0.0530571 -0.0100318 0 -0.0100318 -0.0100318 
7.884 2 1 1 0 0.0027 -0.0126 1.5123 0.0049 0.002591 -0.026447 100 420 1.5 1.52779 1.52593 0 1.5 -0.0466661 -0.00765201 0 -0.00765201 -0.00765201 
7.924 2 1 1 0 -0.0157 -0.0423 1.5110 0.0049 0.002591 -0.023771 100 420 1.5 1.52658 1.51917 0 1.5 -0.0344971 -0.00224255 0 -0.00224255 -0.00224255 
7.964 2 1 1 0 -0.0442 -0.0463 1.5096 0.0049 0.000000 -0.022242 100 400 1.5 1.52518 1.51241 0 1.5 -0.0223297 0.0032411 0 0.0032411 0.0032411 
8.004 2 1 2 0 -0.0645 -0.0599 1.5078 0.0049 -0.002591 -0.015301 100 430 -1.5 -0.000200868 -13.0619 0 -1.5 20.8114 10.433 0 10.433 1 
8.044 2 1 2 0 -0.0967 -0.1404 1.5038 0.0049 -0.002591 0.009258 100 440 -1.5 -0.00421798 -5.8994 0 -1.5 7.91891 4.11975 0 4.11975 1 
8.084 2 1 2 0 -0.1677 -0.1837 1.4978 0.0049 -0.002591 0.054748 100 440 -1.5 -0.0102434 -2.69756 0 -1.5 2.1556 1.28088 0 1.28088 1 
8.124 2 1 2 0 -0.1214 -0.1114 1.4926 0.0049 -0.002591 0.109656 100 420 -1.5 -0.0154654 -1.25469 0 -1.5 -0.441555 -0.0149548 0 -0.0149548 -0.0149548 
8.164 2 1 2 0 0.0481 0.0450 1.4914 0.0049 -0.002591 0.128503 100 430 -1.5 -0.0166705 -0.578846 0 -1.5 -1.65808 -0.638424 0 -0.638424 -0.638424 
8.204 2 1 2 0 0.1779 0.1681 1.4950 0.0049 0.002591 0.111400 100 420 -1.5 -0.0130553 -0.240379 0 -1.5 -2.26732 -0.966549 0 -0.966549 -0.966549 
8.244 2 1 2 0 0.3283 0.2649 1.5046 0.0049 0.002591 0.053794 100 440 -1.5 -0.00341535 -0.043589 0 -1.5 -2.62154 -1.17131 0 -1.17131 -1 
8.284 2 1 2 0 0.3332 0.3424 1.5173 0.0050 0.005182 -0.029227 100 430 -1.5 0.00923645 0.0704679 0 -1.5 -2.82684 -1.30379 0 -1.30379 -1 
8.324 2 1 2 0 0.3005 0.2850 1.5299 0.0050 0.002591 -0.117344 100 440 -1.5 0.0218881 0.127547 0 -1.5 -2.92958 -1.38588 0 -1.38588 -1 
8.364 2 1 2 0 0.2166 0.2192 1.5398 0.0050 0.000000 -0.189965 100 430 -1.5 0.0317287 0.139364 0 -1.5 -2.95086 -1.42722 0 -1.42722 -1 
8.404 2 1 2 0 0.1407 0.1286 1.5464 0.0050 0.002591 -0.241367 100 440 -1.5 0.0383573 0.126259 0 -1.5 -2.92727 -1.44551 0 -1.44551 -1 
8.444 2 1 2 0 0.0454 0.0479 1.5494 0.0051 0.000000 -0.279144 100 400 -1.5 0.0413703 0.097617 0 -1.5 -2.87571 -1.44885 0 -1.44885 -1 
8.484 2 1 2 0 -0.0468 -0.0524 1.5484 0.0051 -0.002591 -0.304356 100 430 -1.5 0.0403659 0.0582461 0 -1.5 -2.80484 -1.44131 0 -1.44131 -1 
8.524 2 1 2 0 -0.1753 -0.2354 1.5434 0.0051 -0.005182 -0.322413 100 430 -1.5 0.0353451 0.0100954 0 -1.5 -2.71817 -1.42457 0 -1.42457 -1 
8.564 2 1 2 0 -0.3149 -0.3415 1.5331 0.0051 -0.007773 -0.322412 100 440 -1.5 0.0251026 -0.0518515 0 -1.5 -2.60667 -1.39389 0 -1.39389 -1 
8.604 2 1 2 0 -0.4042 -0.4244 1.5179 0.0052 -0.007773 -0.308679 100 440 -1.5 0.00984073 -0.121612 0 -1.5 -2.4811 -1.35452 0 -1.35452 -1 
8.644 2 1 2 0 -0.5748 -0.5151 1.4984 0.0054 -0.005182 -0.286474 100 440 -1.5 -0.00963867 -0.191313 0 -1.5 -2.35564 -1.31348 0 -1.31348 -1 
8.684 2 1 2 0 -0.5970 -0.5883 1.4755 0.0055 -0.005182 -0.260484 100 440 -1.5 -0.0325328 -0.257287 0 -1.5 -2.23688 -1.27415 0 -1.27415 -1 
8.724 2 1 2 0 -0.6618 -0.7320 1.4498 0.0057 -0.005182 -0.235003 100 450 -1.5 -0.0582372 -0.319349 0 -1.5 -2.12517 -1.23679 0 -1.23679 -1 
8.764 2 1 2 0 -0.7576 -0.6444 1.4219 0.0059 -0.007773 -0.213645 100 450 -1.5 -0.0861505 -0.377111 0 -1.5 -2.0212 -1.20187 0 -1.20187 -1 
8.804 2 1 2 0 -0.7357 -0.7562 1.3912 0.0060 -0.005182 -0.193836 100 450 -1.5 -0.116875 -0.438753 0 -1.5 -1.91024 -1.16205 0 -1.16205 -1 
8.844 2 1 2 0 -0.7550 -0.8213 1.3582 0.0062 -0.005182 -0.176373 110 450 -1.5 -0.149807 -0.498828 0 -1.5 -1.80211 -1.12224 0 -1.12224 -1 
8.884 2 1 2 0 -0.8857 -0.8938 1.3237 0.0063 -0.000000 -0.159578 100 410 -1.5 -0.184347 -0.555651 0 -1.5 -1.69983 -1.08405 0 -1.08405 -1 
8.924 2 1 2 0 -0.9176 -0.9506 1.2872 0.0063 -0.000000 -0.146726 100 450 -1.5 -0.220894 -0.615074 0 -1.5 -1.59287 -1.04223 0 -1.04223 -1 
8.964 2 1 2 0 -1.0004 -0.9646 1.2488 0.0064 -0.002591 -0.133327 100 440 -1.5 -0.25925 -0.675209 0 -1.5 -1.48462 -0.998497 0 -0.998497 -0.998497 
9.004 2 1 2 0 -1.0012 -1.0437 1.2084 0.0064 -0.000000 -0.119769 100 400 -1.5 -0.299614 -0.737653 0 -1.5 -1.37223 -0.951378 0 -0.951378 -0.951378 
9.044 2 1 2 0 -1.0426 -1.0577 1.1659 0.0064 -0.000000 -0.104965 100 410 -1.5 -0.342187 -0.803756 0 -1.5 -1.25324 -0.899635 0 -0.899635 -0.899635 
9.084 2 1 2 0 -1.0791 -1.1471 1.1217 0.0064 -0.000000 -0.084527 110 420 -1.5 -0.386365 -0.86851 0 -1.5 -1.13668 -0.847793 0 -0.847793 -0.847793 
9.124 2 1 2 0 -1.1453 -1.2002 1.0761 0.0064 0.002591 -0.063450 100 440 -1.5 -0.431949 -0.931525 0 -1.5 -1.02325 -0.796234 0 -0.796234 -0.796234 
9.164 2 1 2 0 -1.1769 -1.1847 1.0293 0.0063 -0.000000 -0.040302 100 440 -1.5 -0.478738 -0.992948 0 -1.5 -0.912694 -0.744878 0 -0.744878 -0.744878 
9.204 2 1 2 0 -1.1898 -1.2035 0.9809 0.0062 0.002591 -0.018439 100 450 -1.5 -0.527132 -1.05795 0 -1.5 -0.795698 -0.6891 0 -0.6891 -0.6891 
9.244 2 1 2 0 -1.2107 -1.2561 0.9323 0.0062 0.002591 0.006534 100 450 -1.5 -0.575728 -1.11528 0 -1.5 -0.69249 -0.639083 0 -0.639083 -0.639083 
9.284 2 1 2 0 -1.2064 -1.2936 0.8833 0.0060 0.002591 0.032182 100 450 -1.5 -0.624725 -1.17031 0 -1.5 -0.593446 -0.590105 0 -0.590105 -0.590105 
9.324 2 1 2 0 -1.1945 -1.2273 0.8341 0.0060 0.000000 0.054079 100 420 -1.5 -0.673923 -1.22368 0 -1.5 -0.497374 -0.541647 0 -0.541647 -0.541647 
9.364 2 1 2 0 -1.2066 -1.2879 0.7853 0.0059 0.002591 0.074392 100 430 -1.5 -0.722719 -1.27181 0 -1.5 -0.410736 -0.497013 0 -0.497013 -0.497013 
9.404 2 1 2 0 -1.2544 -1.2331 0.7369 0.0058 0.005182 0.095101 100 450 -1.5 -0.771114 -1.3171 0 -1.5 -0.329219 -0.454125 0 -0.454125 -0.454125 
9.444 2 1 2 0 -1.2059 -1.1544 0.6895 0.0056 0.005182 0.117041 100 450 -1.5 -0.818505 -1.35692 0 -1.5 -0.257542 -0.415447 0 -0.415447 -0.415447 
9.484 2 1 2 0 -1.1463 -1.1485 0.6428 0.0054 0.002591 0.128741 100 450 -1.5 -0.865293 -1.39689 0 -1.5 -0.185595 -0.375991 0 -0.375991 -0.375991 
9.524 2 1 2 0 -1.1533 -1.1250 0.5970 0.0052 0.002591 0.141757 100 450 -1.5 -0.911077 -1.43262 0 -1.5 -0.121291 -0.339726 0 -0.339726 -0.339726 
9.564 2 1 2 0 -1.0782 -1.0870 0.5528 0.0051 0.002591 0.157992 100 450 -1.5 -0.955255 -1.46226 0 -1.5 -0.0679384 -0.308439 0 -0.308439 -0.308439 
9.604 2 1 2 0 -1.0414 -1.0485 0.5098 0.0050 0.002591 0.166231 100 450 -1.5 -0.998228 -1.49113 0 -1.5 -0.0159662 -0.277408 0 -0.277408 -0.277408 
9.644 2 1 2 0 -1.0569 -1.0098 0.4685 0.0049 0.002591 0.174373 100 440 -1.5 -1.0396 -1.5163 0 -1.5 0.0293489 -0.24933 0 -0.24933 -0.24933 
9.684 2 1 2 0 -1.0161 -0.9604 0.4283 0.0048 0.002591 0.180164 100 440 -1.5 -1.07976 -1.5414 0 -1.5 0.0745199 -0.220969 0 -0.220969 -0.220969 
9.724 2 1 2 0 -0.9356 -0.9720 0.3901 0.0047 0.002591 0.186249 100 440 -1.5 -1.11791 -1.56068 0 -1.5 0.109216 -0.197582 0 -0.197582 -0.197582 
9.764 2 1 2 0 -0.8789 -0.9118 0.3534 0.0046 -0.000000 0.191335 100 440 -1.5 -1.15466 -1.58004 0 -1.5 0.144079 -0.173878 0 -0.173878 -0.173878 
9.804 2 1 2 0 -0.8203 -0.8285 0.3186 0.0046 0.002591 0.197694 110 450 -1.5 -1.1894 -1.59529 0 -1.5 0.171527 -0.153726 0 -0.153726 -0.153726 
9.844 2 1 2 0 -0.6806 -0.8029 0.2863 0.0045 -0.000000 0.196526 100 450 -1.5 -1.22173 -1.60341 0 -1.5 0.186134 -0.139902 0 -0.139902 -0.139902 
9.884 2 1 2 0 -0.6804 -0.7313 0.2560 0.0045 0.002591 0.193213 100 430 -1.5 -1.25206 -1.61027 0 -1.5 0.198482 -0.127197 0 -0.127197 -0.127197 
9.924 2 1 2 0 -0.6909 -0.6378 0.2277 0.0045 -0.000000 0.188148 100 420 -1.5 -1.28037 -1.61583 0 -1.5 0.208488 -0.115688 0 -0.115688 -0.115688 
9.964 2 1 2 0 -0.6594 -0.6244 0.2012 0.0045 -0.000000 0.185098 100 410 -1.5 -1.30688 -1.62035 0 -1.5 0.216632 -0.105129 0 -0.105129 -0.105129 
10.004 2 1 2 0 -0.6049 -0.5793 0.1765 0.0045 -0.002591 0.182592 100 440 -1.5 -1.33158 -1.62444 0 -1.5 0.223994 -0.0950265 0 -0.0950265 -0.0950265 
10.044 2 1 2 0 -0.5748 -0.5421 0.1538 0.0045 -0.000000 0.177515 100 410 -1.5 -1.35427 -1.62551 0 -1.5 0.22592 -0.0877279 0 -0.0877279 -0.0877279 
10.084 2 1 2 0 -0.4872 -0.4511 0.1329 0.0045 -0.000000 0.174310 100 410 -1.5 -1.37516 -1.62536 0 -1.5 0.225651 -0.0816394 0 -0.0816394 -0.0816394 
10.124 2 1 2 0 -0.4029 -0.4341 0.1144 0.0045 -0.000000 0.167029 100 410 -1.5 -1.39363 -1.61965 0 -1.5 0.21537 -0.0807429 0 -0.0807429 -0.0807429 
10.164 2 1 2 0 -0.3838 -0.4236 0.0978 0.0045 -0.002591 0.159168 100 450 -1.5 -1.4103 -1.61392 0 -1.5 0.205048 -0.0800741 0 -0.0800741 -0.0800741 
10.204 2 1 2 0 -0.3649 -0.3411 0.0827 0.0045 -0.000000 0.148811 100 400 -1.5 -1.42536 -1.6094 0 -1.5 0.196914 -0.0785301 0 -0.0785301 -0.0785301 
10.245 2 1 2 0 -0.2803 -0.3239 0.0694 0.0046 -0.000000 0.138708 100 410 -1.5 -1.43861 -1.6031 0 -1.5 0.185576 -0.0788119 0 -0.0788119 -0.0788119 
10.285 2 1 2 0 -0.2490 -0.2693 0.0580 0.0046 -0.002591 0.128551 100 440 -1.5 -1.45006 -1.59508 0 -1.5 0.17114 -0.0808957 0 -0.0808957 -0.0808957 
10.325 2 1 2 0 -0.2239 -0.2070 0.0488 0.0046 -0.002591 0.120581 100 430 -1.5 -1.4593 -1.58123 0 -1.5 0.146213 -0.0885021 0 -0.0885021 -0.0885021 
10.365 2 1 2 0 -0.1928 -0.1520 0.0409 0.0046 -0.000000 0.111003 100 440 -1.5 -1.46713 -1.5689 0 -1.5 0.124015 -0.0950306 0 -0.0950306 -0.0950306 
10.405 2 1 2 0 -0.1306 -0.1391 0.0339 0.0047 -0.002591 0.098232 100 440 -1.5 -1.47416 -1.56239 0 -1.5 0.112299 -0.0965866 0 -0.0965866 -0.0965866 
10.445 2 1 2 0 -0.0899 -0.1245 0.0293 0.0047 -0.005182 0.088431 100 440 -1.5 -1.47877 -1.54732 0 -1.5 0.0851801 -0.106177 0 -0.106177 -0.106177 
10.485 2 1 2 0 -0.1016 -0.0896 0.0259 0.0047 -0.002591 0.074506 100 430 -1.5 -1.48219 -1.53452 0 -1.5 0.0621431 -0.114052 0 -0.114052 -0.114052 
10.525 2 1 2 0 -0.0320 -0.0462 0.0239 0.0047 -0.002591 0.062659 100 440 -1.5 -1.4842 -1.51954 0 -1.5 0.0351734 -0.124179 0 -0.124179 -0.124179 
10.565 2 1 2 0 -0.0187 -0.0470 0.0220 0.0047 -0.005182 0.053955 100 430 -1.5 -1.486 -1.51163 0 -1.5 0.0209341 -0.128172 0 -0.128172 -0.128172 
10.605 2 1 2 0 -0.0065 -0.0083 0.0220 0.0047 -0.005182 0.044790 100 430 -1.5 -1.486 -1.49754 0 -1.5 -0.00443401 -0.138046 0 -0.138046 -0.138046 
10.645 2 1 2 0 -0.0040 -0.0045 0.0220 0.0047 -0.005182 0.039975 100 440 -1.5 -1.486 -1.4912 0 -1.5 -0.0158323 -0.141164 0 -0.141164 -0.141164 
10.685 2 1 2 0 0.0031 0.0269 0.0229 0.0047 -0.000000 0.036043 100 400 -1.5 -1.4852 -1.48249 0 -1.5 -0.0315102 -0.146605 0 -0.146605 -0.146605 
10.725 2 1 2 0 0.0641 0.0626 0.0251 0.0047 0.002591 0.027798 100 430 -1.5 -1.48299 -1.46763 0 -1.5 -0.0582687 -0.157835 0 -0.157835 -0.157835 
10.765 2 1 2 0 0.1097 0.0869 0.0285 0.0047 0.005182 0.014942 100 430 -1.5 -1.47958 -1.45137 0 -1.5 -0.0875421 -0.170653 0 -0.170653 -0.170653 
10.805 2 1 2 0 0.0848 0.1345 0.0327 0.0047 0.007773 -0.001527 100 430 -1.5 -1.47536 -1.4368 0 -1.5 -0.113767 -0.182269 0 -0.182269 -0.182269 
10.845 2 1 2 0 0.1432 0.1171 0.0375 0.0048 0.007773 -0.016304 100 420 -1.5 -1.47054 -1.4237 0 -1.5 -0.137339 -0.192837 0 -0.192837 -0.192837 
10.885 2 1 2 0 0.1402 0.1252 0.0427 0.0048 0.007773 -0.031046 100 440 -1.5 -1.46532 -1.41151 0 -1.5 -0.15929 -0.202814 0 -0.202814 -0.202814 
10.925 2 1 2 0 0.1114 0.1215 0.0476 0.0049 0.007773 -0.043466 100 440 -1.5 -1.4605 -1.40609 0 -1.5 -0.169035 -0.206859 0 -0.206859 -0.206859 
10.965 2 1 2 0 0.1315 0.0907 0.0524 0.0049 0.007773 -0.052176 100 440 -1.5 -1.45568 -1.40106 0 -1.5 -0.17809 -0.21067 0 -0.21067 -0.21067 
11.005 2 1 2 0 0.1164 0.1161 0.0568 0.0049 0.007773 -0.059518 100 430 -1.5 -1.45126 -1.39907 0 -1.5 -0.181666 -0.211817 0 -0.211817 -0.211817 
11.045 2 1 2 0 0.0779 0.1299 0.0610 0.0049 0.005182 -0.064639 100 440 -1.5 -1.44705 -1.39721 0 -1.5 -0.185015 -0.212897 0 -0.212897 -0.212897 
11.085 2 1 2 0 0.0793 0.0939 0.0648 0.0050 0.007773 -0.069802 100 450 -1.5 -1.44323 -1.39722 0 -1.5 -0.185008 -0.212336 0 -0.212336 -0.212336 
11.125 2 1 2 0 0.0911 0.0945 0.0684 0.0050 0.002591 -0.073006 100 430 -1.5 -1.43962 -1.39671 0 -1.5 -0.185923 -0.212258 0 -0.212258 -0.212258 
11.165 2 1 2 0 0.0678 0.0552 0.0712 0.0050 0.002591 -0.075410 100 430 -1.5 -1.43681 -1.40079 0 -1.5 -0.178569 -0.208038 0 -0.208038 -0.208038 
11.205 2 1 2 0 0.0765 0.0663 0.0743 0.0050 -0.000000 -0.074331 100 440 -1.5 -1.43379 -1.39932 0 -1.5 -0.181216 -0.208802 0 -0.208802 -0.208802 
11.245 2 1 2 0 0.0508 0.0730 0.0763 0.0050 0.005182 -0.073909 100 440 -1.5 -1.43178 -1.40348 0 -1.5 -0.173728 -0.204452 0 -0.204452 -0.204452 
11.285 2 1 2 0 0.0533 0.0400 0.0779 0.0050 -0.000000 -0.074842 100 400 -1.5 -1.43018 -1.40736 0 -1.5 -0.166757 -0.20031 0 -0.20031 -0.20031 
11.325 2 1 2 0 0.0267 0.0172 0.0791 0.0050 -0.000000 -0.074218 100 400 -1.5 -1.42897 -1.4115 0 -1.5 -0.159295 -0.195879 0 -0.195879 -0.195879 
11.365 2 1 2 0 0.0523 0.0200 0.0803 0.0050 -0.000000 -0.074200 100 400 -1.5 -1.42777 -1.41308 0 -1.5 -0.156464 -0.193743 0 -0.193743 -0.193743 
11.405 2 1 2 0 0.0096 0.0067 0.0805 0.0050 -0.002591 -0.071774 100 420 -1.5 -1.42757 -1.41939 0 -1.5 -0.145093 -0.187242 0 -0.187242 -0.187242 
11.445 2 1 2 0 0.0117 0.0058 0.0809 0.0050 -0.002591 -0.073776 100 430 -1.5 -1.42717 -1.42168 0 -1.5 -0.140975 -0.184348 0 -0.184348 -0.184348 
11.485 2 1 2 0 0.0054 0.0056 0.0809 0.0050 -0.002591 -0.078257 100 430 -1.5 -1.42717 -1.42474 0 -1.5 -0.135472 -0.180706 0 -0.180706 -0.180706 
11.525 2 1 2 0 -0.0410 -0.0412 0.0797 0.0050 -0.002591 -0.080942 100 430 -1.5 -1.42837 -1.43468 0 -1.5 -0.117578 -0.170761 0 -0.170761 -0.170761 
11.565 2 1 2 0 -0.0423 -0.0427 0.0779 0.0050 -0.005182 -0.076459 100 440 -1.5 -1.43018 -1.444 0 -1.5 -0.100806 -0.161221 0 -0.161221 -0.161221 
11.605 2 1 2 0 -0.0990 -0.0861 0.0751 0.0050 -0.005182 -0.072069 100 440 -1.5 -1.43299 -1.45692 0 -1.5 -0.0775429 -0.148275 0 -0.148275 -0.148275 
11.645 2 1 2 0 -0.0679 -0.1197 0.0720 0.0051 -0.007773 -0.064355 100 430 -1.5 -1.436 -1.466 0 -1.5 -0.0612007 -0.138635 0 -0.138635 -0.138635 
11.685 2 1 2 0 -0.0851 -0.1516 0.0680 0.0051 -0.007773 -0.054993 100 440 -1.5 -1.44002 -1.47896 0 -1.5 -0.0378805 -0.125334 0 -0.125334 -0.125334 
11.725 2 1 2 0 -0.1012 -0.1034 0.0640 0.0051 -0.007773 -0.046403 100 440 -1.5 -1.44403 -1.48718 0 -1.5 -0.0230696 -0.116145 0 -0.116145 -0.116145 
11.765 2 1 2 0 -0.1208 -0.0917 0.0598 0.0051 -0.005182 -0.036803 100 430 -1.5 -1.44825 -1.49382 0 -1.5 -0.0111151 -0.108263 0 -0.108263 -0.108263 
11.805 2 1 2 0 -0.1176 -0.1150 0.0554 0.0052 -0.005182 -0.031013 100 450 -1.5 -1.45267 -1.5008 0 -1.5 0.00144711 -0.100002 0 -0.100002 -0.100002 
11.845 2 1 2 0 -0.1014 -0.0867 0.0514 0.0052 -0.005182 -0.025980 100 430 -1.5 -1.45669 -1.50356 0 -1.5 0.00641155 -0.0955001 0 -0.0955001 -0.0955001 
11.885 2 1 2 0 -0.0798 -0.0680 0.0473 0.0052 -0.005182 -0.022179 100 430 -1.5 -1.4607 -1.50671 0 -1.5 0.0120815 -0.0906212 0 -0.0906212 -0.0906212 
11.925 2 1 2 0 -0.0954 -0.0982 0.0433 0.0052 -0.005182 -0.020245 100 430 -1.5 -1.46472 -1.51043 0 -1.5 0.0187746 -0.0852123 0 -0.0852123 -0.0852123 
11.965 2 1 2 0 -0.1126 -0.1184 0.0393 0.0052 -0.005182 -0.019149 100 440 -1.5 -1.46873 -1.51441 0 -1.5 0.0259295 -0.0795479 0 -0.0795479 -0.0795479 
12.005 2 1 2 0 -0.0857 -0.1192 0.0353 0.0053 -0.005182 -0.015648 100 430 -1.5 -1.47275 -1.51815 0 -1.5 0.0326775 -0.0740508 0 -0.0740508 -0.0740508 
12.045 2 1 2 0 -0.0989 -0.0987 0.0311 0.0053 -0.002591 -0.012868 100 440 -1.5 -1.47697 -1.52379 0 -1.5 0.0428226 -0.0668222 0 -0.0668222 -0.0668222 
12.085 2 1 2 0 -0.1195 -0.1060 0.0271 0.0053 -0.002591 -0.010210 100 430 -1.5 -1.48098 -1.52719 0 -1.5 0.0489355 -0.061574 0 -0.061574 -0.061574 
12.125 2 1 2 0 -0.0805 -0.0845 0.0233 0.0053 -0.000000 -0.007360 100 440 -1.5 -1.4848 -1.52922 0 -1.5 0.0525919 -0.0575409 0 -0.0575409 -0.0575409 
12.165 2 1 2 0 -0.0836 -0.0661 0.0196 0.0053 -0.000000 -0.006371 100 400 -1.5 -1.48841 -1.53034 0 -1.5 0.0546141 -0.0543254 0 -0.0543254 -0.0543254 
12.205 2 1 2 0 -0.0956 -0.1130 0.0158 0.0053 -0.002591 -0.007422 100 440 -1.5 -1.49223 -1.53538 0 -1.5 0.0636846 -0.0476092 0 -0.0476092 -0.0476092 
12.245 2 1 2 0 -0.0772 -0.0658 0.0124 0.0053 -0.000000 -0.003740 100 400 -1.5 -1.49564 -1.5358 0 -1.5 0.0644365 -0.0450143 0 -0.0450143 -0.0450143 
12.285 2 1 2 0 -0.0659 -0.0880 0.0092 0.0053 -0.000000 -0.004975 100 400 -1.5 -1.49886 -1.53686 0 -1.5 0.0663523 -0.0418832 0 -0.0418832 -0.0418832 
12.325 2 1 2 0 -0.0624 -0.1005 0.0056 0.0053 -0.000000 -0.004665 100 440 -1.5 -1.50247 -1.54144 0 -1.5 0.0746006 -0.0355542 0 -0.0355542 -0.0355542 
12.365 2 1 2 0 -0.0804 -0.0773 0.0024 0.0053 -0.000000 -0.003051 100 400 -1.5 -1.50568 -1.5428 0 -1.5 0.0770348 -0.0321337 0 -0.0321337 -0.0321337 
12.405 2 1 2 0 -0.0647 -0.0549 -0.0006 0.0053 0.002591 -0.001619 100 430 -1.5 -1.5087 -1.54371 0 -1.5 0.0786707 -0.0291353 0 -0.0291353 -0.0291353 
12.445 2 1 2 0 -0.0692 -0.0483 -0.0037 0.0053 -0.000000 -0.001169 100 390 -1.5 -1.51171 -1.546 0 -1.5 0.0828026 -0.0249103 0 -0.0249103 -0.0249103 
12.485 2 1 2 0 -0.0427 -0.1262 -0.0065 0.0053 -0.000000 0.000151 100 440 -1.5 -1.51452 -1.5479 0 -1.5 0.0862255 -0.0210687 0 -0.0210687 -0.0210687 
12.525 2 1 2 0 -0.1004 -0.0506 -0.0087 0.0053 0.002591 -0.000029 100 430 -1.5 -1.51673 -1.54546 0 -1.5 0.081831 -0.021169 0 -0.021169 -0.021169 
12.565 2 1 2 0 -0.0468 -0.0732 -0.0111 0.0053 0.002591 0.001160 100 420 -1.5 -1.51914 -1.54685 0 -1.5 0.0843269 -0.017864 0 -0.017864 -0.017864 
12.605 2 1 2 0 -0.0244 -0.0795 -0.0131 0.0053 -0.002591 0.000283 100 440 -1.5 -1.52115 -1.54646 0 -1.5 0.0836248 -0.0162117 0 -0.0162117 -0.0162117 
12.645 2 1 2 0 -0.0431 -0.0390 -0.0149 0.0053 -0.000000 -0.001286 100 400 -1.5 -1.52295 -1.5452 0 -1.5 0.0813658 -0.0153662 0 -0.0153662 -0.0153662 
12.685 2 1 2 0 -0.0345 -0.0502 -0.0167 0.0053 -0.002591 -0.000494 100 420 -1.5 -1.52476 -1.54548 0 -1.5 0.0818584 -0.0131853 0 -0.0131853 -0.0131853 
12.726 2 1 2 0 -0.0755 -0.0279 -0.0183 0.0053 0.002591 -0.000971 100 420 -1.5 -1.52637 -1.54624 0 -1.5 0.0832317 -0.0106313 0 -0.0106313 -0.0106313 
12.766 2 1 2 0 -0.0132 -0.0123 -0.0189 0.0053 -0.000000 0.000816 100 400 -1.5 -1.52697 -1.53959 0 -1.5 0.0712687 -0.0148189 0 -0.0148189 -0.0148189 
12.806 2 1 2 0 -0.0293 -0.0314 -0.0205 0.0053 -0.000000 -0.002053 100 400 -1.5 -1.52858 -1.54317 0 -1.5 0.0777077 -0.00982232 0 -0.00982232 -0.00982232 
12.846 2 1 2 0 -0.0270 -0.0263 -0.0217 0.0053 -0.000000 0.000339 100 400 -1.5 -1.52978 -1.54331 0 -1.5 0.0779583 -0.00794476 0 -0.00794476 -0.00794476 
12.886 2 1 2 0 -0.0344 -0.0436 -0.0225 0.0053 -0.000000 0.000068 100 390 -1.5 -1.53058 -1.54278 0 -1.5 0.0769987 -0.00676927 0 -0.00676927 -0.00676927 
12.926 2 1 2 0 -0.0362 -0.0109 -0.0229 0.0053 -0.000000 -0.000238 100 390 -1.5 -1.53099 -1.53842 0 -1.5 0.0691589 -0.00905423 0 -0.00905423 -0.00905423 
12.966 2 1 2 0 -0.0520 -0.0290 -0.0237 0.0053 -0.000000 -0.004006 100 400 -1.5 -1.53179 -1.54151 0 -1.5 0.0747122 -0.00474716 0 -0.00474716 -0.00474716 
13.006 2 1 2 0 -0.0097 -0.0097 -0.0237 0.0053 -0.000000 0.002144 100 400 -1.5 -1.53179 -1.5362 0 -1.5 0.0651678 -0.00799963 0 -0.00799963 -0.00799963 
13.046 2 1 2 0 -0.0049 -0.0049 -0.0237 0.0053 -0.000000 0.001110 100 400 -1.5 -1.53179 -1.53383 0 -1.5 0.0608866 -0.00871558 0 -0.00871558 -0.00871558 
13.086 2 1 2 0 -0.0033 -0.0033 -0.0237 0.0053 -0.000000 0.002169 100 400 -1.5 -1.53179 -1.53276 0 -1.5 0.058964 -0.00830955 0 -0.00830955 -0.00830955 
13.126 2 1 2 0 0.0027 0.0031 -0.0233 0.0053 -0.000000 0.003687 100 400 -1.5 -1.53139 -1.52909 0 -1.5 0.0523533 -0.0103089 0 -0.0103089 -0.0103089 
13.166 2 1 2 0 0.0140 0.0143 -0.0227 0.0053 0.002591 0.003081 100 430 -1.5 -1.53079 -1.52599 0 -1.5 0.0467743 -0.0118855 0 -0.0118855 -0.0118855 
13.206 2 1 2 0 0.0222 0.0309 -0.0217 0.0053 -0.000000 0.000864 100 400 -1.5 -1.52978 -1.52132 0 -1.5 0.0383766 -0.0149642 0 -0.0149642 -0.0149642 
13.246 2 1 2 0 0.0229 0.0189 -0.0205 0.0053 0.005182 -0.006341 100 430 -1.5 -1.52858 -1.51763 0 -1.5 0.0317333 -0.0172754 0 -0.0172754 -0.0172754 
13.286 2 1 2 0 0.0259 0.0313 -0.0187 0.0053 0.002591 -0.011115 100 430 -1.5 -1.52677 -1.51148 0 -1.5 0.020656 -0.0219319 0 -0.0219319 -0.0219319 
13.326 2 1 2 0 0.0734 0.0260 -0.0169 0.0053 -0.000000 -0.019357 100 400 -1.5 -1.52496 -1.5076 0 -1.5 0.0136848 -0.024635 0 -0.024635 -0.024635 
13.366 2 1 2 0 0.0234 0.0654 -0.0151 0.0053 0.007773 -0.027659 100 420 -1.5 -1.52315 -1.50474 0 -1.5 0.0085247 -0.0265027 0 -0.0265027 -0.0265027 
13.406 2 1 2 0 0.0296 0.0498 -0.0137 0.0053 0.005182 -0.029737 100 430 -1.5 -1.52175 -1.50521 0 -1.5 0.00938129 -0.0253889 0 -0.0253889 -0.0253889 
13.446 2 1 2 0 0.0088 0.0086 -0.0135 0.0053 0.002591 -0.028684 100 420 -1.5 -1.52155 -1.51263 0 -1.5 0.0227348 -0.0179383 0 -0.0179383 -0.0179383 
13.486 2 1 2 0 0.0159 0.0130 -0.0129 0.0053 0.005182 -0.027555 100 430 -1.5 -1.52095 -1.51409 0 -1.5 0.0253561 -0.0158373 0 -0.0158373 -0.0158373 
13.526 2 1 2 0 0.0176 0.0083 -0.0123 0.0053 0.002591 -0.025223 100 430 -1.5 -1.52034 -1.51376 0 -1.5 0.0247639 -0.0153272 0 -0.0153272 -0.0153272 
13.566 2 1 2 0 0.0078 0.0066 -0.0123 0.0053 0.002591 -0.022988 100 420 -1.5 -1.52034 -1.51743 0 -1.5 0.031366 -0.0111952 0 -0.0111952 -0.0111952 
13.606 2 1 2 0 0.0044 0.0040 -0.0123 0.0053 0.002591 -0.020928 100 440 -1.5 -1.52034 -1.51908 0 -1.5 0.0343357 -0.00885094 0 -0.00885094 -0.00885094 
13.646 2 1 2 0 0.0030 0.0028 -0.0123 0.0053 0.002591 -0.019230 100 420 -1.5 -1.52034 -1.51982 0 -1.5 0.0356747 -0.00731886 0 -0.00731886 -0.00731886 
13.686 2 1 2 0 0.0023 0.0022 -0.0123 0.0053 0.002591 -0.018380 100 420 -1.5 -1.52034 -1.52015 0 -1.5 0.0362686 -0.00616725 0 -0.00616725 -0.00616725 
13.726 2 1 2 0 0.0019 0.0018 -0.0123 0.0053 0.002591 -0.018034 100 420 -1.5 -1.52034 -1.5203 0 -1.5 0.0365398 -0.00518987 0 -0.00518987 -0.00518987 
13.766 2 1 2 0 0.0016 0.0015 -0.0123 0.0053 0.002591 -0.018347 100 420 -1.5 -1.52034 -1.52037 0 -1.5 0.0366737 -0.00429599 0 -0.00429599 -0.00429599 
13.806 2 1 2 0 0.0014 0.0013 -0.0123 0.0053 0.002591 -0.019161 100 420 -1.5 -1.52034 -1.52037 0 -1.5 0.0366737 -0.00348475 0 -0.00348475 -0.00348475 
13.846 2 1 2 0 0.0012 0.0012 -0.0123 0.0053 0.002591 -0.020601 100 420 -1.5 -1.52034 -1.52037 0 -1.5 0.0366737 -0.00268956 0 -0.00268956 -0.00268956 
13.886 2 1 2 0 0.0011 -0.0374 -0.0127 0.0053 -0.002591 -0.022763 100 420 -1.5 -1.52074 -1.52395 0 -1.5 0.0431059 0.00131739 0 0.00131739 0.00131739 
13.926 2 1 2 0 -0.0183 -0.0118 -0.0133 0.0053 -0.000000 -0.023700 100 400 -1.5 -1.52135 -1.52645 0 -1.5 0.0476017 0.0044212 0 0.0044212 0.0044212 
13.966 2 1 2 0 -0.0096 -0.0247 -0.0139 0.0053 -0.002591 -0.019126 100 430 -1.5 -1.52195 -1.52789 0 -1.5 0.0501955 0.00659178 0 0.00659178 0.00659178 
14.006 2 1 1 0 -0.0367 -0.0786 -0.0147 0.0053 -0.002591 -0.018202 100 420 1.5 0 13.5599 0 1.5 -21.7078 -10.8743 0 -10.8743 -1 
14.046 2 1 1 0 0.0251 0.0262 -0.0139 0.0053 -0.002591 -0.022806 100 420 1.5 0.000803247 6.09923 0 1.5 -8.27862 -4.29872 0 -4.29872 -1 
14.086 2 1 1 0 0.0977 0.0899 -0.0105 0.0053 -0.000000 -0.055806 100 430 1.5 0.00421705 2.76601 0 1.5 -2.27881 -1.34388 0 -1.34388 -1 
14.126 2 1 1 0 0.0415 0.0827 -0.0075 0.0053 0.002591 -0.104267 100 440 1.5 0.00722923 1.26581 0 1.5 0.421539 0.00292672 0 0.00292672 0.00292672 
14.166 2 1 1 0 -0.0157 -0.0412 -0.0069 0.0053 -0.000000 -0.125920 100 400 1.5 0.00783166 0.575026 0 1.5 1.66495 0.639837 0 0.639837 0.639837 
14.206 2 1 1 0 -0.1959 -0.1685 -0.0113 0.0053 -0.000000 -0.115351 100 440 1.5 0.0034138 0.228271 0 1.5 2.28911 0.975622 0 0.975622 0.975622 
14.246 2 1 1 0 -0.3044 -0.2998 -0.0213 0.0053 -0.005182 -0.060376 100 440 1.5 -0.0066268 0.0301291 0 1.5 2.64577 1.18187 0 1.18187 1 
14.286 2 1 1 0 -0.3354 -0.3094 -0.0342 0.0054 -0.005182 0.019998 100 440 1.5 -0.0194787 -0.0831258 0 1.5 2.84963 1.3139 0 1.3139 1 
14.326 2 1 1 0 -0.3236 -0.2635 -0.0468 0.0055 -0.002591 0.106523 100 440 1.5 -0.0321299 -0.137774 0 1.5 2.94799 1.39408 0 1.39408 1 
14.366 2 1 1 0 -0.2476 -0.2302 -0.0575 0.0055 -0.005182 0.173476 100 440 1.5 -0.0427729 -0.154563 0 1.5 2.97821 1.44017 0 1.44017 1 
14.406 2 1 1 0 -0.1756 -0.1405 -0.0649 0.0055 -0.002591 0.223904 100 430 1.5 -0.050203 -0.144746 0 1.5 2.96054 1.46174 0 1.46174 1 
14.446 2 1 1 0 -0.0598 -0.0686 -0.0691 0.0055 -0.000000 0.259733 100 440 1.5 -0.0544201 -0.121807 0 1.5 2.91925 1.47058 0 1.47058 1 
14.486 2 1 1 0 0.0361 0.0197 -0.0691 0.0055 -0.000000 0.284836 100 400 1.5 -0.0544201 -0.084152 0 1.5 2.85147 1.46501 0 1.46501 1 
14.526 2 1 1 0 0.1257 0.1684 -0.0653 0.0055 0.002591 0.301492 100 430 1.5 -0.0506046 -0.038546 0 1.5 2.76938 1.45103 0 1.45103 1 
14.566 2 1 1 0 0.2601 0.2496 -0.0567 0.0055 -0.000000 0.303933 100 440 1.5 -0.0419697 0.0186817 0 1.5 2.66637 1.42512 0 1.42512 1 
14.606 2 1 1 0 0.3950 0.3566 -0.0432 0.0056 0.002591 0.291236 100 440 1.5 -0.0285153 0.0835849 0 1.5 2.54955 1.3907 0 1.3907 1 
14.646 2 1 1 0 0.5320 0.4452 -0.0255 0.0056 0.002591 0.271466 100 440 1.5 -0.0108439 0.150322 0 1.5 2.42942 1.35297 0 1.35297 1 
14.686 2 1 1 0 0.5355 0.5245 -0.0045 0.0056 -0.000000 0.245809 100 420 1.5 0.0102414 0.2141 0 1.5 2.31462 1.3163 0 1.3163 1 
14.726 2 1 1 0 0.6616 0.6234 0.0196 0.0056 0.005182 0.222682 100 450 1.5 0.0343388 0.275854 0 1.5 2.20346 1.27991 0 1.27991 1 
14.766 2 1 1 0 0.7109 0.6402 0.0459 0.0057 0.002591 0.200141 100 450 1.5 0.0606452 0.332903 0 1.5 2.10077 1.24633 0 1.24633 1 
14.806 2 1 1 0 0.7629 0.7728 0.0747 0.0059 0.005182 0.179372 100 440 1.5 0.0893613 0.3908 0 1.5 1.99656 1.21064 0 1.21064 1 
14.846 2 1 1 0 0.8078 0.7985 0.1056 0.0060 0.005182 0.162111 100 440 1.5 0.120286 0.448634 0 1.5 1.89246 1.17365 0 1.17365 1 
14.886 2 1 1 0 0.7759 0.7901 0.1381 0.0062 0.005182 0.145021 100 440 1.5 0.152818 0.502643 0 1.5 1.79524 1.13879 0 1.13879 1 
14.926 2 1 1 0 0.8655 0.8866 0.1725 0.0063 0.002591 0.131087 100 440 1.5 0.187157 0.557811 0 1.5 1.69594 1.10164 0 1.10164 1 
14.966 2 1 1 0 0.9287 0.9365 0.2082 0.0063 0.002591 0.117916 100 450 1.5 0.222901 0.611314 0 1.5 1.59963 1.06477 0 1.06477 1 
15.006 2 1 1 0 0.9271 0.9600 0.2455 0.0064 0.002591 0.108656 100 440 1.5 0.260252 0.66691 0 1.5 1.49956 1.02484 0 1.02484 1 
15.046 2 1 1 0 0.9900 1.0260 0.2849 0.0065 0.002591 0.099200 100 450 1.5 0.299611 0.72686 0 1.5 1.39165 0.979747 0 0.979747 0.979747 
15.086 2 1 1 0 1.0932 1.0543 0.3263 0.0066 0.002591 0.085696 100 450 1.5 0.340979 0.789822 0 1.5 1.27832 0.93067 0 0.93067 0.93067 
15.126 2 1 1 0 1.1391 1.1186 0.3697 0.0066 -0.002591 0.067722 100 440 1.5 0.384355 0.854816 0 1.5 1.16133 0.878455 0 0.878455 0.878455 
15.166 2 1 1 0 1.1104 1.1362 0.4144 0.0066 -0.000000 0.049001 100 410 1.5 0.429136 0.918803 0 1.5 1.04615 0.825903 0 0.825903 0.825903 
15.207 2 1 1 0 1.1457 1.1874 0.4600 0.0066 0.002591 0.028427 100 450 1.5 0.474721 0.977829 0 1.5 0.939908 0.776622 0 0.776622 0.776622 
15.247 2 1 1 0 1.1531 1.1885 0.5074 0.0068 0.002591 0.006575 100 450 1.5 0.522113 1.0421 0 1.5 0.824223 0.72143 0 0.72143 0.72143 
15.287 2 1 1 0 1.2051 1.2222 0.5554 0.0068 -0.000000 -0.019556 100 410 1.5 0.570106 1.10131 0 1.5 0.717645 0.669641 0 0.669641 0.669641 
15.327 2 1 1 0 1.2012 1.1953 0.6032 0.0067 0.000000 -0.043122 100 420 1.5 0.617898 1.15254 0 1.5 0.625428 0.624016 0 0.624016 0.624016 
15.367 2 1 1 0 1.1806 1.2389 0.6512 0.0067 0.002591 -0.063617 100 450 1.5 0.665891 1.20302 0 1.5 0.534567 0.578144 0 0.578144 0.578144 
15.407 2 1 1 0 1.2247 1.1436 0.6994 0.0067 -0.002591 -0.086066 100 450 1.5 0.714085 1.25395 0 1.5 0.442884 0.530979 0 0.530979 0.530979 
15.447 2 1 1 0 1.1546 1.1842 0.7470 0.0066 -0.005182 -0.108533 100 450 1.5 0.761677 1.29853 0 1.5 0.362641 0.488697 0 0.488697 0.488697 
15.487 2 1 1 0 1.0866 1.2078 0.7928 0.0064 -0.005182 -0.127673 100 440 1.5 0.807461 1.33156 0 1.5 0.303199 0.456172 0 0.456172 0.456172 
15.527 2 1 1 0 1.1173 1.1299 0.8385 0.0063 -0.000000 -0.136532 100 420 1.5 0.853245 1.3719 0 1.5 0.230574 0.416458 0 0.416458 0.416458 
15.567 2 1 1 0 1.0895 1.1280 0.8829 0.0062 -0.002591 -0.150312 100 450 1.5 0.897624 1.40566 0 1.5 0.169813 0.382109 0 0.382109 0.382109 
15.607 2 1 1 0 1.0383 1.0473 0.9261 0.0061 -0.005182 -0.163671 100 450 1.5 0.940797 1.43638 0 1.5 0.114515 0.34999 0 0.34999 0.34999 
15.647 2 1 1 0 0.9766 1.0282 0.9679 0.0058 -0.005182 -0.171233 100 450 1.5 0.982565 1.46365 0 1.5 0.0654287 0.320544 0 0.320544 0.320544 
15.687 2 1 1 0 0.9500 1.0017 1.0082 0.0056 -0.002591 -0.177950 100 450 1.5 1.02293 1.48822 0 1.5 0.021195 0.293141 0 0.293141 0.293141 
15.727 2 1 1 0 0.9799 0.9686 1.0472 0.0056 -0.002591 -0.184159 100 440 1.5 1.06189 1.51132 0 1.5 -0.0203711 0.266749 0 0.266749 0.266749 
15.767 2 1 1 0 0.9394 0.8998 1.0847 0.0055 -0.005182 -0.191086 100 450 1.5 1.09944 1.53284 0 1.5 -0.0591047 0.24148 0 0.24148 0.24148 
15.807 2 1 1 0 0.9060 0.9184 1.1207 0.0053 -0.007773 -0.194677 100 440 1.5 1.13538 1.55214 0 1.5 -0.0938593 0.217973 0 0.217973 0.217973 
15.847 2 1 1 0 0.8029 0.8452 1.1548 0.0051 -0.002591 -0.199852 100 450 1.5 1.16952 1.56759 0 1.5 -0.121655 0.197759 0 0.197759 0.197759 
15.887 2 1 1 0 0.7744 0.7441 1.1869 0.0050 -0.002591 -0.200463 100 440 1.5 1.20165 1.57923 0 1.5 -0.142606 0.180866 0 0.180866 0.180866 
15.927 2 1 1 0 0.7201 0.6773 1.2169 0.0049 -0.000000 -0.198442 100 440 1.5 1.23157 1.58563 0 1.5 -0.15413 0.168634 0 0.168634 0.168634 
15.967 2 1 1 0 0.6759 0.7106 1.2452 0.0049 -0.002591 -0.196807 100 450 1.5 1.25989 1.5934 0 1.5 -0.168115 0.155169 0 0.155169 0.155169 
16.007 2 1 1 0 0.6924 0.6547 1.2721 0.0048 -0.002591 -0.194895 100 430 1.5 1.2868 1.60297 0 1.5 -0.185341 0.140074 0 0.140074 0.140074 
16.047 2 1 1 0 0.6010 0.5508 1.2966 0.0047 -0.002591 -0.194518 100 440 1.5 1.31129 1.60435 0 1.5 -0.187839 0.132367 0 0.132367 0.132367 
16.087 2 1 1 0 0.5110 0.5784 1.3191 0.0047 -0.002591 -0.191181 100 440 1.5 1.33379 1.60374 0 1.5 -0.186728 0.126576 0 0.126576 0.126576 
16.127 2 1 1 0 0.4601 0.4868 1.3398 0.0047 -0.000000 -0.183553 100 440 1.5 1.35447 1.60329 0 1.5 -0.185916 0.120783 0 0.120783 0.120783 
16.167 2 1 1 0 0.4175 0.4408 1.3580 0.0047 0.002591 -0.175482 100 440 1.5 1.37274 1.59711 0 1.5 -0.174798 0.120329 0 0.120329 0.120329 
16.207 2 1 1 0 0.3957 0.3860 1.3745 0.0047 0.002591 -0.166774 100 440 1.5 1.38921 1.5908 0 1.5 -0.163444 0.1202 0 0.1202 0.1202 
16.247 2 1 1 0 0.3165 0.3296 1.3892 0.0047 -0.000000 -0.156747 100 440 1.5 1.40387 1.58416 0 1.5 -0.151496 0.120601 0 0.120601 0.120601 
16.287 2 1 1 0 0.3196 0.3032 1.4024 0.0047 -0.000000 -0.145215 100 430 1.5 1.41712 1.5794 0 1.5 -0.14292 0.119533 0 0.119533 0.119533 
16.327 2 1 1 0 0.2827 0.2650 1.4141 0.0047 -0.000000 -0.134692 100 440 1.5 1.42877 1.57324 0 1.5 -0.131832 0.119933 0 0.119933 0.119933 
16.367 2 1 1 0 0.2392 0.2418 1.4239 0.0047 0.002591 -0.126726 100 440 1.5 1.43861 1.56354 0 1.5 -0.114376 0.123751 0 0.123751 0.123751 
16.407 2 1 1 0 0.1704 0.2037 1.4325 0.0048 -0.000000 -0.115920 100 430 1.5 1.44725 1.55617 0 1.5 -0.101109 0.125727 0 0.125727 0.125727 
16.447 2 1 1 0 0.1677 0.1500 1.4396 0.0048 0.002591 -0.105888 100 430 1.5 1.45428 1.54601 0 1.5 -0.0828232 0.130461 0 0.130461 0.130461 
16.487 2 1 1 0 0.1135 0.1303 1.4456 0.0048 0.002591 -0.096523 100 420 1.5 1.46031 1.53806 0 1.5 -0.0685066 0.133453 0 0.133453 0.133453 
16.527 2 1 1 0 0.0872 0.1199 1.4502 0.0048 -0.000000 -0.085944 100 400 1.5 1.46492 1.52799 0 1.5 -0.0503757 0.138608 0 0.138608 0.138608 
16.567 2 1 1 0 0.0718 0.0981 1.4538 0.0048 -0.000000 -0.074102 100 400 1.5 1.46854 1.51908 0 1.5 -0.0343494 0.142966 0 0.142966 0.142966 
16.607 2 1 1 0 0.0629 0.0527 1.4560 0.0048 -0.002591 -0.066469 100 430 1.5 1.47075 1.50695 0 1.5 -0.0125158 0.150488 0 0.150488 0.150488 
16.646 2 1 1 0 0.0200 0.0429 1.4572 0.0048 0.002591 -0.053410 100 430 1.5 1.47195 1.49516 0 1.5 0.00870838 0.157973 0 0.157973 0.157973 
16.686 2 1 1 0 0.0160 0.0344 1.4585 0.0048 0.002591 -0.044456 100 430 1.5 1.47316 1.49004 0 1.5 0.0179335 0.159645 0 0.159645 0.159645 
16.726 2 1 1 0 0.0102 0.0176 1.4587 0.0048 -0.000000 -0.041503 100 400 1.5 1.47336 1.48195 0 1.5 0.0324852 0.164187 0 0.164187 0.164187 
16.766 2 1 1 0 -0.0339 -0.0195 1.4579 0.0048 -0.000000 -0.041296 100 430 1.5 1.47256 1.47067 0 1.5 0.0527996 0.17182 0 0.17182 0.17182 
16.806 2 1 1 0 -0.0517 -0.0556 1.4562 0.0048 -0.000000 -0.034441 100 390 1.5 1.47095 1.45969 0 1.5 0.0725613 0.179435 0 0.179435 0.179435 
16.846 2 1 1 0 -0.0814 -0.0923 1.4534 0.0048 -0.000000 -0.023687 100 390 1.5 1.46814 1.44517 0 1.5 0.0986933 0.19051 0 0.19051 0.19051 
16.886 2 1 1 0 -0.1199 -0.1098 1.4496 0.0048 -0.002591 -0.009499 100 440 1.5 1.46432 1.42953 0 1.5 0.126851 0.202893 0 0.202893 0.202893 
16.926 2 1 1 0 -0.0947 -0.0872 1.4460 0.0048 -0.002591 0.004107 100 440 1.5 1.46071 1.4226 0 1.5 0.139312 0.207679 0 0.207679 0.207679 
