%% logfile from robot Alma (11)
% Alma (11)
%  1    time 2.007 sec
%  2  3  4  5   (mission 0), state 2, entered (thread 1, line 1), events 0x0 (bit-flags)
%  6  7 Wheel velocity [m/s] left, right: 0.0119 0.0086
%  8  9 10 11 Pose x,y,h,tilt [m,m,rad,rad]: 0.0138559 0.000210471 0.00777337 -0.0148407
% 12 13 read sensor time [us]: 100 and ctrl time 420
% 14 23 ctrl bal pos, ref=0.5, m=0.013856, m2=0.013856, uf=0, r2=0.5, ep=0.486144,up=0.486144, ui=0, u1=0.486144, u=0.486144
2.007 2 1 1 0 0.0119 0.0086 0.0139 0.0002 0.007773 -0.014841 100 420 0.5 0.013856 0.013856 0 0.5 0.486144 0.486144 0 0.486144 0.486144 
2.022 2 1 1 0 0.0082 0.0086 0.0139 0.0002 0.007773 -0.014723 100 420 0.5 0.013856 0.013856 0 0.5 0.486144 0.486144 0 0.486144 0.486144 
2.037 2 1 1 0 0.0063 0.0076 0.0139 0.0002 0.007773 -0.015413 100 410 0.5 0.013856 0.013856 0 0.5 0.486144 0.486144 0 0.486144 0.486144 
2.052 2 1 1 0 0.0051 0.0059 0.0139 0.0002 0.007773 -0.013775 100 400 0.5 0.013856 0.013856 0 0.5 0.486144 0.486144 0 0.486144 0.486144 
2.067 2 1 1 0 0.0043 -0.0057 0.0137 0.0002 0.005182 -0.011679 100 410 0.5 0.0136552 0.0136552 0 0.5 0.486345 0.486345 0 0.486345 0.486345 
2.082 2 1 1 0 -0.0039 -0.0450 0.0131 0.0002 0.002591 -0.008553 100 410 0.5 0.0130528 0.0130528 0 0.5 0.486947 0.486947 0 0.486947 0.486947 
2.097 2 1 1 0 -0.0483 -0.0339 0.0125 0.0002 0.005182 -0.005322 100 420 0.5 0.0124503 0.0124503 0 0.5 0.48755 0.48755 0 0.48755 0.48755 
2.112 2 1 1 0 -0.0249 -0.0368 0.0118 0.0002 0.002591 0.000658 100 420 0.5 0.0118479 0.0118479 0 0.5 0.488152 0.488152 0 0.488152 0.488152 
2.127 2 1 1 0 -0.0351 -0.0289 0.0114 0.0002 0.002591 0.007914 100 420 0.5 0.0114463 0.0114463 0 0.5 0.488554 0.488554 0 0.488554 0.488554 
2.142 2 1 1 0 -0.0314 -0.0752 0.0106 0.0002 -0.002591 0.014465 100 420 0.5 0.010643 0.010643 0 0.5 0.489357 0.489357 0 0.489357 0.489357 
2.157 2 1 1 0 -0.0412 -0.0429 0.0100 0.0002 0.000000 0.022329 100 380 0.5 0.0100406 0.0100406 0 0.5 0.489959 0.489959 0 0.489959 0.489959 
2.172 2 1 1 0 -0.0447 -0.0495 0.0092 0.0002 0.000000 0.028184 100 380 0.5 0.00923736 0.00923736 0 0.5 0.490763 0.490763 0 0.490763 0.490763 
2.187 2 1 1 0 -0.0368 -0.0332 0.0088 0.0002 0.000000 0.035190 100 390 0.5 0.00883573 0.00883573 0 0.5 0.491164 0.491164 0 0.491164 0.491164 
2.202 2 1 1 0 -0.0209 -0.0209 0.0084 0.0002 0.000000 0.041589 100 370 0.5 0.00843411 0.00843411 0 0.5 0.491566 0.491566 0 0.491566 0.491566 
2.217 2 1 1 0 -0.0482 -0.0528 0.0078 0.0002 -0.002591 0.047716 100 420 0.5 0.00783168 0.00783168 0 0.5 0.492168 0.492168 0 0.492168 0.492168 
2.232 2 1 1 0 -0.0172 -0.0185 0.0078 0.0002 -0.002591 0.055835 100 420 0.5 0.00783168 0.00783168 0 0.5 0.492168 0.492168 0 0.492168 0.492168 
2.247 2 1 1 0 -0.0105 -0.0109 0.0078 0.0002 -0.002591 0.063008 100 420 0.5 0.00783168 0.00783168 0 0.5 0.492168 0.492168 0 0.492168 0.492168 
2.262 2 1 1 0 -0.0075 -0.0088 0.0076 0.0002 -0.005182 0.068876 100 420 0.5 0.00763086 0.00763086 0 0.5 0.492369 0.492369 0 0.492369 0.492369 
2.277 2 1 1 0 -0.0059 -0.0088 0.0076 0.0002 -0.005182 0.074640 100 420 0.5 0.00763086 0.00763086 0 0.5 0.492369 0.492369 0 0.492369 0.492369 
2.292 2 1 1 0 -0.0048 -0.0088 0.0076 0.0002 -0.005182 0.081404 100 420 0.5 0.00763086 0.00763086 0 0.5 0.492369 0.492369 0 0.492369 0.492369 
2.307 2 1 1 0 0.0043 0.0110 0.0080 0.0002 -0.005182 0.087735 100 410 0.5 0.00803249 0.00803249 0 0.5 0.491967 0.491967 0 0.491967 0.491967 
2.322 2 1 1 0 0.0043 0.0459 0.0084 0.0002 0.000000 0.092110 100 390 0.5 0.00843411 0.00843411 0 0.5 0.491566 0.491566 0 0.491566 0.491566 
2.337 2 1 1 0 0.0387 0.0663 0.0092 0.0002 0.000000 0.095020 100 390 0.5 0.00923736 0.00923736 0 0.5 0.490763 0.490763 0 0.490763 0.490763 
2.352 2 1 1 0 0.0606 0.0559 0.0100 0.0002 0.000000 0.097880 100 390 0.5 0.0100406 0.0100406 0 0.5 0.489959 0.489959 0 0.489959 0.489959 
2.367 2 1 1 0 0.0797 0.0943 0.0114 0.0002 0.002591 0.100444 100 420 0.5 0.0114463 0.0114463 0 0.5 0.488554 0.488554 0 0.488554 0.488554 
2.382 2 1 1 0 0.0924 0.1130 0.0131 0.0002 0.002591 0.099767 100 420 0.5 0.0130528 0.0130528 0 0.5 0.486947 0.486947 0 0.486947 0.486947 
2.397 2 1 1 0 0.1075 0.1385 0.0149 0.0002 0.005182 0.098783 100 430 0.5 0.0148601 0.0148601 0 0.5 0.48514 0.48514 0 0.48514 0.48514 
2.412 2 1 1 0 0.1105 0.1626 0.0169 0.0002 0.005182 0.095813 100 430 0.5 0.0168682 0.0168682 0 0.5 0.483132 0.483132 0 0.483132 0.483132 
2.427 2 1 1 0 0.1830 0.1554 0.0191 0.0002 0.002591 0.093761 100 430 0.5 0.0190771 0.0190771 0 0.5 0.480923 0.480923 0 0.480923 0.480923 
2.442 2 1 1 0 0.1535 0.1725 0.0215 0.0003 0.007773 0.089994 100 420 0.5 0.0214869 0.0214869 0 0.5 0.478513 0.478513 0 0.478513 0.478513 
2.457 2 1 1 0 0.1300 0.2013 0.0243 0.0003 0.007773 0.085071 100 420 0.5 0.0242982 0.0242982 0 0.5 0.475702 0.475702 0 0.475702 0.475702 
2.472 2 1 1 0 0.2132 0.1813 0.0269 0.0003 0.005182 0.080933 100 430 0.5 0.0269088 0.0269088 0 0.5 0.473091 0.473091 0 0.473091 0.473091 
2.487 2 1 1 0 0.2033 0.2121 0.0301 0.0003 0.005182 0.075842 100 430 0.5 0.0301218 0.0301218 0 0.5 0.469878 0.469878 0 0.469878 0.469878 
2.502 2 1 1 0 0.2168 0.1916 0.0333 0.0003 0.005182 0.070473 100 420 0.5 0.0333348 0.0333348 0 0.5 0.466665 0.466665 0 0.466665 0.466665 
2.517 2 1 1 0 0.2298 0.2084 0.0365 0.0003 0.005182 0.067057 100 430 0.5 0.0365478 0.0365478 0 0.5 0.463452 0.463452 0 0.463452 0.463452 
2.532 2 1 1 0 0.2181 0.2209 0.0398 0.0004 0.005182 0.061875 100 420 0.5 0.0397608 0.0397608 0 0.5 0.460239 0.460239 0 0.460239 0.460239 
2.547 2 1 1 0 0.2471 0.2463 0.0434 0.0004 0.005182 0.058526 100 420 0.5 0.0433754 0.0433754 0 0.5 0.456625 0.456625 0 0.456625 0.456625 
2.562 2 1 1 0 0.2339 0.2488 0.0468 0.0004 0.007773 0.054169 100 430 0.5 0.0467892 0.0467892 0 0.5 0.453211 0.453211 0 0.453211 0.453211 
2.577 2 1 1 0 0.2753 0.2347 0.0506 0.0004 0.005182 0.050778 100 420 0.5 0.0506046 0.0506046 0 0.5 0.449395 0.449395 0 0.449395 0.449395 
2.592 2 1 1 0 0.2452 0.2382 0.0542 0.0004 0.005182 0.047547 100 420 0.5 0.0542192 0.0542192 0 0.5 0.445781 0.445781 0 0.445781 0.445781 
2.607 2 1 1 0 0.2644 0.2497 0.0578 0.0005 0.005182 0.044178 100 420 0.5 0.0578338 0.0578338 0 0.5 0.442166 0.442166 0 0.442166 0.442166 
2.622 2 1 1 0 0.2801 0.2511 0.0618 0.0005 0.005182 0.041652 100 420 0.5 0.0618501 0.0618501 0 0.5 0.43815 0.43815 0 0.43815 0.43815 
2.637 2 1 1 0 0.2733 0.2327 0.0657 0.0005 0.002591 0.038331 100 430 0.5 0.0656655 0.0656655 0 0.5 0.434335 0.434335 0 0.434335 0.434335 
2.652 2 1 1 0 0.2377 0.2436 0.0697 0.0005 0.002591 0.036751 100 420 0.5 0.0696818 0.0696818 0 0.5 0.430318 0.430318 0 0.430318 0.430318 
2.667 2 1 1 0 0.3034 0.2759 0.0737 0.0005 0.002591 0.033980 100 420 0.5 0.073698 0.073698 0 0.5 0.426302 0.426302 0 0.426302 0.426302 
2.682 2 1 1 0 0.2754 0.2419 0.0777 0.0005 0.002591 0.032649 100 420 0.5 0.0777143 0.0777143 0 0.5 0.422286 0.422286 0 0.422286 0.422286 
2.697 2 1 1 0 0.2811 0.2750 0.0817 0.0006 0.002591 0.031064 100 420 0.5 0.0817305 0.0817305 0 0.5 0.418269 0.418269 0 0.418269 0.418269 
2.712 2 1 1 0 0.2598 0.2906 0.0857 0.0006 0.002591 0.029683 100 420 0.5 0.0857468 0.0857468 0 0.5 0.414253 0.414253 0 0.414253 0.414253 
2.727 2 1 1 0 0.3035 0.2811 0.0900 0.0006 0.000000 0.028585 100 420 0.5 0.0899639 0.0899639 0 0.5 0.410036 0.410036 0 0.410036 0.410036 
2.742 2 1 1 0 0.2744 0.2850 0.0942 0.0006 0.002591 0.026769 100 410 0.5 0.0941809 0.0941809 0 0.5 0.405819 0.405819 0 0.405819 0.405819 
2.757 2 1 1 0 0.3332 0.2794 0.0984 0.0006 0.000000 0.025319 100 420 0.5 0.098398 0.098398 0 0.5 0.401602 0.401602 0 0.401602 0.401602 
2.772 2 1 1 0 0.2649 0.2823 0.1028 0.0006 0.000000 0.023591 100 400 0.5 0.102816 0.102816 0 0.5 0.397184 0.397184 0 0.397184 0.397184 
2.787 2 1 1 0 0.3414 0.2869 0.1070 0.0006 -0.002591 0.022529 100 410 0.5 0.107033 0.107033 0 0.5 0.392967 0.392967 0 0.392967 0.392967 
2.802 2 1 1 0 0.2987 0.2950 0.1114 0.0006 -0.002591 0.021892 100 420 0.5 0.111451 0.111451 0 0.5 0.388549 0.388549 0 0.388549 0.388549 
2.817 2 1 1 0 0.3109 0.2963 0.1161 0.0006 0.000000 0.021609 100 420 0.5 0.11607 0.11607 0 0.5 0.38393 0.38393 0 0.38393 0.38393 
2.832 2 1 1 0 0.3328 0.3186 0.1207 0.0006 -0.002591 0.020315 100 420 0.5 0.120688 0.120688 0 0.5 0.379312 0.379312 0 0.379312 0.379312 
2.847 2 1 1 0 0.2977 0.2705 0.1253 0.0006 0.000000 0.020075 100 390 0.5 0.125307 0.125307 0 0.5 0.374693 0.374693 0 0.374693 0.374693 
2.862 2 1 1 0 0.3384 0.3327 0.1299 0.0006 -0.002591 0.018647 100 420 0.5 0.129926 0.129926 0 0.5 0.370074 0.370074 0 0.370074 0.370074 
2.877 2 1 1 0 0.3158 0.3586 0.1347 0.0005 -0.002591 0.017108 100 420 0.5 0.134745 0.134745 0 0.5 0.365255 0.365255 0 0.365255 0.365255 
2.892 2 1 1 0 0.3265 0.3227 0.1396 0.0005 -0.002591 0.016898 100 420 0.5 0.139565 0.139565 0 0.5 0.360435 0.360435 0 0.360435 0.360435 
2.907 2 1 1 0 0.3459 0.3516 0.1444 0.0005 -0.002591 0.015692 100 420 0.5 0.144384 0.144384 0 0.5 0.355616 0.355616 0 0.355616 0.355616 
2.922 2 1 1 0 0.3008 0.3376 0.1492 0.0005 -0.002591 0.014724 100 420 0.5 0.149204 0.149204 0 0.5 0.350796 0.350796 0 0.350796 0.350796 
2.937 2 1 1 0 0.3794 0.3625 0.1544 0.0005 -0.002591 0.013872 100 420 0.5 0.154425 0.154425 0 0.5 0.345575 0.345575 0 0.345575 0.345575 
2.952 2 1 1 0 0.3563 0.3412 0.1592 0.0005 -0.002591 0.012195 100 420 0.5 0.159245 0.159245 0 0.5 0.340755 0.340755 0 0.340755 0.340755 
2.967 2 1 1 0 0.2781 0.3261 0.1643 0.0005 0.000000 0.010886 100 390 0.5 0.164265 0.164265 0 0.5 0.335735 0.335735 0 0.335735 0.335735 
2.982 2 1 1 0 0.3632 0.3528 0.1695 0.0005 0.000000 0.009302 100 390 0.5 0.169486 0.169486 0 0.5 0.330514 0.330514 0 0.330514 0.330514 
2.997 2 1 1 0 0.3531 0.3132 0.1743 0.0005 0.000000 0.008023 100 390 0.5 0.174306 0.174306 0 0.5 0.325694 0.325694 0 0.325694 0.325694 
3.012 2 1 1 0 0.3048 0.3181 0.1795 0.0005 0.000000 0.007956 100 390 0.5 0.179527 0.179527 0 0.5 0.320473 0.320473 0 0.320473 0.320473 
3.027 2 1 1 0 0.3683 0.3779 0.1847 0.0005 0.000000 0.006941 100 390 0.5 0.184748 0.184748 0 0.5 0.315252 0.315252 0 0.315252 0.315252 
3.042 2 1 1 0 0.3663 0.3309 0.1898 0.0005 0.002591 0.005125 100 430 0.5 0.189768 0.189768 0 0.5 0.310232 0.310232 0 0.310232 0.310232 
3.057 2 1 1 0 0.3145 0.3728 0.1954 0.0005 0.002591 0.004674 100 420 0.5 0.195391 0.195391 0 0.5 0.304609 0.304609 0 0.304609 0.304609 
3.072 2 1 1 0 0.3630 0.3435 0.2006 0.0005 0.002591 0.003293 100 410 0.5 0.200612 0.200612 0 0.5 0.299388 0.299388 0 0.299388 0.299388 
3.087 2 1 1 0 0.3757 0.3578 0.2058 0.0006 0.002591 0.001386 100 430 0.5 0.205834 0.205834 0 0.5 0.294167 0.294167 0 0.294167 0.294167 
3.102 2 1 1 0 0.3286 0.4107 0.2115 0.0006 0.002591 0.000261 100 420 0.5 0.211456 0.211456 0 0.5 0.288544 0.288544 0 0.288544 0.288544 
3.117 2 1 1 0 0.3543 0.3742 0.2167 0.0006 0.002591 -0.000737 100 430 0.5 0.216678 0.216678 0 0.5 0.283323 0.283323 0 0.283323 0.283323 
3.132 2 1 1 0 0.3519 0.3370 0.2223 0.0006 0.002591 -0.002153 100 420 0.5 0.2223 0.2223 0 0.5 0.2777 0.2777 0 0.2777 0.2777 
3.147 2 1 1 0 0.3683 0.3620 0.2279 0.0006 0.002591 -0.003446 100 420 0.5 0.227923 0.227923 0 0.5 0.272077 0.272077 0 0.272077 0.272077 
3.162 2 1 1 0 0.3837 0.3651 0.2333 0.0006 0.000000 -0.004323 100 390 0.5 0.233345 0.233345 0 0.5 0.266655 0.266655 0 0.266655 0.266655 
3.177 2 1 1 0 0.3975 0.3705 0.2388 0.0006 0.002591 -0.006109 100 410 0.5 0.238767 0.238767 0 0.5 0.261233 0.261233 0 0.261233 0.261233 
3.192 2 1 1 0 0.3625 0.3664 0.2444 0.0006 0.002591 -0.008335 100 420 0.5 0.24439 0.24439 0 0.5 0.25561 0.25561 0 0.25561 0.25561 
3.207 2 1 1 0 0.3724 0.3481 0.2498 0.0007 0.000000 -0.008647 100 390 0.5 0.249812 0.249812 0 0.5 0.250188 0.250188 0 0.250188 0.250188 
3.222 2 1 1 0 0.3598 0.3788 0.2554 0.0007 0.000000 -0.009224 100 390 0.5 0.255435 0.255435 0 0.5 0.244565 0.244565 0 0.244565 0.244565 
3.237 2 1 1 0 0.3464 0.3530 0.2607 0.0007 0.000000 -0.010595 100 390 0.5 0.260656 0.260656 0 0.5 0.239344 0.239344 0 0.239344 0.239344 
3.252 2 1 1 0 0.3728 0.4043 0.2663 0.0007 0.000000 -0.011028 100 390 0.5 0.266278 0.266278 0 0.5 0.233722 0.233722 0 0.233722 0.233722 
3.267 2 1 1 0 0.3870 0.3686 0.2719 0.0007 0.000000 -0.011471 100 390 0.5 0.271901 0.271901 0 0.5 0.228099 0.228099 0 0.228099 0.228099 
3.282 2 1 1 0 0.3740 0.3810 0.2775 0.0007 0.000000 -0.012888 100 390 0.5 0.277523 0.277523 0 0.5 0.222477 0.222477 0 0.222477 0.222477 
3.297 2 1 1 0 0.3745 0.3656 0.2829 0.0007 0.002591 -0.014044 100 430 0.5 0.282945 0.282945 0 0.5 0.217055 0.217055 0 0.217055 0.217055 
3.312 2 1 1 0 0.3690 0.3484 0.2886 0.0007 -0.002591 -0.014240 100 410 0.5 0.288568 0.288568 0 0.5 0.211432 0.211432 0 0.211432 0.211432 
3.327 2 1 1 0 0.3914 0.3835 0.2942 0.0007 -0.002591 -0.014696 100 420 0.5 0.294191 0.294191 0 0.5 0.205809 0.205809 0 0.205809 0.205809 
3.342 2 1 1 0 0.3716 0.3555 0.2994 0.0006 -0.002591 -0.014805 100 420 0.5 0.299412 0.299412 0 0.5 0.200588 0.200588 0 0.200588 0.200588 
3.357 2 1 1 0 0.3771 0.3919 0.3052 0.0006 -0.005182 -0.015011 100 420 0.5 0.305235 0.305235 0 0.5 0.194765 0.194765 0 0.194765 0.194765 
3.372 2 1 1 0 0.3617 0.3693 0.3107 0.0006 -0.002591 -0.014985 100 420 0.5 0.310657 0.310657 0 0.5 0.189343 0.189343 0 0.189343 0.189343 
3.387 2 1 1 0 0.3737 0.3690 0.3163 0.0006 -0.002591 -0.015952 100 430 0.5 0.316279 0.316279 0 0.5 0.183721 0.183721 0 0.183721 0.183721 
3.402 2 1 1 0 0.3698 0.3654 0.3217 0.0006 -0.005182 -0.015517 100 420 0.5 0.321701 0.321701 0 0.5 0.178299 0.178299 0 0.178299 0.178299 
3.417 2 1 1 0 0.3584 0.3534 0.3269 0.0005 -0.005182 -0.015410 100 420 0.5 0.326922 0.326922 0 0.5 0.173078 0.173078 0 0.173078 0.173078 
3.432 2 1 1 0 0.3809 0.3714 0.3325 0.0005 -0.005182 -0.015139 100 410 0.5 0.332545 0.332545 0 0.5 0.167455 0.167455 0 0.167455 0.167455 
3.447 2 1 1 0 0.3623 0.3547 0.3380 0.0005 -0.002591 -0.015391 100 420 0.5 0.337967 0.337967 0 0.5 0.162033 0.162033 0 0.162033 0.162033 
3.462 2 1 1 0 0.3561 0.3679 0.3434 0.0005 -0.005182 -0.014919 100 420 0.5 0.343388 0.343388 0 0.5 0.156612 0.156612 0 0.156612 0.156612 
3.477 2 1 1 0 0.3713 0.3837 0.3488 0.0005 -0.002591 -0.015009 90 420 0.5 0.34881 0.34881 0 0.5 0.15119 0.15119 0 0.15119 0.15119 
3.492 2 1 1 0 0.3716 0.4016 0.3540 0.0004 -0.002591 -0.015288 100 420 0.5 0.354031 0.354031 0 0.5 0.145969 0.145969 0 0.145969 0.145969 
3.507 2 1 1 0 0.3416 0.3699 0.3594 0.0004 0.000000 -0.015202 100 410 0.5 0.359453 0.359453 0 0.5 0.140547 0.140547 0 0.140547 0.140547 
3.522 2 1 1 0 0.3444 0.3628 0.3651 0.0004 0.000000 -0.013765 100 390 0.5 0.365076 0.365076 0 0.5 0.134924 0.134924 0 0.134924 0.134924 
3.537 2 1 1 0 0.3868 0.3414 0.3703 0.0004 0.000000 -0.014203 100 390 0.5 0.370297 0.370297 0 0.5 0.129703 0.129703 0 0.129703 0.129703 
3.552 2 1 1 0 0.3885 0.3261 0.3757 0.0004 0.002591 -0.015037 100 430 0.5 0.375719 0.375719 0 0.5 0.124281 0.124281 0 0.124281 0.124281 
3.567 2 1 1 0 0.3159 0.3789 0.3813 0.0004 0.002591 -0.014602 100 420 0.5 0.381341 0.381341 0 0.5 0.118659 0.118659 0 0.118659 0.118659 
3.582 2 1 1 0 0.3755 0.3692 0.3870 0.0005 0.002591 -0.016469 100 420 0.5 0.386964 0.386964 0 0.5 0.113036 0.113036 0 0.113036 0.113036 
3.597 2 1 1 0 0.3714 0.4078 0.3922 0.0005 0.002591 -0.017248 100 430 0.5 0.392185 0.392185 0 0.5 0.107815 0.107815 0 0.107815 0.107815 
3.612 2 1 1 0 0.3306 0.3509 0.3976 0.0005 0.005182 -0.017507 100 430 0.5 0.397607 0.397607 0 0.5 0.102393 0.102393 0 0.102393 0.102393 
3.627 2 1 1 0 0.3696 0.3437 0.4030 0.0005 0.002591 -0.018604 100 390 0.5 0.403028 0.403028 0 0.5 0.0969715 0.0969715 0 0.0969715 0.0969715 
3.642 2 1 1 0 0.3597 0.3374 0.4084 0.0005 0.005182 -0.018548 100 430 0.5 0.40845 0.40845 0 0.5 0.0915497 0.0915497 0 0.0915497 0.0915497 
3.657 2 1 1 0 0.3447 0.3843 0.4139 0.0005 0.002591 -0.019455 100 420 0.5 0.413872 0.413872 0 0.5 0.0861279 0.0861279 0 0.0861279 0.0861279 
3.672 2 1 1 0 0.3749 0.3263 0.4193 0.0005 0.000000 -0.020673 100 400 0.5 0.419294 0.419294 0 0.5 0.0807061 0.0807061 0 0.0807061 0.0807061 
3.687 2 1 1 0 0.3830 0.3422 0.4247 0.0005 0.002591 -0.020693 100 420 0.5 0.424716 0.424716 0 0.5 0.0752842 0.0752842 0 0.0752842 0.0752842 
3.702 2 1 1 0 0.3493 0.3257 0.4301 0.0006 0.000000 -0.020598 100 390 0.5 0.430138 0.430138 0 0.5 0.0698624 0.0698624 0 0.0698624 0.0698624 
3.717 2 1 1 0 0.3750 0.3852 0.4354 0.0006 0.000000 -0.019685 100 390 0.5 0.435359 0.435359 0 0.5 0.0646414 0.0646414 0 0.0646414 0.0646414 
3.732 2 1 1 0 0.3744 0.3419 0.4410 0.0006 0.000000 -0.018900 100 390 0.5 0.440981 0.440981 0 0.5 0.0590188 0.0590188 0 0.0590188 0.0590188 
3.747 2 1 1 0 0.3021 0.3639 0.4462 0.0006 0.000000 -0.019385 100 390 0.5 0.446202 0.446202 0 0.5 0.0537978 0.0537978 0 0.0537978 0.0537978 
3.762 2 1 1 0 0.3631 0.3400 0.4516 0.0006 -0.002591 -0.019182 100 420 0.5 0.451624 0.451624 0 0.5 0.048376 0.048376 0 0.048376 0.048376 
3.777 2 1 1 0 0.3769 0.3376 0.4570 0.0005 0.000000 -0.018231 100 420 0.5 0.457046 0.457046 0 0.5 0.0429541 0.0429541 0 0.0429541 0.0429541 
3.792 2 1 1 0 0.3461 0.3902 0.4623 0.0005 0.000000 -0.019819 100 380 0.5 0.462267 0.462267 0 0.5 0.0377331 0.0377331 0 0.0377331 0.0377331 
3.807 2 1 1 0 0.3725 0.3587 0.4677 0.0005 -0.002591 -0.020350 100 430 0.5 0.467689 0.467689 0 0.5 0.0323113 0.0323113 0 0.0323113 0.0323113 
3.822 2 1 1 0 0.3671 0.3536 0.4731 0.0005 0.000000 -0.019533 100 380 0.5 0.47311 0.47311 0 0.5 0.0268895 0.0268895 0 0.0268895 0.0268895 
3.837 2 1 1 0 0.3652 0.3962 0.4785 0.0005 -0.002591 -0.019245 100 420 0.5 0.478532 0.478532 0 0.5 0.0214677 0.0214677 0 0.0214677 0.0214677 
3.852 2 1 1 0 0.3573 0.3682 0.4837 0.0005 -0.002591 -0.019885 100 430 0.5 0.483753 0.483753 0 0.5 0.0162467 0.0162467 0 0.0162467 0.0162467 
3.867 2 1 1 0 0.3568 0.3956 0.4890 0.0005 -0.002591 -0.020648 100 420 0.5 0.488974 0.488974 0 0.5 0.0110257 0.0110257 0 0.0110257 0.0110257 
3.882 2 1 1 0 0.3640 0.3573 0.4946 0.0005 -0.002591 -0.020259 100 420 0.5 0.494597 0.494597 0 0.5 0.00540304 0.00540304 0 0.00540304 0.00540304 
3.897 2 1 1 0 0.3369 0.3258 0.4998 0.0005 -0.002591 -0.020161 100 420 0.5 0.499818 0.499818 0 0.5 0.000182033 0.000182033 0 0.000182033 0.000182033 
3.912 2 1 1 0 0.3560 0.3522 0.5050 0.0005 -0.002591 -0.020569 100 410 0.5 0.505039 0.505039 0 0.5 -0.00503898 -0.00503898 0 -0.00503898 -0.00503898 
3.927 2 1 1 0 0.3948 0.3721 0.5103 0.0005 -0.002591 -0.019611 100 420 0.5 0.51026 0.51026 0 0.5 -0.01026 -0.01026 0 -0.01026 -0.01026 
3.942 2 1 1 0 0.3362 0.3646 0.5157 0.0004 -0.005182 -0.018680 100 420 0.5 0.515682 0.515682 0 0.5 -0.0156818 -0.0156818 0 -0.0156818 -0.0156818 
3.957 2 1 1 0 0.3375 0.3850 0.5209 0.0004 -0.005182 -0.018224 100 420 0.5 0.520903 0.520903 0 0.5 -0.0209028 -0.0209028 0 -0.0209028 -0.0209028 
3.972 2 1 1 0 0.3547 0.3716 0.5259 0.0004 -0.002591 -0.019241 100 430 0.5 0.525923 0.525923 0 0.5 -0.025923 -0.025923 0 -0.025923 -0.025923 
3.987 2 1 1 0 0.3521 0.3388 0.5313 0.0004 -0.005182 -0.018722 100 420 0.5 0.531345 0.531345 0 0.5 -0.0313448 -0.0313448 0 -0.0313448 -0.0313448 
4.002 2 1 1 0 0.3311 0.3642 0.5364 0.0004 -0.002591 -0.018709 100 430 0.5 0.536365 0.536365 0 0.5 -0.036365 -0.036365 0 -0.036365 -0.036365 
4.017 2 1 1 0 0.3814 0.3548 0.5416 0.0004 -0.002591 -0.019139 100 420 0.5 0.541586 0.541586 0 0.5 -0.041586 -0.041586 0 -0.041586 -0.041586 
4.032 2 1 1 0 0.3044 0.3995 0.5466 0.0003 0.000000 -0.019013 100 390 0.5 0.546606 0.546606 0 0.5 -0.0466062 -0.0466062 0 -0.0466062 -0.0466062 
4.047 2 1 1 0 0.3402 0.3177 0.5518 0.0003 0.000000 -0.017910 100 430 0.5 0.551827 0.551827 0 0.5 -0.0518273 -0.0518273 0 -0.0518273 -0.0518273 
4.062 2 1 1 0 0.3481 0.3551 0.5570 0.0003 0.000000 -0.019173 100 400 0.5 0.557048 0.557048 0 0.5 -0.0570483 -0.0570483 0 -0.0570483 -0.0570483 
4.077 2 1 1 0 0.2653 0.3652 0.5621 0.0003 0.002591 -0.019379 100 420 0.5 0.562068 0.562068 0 0.5 -0.0620685 -0.0620685 0 -0.0620685 -0.0620685 
4.092 2 1 1 0 0.3446 0.3232 0.5671 0.0004 0.000000 -0.018459 100 420 0.5 0.567089 0.567089 0 0.5 -0.0670887 -0.0670887 0 -0.0670887 -0.0670887 
4.107 2 1 1 0 0.3527 0.3341 0.5721 0.0004 0.002591 -0.019159 100 430 0.5 0.572109 0.572109 0 0.5 -0.0721089 -0.0721089 0 -0.0721089 -0.0721089 
4.122 2 1 1 0 0.3008 0.3303 0.5773 0.0004 0.002591 -0.018894 100 420 0.5 0.57733 0.57733 0 0.5 -0.0773299 -0.0773299 0 -0.0773299 -0.0773299 
4.137 2 1 1 0 0.3432 0.3170 0.5823 0.0004 0.000000 -0.017882 100 430 0.5 0.58235 0.58235 0 0.5 -0.0823501 -0.0823501 0 -0.0823501 -0.0823501 
4.152 2 1 1 0 0.3473 0.3462 0.5874 0.0004 0.002591 -0.018684 100 420 0.5 0.58737 0.58737 0 0.5 -0.0873703 -0.0873703 0 -0.0873703 -0.0873703 
4.167 2 1 1 0 0.3285 0.3097 0.5926 0.0004 0.002591 -0.018200 100 430 0.5 0.592591 0.592591 0 0.5 -0.0925913 -0.0925913 0 -0.0925913 -0.0925913 
4.182 2 1 1 0 0.3414 0.3655 0.5974 0.0004 0.002591 -0.018420 100 420 0.5 0.597411 0.597411 0 0.5 -0.0974107 -0.0974107 0 -0.0974107 -0.0974107 
4.197 2 1 1 0 0.3387 0.3411 0.6024 0.0004 0.000000 -0.018525 100 420 0.5 0.602431 0.602431 0 0.5 -0.102431 -0.102431 0 -0.102431 -0.102431 
4.212 2 1 1 0 0.3141 0.3294 0.6074 0.0004 0.002591 -0.018167 100 420 0.5 0.607451 0.607451 0 0.5 -0.107451 -0.107451 0 -0.107451 -0.107451 
4.227 2 1 1 0 0.3268 0.3431 0.6125 0.0004 0.000000 -0.018310 90 390 0.5 0.612471 0.612471 0 0.5 -0.112471 -0.112471 0 -0.112471 -0.112471 
4.242 2 1 1 0 0.3457 0.3086 0.6175 0.0004 0.002591 -0.018146 100 430 0.5 0.617491 0.617491 0 0.5 -0.117491 -0.117491 0 -0.117491 -0.117491 
4.257 2 1 1 0 0.3128 0.3254 0.6225 0.0005 0.000000 -0.017381 100 390 0.5 0.622512 0.622512 0 0.5 -0.122512 -0.122512 0 -0.122512 -0.122512 
4.272 2 1 1 0 0.3431 0.3133 0.6273 0.0005 0.000000 -0.018002 100 380 0.5 0.627331 0.627331 0 0.5 -0.127331 -0.127331 0 -0.127331 -0.127331 
4.287 2 1 1 0 0.3069 0.3236 0.6321 0.0005 0.000000 -0.018432 100 380 0.5 0.63215 0.63215 0 0.5 -0.13215 -0.13215 0 -0.13215 -0.13215 
4.302 2 1 1 0 0.3414 0.3044 0.6370 0.0005 0.000000 -0.018283 100 390 0.5 0.63697 0.63697 0 0.5 -0.13697 -0.13697 0 -0.13697 -0.13697 
4.317 2 1 1 0 0.3403 0.3020 0.6418 0.0005 0.000000 -0.017356 100 390 0.5 0.641789 0.641789 0 0.5 -0.141789 -0.141789 0 -0.141789 -0.141789 
4.332 2 1 1 0 0.3094 0.3098 0.6466 0.0005 0.000000 -0.017891 100 380 0.5 0.646609 0.646609 0 0.5 -0.146609 -0.146609 0 -0.146609 -0.146609 
4.347 2 1 1 0 0.3275 0.3226 0.6514 0.0005 0.000000 -0.017812 100 390 0.5 0.651428 0.651428 0 0.5 -0.151428 -0.151428 0 -0.151428 -0.151428 
4.362 2 1 1 0 0.3270 0.2840 0.6562 0.0005 0.000000 -0.017341 100 390 0.5 0.656247 0.656247 0 0.5 -0.156247 -0.156247 0 -0.156247 -0.156247 
4.377 2 1 1 0 0.3047 0.3104 0.6611 0.0005 0.000000 -0.016908 100 390 0.5 0.661067 0.661067 0 0.5 -0.161067 -0.161067 0 -0.161067 -0.161067 
4.392 2 1 1 0 0.2756 0.2942 0.6655 0.0005 0.000000 -0.018556 100 390 0.5 0.665485 0.665485 0 0.5 -0.165485 -0.165485 0 -0.165485 -0.165485 
4.407 2 1 1 0 0.3070 0.2797 0.6699 0.0005 0.000000 -0.019278 100 400 0.5 0.669902 0.669902 0 0.5 -0.169902 -0.169902 0 -0.169902 -0.169902 
4.422 2 1 1 0 0.3128 0.3491 0.6745 0.0005 -0.002591 -0.018056 100 420 0.5 0.674521 0.674521 0 0.5 -0.174521 -0.174521 0 -0.174521 -0.174521 
4.437 2 1 1 0 0.3280 0.3129 0.6793 0.0005 -0.002591 -0.015467 100 420 0.5 0.67934 0.67934 0 0.5 -0.17934 -0.17934 0 -0.17934 -0.17934 
4.452 2 1 1 0 0.3259 0.3364 0.6842 0.0004 -0.002591 -0.013295 100 420 0.5 0.68416 0.68416 0 0.5 -0.18416 -0.18416 0 -0.18416 -0.18416 
4.467 2 1 1 0 0.3221 0.3043 0.6888 0.0004 -0.005182 -0.012442 100 420 0.5 0.688778 0.688778 0 0.5 -0.188778 -0.188778 0 -0.188778 -0.188778 
4.482 2 1 1 0 0.2828 0.2889 0.6934 0.0004 -0.002591 -0.013199 100 420 0.5 0.693397 0.693397 0 0.5 -0.193397 -0.193397 0 -0.193397 -0.193397 
4.497 2 1 1 0 0.2943 0.3026 0.6980 0.0004 -0.005182 -0.013628 100 430 0.5 0.698016 0.698016 0 0.5 -0.198016 -0.198016 0 -0.198016 -0.198016 
4.512 2 1 1 0 0.3002 0.2944 0.7026 0.0004 -0.002591 -0.013338 100 430 0.5 0.702634 0.702634 0 0.5 -0.202634 -0.202634 0 -0.202634 -0.202634 
4.527 2 1 1 0 0.2995 0.3003 0.7074 0.0004 -0.002591 -0.012062 100 420 0.5 0.707453 0.707453 0 0.5 -0.207453 -0.207453 0 -0.207453 -0.207453 
4.542 2 1 1 0 0.3009 0.2899 0.7117 0.0004 0.000000 -0.012793 100 390 0.5 0.71167 0.71167 0 0.5 -0.21167 -0.21167 0 -0.21167 -0.21167 
4.557 2 1 1 0 0.3085 0.3230 0.7163 0.0003 -0.002591 -0.011548 100 420 0.5 0.716289 0.716289 0 0.5 -0.216289 -0.216289 0 -0.216289 -0.216289 
4.572 2 1 1 0 0.2769 0.3005 0.7207 0.0003 -0.002591 -0.010494 100 430 0.5 0.720707 0.720707 0 0.5 -0.220707 -0.220707 0 -0.220707 -0.220707 
4.587 2 1 1 0 0.2895 0.2843 0.7253 0.0003 0.000000 -0.010670 100 390 0.5 0.725325 0.725325 0 0.5 -0.225325 -0.225325 0 -0.225325 -0.225325 
4.602 2 1 1 0 0.2966 0.2923 0.7297 0.0003 0.000000 -0.009271 100 420 0.5 0.729743 0.729743 0 0.5 -0.229743 -0.229743 0 -0.229743 -0.229743 
4.617 2 1 1 0 0.3043 0.2958 0.7342 0.0003 0.000000 -0.009386 100 390 0.5 0.734161 0.734161 0 0.5 -0.234161 -0.234161 0 -0.234161 -0.234161 
4.632 2 1 1 0 0.2626 0.2966 0.7386 0.0003 0.000000 -0.008300 100 420 0.5 0.738579 0.738579 0 0.5 -0.238579 -0.238579 0 -0.238579 -0.238579 
4.647 2 1 1 0 0.3220 0.2837 0.7430 0.0003 0.000000 -0.008325 100 390 0.5 0.742997 0.742997 0 0.5 -0.242997 -0.242997 0 -0.242997 -0.242997 
4.662 2 1 1 0 0.2581 0.2994 0.7476 0.0003 0.002591 -0.008102 100 420 0.5 0.747615 0.747615 0 0.5 -0.247615 -0.247615 0 -0.247615 -0.247615 
4.677 2 1 1 0 0.3328 0.3111 0.7522 0.0003 0.000000 -0.007814 100 390 0.5 0.752234 0.752234 0 0.5 -0.252234 -0.252234 0 -0.252234 -0.252234 
4.692 2 1 1 0 0.2741 0.3023 0.7564 0.0004 0.002591 -0.008505 100 430 0.5 0.756451 0.756451 0 0.5 -0.256451 -0.256451 0 -0.256451 -0.256451 
4.707 2 1 1 0 0.3245 0.2851 0.7613 0.0004 0.002591 -0.008102 100 420 0.5 0.76127 0.76127 0 0.5 -0.26127 -0.26127 0 -0.26127 -0.26127 
4.722 2 1 1 0 0.3193 0.2963 0.7657 0.0004 0.002591 -0.009460 100 420 0.5 0.765688 0.765688 0 0.5 -0.265688 -0.265688 0 -0.265688 -0.265688 
4.737 2 1 1 0 0.2696 0.2905 0.7701 0.0004 0.002591 -0.009029 100 420 0.5 0.770106 0.770106 0 0.5 -0.270106 -0.270106 0 -0.270106 -0.270106 
4.752 2 1 1 0 0.3025 0.2927 0.7745 0.0004 0.002591 -0.009980 100 420 0.5 0.774523 0.774523 0 0.5 -0.274523 -0.274523 0 -0.274523 -0.274523 
4.767 2 1 1 0 0.2572 0.2748 0.7789 0.0004 0.002591 -0.009683 100 420 0.5 0.778941 0.778941 0 0.5 -0.278941 -0.278941 0 -0.278941 -0.278941 
4.782 2 1 1 0 0.3086 0.2828 0.7834 0.0004 0.002591 -0.009903 100 420 0.5 0.783359 0.783359 0 0.5 -0.283359 -0.283359 0 -0.283359 -0.283359 
4.797 2 1 1 0 0.2745 0.2783 0.7874 0.0004 0.002591 -0.009903 100 420 0.5 0.787375 0.787375 0 0.5 -0.287375 -0.287375 0 -0.287375 -0.287375 
4.812 2 1 1 0 0.2989 0.2986 0.7920 0.0004 0.000000 -0.009478 100 430 0.5 0.791994 0.791994 0 0.5 -0.291994 -0.291994 0 -0.291994 -0.291994 
4.827 2 1 1 0 0.2966 0.2575 0.7962 0.0005 0.002591 -0.009597 100 420 0.5 0.796211 0.796211 0 0.5 -0.296211 -0.296211 0 -0.296211 -0.296211 
4.842 2 1 1 0 0.2557 0.2841 0.8006 0.0005 0.002591 -0.009004 100 420 0.5 0.800628 0.800628 0 0.5 -0.300628 -0.300628 0 -0.300628 -0.300628 
4.857 2 1 1 0 0.2997 0.2551 0.8048 0.0005 0.000000 -0.009586 100 420 0.5 0.804845 0.804845 0 0.5 -0.304845 -0.304845 0 -0.304845 -0.304845 
4.872 2 1 1 0 0.2738 0.3262 0.8093 0.0005 0.000000 -0.008368 100 390 0.5 0.809263 0.809263 0 0.5 -0.309263 -0.309263 0 -0.309263 -0.309263 
4.887 2 1 1 0 0.3268 0.2680 0.8135 0.0005 0.002591 -0.008687 100 420 0.5 0.81348 0.81348 0 0.5 -0.31348 -0.31348 0 -0.31348 -0.31348 
4.902 2 1 1 0 0.2724 0.2725 0.8177 0.0005 0.000000 -0.007494 100 420 0.5 0.817697 0.817697 0 0.5 -0.317697 -0.317697 0 -0.317697 -0.317697 
4.917 2 1 1 0 0.3039 0.2904 0.8221 0.0005 0.000000 -0.006761 100 390 0.5 0.822115 0.822115 0 0.5 -0.322115 -0.322115 0 -0.322115 -0.322115 
4.932 2 1 1 0 0.2934 0.2592 0.8265 0.0005 0.000000 -0.006538 100 390 0.5 0.826533 0.826533 0 0.5 -0.326533 -0.326533 0 -0.326533 -0.326533 
4.947 2 1 1 0 0.3181 0.2982 0.8309 0.0005 0.000000 -0.005841 100 390 0.5 0.83095 0.83095 0 0.5 -0.33095 -0.33095 0 -0.33095 -0.33095 
4.962 2 1 1 0 0.2841 0.2590 0.8350 0.0005 0.000000 -0.006118 100 420 0.5 0.834967 0.834967 0 0.5 -0.334967 -0.334967 0 -0.334967 -0.334967 
4.977 2 1 1 0 0.2858 0.2806 0.8394 0.0005 0.000000 -0.005313 100 420 0.5 0.839384 0.839384 0 0.5 -0.339384 -0.339384 0 -0.339384 -0.339384 
4.992 2 1 1 0 0.2711 0.2938 0.8438 0.0005 0.000000 -0.006104 100 390 0.5 0.843802 0.843802 0 0.5 -0.343802 -0.343802 0 -0.343802 -0.343802 
5.007 2 1 2 0 0.3027 0.3122 0.8480 0.0005 -0.002591 -0.005370 100 420 -0.5 0.848019 0.848019 0 -0.5 -1.34802 -1.34802 0 -1.34802 -1 
5.022 2 1 2 0 0.2882 0.2826 0.8524 0.0005 -0.002591 -0.005728 100 410 -0.5 0.852437 0.852437 0 -0.5 -1.35244 -1.35244 0 -1.35244 -1 
5.037 2 1 2 0 0.2915 0.2778 0.8569 0.0005 -0.002591 -0.008271 100 410 -0.5 0.856855 0.856855 0 -0.5 -1.35685 -1.35685 0 -1.35685 -1 
5.052 2 1 2 0 0.3380 0.3206 0.8617 0.0005 -0.002591 -0.011030 100 410 -0.5 0.861674 0.861674 0 -0.5 -1.36167 -1.36167 0 -1.36167 -1 
5.067 2 1 2 0 0.3012 0.3040 0.8661 0.0004 -0.002591 -0.016013 100 410 -0.5 0.866092 0.866092 0 -0.5 -1.36609 -1.36609 0 -1.36609 -1 
5.082 2 1 2 0 0.3693 0.3362 0.8709 0.0004 -0.002591 -0.020709 100 420 -0.5 0.870911 0.870911 0 -0.5 -1.37091 -1.37091 0 -1.37091 -1 
5.097 2 1 2 0 0.3297 0.2873 0.8757 0.0004 -0.002591 -0.026191 100 420 -0.5 0.875731 0.875731 0 -0.5 -1.37573 -1.37573 0 -1.37573 -1 
5.112 2 1 2 0 0.3137 0.3183 0.8805 0.0004 -0.002591 -0.032745 100 420 -0.5 0.88055 0.88055 0 -0.5 -1.38055 -1.38055 0 -1.38055 -1 
5.127 2 1 2 0 0.3055 0.3031 0.8854 0.0004 -0.002591 -0.039140 100 420 -0.5 0.885369 0.885369 0 -0.5 -1.38537 -1.38537 0 -1.38537 -1 
5.142 2 1 2 0 0.3113 0.3099 0.8898 0.0004 -0.002591 -0.044539 100 410 -0.5 0.889787 0.889787 0 -0.5 -1.38979 -1.38979 0 -1.38979 -1 
5.157 2 1 2 0 0.3060 0.3124 0.8946 0.0004 -0.002591 -0.049684 100 410 -0.5 0.894607 0.894607 0 -0.5 -1.39461 -1.39461 0 -1.39461 -1 
5.172 2 1 2 0 0.2939 0.2805 0.8990 0.0004 -0.002591 -0.055210 100 420 -0.5 0.899024 0.899024 0 -0.5 -1.39902 -1.39902 0 -1.39902 -1 
5.187 2 1 2 0 0.2836 0.2645 0.9034 0.0004 -0.002591 -0.060614 100 420 -0.5 0.903442 0.903442 0 -0.5 -1.40344 -1.40344 0 -1.40344 -1 
5.202 2 1 2 0 0.2653 0.2753 0.9075 0.0003 -0.002591 -0.065612 100 420 -0.5 0.907458 0.907458 0 -0.5 -1.40746 -1.40746 0 -1.40746 -1 
5.217 2 1 2 0 0.2581 0.2594 0.9111 0.0003 -0.002591 -0.069740 100 420 -0.5 0.911073 0.911073 0 -0.5 -1.41107 -1.41107 0 -1.41107 -1 
5.232 2 1 2 0 0.2733 0.2769 0.9151 0.0003 -0.002591 -0.071660 100 410 -0.5 0.915089 0.915089 0 -0.5 -1.41509 -1.41509 0 -1.41509 -1 
5.247 2 1 2 0 0.2590 0.2647 0.9189 0.0003 0.000000 -0.072130 100 420 -0.5 0.918904 0.918904 0 -0.5 -1.4189 -1.4189 0 -1.4189 -1 
5.262 2 1 2 0 0.2155 0.2430 0.9227 0.0003 -0.002591 -0.072366 100 420 -0.5 0.92272 0.92272 0 -0.5 -1.42272 -1.42272 0 -1.42272 -1 
5.277 2 1 2 0 0.2216 0.1924 0.9261 0.0003 0.000000 -0.075148 100 390 -0.5 0.926133 0.926133 0 -0.5 -1.42613 -1.42613 0 -1.42613 -1 
5.292 2 1 2 0 0.2253 0.1928 0.9289 0.0003 0.000000 -0.079003 100 380 -0.5 0.928945 0.928945 0 -0.5 -1.42894 -1.42894 0 -1.42894 -1 
5.307 2 1 2 0 0.2014 0.2247 0.9320 0.0003 0.002591 -0.080037 100 420 -0.5 0.931957 0.931957 0 -0.5 -1.43196 -1.43196 0 -1.43196 -1 
5.322 2 1 2 0 0.1984 0.1868 0.9350 0.0003 0.000000 -0.078319 100 370 -0.5 0.934969 0.934969 0 -0.5 -1.43497 -1.43497 0 -1.43497 -1 
5.337 2 1 2 0 0.2061 0.1919 0.9382 0.0003 0.000000 -0.076600 100 390 -0.5 0.938182 0.938182 0 -0.5 -1.43818 -1.43818 0 -1.43818 -1 
5.352 2 1 2 0 0.1755 0.1894 0.9410 0.0003 0.000000 -0.075357 100 380 -0.5 0.940993 0.940993 0 -0.5 -1.44099 -1.44099 0 -1.44099 -1 
5.367 2 1 2 0 0.1439 0.1268 0.9430 0.0003 0.000000 -0.077847 100 380 -0.5 0.943001 0.943001 0 -0.5 -1.443 -1.443 0 -1.443 -1 
5.382 2 1 2 0 0.1614 0.1557 0.9452 0.0003 0.002591 -0.078285 100 420 -0.5 0.94521 0.94521 0 -0.5 -1.44521 -1.44521 0 -1.44521 -1 
5.397 2 1 2 0 0.1321 0.1719 0.9474 0.0003 0.000000 -0.074861 100 380 -0.5 0.947419 0.947419 0 -0.5 -1.44742 -1.44742 0 -1.44742 -1 
5.412 2 1 2 0 0.1217 0.1487 0.9498 0.0003 0.005182 -0.071863 100 420 -0.5 0.949829 0.949829 0 -0.5 -1.44983 -1.44983 0 -1.44983 -1 
5.427 2 1 2 0 0.1543 0.1210 0.9518 0.0003 0.000000 -0.071725 100 380 -0.5 0.951837 0.951837 0 -0.5 -1.45184 -1.45184 0 -1.45184 -1 
5.442 2 1 2 0 0.1036 0.1101 0.9536 0.0003 0.002591 -0.072077 100 400 -0.5 0.953644 0.953644 0 -0.5 -1.45364 -1.45364 0 -1.45364 -1 
5.457 2 1 2 0 0.1005 0.0953 0.9550 0.0003 0.000000 -0.072282 100 380 -0.5 0.95505 0.95505 0 -0.5 -1.45505 -1.45505 0 -1.45505 -1 
5.472 2 1 2 0 0.0853 0.0916 0.9565 0.0003 0.002591 -0.071141 100 420 -0.5 0.956455 0.956455 0 -0.5 -1.45646 -1.45646 0 -1.45646 -1 
5.487 2 1 2 0 0.1233 0.1120 0.9583 0.0003 0.000000 -0.066580 100 380 -0.5 0.958263 0.958263 0 -0.5 -1.45826 -1.45826 0 -1.45826 -1 
5.502 2 1 2 0 0.0967 0.1179 0.9599 0.0003 0.000000 -0.063076 100 400 -0.5 0.959869 0.959869 0 -0.5 -1.45987 -1.45987 0 -1.45987 -1 
5.517 2 1 2 0 0.0693 0.0554 0.9609 0.0003 -0.002591 -0.064404 90 420 -0.5 0.960873 0.960873 0 -0.5 -1.46087 -1.46087 0 -1.46087 -1 
5.532 2 1 2 0 0.0497 0.0470 0.9615 0.0003 0.000000 -0.065419 100 380 -0.5 0.961476 0.961476 0 -0.5 -1.46148 -1.46148 0 -1.46148 -1 
5.547 2 1 2 0 0.1050 0.0571 0.9627 0.0003 0.000000 -0.061101 100 380 -0.5 0.962681 0.962681 0 -0.5 -1.46268 -1.46268 0 -1.46268 -1 
5.562 2 1 2 0 0.0845 0.0946 0.9639 0.0003 0.000000 -0.055990 100 390 -0.5 0.963885 0.963885 0 -0.5 -1.46389 -1.46389 0 -1.46389 -1 
5.577 2 1 2 0 0.0342 0.0270 0.9643 0.0003 0.000000 -0.055874 100 380 -0.5 0.964287 0.964287 0 -0.5 -1.46429 -1.46429 0 -1.46429 -1 
5.592 2 1 2 0 0.0237 0.0224 0.9647 0.0003 0.000000 -0.055999 100 380 -0.5 0.964689 0.964689 0 -0.5 -1.46469 -1.46469 0 -1.46469 -1 
5.607 2 1 2 0 0.0649 0.0554 0.9655 0.0003 0.000000 -0.050540 100 380 -0.5 0.965492 0.965492 0 -0.5 -1.46549 -1.46549 0 -1.46549 -1 
5.622 2 1 2 0 0.0636 0.0695 0.9665 0.0003 0.002591 -0.046529 100 420 -0.5 0.966496 0.966496 0 -0.5 -1.4665 -1.4665 0 -1.4665 -1 
5.637 2 1 2 0 0.0230 0.0234 0.9667 0.0003 0.000000 -0.048140 100 370 -0.5 0.966697 0.966697 0 -0.5 -1.4667 -1.4667 0 -1.4667 -1 
5.652 2 1 2 0 0.0427 0.0131 0.9673 0.0003 -0.002591 -0.048580 100 400 -0.5 0.967299 0.967299 0 -0.5 -1.4673 -1.4673 0 -1.4673 -1 
5.667 2 1 2 0 0.0240 0.0665 0.9677 0.0003 0.002591 -0.046885 100 400 -0.5 0.967701 0.967701 0 -0.5 -1.4677 -1.4677 0 -1.4677 -1 
5.682 2 1 2 0 0.0197 0.0378 0.9681 0.0003 0.002591 -0.046415 100 400 -0.5 0.968102 0.968102 0 -0.5 -1.4681 -1.4681 0 -1.4681 -1 
5.697 2 1 2 0 0.0150 0.0166 0.9681 0.0003 0.002591 -0.045631 100 400 -0.5 0.968102 0.968102 0 -0.5 -1.4681 -1.4681 0 -1.4681 -1 
5.712 2 1 2 0 0.0096 0.0102 0.9681 0.0003 0.002591 -0.044266 100 410 -0.5 0.968102 0.968102 0 -0.5 -1.4681 -1.4681 0 -1.4681 -1 
5.727 2 1 2 0 0.0071 0.0074 0.9681 0.0003 0.002591 -0.043954 100 410 -0.5 0.968102 0.968102 0 -0.5 -1.4681 -1.4681 0 -1.4681 -1 
5.742 2 1 2 0 0.0056 0.0058 0.9681 0.0003 0.002591 -0.043466 100 400 -0.5 0.968102 0.968102 0 -0.5 -1.4681 -1.4681 0 -1.4681 -1 
5.757 2 1 2 0 0.0046 0.0048 0.9681 0.0003 0.002591 -0.043874 100 410 -0.5 0.968102 0.968102 0 -0.5 -1.4681 -1.4681 0 -1.4681 -1 
5.772 2 1 2 0 0.0039 -0.0042 0.9679 0.0003 0.000000 -0.044718 100 380 -0.5 0.967902 0.967902 0 -0.5 -1.4679 -1.4679 0 -1.4679 -1 
5.787 2 1 2 0 -0.0036 -0.0042 0.9677 0.0003 0.002591 -0.046031 100 400 -0.5 0.967701 0.967701 0 -0.5 -1.4677 -1.4677 0 -1.4677 -1 
5.802 2 1 2 0 -0.0419 -0.0308 0.9669 0.0003 0.002591 -0.045973 100 420 -0.5 0.966897 0.966897 0 -0.5 -1.4669 -1.4669 0 -1.4669 -1 
5.817 2 1 2 0 -0.0231 -0.0421 0.9667 0.0003 0.000000 -0.046305 100 370 -0.5 0.966697 0.966697 0 -0.5 -1.4667 -1.4667 0 -1.4667 -1 
5.832 2 1 2 0 -0.0130 -0.0522 0.9661 0.0003 -0.002591 -0.045402 100 400 -0.5 0.966094 0.966094 0 -0.5 -1.46609 -1.46609 0 -1.46609 -1 
5.847 2 1 2 0 -0.0436 -0.0559 0.9655 0.0003 -0.005182 -0.042527 100 420 -0.5 0.965492 0.965492 0 -0.5 -1.46549 -1.46549 0 -1.46549 -1 
5.862 2 1 2 0 -0.0409 -0.0781 0.9647 0.0003 -0.005182 -0.040438 100 410 -0.5 0.964689 0.964689 0 -0.5 -1.46469 -1.46469 0 -1.46469 -1 
5.877 2 1 2 0 -0.0534 -0.0446 0.9637 0.0003 -0.002591 -0.038055 100 410 -0.5 0.963685 0.963685 0 -0.5 -1.46368 -1.46368 0 -1.46368 -1 
5.892 2 1 2 0 -0.0866 -0.0653 0.9625 0.0003 -0.002591 -0.037124 100 420 -0.5 0.96248 0.96248 0 -0.5 -1.46248 -1.46248 0 -1.46248 -1 
5.907 2 1 2 0 -0.0596 -0.0784 0.9615 0.0003 -0.005182 -0.032237 100 400 -0.5 0.961476 0.961476 0 -0.5 -1.46148 -1.46148 0 -1.46148 -1 
5.922 2 1 2 0 -0.0719 -0.0746 0.9603 0.0003 -0.005182 -0.027539 100 420 -0.5 0.960271 0.960271 0 -0.5 -1.46027 -1.46027 0 -1.46027 -1 
5.937 2 1 2 0 -0.0968 -0.1189 0.9587 0.0004 -0.005182 -0.025909 100 430 -0.5 0.958664 0.958664 0 -0.5 -1.45866 -1.45866 0 -1.45866 -1 
5.952 2 1 2 0 -0.0865 -0.0589 0.9575 0.0004 -0.005182 -0.020812 100 410 -0.5 0.95746 0.95746 0 -0.5 -1.45746 -1.45746 0 -1.45746 -1 
5.967 2 1 2 0 -0.0922 -0.1123 0.9560 0.0004 -0.007773 -0.017388 100 420 -0.5 0.956054 0.956054 0 -0.5 -1.45605 -1.45605 0 -1.45605 -1 
5.982 2 1 2 0 -0.1185 -0.1137 0.9544 0.0004 -0.007773 -0.016323 100 420 -0.5 0.954447 0.954447 0 -0.5 -1.45445 -1.45445 0 -1.45445 -1 
5.997 2 1 2 0 -0.0713 -0.0906 0.9532 0.0004 -0.007773 -0.011423 100 420 -0.5 0.953243 0.953243 0 -0.5 -1.45324 -1.45324 0 -1.45324 -1 
6.012 2 1 2 0 -0.1123 -0.1343 0.9516 0.0004 -0.007773 -0.009633 100 400 -0.5 0.951636 0.951636 0 -0.5 -1.45164 -1.45164 0 -1.45164 -1 
6.027 2 1 2 0 -0.0804 -0.0655 0.9502 0.0004 -0.005182 -0.006694 100 420 -0.5 0.95023 0.95023 0 -0.5 -1.45023 -1.45023 0 -1.45023 -1 
6.042 2 1 2 0 -0.1283 -0.0960 0.9486 0.0004 -0.005182 -0.005512 100 410 -0.5 0.948624 0.948624 0 -0.5 -1.44862 -1.44862 0 -1.44862 -1 
6.057 2 1 2 0 -0.0846 -0.0929 0.9472 0.0004 -0.007773 -0.002843 100 400 -0.5 0.947218 0.947218 0 -0.5 -1.44722 -1.44722 0 -1.44722 -1 
6.072 2 1 2 0 -0.1034 -0.1412 0.9456 0.0005 -0.007773 -0.001818 100 400 -0.5 0.945612 0.945612 0 -0.5 -1.44561 -1.44561 0 -1.44561 -1 
6.087 2 1 2 0 -0.0824 -0.1008 0.9442 0.0005 -0.005182 0.000121 100 420 -0.5 0.944206 0.944206 0 -0.5 -1.44421 -1.44421 0 -1.44421 -1 
6.102 2 1 2 0 -0.1106 -0.1079 0.9428 0.0005 -0.007773 0.000585 100 420 -0.5 0.942801 0.942801 0 -0.5 -1.4428 -1.4428 0 -1.4428 -1 
6.117 2 1 2 0 -0.1071 -0.0809 0.9412 0.0005 -0.007773 0.002502 100 420 -0.5 0.941194 0.941194 0 -0.5 -1.44119 -1.44119 0 -1.44119 -1 
6.132 2 1 2 0 -0.1171 -0.1061 0.9396 0.0005 -0.007773 0.003834 100 420 -0.5 0.939588 0.939588 0 -0.5 -1.43959 -1.43959 0 -1.43959 -1 
6.147 2 1 2 0 -0.1122 -0.0868 0.9378 0.0005 -0.005182 0.004936 100 420 -0.5 0.93778 0.93778 0 -0.5 -1.43778 -1.43778 0 -1.43778 -1 
6.162 2 1 2 0 -0.1083 -0.1423 0.9364 0.0005 -0.007773 0.005872 100 420 -0.5 0.936375 0.936375 0 -0.5 -1.43637 -1.43637 0 -1.43637 -1 
6.177 2 1 2 0 -0.1137 -0.0938 0.9348 0.0005 -0.002591 0.007275 100 420 -0.5 0.934768 0.934768 0 -0.5 -1.43477 -1.43477 0 -1.43477 -1 
6.192 2 1 2 0 -0.1058 -0.1060 0.9332 0.0005 -0.002591 0.007481 100 420 -0.5 0.933162 0.933162 0 -0.5 -1.43316 -1.43316 0 -1.43316 -1 
6.207 2 1 2 0 -0.1214 -0.1127 0.9316 0.0005 -0.002591 0.008864 100 420 -0.5 0.931555 0.931555 0 -0.5 -1.43156 -1.43156 0 -1.43156 -1 
6.222 2 1 2 0 -0.0991 -0.1229 0.9299 0.0005 -0.002591 0.008859 100 420 -0.5 0.929949 0.929949 0 -0.5 -1.42995 -1.42995 0 -1.42995 -1 
6.237 2 1 2 0 -0.0839 -0.1051 0.9285 0.0005 -0.005182 0.010199 100 400 -0.5 0.928543 0.928543 0 -0.5 -1.42854 -1.42854 0 -1.42854 -1 
6.252 2 1 2 0 -0.1008 -0.1150 0.9269 0.0005 -0.005182 0.009302 100 420 -0.5 0.926937 0.926937 0 -0.5 -1.42694 -1.42694 0 -1.42694 -1 
6.267 2 1 2 0 -0.0876 -0.0710 0.9253 0.0006 -0.005182 0.010456 100 420 -0.5 0.92533 0.92533 0 -0.5 -1.42533 -1.42533 0 -1.42533 -1 
6.282 2 1 2 0 -0.1001 -0.0962 0.9239 0.0006 -0.002591 0.010930 100 410 -0.5 0.923925 0.923925 0 -0.5 -1.42392 -1.42392 0 -1.42392 -1 
6.297 2 1 2 0 -0.0968 -0.1048 0.9221 0.0006 -0.005182 0.010785 100 420 -0.5 0.922117 0.922117 0 -0.5 -1.42212 -1.42212 0 -1.42212 -1 
6.312 2 1 2 0 -0.1204 -0.0801 0.9207 0.0006 -0.002591 0.012738 100 420 -0.5 0.920712 0.920712 0 -0.5 -1.42071 -1.42071 0 -1.42071 -1 
6.327 2 1 2 0 -0.1264 -0.1279 0.9191 0.0006 -0.002591 0.012197 100 410 -0.5 0.919105 0.919105 0 -0.5 -1.41911 -1.41911 0 -1.41911 -1 
6.342 2 1 2 0 -0.1209 -0.0873 0.9175 0.0006 -0.002591 0.012099 100 420 -0.5 0.917499 0.917499 0 -0.5 -1.4175 -1.4175 0 -1.4175 -1 
6.357 2 1 2 0 -0.1019 -0.1151 0.9159 0.0006 -0.002591 0.013126 100 410 -0.5 0.915892 0.915892 0 -0.5 -1.41589 -1.41589 0 -1.41589 -1 
6.372 2 1 2 0 -0.1156 -0.1073 0.9143 0.0006 -0.002591 0.014583 100 410 -0.5 0.914286 0.914286 0 -0.5 -1.41429 -1.41429 0 -1.41429 -1 
6.387 2 1 2 0 -0.1066 -0.1304 0.9127 0.0006 -0.002591 0.014341 100 410 -0.5 0.912679 0.912679 0 -0.5 -1.41268 -1.41268 0 -1.41268 -1 
6.402 2 1 2 0 -0.0982 -0.0866 0.9111 0.0006 -0.002591 0.015062 100 420 -0.5 0.911073 0.911073 0 -0.5 -1.41107 -1.41107 0 -1.41107 -1 
6.417 2 1 2 0 -0.0992 -0.0899 0.9095 0.0006 -0.002591 0.014927 100 400 -0.5 0.909466 0.909466 0 -0.5 -1.40947 -1.40947 0 -1.40947 -1 
6.432 2 1 2 0 -0.0972 -0.0990 0.9083 0.0006 -0.002591 0.016245 100 400 -0.5 0.908262 0.908262 0 -0.5 -1.40826 -1.40826 0 -1.40826 -1 
6.447 2 1 2 0 -0.1007 -0.1289 0.9065 0.0006 -0.000000 0.016514 100 420 -0.5 0.906454 0.906454 0 -0.5 -1.40645 -1.40645 0 -1.40645 -1 
6.462 2 1 2 0 -0.0913 -0.1004 0.9050 0.0006 -0.002591 0.017582 100 420 -0.5 0.905049 0.905049 0 -0.5 -1.40505 -1.40505 0 -1.40505 -1 
6.477 2 1 2 0 -0.0975 -0.1126 0.9036 0.0006 -0.000000 0.017491 100 390 -0.5 0.903643 0.903643 0 -0.5 -1.40364 -1.40364 0 -1.40364 -1 
6.492 2 1 2 0 -0.1000 -0.0744 0.9020 0.0006 -0.000000 0.017494 100 370 -0.5 0.902036 0.902036 0 -0.5 -1.40204 -1.40204 0 -1.40204 -1 
6.507 2 1 2 0 -0.0864 -0.0974 0.9006 0.0006 -0.002591 0.017606 100 420 -0.5 0.900631 0.900631 0 -0.5 -1.40063 -1.40063 0 -1.40063 -1 
6.522 2 1 2 0 -0.0841 -0.1058 0.8992 0.0006 -0.000000 0.017815 100 370 -0.5 0.899225 0.899225 0 -0.5 -1.39923 -1.39923 0 -1.39923 -1 
6.537 2 1 2 0 -0.1071 -0.0711 0.8978 0.0006 0.002591 0.017490 100 420 -0.5 0.89782 0.89782 0 -0.5 -1.39782 -1.39782 0 -1.39782 -1 
6.552 2 1 2 0 -0.0970 -0.0726 0.8964 0.0006 -0.000000 0.016857 100 370 -0.5 0.896414 0.896414 0 -0.5 -1.39641 -1.39641 0 -1.39641 -1 
6.567 2 1 2 0 -0.0860 -0.1041 0.8952 0.0006 -0.000000 0.016587 100 380 -0.5 0.895209 0.895209 0 -0.5 -1.39521 -1.39521 0 -1.39521 -1 
6.582 2 1 2 0 -0.0767 -0.0956 0.8936 0.0006 -0.000000 0.016582 100 380 -0.5 0.893603 0.893603 0 -0.5 -1.3936 -1.3936 0 -1.3936 -1 
6.597 2 1 2 0 -0.0970 -0.0788 0.8926 0.0006 0.002591 0.016495 100 420 -0.5 0.892599 0.892599 0 -0.5 -1.3926 -1.3926 0 -1.3926 -1 
6.612 2 1 2 0 -0.0900 -0.1223 0.8912 0.0006 -0.000000 0.015731 100 380 -0.5 0.891193 0.891193 0 -0.5 -1.39119 -1.39119 0 -1.39119 -1 
6.627 2 1 2 0 -0.0763 -0.0676 0.8900 0.0006 -0.000000 0.016853 100 360 -0.5 0.889988 0.889988 0 -0.5 -1.38999 -1.38999 0 -1.38999 -1 
6.642 2 1 2 0 -0.1025 -0.0848 0.8886 0.0006 0.002591 0.016433 100 420 -0.5 0.888582 0.888582 0 -0.5 -1.38858 -1.38858 0 -1.38858 -1 
6.657 2 1 2 0 -0.0658 -0.1302 0.8872 0.0006 -0.000000 0.016081 100 400 -0.5 0.887177 0.887177 0 -0.5 -1.38718 -1.38718 0 -1.38718 -1 
6.672 2 1 2 0 -0.0820 -0.0512 0.8862 0.0006 0.002591 0.016683 100 410 -0.5 0.886173 0.886173 0 -0.5 -1.38617 -1.38617 0 -1.38617 -1 
6.687 2 1 2 0 -0.0980 -0.0752 0.8850 0.0006 0.002591 0.016031 100 420 -0.5 0.884968 0.884968 0 -0.5 -1.38497 -1.38497 0 -1.38497 -1 
6.702 2 1 2 0 -0.0721 -0.0956 0.8836 0.0006 -0.000000 0.016028 100 400 -0.5 0.883562 0.883562 0 -0.5 -1.38356 -1.38356 0 -1.38356 -1 
6.717 2 1 2 0 -0.0951 -0.0733 0.8824 0.0006 -0.000000 0.015776 100 380 -0.5 0.882357 0.882357 0 -0.5 -1.38236 -1.38236 0 -1.38236 -1 
6.732 2 1 2 0 -0.0895 -0.0774 0.8811 0.0006 -0.000000 0.015549 100 380 -0.5 0.881152 0.881152 0 -0.5 -1.38115 -1.38115 0 -1.38115 -1 
6.747 2 1 2 0 -0.0518 -0.0907 0.8799 0.0006 -0.000000 0.016620 100 420 -0.5 0.879948 0.879948 0 -0.5 -1.37995 -1.37995 0 -1.37995 -1 
6.762 2 1 2 0 -0.1064 -0.0475 0.8789 0.0006 0.002591 0.016409 100 410 -0.5 0.878944 0.878944 0 -0.5 -1.37894 -1.37894 0 -1.37894 -1 
6.777 2 1 2 0 -0.0769 -0.1030 0.8775 0.0006 -0.000000 0.015218 100 420 -0.5 0.877538 0.877538 0 -0.5 -1.37754 -1.37754 0 -1.37754 -1 
6.792 2 1 2 0 -0.0561 -0.0645 0.8767 0.0006 -0.000000 0.015905 100 380 -0.5 0.876735 0.876735 0 -0.5 -1.37673 -1.37673 0 -1.37673 -1 
6.807 2 1 2 0 -0.0901 -0.0507 0.8757 0.0006 0.002591 0.015845 100 400 -0.5 0.875731 0.875731 0 -0.5 -1.37573 -1.37573 0 -1.37573 -1 
6.822 2 1 2 0 -0.0712 -0.1144 0.8745 0.0006 -0.002591 0.014120 100 420 -0.5 0.874526 0.874526 0 -0.5 -1.37453 -1.37453 0 -1.37453 -1 
6.837 2 1 2 0 -0.0698 -0.0626 0.8735 0.0006 -0.000000 0.013809 100 380 -0.5 0.873522 0.873522 0 -0.5 -1.37352 -1.37352 0 -1.37352 -1 
6.852 2 1 2 0 -0.0700 -0.0798 0.8723 0.0006 -0.000000 0.013795 100 420 -0.5 0.872317 0.872317 0 -0.5 -1.37232 -1.37232 0 -1.37232 -1 
6.867 2 1 2 0 -0.0788 -0.0566 0.8713 0.0006 0.002591 0.013948 100 420 -0.5 0.871313 0.871313 0 -0.5 -1.37131 -1.37131 0 -1.37131 -1 
6.882 2 1 2 0 -0.0644 -0.0630 0.8703 0.0006 -0.000000 0.014451 100 370 -0.5 0.870309 0.870309 0 -0.5 -1.37031 -1.37031 0 -1.37031 -1 
6.897 2 1 2 0 -0.0675 -0.0607 0.8693 0.0006 0.002591 0.014507 100 420 -0.5 0.869305 0.869305 0 -0.5 -1.3693 -1.3693 0 -1.3693 -1 
6.912 2 1 2 0 -0.0790 -0.0983 0.8679 0.0006 -0.000000 0.013197 100 390 -0.5 0.867899 0.867899 0 -0.5 -1.3679 -1.3679 0 -1.3679 -1 
6.927 2 1 2 0 -0.0520 -0.0583 0.8671 0.0006 -0.000000 0.014220 100 420 -0.5 0.867096 0.867096 0 -0.5 -1.3671 -1.3671 0 -1.3671 -1 
6.942 2 1 2 0 -0.0936 -0.0749 0.8661 0.0006 0.002591 0.013927 100 400 -0.5 0.866092 0.866092 0 -0.5 -1.36609 -1.36609 0 -1.36609 -1 
6.957 2 1 2 0 -0.0633 -0.0882 0.8651 0.0006 -0.000000 0.014710 100 380 -0.5 0.865088 0.865088 0 -0.5 -1.36509 -1.36509 0 -1.36509 -1 
6.972 2 1 2 0 -0.0781 -0.0446 0.8641 0.0006 0.002591 0.014607 100 410 -0.5 0.864084 0.864084 0 -0.5 -1.36408 -1.36408 0 -1.36408 -1 
6.987 2 1 2 0 -0.0648 -0.0535 0.8633 0.0006 0.002591 0.014313 100 410 -0.5 0.863281 0.863281 0 -0.5 -1.36328 -1.36328 0 -1.36328 -1 
7.002 2 1 2 0 -0.0604 -0.1120 0.8623 0.0006 -0.000000 0.013735 100 410 -0.5 0.862276 0.862276 0 -0.5 -1.36228 -1.36228 0 -1.36228 -1 
7.017 2 1 2 0 -0.0793 -0.0361 0.8615 0.0006 0.005182 0.013630 100 420 -0.5 0.861473 0.861473 0 -0.5 -1.36147 -1.36147 0 -1.36147 -1 
7.032 2 1 2 0 -0.0298 -0.0811 0.8607 0.0006 -0.000000 0.013719 100 370 -0.5 0.86067 0.86067 0 -0.5 -1.36067 -1.36067 0 -1.36067 -1 
7.047 2 1 2 0 -0.0766 -0.0460 0.8597 0.0006 0.002591 0.013087 100 410 -0.5 0.859666 0.859666 0 -0.5 -1.35967 -1.35967 0 -1.35967 -1 
7.062 2 1 2 0 -0.0661 -0.0427 0.8589 0.0006 0.002591 0.013621 100 410 -0.5 0.858863 0.858863 0 -0.5 -1.35886 -1.35886 0 -1.35886 -1 
7.077 2 1 2 0 -0.0558 -0.0889 0.8579 0.0006 -0.000000 0.013356 100 380 -0.5 0.857859 0.857859 0 -0.5 -1.35786 -1.35786 0 -1.35786 -1 
7.092 2 1 2 0 -0.0816 -0.0323 0.8571 0.0006 0.005182 0.013524 100 420 -0.5 0.857055 0.857055 0 -0.5 -1.35706 -1.35706 0 -1.35706 -1 
7.107 2 1 2 0 -0.0356 -0.0698 0.8564 0.0006 0.002591 0.013462 100 410 -0.5 0.856453 0.856453 0 -0.5 -1.35645 -1.35645 0 -1.35645 -1 
7.122 2 1 2 0 -0.0824 -0.0488 0.8556 0.0006 0.002591 0.011760 100 410 -0.5 0.85565 0.85565 0 -0.5 -1.35565 -1.35565 0 -1.35565 -1 
7.137 2 1 2 0 -0.0368 -0.0636 0.8550 0.0006 -0.000000 0.012239 100 380 -0.5 0.855047 0.855047 0 -0.5 -1.35505 -1.35505 0 -1.35505 -1 
7.152 2 1 2 0 -0.0582 -0.0298 0.8544 0.0006 0.002591 0.011920 100 410 -0.5 0.854445 0.854445 0 -0.5 -1.35444 -1.35444 0 -1.35444 -1 
7.167 2 1 2 0 -0.0293 -0.0795 0.8538 0.0006 -0.000000 0.010442 100 380 -0.5 0.853843 0.853843 0 -0.5 -1.35384 -1.35384 0 -1.35384 -1 
7.182 2 1 2 0 -0.0864 -0.0271 0.8530 0.0006 0.005182 0.009617 100 420 -0.5 0.853039 0.853039 0 -0.5 -1.35304 -1.35304 0 -1.35304 -1 
7.197 2 1 2 0 -0.0318 -0.0808 0.8522 0.0006 -0.000000 0.008995 100 380 -0.5 0.852236 0.852236 0 -0.5 -1.35224 -1.35224 0 -1.35224 -1 
7.212 2 1 2 0 -0.0450 -0.0366 0.8516 0.0006 0.002591 0.010174 100 410 -0.5 0.851634 0.851634 0 -0.5 -1.35163 -1.35163 0 -1.35163 -1 
7.227 2 1 2 0 -0.0234 -0.0844 0.8510 0.0006 -0.000000 0.009903 100 380 -0.5 0.851031 0.851031 0 -0.5 -1.35103 -1.35103 0 -1.35103 -1 
7.242 2 1 2 0 -0.0737 -0.0486 0.8502 0.0006 -0.000000 0.008990 100 380 -0.5 0.850228 0.850228 0 -0.5 -1.35023 -1.35023 0 -1.35023 -1 
7.257 2 1 2 0 -0.0218 -0.0305 0.8498 0.0006 -0.000000 0.010459 100 380 -0.5 0.849826 0.849826 0 -0.5 -1.34983 -1.34983 0 -1.34983 -1 
7.272 2 1 2 0 -0.0695 -0.0502 0.8490 0.0006 -0.000000 0.009998 100 370 -0.5 0.849023 0.849023 0 -0.5 -1.34902 -1.34902 0 -1.34902 -1 
7.287 2 1 2 0 -0.0359 -0.0530 0.8484 0.0006 -0.002591 0.009708 100 400 -0.5 0.848421 0.848421 0 -0.5 -1.34842 -1.34842 0 -1.34842 -1 
7.302 2 1 2 0 -0.0331 -0.0179 0.8478 0.0006 -0.000000 0.009691 100 420 -0.5 0.847818 0.847818 0 -0.5 -1.34782 -1.34782 0 -1.34782 -1 
7.317 2 1 2 0 -0.0344 -0.0784 0.8472 0.0006 -0.002591 0.008468 100 400 -0.5 0.847216 0.847216 0 -0.5 -1.34722 -1.34722 0 -1.34722 -1 
7.332 2 1 2 0 -0.0282 -0.0204 0.8470 0.0006 -0.000000 0.010612 100 380 -0.5 0.847015 0.847015 0 -0.5 -1.34702 -1.34702 0 -1.34702 -1 
7.347 2 1 2 0 -0.0135 -0.0132 0.8466 0.0006 -0.000000 0.010761 100 420 -0.5 0.846613 0.846613 0 -0.5 -1.34661 -1.34661 0 -1.34661 -1 
7.362 2 1 2 0 -0.0885 -0.0620 0.8456 0.0006 0.002591 0.008602 100 410 -0.5 0.845609 0.845609 0 -0.5 -1.34561 -1.34561 0 -1.34561 -1 
7.377 2 1 2 0 -0.0267 -0.0321 0.8454 0.0006 -0.000000 0.010743 100 370 -0.5 0.845409 0.845409 0 -0.5 -1.34541 -1.34541 0 -1.34541 -1 
7.392 2 1 2 0 -0.0134 -0.0146 0.8454 0.0006 -0.000000 0.012415 100 370 -0.5 0.845409 0.845409 0 -0.5 -1.34541 -1.34541 0 -1.34541 -1 
7.407 2 1 2 0 -0.0091 -0.0126 0.8450 0.0006 -0.000000 0.011368 100 380 -0.5 0.845007 0.845007 0 -0.5 -1.34501 -1.34501 0 -1.34501 -1 
7.422 2 1 2 0 -0.0754 -0.0443 0.8442 0.0006 -0.000000 0.007992 100 370 -0.5 0.844204 0.844204 0 -0.5 -1.3442 -1.3442 0 -1.3442 -1 
7.437 2 1 2 0 -0.0387 -0.0379 0.8438 0.0006 -0.000000 0.007259 100 380 -0.5 0.843802 0.843802 0 -0.5 -1.3438 -1.3438 0 -1.3438 -1 
7.452 2 1 2 0 -0.0158 -0.0157 0.8438 0.0006 -0.000000 0.008478 100 380 -0.5 0.843802 0.843802 0 -0.5 -1.3438 -1.3438 0 -1.3438 -1 
7.467 2 1 2 0 -0.0413 -0.0873 0.8430 0.0006 -0.000000 0.007053 100 380 -0.5 0.842999 0.842999 0 -0.5 -1.343 -1.343 0 -1.343 -1 
7.482 2 1 2 0 -0.0266 0.0708 0.8426 0.0006 -0.000000 0.009696 100 420 -0.5 0.842597 0.842597 0 -0.5 -1.3426 -1.3426 0 -1.3426 -1 
7.497 2 1 2 0 -0.0245 -0.0489 0.8424 0.0006 -0.002591 0.012364 100 410 -0.5 0.842396 0.842396 0 -0.5 -1.3424 -1.3424 0 -1.3424 -1 
7.512 2 1 2 0 -0.0251 -0.0176 0.8420 0.0006 -0.002591 0.013048 100 420 -0.5 0.841995 0.841995 0 -0.5 -1.34199 -1.34199 0 -1.34199 -1 
7.527 2 1 2 0 -0.0137 -0.0176 0.8420 0.0006 -0.002591 0.011264 100 410 -0.5 0.841995 0.841995 0 -0.5 -1.34199 -1.34199 0 -1.34199 -1 
7.542 2 1 2 0 -0.0091 -0.0130 0.8420 0.0006 -0.002591 0.008455 100 400 -0.5 0.841995 0.841995 0 -0.5 -1.34199 -1.34199 0 -1.34199 -1 
7.557 2 1 2 0 -0.0358 -0.0098 0.8414 0.0006 -0.000000 0.005961 100 380 -0.5 0.841392 0.841392 0 -0.5 -1.34139 -1.34139 0 -1.34139 -1 
7.572 2 1 2 0 0.0279 -0.0338 0.8414 0.0006 -0.005182 0.005957 100 400 -0.5 0.841392 0.841392 0 -0.5 -1.34139 -1.34139 0 -1.34139 -1 
7.587 2 1 2 0 -0.0291 0.0174 0.8414 0.0006 -0.000000 0.006048 100 380 -0.5 0.841392 0.841392 0 -0.5 -1.34139 -1.34139 0 -1.34139 -1 
7.602 2 1 2 0 -0.0140 -0.0323 0.8412 0.0006 -0.002591 0.005118 100 400 -0.5 0.841192 0.841192 0 -0.5 -1.34119 -1.34119 0 -1.34119 -1 
