%% logfile from robot Alma (11)
% Alma (11)
%  1    time 2.010 sec
%  2  3  4  5   (mission 0), state 2, entered (thread 1, line 1), events 0x0 (bit-flags)
%  6  7 Wheel velocity [m/s] left, right: 0.0069 0.0056
%  8  9 10 11 Pose x,y,h,tilt [m,m,rad,rad]: 0.00240961 0.000156619 0.00518225 -0.0124759
% 12 13 read sensor time [us]: 100 and ctrl time 420
% 14 23 ctrl bal pos, ref=0.5, m=0, m2=0, uf=0, r2=0.5, ep=1,up=1, ui=0, u1=1, u=1
2.010 2 1 1 0 0.0069 0.0056 0.0024 0.0002 0.005182 -0.012476 100 420 0.5 0 0 0 0.5 1 1 0 1 1 
2.025 2 1 1 0 0.0055 0.0046 0.0024 0.0002 0.005182 -0.011731 100 420 0.5 0 0 0 0.5 1 1 0 1 1 
2.040 2 1 1 0 0.0045 0.0039 0.0024 0.0002 0.005182 -0.011511 100 420 0.5 0 0 0 0.5 1 1 0 1 1 
2.055 2 1 1 0 -0.0041 -0.0412 0.0018 0.0002 0.002591 -0.011109 100 400 0.5 -0.000602436 -0.000602436 0 0.5 1.0012 1.0012 0 1.0012 1 
2.070 2 1 1 0 -0.0332 -0.0355 0.0014 0.0002 0.002591 -0.008271 100 420 0.5 -0.00100406 -0.00100406 0 0.5 1.00201 1.00201 0 1.00201 1 
2.085 2 1 1 0 -0.0574 -0.0290 0.0008 0.0002 0.005182 -0.004485 100 430 0.5 -0.0016065 -0.0016065 0 0.5 1.00321 1.00321 0 1.00321 1 
2.100 2 1 1 0 -0.0418 -0.0383 0.0002 0.0001 0.002591 0.003230 100 420 0.5 -0.00220893 -0.00220893 0 0.5 1.00442 1.00442 0 1.00442 1 
2.115 2 1 1 0 -0.0189 -0.0695 -0.0002 0.0001 -0.002591 0.009646 100 420 0.5 -0.00261056 -0.00261056 0 0.5 1.00522 1.00522 0 1.00522 1 
2.130 2 1 1 0 -0.0885 -0.0377 -0.0010 0.0001 0.002591 0.014438 100 420 0.5 -0.0034138 -0.0034138 0 0.5 1.00683 1.00683 0 1.00683 1 
2.145 2 1 1 0 -0.0250 -0.0779 -0.0018 0.0002 -0.002591 0.020693 100 420 0.5 -0.00421705 -0.00421705 0 0.5 1.00843 1.00843 0 1.00843 1 
2.160 2 1 1 0 -0.0325 -0.0208 -0.0020 0.0002 0.000000 0.029789 100 390 0.5 -0.00441786 -0.00441786 0 0.5 1.00884 1.00884 0 1.00884 1 
2.175 2 1 1 0 -0.0185 -0.0493 -0.0026 0.0002 -0.002591 0.038285 100 420 0.5 -0.0050203 -0.0050203 0 0.5 1.01004 1.01004 0 1.01004 1 
2.190 2 1 1 0 -0.0285 -0.0315 -0.0030 0.0002 -0.002591 0.045742 100 420 0.5 -0.00542192 -0.00542192 0 0.5 1.01084 1.01084 0 1.01084 1 
2.205 2 1 1 0 -0.0351 -0.0213 -0.0034 0.0002 -0.002591 0.051130 100 400 0.5 -0.00582355 -0.00582355 0 0.5 1.01165 1.01165 0 1.01165 1 
2.220 2 1 1 0 -0.0152 -0.0165 -0.0034 0.0002 -0.002591 0.055693 100 420 0.5 -0.00582355 -0.00582355 0 0.5 1.01165 1.01165 0 1.01165 1 
2.235 2 1 1 0 -0.0097 -0.0102 -0.0034 0.0002 -0.002591 0.059867 100 420 0.5 -0.00582355 -0.00582355 0 0.5 1.01165 1.01165 0 1.01165 1 
2.250 2 1 1 0 -0.0071 -0.0074 -0.0034 0.0002 -0.002591 0.063806 100 420 0.5 -0.00582355 -0.00582355 0 0.5 1.01165 1.01165 0 1.01165 1 
2.265 2 1 1 0 -0.0056 -0.0058 -0.0034 0.0002 -0.002591 0.069392 100 420 0.5 -0.00582355 -0.00582355 0 0.5 1.01165 1.01165 0 1.01165 1 
2.280 2 1 1 0 -0.0046 -0.0048 -0.0034 0.0002 -0.002591 0.075517 100 420 0.5 -0.00582355 -0.00582355 0 0.5 1.01165 1.01165 0 1.01165 1 
2.295 2 1 1 0 -0.0040 -0.0040 -0.0034 0.0002 -0.002591 0.082445 100 420 0.5 -0.00582355 -0.00582355 0 0.5 1.01165 1.01165 0 1.01165 1 
2.310 2 1 1 0 -0.0034 0.0037 -0.0032 0.0002 0.000000 0.089682 100 390 0.5 -0.00562274 -0.00562274 0 0.5 1.01125 1.01125 0 1.01125 1 
2.325 2 1 1 0 -0.0031 0.0268 -0.0030 0.0002 0.002591 0.095429 100 420 0.5 -0.00542192 -0.00542192 0 0.5 1.01084 1.01084 0 1.01084 1 
2.340 2 1 1 0 0.0446 0.0564 -0.0022 0.0002 0.002591 0.098865 100 410 0.5 -0.00461868 -0.00461868 0 0.5 1.00924 1.00924 0 1.00924 1 
2.355 2 1 1 0 0.0696 0.0852 -0.0010 0.0002 0.002591 0.099789 100 420 0.5 -0.0034138 -0.0034138 0 0.5 1.00683 1.00683 0 1.00683 1 
2.370 2 1 1 0 0.0853 0.0999 0.0004 0.0002 0.000000 0.099937 100 420 0.5 -0.00200812 -0.00200812 0 0.5 1.00402 1.00402 0 1.00402 1 
2.385 2 1 1 0 0.1352 0.1203 0.0022 0.0002 0.002591 0.101353 100 420 0.5 -0.000200812 -0.000200812 0 0.5 1.0004 1.0004 0 1.0004 1 
2.400 2 1 1 0 0.1286 0.1246 0.0040 0.0002 0.000000 0.099044 100 430 0.5 0.0016065 0.0016065 0 0.5 0.996787 0.996787 0 0.996787 0.996787 
2.415 2 1 1 0 0.1284 0.1467 0.0062 0.0002 0.002591 0.096283 100 410 0.5 0.00381543 0.00381543 0 0.5 0.992369 0.992369 0 0.992369 0.992369 
2.430 2 1 1 0 0.1855 0.1618 0.0086 0.0002 0.002591 0.093114 100 430 0.5 0.00622517 0.00622517 0 0.5 0.98755 0.98755 0 0.98755 0.98755 
2.445 2 1 1 0 0.1844 0.1805 0.0114 0.0002 0.002591 0.088835 100 420 0.5 0.00903654 0.00903654 0 0.5 0.981927 0.981927 0 0.981927 0.981927 
2.460 2 1 1 0 0.1671 0.2156 0.0139 0.0002 0.002591 0.083815 100 430 0.5 0.0114463 0.0114463 0 0.5 0.977107 0.977107 0 0.977107 0.977107 
2.475 2 1 1 0 0.1876 0.2004 0.0171 0.0002 0.002591 0.078940 100 420 0.5 0.0146593 0.0146593 0 0.5 0.970681 0.970681 0 0.970681 0.970681 
2.490 2 1 1 0 0.2011 0.1738 0.0201 0.0002 0.000000 0.075938 100 430 0.5 0.0176715 0.0176715 0 0.5 0.964657 0.964657 0 0.964657 0.964657 
2.505 2 1 1 0 0.2065 0.1833 0.0231 0.0002 0.002591 0.070606 100 420 0.5 0.0206836 0.0206836 0 0.5 0.958633 0.958633 0 0.958633 0.958633 
2.520 2 1 1 0 0.2306 0.2139 0.0267 0.0002 0.002591 0.067132 100 420 0.5 0.0242982 0.0242982 0 0.5 0.951403 0.951403 0 0.951403 0.951403 
2.535 2 1 1 0 0.2174 0.2335 0.0299 0.0002 0.002591 0.062117 100 430 0.5 0.0275112 0.0275112 0 0.5 0.944978 0.944978 0 0.944978 0.944978 
2.550 2 1 1 0 0.2387 0.2519 0.0333 0.0002 0.005182 0.057464 100 430 0.5 0.030925 0.030925 0 0.5 0.93815 0.93815 0 0.93815 0.93815 
2.565 2 1 1 0 0.2237 0.2415 0.0371 0.0003 0.002591 0.053893 100 410 0.5 0.0347405 0.0347405 0 0.5 0.930519 0.930519 0 0.930519 0.930519 
2.580 2 1 1 0 0.2343 0.2372 0.0406 0.0003 0.005182 0.049812 100 430 0.5 0.0381543 0.0381543 0 0.5 0.923692 0.923692 0 0.923692 0.923692 
2.595 2 1 1 0 0.2702 0.2627 0.0444 0.0003 0.002591 0.048134 100 420 0.5 0.0419697 0.0419697 0 0.5 0.916061 0.916061 0 0.916061 0.916061 
2.610 2 1 1 0 0.3039 0.2504 0.0480 0.0003 0.002591 0.044538 100 430 0.5 0.0455843 0.0455843 0 0.5 0.908831 0.908831 0 0.908831 0.908831 
2.625 2 1 1 0 0.2310 0.2436 0.0520 0.0003 0.002591 0.042981 100 410 0.5 0.0496005 0.0496005 0 0.5 0.900799 0.900799 0 0.900799 0.900799 
2.640 2 1 1 0 0.2468 0.2637 0.0556 0.0003 0.002591 0.039996 100 420 0.5 0.0532151 0.0532151 0 0.5 0.89357 0.89357 0 0.89357 0.89357 
2.655 2 1 1 0 0.2570 0.2927 0.0596 0.0003 0.002591 0.039560 100 430 0.5 0.0572314 0.0572314 0 0.5 0.885537 0.885537 0 0.885537 0.885537 
2.670 2 1 1 0 0.2927 0.2758 0.0637 0.0003 0.002591 0.037662 100 420 0.5 0.0612476 0.0612476 0 0.5 0.877505 0.877505 0 0.877505 0.877505 
2.685 2 1 1 0 0.2297 0.2680 0.0681 0.0003 0.002591 0.037296 100 430 0.5 0.0656655 0.0656655 0 0.5 0.868669 0.868669 0 0.868669 0.868669 
2.700 2 1 1 0 0.2673 0.3127 0.0721 0.0004 0.002591 0.034513 100 420 0.5 0.0696817 0.0696817 0 0.5 0.860636 0.860636 0 0.860636 0.860636 
2.715 2 1 1 0 0.2785 0.2937 0.0763 0.0004 0.005182 0.033011 100 430 0.5 0.0738988 0.0738988 0 0.5 0.852202 0.852202 0 0.852202 0.852202 
2.730 2 1 1 0 0.3131 0.2749 0.0807 0.0004 0.005182 0.031206 100 430 0.5 0.0783167 0.0783167 0 0.5 0.843367 0.843367 0 0.843367 0.843367 
2.745 2 1 1 0 0.2621 0.2854 0.0849 0.0004 0.002591 0.030077 100 430 0.5 0.0825338 0.0825338 0 0.5 0.834932 0.834932 0 0.834932 0.834932 
2.760 2 1 1 0 0.3292 0.2762 0.0896 0.0004 0.005182 0.028730 100 440 0.5 0.0871525 0.0871525 0 0.5 0.825695 0.825695 0 0.825695 0.825695 
2.775 2 1 1 0 0.2716 0.3015 0.0940 0.0004 0.005182 0.026321 100 420 0.5 0.0915704 0.0915704 0 0.5 0.816859 0.816859 0 0.816859 0.816859 
2.790 2 1 1 0 0.3096 0.2862 0.0986 0.0005 0.002591 0.025652 100 420 0.5 0.0961891 0.0961891 0 0.5 0.807622 0.807622 0 0.807622 0.807622 
2.805 2 1 1 0 0.3320 0.2951 0.1032 0.0005 0.005182 0.023688 100 420 0.5 0.100808 0.100808 0 0.5 0.798384 0.798384 0 0.798384 0.798384 
2.820 2 1 1 0 0.2894 0.3440 0.1078 0.0005 0.007773 0.022678 100 440 0.5 0.105426 0.105426 0 0.5 0.789147 0.789147 0 0.789147 0.789147 
2.835 2 1 1 0 0.3886 0.3158 0.1125 0.0005 0.005182 0.020045 100 430 0.5 0.110045 0.110045 0 0.5 0.77991 0.77991 0 0.77991 0.77991 
2.850 2 1 1 0 0.2862 0.3509 0.1171 0.0006 0.007773 0.018034 100 430 0.5 0.114664 0.114664 0 0.5 0.770672 0.770672 0 0.770672 0.770672 
2.865 2 1 1 0 0.3023 0.3462 0.1221 0.0006 0.005182 0.017489 100 420 0.5 0.119684 0.119684 0 0.5 0.760632 0.760632 0 0.760632 0.760632 
2.880 2 1 1 0 0.3546 0.2908 0.1269 0.0006 0.005182 0.015282 100 430 0.5 0.124504 0.124504 0 0.5 0.750993 0.750993 0 0.750993 0.750993 
2.895 2 1 1 0 0.3093 0.3296 0.1319 0.0006 0.002591 0.014386 100 430 0.5 0.129524 0.129524 0 0.5 0.740952 0.740952 0 0.740952 0.740952 
2.910 2 1 1 0 0.3650 0.3617 0.1368 0.0007 0.002591 0.012800 100 430 0.5 0.134344 0.134344 0 0.5 0.731313 0.731313 0 0.731313 0.731313 
2.925 2 1 1 0 0.3362 0.3072 0.1418 0.0007 0.005182 0.011558 100 430 0.5 0.139364 0.139364 0 0.5 0.721272 0.721272 0 0.721272 0.721272 
2.940 2 1 1 0 0.3047 0.3696 0.1470 0.0007 0.005182 0.010097 100 430 0.5 0.144585 0.144585 0 0.5 0.71083 0.71083 0 0.71083 0.71083 
2.955 2 1 1 0 0.3659 0.3491 0.1520 0.0007 0.002591 0.008320 100 430 0.5 0.149605 0.149605 0 0.5 0.700789 0.700789 0 0.700789 0.700789 
2.970 2 1 1 0 0.3426 0.3676 0.1572 0.0007 0.002591 0.006799 100 420 0.5 0.154827 0.154827 0 0.5 0.690347 0.690347 0 0.690347 0.690347 
2.985 2 1 1 0 0.3459 0.3506 0.1625 0.0008 0.002591 0.006889 100 430 0.5 0.160048 0.160048 0 0.5 0.679904 0.679904 0 0.679904 0.679904 
3.000 2 1 1 0 0.3509 0.3351 0.1677 0.0008 0.002591 0.004322 100 430 0.5 0.165269 0.165269 0 0.5 0.669462 0.669462 0 0.669462 0.669462 
3.015 2 1 1 0 0.3551 0.3582 0.1729 0.0008 0.002591 0.003275 100 420 0.5 0.17049 0.17049 0 0.5 0.65902 0.65902 0 0.65902 0.65902 
3.030 2 1 1 0 0.3361 0.3617 0.1783 0.0008 0.000000 0.002074 100 430 0.5 0.175912 0.175912 0 0.5 0.648176 0.648176 0 0.648176 0.648176 
3.045 2 1 1 0 0.3402 0.3565 0.1837 0.0008 0.002591 0.000392 100 430 0.5 0.181334 0.181334 0 0.5 0.637332 0.637332 0 0.637332 0.637332 
3.060 2 1 1 0 0.3606 0.3706 0.1890 0.0008 0.002591 -0.001064 100 430 0.5 0.186555 0.186555 0 0.5 0.626889 0.626889 0 0.626889 0.626889 
3.075 2 1 1 0 0.3517 0.3382 0.1944 0.0008 0.000000 -0.001776 100 390 0.5 0.191977 0.191977 0 0.5 0.616045 0.616045 0 0.616045 0.616045 
3.090 2 1 1 0 0.3876 0.3826 0.1996 0.0008 0.000000 -0.002883 100 390 0.5 0.197199 0.197199 0 0.5 0.605603 0.605603 0 0.605603 0.605603 
3.105 2 1 1 0 0.3882 0.3902 0.2052 0.0008 0.000000 -0.002841 100 400 0.5 0.202821 0.202821 0 0.5 0.594357 0.594357 0 0.594357 0.594357 
3.120 2 1 1 0 0.3454 0.3406 0.2106 0.0008 -0.002591 -0.004058 100 420 0.5 0.208243 0.208243 0 0.5 0.583513 0.583513 0 0.583513 0.583513 
3.135 2 1 1 0 0.3557 0.3493 0.2163 0.0008 -0.002591 -0.004236 100 420 0.5 0.213866 0.213866 0 0.5 0.572268 0.572268 0 0.572268 0.572268 
3.150 2 1 1 0 0.3451 0.3760 0.2219 0.0008 -0.002591 -0.004437 100 410 0.5 0.219489 0.219489 0 0.5 0.561022 0.561022 0 0.561022 0.561022 
3.165 2 1 1 0 0.3711 0.3528 0.2271 0.0008 -0.002591 -0.005687 100 430 0.5 0.22471 0.22471 0 0.5 0.55058 0.55058 0 0.55058 0.55058 
3.180 2 1 1 0 0.3784 0.3594 0.2327 0.0007 -0.002591 -0.006171 100 430 0.5 0.230333 0.230333 0 0.5 0.539334 0.539334 0 0.539334 0.539334 
3.195 2 1 1 0 0.3655 0.4108 0.2386 0.0007 -0.005182 -0.004945 100 430 0.5 0.236157 0.236157 0 0.5 0.527687 0.527687 0 0.527687 0.527687 
3.210 2 1 1 0 0.3902 0.4039 0.2440 0.0007 -0.002591 -0.006673 100 430 0.5 0.241579 0.241579 0 0.5 0.516843 0.516843 0 0.516843 0.516843 
3.225 2 1 1 0 0.3800 0.3770 0.2500 0.0007 -0.002591 -0.007103 100 430 0.5 0.247603 0.247603 0 0.5 0.504794 0.504794 0 0.504794 0.504794 
3.240 2 1 1 0 0.4117 0.3842 0.2556 0.0007 -0.002591 -0.007362 100 430 0.5 0.253226 0.253226 0 0.5 0.493549 0.493549 0 0.493549 0.493549 
3.255 2 1 1 0 0.4057 0.3667 0.2613 0.0007 -0.002591 -0.009243 100 430 0.5 0.258848 0.258848 0 0.5 0.482303 0.482303 0 0.482303 0.482303 
3.270 2 1 1 0 0.3757 0.3941 0.2667 0.0007 0.000000 -0.010490 100 430 0.5 0.26427 0.26427 0 0.5 0.47146 0.47146 0 0.47146 0.47146 
3.285 2 1 1 0 0.3443 0.3584 0.2725 0.0006 -0.002591 -0.010742 100 430 0.5 0.270094 0.270094 0 0.5 0.459813 0.459813 0 0.459813 0.459813 
3.300 2 1 1 0 0.4025 0.3825 0.2781 0.0006 -0.002591 -0.011505 100 430 0.5 0.275716 0.275716 0 0.5 0.448568 0.448568 0 0.448568 0.448568 
3.315 2 1 1 0 0.3604 0.4176 0.2839 0.0006 0.000000 -0.011909 100 400 0.5 0.28154 0.28154 0 0.5 0.436921 0.436921 0 0.436921 0.436921 
3.330 2 1 1 0 0.3805 0.4117 0.2894 0.0006 0.002591 -0.013609 100 430 0.5 0.286961 0.286961 0 0.5 0.426077 0.426077 0 0.426077 0.426077 
3.345 2 1 1 0 0.3416 0.4065 0.2950 0.0006 0.002591 -0.013877 100 420 0.5 0.292584 0.292584 0 0.5 0.414832 0.414832 0 0.414832 0.414832 
3.360 2 1 1 0 0.3837 0.3469 0.3008 0.0007 0.000000 -0.015608 100 390 0.5 0.298407 0.298407 0 0.5 0.403185 0.403185 0 0.403185 0.403185 
3.375 2 1 1 0 0.3968 0.3521 0.3066 0.0007 0.002591 -0.016778 100 430 0.5 0.304231 0.304231 0 0.5 0.391538 0.391538 0 0.391538 0.391538 
3.390 2 1 1 0 0.3755 0.3490 0.3123 0.0007 0.002591 -0.017268 100 430 0.5 0.309854 0.309854 0 0.5 0.380293 0.380293 0 0.380293 0.380293 
3.405 2 1 1 0 0.4210 0.3788 0.3179 0.0007 0.002591 -0.017758 100 430 0.5 0.315476 0.315476 0 0.5 0.369048 0.369048 0 0.369048 0.369048 
3.420 2 1 1 0 0.3907 0.3430 0.3237 0.0007 0.000000 -0.017210 100 390 0.5 0.3213 0.3213 0 0.5 0.357401 0.357401 0 0.357401 0.357401 
3.435 2 1 1 0 0.3585 0.3308 0.3289 0.0007 0.000000 -0.017746 100 400 0.5 0.326521 0.326521 0 0.5 0.346959 0.346959 0 0.346959 0.346959 
3.450 2 1 1 0 0.3717 0.4096 0.3347 0.0007 -0.002591 -0.018827 100 430 0.5 0.332344 0.332344 0 0.5 0.335312 0.335312 0 0.335312 0.335312 
3.465 2 1 1 0 0.3702 0.4075 0.3404 0.0007 -0.002591 -0.018762 100 430 0.5 0.337967 0.337967 0 0.5 0.324067 0.324067 0 0.324067 0.324067 
3.480 2 1 1 0 0.3713 0.3688 0.3458 0.0007 0.000000 -0.019938 100 390 0.5 0.343388 0.343388 0 0.5 0.313223 0.313223 0 0.313223 0.313223 
3.495 2 1 1 0 0.3329 0.3867 0.3514 0.0007 0.000000 -0.019933 100 390 0.5 0.349011 0.349011 0 0.5 0.301978 0.301978 0 0.301978 0.301978 
3.510 2 1 1 0 0.3221 0.3715 0.3568 0.0007 -0.002591 -0.019554 100 430 0.5 0.354433 0.354433 0 0.5 0.291134 0.291134 0 0.291134 0.291134 
3.525 2 1 1 0 0.3853 0.3386 0.3623 0.0007 0.000000 -0.020682 100 400 0.5 0.359855 0.359855 0 0.5 0.28029 0.28029 0 0.28029 0.28029 
3.540 2 1 1 0 0.3616 0.3628 0.3679 0.0007 0.000000 -0.021319 100 390 0.5 0.365477 0.365477 0 0.5 0.269045 0.269045 0 0.269045 0.269045 
3.555 2 1 1 0 0.3692 0.3470 0.3735 0.0007 0.000000 -0.021327 100 400 0.5 0.3711 0.3711 0 0.5 0.2578 0.2578 0 0.2578 0.2578 
3.570 2 1 1 0 0.3750 0.3479 0.3791 0.0006 0.000000 -0.021455 100 390 0.5 0.376723 0.376723 0 0.5 0.246555 0.246555 0 0.246555 0.246555 
3.585 2 1 1 0 0.3781 0.3685 0.3848 0.0007 0.000000 -0.022678 100 390 0.5 0.382345 0.382345 0 0.5 0.235309 0.235309 0 0.235309 0.235309 
3.600 2 1 1 0 0.3823 0.3950 0.3904 0.0006 0.000000 -0.022623 100 390 0.5 0.387968 0.387968 0 0.5 0.224064 0.224064 0 0.224064 0.224064 
3.615 2 1 1 0 0.3401 0.3423 0.3960 0.0006 0.000000 -0.021423 100 400 0.5 0.393591 0.393591 0 0.5 0.212819 0.212819 0 0.212819 0.212819 
3.630 2 1 1 0 0.3963 0.4003 0.4014 0.0006 -0.002591 -0.023126 100 420 0.5 0.399012 0.399012 0 0.5 0.201975 0.201975 0 0.201975 0.201975 
3.645 2 1 1 0 0.3848 0.3463 0.4070 0.0006 0.002591 -0.025370 100 430 0.5 0.404635 0.404635 0 0.5 0.19073 0.19073 0 0.19073 0.19073 
3.660 2 1 1 0 0.3845 0.3682 0.4127 0.0006 -0.002591 -0.027663 100 430 0.5 0.410258 0.410258 0 0.5 0.179485 0.179485 0 0.179485 0.179485 
3.675 2 1 1 0 0.3815 0.3637 0.4185 0.0006 0.000000 -0.029451 100 400 0.5 0.416081 0.416081 0 0.5 0.167838 0.167838 0 0.167838 0.167838 
3.690 2 1 1 0 0.3778 0.3709 0.4241 0.0006 0.000000 -0.032998 100 380 0.5 0.421704 0.421704 0 0.5 0.156593 0.156593 0 0.156593 0.156593 
3.705 2 1 1 0 0.3765 0.3350 0.4297 0.0006 0.000000 -0.035830 100 400 0.5 0.427326 0.427326 0 0.5 0.145347 0.145347 0 0.145347 0.145347 
3.720 2 1 1 0 0.3734 0.3472 0.4354 0.0006 0.000000 -0.037631 100 400 0.5 0.432949 0.432949 0 0.5 0.134102 0.134102 0 0.134102 0.134102 
3.735 2 1 1 0 0.3739 0.3710 0.4410 0.0006 -0.005182 -0.040116 100 430 0.5 0.438572 0.438572 0 0.5 0.122857 0.122857 0 0.122857 0.122857 
3.750 2 1 1 0 0.3756 0.3857 0.4464 0.0006 -0.002591 -0.042467 100 420 0.5 0.443993 0.443993 0 0.5 0.112013 0.112013 0 0.112013 0.112013 
3.765 2 1 1 0 0.3736 0.3703 0.4520 0.0006 -0.002591 -0.044907 100 420 0.5 0.449616 0.449616 0 0.5 0.100768 0.100768 0 0.100768 0.100768 
3.780 2 1 1 0 0.3684 0.4105 0.4576 0.0005 -0.002591 -0.047484 100 420 0.5 0.455239 0.455239 0 0.5 0.0895228 0.0895228 0 0.0895228 0.0895228 
3.795 2 1 1 0 0.3608 0.3576 0.4629 0.0005 -0.002591 -0.050472 100 430 0.5 0.46046 0.46046 0 0.5 0.0790808 0.0790808 0 0.0790808 0.0790808 
3.810 2 1 1 0 0.3304 0.3257 0.4685 0.0005 -0.002591 -0.052665 100 420 0.5 0.466082 0.466082 0 0.5 0.0678356 0.0678356 0 0.0678356 0.0678356 
3.825 2 1 1 0 0.3324 0.3382 0.4739 0.0005 0.000000 -0.054853 100 400 0.5 0.471504 0.471504 0 0.5 0.0569919 0.0569919 0 0.0569919 0.0569919 
3.840 2 1 1 0 0.3557 0.3438 0.4791 0.0005 0.000000 -0.057875 100 390 0.5 0.476725 0.476725 0 0.5 0.0465499 0.0465499 0 0.0465499 0.0465499 
3.855 2 1 1 0 0.3475 0.3296 0.4844 0.0005 0.000000 -0.061325 100 390 0.5 0.481946 0.481946 0 0.5 0.0361079 0.0361079 0 0.0361079 0.0361079 
3.870 2 1 1 0 0.3306 0.3292 0.4896 0.0005 0.000000 -0.065029 100 390 0.5 0.487167 0.487167 0 0.5 0.0256659 0.0256659 0 0.0256659 0.0256659 
3.885 2 1 1 0 0.3355 0.3679 0.4946 0.0005 -0.002591 -0.068338 100 430 0.5 0.492187 0.492187 0 0.5 0.0156255 0.0156255 0 0.0156255 0.0156255 
3.900 2 1 1 0 0.3170 0.3153 0.4996 0.0005 0.000000 -0.070856 100 390 0.5 0.497207 0.497207 0 0.5 0.00558507 0.00558507 0 0.00558507 0.00558507 
3.915 2 1 1 0 0.3124 0.3559 0.5044 0.0005 0.000000 -0.072989 100 400 0.5 0.502027 0.502027 0 0.5 -0.00405371 -0.00405371 0 -0.00405371 -0.00405371 
3.930 2 1 1 0 0.3120 0.3104 0.5091 0.0005 0.002591 -0.076772 100 430 0.5 0.506645 0.506645 0 0.5 -0.0132909 -0.0132909 0 -0.0132909 -0.0132909 
3.945 2 1 1 0 0.3302 0.2796 0.5139 0.0005 0.002591 -0.079247 100 430 0.5 0.511465 0.511465 0 0.5 -0.0229297 -0.0229297 0 -0.0229297 -0.0229297 
3.960 2 1 1 0 0.3091 0.3065 0.5185 0.0005 0.000000 -0.081704 100 380 0.5 0.516083 0.516083 0 0.5 -0.0321668 -0.0321668 0 -0.0321668 -0.0321668 
3.975 2 1 1 0 0.2928 0.2701 0.5229 0.0005 0.000000 -0.084692 100 390 0.5 0.520501 0.520501 0 0.5 -0.0410024 -0.0410024 0 -0.0410024 -0.0410024 
3.990 2 1 1 0 0.3006 0.3084 0.5273 0.0005 0.000000 -0.087707 100 390 0.5 0.524919 0.524919 0 0.5 -0.0498379 -0.0498379 0 -0.0498379 -0.0498379 
4.005 2 1 1 0 0.2960 0.3112 0.5315 0.0005 -0.002591 -0.088677 100 430 0.5 0.529136 0.529136 0 0.5 -0.0582719 -0.0582719 0 -0.0582719 -0.0582719 
4.020 2 1 1 0 0.2908 0.2641 0.5358 0.0005 0.000000 -0.088840 100 430 0.5 0.533353 0.533353 0 0.5 -0.0667058 -0.0667058 0 -0.0667058 -0.0667058 
4.035 2 1 1 0 0.2694 0.2752 0.5400 0.0005 -0.002591 -0.090012 100 420 0.5 0.53757 0.53757 0 0.5 -0.0751398 -0.0751398 0 -0.0751398 -0.0751398 
4.050 2 1 1 0 0.2475 0.2384 0.5438 0.0005 0.000000 -0.092370 100 420 0.5 0.541385 0.541385 0 0.5 -0.0827705 -0.0827705 0 -0.0827705 -0.0827705 
4.065 2 1 1 0 0.2178 0.2260 0.5474 0.0005 0.000000 -0.095723 100 420 0.5 0.545 0.545 0 0.5 -0.0899996 -0.0899996 0 -0.0899996 -0.0899996 
4.080 2 1 1 0 0.2340 0.2179 0.5510 0.0005 0.000000 -0.097589 100 430 0.5 0.548614 0.548614 0 0.5 -0.0972286 -0.0972286 0 -0.0972286 -0.0972286 
4.095 2 1 1 0 0.2374 0.2368 0.5546 0.0005 0.000000 -0.096840 100 420 0.5 0.552229 0.552229 0 0.5 -0.104458 -0.104458 0 -0.104458 -0.104458 
4.110 2 1 1 0 0.2380 0.2384 0.5582 0.0005 0.000000 -0.096700 100 430 0.5 0.555843 0.555843 0 0.5 -0.111687 -0.111687 0 -0.111687 -0.111687 
4.125 2 1 1 0 0.2193 0.2032 0.5617 0.0005 -0.002591 -0.098509 100 430 0.5 0.559257 0.559257 0 0.5 -0.118514 -0.118514 0 -0.118514 -0.118514 
4.140 2 1 1 0 0.1866 0.1753 0.5645 0.0005 -0.002591 -0.102289 100 420 0.5 0.562068 0.562068 0 0.5 -0.124137 -0.124137 0 -0.124137 -0.124137 
4.155 2 1 1 0 0.2059 0.2013 0.5673 0.0005 -0.002591 -0.102115 100 410 0.5 0.56488 0.56488 0 0.5 -0.12976 -0.12976 0 -0.12976 -0.12976 
4.170 2 1 1 0 0.2002 0.1765 0.5705 0.0005 -0.002591 -0.100980 100 420 0.5 0.568093 0.568093 0 0.5 -0.136185 -0.136185 0 -0.136185 -0.136185 
4.185 2 1 1 0 0.1765 0.2097 0.5733 0.0005 -0.002591 -0.101887 100 420 0.5 0.570904 0.570904 0 0.5 -0.141808 -0.141808 0 -0.141808 -0.141808 
4.200 2 1 1 0 0.1384 0.1449 0.5757 0.0004 -0.002591 -0.105539 100 420 0.5 0.573314 0.573314 0 0.5 -0.146627 -0.146627 0 -0.146627 -0.146627 
4.215 2 1 1 0 0.1797 0.1649 0.5777 0.0004 -0.002591 -0.106034 100 420 0.5 0.575322 0.575322 0 0.5 -0.150644 -0.150644 0 -0.150644 -0.150644 
4.230 2 1 1 0 0.1748 0.1835 0.5805 0.0004 -0.002591 -0.102792 100 430 0.5 0.578133 0.578133 0 0.5 -0.156266 -0.156266 0 -0.156266 -0.156266 
4.245 2 1 1 0 0.1139 0.1156 0.5823 0.0004 -0.005182 -0.104019 100 430 0.5 0.57994 0.57994 0 0.5 -0.159881 -0.159881 0 -0.159881 -0.159881 
4.260 2 1 1 0 0.1050 0.0916 0.5840 0.0004 -0.005182 -0.107378 100 430 0.5 0.581547 0.581547 0 0.5 -0.163094 -0.163094 0 -0.163094 -0.163094 
4.275 2 1 1 0 0.1113 0.1205 0.5860 0.0004 0.000000 -0.104875 100 430 0.5 0.583555 0.583555 0 0.5 -0.16711 -0.16711 0 -0.16711 -0.16711 
4.290 2 1 1 0 0.1228 0.1342 0.5878 0.0004 -0.002591 -0.104309 100 420 0.5 0.585362 0.585362 0 0.5 -0.170724 -0.170724 0 -0.170724 -0.170724 
4.305 2 1 1 0 0.0872 0.0722 0.5894 0.0004 -0.002591 -0.106061 100 430 0.5 0.586969 0.586969 0 0.5 -0.173937 -0.173937 0 -0.173937 -0.173937 
4.320 2 1 1 0 0.1036 0.0809 0.5904 0.0004 -0.005182 -0.108019 100 420 0.5 0.587973 0.587973 0 0.5 -0.175945 -0.175945 0 -0.175945 -0.175945 
4.335 2 1 1 0 0.0752 0.0977 0.5918 0.0004 -0.002591 -0.105833 100 420 0.5 0.589378 0.589378 0 0.5 -0.178757 -0.178757 0 -0.178757 -0.178757 
4.350 2 1 1 0 0.0487 0.0378 0.5924 0.0004 -0.005182 -0.106367 100 420 0.5 0.589981 0.589981 0 0.5 -0.179962 -0.179962 0 -0.179962 -0.179962 
4.365 2 1 1 0 0.0611 0.0795 0.5932 0.0004 -0.005182 -0.105688 100 420 0.5 0.590784 0.590784 0 0.5 -0.181568 -0.181568 0 -0.181568 -0.181568 
4.380 2 1 1 0 0.0423 0.0598 0.5942 0.0004 -0.002591 -0.106152 100 420 0.5 0.591788 0.591788 0 0.5 -0.183576 -0.183576 0 -0.183576 -0.183576 
4.395 2 1 1 0 0.0322 0.0371 0.5946 0.0004 -0.002591 -0.106927 100 410 0.5 0.59219 0.59219 0 0.5 -0.184379 -0.184379 0 -0.184379 -0.184379 
4.410 2 1 1 0 0.0215 0.0290 0.5948 0.0004 0.000000 -0.107404 100 390 0.5 0.59239 0.59239 0 0.5 -0.184781 -0.184781 0 -0.184781 -0.184781 
4.425 2 1 1 0 0.0181 0.0181 0.5950 0.0004 -0.002591 -0.106400 100 420 0.5 0.592591 0.592591 0 0.5 -0.185183 -0.185183 0 -0.185183 -0.185183 
4.440 2 1 1 0 0.0151 0.0108 0.5950 0.0004 -0.002591 -0.106124 100 420 0.5 0.592591 0.592591 0 0.5 -0.185183 -0.185183 0 -0.185183 -0.185183 
4.455 2 1 1 0 0.0097 0.0077 0.5950 0.0004 -0.002591 -0.106866 100 420 0.5 0.592591 0.592591 0 0.5 -0.185183 -0.185183 0 -0.185183 -0.185183 
4.470 2 1 1 0 -0.0084 -0.0059 0.5946 0.0004 -0.002591 -0.108025 100 420 0.5 0.59219 0.59219 0 0.5 -0.184379 -0.184379 0 -0.184379 -0.184379 
4.485 2 1 1 0 -0.0084 -0.0318 0.5944 0.0004 -0.005182 -0.108497 100 410 0.5 0.591989 0.591989 0 0.5 -0.183978 -0.183978 0 -0.183978 -0.183978 
4.500 2 1 1 0 -0.0411 -0.0480 0.5936 0.0004 -0.005182 -0.108475 100 430 0.5 0.591186 0.591186 0 0.5 -0.182371 -0.182371 0 -0.182371 -0.182371 
4.515 2 1 1 0 -0.0517 -0.0648 0.5928 0.0004 -0.005182 -0.108763 100 420 0.5 0.590382 0.590382 0 0.5 -0.180765 -0.180765 0 -0.180765 -0.180765 
4.530 2 1 1 0 -0.0815 -0.0881 0.5916 0.0004 -0.005182 -0.106710 100 410 0.5 0.589178 0.589178 0 0.5 -0.178355 -0.178355 0 -0.178355 -0.178355 
4.545 2 1 1 0 -0.0816 -0.0936 0.5904 0.0004 -0.005182 -0.103426 100 420 0.5 0.587973 0.587973 0 0.5 -0.175945 -0.175945 0 -0.175945 -0.175945 
4.560 2 1 1 0 -0.1249 -0.1113 0.5886 0.0004 -0.002591 -0.101501 100 430 0.5 0.586165 0.586165 0 0.5 -0.172331 -0.172331 0 -0.172331 -0.172331 
4.575 2 1 1 0 -0.1129 -0.1256 0.5868 0.0004 -0.005182 -0.096834 100 430 0.5 0.584358 0.584358 0 0.5 -0.168716 -0.168716 0 -0.168716 -0.168716 
4.590 2 1 1 0 -0.1442 -0.1387 0.5848 0.0004 -0.005182 -0.093669 100 420 0.5 0.58235 0.58235 0 0.5 -0.1647 -0.1647 0 -0.1647 -0.1647 
4.605 2 1 1 0 -0.1562 -0.1694 0.5825 0.0004 -0.007773 -0.089060 100 430 0.5 0.580141 0.580141 0 0.5 -0.160282 -0.160282 0 -0.160282 -0.160282 
4.620 2 1 1 0 -0.1453 -0.1505 0.5803 0.0005 -0.005182 -0.084273 100 430 0.5 0.577932 0.577932 0 0.5 -0.155865 -0.155865 0 -0.155865 -0.155865 
4.635 2 1 1 0 -0.1768 -0.1623 0.5775 0.0005 -0.005182 -0.080296 100 420 0.5 0.575121 0.575121 0 0.5 -0.150242 -0.150242 0 -0.150242 -0.150242 
4.650 2 1 1 0 -0.2019 -0.1802 0.5749 0.0005 -0.007773 -0.075443 100 430 0.5 0.57251 0.57251 0 0.5 -0.145021 -0.145021 0 -0.145021 -0.145021 
4.665 2 1 1 0 -0.1908 -0.1859 0.5721 0.0005 -0.007773 -0.069965 100 430 0.5 0.569699 0.569699 0 0.5 -0.139398 -0.139398 0 -0.139398 -0.139398 
4.680 2 1 1 0 -0.1686 -0.2065 0.5691 0.0005 -0.005182 -0.064658 100 420 0.5 0.566687 0.566687 0 0.5 -0.133374 -0.133374 0 -0.133374 -0.133374 
4.695 2 1 1 0 -0.1930 -0.1990 0.5661 0.0005 -0.007773 -0.059484 100 420 0.5 0.563675 0.563675 0 0.5 -0.12735 -0.12735 0 -0.12735 -0.12735 
4.710 2 1 1 0 -0.2266 -0.2387 0.5631 0.0006 -0.005182 -0.054754 100 410 0.5 0.560663 0.560663 0 0.5 -0.121326 -0.121326 0 -0.121326 -0.121326 
4.725 2 1 1 0 -0.2278 -0.2073 0.5599 0.0006 -0.005182 -0.050420 100 420 0.5 0.55745 0.55745 0 0.5 -0.1149 -0.1149 0 -0.1149 -0.1149 
4.740 2 1 1 0 -0.2417 -0.2325 0.5564 0.0006 -0.002591 -0.046566 100 430 0.5 0.554036 0.554036 0 0.5 -0.108072 -0.108072 0 -0.108072 -0.108072 
4.755 2 1 1 0 -0.2464 -0.2328 0.5530 0.0006 -0.005182 -0.042169 100 420 0.5 0.550622 0.550622 0 0.5 -0.101245 -0.101245 0 -0.101245 -0.101245 
4.770 2 1 1 0 -0.2615 -0.2468 0.5494 0.0006 -0.005182 -0.038208 100 430 0.5 0.547008 0.547008 0 0.5 -0.0940157 -0.0940157 0 -0.0940157 -0.0940157 
4.785 2 1 1 0 -0.2586 -0.2689 0.5460 0.0006 -0.002591 -0.033387 100 430 0.5 0.543594 0.543594 0 0.5 -0.0871882 -0.0871882 0 -0.0871882 -0.0871882 
4.800 2 1 1 0 -0.2641 -0.2510 0.5424 0.0007 -0.002591 -0.029495 100 430 0.5 0.53998 0.53998 0 0.5 -0.0799592 -0.0799592 0 -0.0799592 -0.0799592 
4.815 2 1 1 0 -0.2544 -0.2591 0.5388 0.0007 -0.002591 -0.024952 100 430 0.5 0.536365 0.536365 0 0.5 -0.0727301 -0.0727301 0 -0.0727301 -0.0727301 
4.830 2 1 1 0 -0.2822 -0.2304 0.5350 0.0007 -0.005182 -0.020852 100 420 0.5 0.53255 0.53255 0 0.5 -0.0650994 -0.0650994 0 -0.0650994 -0.0650994 
4.845 2 1 1 0 -0.2518 -0.2338 0.5313 0.0007 -0.005182 -0.016696 100 430 0.5 0.528935 0.528935 0 0.5 -0.0578703 -0.0578703 0 -0.0578703 -0.0578703 
4.860 2 1 1 0 -0.2543 -0.2419 0.5275 0.0007 -0.002591 -0.012426 100 430 0.5 0.52512 0.52512 0 0.5 -0.0502396 -0.0502396 0 -0.0502396 -0.0502396 
4.875 2 1 1 0 -0.2362 -0.2452 0.5237 0.0007 -0.005182 -0.008870 100 440 0.5 0.521304 0.521304 0 0.5 -0.0426089 -0.0426089 0 -0.0426089 -0.0426089 
4.890 2 1 1 0 -0.2460 -0.2457 0.5199 0.0007 -0.002591 -0.005376 100 430 0.5 0.517489 0.517489 0 0.5 -0.0349782 -0.0349782 0 -0.0349782 -0.0349782 
4.905 2 1 1 0 -0.2511 -0.2642 0.5163 0.0008 -0.002591 -0.001754 100 420 0.5 0.513875 0.513875 0 0.5 -0.0277491 -0.0277491 0 -0.0277491 -0.0277491 
4.920 2 1 1 0 -0.2520 -0.2436 0.5123 0.0008 -0.002591 0.001749 100 420 0.5 0.509858 0.509858 0 0.5 -0.0197167 -0.0197167 0 -0.0197167 -0.0197167 
4.935 2 1 1 0 -0.2360 -0.2530 0.5084 0.0008 -0.005182 0.005807 100 420 0.5 0.506043 0.506043 0 0.5 -0.012086 -0.012086 0 -0.012086 -0.012086 
4.950 2 1 1 0 -0.2437 -0.2549 0.5046 0.0008 -0.002591 0.008685 100 430 0.5 0.502228 0.502228 0 0.5 -0.00445533 -0.00445533 0 -0.00445533 -0.00445533 
4.965 2 1 1 0 -0.2650 -0.2465 0.5008 0.0008 -0.005182 0.012344 100 430 0.5 0.498412 0.498412 0 0.5 0.00317538 0.00317538 0 0.00317538 0.00317538 
4.980 2 1 1 0 -0.2736 -0.2805 0.4970 0.0008 -0.002591 0.014839 100 430 0.5 0.494597 0.494597 0 0.5 0.0108061 0.0108061 0 0.0108061 0.0108061 
4.995 2 1 1 0 -0.2635 -0.2384 0.4932 0.0008 -0.005182 0.017774 100 420 0.5 0.490782 0.490782 0 0.5 0.0184368 0.0184368 0 0.0184368 0.0184368 
5.010 2 1 2 0 -0.2619 -0.2550 0.4894 0.0008 -0.002591 0.020847 100 420 -0.5 -0.00200808 -0.00200808 0 -0.5 -0.995984 -0.995984 0 -0.995984 -0.995984 
5.025 2 1 2 0 -0.2441 -0.2489 0.4854 0.0008 -0.002591 0.023582 100 420 -0.5 -0.00602424 -0.00602424 0 -0.5 -0.987952 -0.987952 0 -0.987952 -0.987952 
5.040 2 1 2 0 -0.2674 -0.2734 0.4817 0.0009 -0.002591 0.026391 100 420 -0.5 -0.00963879 -0.00963879 0 -0.5 -0.980722 -0.980722 0 -0.980722 -0.980722 
5.055 2 1 2 0 -0.2476 -0.2448 0.4779 0.0009 0.000000 0.028046 100 420 -0.5 -0.0134541 -0.0134541 0 -0.5 -0.973092 -0.973092 0 -0.973092 -0.973092 
5.070 2 1 2 0 -0.2623 -0.2608 0.4743 0.0009 0.000000 0.030557 100 420 -0.5 -0.0170687 -0.0170687 0 -0.5 -0.965863 -0.965863 0 -0.965863 -0.965863 
5.085 2 1 2 0 -0.2335 -0.2334 0.4705 0.0009 -0.002591 0.032480 100 420 -0.5 -0.020884 -0.020884 0 -0.5 -0.958232 -0.958232 0 -0.958232 -0.958232 
5.100 2 1 2 0 -0.2620 -0.2342 0.4671 0.0009 0.000000 0.034559 100 380 -0.5 -0.0242978 -0.0242978 0 -0.5 -0.951404 -0.951404 0 -0.951404 -0.951404 
5.115 2 1 2 0 -0.2238 -0.2202 0.4633 0.0009 -0.002591 0.036190 100 430 -0.5 -0.0281131 -0.0281131 0 -0.5 -0.943774 -0.943774 0 -0.943774 -0.943774 
5.130 2 1 2 0 -0.2267 -0.2461 0.4599 0.0009 0.000000 0.037575 100 420 -0.5 -0.0315269 -0.0315269 0 -0.5 -0.936946 -0.936946 0 -0.936946 -0.936946 
5.145 2 1 2 0 -0.2331 -0.2329 0.4562 0.0009 0.000000 0.038620 100 420 -0.5 -0.0351414 -0.0351414 0 -0.5 -0.929717 -0.929717 0 -0.929717 -0.929717 
5.160 2 1 2 0 -0.2185 -0.2418 0.4528 0.0009 -0.002591 0.040115 100 410 -0.5 -0.0385551 -0.0385551 0 -0.5 -0.92289 -0.92289 0 -0.92289 -0.92289 
5.175 2 1 2 0 -0.2393 -0.2377 0.4494 0.0009 0.000000 0.041138 100 390 -0.5 -0.0419689 -0.0419689 0 -0.5 -0.916062 -0.916062 0 -0.916062 -0.916062 
5.190 2 1 2 0 -0.2004 -0.2236 0.4462 0.0009 0.000000 0.040881 100 420 -0.5 -0.0451818 -0.0451818 0 -0.5 -0.909636 -0.909636 0 -0.909636 -0.909636 
5.205 2 1 2 0 -0.2183 -0.2176 0.4430 0.0009 0.000000 0.042195 100 380 -0.5 -0.0483947 -0.0483947 0 -0.5 -0.903211 -0.903211 0 -0.903211 -0.903211 
5.220 2 1 2 0 -0.2128 -0.2054 0.4402 0.0009 0.000000 0.043033 100 390 -0.5 -0.0512061 -0.0512061 0 -0.5 -0.897588 -0.897588 0 -0.897588 -0.897588 
5.235 2 1 2 0 -0.2164 -0.2013 0.4370 0.0009 0.000000 0.043482 100 390 -0.5 -0.054419 -0.054419 0 -0.5 -0.891162 -0.891162 0 -0.891162 -0.891162 
5.250 2 1 2 0 -0.2058 -0.2157 0.4341 0.0009 0.000000 0.044038 100 390 -0.5 -0.0572303 -0.0572303 0 -0.5 -0.885539 -0.885539 0 -0.885539 -0.885539 
5.265 2 1 2 0 -0.1822 -0.1889 0.4311 0.0009 -0.002591 0.044526 100 430 -0.5 -0.0602424 -0.0602424 0 -0.5 -0.879515 -0.879515 0 -0.879515 -0.879515 
5.280 2 1 2 0 -0.1903 -0.1782 0.4283 0.0009 0.002591 0.044048 100 420 -0.5 -0.0630537 -0.0630537 0 -0.5 -0.873893 -0.873893 0 -0.873893 -0.873893 
5.295 2 1 2 0 -0.1921 -0.1891 0.4253 0.0009 0.000000 0.043289 100 390 -0.5 -0.0660658 -0.0660658 0 -0.5 -0.867868 -0.867868 0 -0.867868 -0.867868 
5.310 2 1 2 0 -0.1832 -0.1719 0.4225 0.0009 0.000000 0.042523 100 390 -0.5 -0.0688772 -0.0688772 0 -0.5 -0.862246 -0.862246 0 -0.862246 -0.862246 
5.325 2 1 2 0 -0.1847 -0.1798 0.4201 0.0009 0.000000 0.042538 100 380 -0.5 -0.0712869 -0.0712869 0 -0.5 -0.857426 -0.857426 0 -0.857426 -0.857426 
5.340 2 1 2 0 -0.1725 -0.1721 0.4173 0.0009 0.000000 0.042328 100 390 -0.5 -0.0740982 -0.0740982 0 -0.5 -0.851804 -0.851804 0 -0.851804 -0.851804 
5.355 2 1 2 0 -0.1811 -0.1883 0.4149 0.0009 0.000000 0.041883 100 390 -0.5 -0.0765079 -0.0765079 0 -0.5 -0.846984 -0.846984 0 -0.846984 -0.846984 
5.370 2 1 2 0 -0.1569 -0.1544 0.4123 0.0009 0.002591 0.042427 100 410 -0.5 -0.0791184 -0.0791184 0 -0.5 -0.841763 -0.841763 0 -0.841763 -0.841763 
5.385 2 1 2 0 -0.1425 -0.1599 0.4101 0.0009 0.000000 0.042130 100 390 -0.5 -0.0813273 -0.0813273 0 -0.5 -0.837345 -0.837345 0 -0.837345 -0.837345 
5.400 2 1 2 0 -0.1682 -0.1579 0.4074 0.0009 0.002591 0.041087 100 410 -0.5 -0.0839378 -0.0839378 0 -0.5 -0.832124 -0.832124 0 -0.832124 -0.832124 
5.415 2 1 2 0 -0.1693 -0.1517 0.4050 0.0009 0.002591 0.039843 100 410 -0.5 -0.0863475 -0.0863475 0 -0.5 -0.827305 -0.827305 0 -0.827305 -0.827305 
5.430 2 1 2 0 -0.1453 -0.1367 0.4030 0.0009 0.002591 0.039075 100 420 -0.5 -0.0883555 -0.0883555 0 -0.5 -0.823289 -0.823289 0 -0.823289 -0.823289 
5.445 2 1 2 0 -0.1643 -0.1427 0.4006 0.0009 0.002591 0.038331 100 400 -0.5 -0.0907652 -0.0907652 0 -0.5 -0.81847 -0.81847 0 -0.81847 -0.81847 
5.460 2 1 2 0 -0.1605 -0.1673 0.3986 0.0009 0.002591 0.038183 100 410 -0.5 -0.0927733 -0.0927733 0 -0.5 -0.814453 -0.814453 0 -0.814453 -0.814453 
5.475 2 1 2 0 -0.1206 -0.1197 0.3964 0.0008 0.000000 0.038348 100 410 -0.5 -0.0949822 -0.0949822 0 -0.5 -0.810036 -0.810036 0 -0.810036 -0.810036 
5.490 2 1 2 0 -0.1293 -0.1479 0.3944 0.0008 0.000000 0.037418 100 420 -0.5 -0.0969903 -0.0969903 0 -0.5 -0.806019 -0.806019 0 -0.806019 -0.806019 
5.505 2 1 2 0 -0.1348 -0.1276 0.3926 0.0008 0.002591 0.036759 100 410 -0.5 -0.0987976 -0.0987976 0 -0.5 -0.802405 -0.802405 0 -0.802405 -0.802405 
5.520 2 1 2 0 -0.1184 -0.1153 0.3906 0.0008 0.002591 0.037033 100 420 -0.5 -0.100806 -0.100806 0 -0.5 -0.798389 -0.798389 0 -0.798389 -0.798389 
5.535 2 1 2 0 -0.0926 -0.1284 0.3890 0.0008 0.002591 0.038856 100 410 -0.5 -0.102412 -0.102412 0 -0.5 -0.795176 -0.795176 0 -0.795176 -0.795176 
5.550 2 1 2 0 -0.1396 -0.0766 0.3876 0.0008 0.005182 0.039366 100 420 -0.5 -0.103818 -0.103818 0 -0.5 -0.792364 -0.792364 0 -0.792364 -0.792364 
5.565 2 1 2 0 -0.1088 -0.1367 0.3858 0.0008 0.002591 0.036350 100 420 -0.5 -0.105625 -0.105625 0 -0.5 -0.78875 -0.78875 0 -0.78875 -0.78875 
5.580 2 1 2 0 -0.1227 -0.0867 0.3839 0.0008 0.005182 0.031969 100 400 -0.5 -0.107432 -0.107432 0 -0.5 -0.785135 -0.785135 0 -0.785135 -0.785135 
5.595 2 1 2 0 -0.1061 -0.1199 0.3823 0.0008 0.005182 0.029791 100 400 -0.5 -0.109039 -0.109039 0 -0.5 -0.781922 -0.781922 0 -0.781922 -0.781922 
5.610 2 1 2 0 -0.0812 -0.1166 0.3809 0.0008 0.002591 0.029445 100 420 -0.5 -0.110444 -0.110444 0 -0.5 -0.779111 -0.779111 0 -0.779111 -0.779111 
5.625 2 1 2 0 -0.1211 -0.1304 0.3791 0.0008 0.005182 0.027976 100 420 -0.5 -0.112252 -0.112252 0 -0.5 -0.775497 -0.775497 0 -0.775497 -0.775497 
5.640 2 1 2 0 -0.1129 -0.1476 0.3773 0.0008 0.002591 0.025768 100 400 -0.5 -0.114059 -0.114059 0 -0.5 -0.771882 -0.771882 0 -0.771882 -0.771882 
5.655 2 1 2 0 -0.0646 -0.1155 0.3757 0.0008 0.002591 0.027237 100 420 -0.5 -0.115665 -0.115665 0 -0.5 -0.768669 -0.768669 0 -0.768669 -0.768669 
5.670 2 1 2 0 -0.0808 -0.0565 0.3745 0.0008 0.002591 0.029378 100 420 -0.5 -0.11687 -0.11687 0 -0.5 -0.766259 -0.766259 0 -0.766259 -0.766259 
5.685 2 1 2 0 -0.1270 -0.0931 0.3731 0.0008 0.000000 0.027592 100 420 -0.5 -0.118276 -0.118276 0 -0.5 -0.763448 -0.763448 0 -0.763448 -0.763448 
5.700 2 1 2 0 -0.1175 -0.1190 0.3713 0.0008 0.002591 0.023239 100 420 -0.5 -0.120083 -0.120083 0 -0.5 -0.759834 -0.759834 0 -0.759834 -0.759834 
5.715 2 1 2 0 -0.0512 -0.1200 0.3701 0.0008 0.002591 0.023791 100 420 -0.5 -0.121288 -0.121288 0 -0.5 -0.757424 -0.757424 0 -0.757424 -0.757424 
5.730 2 1 2 0 -0.1039 -0.0730 0.3689 0.0008 0.002591 0.025247 100 420 -0.5 -0.122493 -0.122493 0 -0.5 -0.755014 -0.755014 0 -0.755014 -0.755014 
5.745 2 1 2 0 -0.0574 -0.0713 0.3679 0.0008 0.000000 0.025390 100 380 -0.5 -0.123497 -0.123497 0 -0.5 -0.753006 -0.753006 0 -0.753006 -0.753006 
5.760 2 1 2 0 -0.1151 -0.0782 0.3665 0.0008 0.002591 0.023307 100 410 -0.5 -0.124903 -0.124903 0 -0.5 -0.750195 -0.750195 0 -0.750195 -0.750195 
5.775 2 1 2 0 -0.0895 -0.0741 0.3651 0.0008 0.000000 0.020076 100 380 -0.5 -0.126308 -0.126308 0 -0.5 -0.747383 -0.747383 0 -0.747383 -0.747383 
5.790 2 1 2 0 -0.1045 -0.0865 0.3641 0.0008 0.002591 0.019956 100 400 -0.5 -0.127312 -0.127312 0 -0.5 -0.745375 -0.745375 0 -0.745375 -0.745375 
5.805 2 1 2 0 -0.0530 -0.0584 0.3629 0.0008 0.002591 0.021076 100 400 -0.5 -0.128517 -0.128517 0 -0.5 -0.742966 -0.742966 0 -0.742966 -0.742966 
5.820 2 1 2 0 -0.0722 -0.0593 0.3621 0.0008 0.002591 0.020928 100 410 -0.5 -0.12932 -0.12932 0 -0.5 -0.741359 -0.741359 0 -0.741359 -0.741359 
5.835 2 1 2 0 -0.0756 -0.0610 0.3611 0.0008 0.005182 0.019704 100 420 -0.5 -0.130324 -0.130324 0 -0.5 -0.739351 -0.739351 0 -0.739351 -0.739351 
5.850 2 1 2 0 -0.0710 -0.0565 0.3603 0.0008 0.005182 0.020137 100 410 -0.5 -0.131128 -0.131128 0 -0.5 -0.737745 -0.737745 0 -0.737745 -0.737745 
5.865 2 1 2 0 -0.0513 -0.0498 0.3592 0.0008 0.002591 0.020450 100 420 -0.5 -0.132132 -0.132132 0 -0.5 -0.735737 -0.735737 0 -0.735737 -0.735737 
5.880 2 1 2 0 -0.0471 -0.0714 0.3584 0.0008 0.002591 0.019427 100 410 -0.5 -0.132935 -0.132935 0 -0.5 -0.73413 -0.73413 0 -0.73413 -0.73413 
5.895 2 1 2 0 -0.0277 -0.0281 0.3580 0.0008 0.002591 0.020251 100 420 -0.5 -0.133337 -0.133337 0 -0.5 -0.733327 -0.733327 0 -0.733327 -0.733327 
5.910 2 1 2 0 -0.0409 -0.0733 0.3574 0.0008 0.000000 0.020586 100 390 -0.5 -0.133939 -0.133939 0 -0.5 -0.732122 -0.732122 0 -0.732122 -0.732122 
5.925 2 1 2 0 -0.0618 -0.0347 0.3568 0.0008 0.002591 0.020410 100 420 -0.5 -0.134541 -0.134541 0 -0.5 -0.730917 -0.730917 0 -0.730917 -0.730917 
5.940 2 1 2 0 -0.0202 -0.0151 0.3568 0.0008 0.002591 0.021793 100 420 -0.5 -0.134541 -0.134541 0 -0.5 -0.730917 -0.730917 0 -0.730917 -0.730917 
5.955 2 1 2 0 -0.0115 -0.0109 0.3566 0.0008 0.000000 0.020764 100 370 -0.5 -0.134742 -0.134742 0 -0.5 -0.730516 -0.730516 0 -0.730516 -0.730516 
5.970 2 1 2 0 -0.0375 -0.0242 0.3560 0.0008 0.002591 0.017247 100 420 -0.5 -0.135345 -0.135345 0 -0.5 -0.729311 -0.729311 0 -0.729311 -0.729311 
5.985 2 1 2 0 -0.0398 -0.0388 0.3556 0.0008 0.002591 0.014381 100 420 -0.5 -0.135746 -0.135746 0 -0.5 -0.728508 -0.728508 0 -0.728508 -0.728508 
6.000 2 1 2 0 -0.0745 -0.0158 0.3556 0.0008 0.002591 0.014137 100 420 -0.5 -0.135746 -0.135746 0 -0.5 -0.728508 -0.728508 0 -0.728508 -0.728508 
6.015 2 1 2 0 -0.0257 -0.0106 0.3554 0.0007 0.000000 0.013054 100 420 -0.5 -0.135947 -0.135947 0 -0.5 -0.728106 -0.728106 0 -0.728106 -0.728106 
6.030 2 1 2 0 -0.0131 -0.0106 0.3554 0.0007 0.000000 0.011524 100 390 -0.5 -0.135947 -0.135947 0 -0.5 -0.728106 -0.728106 0 -0.728106 -0.728106 
6.045 2 1 2 0 -0.0088 -0.0106 0.3554 0.0007 0.000000 0.011370 100 390 -0.5 -0.135947 -0.135947 0 -0.5 -0.728106 -0.728106 0 -0.728106 -0.728106 
6.060 2 1 2 0 -0.0066 -0.0087 0.3554 0.0007 0.000000 0.009880 100 390 -0.5 -0.135947 -0.135947 0 -0.5 -0.728106 -0.728106 0 -0.728106 -0.728106 
6.075 2 1 2 0 -0.0053 -0.0082 0.3552 0.0008 -0.002591 0.009892 100 420 -0.5 -0.136148 -0.136148 0 -0.5 -0.727704 -0.727704 0 -0.727704 -0.727704 
6.090 2 1 2 0 -0.0051 -0.0082 0.3550 0.0008 0.000000 0.009640 100 370 -0.5 -0.136349 -0.136349 0 -0.5 -0.727303 -0.727303 0 -0.727303 -0.727303 
6.105 2 1 2 0 -0.0051 -0.0082 0.3550 0.0008 0.000000 0.009171 100 390 -0.5 -0.136349 -0.136349 0 -0.5 -0.727303 -0.727303 0 -0.727303 -0.727303 
6.120 2 1 2 0 -0.0051 -0.0069 0.3550 0.0008 0.000000 0.009485 100 390 -0.5 -0.136349 -0.136349 0 -0.5 -0.727303 -0.727303 0 -0.727303 -0.727303 
6.135 2 1 2 0 -0.0051 -0.0055 0.3550 0.0008 0.000000 0.009856 100 370 -0.5 -0.136349 -0.136349 0 -0.5 -0.727303 -0.727303 0 -0.727303 -0.727303 
6.150 2 1 2 0 -0.0051 -0.0046 0.3550 0.0008 0.000000 0.010590 100 390 -0.5 -0.136349 -0.136349 0 -0.5 -0.727303 -0.727303 0 -0.727303 -0.727303 
6.165 2 1 2 0 -0.0046 -0.0039 0.3550 0.0008 0.000000 0.011732 100 370 -0.5 -0.136349 -0.136349 0 -0.5 -0.727303 -0.727303 0 -0.727303 -0.727303 
6.180 2 1 2 0 -0.0039 -0.0034 0.3550 0.0008 0.000000 0.013079 100 380 -0.5 -0.136349 -0.136349 0 -0.5 -0.727303 -0.727303 0 -0.727303 -0.727303 
6.195 2 1 2 0 0.0037 0.0032 0.3554 0.0008 0.000000 0.014898 100 390 -0.5 -0.135947 -0.135947 0 -0.5 -0.728106 -0.728106 0 -0.728106 -0.728106 
6.210 2 1 2 0 0.0825 0.0670 0.3562 0.0008 0.000000 0.016871 100 380 -0.5 -0.135144 -0.135144 0 -0.5 -0.729712 -0.729712 0 -0.729712 -0.729712 
6.225 2 1 2 0 0.0247 0.0210 0.3562 0.0008 0.000000 0.015361 100 390 -0.5 -0.135144 -0.135144 0 -0.5 -0.729712 -0.729712 0 -0.729712 -0.729712 
6.240 2 1 2 0 0.0173 0.0535 0.3568 0.0008 0.002591 0.015298 100 420 -0.5 -0.134541 -0.134541 0 -0.5 -0.730917 -0.730917 0 -0.730917 -0.730917 
6.255 2 1 2 0 0.0274 0.0214 0.3572 0.0008 0.002591 0.013525 100 400 -0.5 -0.13414 -0.13414 0 -0.5 -0.73172 -0.73172 0 -0.73172 -0.73172 
6.270 2 1 2 0 0.0963 0.0390 0.3580 0.0008 0.002591 0.013219 100 420 -0.5 -0.133337 -0.133337 0 -0.5 -0.733327 -0.733327 0 -0.733327 -0.733327 
6.285 2 1 2 0 0.0285 0.0767 0.3586 0.0008 0.005182 0.008451 100 420 -0.5 -0.132734 -0.132734 0 -0.5 -0.734532 -0.734532 0 -0.734532 -0.734532 
6.300 2 1 2 0 0.0741 0.0645 0.3596 0.0008 0.002591 0.004284 100 410 -0.5 -0.13173 -0.13173 0 -0.5 -0.73654 -0.73654 0 -0.73654 -0.73654 
6.315 2 1 2 0 0.0672 0.0461 0.3605 0.0008 0.002591 0.001075 100 430 -0.5 -0.130927 -0.130927 0 -0.5 -0.738146 -0.738146 0 -0.738146 -0.738146 
6.330 2 1 2 0 0.0385 0.1068 0.3615 0.0008 0.005182 -0.001932 100 420 -0.5 -0.129923 -0.129923 0 -0.5 -0.740154 -0.740154 0 -0.740154 -0.740154 
6.345 2 1 2 0 0.0741 0.0695 0.3623 0.0008 0.005182 -0.005427 100 420 -0.5 -0.12912 -0.12912 0 -0.5 -0.741761 -0.741761 0 -0.741761 -0.741761 
6.360 2 1 2 0 0.0528 0.0399 0.3631 0.0008 0.005182 -0.010053 100 420 -0.5 -0.128316 -0.128316 0 -0.5 -0.743367 -0.743367 0 -0.743367 -0.743367 
6.375 2 1 2 0 0.0630 0.0749 0.3641 0.0008 0.007773 -0.010178 100 420 -0.5 -0.127312 -0.127312 0 -0.5 -0.745375 -0.745375 0 -0.745375 -0.745375 
6.390 2 1 2 0 0.0415 0.0573 0.3649 0.0008 0.007773 -0.012266 100 410 -0.5 -0.126509 -0.126509 0 -0.5 -0.746982 -0.746982 0 -0.746982 -0.746982 
6.405 2 1 2 0 0.0540 0.0682 0.3657 0.0008 0.007773 -0.014659 100 420 -0.5 -0.125706 -0.125706 0 -0.5 -0.748588 -0.748588 0 -0.748588 -0.748588 
6.420 2 1 2 0 0.0666 0.0454 0.3667 0.0008 0.005182 -0.015886 100 410 -0.5 -0.124702 -0.124702 0 -0.5 -0.750596 -0.750596 0 -0.750596 -0.750596 
6.435 2 1 2 0 0.0795 0.0894 0.3677 0.0008 0.007773 -0.014691 100 420 -0.5 -0.123698 -0.123698 0 -0.5 -0.752604 -0.752604 0 -0.752604 -0.752604 
6.450 2 1 2 0 0.0522 0.0572 0.3687 0.0008 0.005182 -0.016341 100 420 -0.5 -0.122694 -0.122694 0 -0.5 -0.754613 -0.754613 0 -0.754613 -0.754613 
6.465 2 1 2 0 0.0682 0.0435 0.3697 0.0008 0.002591 -0.017991 100 430 -0.5 -0.12169 -0.12169 0 -0.5 -0.756621 -0.756621 0 -0.756621 -0.756621 
6.480 2 1 2 0 0.0661 0.0493 0.3705 0.0008 0.002591 -0.018067 100 410 -0.5 -0.120886 -0.120886 0 -0.5 -0.758227 -0.758227 0 -0.758227 -0.758227 
6.495 2 1 2 0 0.0682 0.1075 0.3715 0.0008 0.005182 -0.017713 100 420 -0.5 -0.119882 -0.119882 0 -0.5 -0.760235 -0.760235 0 -0.760235 -0.760235 
6.510 2 1 2 0 0.0549 0.0343 0.3721 0.0008 0.002591 -0.020706 100 420 -0.5 -0.11928 -0.11928 0 -0.5 -0.76144 -0.76144 0 -0.76144 -0.76144 
6.525 2 1 2 0 0.0381 0.0531 0.3729 0.0008 0.002591 -0.022697 100 420 -0.5 -0.118477 -0.118477 0 -0.5 -0.763047 -0.763047 0 -0.763047 -0.763047 
6.540 2 1 2 0 0.0753 0.0501 0.3737 0.0008 0.002591 -0.021744 100 400 -0.5 -0.117674 -0.117674 0 -0.5 -0.764653 -0.764653 0 -0.764653 -0.764653 
6.555 2 1 2 0 0.0426 0.0956 0.3749 0.0008 0.007773 -0.021999 100 420 -0.5 -0.116469 -0.116469 0 -0.5 -0.767063 -0.767063 0 -0.767063 -0.767063 
6.570 2 1 2 0 0.0750 0.0412 0.3757 0.0008 0.002591 -0.024326 100 410 -0.5 -0.115665 -0.115665 0 -0.5 -0.768669 -0.768669 0 -0.768669 -0.768669 
6.585 2 1 2 0 0.0338 0.0326 0.3761 0.0008 0.002591 -0.026456 100 420 -0.5 -0.115264 -0.115264 0 -0.5 -0.769472 -0.769472 0 -0.769472 -0.769472 
6.600 2 1 2 0 0.0209 0.0157 0.3765 0.0009 0.002591 -0.025717 100 420 -0.5 -0.114862 -0.114862 0 -0.5 -0.770276 -0.770276 0 -0.770276 -0.770276 
6.615 2 1 2 0 0.0968 0.0828 0.3777 0.0009 0.002591 -0.021142 100 410 -0.5 -0.113657 -0.113657 0 -0.5 -0.772685 -0.772685 0 -0.772685 -0.772685 
6.630 2 1 2 0 0.0406 0.0346 0.3783 0.0009 0.000000 -0.021328 100 380 -0.5 -0.113055 -0.113055 0 -0.5 -0.77389 -0.77389 0 -0.77389 -0.77389 
6.645 2 1 2 0 0.0799 0.0511 0.3791 0.0009 0.000000 -0.022956 100 370 -0.5 -0.112252 -0.112252 0 -0.5 -0.775497 -0.775497 0 -0.775497 -0.775497 
6.660 2 1 2 0 0.0349 0.0512 0.3797 0.0009 0.002591 -0.024780 100 420 -0.5 -0.111649 -0.111649 0 -0.5 -0.776701 -0.776701 0 -0.776701 -0.776701 
6.675 2 1 2 0 0.0788 0.0373 0.3803 0.0009 0.000000 -0.025413 100 420 -0.5 -0.111047 -0.111047 0 -0.5 -0.777906 -0.777906 0 -0.777906 -0.777906 
6.690 2 1 2 0 0.0347 0.0899 0.3809 0.0009 0.002591 -0.026613 100 420 -0.5 -0.110444 -0.110444 0 -0.5 -0.779111 -0.779111 0 -0.779111 -0.779111 
6.705 2 1 2 0 0.1301 0.0430 0.3819 0.0009 0.000000 -0.026893 100 420 -0.5 -0.10944 -0.10944 0 -0.5 -0.781119 -0.781119 0 -0.781119 -0.781119 
6.720 2 1 2 0 0.0373 0.0553 0.3825 0.0009 0.002591 -0.029446 100 410 -0.5 -0.108838 -0.108838 0 -0.5 -0.782324 -0.782324 0 -0.782324 -0.782324 
6.735 2 1 2 0 0.0156 0.0219 0.3825 0.0009 0.002591 -0.031809 100 420 -0.5 -0.108838 -0.108838 0 -0.5 -0.782324 -0.782324 0 -0.782324 -0.782324 
6.750 2 1 2 0 0.0122 0.0120 0.3827 0.0009 0.000000 -0.029671 100 380 -0.5 -0.108637 -0.108637 0 -0.5 -0.782726 -0.782726 0 -0.782726 -0.782726 
6.765 2 1 2 0 0.0426 0.0447 0.3835 0.0009 0.000000 -0.026277 100 380 -0.5 -0.107834 -0.107834 0 -0.5 -0.784332 -0.784332 0 -0.784332 -0.784332 
6.780 2 1 2 0 0.0415 0.0318 0.3839 0.0009 0.000000 -0.024971 100 390 -0.5 -0.107432 -0.107432 0 -0.5 -0.785135 -0.785135 0 -0.785135 -0.785135 
6.795 2 1 2 0 0.0163 0.0145 0.3839 0.0009 0.000000 -0.026551 100 390 -0.5 -0.107432 -0.107432 0 -0.5 -0.785135 -0.785135 0 -0.785135 -0.785135 
6.810 2 1 2 0 0.0101 0.0094 0.3839 0.0009 0.000000 -0.026390 100 370 -0.5 -0.107432 -0.107432 0 -0.5 -0.785135 -0.785135 0 -0.785135 -0.785135 
6.825 2 1 2 0 0.0092 0.0070 0.3841 0.0009 -0.002591 -0.023826 100 400 -0.5 -0.107231 -0.107231 0 -0.5 -0.785537 -0.785537 0 -0.785537 -0.785537 
6.840 2 1 2 0 0.0689 0.0489 0.3850 0.0009 -0.002591 -0.020844 100 420 -0.5 -0.106428 -0.106428 0 -0.5 -0.787143 -0.787143 0 -0.787143 -0.787143 
6.855 2 1 2 0 0.0236 0.0173 0.3850 0.0009 -0.002591 -0.023329 100 420 -0.5 -0.106428 -0.106428 0 -0.5 -0.787143 -0.787143 0 -0.787143 -0.787143 
6.870 2 1 2 0 0.0125 0.0105 0.3850 0.0009 -0.002591 -0.024653 100 410 -0.5 -0.106428 -0.106428 0 -0.5 -0.787143 -0.787143 0 -0.787143 -0.787143 
6.885 2 1 2 0 0.0085 0.0075 0.3850 0.0009 -0.002591 -0.024352 100 420 -0.5 -0.106428 -0.106428 0 -0.5 -0.787143 -0.787143 0 -0.787143 -0.787143 
6.900 2 1 2 0 0.0065 0.0059 0.3850 0.0009 -0.002591 -0.022524 100 410 -0.5 -0.106428 -0.106428 0 -0.5 -0.787143 -0.787143 0 -0.787143 -0.787143 
6.915 2 1 2 0 0.0052 0.0048 0.3850 0.0009 -0.002591 -0.020854 100 400 -0.5 -0.106428 -0.106428 0 -0.5 -0.787143 -0.787143 0 -0.787143 -0.787143 
6.930 2 1 2 0 0.0044 0.0041 0.3850 0.0009 -0.002591 -0.020129 100 420 -0.5 -0.106428 -0.106428 0 -0.5 -0.787143 -0.787143 0 -0.787143 -0.787143 
6.945 2 1 2 0 0.0038 0.0035 0.3850 0.0009 -0.002591 -0.019809 100 420 -0.5 -0.106428 -0.106428 0 -0.5 -0.787143 -0.787143 0 -0.787143 -0.787143 
6.960 2 1 2 0 0.0033 0.0031 0.3850 0.0009 -0.002591 -0.019047 100 410 -0.5 -0.106428 -0.106428 0 -0.5 -0.787143 -0.787143 0 -0.787143 -0.787143 
6.975 2 1 2 0 0.0029 0.0028 0.3850 0.0009 -0.002591 -0.018777 100 400 -0.5 -0.106428 -0.106428 0 -0.5 -0.787143 -0.787143 0 -0.787143 -0.787143 
6.990 2 1 2 0 0.0026 0.0025 0.3850 0.0009 -0.002591 -0.018877 100 410 -0.5 -0.106428 -0.106428 0 -0.5 -0.787143 -0.787143 0 -0.787143 -0.787143 
7.005 2 1 2 0 0.0024 0.0023 0.3850 0.0009 -0.002591 -0.019033 100 410 -0.5 -0.106428 -0.106428 0 -0.5 -0.787143 -0.787143 0 -0.787143 -0.787143 
7.020 2 1 2 0 0.0022 0.0021 0.3850 0.0009 -0.002591 -0.019274 100 400 -0.5 -0.106428 -0.106428 0 -0.5 -0.787143 -0.787143 0 -0.787143 -0.787143 
7.035 2 1 2 0 0.0020 0.0020 0.3850 0.0009 -0.002591 -0.020028 100 400 -0.5 -0.106428 -0.106428 0 -0.5 -0.787143 -0.787143 0 -0.787143 -0.787143 
7.050 2 1 2 0 0.0019 0.0018 0.3850 0.0009 -0.002591 -0.020984 100 410 -0.5 -0.106428 -0.106428 0 -0.5 -0.787143 -0.787143 0 -0.787143 -0.787143 
7.065 2 1 2 0 0.0018 0.0017 0.3850 0.0009 -0.002591 -0.022018 100 410 -0.5 -0.106428 -0.106428 0 -0.5 -0.787143 -0.787143 0 -0.787143 -0.787143 
7.080 2 1 2 0 -0.0017 0.0016 0.3848 0.0009 0.000000 -0.023079 100 390 -0.5 -0.106629 -0.106629 0 -0.5 -0.786742 -0.786742 0 -0.786742 -0.786742 
7.095 2 1 2 0 -0.0017 -0.0016 0.3845 0.0009 -0.002591 -0.022139 100 410 -0.5 -0.10683 -0.10683 0 -0.5 -0.78634 -0.78634 0 -0.78634 -0.78634 
7.110 2 1 2 0 -0.0133 -0.0164 0.3841 0.0009 -0.002591 -0.022013 100 420 -0.5 -0.107231 -0.107231 0 -0.5 -0.785537 -0.785537 0 -0.785537 -0.785537 
7.125 2 1 2 0 -0.0133 -0.0361 0.3839 0.0009 -0.005182 -0.021234 100 410 -0.5 -0.107432 -0.107432 0 -0.5 -0.785135 -0.785135 0 -0.785135 -0.785135 
7.140 2 1 2 0 -0.0155 -0.0154 0.3837 0.0009 -0.002591 -0.018500 100 420 -0.5 -0.107633 -0.107633 0 -0.5 -0.784734 -0.784734 0 -0.784734 -0.784734 
7.155 2 1 2 0 -0.0150 -0.0791 0.3833 0.0009 -0.007773 -0.018764 100 420 -0.5 -0.108035 -0.108035 0 -0.5 -0.783931 -0.783931 0 -0.783931 -0.783931 
7.170 2 1 2 0 -0.0560 -0.0360 0.3827 0.0009 -0.005182 -0.016717 100 420 -0.5 -0.108637 -0.108637 0 -0.5 -0.782726 -0.782726 0 -0.782726 -0.782726 
7.185 2 1 2 0 -0.0181 -0.0154 0.3827 0.0009 -0.005182 -0.012817 100 410 -0.5 -0.108637 -0.108637 0 -0.5 -0.782726 -0.782726 0 -0.782726 -0.782726 
7.200 2 1 2 0 -0.0108 -0.0097 0.3825 0.0009 -0.007773 -0.012048 100 420 -0.5 -0.108838 -0.108838 0 -0.5 -0.782324 -0.782324 0 -0.782324 -0.782324 
7.215 2 1 2 0 -0.0960 -0.0783 0.3815 0.0009 -0.005182 -0.014612 100 410 -0.5 -0.109842 -0.109842 0 -0.5 -0.780316 -0.780316 0 -0.780316 -0.780316 
7.230 2 1 2 0 -0.0281 -0.0248 0.3813 0.0009 -0.002591 -0.013649 100 420 -0.5 -0.110043 -0.110043 0 -0.5 -0.779914 -0.779914 0 -0.779914 -0.779914 
7.245 2 1 2 0 -0.0168 -0.0471 0.3807 0.0009 -0.005182 -0.012164 100 420 -0.5 -0.110645 -0.110645 0 -0.5 -0.77871 -0.77871 0 -0.77871 -0.77871 
7.260 2 1 2 0 -0.0295 -0.0291 0.3803 0.0009 -0.005182 -0.009499 100 420 -0.5 -0.111047 -0.111047 0 -0.5 -0.777906 -0.777906 0 -0.777906 -0.777906 
7.275 2 1 2 0 -0.0396 -0.0298 0.3797 0.0009 -0.002591 -0.008448 100 420 -0.5 -0.111649 -0.111649 0 -0.5 -0.776701 -0.776701 0 -0.776701 -0.776701 
7.290 2 1 2 0 -0.0289 -0.0526 0.3791 0.0009 -0.005182 -0.006815 100 420 -0.5 -0.112252 -0.112252 0 -0.5 -0.775497 -0.775497 0 -0.775497 -0.775497 
7.305 2 1 2 0 -0.0334 -0.0279 0.3787 0.0009 -0.005182 -0.005169 100 420 -0.5 -0.112653 -0.112653 0 -0.5 -0.774693 -0.774693 0 -0.774693 -0.774693 
7.320 2 1 2 0 -0.0522 -0.0187 0.3783 0.0009 0.000000 -0.004938 100 380 -0.5 -0.113055 -0.113055 0 -0.5 -0.77389 -0.77389 0 -0.77389 -0.77389 
7.335 2 1 2 0 -0.0457 -0.0345 0.3777 0.0009 -0.002591 -0.005238 100 410 -0.5 -0.113657 -0.113657 0 -0.5 -0.772685 -0.772685 0 -0.772685 -0.772685 
7.350 2 1 2 0 -0.0173 -0.0255 0.3777 0.0009 -0.002591 -0.003484 100 400 -0.5 -0.113657 -0.113657 0 -0.5 -0.772685 -0.772685 0 -0.772685 -0.772685 
7.365 2 1 2 0 -0.0139 -0.0133 0.3773 0.0009 -0.002591 -0.003394 100 410 -0.5 -0.114059 -0.114059 0 -0.5 -0.771882 -0.771882 0 -0.771882 -0.771882 
7.380 2 1 2 0 -0.0536 -0.0510 0.3765 0.0009 -0.002591 -0.002944 100 420 -0.5 -0.114862 -0.114862 0 -0.5 -0.770276 -0.770276 0 -0.770276 -0.770276 
7.395 2 1 2 0 -0.0179 -0.0176 0.3765 0.0009 -0.002591 -0.000537 100 420 -0.5 -0.114862 -0.114862 0 -0.5 -0.770276 -0.770276 0 -0.770276 -0.770276 
7.410 2 1 2 0 -0.0128 -0.0113 0.3761 0.0009 -0.002591 -0.000016 100 420 -0.5 -0.115264 -0.115264 0 -0.5 -0.769472 -0.769472 0 -0.769472 -0.769472 
7.425 2 1 2 0 -0.0336 -0.0642 0.3755 0.0009 -0.005182 -0.000629 100 420 -0.5 -0.115866 -0.115866 0 -0.5 -0.768268 -0.768268 0 -0.768268 -0.768268 
7.440 2 1 2 0 -0.0215 -0.0228 0.3753 0.0009 -0.002591 -0.000522 100 420 -0.5 -0.116067 -0.116067 0 -0.5 -0.767866 -0.767866 0 -0.767866 -0.767866 
7.455 2 1 2 0 -0.0228 -0.0123 0.3751 0.0009 0.000000 -0.001517 100 370 -0.5 -0.116268 -0.116268 0 -0.5 -0.767464 -0.767464 0 -0.767464 -0.767464 
7.470 2 1 2 0 -0.0242 -0.0126 0.3747 0.0009 0.000000 -0.001602 100 390 -0.5 -0.116669 -0.116669 0 -0.5 -0.766661 -0.766661 0 -0.766661 -0.766661 
7.485 2 1 2 0 -0.0203 -0.0173 0.3745 0.0009 -0.002591 -0.001674 100 410 -0.5 -0.11687 -0.11687 0 -0.5 -0.766259 -0.766259 0 -0.766259 -0.766259 
7.500 2 1 2 0 -0.0678 -0.0366 0.3739 0.0009 0.000000 -0.002518 100 390 -0.5 -0.117473 -0.117473 0 -0.5 -0.765055 -0.765055 0 -0.765055 -0.765055 
7.515 2 1 2 0 -0.0237 -0.0176 0.3737 0.0009 -0.002591 -0.001090 100 420 -0.5 -0.117674 -0.117674 0 -0.5 -0.764653 -0.764653 0 -0.764653 -0.764653 
7.530 2 1 2 0 -0.0141 -0.0176 0.3735 0.0009 0.000000 -0.000099 100 390 -0.5 -0.117874 -0.117874 0 -0.5 -0.764251 -0.764251 0 -0.764251 -0.764251 
7.545 2 1 2 0 -0.0141 -0.0140 0.3733 0.0009 -0.002591 -0.000628 100 400 -0.5 -0.118075 -0.118075 0 -0.5 -0.76385 -0.76385 0 -0.76385 -0.76385 
7.560 2 1 2 0 -0.0197 -0.0140 0.3731 0.0009 0.000000 -0.000680 100 380 -0.5 -0.118276 -0.118276 0 -0.5 -0.763448 -0.763448 0 -0.763448 -0.763448 
7.575 2 1 2 0 -0.0151 -0.0151 0.3727 0.0009 0.000000 -0.000793 100 370 -0.5 -0.118678 -0.118678 0 -0.5 -0.762645 -0.762645 0 -0.762645 -0.762645 
7.590 2 1 2 0 -0.0151 -0.0151 0.3727 0.0009 0.000000 -0.001200 100 380 -0.5 -0.118678 -0.118678 0 -0.5 -0.762645 -0.762645 0 -0.762645 -0.762645 
7.605 2 1 2 0 -0.0122 -0.0102 0.3727 0.0009 0.000000 -0.001179 100 350 -0.5 -0.118678 -0.118678 0 -0.5 -0.762645 -0.762645 0 -0.762645 -0.762645 
