%% logfile from robot Alma (11)
% Alma (11)
%  1    time 2.013 sec
%  2  3  4  5   (mission 0), state 2, entered (thread 1, line 1), events 0x0 (bit-flags)
%  6  7 Wheel velocity [m/s] left, right: -0.0038 -0.0043
%  8  9 10 11 Pose x,y,h,tilt [m,m,rad,rad]: -0.0341898 0.00414217 1.39698e-09 0.0138044
% 12 13 read sensor time [us]: 100 and ctrl time 390
% 14 23 ctrl bal pos, ref=0.5, m=0, m2=0, uf=0, r2=0.5, ep=0.9,up=0.452804, ui=0, u1=0.452804, u=0.452804
2.013 2 1 1 0 -0.0038 -0.0043 -0.0342 0.0041 0.000000 0.013804 100 390 0.5 0 0 0 0.5 0.9 0.452804 0 0.452804 0.452804 
2.053 2 1 1 0 -0.0027 -0.0030 -0.0342 0.0041 0.000000 0.019134 100 390 0.5 0 0 0 0.5 0.9 0.461658 0 0.461658 0.461658 
2.093 2 1 1 0 -0.0022 -0.0023 -0.0342 0.0041 0.000000 0.027041 100 390 0.5 0 0 0 0.5 0.9 0.470338 0 0.470338 0.470338 
2.133 2 1 1 0 -0.0018 -0.0019 -0.0342 0.0041 0.000000 0.038226 100 390 0.5 0 0 0 0.5 0.9 0.478845 0 0.478845 0.478845 
2.173 2 1 1 0 -0.0015 0.0016 -0.0340 0.0041 0.002591 0.053631 100 430 0.5 0.000200812 0.00199022 0 0.5 0.896418 0.485393 0 0.485393 0.485393 
2.213 2 1 1 0 0.0224 0.0547 -0.0326 0.0041 0.000000 0.068793 100 400 0.5 0.00160649 0.0112051 0 0.5 0.879831 0.485149 0 0.485149 0.485149 
2.253 2 1 1 0 0.0694 0.0838 -0.0306 0.0042 0.005182 0.076385 100 420 0.5 0.00361461 0.0208862 0 0.5 0.862405 0.484174 0 0.484174 0.484174 
2.293 2 1 1 0 0.0983 0.1081 -0.0266 0.0042 0.005182 0.078026 100 440 0.5 0.00763085 0.0409758 0 0.5 0.826244 0.473409 0 0.473409 0.473409 
2.333 2 1 1 0 0.1382 0.1238 -0.0217 0.0042 0.005182 0.075019 100 440 0.5 0.0124503 0.0581579 0 0.5 0.795316 0.464795 0 0.464795 0.464795 
2.373 2 1 1 0 0.1723 0.1511 -0.0157 0.0042 0.005182 0.069547 100 430 0.5 0.0184747 0.0766771 0 0.5 0.761981 0.454503 0 0.454503 0.454503 
2.413 2 1 1 0 0.1424 0.1874 -0.0089 0.0042 0.005182 0.063013 100 420 0.5 0.0253023 0.093743 0 0.5 0.731263 0.445068 0 0.445068 0.445068 
2.453 2 1 1 0 0.2112 0.1926 -0.0011 0.0043 0.002591 0.056499 100 440 0.5 0.033134 0.112349 0 0.5 0.697771 0.433807 0 0.433807 0.433807 
2.493 2 1 1 0 0.1758 0.1995 0.0072 0.0043 0.005182 0.050882 100 440 0.5 0.0413673 0.127961 0 0.5 0.669669 0.424835 0 0.424835 0.424835 
2.533 2 1 1 0 0.2177 0.2361 0.0162 0.0043 0.002591 0.045846 100 440 0.5 0.0504038 0.145601 0 0.5 0.637918 0.41365 0 0.41365 0.41365 
2.573 2 1 1 0 0.2655 0.2106 0.0255 0.0044 0.002591 0.042033 100 440 0.5 0.0596411 0.159885 0 0.5 0.612207 0.40511 0 0.40511 0.40511 
2.613 2 1 1 0 0.2687 0.2764 0.0355 0.0044 0.002591 0.038463 100 440 0.5 0.0696817 0.176929 0 0.5 0.581528 0.39371 0 0.39371 0.39371 
2.653 2 1 1 0 0.2406 0.2549 0.0459 0.0044 0.002591 0.035452 100 430 0.5 0.0801239 0.19307 0 0.5 0.552474 0.382753 0 0.382753 0.382753 
2.693 2 1 1 0 0.3205 0.2792 0.0570 0.0044 0.005182 0.033315 100 440 0.5 0.0911686 0.210368 0 0.5 0.521338 0.370385 0 0.370385 0.370385 
2.733 2 1 1 0 0.2852 0.2783 0.0686 0.0045 0.005182 0.030153 100 440 0.5 0.102816 0.228709 0 0.5 0.488324 0.356701 0 0.356701 0.356701 
2.773 2 1 1 0 0.3677 0.3119 0.0807 0.0046 0.005182 0.026605 100 440 0.5 0.114864 0.246099 0 0.5 0.457022 0.343495 0 0.343495 0.343495 
2.813 2 1 1 0 0.3183 0.2990 0.0935 0.0046 0.005182 0.022456 100 440 0.5 0.127716 0.266048 0 0.5 0.421113 0.327593 0 0.327593 0.327593 
2.853 2 1 1 0 0.3175 0.3368 0.1068 0.0047 0.005182 0.017079 100 440 0.5 0.14097 0.285084 0 0.5 0.386848 0.312129 0 0.312129 0.312129 
2.893 2 1 1 0 0.3571 0.3542 0.1204 0.0048 0.005182 0.012067 100 440 0.5 0.154625 0.304002 0 0.5 0.352796 0.296408 0 0.296408 0.296408 
2.933 2 1 1 0 0.3781 0.3409 0.1343 0.0049 0.007773 0.006585 100 440 0.5 0.168481 0.320886 0 0.5 0.322405 0.282155 0 0.282155 0.282155 
2.973 2 1 1 0 0.3176 0.3756 0.1485 0.0049 0.005182 0.002652 100 440 0.5 0.182739 0.339089 0 0.5 0.28964 0.266385 0 0.266385 0.266385 
3.013 2 1 1 0 0.3620 0.3748 0.1632 0.0050 0.002591 -0.002121 100 440 0.5 0.197399 0.358199 0 0.5 0.255242 0.249461 0 0.249461 0.249461 
3.053 2 1 1 0 0.3415 0.3676 0.1779 0.0050 0.000000 -0.008922 100 450 0.5 0.212058 0.374568 0 0.5 0.225777 0.234674 0 0.234674 0.234674 
3.093 2 1 1 0 0.3731 0.3813 0.1929 0.0050 -0.002591 -0.015615 100 440 0.5 0.227119 0.393522 0 0.5 0.19166 0.217268 0 0.217268 0.217268 
3.133 2 1 1 0 0.3548 0.3436 0.2074 0.0050 -0.002591 -0.022264 100 440 0.5 0.241578 0.406038 0 0.5 0.169132 0.205391 0 0.205391 0.205391 
3.173 2 1 1 0 0.3382 0.3574 0.2218 0.0049 -0.002591 -0.026297 100 440 0.5 0.256037 0.419476 0 0.5 0.144944 0.192459 0 0.192459 0.192459 
3.213 2 1 1 0 0.3484 0.3258 0.2363 0.0049 -0.002591 -0.029535 100 430 0.5 0.270495 0.433615 0 0.5 0.119493 0.178671 0 0.178671 0.178671 
3.253 2 1 1 0 0.3837 0.3406 0.2504 0.0048 -0.002591 -0.032927 100 440 0.5 0.284552 0.444571 0 0.5 0.0997713 0.16753 0 0.16753 0.16753 
3.293 2 1 1 0 0.3135 0.3780 0.2646 0.0048 0.000000 -0.034595 100 410 0.5 0.29881 0.45892 0 0.5 0.0739431 0.153142 0 0.153142 0.153142 
3.333 2 1 1 0 0.3330 0.3901 0.2783 0.0048 0.000000 -0.039363 100 400 0.5 0.312465 0.468629 0 0.5 0.0564676 0.14274 0 0.14274 0.14274 
3.373 2 1 1 0 0.3777 0.3275 0.2921 0.0048 0.002591 -0.043252 100 430 0.5 0.32632 0.482434 0 0.5 0.0316192 0.128487 0 0.128487 0.128487 
3.413 2 1 1 0 0.3583 0.3364 0.3054 0.0049 0.002591 -0.047685 100 440 0.5 0.339574 0.492307 0 0.5 0.0138475 0.117616 0 0.117616 0.117616 
3.453 2 1 1 0 0.3066 0.2992 0.3180 0.0049 0.000000 -0.055237 100 400 0.5 0.352225 0.49899 0 0.5 0.00181875 0.109486 0 0.109486 0.109486 
3.493 2 1 1 0 0.3258 0.2778 0.3301 0.0049 -0.005182 -0.058108 100 440 0.5 0.364273 0.504791 0 0.5 -0.00862384 0.102085 0 0.102085 0.102085 
3.533 2 1 1 0 0.3062 0.3156 0.3419 0.0048 -0.002591 -0.057200 100 430 0.5 0.376121 0.512723 0 0.5 -0.0229013 0.0926902 0 0.0926902 0.0926902 
3.573 2 1 1 0 0.3058 0.2612 0.3532 0.0048 -0.002591 -0.059410 100 430 0.5 0.387366 0.518008 0 0.5 -0.0324135 0.0855904 0 0.0855904 0.0855904 
3.613 2 1 1 0 0.2498 0.2448 0.3638 0.0048 0.000000 -0.060446 100 410 0.5 0.398009 0.522316 0 0.5 -0.0401688 0.0793329 0 0.0793329 0.0793329 
3.653 2 1 1 0 0.2357 0.2325 0.3737 0.0047 -0.002591 -0.060421 100 440 0.5 0.407849 0.524196 0 0.5 -0.0435522 0.0752506 0 0.0752506 0.0752506 
3.693 2 1 1 0 0.2111 0.2444 0.3831 0.0047 -0.005182 -0.058312 100 440 0.5 0.417287 0.52765 0 0.5 -0.0497698 0.0697514 0 0.0697514 0.0697514 
3.733 2 1 1 0 0.2013 0.1964 0.3921 0.0047 -0.002591 -0.057124 100 430 0.5 0.426323 0.531554 0 0.5 -0.0567976 0.0638295 0 0.0638295 0.0638295 
3.773 2 1 1 0 0.1826 0.1875 0.4002 0.0047 -0.002591 -0.058127 100 430 0.5 0.434355 0.5307 0 0.5 -0.0552595 0.0622026 0 0.0622026 0.0622026 
3.813 2 1 1 0 0.2043 0.2455 0.4086 0.0046 -0.002591 -0.052733 100 430 0.5 0.442789 0.53828 0 0.5 -0.0689032 0.052986 0 0.052986 0.052986 
3.853 2 1 1 0 0.1493 0.1751 0.4156 0.0046 0.000000 -0.057426 100 410 0.5 0.449817 0.535675 0 0.5 -0.0642142 0.0529297 0 0.0529297 0.0529297 
3.893 2 1 1 0 0.1837 0.1735 0.4229 0.0046 0.000000 -0.051687 100 430 0.5 0.457047 0.539889 0 0.5 -0.0718008 0.0467639 0 0.0467639 0.0467639 
3.933 2 1 1 0 0.1610 0.1277 0.4289 0.0046 0.000000 -0.053887 100 400 0.5 0.463071 0.536864 0 0.5 -0.0663557 0.047149 0 0.047149 0.047149 
3.973 2 1 1 0 0.1567 0.1069 0.4351 0.0046 0.002591 -0.049467 100 440 0.5 0.469296 0.54011 0 0.5 -0.0721982 0.0419218 0 0.0419218 0.0419218 
4.013 2 1 1 0 0.1274 0.1442 0.4403 0.0046 0.002591 -0.050003 100 420 0.5 0.474517 0.538249 0 0.5 -0.0688474 0.0413466 0 0.0413466 0.0413466 
4.053 2 1 1 0 0.1356 0.0966 0.4453 0.0046 0.000000 -0.046572 100 390 0.5 0.479537 0.53934 0 0.5 -0.0708112 0.0381795 0 0.0381795 0.0381795 
4.093 2 1 1 0 0.0950 0.0979 0.4496 0.0047 0.002591 -0.046531 100 450 0.5 0.483754 0.537149 0 0.5 -0.066869 0.0380335 0 0.0380335 0.0380335 
4.133 2 1 1 0 0.0989 0.1016 0.4528 0.0047 0.002591 -0.042025 100 430 0.5 0.486967 0.531628 0 0.5 -0.0569298 0.0410128 0 0.0410128 0.0410128 
4.173 2 1 1 0 0.0925 0.0552 0.4560 0.0047 0.002591 -0.040741 100 430 0.5 0.49018 0.529772 0 0.5 -0.0535901 0.0407519 0 0.0407519 0.0407519 
4.213 2 1 1 0 0.0820 0.1082 0.4584 0.0047 0.002591 -0.035103 100 430 0.5 0.49259 0.526753 0 0.5 -0.0481562 0.0416856 0 0.0416856 0.0416856 
4.253 2 1 1 0 0.0335 0.0385 0.4600 0.0047 0.002591 -0.032497 100 420 0.5 0.494196 0.518887 0 0.5 -0.0339967 0.0470453 0 0.0470453 0.0470453 
4.293 2 1 1 0 0.0329 0.0500 0.4624 0.0047 0.002591 -0.027207 100 430 0.5 0.496606 0.522141 0 0.5 -0.0398538 0.0424642 0 0.0424642 0.0424642 
4.333 2 1 1 0 0.0725 0.0264 0.4636 0.0047 -0.002591 -0.026847 100 420 0.5 0.497811 0.517397 0 0.5 -0.0313153 0.0451757 0 0.0451757 0.0451757 
4.373 2 1 1 0 0.0210 0.0152 0.4648 0.0047 0.002591 -0.028578 100 430 0.5 0.499015 0.513885 0 0.5 -0.0249939 0.0468082 0 0.0468082 0.0468082 
4.413 2 1 1 0 0.0305 0.0643 0.4660 0.0047 0.002591 -0.023410 100 430 0.5 0.50022 0.514628 0 0.5 -0.0263311 0.0447209 0 0.0447209 0.0447209 
4.453 2 1 1 0 0.0559 0.0087 0.4662 0.0047 0.000000 -0.022541 100 400 0.5 0.500421 0.508212 0 0.5 -0.0147809 0.0491563 0 0.0491563 0.0491563 
4.493 2 1 1 0 0.0590 0.0047 0.4662 0.0047 0.000000 -0.021091 100 390 0.5 0.500421 0.504273 0 0.5 -0.00769215 0.0514867 0 0.0514867 0.0514867 
4.533 2 1 1 0 -0.0158 0.0032 0.4660 0.0047 0.002591 -0.022326 100 420 0.5 0.50022 0.500695 0 0.5 -0.00125141 0.0535702 0 0.0535702 0.0535702 
4.573 2 1 1 0 -0.0070 -0.0195 0.4656 0.0047 -0.002591 -0.024641 100 440 0.5 0.499819 0.497109 0 0.5 0.00520391 0.0557319 0 0.0557319 0.0557319 
4.613 2 1 1 0 -0.0218 -0.0322 0.4648 0.0047 -0.002591 -0.024027 100 430 0.5 0.499015 0.493093 0 0.5 0.0124326 0.0583946 0 0.0583946 0.0583946 
4.653 2 1 1 0 -0.0429 -0.0222 0.4630 0.0047 -0.005182 -0.016134 100 430 0.5 0.497208 0.483905 0 0.5 0.0289713 0.0658642 0 0.0658642 0.0658642 
4.693 2 1 1 0 -0.0773 -0.0386 0.4606 0.0047 -0.005182 -0.010517 100 430 0.5 0.494798 0.473887 0 0.5 0.0470035 0.0742478 0 0.0742478 0.0742478 
4.733 2 1 1 0 -0.0866 -0.0663 0.4582 0.0047 -0.005182 -0.002400 100 430 0.5 0.492389 0.468028 0 0.5 0.0575503 0.0790363 0 0.0790363 0.0790363 
4.773 2 1 1 0 -0.0779 -0.0404 0.4558 0.0047 -0.005182 0.005864 100 430 0.5 0.489979 0.464564 0 0.5 0.0637851 0.0817763 0 0.0817763 0.0817763 
4.813 2 1 1 0 -0.0472 -0.0583 0.4536 0.0048 -0.007773 0.012430 100 430 0.5 0.48777 0.463304 0 0.5 0.0660527 0.0825863 0 0.0825863 0.0825863 
4.853 2 1 1 0 -0.0698 -0.0439 0.4514 0.0048 -0.005182 0.017013 100 430 0.5 0.485561 0.461499 0 0.5 0.0693023 0.083921 0 0.083921 0.083921 
4.893 2 1 1 0 -0.0295 -0.0280 0.4498 0.0048 -0.005182 0.023007 100 430 0.5 0.483955 0.464045 0 0.5 0.0647189 0.0813423 0 0.0813423 0.0813423 
4.933 2 1 1 0 -0.0397 -0.0228 0.4482 0.0048 -0.005182 0.023980 100 420 0.5 0.482348 0.464147 0 0.5 0.0645361 0.0809435 0 0.0809435 0.0809435 
4.973 2 1 1 0 -0.0173 -0.0376 0.4471 0.0048 -0.007773 0.026779 100 430 0.5 0.481344 0.467407 0 0.5 0.058667 0.077666 0 0.077666 0.077666 
5.013 2 1 1 0 -0.0168 -0.0332 0.4461 0.0048 -0.005182 0.026831 100 430 0.5 0.48034 0.468516 0 0.5 0.0566706 0.0763023 0 0.0763023 0.0763023 
5.053 2 1 1 0 -0.0114 -0.0077 0.4459 0.0048 -0.002591 0.024210 100 430 0.5 0.480139 0.47395 0 0.5 0.0468902 0.070981 0 0.070981 0.070981 
5.093 2 1 1 0 -0.0100 -0.0075 0.4455 0.0048 -0.002591 0.023302 100 430 0.5 0.479738 0.475176 0 0.5 0.0446826 0.0694123 0 0.0694123 0.0694123 
5.133 2 1 1 0 -0.0123 -0.0051 0.4455 0.0048 -0.002591 0.021880 100 430 0.5 0.479738 0.477616 0 0.5 0.0402906 0.0666987 0 0.0666987 0.0666987 
5.173 2 1 1 0 -0.0055 -0.0034 0.4455 0.0048 -0.002591 0.022890 100 430 0.5 0.479738 0.478804 0 0.5 0.0381535 0.0650953 0 0.0650953 0.0650953 
5.213 2 1 1 0 0.0037 -0.0025 0.4457 0.0048 -0.005182 0.025688 100 430 0.5 0.479939 0.481122 0 0.5 0.0339795 0.0624639 0 0.0624639 0.0624639 
5.253 2 1 1 0 0.0127 0.0147 0.4465 0.0048 0.000000 0.029906 100 400 0.5 0.480742 0.486287 0 0.5 0.0246832 0.0572011 0 0.0572011 0.0572011 
5.293 2 1 1 0 0.0107 0.0487 0.4473 0.0048 0.005182 0.031767 100 430 0.5 0.481545 0.489758 0 0.5 0.0184347 0.0534252 0 0.0534252 0.0534252 
5.333 2 1 1 0 0.0480 0.0356 0.4490 0.0048 0.005182 0.025133 100 430 0.5 0.483152 0.497755 0 0.5 0.00404091 0.0454906 0 0.0454906 0.0454906 
5.373 2 1 1 0 0.0466 0.0862 0.4510 0.0048 0.005182 0.019112 100 430 0.5 0.48516 0.504551 0 0.5 -0.00819254 0.0385004 0 0.0385004 0.0385004 
5.413 2 1 1 0 0.0568 0.0367 0.4534 0.0048 0.005182 0.009808 100 430 0.5 0.487569 0.511366 0 0.5 -0.0204595 0.0313814 0 0.0313814 0.0313814 
5.453 2 1 1 0 0.0793 0.0533 0.4560 0.0049 0.007773 0.002241 100 440 0.5 0.49018 0.517175 0 0.5 -0.0309145 0.0250759 0 0.0250759 0.0250759 
5.493 2 1 1 0 0.0709 0.0756 0.4584 0.0049 0.007773 -0.003208 100 450 0.5 0.49259 0.519947 0 0.5 -0.0359047 0.0214572 0 0.0214572 0.0214572 
5.533 2 1 1 0 0.1127 0.0626 0.4606 0.0049 0.005182 -0.006112 100 430 0.5 0.494798 0.521382 0 0.5 -0.0384882 0.0190392 0 0.0190392 0.0190392 
5.573 2 1 1 0 0.0233 0.0474 0.4628 0.0049 0.007773 -0.013903 100 440 0.5 0.497007 0.522677 0 0.5 -0.0408185 0.0167253 0 0.0167253 0.0167253 
5.613 2 1 1 0 0.0562 0.0358 0.4648 0.0049 0.007773 -0.015688 100 420 0.5 0.499015 0.52275 0 0.5 -0.0409498 0.0155132 0 0.0155132 0.0155132 
5.653 2 1 1 0 0.0463 0.0488 0.4662 0.0049 0.005182 -0.015390 100 430 0.5 0.500421 0.520262 0 0.5 -0.0364712 0.016678 0 0.016678 0.016678 
5.693 2 1 1 0 0.0720 0.0252 0.4676 0.0049 0.002591 -0.013862 100 430 0.5 0.501827 0.519285 0 0.5 -0.0347134 0.0165096 0 0.0165096 0.0165096 
5.733 2 1 1 0 0.0216 0.0192 0.4688 0.0049 0.002591 -0.018081 100 420 0.5 0.503032 0.517693 0 0.5 -0.0318466 0.0169223 0 0.0169223 0.0169223 
5.773 2 1 1 0 0.0350 0.0746 0.4698 0.0049 0.005182 -0.012332 100 430 0.5 0.504036 0.517658 0 0.5 -0.031784 0.0160185 0 0.0160185 0.0160185 
5.813 2 1 1 0 0.0412 0.0355 0.4706 0.0049 0.000000 -0.012801 100 400 0.5 0.504839 0.516685 0 0.5 -0.0300339 0.0159844 0 0.0159844 0.0159844 
5.853 2 1 1 0 0.0178 0.0145 0.4712 0.0049 0.002591 -0.013032 100 430 0.5 0.505441 0.514367 0 0.5 -0.0258608 0.0171788 0 0.0171788 0.0171788 
5.893 2 1 1 0 0.0116 0.0122 0.4716 0.0049 0.002591 -0.011504 100 430 0.5 0.505843 0.512049 0 0.5 -0.0216886 0.0184256 0 0.0184256 0.0184256 
5.933 2 1 1 0 0.0058 0.0070 0.4718 0.0049 0.000000 -0.009737 100 400 0.5 0.506044 0.510438 0 0.5 -0.0187883 0.0191103 0 0.0191103 0.0191103 
5.973 2 1 1 0 0.0058 0.0063 0.4720 0.0049 0.002591 -0.007890 100 420 0.5 0.506244 0.509135 0 0.5 -0.0164434 0.0195335 0 0.0195335 0.0195335 
6.013 2 1 1 0 0.0046 0.0054 0.4720 0.0049 0.002591 -0.006594 100 420 0.5 0.506244 0.507553 0 0.5 -0.0135956 0.0202611 0 0.0202611 0.0202611 
6.053 2 1 1 0 0.0032 0.0035 0.4720 0.0049 0.002591 -0.006111 100 420 0.5 0.506244 0.506842 0 0.5 -0.012315 0.0202383 0 0.0202383 0.0202383 
6.093 2 1 1 0 0.0024 0.0026 0.4720 0.0049 0.002591 -0.006588 100 420 0.5 0.506244 0.506523 0 0.5 -0.0117416 0.0198836 0 0.0198836 0.0198836 
6.133 2 1 1 0 0.0019 0.0021 0.4720 0.0049 0.002591 -0.007967 100 420 0.5 0.506244 0.50638 0 0.5 -0.0114833 0.019388 0 0.019388 0.019388 
6.173 2 1 1 0 0.0016 -0.0019 0.4718 0.0049 0.000000 -0.010202 100 400 0.5 0.506044 0.504496 0 0.5 -0.00809212 0.0204778 0 0.0204778 0.0204778 
6.213 2 1 1 0 -0.0197 -0.0133 0.4710 0.0049 0.000000 -0.013173 100 400 0.5 0.50524 0.498777 0 0.5 0.0022007 0.0250867 0 0.0250867 0.0250867 
6.253 2 1 1 0 -0.0499 -0.0640 0.4700 0.0049 -0.002591 -0.011699 100 430 0.5 0.504236 0.49397 0 0.5 0.0108541 0.0289661 0 0.0289661 0.0289661 
6.293 2 1 1 0 -0.0480 -0.0359 0.4690 0.0049 -0.005182 -0.004063 100 430 0.5 0.503232 0.492133 0 0.5 0.0141603 0.0302681 0 0.0302681 0.0302681 
6.333 2 1 1 0 -0.0201 -0.0340 0.4680 0.0050 -0.007773 -0.001452 100 430 0.5 0.502228 0.490698 0 0.5 0.016743 0.0312417 0 0.0312417 0.0312417 
6.373 2 1 1 0 -0.0481 -0.1083 0.4668 0.0050 -0.007773 0.001218 100 430 0.5 0.501023 0.488012 0 0.5 0.0215778 0.0333845 0 0.0333845 0.0333845 
6.413 2 1 1 0 -0.0160 -0.0335 0.4660 0.0050 -0.007773 0.007450 100 430 0.5 0.50022 0.489216 0 0.5 0.0194115 0.0320476 0 0.0320476 0.0320476 
6.453 2 1 1 0 -0.0171 -0.0142 0.4654 0.0050 -0.010364 0.008453 100 420 0.5 0.499618 0.491011 0 0.5 0.0161808 0.0301652 0 0.0301652 0.0301652 
6.493 2 1 1 0 -0.0185 -0.0227 0.4646 0.0050 -0.010364 0.008701 100 430 0.5 0.498815 0.490668 0 0.5 0.0167971 0.0302236 0 0.0302236 0.0302236 
6.533 2 1 1 0 -0.0140 -0.0070 0.4644 0.0050 -0.007773 0.008795 100 430 0.5 0.498614 0.493952 0 0.5 0.0108868 0.0269771 0 0.0269771 0.0269771 
6.573 2 1 1 0 -0.0059 -0.0040 0.4642 0.0050 -0.010364 0.010655 100 440 0.5 0.498413 0.494551 0 0.5 0.00980787 0.0260933 0 0.0260933 0.0260933 
6.613 2 1 1 0 -0.0037 -0.0040 0.4642 0.0050 -0.010364 0.011526 100 420 0.5 0.498413 0.49669 0 0.5 0.00595751 0.0238241 0 0.0238241 0.0238241 
6.653 2 1 1 0 -0.0027 -0.0040 0.4642 0.0050 -0.010364 0.012421 100 420 0.5 0.498413 0.497653 0 0.5 0.00422459 0.0225941 0 0.0225941 0.0225941 
6.693 2 1 1 0 -0.0021 -0.0033 0.4642 0.0050 -0.010364 0.015072 100 430 0.5 0.498413 0.498084 0 0.5 0.00344868 0.0218381 0 0.0218381 0.0218381 
6.733 2 1 1 0 -0.0018 0.0033 0.4644 0.0050 -0.007773 0.018163 100 430 0.5 0.498614 0.499412 0 0.5 0.00105915 0.0202545 0 0.0202545 0.0202545 
6.773 2 1 1 0 0.0176 0.0605 0.4656 0.0050 -0.002591 0.018809 100 430 0.5 0.499819 0.507976 0 0.5 -0.014356 0.012093 0 0.012093 0.012093 
6.813 2 1 1 0 0.0193 0.0716 0.4668 0.0050 0.002591 0.016428 100 420 0.5 0.501023 0.512901 0 0.5 -0.0232215 0.00711446 0 0.00711446 0.00711446 
6.853 2 1 1 0 0.0382 0.0432 0.4686 0.0050 0.000000 0.007533 100 440 0.5 0.502831 0.519904 0 0.5 -0.0358274 0.000161272 0 0.000161272 0.000161272 
6.893 2 1 1 0 0.0270 0.0469 0.4706 0.0050 0.005182 0.001317 100 440 0.5 0.504839 0.525202 0 0.5 -0.0453632 -0.00536184 0 -0.00536184 -0.00536184 
6.933 2 1 1 0 0.0331 0.0537 0.4725 0.0050 0.007773 -0.007273 100 430 0.5 0.506646 0.526654 0 0.5 -0.0479768 -0.0074857 0 -0.0074857 -0.0074857 
6.973 2 1 1 0 0.0711 0.0247 0.4743 0.0050 0.005182 -0.012344 100 430 0.5 0.508453 0.528016 0 0.5 -0.0504281 -0.00954768 0 -0.00954768 -0.00954768 
7.013 2 1 1 0 0.0232 0.0569 0.4759 0.0050 0.010364 -0.018484 100 430 0.5 0.51006 0.528129 0 0.5 -0.0506315 -0.0104826 0 -0.0104826 -0.0104826 
7.053 2 1 1 0 0.0266 0.0355 0.4773 0.0050 0.007773 -0.019109 100 430 0.5 0.511465 0.528195 0 0.5 -0.0507517 -0.0113405 0 -0.0113405 -0.0113405 
7.093 2 1 1 0 0.0532 0.0129 0.4779 0.0050 0.005182 -0.020972 100 420 0.5 0.512068 0.524058 0 0.5 -0.043305 -0.00832886 0 -0.00832886 -0.00832886 
7.133 2 1 1 0 0.0127 0.0101 0.4783 0.0050 0.005182 -0.019324 100 430 0.5 0.51247 0.520153 0 0.5 -0.0362755 -0.00547404 0 -0.00547404 -0.00547404 
7.173 2 1 1 0 0.0080 0.0066 0.4785 0.0050 0.007773 -0.016942 100 430 0.5 0.51267 0.517411 0 0.5 -0.0313394 -0.00358675 0 -0.00358675 -0.00358675 
7.213 2 1 1 0 0.0045 0.0066 0.4785 0.0050 0.007773 -0.015455 100 430 0.5 0.51267 0.514812 0 0.5 -0.0266624 -0.00177152 0 -0.00177152 -0.00177152 
7.253 2 1 1 0 0.0031 0.0041 0.4785 0.0050 0.007773 -0.015517 100 420 0.5 0.51267 0.513646 0 0.5 -0.0245622 -0.00120241 0 -0.00120241 -0.00120241 
7.293 2 1 1 0 0.0024 0.0029 0.4785 0.0050 0.007773 -0.016736 100 420 0.5 0.51267 0.51312 0 0.5 -0.0236155 -0.00118626 0 -0.00118626 -0.00118626 
7.333 2 1 1 0 0.0019 -0.0130 0.4781 0.0050 0.002591 -0.019355 100 430 0.5 0.512269 0.509911 0 0.5 -0.017839 0.0012869 0 0.0012869 0.0012869 
7.373 2 1 1 0 0.0438 -0.0167 0.4773 0.0050 0.002591 -0.020890 100 430 0.5 0.511465 0.506096 0 0.5 -0.0109726 0.00440236 0 0.00440236 0.00440236 
7.413 2 1 1 0 -0.0149 -0.0314 0.4761 0.0050 -0.002591 -0.015538 100 430 0.5 0.510261 0.500577 0 0.5 -0.00103941 0.00912535 0 0.00912535 0.00912535 
7.453 2 1 1 0 -0.0606 -0.0341 0.4749 0.0050 -0.002591 -0.012080 100 430 0.5 0.509056 0.496817 0 0.5 0.00573006 0.0123295 0 0.0123295 0.0123295 
7.493 2 1 1 0 -0.0384 -0.0324 0.4737 0.0050 -0.002591 -0.008301 100 420 0.5 0.507851 0.495028 0 0.5 0.00895042 0.0138301 0 0.0138301 0.0138301 
7.533 2 1 1 0 -0.0270 -0.0501 0.4720 0.0051 -0.007773 -0.002942 100 430 0.5 0.506244 0.490575 0 0.5 0.0169644 0.0177845 0 0.0177845 0.0177845 
7.573 2 1 1 0 -0.0419 -0.0380 0.4704 0.0051 -0.007773 0.001148 100 430 0.5 0.504638 0.487469 0 0.5 0.0225554 0.0205864 0 0.0205864 0.0205864 
7.613 2 1 1 0 -0.0424 -0.0295 0.4690 0.0051 -0.005182 0.006686 100 430 0.5 0.503232 0.486447 0 0.5 0.0243948 0.02154 0 0.02154 0.02154 
7.653 2 1 1 0 -0.0146 -0.0293 0.4684 0.0051 -0.007773 0.007961 100 430 0.5 0.50263 0.490887 0 0.5 0.0164031 0.0175376 0 0.0175376 0.0175376 
7.693 2 1 1 0 -0.0227 -0.0194 0.4674 0.0051 -0.005182 0.006497 100 440 0.5 0.501626 0.489743 0 0.5 0.018463 0.0185413 0 0.0185413 0.0185413 
7.733 2 1 1 0 -0.0152 -0.0106 0.4670 0.0051 -0.005182 0.009158 100 420 0.5 0.501224 0.493982 0 0.5 0.0108318 0.0147014 0 0.0147014 0.0147014 
7.773 2 1 1 0 -0.0264 0.0316 0.4662 0.0051 -0.005182 0.012845 100 430 0.5 0.500421 0.49286 0 0.5 0.0128514 0.0156684 0 0.0156684 0.0156684 
7.813 2 1 1 0 -0.0077 0.0076 0.4662 0.0051 -0.005182 0.011586 100 430 0.5 0.500421 0.497032 0 0.5 0.00534296 0.0118162 0 0.0118162 0.0118162 
7.853 2 1 1 0 -0.0043 0.0043 0.4662 0.0051 -0.005182 0.010407 100 430 0.5 0.500421 0.498906 0 0.5 0.00196896 0.0099821 0 0.0099821 0.0099821 
7.893 2 1 1 0 -0.0030 0.0030 0.4662 0.0051 -0.005182 0.010462 100 430 0.5 0.500421 0.499748 0 0.5 0.000453186 0.00905704 0 0.00905704 0.00905704 
7.933 2 1 1 0 -0.0023 0.0025 0.4664 0.0051 -0.002591 0.010870 100 430 0.5 0.500622 0.501885 0 0.5 -0.00339289 0.0069535 0 0.0069535 0.0069535 
7.973 2 1 1 0 0.0221 0.0213 0.4672 0.0051 -0.002591 0.010586 100 430 0.5 0.501425 0.507089 0 0.5 -0.0127604 0.00201698 0 0.00201698 0.00201698 
8.013 2 1 2 0 0.0071 0.0139 0.4674 0.0051 0.000000 0.006192 100 390 -0.5 0 -3.5836 0 -0.5 5.55048 2.80159 0 2.80159 1 
8.053 2 1 2 0 0.0147 -0.0448 0.4682 0.0051 0.000000 0.008354 100 390 -0.5 0.000803232 -1.60471 0 -0.5 1.98847 1.05499 0 1.05499 1 
8.093 2 1 2 0 0.0091 0.0141 0.4686 0.0051 0.005182 0.013271 100 430 -0.5 0.00120485 -0.7183 0 -0.5 0.39294 0.266718 0 0.266718 0.266718 
8.133 2 1 2 0 0.0048 0.0059 0.4686 0.0051 0.005182 0.021339 100 420 -0.5 0.00120485 -0.32208 0 -0.5 -0.320257 -0.0913887 0 -0.0913887 -0.0913887 
8.173 2 1 2 0 0.0212 0.0318 0.4694 0.0051 0.005182 0.025732 100 440 -0.5 0.00200808 -0.137293 0 -0.5 -0.652873 -0.264061 0 -0.264061 -0.264061 
8.213 2 1 2 0 0.0727 0.0848 0.4716 0.0051 0.007773 0.015980 100 430 -0.5 0.00421697 -0.0437043 0 -0.5 -0.821332 -0.356898 0 -0.356898 -0.356898 
8.253 2 1 2 0 0.0924 0.1170 0.4753 0.0051 0.007773 -0.004225 100 430 -0.5 0.00783151 0.0088824 0 -0.5 -0.915988 -0.413943 0 -0.413943 -0.413943 
8.293 2 1 2 0 0.0984 0.0914 0.4795 0.0052 0.005182 -0.029152 100 420 -0.5 0.0120485 0.0379721 0 -0.5 -0.96835 -0.450377 0 -0.450377 -0.450377 
8.333 2 1 2 0 0.0586 0.1053 0.4833 0.0052 0.007773 -0.052922 100 430 -0.5 0.0158638 0.0506555 0 -0.5 -0.99118 -0.47219 0 -0.47219 -0.47219 
8.373 2 1 2 0 0.0675 0.0648 0.4865 0.0052 0.007773 -0.070917 100 440 -0.5 0.0190768 0.0542131 0 -0.5 -0.997583 -0.485714 0 -0.485714 -0.485714 
8.413 2 1 2 0 0.0264 0.0477 0.4881 0.0052 0.007773 -0.088643 100 420 -0.5 0.0206832 0.046174 0 -0.5 -0.983113 -0.48854 0 -0.48854 -0.48854 
8.453 2 1 2 0 0.0122 0.0093 0.4883 0.0052 0.005182 -0.093973 100 420 -0.5 0.020884 0.0332815 0 -0.5 -0.959907 -0.48661 0 -0.48661 -0.48661 
8.493 2 1 2 0 0.0055 -0.0053 0.4881 0.0052 0.002591 -0.103386 100 430 -0.5 0.0206832 0.0246986 0 -0.5 -0.944457 -0.488181 0 -0.488181 -0.488181 
8.533 2 1 2 0 -0.0293 -0.0385 0.4871 0.0052 0.000000 -0.112515 100 400 -0.5 0.0196792 0.0144676 0 -0.5 -0.926042 -0.487934 0 -0.487934 -0.487934 
8.573 2 1 2 0 -0.0805 -0.0883 0.4841 0.0052 -0.002591 -0.112771 100 430 -0.5 0.0166671 -0.00498307 0 -0.5 -0.89103 -0.478934 0 -0.478934 -0.478934 
8.613 2 1 2 0 -0.1725 -0.1333 0.4791 0.0052 -0.005182 -0.107084 100 440 -0.5 0.0116469 -0.0302529 0 -0.5 -0.845545 -0.464139 0 -0.464139 -0.464139 
8.653 2 1 2 0 -0.1561 -0.1802 0.4731 0.0053 -0.005182 -0.097000 100 440 -0.5 0.00562263 -0.0511624 0 -0.5 -0.807908 -0.452691 0 -0.452691 -0.452691 
8.693 2 1 2 0 -0.1985 -0.1792 0.4656 0.0053 -0.007773 -0.085967 100 440 -0.5 -0.00180727 -0.0735389 0 -0.5 -0.76763 -0.439375 0 -0.439375 -0.439375 
8.733 2 1 2 0 -0.2065 -0.2046 0.4576 0.0054 -0.007773 -0.075727 100 440 -0.5 -0.00983959 -0.0920538 0 -0.5 -0.734303 -0.429041 0 -0.429041 -0.429041 
8.773 2 1 2 0 -0.2192 -0.2045 0.4492 0.0054 -0.007773 -0.067979 100 440 -0.5 -0.0182735 -0.107173 0 -0.5 -0.707088 -0.421324 0 -0.421324 -0.421324 
8.813 2 1 2 0 -0.2316 -0.2524 0.4397 0.0055 -0.005182 -0.061309 100 440 -0.5 -0.0277115 -0.126456 0 -0.5 -0.67238 -0.409456 0 -0.409456 -0.409456 
8.853 2 1 2 0 -0.2633 -0.2163 0.4301 0.0056 -0.005182 -0.055814 100 440 -0.5 -0.0373503 -0.141849 0 -0.5 -0.644673 -0.400679 0 -0.400679 -0.400679 
8.893 2 1 2 0 -0.2822 -0.2694 0.4198 0.0056 -0.002591 -0.051207 100 450 -0.5 -0.0475915 -0.158139 0 -0.5 -0.61535 -0.390702 0 -0.390702 -0.390702 
8.933 2 1 2 0 -0.2836 -0.2599 0.4092 0.0056 -0.005182 -0.048453 100 450 -0.5 -0.0582343 -0.173998 0 -0.5 -0.586803 -0.380734 0 -0.380734 -0.380734 
8.973 2 1 2 0 -0.2622 -0.2815 0.3980 0.0057 -0.005182 -0.045030 100 430 -0.5 -0.0694796 -0.191097 0 -0.5 -0.556025 -0.369263 0 -0.369263 -0.369263 
9.013 2 1 2 0 -0.3228 -0.3189 0.3861 0.0057 -0.002591 -0.040367 100 440 -0.5 -0.0813273 -0.209144 0 -0.5 -0.52354 -0.356542 0 -0.356542 -0.356542 
9.053 2 1 2 0 -0.2929 -0.3175 0.3739 0.0057 0.000000 -0.036721 100 430 -0.5 -0.0935766 -0.226803 0 -0.5 -0.491755 -0.343788 0 -0.343788 -0.343788 
9.093 2 1 2 0 -0.3391 -0.2924 0.3612 0.0058 -0.002591 -0.033740 100 440 -0.5 -0.106227 -0.244855 0 -0.5 -0.45926 -0.330317 0 -0.330317 -0.330317 
9.133 2 1 2 0 -0.3175 -0.3185 0.3484 0.0058 -0.002591 -0.030234 100 440 -0.5 -0.119079 -0.261151 0 -0.5 -0.429929 -0.31806 0 -0.31806 -0.31806 
9.173 2 1 2 0 -0.3813 -0.3459 0.3349 0.0058 0.000000 -0.029994 100 410 -0.5 -0.132533 -0.279862 0 -0.5 -0.396249 -0.303267 0 -0.303267 -0.303267 
9.213 2 1 2 0 -0.3267 -0.3819 0.3210 0.0058 -0.002591 -0.026623 100 440 -0.5 -0.146389 -0.298723 0 -0.5 -0.362299 -0.287969 0 -0.287969 -0.287969 
9.253 2 1 2 0 -0.3211 -0.3783 0.3068 0.0059 -0.005182 -0.021158 100 440 -0.5 -0.160646 -0.317335 0 -0.5 -0.328797 -0.272515 0 -0.272515 -0.272515 
9.293 2 1 2 0 -0.3813 -0.3873 0.2921 0.0059 -0.002591 -0.016008 100 440 -0.5 -0.175305 -0.336707 0 -0.5 -0.293927 -0.256022 0 -0.256022 -0.256022 
9.333 2 1 2 0 -0.3456 -0.3873 0.2773 0.0060 -0.002591 -0.009560 100 440 -0.5 -0.190165 -0.355011 0 -0.5 -0.260981 -0.240141 0 -0.240141 -0.240141 
9.373 2 1 2 0 -0.3759 -0.3764 0.2622 0.0060 0.000000 -0.005128 100 400 -0.5 -0.205226 -0.373055 0 -0.5 -0.228501 -0.224165 0 -0.224165 -0.224165 
9.413 2 1 2 0 -0.3338 -0.3907 0.2469 0.0060 0.000000 0.000613 100 440 -0.5 -0.220487 -0.390556 0 -0.5 -0.196999 -0.208345 0 -0.208345 -0.208345 
9.453 2 1 2 0 -0.3769 -0.3879 0.2319 0.0060 0.002591 0.002225 100 450 -0.5 -0.235548 -0.405483 0 -0.5 -0.170131 -0.194561 0 -0.194561 -0.194561 
9.493 2 1 2 0 -0.4346 -0.4214 0.2162 0.0060 0.002591 0.008957 100 440 -0.5 -0.251212 -0.42442 0 -0.5 -0.136044 -0.176854 0 -0.176854 -0.176854 
9.533 2 1 2 0 -0.3566 -0.3840 0.2006 0.0059 0.002591 0.017228 100 450 -0.5 -0.266876 -0.441854 0 -0.5 -0.104662 -0.160201 0 -0.160201 -0.160201 
9.573 2 1 2 0 -0.3933 -0.3827 0.1849 0.0059 0.002591 0.023701 100 440 -0.5 -0.282539 -0.458298 0 -0.5 -0.0750628 -0.144157 0 -0.144157 -0.144157 
9.613 2 1 2 0 -0.4231 -0.4050 0.1694 0.0059 0.000000 0.030283 100 400 -0.5 -0.298002 -0.473099 0 -0.5 -0.0484227 -0.129348 0 -0.129348 -0.129348 
9.653 2 1 2 0 -0.3553 -0.3988 0.1544 0.0059 0.002591 0.036084 100 440 -0.5 -0.313063 -0.485037 0 -0.5 -0.0269337 -0.116898 0 -0.116898 -0.116898 
9.693 2 1 2 0 -0.3617 -0.3966 0.1393 0.0059 0.000000 0.041156 100 410 -0.5 -0.328124 -0.498925 0 -0.5 -0.00193419 -0.102502 0 -0.102502 -0.102502 
9.733 2 1 2 0 -0.3291 -0.3945 0.1248 0.0059 0.000000 0.045274 100 400 -0.5 -0.342583 -0.509076 0 -0.5 0.016337 -0.0912954 0 -0.0912954 -0.0912954 
9.773 2 1 2 0 -0.3277 -0.3273 0.1108 0.0059 0.000000 0.048713 100 400 -0.5 -0.35664 -0.517927 0 -0.5 0.0322693 -0.0811031 0 -0.0811031 -0.0811031 
9.813 2 1 2 0 -0.3147 -0.3568 0.0967 0.0059 0.000000 0.053872 100 410 -0.5 -0.370697 -0.529944 0 -0.5 0.0539 -0.0679264 0 -0.0679264 -0.0679264 
9.853 2 1 2 0 -0.3238 -0.3117 0.0837 0.0059 0.002591 0.057224 100 430 -0.5 -0.383749 -0.536236 0 -0.5 0.0652249 -0.0598057 0 -0.0598057 -0.0598057 
9.893 2 1 2 0 -0.2900 -0.3184 0.0710 0.0059 0.000000 0.060949 100 400 -0.5 -0.396401 -0.543208 0 -0.5 0.0777742 -0.0509963 0 -0.0509963 -0.0509963 
9.933 2 1 2 0 -0.2888 -0.2696 0.0600 0.0058 0.002591 0.064906 100 440 -0.5 -0.407445 -0.541442 0 -0.5 0.0745963 -0.050052 0 -0.050052 -0.050052 
9.973 2 1 2 0 -0.2830 -0.2613 0.0487 0.0058 0.002591 0.060715 100 440 -0.5 -0.418691 -0.548833 0 -0.5 0.0879001 -0.0408797 0 -0.0408797 -0.0408797 
10.013 2 1 2 0 -0.2087 -0.2371 0.0387 0.0058 0.002591 0.063574 100 430 -0.5 -0.428731 -0.548408 0 -0.5 0.0871345 -0.0386924 0 -0.0386924 -0.0386924 
10.053 2 1 2 0 -0.2497 -0.2439 0.0293 0.0058 0.000000 0.059536 100 440 -0.5 -0.43817 -0.550748 0 -0.5 0.091347 -0.0340937 0 -0.0340937 -0.0340937 
10.093 2 1 2 0 -0.1998 -0.1901 0.0202 0.0058 0.002591 0.059804 100 440 -0.5 -0.447206 -0.552951 0 -0.5 0.0953115 -0.029586 0 -0.029586 -0.029586 
10.133 2 1 2 0 -0.2011 -0.2286 0.0124 0.0058 0.000000 0.056799 100 410 -0.5 -0.455038 -0.551907 0 -0.5 0.0934319 -0.0281023 0 -0.0281023 -0.0281023 
10.173 2 1 2 0 -0.1541 -0.1202 0.0052 0.0058 0.000000 0.058402 100 440 -0.5 -0.462267 -0.549142 0 -0.5 0.0884562 -0.0281678 0 -0.0281678 -0.0281678 
10.213 2 1 2 0 -0.2045 -0.1236 -0.0017 0.0058 0.000000 0.050098 100 440 -0.5 -0.469095 -0.55125 0 -0.5 0.0922491 -0.0239782 0 -0.0239782 -0.0239782 
10.254 2 1 2 0 -0.0985 -0.1282 -0.0069 0.0058 0.000000 0.053246 100 400 -0.5 -0.474316 -0.54223 0 -0.5 0.0760142 -0.0298428 0 -0.0298428 -0.0298428 
10.294 2 1 2 0 -0.1089 -0.1171 -0.0125 0.0058 0.000000 0.044464 100 410 -0.5 -0.479938 -0.544264 0 -0.5 0.0796749 -0.0258655 0 -0.0258655 -0.0258655 
10.334 2 1 2 0 -0.1637 -0.1207 -0.0169 0.0058 0.000000 0.044125 100 440 -0.5 -0.484356 -0.540868 0 -0.5 0.073562 -0.0268793 0 -0.0268793 -0.0268793 
10.374 2 1 2 0 -0.0643 -0.0496 -0.0207 0.0058 0.002591 0.041804 100 430 -0.5 -0.488172 -0.535964 0 -0.5 0.0647361 -0.0293128 0 -0.0293128 -0.0293128 
10.414 2 1 2 0 -0.0773 -0.0878 -0.0242 0.0058 0.000000 0.034032 100 390 -0.5 -0.491586 -0.534256 0 -0.5 0.0616599 -0.0290115 0 -0.0290115 -0.0290115 
10.454 2 1 2 0 -0.0420 -0.0673 -0.0268 0.0058 -0.002591 0.034216 100 440 -0.5 -0.494196 -0.528261 0 -0.5 0.0508693 -0.0326283 0 -0.0326283 -0.0326283 
10.494 2 1 2 0 -0.0315 -0.0277 -0.0294 0.0058 0.000000 0.026595 100 440 -0.5 -0.496807 -0.527361 0 -0.5 0.0492496 -0.0317634 0 -0.0317634 -0.0317634 
10.534 2 1 2 0 -0.0668 -0.0984 -0.0318 0.0058 0.000000 0.020438 100 400 -0.5 -0.499216 -0.529291 0 -0.5 0.0527232 -0.0284564 0 -0.0284564 -0.0284564 
10.574 2 1 2 0 -0.0232 -0.0765 -0.0332 0.0058 -0.002591 0.021231 100 430 -0.5 -0.500622 -0.523584 0 -0.5 0.042451 -0.0320704 0 -0.0320704 -0.0320704 
10.614 2 1 2 0 -0.0520 -0.0294 -0.0346 0.0058 0.000000 0.018426 100 400 -0.5 -0.502028 -0.521066 0 -0.5 0.0379191 -0.0328877 0 -0.0328877 -0.0328877 
10.654 2 1 2 0 -0.0187 -0.0238 -0.0354 0.0058 0.000000 0.017792 100 390 -0.5 -0.502831 -0.51633 0 -0.5 0.0293936 -0.0357958 0 -0.0357958 -0.0357958 
10.694 2 1 2 0 -0.0091 -0.0110 -0.0358 0.0058 0.000000 0.015930 100 400 -0.5 -0.503233 -0.512181 0 -0.5 0.0219263 -0.0382948 0 -0.0382948 -0.0382948 
10.734 2 1 2 0 -0.0089 -0.0068 -0.0358 0.0058 0.000000 0.015051 100 400 -0.5 -0.503233 -0.507264 0 -0.5 0.0130754 -0.0415776 0 -0.0415776 -0.0415776 
10.774 2 1 2 0 0.0053 0.0044 -0.0354 0.0058 0.000000 0.017322 100 400 -0.5 -0.502831 -0.501377 0 -0.5 0.00247793 -0.045825 0 -0.045825 -0.045825 
10.814 2 1 2 0 0.0356 0.0509 -0.0344 0.0058 0.002591 0.019242 100 430 -0.5 -0.501827 -0.494006 0 -0.5 -0.0107898 -0.0515411 0 -0.0515411 -0.0515411 
10.854 2 1 2 0 0.0617 0.0336 -0.0328 0.0058 0.002591 0.010596 100 430 -0.5 -0.50022 -0.486672 0 -0.5 -0.0239897 -0.0574028 0 -0.0574028 -0.0574028 
10.894 2 1 2 0 0.0924 0.0605 -0.0304 0.0058 0.002591 0.003395 100 420 -0.5 -0.497811 -0.476997 0 -0.5 -0.0414056 -0.0655508 0 -0.0655508 -0.0655508 
10.934 2 1 2 0 0.0929 0.0623 -0.0276 0.0058 0.002591 -0.006258 100 430 -0.5 -0.494999 -0.468649 0 -0.5 -0.0564311 -0.0726812 0 -0.0726812 -0.0726812 
10.974 2 1 2 0 0.0340 0.0578 -0.0248 0.0058 0.007773 -0.018787 100 440 -0.5 -0.492188 -0.463619 0 -0.5 -0.0654862 -0.076959 0 -0.076959 -0.076959 
11.014 2 1 2 0 0.0578 0.0294 -0.0219 0.0058 0.002591 -0.026819 100 420 -0.5 -0.489377 -0.460316 0 -0.5 -0.0714309 -0.0797765 0 -0.0797765 -0.0797765 
11.054 2 1 2 0 0.0386 0.0468 -0.0191 0.0058 0.002591 -0.035719 100 430 -0.5 -0.486565 -0.457276 0 -0.5 -0.0769034 -0.0824169 0 -0.0824169 -0.0824169 
11.094 2 1 2 0 0.0499 0.0600 -0.0171 0.0059 0.002591 -0.034645 100 430 -0.5 -0.484557 -0.458229 0 -0.5 -0.0751877 -0.0814107 0 -0.0814107 -0.0814107 
11.134 2 1 2 0 0.0321 0.0724 -0.0157 0.0059 0.005182 -0.041304 100 420 -0.5 -0.483151 -0.462362 0 -0.5 -0.0677479 -0.0775145 0 -0.0775145 -0.0775145 
11.174 2 1 2 0 0.0295 0.0285 -0.0141 0.0059 0.000000 -0.039544 100 390 -0.5 -0.481545 -0.462828 0 -0.5 -0.0669102 -0.0769155 0 -0.0769155 -0.0769155 
11.214 2 1 2 0 0.0204 0.0175 -0.0131 0.0059 0.002591 -0.044207 100 430 -0.5 -0.480541 -0.466291 0 -0.5 -0.0606754 -0.0735772 0 -0.0735772 -0.0735772 
11.254 2 1 2 0 0.0108 0.0096 -0.0129 0.0059 0.000000 -0.039901 100 400 -0.5 -0.48034 -0.472723 0 -0.5 -0.0490986 -0.0674686 0 -0.0674686 -0.0674686 
11.294 2 1 2 0 0.0067 0.0049 -0.0129 0.0059 0.000000 -0.037070 100 390 -0.5 -0.48034 -0.476923 0 -0.5 -0.0415386 -0.0632825 0 -0.0632825 -0.0632825 
11.334 2 1 2 0 0.0040 0.0033 -0.0129 0.0059 0.000000 -0.036918 100 390 -0.5 -0.48034 -0.478812 0 -0.5 -0.0381389 -0.061133 0 -0.061133 -0.061133 
11.374 2 1 2 0 0.0029 0.0025 -0.0129 0.0059 0.000000 -0.039303 100 400 -0.5 -0.48034 -0.47966 0 -0.5 -0.0366128 -0.0599061 0 -0.0599061 -0.0599061 
11.414 2 1 2 0 -0.0223 -0.0201 -0.0137 0.0059 0.000000 -0.041427 100 400 -0.5 -0.481143 -0.485819 0 -0.5 -0.025526 -0.05384 0 -0.05384 -0.05384 
11.454 2 1 2 0 -0.0220 -0.0216 -0.0147 0.0059 -0.002591 -0.037715 100 430 -0.5 -0.482147 -0.490521 0 -0.5 -0.0170623 -0.0490025 0 -0.0490025 -0.0490025 
11.494 2 1 2 0 -0.0482 -0.0326 -0.0165 0.0059 0.000000 -0.031247 100 400 -0.5 -0.483955 -0.498537 0 -0.5 -0.00263414 -0.0410631 0 -0.0410631 -0.0410631 
11.534 2 1 2 0 -0.0464 -0.0672 -0.0185 0.0059 -0.005182 -0.029162 100 430 -0.5 -0.485963 -0.505341 0 -0.5 0.00961304 -0.0341256 0 -0.0341256 -0.0341256 
11.574 2 1 2 0 -0.0478 -0.0351 -0.0205 0.0059 -0.005182 -0.021181 100 430 -0.5 -0.487971 -0.509169 0 -0.5 0.0165044 -0.029779 0 -0.029779 -0.029779 
11.614 2 1 2 0 -0.0247 -0.0421 -0.0227 0.0059 -0.007773 -0.015600 100 440 -0.5 -0.49018 -0.513027 0 -0.5 0.0234481 -0.0253406 0 -0.0253406 -0.0253406 
11.654 2 1 2 0 -0.0672 -0.0739 -0.0252 0.0059 -0.002591 -0.012510 100 430 -0.5 -0.49259 -0.517773 0 -0.5 0.0319917 -0.0200567 0 -0.0200567 -0.0200567 
11.694 2 1 2 0 -0.0584 -0.0338 -0.0268 0.0059 -0.002591 -0.008068 100 430 -0.5 -0.494196 -0.515429 0 -0.5 0.0277722 -0.0211596 0 -0.0211596 -0.0211596 
11.734 2 1 2 0 -0.0396 -0.0888 -0.0290 0.0059 -0.005182 -0.005053 100 430 -0.5 -0.496405 -0.518777 0 -0.5 0.0337993 -0.0171145 0 -0.0171145 -0.0171145 
11.774 2 1 2 0 -0.0788 -0.0334 -0.0312 0.0059 -0.002591 -0.004553 100 430 -0.5 -0.498614 -0.522186 0 -0.5 0.0399344 -0.0130002 0 -0.0130002 -0.0130002 
11.814 2 1 2 0 -0.0343 -0.0216 -0.0328 0.0059 -0.002591 0.000196 100 430 -0.5 -0.50022 -0.520291 0 -0.5 0.0365235 -0.0136612 0 -0.0136612 -0.0136612 
11.854 2 1 2 0 -0.0488 -0.0688 -0.0344 0.0059 -0.002591 -0.003893 100 430 -0.5 -0.501827 -0.521814 0 -0.5 0.0392658 -0.0113192 0 -0.0113192 -0.0113192 
11.894 2 1 2 0 -0.0708 -0.0366 -0.0358 0.0059 0.000000 -0.001405 100 400 -0.5 -0.503233 -0.521643 0 -0.5 0.0389568 -0.0105012 0 -0.0105012 -0.0105012 
11.934 2 1 2 0 -0.0401 -0.0595 -0.0368 0.0059 -0.002591 -0.004155 100 430 -0.5 -0.504237 -0.519904 0 -0.5 0.0358274 -0.0111473 0 -0.0111473 -0.0111473 
11.974 2 1 2 0 -0.0127 -0.0678 -0.0376 0.0059 -0.002591 -0.002902 100 430 -0.5 -0.50504 -0.517721 0 -0.5 0.0318981 -0.0122282 0 -0.0122282 -0.0122282 
12.014 2 1 2 0 -0.0309 -0.0110 -0.0386 0.0059 0.000000 0.000376 100 400 -0.5 -0.506044 -0.51746 0 -0.5 0.0314278 -0.0115746 0 -0.0115746 -0.0115746 
12.054 2 1 2 0 -0.0123 -0.0106 -0.0390 0.0059 0.000000 -0.002072 100 400 -0.5 -0.506446 -0.513381 0 -0.5 0.0240849 -0.0144112 0 -0.0144112 -0.0144112 
12.094 2 1 2 0 -0.0093 -0.0162 -0.0396 0.0059 -0.002591 -0.003308 100 430 -0.5 -0.507048 -0.513386 0 -0.5 0.0240944 -0.0136261 0 -0.0136261 -0.0136261 
12.134 2 1 2 0 -0.0100 -0.0073 -0.0398 0.0059 0.000000 -0.004561 100 390 -0.5 -0.507249 -0.51115 0 -0.5 0.0200706 -0.0149068 0 -0.0149068 -0.0149068 
12.174 2 1 2 0 -0.0059 -0.0063 -0.0400 0.0059 -0.002591 -0.003767 100 420 -0.5 -0.50745 -0.510155 0 -0.5 0.0182785 -0.0151098 0 -0.0151098 -0.0151098 
12.214 2 1 2 0 -0.0037 -0.0056 -0.0400 0.0059 -0.002591 -0.004378 100 420 -0.5 -0.50745 -0.508675 0 -0.5 0.0156152 -0.0157953 0 -0.0157953 -0.0157953 
12.254 2 1 2 0 -0.0027 -0.0036 -0.0400 0.0059 -0.002591 -0.003886 100 420 -0.5 -0.50745 -0.508009 0 -0.5 0.014417 -0.0157792 0 -0.0157792 -0.0157792 
12.294 2 1 2 0 -0.0021 -0.0026 -0.0400 0.0059 -0.002591 -0.002172 100 420 -0.5 -0.50745 -0.50771 0 -0.5 0.0138788 -0.0154534 0 -0.0154534 -0.0154534 
12.334 2 1 2 0 -0.0018 -0.0021 -0.0400 0.0059 -0.002591 0.000917 100 420 -0.5 -0.50745 -0.507576 0 -0.5 0.0136368 -0.014995 0 -0.014995 -0.014995 
12.374 2 1 2 0 0.0348 0.0168 -0.0392 0.0059 -0.002591 0.004781 100 430 -0.5 -0.506646 -0.501064 0 -0.5 0.00191574 -0.0203293 0 -0.0203293 -0.0203293 
12.414 2 1 2 0 0.0131 0.0264 -0.0384 0.0059 0.002591 0.003686 100 430 -0.5 -0.505843 -0.49782 0 -0.5 -0.00392332 -0.0228206 0 -0.0228206 -0.0228206 
12.454 2 1 2 0 0.0251 0.0738 -0.0370 0.0059 0.005182 -0.001359 100 430 -0.5 -0.504438 -0.491951 0 -0.5 -0.0144882 -0.0277798 0 -0.0277798 -0.0277798 
12.494 2 1 2 0 0.0485 0.0321 -0.0352 0.0060 0.002591 -0.009622 100 430 -0.5 -0.50263 -0.486507 0 -0.5 -0.0242867 -0.0324929 0 -0.0324929 -0.0324929 
12.534 2 1 2 0 0.0313 0.0646 -0.0332 0.0060 0.007773 -0.017514 100 430 -0.5 -0.500622 -0.481624 0 -0.5 -0.0330774 -0.036797 0 -0.036797 -0.036797 
12.574 2 1 2 0 0.0154 0.0314 -0.0316 0.0060 0.007773 -0.028462 100 430 -0.5 -0.499016 -0.480843 0 -0.5 -0.0344825 -0.0374432 0 -0.0374432 -0.0374432 
12.614 2 1 2 0 0.0838 0.0261 -0.0300 0.0060 0.002591 -0.027091 100 430 -0.5 -0.497409 -0.479222 0 -0.5 -0.0374007 -0.038855 0 -0.038855 -0.038855 
12.654 2 1 2 0 0.0311 0.0141 -0.0290 0.0060 0.005182 -0.034855 100 430 -0.5 -0.496405 -0.48198 0 -0.5 -0.0324363 -0.0363134 0 -0.0363134 -0.0363134 
12.694 2 1 2 0 0.0087 0.0093 -0.0288 0.0060 0.002591 -0.030682 100 430 -0.5 -0.496204 -0.488011 0 -0.5 -0.0215804 -0.0307305 0 -0.0307305 -0.0307305 
12.735 2 1 2 0 -0.0445 0.0086 -0.0286 0.0060 0.005182 -0.028074 100 430 -0.5 -0.496003 -0.491791 0 -0.5 -0.0147758 -0.0271335 0 -0.0271335 -0.0271335 
12.775 2 1 2 0 0.0677 0.0099 -0.0282 0.0060 0.005182 -0.027726 100 430 -0.5 -0.495602 -0.491756 0 -0.5 -0.0148384 -0.0269391 0 -0.0269391 -0.0269391 
12.815 2 1 2 0 0.0090 0.0053 -0.0282 0.0060 0.005182 -0.028248 100 420 -0.5 -0.495602 -0.493884 0 -0.5 -0.0110095 -0.0247636 0 -0.0247636 -0.0247636 
12.855 2 1 2 0 0.0172 0.0034 -0.0282 0.0060 0.005182 -0.030369 100 420 -0.5 -0.495602 -0.494692 0 -0.5 -0.00955381 -0.0237498 0 -0.0237498 -0.0237498 
12.895 2 1 2 0 -0.0117 -0.0347 -0.0288 0.0060 0.002591 -0.034227 100 420 -0.5 -0.496204 -0.499637 0 -0.5 -0.00065403 -0.0189729 0 -0.0189729 -0.0189729 
12.935 2 1 2 0 -0.0189 -0.0286 -0.0296 0.0060 0.002591 -0.037258 100 430 -0.5 -0.497007 -0.504062 0 -0.5 0.00731192 -0.0146022 0 -0.0146022 -0.0146022 
12.975 2 1 2 0 -0.0433 -0.0297 -0.0306 0.0060 0.000000 -0.035735 100 400 -0.5 -0.498011 -0.508164 0 -0.5 0.0146951 -0.0104633 0 -0.0104633 -0.0104633 
13.015 2 1 2 0 -0.0478 -0.0550 -0.0324 0.0060 -0.002591 -0.028853 100 420 -0.5 -0.499819 -0.515548 0 -0.5 0.0279868 -0.0032452 0 -0.0032452 -0.0032452 
13.055 2 1 2 0 -0.0564 -0.0317 -0.0344 0.0060 -0.002591 -0.022671 100 430 -0.5 -0.501827 -0.521767 0 -0.5 0.03918 0.00301514 0 0.00301514 0.00301514 
13.095 2 1 2 0 -0.0278 -0.0538 -0.0364 0.0060 -0.007773 -0.014485 100 450 -0.5 -0.503835 -0.525022 0 -0.5 0.0450388 0.00669933 0 0.00669933 0.00669933 
13.135 2 1 2 0 -0.0636 -0.0334 -0.0384 0.0060 -0.002591 -0.009862 100 430 -0.5 -0.505843 -0.527545 0 -0.5 0.0495818 0.00976299 0 0.00976299 0.00976299 
13.175 2 1 2 0 -0.0222 -0.1030 -0.0402 0.0060 -0.010364 -0.005788 100 430 -0.5 -0.50765 -0.528217 0 -0.5 0.0507903 0.0111748 0 0.0111748 0.0111748 
13.215 2 1 2 0 -0.0750 -0.0366 -0.0422 0.0060 -0.005182 -0.002933 100 430 -0.5 -0.509659 -0.531325 0 -0.5 0.0563856 0.0147871 0 0.0147871 0.0147871 
13.255 2 1 2 0 -0.0770 -0.0701 -0.0436 0.0060 -0.002591 -0.000653 100 430 -0.5 -0.511064 -0.530508 0 -0.5 0.0549145 0.0148302 0 0.0148302 0.0148302 
13.295 2 1 2 0 -0.0705 -0.0522 -0.0450 0.0060 -0.005182 0.001355 100 430 -0.5 -0.51247 -0.530608 0 -0.5 0.0550947 0.0156891 0 0.0156891 0.0156891 
13.335 2 1 2 0 -0.0360 -0.0145 -0.0460 0.0060 -0.002591 0.003265 100 430 -0.5 -0.513474 -0.527932 0 -0.5 0.0502779 0.0140301 0 0.0140301 0.0140301 
13.375 2 1 2 0 -0.0217 -0.0797 -0.0470 0.0060 -0.005182 0.001360 100 430 -0.5 -0.514478 -0.527493 0 -0.5 0.0494874 0.0143369 0 0.0143369 0.0143369 
13.415 2 1 2 0 -0.0119 -0.0132 -0.0476 0.0060 -0.002591 0.002896 100 430 -0.5 -0.515081 -0.52492 0 -0.5 0.044856 0.0126819 0 0.0126819 0.0126819 
13.455 2 1 2 0 -0.0482 -0.0131 -0.0487 0.0060 0.000000 0.003685 100 400 -0.5 -0.516085 -0.526424 0 -0.5 0.0475631 0.0146983 0 0.0146983 0.0146983 
13.495 2 1 2 0 -0.0097 -0.0061 -0.0489 0.0060 -0.002591 0.001806 100 430 -0.5 -0.516285 -0.522563 0 -0.5 0.0406134 0.0118214 0 0.0118214 0.0118214 
13.535 2 1 2 0 -0.0485 -0.0061 -0.0491 0.0061 0.000000 -0.000267 100 400 -0.5 -0.516486 -0.520411 0 -0.5 0.0367398 0.0104385 0 0.0104385 0.0104385 
13.575 2 1 2 0 -0.0307 -0.0052 -0.0493 0.0061 -0.002591 -0.001481 100 430 -0.5 -0.516687 -0.520064 0 -0.5 0.036115 0.0106304 0 0.0106304 0.0106304 
13.615 2 1 2 0 -0.0076 -0.0052 -0.0493 0.0061 -0.002591 -0.002021 100 420 -0.5 -0.516687 -0.518219 0 -0.5 0.032795 0.00945638 0 0.00945638 0.00945638 
13.655 2 1 2 0 0.0273 -0.0044 -0.0493 0.0061 -0.002591 -0.002406 100 420 -0.5 -0.516687 -0.516958 0 -0.5 0.030524 0.00878571 0 0.00878571 0.00878571 
13.695 2 1 2 0 0.0294 -0.0031 -0.0493 0.0061 -0.002591 -0.001235 100 430 -0.5 -0.516687 -0.516212 0 -0.5 0.0291824 0.00856011 0 0.00856011 0.00856011 
13.735 2 1 2 0 0.0323 -0.0024 -0.0493 0.0061 -0.002591 -0.000290 100 430 -0.5 -0.516687 -0.515714 0 -0.5 0.0282855 0.00854306 0 0.00854306 0.00854306 
13.775 2 1 2 0 0.0226 -0.0019 -0.0493 0.0061 -0.002591 0.001774 100 430 -0.5 -0.516687 -0.515919 0 -0.5 0.0286537 0.00913283 0 0.00913283 0.00913283 
13.815 2 1 2 0 0.0468 0.0164 -0.0485 0.0061 -0.002591 0.004644 100 440 -0.5 -0.515884 -0.510293 0 -0.5 0.0185274 0.00441016 0 0.00441016 0.00441016 
13.855 2 1 2 0 0.0099 0.0232 -0.0480 0.0061 0.002591 0.003881 100 430 -0.5 -0.515482 -0.510748 0 -0.5 0.0193462 0.00509519 0 0.00509519 0.00509519 
13.895 2 1 2 0 0.0057 0.0390 -0.0472 0.0061 0.007773 0.003010 100 430 -0.5 -0.514679 -0.507401 0 -0.5 0.0133209 0.00233888 0 0.00233888 0.00233888 
13.935 2 1 2 0 0.0280 0.0187 -0.0460 0.0061 0.007773 -0.003886 100 440 -0.5 -0.513474 -0.502735 0 -0.5 0.00492239 -0.00168789 0 -0.00168789 -0.00168789 
13.975 2 1 2 0 0.0244 0.0216 -0.0446 0.0061 0.005182 -0.007123 100 430 -0.5 -0.512068 -0.499338 0 -0.5 -0.00119219 -0.00467529 0 -0.00467529 -0.00467529 
14.015 8 1 2 0 0.0340 0.0307 -0.0432 0.0061 0.007773 -0.013508 100 390 -0.5 -0.510863 -0.495504 0 -0.5 -0.00809212 -0.00810132 0 -0.00810132 -0.00810132 
14.055 9 1 2 0 0.0197 0.0266 -0.0420 0.0061 0.007773 -0.016766 100 390 -0.5 -0.510863 -0.495504 0 -0.5 -0.00809212 -0.00810132 0 -0.00810132 -0.00810132 
