%% logfile from robot Alma (11)
% Alma (11)
%  1    time 2.032 sec
%  2  3  4  5   (mission 0), state 2, entered (thread 1, line 1), events 0x0 (bit-flags)
%  6  7 Wheel velocity [m/s] left, right: -0.0767 -0.0775
%  8  9 10 11 Pose x,y,h,tilt [m,m,rad,rad]: -0.0462196 0.00343223 1.39698e-09 0.0189973
% 12 13 read sensor time [us]: 100 and ctrl time 430
% 14 23 ctrl bal pos, ref=2.5, m=-0.000803247, m2=-0.00748666, uf=0, r2=2.5, ep=4.51348,up=2.29191, ui=0, u1=2.29191, u=1
2.032 2 1 1 0 -0.0767 -0.0775 -0.0462 0.0034 0.000000 0.018997 100 430 2.5 -0.000803247 -0.00748666 0 2.5 4.51348 2.29191 0 2.29191 1 
2.072 2 1 1 0 -0.1060 -0.0781 -0.0478 0.0034 0.000000 0.046326 100 400 2.5 -0.00240974 -0.0176213 0 2.5 4.53172 2.34504 0 2.34504 1 
2.112 2 1 1 0 -0.0526 -0.0431 -0.0502 0.0034 0.000000 0.087421 100 400 2.5 -0.00481948 -0.025734 0 2.5 4.54632 2.39575 0 2.39575 1 
2.152 2 1 1 0 -0.0505 -0.0461 -0.0524 0.0034 0.002591 0.126606 100 420 2.5 -0.00702841 -0.0295714 0 2.5 4.55323 2.44184 0 2.44184 1 
2.192 2 1 1 0 -0.0343 -0.0294 -0.0536 0.0034 0.002591 0.170090 100 420 2.5 -0.00823328 -0.0251775 0 2.5 4.54532 2.47967 0 2.47967 1 
2.232 2 1 1 0 0.0229 0.0260 -0.0528 0.0034 0.002591 0.208924 100 430 2.5 -0.00743004 -0.00939742 0 2.5 4.51692 2.50623 0 2.50623 1 
2.272 2 1 1 0 0.1541 0.1730 -0.0484 0.0034 0.002591 0.236708 100 440 2.5 -0.00301218 0.0254071 0 2.5 4.45427 2.51444 0 2.51444 1 
2.312 2 1 1 0 0.2698 0.2409 -0.0400 0.0035 0.002591 0.248896 100 430 2.5 0.00542192 0.072362 0 2.5 4.36975 2.5102 0 2.5102 1 
2.352 2 1 1 0 0.3456 0.3327 -0.0273 0.0035 0.005182 0.245417 100 440 2.5 0.0180731 0.128108 0 2.5 4.2694 2.49635 0 2.49635 1 
2.392 2 1 1 0 0.4516 0.4650 -0.0107 0.0036 0.002591 0.234519 100 440 2.5 0.0347404 0.188505 0 2.5 4.16069 2.47655 0 2.47655 1 
2.432 2 1 1 0 0.4996 0.5569 0.0094 0.0037 0.002591 0.217802 100 440 2.5 0.0548217 0.249258 0 2.5 4.05134 2.45466 0 2.45466 1 
2.472 2 1 1 0 0.5765 0.5767 0.0319 0.0038 0.002591 0.197437 100 450 2.5 0.0773126 0.305065 0 2.5 3.95088 2.43555 0 2.43555 1 
2.512 2 1 1 0 0.6431 0.6563 0.0566 0.0039 0.005182 0.177273 100 440 2.5 0.102012 0.358229 0 2.5 3.85519 2.41723 0 2.41723 1 
2.552 2 1 1 0 0.7366 0.7088 0.0833 0.0041 0.007773 0.158521 100 450 2.5 0.12872 0.40987 0 2.5 3.76223 2.39875 0 2.39875 1 
2.592 2 1 1 0 0.7371 0.7313 0.1120 0.0042 0.005182 0.143019 100 440 2.5 0.157437 0.462721 0 2.5 3.6671 2.37772 0 2.37772 1 
2.632 2 1 1 0 0.7337 0.7581 0.1421 0.0044 0.005182 0.126875 100 450 2.5 0.187558 0.51211 0 2.5 3.5782 2.35836 0 2.35836 1 
2.672 2 1 1 0 0.7580 0.7355 0.1741 0.0045 0.002591 0.116122 100 440 2.5 0.219487 0.563446 0 2.5 3.4858 2.33584 0 2.33584 1 
2.712 2 1 1 0 0.8663 0.8401 0.2070 0.0045 0.002591 0.106218 100 440 2.5 0.252421 0.611228 0 2.5 3.39979 2.31517 0 2.31517 1 
2.752 2 1 1 0 0.9131 0.9105 0.2415 0.0045 0.002591 0.097118 100 440 2.5 0.28696 0.662834 0 2.5 3.3069 2.28974 0 2.28974 1 
2.792 2 1 1 0 0.9314 0.9260 0.2777 0.0046 0.002591 0.084504 100 440 2.5 0.323107 0.716355 0 2.5 3.21056 2.26123 0 2.26123 1 
2.832 2 1 1 0 0.9693 0.9582 0.3150 0.0048 0.002591 0.074568 100 440 2.5 0.360458 0.76901 0 2.5 3.11578 2.23217 0 2.23217 1 
2.872 2 1 1 0 0.9538 0.9952 0.3540 0.0048 0.002591 0.063295 100 450 2.5 0.399416 0.824741 0 2.5 3.01547 2.199 0 2.199 1 
2.912 2 1 1 0 0.9908 0.9715 0.3940 0.0049 0.000000 0.053100 100 410 2.5 0.439378 0.878098 0 2.5 2.91942 2.16665 0 2.16665 1 
2.952 2 1 1 0 0.9583 1.0826 0.4349 0.0049 0.000000 0.043028 100 450 2.5 0.480344 0.93113 0 2.5 2.82397 2.13334 0 2.13334 1 
2.992 2 1 1 0 1.0448 1.0769 0.4771 0.0049 0.000000 0.033307 100 400 2.5 0.522515 0.986732 0 2.5 2.72388 2.09647 0 2.09647 1 
3.032 2 1 1 0 1.1045 1.0563 0.5201 0.0050 0.000000 0.021715 100 450 2.5 0.565489 1.04089 0 2.5 2.62641 2.05968 0 2.05968 1 
3.072 2 1 1 0 1.0659 1.0880 0.5640 0.0050 -0.002591 0.012822 100 440 2.5 0.609466 1.09618 0 2.5 2.52687 2.02065 0 2.02065 1 
3.112 2 1 1 0 1.0972 1.1295 0.6080 0.0050 0.000000 0.004199 100 420 2.5 0.653443 1.14498 0 2.5 2.43904 1.98633 0 1.98633 1 
3.152 2 1 1 0 1.1003 1.1134 0.6526 0.0050 0.000000 -0.004273 100 410 2.5 0.698022 1.19498 0 2.5 2.34904 1.94984 0 1.94984 1 
3.192 2 1 1 0 1.1007 1.1317 0.6980 0.0050 0.000000 -0.011356 100 410 2.5 0.743405 1.24824 0 2.5 2.25317 1.90933 0 1.90933 1 
3.232 2 1 1 0 1.1663 1.1941 0.7436 0.0049 -0.002591 -0.017775 100 440 2.5 0.788988 1.29837 0 2.5 2.16293 1.87057 0 1.87057 1 
3.272 2 1 1 0 1.1333 1.1542 0.7898 0.0048 -0.002591 -0.024100 100 440 2.5 0.835174 1.35044 0 2.5 2.06922 1.82904 0 1.82904 1 
3.312 2 1 1 0 1.1096 1.1858 0.8355 0.0047 -0.002591 -0.030186 100 440 2.5 0.880958 1.39657 0 2.5 1.98617 1.79187 0 1.79187 1 
3.352 2 1 1 0 1.1446 1.1831 0.8817 0.0047 -0.002591 -0.034649 100 450 2.5 0.927144 1.44492 0 2.5 1.89914 1.75177 0 1.75177 1 
3.392 2 1 1 0 1.1883 1.2025 0.9281 0.0047 0.000000 -0.039369 100 400 2.5 0.973531 1.49356 0 2.5 1.8116 1.71048 0 1.71048 1 
3.432 2 1 1 0 1.0880 1.1700 0.9745 0.0046 -0.002591 -0.042842 100 440 2.5 1.01992 1.54083 0 2.5 1.7265 1.6695 0 1.6695 1 
3.472 2 1 1 0 1.1684 1.1404 1.0207 0.0045 -0.002591 -0.047068 100 450 2.5 1.0661 1.58652 0 2.5 1.64426 1.62911 0 1.62911 1 
3.512 2 1 1 0 1.1421 1.1756 1.0667 0.0045 0.000000 -0.049900 100 410 2.5 1.11209 1.63104 0 2.5 1.56413 1.58896 0 1.58896 1 
3.552 2 1 1 0 1.2045 1.1724 1.1129 0.0045 0.000000 -0.050381 100 410 2.5 1.15828 1.67795 0 2.5 1.47968 1.54584 0 1.54584 1 
3.592 2 1 1 0 1.1721 1.1262 1.1588 0.0044 -0.002591 -0.054491 100 450 2.5 1.20426 1.7229 0 2.5 1.39878 1.50368 0 1.50368 1 
3.632 2 1 1 0 1.1703 1.1305 1.2046 0.0043 -0.002591 -0.056252 100 440 2.5 1.25005 1.76716 0 2.5 1.31911 1.46139 0 1.46139 1 
3.672 2 1 1 0 1.1553 1.1572 1.2498 0.0043 0.000000 -0.062129 100 460 2.5 1.29523 1.80757 0 2.5 1.24637 1.42185 0 1.42185 1 
3.712 2 1 1 0 1.0769 1.0762 1.2952 0.0043 0.000000 -0.061851 100 410 2.5 1.34061 1.85172 0 2.5 1.1669 1.37824 0 1.37824 1 
3.752 2 1 1 0 1.1606 1.1163 1.3400 0.0043 -0.002591 -0.059544 100 450 2.5 1.38539 1.89257 0 2.5 1.09338 1.33693 0 1.33693 1 
3.792 2 1 1 0 1.0874 1.1518 1.3844 0.0042 0.000000 -0.058400 110 420 2.5 1.42977 1.93302 0 2.5 1.02057 1.29536 0 1.29536 1 
3.832 2 1 1 0 1.0745 1.1051 1.4285 0.0042 0.000000 -0.056279 100 440 2.5 1.47395 1.97361 0 2.5 0.947494 1.25302 0 1.25302 1 
3.872 2 1 1 0 1.1211 1.1081 1.4731 0.0043 0.000000 -0.058278 110 400 2.5 1.51853 2.01918 0 2.5 0.865484 1.20555 0 1.20555 1 
3.912 2 1 1 0 1.1001 1.1188 1.5173 0.0043 0.000000 -0.057823 100 410 2.5 1.56271 2.06149 0 2.5 0.789313 1.16036 0 1.16036 1 
3.952 2 1 1 0 1.0917 1.0626 1.5611 0.0042 0.000000 -0.058510 100 410 2.5 1.60649 2.10224 0 2.5 0.715972 1.116 0 1.116 1 
3.992 2 1 1 0 1.1013 1.0777 1.6042 0.0042 0.002591 -0.059325 100 450 2.5 1.64966 2.14029 0 2.5 0.647479 1.07351 0 1.07351 1 
4.032 2 1 1 0 1.0490 1.0412 1.6470 0.0042 0.000000 -0.058468 100 410 2.5 1.69243 2.17774 0 2.5 0.580068 1.03103 0 1.03103 1 
4.072 2 1 1 0 1.0791 1.0533 1.6900 0.0042 0.000000 -0.056297 100 420 2.5 1.73541 2.21948 0 2.5 0.504928 0.984153 0 0.984153 0.984153 
4.112 2 1 1 0 1.0640 1.0557 1.7324 0.0041 -0.002591 -0.054663 100 450 2.5 1.77778 2.25837 0 2.5 0.434942 0.939347 0 0.939347 0.939347 
4.152 2 1 1 0 1.0040 1.0931 1.7739 0.0041 0.000000 -0.055284 100 410 2.5 1.81935 2.29334 0 2.5 0.37199 0.897597 0 0.897597 0.897597 
4.192 2 1 1 0 1.0315 1.0101 1.8155 0.0041 0.002591 -0.052780 100 450 2.5 1.86092 2.33169 0 2.5 0.302965 0.852346 0 0.852346 0.852346 
4.232 2 1 1 0 1.0562 1.0505 1.8571 0.0042 0.000000 -0.054623 100 450 2.5 1.90249 2.37141 0 2.5 0.231461 0.805357 0 0.805357 0.805357 
4.272 2 1 1 0 1.0641 1.0138 1.8986 0.0041 -0.002591 -0.056912 100 440 2.5 1.94405 2.41251 0 2.5 0.157482 0.756644 0 0.756644 0.756644 
4.312 2 1 1 0 1.0204 1.0300 1.9398 0.0041 0.000000 -0.062294 100 450 2.5 1.98522 2.4509 0 2.5 0.088385 0.709896 0 0.709896 0.709896 
4.352 2 1 1 0 1.0037 1.0271 1.9808 0.0041 0.000000 -0.070084 100 410 2.5 2.02619 2.48918 0 2.5 0.0194836 0.662797 0 0.662797 0.662797 
4.392 2 1 1 0 1.0310 1.0030 2.0211 0.0041 0.002591 -0.079644 100 440 2.5 2.06655 2.52464 0 2.5 -0.0443607 0.617824 0 0.617824 0.617824 
4.432 2 1 1 0 0.9495 0.9817 2.0615 0.0041 0.000000 -0.089252 100 410 2.5 2.10691 2.56219 0 2.5 -0.111947 0.570564 0 0.570564 0.570564 
4.472 2 1 1 0 0.9643 0.9647 2.1006 0.0041 -0.002591 -0.100148 100 430 2.5 2.14607 2.59289 0 2.5 -0.167198 0.529145 0 0.529145 0.529145 
4.512 2 1 1 0 0.9601 0.9447 2.1388 0.0040 -0.002591 -0.108979 100 430 2.5 2.18422 2.62144 0 2.5 -0.21859 0.489419 0 0.489419 0.489419 
4.552 2 1 1 0 0.9248 0.9392 2.1761 0.0040 0.002591 -0.117358 100 440 2.5 2.22157 2.64917 0 2.5 -0.268506 0.450195 0 0.450195 0.450195 
4.592 2 1 1 0 0.9034 0.8871 2.2121 0.0041 0.000000 -0.126766 100 410 2.5 2.25751 2.67175 0 2.5 -0.309142 0.415438 0 0.415438 0.415438 
4.632 2 1 1 0 0.8621 0.8714 2.2472 0.0040 -0.002591 -0.134570 100 450 2.5 2.29265 2.69534 0 2.5 -0.351614 0.379614 0 0.379614 0.379614 
4.672 2 1 1 0 0.8093 0.7765 2.2810 0.0039 -0.002591 -0.141576 100 440 2.5 2.32639 2.71577 0 2.5 -0.388387 0.346559 0 0.346559 0.346559 
4.712 2 1 1 0 0.7517 0.7906 2.3127 0.0039 -0.002591 -0.146756 100 450 2.5 2.35812 2.72935 0 2.5 -0.412832 0.319673 0 0.319673 0.319673 
4.752 2 1 1 0 0.7651 0.6639 2.3426 0.0039 0.000000 -0.148324 100 410 2.5 2.38804 2.73955 0 2.5 -0.431193 0.295895 0 0.295895 0.295895 
4.792 2 1 1 0 0.6441 0.7455 2.3713 0.0039 -0.002591 -0.148448 100 440 2.5 2.41675 2.75189 0 2.5 -0.453402 0.270274 0 0.270274 0.270274 
4.832 2 1 1 0 0.6261 0.6659 2.3986 0.0039 -0.002591 -0.151069 100 440 2.5 2.44407 2.76344 0 2.5 -0.474197 0.245446 0 0.245446 0.245446 
4.872 2 1 1 0 0.5920 0.6106 2.4244 0.0038 -0.002591 -0.152937 100 450 2.5 2.46977 2.77161 0 2.5 -0.488892 0.223762 0 0.223762 0.223762 
4.912 2 1 1 0 0.5196 0.6177 2.4484 0.0037 -0.002591 -0.155207 100 440 2.5 2.49387 2.77807 0 2.5 -0.50052 0.203772 0 0.203772 0.203772 
4.952 2 1 1 0 0.5432 0.5453 2.4701 0.0037 -0.002591 -0.153738 100 440 2.5 2.51556 2.77744 0 2.5 -0.49939 0.190414 0 0.190414 0.190414 
4.992 2 1 1 0 0.4759 0.4528 2.4900 0.0036 0.000000 -0.150159 100 400 2.5 2.53544 2.77579 0 2.5 -0.496417 0.178262 0 0.178262 0.178262 
5.032 2 1 1 0 0.4605 0.4495 2.5085 0.0036 0.000000 -0.144886 100 430 2.5 2.55392 2.77606 0 2.5 -0.496915 0.164658 0 0.164658 0.164658 
5.072 2 1 1 0 0.4066 0.3844 2.5248 0.0036 0.002591 -0.139573 100 440 2.5 2.57019 2.77052 0 2.5 -0.486938 0.156611 0 0.156611 0.156611 
5.112 2 1 1 0 0.3837 0.3511 2.5394 0.0037 0.000000 -0.133597 100 410 2.5 2.58485 2.76511 0 2.5 -0.477201 0.148785 0 0.148785 0.148785 
5.152 2 1 1 0 0.3070 0.3114 2.5527 0.0037 0.000000 -0.126006 100 410 2.5 2.59811 2.76117 0 2.5 -0.470102 0.139991 0 0.139991 0.139991 
5.192 2 1 1 0 0.2692 0.2903 2.5641 0.0037 0.002591 -0.118238 100 430 2.5 2.60956 2.75382 0 2.5 -0.45688 0.13461 0 0.13461 0.13461 
5.232 2 1 1 0 0.2301 0.2467 2.5744 0.0037 0.000000 -0.110146 100 410 2.5 2.6198 2.74816 0 2.5 -0.446687 0.128064 0 0.128064 0.128064 
5.272 2 1 1 0 0.1902 0.1866 2.5828 0.0037 0.000000 -0.102920 100 400 2.5 2.62824 2.73815 0 2.5 -0.428662 0.125804 0 0.125804 0.125804 
5.312 2 1 1 0 0.1617 0.1603 2.5898 0.0037 0.002591 -0.095884 100 440 2.5 2.63527 2.72749 0 2.5 -0.409484 0.124503 0 0.124503 0.124503 
5.352 2 1 1 0 0.1091 0.1231 2.5957 0.0037 0.000000 -0.088156 100 400 2.5 2.64109 2.71714 0 2.5 -0.390845 0.123305 0 0.123305 0.123305 
5.392 2 1 1 0 0.0986 0.1181 2.6005 0.0037 0.000000 -0.078792 100 400 2.5 2.64591 2.70914 0 2.5 -0.376447 0.12038 0 0.12038 0.12038 
5.432 2 1 1 0 0.1116 0.0802 2.6041 0.0037 0.000000 -0.071295 100 440 2.5 2.64952 2.70114 0 2.5 -0.362044 0.117856 0 0.117856 0.117856 
5.472 2 1 1 0 0.0497 0.0456 2.6059 0.0037 -0.002591 -0.065365 100 430 2.5 2.65133 2.68594 0 2.5 -0.334695 0.122189 0 0.122189 0.122189 
5.512 2 1 1 0 0.0240 0.0200 2.6069 0.0037 0.000000 -0.058058 100 400 2.5 2.65233 2.67398 0 2.5 -0.313172 0.12402 0 0.12402 0.12402 
5.552 2 1 1 0 0.0075 0.0094 2.6069 0.0037 0.000000 -0.051182 100 400 2.5 2.65233 2.66214 0 2.5 -0.291855 0.126142 0 0.126142 0.126142 
5.592 2 1 1 0 -0.0043 -0.0065 2.6065 0.0037 0.000000 -0.048867 100 440 2.5 2.65193 2.65345 0 2.5 -0.276217 0.125756 0 0.125756 0.125756 
5.632 2 1 1 0 -0.0527 -0.0702 2.6047 0.0037 -0.002591 -0.042329 100 430 2.5 2.65012 2.63899 0 2.5 -0.250176 0.130937 0 0.130937 0.130937 
5.672 2 1 1 0 -0.0750 -0.0696 2.6019 0.0037 -0.002591 -0.032320 100 430 2.5 2.64731 2.6251 0 2.5 -0.225172 0.136034 0 0.136034 0.136034 
5.712 2 1 1 0 -0.1108 -0.0949 2.5979 0.0037 -0.002591 -0.021148 100 430 2.5 2.6433 2.60867 0 2.5 -0.195608 0.143831 0 0.143831 0.143831 
5.752 2 1 1 0 -0.0967 -0.1253 2.5933 0.0037 -0.005182 -0.008797 100 420 2.5 2.63868 2.59442 0 2.5 -0.169962 0.150065 0 0.150065 0.150065 
5.792 2 1 1 0 -0.1431 -0.1650 2.5882 0.0037 -0.002591 0.002449 100 430 2.5 2.63366 2.58282 0 2.5 -0.149084 0.154281 0 0.154281 0.154281 
5.832 2 1 1 0 -0.1108 -0.1627 2.5826 0.0037 -0.002591 0.014244 100 430 2.5 2.62804 2.57042 0 2.5 -0.126751 0.15956 0 0.15956 0.15956 
5.872 2 1 1 0 -0.1309 -0.1501 2.5770 0.0038 -0.002591 0.023797 100 430 2.5 2.62242 2.56131 0 2.5 -0.110365 0.162153 0 0.162153 0.162153 
5.912 2 1 1 0 -0.1330 -0.1405 2.5714 0.0038 -0.002591 0.032080 100 440 2.5 2.61679 2.55405 0 2.5 -0.0972942 0.16334 0 0.16334 0.16334 
5.952 2 1 1 0 -0.1329 -0.1465 2.5662 0.0038 -0.002591 0.037693 100 440 2.5 2.61157 2.55114 0 2.5 -0.0920586 0.160821 0 0.160821 0.160821 
5.992 2 1 1 0 -0.1281 -0.1176 2.5607 0.0038 0.000000 0.042902 100 440 2.5 2.60615 2.54535 0 2.5 -0.0816387 0.161072 0 0.161072 0.161072 
6.032 2 1 1 0 -0.1279 -0.1348 2.5559 0.0038 0.000000 0.047273 100 430 2.5 2.60134 2.54408 0 2.5 -0.0793419 0.157416 0 0.157416 0.157416 
6.072 2 1 1 0 -0.0951 -0.1025 2.5511 0.0038 0.000000 0.049053 100 390 2.5 2.59652 2.54129 0 2.5 -0.0743191 0.155272 0 0.155272 0.155272 
6.112 2 1 1 0 -0.1190 -0.0785 2.5471 0.0038 0.000000 0.050368 100 390 2.5 2.5925 2.54276 0 2.5 -0.0769592 0.149381 0 0.149381 0.149381 
6.152 2 1 1 0 -0.1221 -0.0886 2.5425 0.0038 0.002591 0.048251 100 440 2.5 2.58788 2.53708 0 2.5 -0.0667454 0.150062 0 0.150062 0.150062 
6.192 2 1 1 0 -0.1103 -0.0692 2.5386 0.0038 0.000000 0.048755 100 440 2.5 2.58407 2.53766 0 2.5 -0.0677959 0.145233 0 0.145233 0.145233 
6.232 2 1 1 0 -0.0789 -0.0676 2.5350 0.0038 0.000000 0.049467 100 390 2.5 2.58045 2.53752 0 2.5 -0.0675384 0.141149 0 0.141149 0.141149 
6.272 2 1 1 0 -0.0549 -0.0669 2.5318 0.0038 0.000000 0.049685 100 400 2.5 2.57724 2.53884 0 2.5 -0.0699074 0.13584 0 0.13584 0.13584 
6.312 2 1 1 0 -0.0886 -0.0625 2.5286 0.0038 0.000000 0.048805 100 400 2.5 2.57403 2.53718 0 2.5 -0.0669239 0.13328 0 0.13328 0.13328 
6.352 2 1 1 0 -0.0462 -0.0686 2.5264 0.0038 -0.002591 0.049341 100 430 2.5 2.57182 2.54194 0 2.5 -0.0754864 0.124994 0 0.124994 0.124994 
6.392 2 1 1 0 -0.0358 -0.0435 2.5240 0.0038 -0.002591 0.047185 100 420 2.5 2.56941 2.54154 0 2.5 -0.0747791 0.121395 0 0.121395 0.121395 
6.432 2 1 1 0 -0.0738 -0.0476 2.5222 0.0038 0.000000 0.043841 100 390 2.5 2.56761 2.54363 0 2.5 -0.0785282 0.1156 0 0.1156 0.1156 
6.472 2 1 1 0 -0.0508 -0.0176 2.5208 0.0038 0.002591 0.044498 100 440 2.5 2.5662 2.54718 0 2.5 -0.0849312 0.108531 0 0.108531 0.108531 
6.512 2 1 1 0 -0.0282 -0.0237 2.5196 0.0038 -0.002591 0.041087 100 430 2.5 2.565 2.54875 0 2.5 -0.0877533 0.103262 0 0.103262 0.103262 
6.552 2 1 1 0 -0.0138 -0.0153 2.5188 0.0038 -0.002591 0.038444 100 430 2.5 2.56419 2.55307 0 2.5 -0.0955296 0.095587 0 0.095587 0.095587 
6.592 2 1 1 0 -0.0209 -0.0198 2.5176 0.0038 -0.002591 0.037638 100 430 2.5 2.56299 2.55137 0 2.5 -0.0924602 0.0933798 0 0.0933798 0.0933798 
6.632 2 1 1 0 -0.0114 -0.0090 2.5172 0.0038 -0.002591 0.035657 100 430 2.5 2.56259 2.55478 0 2.5 -0.0986057 0.0865853 0 0.0865853 0.0865853 
6.672 2 1 1 0 -0.0075 -0.0071 2.5172 0.0038 -0.002591 0.032687 100 440 2.5 2.56259 2.55915 0 2.5 -0.106468 0.0789433 0 0.0789433 0.0789433 
6.712 2 1 1 0 -0.0043 -0.0042 2.5172 0.0038 -0.002591 0.032751 100 430 2.5 2.56259 2.56111 0 2.5 -0.109997 0.0734877 0 0.0734877 0.0734877 
6.752 2 1 1 0 -0.0030 -0.0029 2.5172 0.0038 -0.002591 0.035157 100 430 2.5 2.56259 2.56199 0 2.5 -0.111587 0.069051 0 0.069051 0.069051 
6.792 2 1 1 0 0.0535 0.0157 2.5180 0.0038 -0.002591 0.038264 100 430 2.5 2.56339 2.56866 0 2.5 -0.123593 0.0594223 0 0.0594223 0.0594223 
6.832 2 1 1 0 0.0335 0.0376 2.5194 0.0038 0.000000 0.033401 100 430 2.5 2.5648 2.57624 0 2.5 -0.13724 0.0489112 0 0.0489112 0.0489112 
6.872 2 1 1 0 0.0491 0.0714 2.5214 0.0038 0.005182 0.027853 100 430 2.5 2.5668 2.58504 0 2.5 -0.153064 0.037248 0 0.037248 0.037248 
6.912 2 1 1 0 0.0772 0.0456 2.5236 0.0038 0.002591 0.018748 100 440 2.5 2.56901 2.5918 0 2.5 -0.165234 0.0273588 0 0.0273588 0.0273588 
6.952 2 1 1 0 0.0867 0.0770 2.5260 0.0038 0.007773 0.010065 100 430 2.5 2.57142 2.59667 0 2.5 -0.174006 0.0191137 0 0.0191137 0.0191137 
6.992 2 1 1 0 0.0463 0.0728 2.5284 0.0038 0.007773 0.001680 100 430 2.5 2.57383 2.60034 0 2.5 -0.180608 0.0119606 0 0.0119606 0.0119606 
7.032 2 1 1 0 0.0463 0.0986 2.5308 0.0039 0.007773 -0.007843 100 430 2.5 2.57624 2.60313 0 2.5 -0.185628 0.00561208 0 0.00561208 0.00561208 
7.072 2 1 1 0 0.1003 0.0785 2.5330 0.0039 0.005182 -0.012853 100 440 2.5 2.57845 2.60524 0 2.5 -0.189432 -6.10128e-05 0 -6.10128e-05 -6.10128e-05 
7.112 2 1 1 0 0.0651 0.0348 2.5344 0.0039 0.002591 -0.017996 100 430 2.5 2.57985 2.60096 0 2.5 -0.181731 9.58517e-05 0 9.58517e-05 9.58517e-05 
7.152 2 1 1 0 0.0308 0.0171 2.5356 0.0039 0.002591 -0.020639 100 440 2.5 2.58106 2.59722 0 2.5 -0.174988 -0.000124507 0 -0.000124507 -0.000124507 
7.192 2 1 1 0 0.0330 0.0364 2.5366 0.0039 0.005182 -0.017546 100 430 2.5 2.58206 2.59603 0 2.5 -0.172856 -0.00249247 0 -0.00249247 -0.00249247 
7.232 2 1 1 0 0.0113 0.0156 2.5372 0.0039 0.002591 -0.014177 100 430 2.5 2.58266 2.59286 0 2.5 -0.167143 -0.00297365 0 -0.00297365 -0.00297365 
7.272 2 1 1 0 0.0149 0.0127 2.5376 0.0039 0.002591 -0.013647 100 420 2.5 2.58306 2.58998 0 2.5 -0.161956 -0.00360981 0 -0.00360981 -0.00360981 
7.312 2 1 1 0 0.0261 0.0190 2.5384 0.0039 0.002591 -0.014601 100 430 2.5 2.58387 2.59211 0 2.5 -0.165801 -0.00868457 0 -0.00868457 -0.00868457 
7.352 2 1 1 0 0.0072 0.0108 2.5386 0.0039 0.005182 -0.017656 100 420 2.5 2.58407 2.58943 0 2.5 -0.160981 -0.00934571 0 -0.00934571 -0.00934571 
7.392 2 1 1 0 0.0174 0.0108 2.5392 0.0039 0.002591 -0.016190 100 420 2.5 2.58467 2.59071 0 2.5 -0.163281 -0.0135164 0 -0.0135164 -0.0135164 
7.432 2 1 1 0 0.0064 0.0082 2.5392 0.0039 0.002591 -0.015045 100 420 2.5 2.58467 2.58744 0 2.5 -0.157386 -0.0135011 0 -0.0135011 -0.0135011 
7.472 2 1 1 0 0.0039 0.0045 2.5392 0.0039 0.002591 -0.014995 100 420 2.5 2.58467 2.58597 0 2.5 -0.154739 -0.0150117 0 -0.0150117 -0.0150117 
7.512 2 1 1 0 0.0028 0.0031 2.5392 0.0039 0.002591 -0.015842 100 420 2.5 2.58467 2.58531 0 2.5 -0.153555 -0.0171794 0 -0.0171794 -0.0171794 
7.552 2 1 1 0 0.0022 0.0024 2.5392 0.0039 0.002591 -0.017673 100 420 2.5 2.58467 2.58501 0 2.5 -0.153019 -0.0196089 0 -0.0196089 -0.0196089 
7.592 2 1 1 0 0.0018 -0.0019 2.5390 0.0039 0.000000 -0.020592 100 390 2.5 2.58447 2.58306 0 2.5 -0.14951 -0.02049 0 -0.02049 -0.02049 
7.632 2 1 1 0 -0.0386 -0.0149 2.5382 0.0039 0.005182 -0.024035 100 420 2.5 2.58367 2.57804 0 2.5 -0.140464 -0.0184745 0 -0.0184745 -0.0184745 
7.672 2 1 1 0 -0.0135 -0.0304 2.5374 0.0039 0.000000 -0.021340 100 400 2.5 2.58286 2.57564 0 2.5 -0.136148 -0.0187013 0 -0.0187013 -0.0187013 
7.712 2 1 1 0 -0.0527 -0.0290 2.5362 0.0039 0.000000 -0.017545 100 400 2.5 2.58166 2.57112 0 2.5 -0.128018 -0.0169146 0 -0.0169146 -0.0169146 
7.752 2 1 1 0 -0.0260 -0.0582 2.5350 0.0039 -0.005182 -0.015706 100 440 2.5 2.58045 2.56789 0 2.5 -0.122202 -0.0161914 0 -0.0161914 -0.0161914 
7.792 2 1 1 0 -0.0676 -0.0322 2.5336 0.0039 -0.002591 -0.012057 100 430 2.5 2.57905 2.56461 0 2.5 -0.116301 -0.0153138 0 -0.0153138 -0.0153138 
7.832 2 1 1 0 0.0467 -0.0418 2.5324 0.0039 -0.007773 -0.009873 100 440 2.5 2.57784 2.5642 0 2.5 -0.115562 -0.0169325 0 -0.0169325 -0.0169325 
7.872 2 1 1 0 -0.0471 -0.0382 2.5310 0.0039 -0.005182 -0.008924 100 430 2.5 2.57644 2.56145 0 2.5 -0.110601 -0.0163866 0 -0.0163866 -0.0163866 
7.912 2 1 1 0 -0.0543 -0.0549 2.5296 0.0039 -0.007773 -0.007073 100 430 2.5 2.57503 2.55832 0 2.5 -0.104981 -0.0154605 0 -0.0154605 -0.0154605 
7.952 2 1 1 0 -0.0262 -0.0355 2.5286 0.0039 -0.005182 -0.006584 100 440 2.5 2.57403 2.56007 0 2.5 -0.108123 -0.0188335 0 -0.0188335 -0.0188335 
7.992 2 1 1 0 -0.0577 -0.0453 2.5272 0.0039 -0.007773 -0.004518 100 430 2.5 2.57262 2.55768 0 2.5 -0.103828 -0.0184324 0 -0.0184324 -0.0184324 
8.032 2 1 2 0 -0.0519 -0.0620 2.5252 0.0040 -0.007773 0.001942 100 430 -2.5 -0.00200772 -12.6034 0 -2.5 18.1861 9.32771 0 9.32771 1 
8.072 2 1 2 0 -0.1609 -0.1379 2.5206 0.0040 -0.005182 0.034001 100 440 -2.5 -0.00662541 -5.69835 0 -2.5 5.75704 3.21868 0 3.21868 1 
8.112 2 1 2 0 -0.1324 -0.1345 2.5152 0.0040 -0.002591 0.080657 100 440 -2.5 -0.0120466 -2.60318 0 -2.5 0.18572 0.451964 0 0.451964 0.451964 
8.152 2 1 2 0 -0.0629 -0.0324 2.5123 0.0040 -0.002591 0.113615 100 430 -2.5 -0.0148571 -1.19494 0 -2.5 -2.34911 -0.834911 0 -0.834911 -0.834911 
8.192 2 1 2 0 0.0730 0.1405 2.5148 0.0040 0.002591 0.101832 100 440 -2.5 -0.0124478 -0.52607 0 -2.5 -3.55307 -1.47358 0 -1.47358 -1 
8.232 2 1 2 0 0.2031 0.2329 2.5222 0.0041 0.005182 0.055525 100 440 -2.5 -0.00501776 -0.18779 0 -2.5 -4.16198 -1.82255 0 -1.82255 -1 
8.272 2 1 2 0 0.3313 0.2880 2.5330 0.0041 0.005182 -0.017521 100 440 -2.5 0.00582719 -0.00802768 0 -2.5 -4.48555 -2.03242 0 -2.03242 -1 
8.312 2 1 2 0 0.2603 0.2296 2.5441 0.0042 0.002591 -0.099885 100 450 -2.5 0.0168726 0.0782872 0 -2.5 -4.64092 -2.15956 0 -2.15956 -1 
8.352 2 1 2 0 0.2043 0.1725 2.5531 0.0042 0.005182 -0.165328 100 440 -2.5 0.0259097 0.108965 0 -2.5 -4.69614 -2.23662 0 -2.23662 -1 
8.392 2 1 2 0 0.1337 0.1299 2.5589 0.0042 0.002591 -0.215612 100 440 -2.5 0.0317326 0.104503 0 -2.5 -4.68811 -2.28128 0 -2.28128 -1 
8.432 2 1 2 0 0.0430 0.0388 2.5613 0.0042 0.002591 -0.250956 100 430 -2.5 0.0341415 0.0800945 0 -2.5 -4.64417 -2.30678 0 -2.30678 -1 
8.472 2 1 2 0 -0.0390 -0.0635 2.5605 0.0042 0.002591 -0.275382 100 430 -2.5 0.0333385 0.0480143 0 -2.5 -4.58643 -2.3239 0 -2.3239 -1 
8.512 2 1 2 0 -0.1507 -0.1782 2.5553 0.0042 -0.002591 -0.291480 100 420 -2.5 0.0281174 0.000691861 0 -2.5 -4.50125 -2.32569 0 -2.32569 -1 
8.552 2 1 2 0 -0.2826 -0.3413 2.5457 0.0043 -0.002591 -0.290170 100 440 -2.5 0.0184774 -0.0557177 0 -2.5 -4.39971 -2.31752 0 -2.31752 -1 
8.592 2 1 2 0 -0.4164 -0.4038 2.5316 0.0043 -0.002591 -0.278462 100 440 -2.5 0.0044179 -0.117726 0 -2.5 -4.28809 -2.30239 0 -2.30239 -1 
8.632 2 1 2 0 -0.5294 -0.4994 2.5137 0.0044 -0.005182 -0.257851 100 440 -2.5 -0.0134583 -0.180282 0 -2.5 -4.17549 -2.28484 0 -2.28484 -1 
8.672 2 1 2 0 -0.5696 -0.6021 2.4929 0.0045 -0.005182 -0.234800 100 430 -2.5 -0.0343456 -0.239376 0 -2.5 -4.06912 -2.26854 0 -2.26854 -1 
8.712 2 1 2 0 -0.6335 -0.5962 2.4692 0.0046 -0.005182 -0.210911 100 440 -2.5 -0.0580435 -0.297722 0 -2.5 -3.9641 -2.25114 0 -2.25114 -1 
8.752 2 1 2 0 -0.6331 -0.7013 2.4437 0.0047 -0.002591 -0.190187 100 440 -2.5 -0.0835481 -0.350251 0 -2.5 -3.86955 -2.23732 0 -2.23732 -1 
8.792 2 1 2 0 -0.7714 -0.7106 2.4161 0.0048 0.000000 -0.173721 100 450 -2.5 -0.11106 -0.402366 0 -2.5 -3.77574 -2.22228 0 -2.22228 -1 
8.832 2 1 2 0 -0.7204 -0.7594 2.3866 0.0049 -0.002591 -0.158903 100 440 -2.5 -0.14058 -0.455221 0 -2.5 -3.6806 -2.205 0 -2.205 -1 
8.872 2 1 2 0 -0.7726 -0.8081 2.3555 0.0050 0.000000 -0.143830 100 450 -2.5 -0.171705 -0.506584 0 -2.5 -3.58815 -2.18753 0 -2.18753 -1 
8.912 2 1 2 0 -0.8480 -0.7844 2.3226 0.0050 0.000000 -0.133170 100 400 -2.5 -0.204638 -0.559316 0 -2.5 -3.49323 -2.16731 0 -2.16731 -1 
8.952 2 1 2 0 -0.9087 -0.9215 2.2876 0.0050 0.000000 -0.120591 100 440 -2.5 -0.239578 -0.615812 0 -2.5 -3.39154 -2.1422 0 -2.1422 -1 
8.992 2 1 2 0 -0.9546 -0.9093 2.2517 0.0050 0.002591 -0.110817 100 450 -2.5 -0.275522 -0.668116 0 -2.5 -3.29739 -2.11941 0 -2.11941 -1 
9.032 2 1 2 0 -0.9544 -0.9632 2.2133 0.0049 0.000000 -0.098928 100 400 -2.5 -0.313876 -0.728585 0 -2.5 -3.18855 -2.08777 0 -2.08777 -1 
9.072 2 1 2 0 -0.9888 -1.0461 2.1738 0.0049 -0.002591 -0.085747 100 440 -2.5 -0.353436 -0.785594 0 -2.5 -3.08593 -2.05776 0 -2.05776 -1 
9.112 2 1 2 0 -1.0513 -1.0040 2.1326 0.0049 0.000000 -0.071558 100 410 -2.5 -0.394603 -0.844523 0 -2.5 -2.97986 -2.02456 0 -2.02456 -1 
9.152 2 1 2 0 -1.0571 -1.0759 2.0906 0.0049 0.002591 -0.059170 100 430 -2.5 -0.436572 -0.899733 0 -2.5 -2.88048 -1.99331 0 -1.99331 -1 
9.192 2 1 2 0 -1.0603 -1.0590 2.0479 0.0048 0.000000 -0.046127 100 450 -2.5 -0.479345 -0.952588 0 -2.5 -2.78534 -1.96283 0 -1.96283 -1 
9.232 2 1 2 0 -1.1138 -1.1435 2.0041 0.0048 0.000000 -0.036676 100 450 -2.5 -0.523122 -1.00691 0 -2.5 -2.68756 -1.92972 0 -1.92972 -1 
9.272 2 1 2 0 -1.1140 -1.0801 1.9595 0.0048 0.000000 -0.026231 100 410 -2.5 -0.567701 -1.06145 0 -2.5 -2.5894 -1.89515 0 -1.89515 -1 
9.312 2 1 2 0 -1.1247 -1.1353 1.9143 0.0047 0.002591 -0.018500 100 440 -2.5 -0.612884 -1.11517 0 -2.5 -2.4927 -1.86007 0 -1.86007 -1 
9.352 2 1 2 0 -1.1290 -1.1831 1.8689 0.0046 0.002591 -0.009592 100 440 -2.5 -0.658268 -1.16567 0 -2.5 -2.40179 -1.82671 0 -1.82671 -1 
9.392 2 1 2 0 -1.1323 -1.1259 1.8230 0.0046 -0.000000 -0.002265 100 410 -2.5 -0.704253 -1.21684 0 -2.5 -2.3097 -1.79157 0 -1.79157 -1 
9.432 2 1 2 0 -1.1300 -1.1598 1.7764 0.0045 -0.000000 0.003776 100 450 -2.5 -0.750841 -1.26936 0 -2.5 -2.21516 -1.75407 0 -1.75407 -1 
9.472 2 1 2 0 -1.1439 -1.1463 1.7296 0.0045 0.002591 0.010231 100 450 -2.5 -0.79763 -1.32018 0 -2.5 -2.12367 -1.71699 0 -1.71699 -1 
9.512 2 1 2 0 -1.1823 -1.1892 1.6826 0.0044 0.002591 0.015965 100 450 -2.5 -0.844619 -1.37035 0 -2.5 -2.03336 -1.67943 0 -1.67943 -1 
9.552 2 1 2 0 -1.1984 -1.2141 1.6354 0.0043 -0.000000 0.020756 100 450 -2.5 -0.891809 -1.42041 0 -2.5 -1.94325 -1.64093 0 -1.64093 -1 
9.592 2 1 2 0 -1.1791 -1.1739 1.5880 0.0043 -0.000000 0.025464 100 420 -2.5 -0.9392 -1.47015 0 -2.5 -1.85374 -1.6017 0 -1.6017 -1 
9.632 2 1 2 0 -1.1295 -1.1934 1.5404 0.0042 0.002591 0.029241 100 440 -2.5 -0.986792 -1.52054 0 -2.5 -1.76303 -1.5609 0 -1.5609 -1 
9.672 2 1 2 0 -1.2317 -1.1881 1.4932 0.0041 0.000000 0.034629 100 420 -2.5 -1.03398 -1.56625 0 -2.5 -1.68076 -1.52336 0 -1.52336 -1 
9.712 2 1 2 0 -1.1443 -1.1496 1.4454 0.0040 -0.000000 0.036286 100 420 -2.5 -1.08177 -1.61758 0 -2.5 -1.58836 -1.47984 0 -1.47984 -1 
9.752 2 1 2 0 -1.1506 -1.1819 1.3980 0.0040 -0.000000 0.040429 100 410 -2.5 -1.12917 -1.66409 0 -2.5 -1.50464 -1.43973 0 -1.43973 -1 
9.792 2 1 2 0 -1.2126 -1.2174 1.3510 0.0039 -0.000000 0.042265 100 450 -2.5 -1.17616 -1.70724 0 -2.5 -1.42697 -1.40178 0 -1.40178 -1 
9.832 2 1 2 0 -1.1928 -1.1397 1.3039 0.0039 0.002591 0.044221 100 450 -2.5 -1.22335 -1.75448 0 -2.5 -1.34193 -1.35934 0 -1.35934 -1 
9.872 2 1 2 0 -1.1653 -1.1575 1.2571 0.0038 -0.000000 0.047154 100 410 -2.5 -1.27013 -1.79909 0 -2.5 -1.26164 -1.31847 0 -1.31847 -1 
9.912 2 1 2 0 -1.1794 -1.1808 1.2103 0.0038 -0.002591 0.048393 110 450 -2.5 -1.31692 -1.8445 0 -2.5 -1.1799 -1.27607 0 -1.27607 -1 
9.952 2 1 2 0 -1.1441 -1.1180 1.1641 0.0038 0.002591 0.047969 100 440 -2.5 -1.36311 -1.88588 0 -2.5 -1.10542 -1.23655 0 -1.23655 -1 
9.992 2 1 2 0 -1.1151 -1.0790 1.1179 0.0038 0.002591 0.049459 100 440 -2.5 -1.4093 -1.92975 0 -2.5 -1.02646 -1.19406 0 -1.19406 -1 
10.032 2 1 2 0 -1.1325 -1.1145 1.0721 0.0037 0.002591 0.050147 100 450 -2.5 -1.45508 -1.97287 0 -2.5 -0.948841 -1.15156 0 -1.15156 -1 
10.072 2 1 2 0 -1.1287 -1.1179 1.0263 0.0037 -0.002591 0.049290 100 440 -2.5 -1.50087 -2.01678 0 -2.5 -0.8698 -1.10762 0 -1.10762 -1 
10.112 2 1 2 0 -1.0788 -1.1237 0.9808 0.0037 -0.000000 0.049506 100 410 -2.5 -1.54645 -2.06088 0 -2.5 -0.790415 -1.06283 0 -1.06283 -1 
10.152 2 1 2 0 -1.0983 -1.0840 0.9362 0.0037 -0.000000 0.050142 100 410 -2.5 -1.59103 -2.09887 0 -2.5 -0.722032 -1.02293 0 -1.02293 -1 
10.192 2 1 2 0 -1.1517 -1.1213 0.8916 0.0037 -0.000000 0.048282 100 450 -2.5 -1.63561 -2.13974 0 -2.5 -0.648471 -0.979822 0 -0.979822 -0.979822 
10.233 2 1 2 0 -1.1197 -1.1523 0.8474 0.0037 -0.000000 0.049091 100 400 -2.5 -1.67979 -2.17937 0 -2.5 -0.577143 -0.937224 0 -0.937224 -0.937224 
10.273 2 1 2 0 -1.1362 -1.1389 0.8032 0.0037 -0.000000 0.047104 100 400 -2.5 -1.72396 -2.22165 0 -2.5 -0.501025 -0.891641 0 -0.891641 -0.891641 
10.313 2 1 2 0 -1.1215 -1.0923 0.7599 0.0037 -0.000000 0.048558 100 410 -2.5 -1.76734 -2.25974 0 -2.5 -0.43247 -0.849296 0 -0.849296 -0.849296 
10.353 2 1 2 0 -1.1375 -1.0809 0.7167 0.0036 0.002591 0.049148 100 450 -2.5 -1.81051 -2.29942 0 -2.5 -0.361048 -0.804987 0 -0.804987 -0.804987 
10.393 2 1 2 0 -1.0438 -1.0804 0.6735 0.0036 -0.000000 0.050935 100 410 -2.5 -1.85369 -2.34108 0 -2.5 -0.28605 -0.758334 0 -0.758334 -0.758334 
10.433 2 1 2 0 -1.0443 -1.0570 0.6309 0.0036 -0.000000 0.055402 100 420 -2.5 -1.89626 -2.3789 0 -2.5 -0.217972 -0.714607 0 -0.714607 -0.714607 
10.473 2 1 2 0 -1.0156 -1.0511 0.5884 0.0036 -0.000000 0.060939 100 410 -2.5 -1.93883 -2.4182 0 -2.5 -0.147244 -0.669016 0 -0.669016 -0.669016 
10.513 2 1 2 0 -1.0852 -1.0151 0.5464 0.0035 0.002591 0.071625 100 450 -2.5 -1.9808 -2.45549 0 -2.5 -0.0801109 -0.624763 0 -0.624763 -0.624763 
10.553 2 1 2 0 -1.0992 -1.0756 0.5044 0.0035 -0.000000 0.078101 100 450 -2.5 -2.02277 -2.49634 0 -2.5 -0.00659523 -0.576864 0 -0.576864 -0.576864 
10.593 2 1 2 0 -0.9720 -0.9948 0.4639 0.0035 -0.000000 0.091081 100 410 -2.5 -2.06333 -2.52664 0 -2.5 0.047945 -0.538014 0 -0.538014 -0.538014 
10.633 2 1 2 0 -0.9634 -0.9403 0.4239 0.0034 0.002591 0.098094 100 450 -2.5 -2.10329 -2.55878 0 -2.5 0.105805 -0.497192 0 -0.497192 -0.497192 
10.673 2 1 2 0 -0.9080 -0.9560 0.3852 0.0034 -0.000000 0.108804 100 420 -2.5 -2.14205 -2.58677 0 -2.5 0.156195 -0.459816 0 -0.459816 -0.459816 
10.713 2 1 2 0 -0.8994 -0.9154 0.3478 0.0034 -0.000000 0.115516 100 410 -2.5 -2.1794 -2.61017 0 -2.5 0.198314 -0.426349 0 -0.426349 -0.426349 
10.753 2 1 2 0 -0.7981 -0.8722 0.3113 0.0034 -0.000000 0.124434 100 400 -2.5 -2.21595 -2.63532 0 -2.5 0.24357 -0.391117 0 -0.391117 -0.391117 
10.793 2 1 2 0 -0.8755 -0.8318 0.2765 0.0034 0.002591 0.128748 100 440 -2.5 -2.25069 -2.65389 0 -2.5 0.27701 -0.361664 0 -0.361664 -0.361664 
10.833 2 1 2 0 -0.7950 -0.7062 0.2434 0.0034 -0.000000 0.132990 100 410 -2.5 -2.28382 -2.66961 0 -2.5 0.3053 -0.334728 0 -0.334728 -0.334728 
10.873 2 1 2 0 -0.7717 -0.7113 0.2121 0.0033 -0.000000 0.133676 100 450 -2.5 -2.31515 -2.68229 0 -2.5 0.328114 -0.310544 0 -0.310544 -0.310544 
10.913 2 1 2 0 -0.7943 -0.7614 0.1823 0.0033 -0.000000 0.134194 100 410 -2.5 -2.34487 -2.69337 0 -2.5 0.348067 -0.287821 0 -0.287821 -0.287821 
10.953 2 1 2 0 -0.6340 -0.6395 0.1538 0.0033 -0.000000 0.134099 100 410 -2.5 -2.37339 -2.70662 0 -2.5 0.371908 -0.263207 0 -0.263207 -0.263207 
10.993 2 1 2 0 -0.6515 -0.6870 0.1269 0.0033 -0.000000 0.135374 100 410 -2.5 -2.4003 -2.71686 0 -2.5 0.390341 -0.241345 0 -0.241345 -0.241345 
11.033 2 1 2 0 -0.6106 -0.6465 0.1020 0.0033 -0.000000 0.135428 100 450 -2.5 -2.4252 -2.72139 0 -2.5 0.398502 -0.224728 0 -0.224728 -0.224728 
11.073 2 1 2 0 -0.5969 -0.5810 0.0787 0.0033 -0.000000 0.133485 100 400 -2.5 -2.44849 -2.72523 0 -2.5 0.405413 -0.208894 0 -0.208894 -0.208894 
11.113 2 1 2 0 -0.5430 -0.5592 0.0570 0.0033 -0.000000 0.131090 100 390 -2.5 -2.47018 -2.72837 0 -2.5 0.411067 -0.193877 0 -0.193877 -0.193877 
11.153 2 1 2 0 -0.4756 -0.4849 0.0371 0.0034 -0.002591 0.128135 100 440 -2.5 -2.49006 -2.72901 0 -2.5 0.412217 -0.18133 0 -0.18133 -0.18133 
11.193 2 1 2 0 -0.4672 -0.3965 0.0193 0.0034 -0.000000 0.125150 100 410 -2.5 -2.50793 -2.7252 0 -2.5 0.405361 -0.173034 0 -0.173034 -0.173034 
11.233 2 1 2 0 -0.3343 -0.3805 0.0028 0.0034 -0.000000 0.119590 100 410 -2.5 -2.5244 -2.72322 0 -2.5 0.401804 -0.163368 0 -0.163368 -0.163368 
11.273 2 1 2 0 -0.3619 -0.3464 -0.0121 0.0034 -0.000000 0.114138 100 410 -2.5 -2.53926 -2.72004 0 -2.5 0.396067 -0.155071 0 -0.155071 -0.155071 
11.313 2 1 2 0 -0.3293 -0.3379 -0.0253 0.0035 -0.000000 0.107060 100 440 -2.5 -2.55251 -2.71512 0 -2.5 0.387217 -0.148621 0 -0.148621 -0.148621 
11.353 2 1 2 0 -0.3175 -0.2670 -0.0370 0.0035 -0.000000 0.101421 100 440 -2.5 -2.56416 -2.7084 0 -2.5 0.375128 -0.144099 0 -0.144099 -0.144099 
11.393 2 1 2 0 -0.2138 -0.2348 -0.0470 0.0035 -0.000000 0.093053 100 400 -2.5 -2.5742 -2.70004 0 -2.5 0.36008 -0.141394 0 -0.141394 -0.141394 
11.433 2 1 2 0 -0.1931 -0.2260 -0.0558 0.0035 -0.000000 0.084243 100 440 -2.5 -2.58303 -2.69374 0 -2.5 0.348723 -0.137194 0 -0.137194 -0.137194 
11.473 2 1 2 0 -0.1529 -0.1779 -0.0631 0.0035 -0.000000 0.076211 100 440 -2.5 -2.59026 -2.6846 0 -2.5 0.332278 -0.135887 0 -0.135887 -0.135887 
11.513 2 1 2 0 -0.1438 -0.1664 -0.0691 0.0035 -0.000000 0.067301 100 410 -2.5 -2.59629 -2.67624 0 -2.5 0.317227 -0.13424 0 -0.13424 -0.13424 
11.553 2 1 2 0 -0.1218 -0.0891 -0.0737 0.0035 -0.002591 0.060613 100 430 -2.5 -2.60091 -2.66527 0 -2.5 0.297489 -0.135278 0 -0.135278 -0.135278 
11.593 2 1 2 0 -0.1022 -0.0896 -0.0779 0.0035 -0.000000 0.047984 100 430 -2.5 -2.60512 -2.66077 0 -2.5 0.28939 -0.130828 0 -0.130828 -0.130828 
11.633 2 1 2 0 -0.0260 -0.0403 -0.0799 0.0035 -0.005182 0.048050 100 440 -2.5 -2.60713 -2.64357 0 -2.5 0.258429 -0.138126 0 -0.138126 -0.138126 
11.673 2 1 2 0 -0.0305 -0.0465 -0.0817 0.0035 -0.002591 0.035580 100 440 -2.5 -2.60894 -2.63612 0 -2.5 0.245016 -0.137041 0 -0.137041 -0.137041 
11.713 2 1 2 0 -0.0115 -0.0118 -0.0821 0.0035 -0.002591 0.028102 100 430 -2.5 -2.60934 -2.62342 0 -2.5 0.222161 -0.141008 0 -0.141008 -0.141008 
11.753 2 1 2 0 -0.0054 -0.0054 -0.0821 0.0035 -0.002591 0.026381 100 430 -2.5 -2.60934 -2.61571 0 -2.5 0.208284 -0.140834 0 -0.140834 -0.140834 
11.793 2 1 2 0 0.0482 0.0372 -0.0813 0.0035 -0.002591 0.028200 100 430 -2.5 -2.60854 -2.60542 0 -2.5 0.189765 -0.143246 0 -0.143246 -0.143246 
11.833 2 1 2 0 0.0682 0.0570 -0.0791 0.0035 -0.000000 0.018513 100 400 -2.5 -2.60633 -2.59075 0 -2.5 0.163356 -0.149982 0 -0.149982 -0.149982 
11.873 2 1 2 0 0.0831 0.0985 -0.0757 0.0035 0.002591 0.007167 100 440 -2.5 -2.60292 -2.57405 0 -2.5 0.133281 -0.158952 0 -0.158952 -0.158952 
11.913 2 1 2 0 0.0898 0.1332 -0.0717 0.0035 0.002591 -0.005621 100 440 -2.5 -2.5989 -2.56082 0 -2.5 0.109468 -0.16519 0 -0.16519 -0.16519 
11.953 2 1 2 0 0.1464 0.1200 -0.0669 0.0035 0.002591 -0.019199 100 440 -2.5 -2.59408 -2.54733 0 -2.5 0.0851887 -0.172028 0 -0.172028 -0.172028 
11.993 2 1 2 0 0.1070 0.1319 -0.0619 0.0036 0.005182 -0.031925 100 430 -2.5 -2.58906 -2.53719 0 -2.5 0.0669411 -0.176161 0 -0.176161 -0.176161 
12.033 2 1 2 0 0.1238 0.1044 -0.0568 0.0036 0.002591 -0.041717 100 440 -2.5 -2.58404 -2.52938 0 -2.5 0.0528751 -0.178442 0 -0.178442 -0.178442 
12.073 2 1 2 0 0.0884 0.1073 -0.0522 0.0036 0.005182 -0.050929 100 430 -2.5 -2.57942 -2.52612 0 -2.5 0.0470078 -0.176816 0 -0.176816 -0.176816 
12.113 2 1 2 0 0.1335 0.1082 -0.0476 0.0036 0.002591 -0.055763 100 430 -2.5 -2.5748 -2.5222 0 -2.5 0.0399593 -0.175938 0 -0.175938 -0.175938 
12.153 2 1 2 0 0.1062 0.0810 -0.0432 0.0036 0.002591 -0.061155 100 440 -2.5 -2.57038 -2.51924 0 -2.5 0.034631 -0.174345 0 -0.174345 -0.174345 
12.193 2 1 2 0 0.1036 0.0975 -0.0394 0.0036 -0.000000 -0.062835 100 400 -2.5 -2.56657 -2.5201 0 -2.5 0.0361759 -0.169424 0 -0.169424 -0.169424 
12.233 2 1 2 0 0.1028 0.0897 -0.0353 0.0036 -0.000000 -0.064803 100 430 -2.5 -2.56255 -2.51694 0 -2.5 0.0304939 -0.168224 0 -0.168224 -0.168224 
12.273 2 1 2 0 0.0932 0.0718 -0.0319 0.0037 0.002591 -0.067980 100 430 -2.5 -2.55914 -2.51801 0 -2.5 0.0324165 -0.163329 0 -0.163329 -0.163329 
12.313 2 1 2 0 0.1117 0.0514 -0.0285 0.0037 -0.000000 -0.067820 100 400 -2.5 -2.55572 -2.51698 0 -2.5 0.0305695 -0.160413 0 -0.160413 -0.160413 
12.353 2 1 2 0 0.1036 0.0679 -0.0251 0.0037 0.002591 -0.068432 100 430 -2.5 -2.55231 -2.51422 0 -2.5 0.0255878 -0.15916 0 -0.15916 -0.15916 
12.393 2 1 2 0 0.0538 0.1068 -0.0223 0.0037 0.002591 -0.069184 100 420 -2.5 -2.5495 -2.51462 0 -2.5 0.0263088 -0.155119 0 -0.155119 -0.155119 
12.433 2 1 2 0 0.0465 0.0334 -0.0205 0.0037 -0.000000 -0.071736 100 390 -2.5 -2.54769 -2.52162 0 -2.5 0.0389122 -0.145179 0 -0.145179 -0.145179 
12.473 2 1 2 0 0.0363 0.0882 -0.0181 0.0037 -0.000000 -0.067275 100 400 -2.5 -2.54528 -2.5187 0 -2.5 0.0336628 -0.144184 0 -0.144184 -0.144184 
12.513 2 1 2 0 0.0329 0.0867 -0.0167 0.0037 0.002591 -0.068782 100 440 -2.5 -2.54388 -2.52252 0 -2.5 0.040543 -0.137154 0 -0.137154 -0.137154 
12.553 2 1 2 0 0.0141 0.0201 -0.0157 0.0037 -0.000000 -0.069729 100 390 -2.5 -2.54287 -2.52847 0 -2.5 0.0512409 -0.128273 0 -0.128273 -0.128273 
12.593 2 1 2 0 0.0242 0.0082 -0.0151 0.0037 -0.002591 -0.064823 100 430 -2.5 -2.54227 -2.53199 0 -2.5 0.0575821 -0.121506 0 -0.121506 -0.121506 
12.633 2 1 2 0 0.0076 0.0130 -0.0149 0.0037 -0.000000 -0.060104 100 400 -2.5 -2.54207 -2.53654 0 -2.5 0.0657738 -0.113827 0 -0.113827 -0.113827 
12.673 2 1 2 0 0.0043 0.0057 -0.0149 0.0037 -0.000000 -0.058711 100 390 -2.5 -2.54207 -2.53966 0 -2.5 0.0713802 -0.107437 0 -0.107437 -0.107437 
12.714 2 1 2 0 -0.0030 -0.0038 -0.0153 0.0037 -0.000000 -0.060418 100 440 -2.5 -2.54247 -2.5448 0 -2.5 0.0806328 -0.0992489 0 -0.0992489 -0.0992489 
12.754 2 1 2 0 -0.0362 -0.0143 -0.0161 0.0037 -0.000000 -0.059880 100 430 -2.5 -2.54327 -2.54995 0 -2.5 0.0899059 -0.0910195 0 -0.0910195 -0.0910195 
12.794 2 1 2 0 -0.0372 -0.0778 -0.0175 0.0037 -0.002591 -0.054375 100 440 -2.5 -2.54468 -2.55718 0 -2.5 0.102921 -0.0808847 0 -0.0808847 -0.0808847 
12.834 2 1 2 0 -0.0506 -0.0928 -0.0195 0.0037 -0.002591 -0.049196 100 430 -2.5 -2.54669 -2.56521 0 -2.5 0.117379 -0.0699516 0 -0.0699516 -0.0699516 
12.874 2 1 2 0 -0.0599 -0.0432 -0.0215 0.0037 -0.002591 -0.039929 100 430 -2.5 -2.5487 -2.56973 0 -2.5 0.125515 -0.062138 0 -0.062138 -0.062138 
12.914 2 1 2 0 -0.0687 -0.0718 -0.0239 0.0037 -0.002591 -0.036446 100 430 -2.5 -2.55111 -2.57672 0 -2.5 0.138088 -0.0521105 0 -0.0521105 -0.0521105 
12.954 2 1 2 0 -0.0622 -0.0793 -0.0261 0.0037 -0.005182 -0.027699 100 430 -2.5 -2.55331 -2.57893 0 -2.5 0.142067 -0.0463475 0 -0.0463475 -0.0463475 
12.994 2 1 2 0 -0.0608 -0.0330 -0.0285 0.0037 -0.000000 -0.022502 100 400 -2.5 -2.55572 -2.58128 0 -2.5 0.14631 -0.0404406 0 -0.0404406 -0.0404406 
13.034 2 1 2 0 -0.0416 -0.0877 -0.0309 0.0037 -0.005182 -0.018601 100 430 -2.5 -2.55813 -2.58449 0 -2.5 0.152075 -0.0338265 0 -0.0338265 -0.0338265 
13.074 2 1 2 0 -0.0932 -0.0309 -0.0329 0.0037 -0.000000 -0.015820 100 440 -2.5 -2.56014 -2.58434 0 -2.5 0.15181 -0.030276 0 -0.030276 -0.030276 
13.114 2 1 2 0 -0.0299 -0.0206 -0.0345 0.0037 -0.000000 -0.012906 100 400 -2.5 -2.56175 -2.58111 0 -2.5 0.145995 -0.0295581 0 -0.0295581 -0.0295581 
13.154 2 1 2 0 -0.0797 -0.0409 -0.0370 0.0037 -0.000000 -0.011516 100 420 -2.5 -2.56416 -2.587 0 -2.5 0.156593 -0.0206946 0 -0.0206946 -0.0206946 
13.194 2 1 2 0 -0.0190 -0.0179 -0.0384 0.0037 -0.002591 -0.009278 100 420 -2.5 -2.56556 -2.58361 0 -2.5 0.150506 -0.0202276 0 -0.0202276 -0.0202276 
13.234 2 1 2 0 -0.0483 -0.0234 -0.0404 0.0037 0.002591 -0.008875 100 430 -2.5 -2.56757 -2.58734 0 -2.5 0.157214 -0.013427 0 -0.013427 -0.013427 
13.274 2 1 2 0 -0.0317 -0.0386 -0.0420 0.0037 -0.002591 -0.007110 100 430 -2.5 -2.56918 -2.58766 0 -2.5 0.157781 -0.00974829 0 -0.00974829 -0.00974829 
13.314 2 1 2 0 -0.0181 -0.0292 -0.0432 0.0037 -0.002591 -0.003897 100 420 -2.5 -2.57038 -2.58537 0 -2.5 0.153661 -0.00848505 0 -0.00848505 -0.00848505 
13.354 2 1 2 0 -0.0867 -0.0331 -0.0448 0.0037 0.002591 -0.006826 100 440 -2.5 -2.57199 -2.5894 0 -2.5 0.160912 -0.0016336 0 -0.0016336 -0.0016336 
13.394 2 1 2 0 -0.0155 -0.0156 -0.0454 0.0037 -0.000000 -0.003352 100 400 -2.5 -2.57259 -2.58385 0 -2.5 0.150938 -0.00344597 0 -0.00344597 -0.00344597 
13.434 2 1 2 0 -0.0221 -0.0248 -0.0466 0.0037 -0.005182 -0.003216 100 430 -2.5 -2.5738 -2.58591 0 -2.5 0.154646 0.00150102 0 0.00150102 0.00150102 
13.474 2 1 2 0 -0.0141 -0.0092 -0.0470 0.0037 -0.000000 -0.001937 100 400 -2.5 -2.5742 -2.58161 0 -2.5 0.146904 0.000638582 0 0.000638582 0.000638582 
13.514 2 1 2 0 -0.0059 -0.0048 -0.0470 0.0037 -0.000000 -0.004148 100 390 -2.5 -2.5742 -2.57757 0 -2.5 0.139629 -0.000143737 0 -0.000143737 -0.000143737 
13.554 2 1 2 0 -0.0186 -0.0160 -0.0478 0.0037 -0.000000 -0.005104 100 400 -2.5 -2.575 -2.58096 0 -2.5 0.14573 0.00572962 0 0.00572962 0.00572962 
13.594 2 1 2 0 -0.0065 -0.0079 -0.0478 0.0037 -0.000000 -0.004495 100 400 -2.5 -2.575 -2.57775 0 -2.5 0.139952 0.00558012 0 0.00558012 0.00558012 
13.634 2 1 2 0 -0.0040 -0.0044 -0.0478 0.0037 -0.000000 -0.003409 100 390 -2.5 -2.575 -2.57631 0 -2.5 0.13736 0.0069301 0 0.0069301 0.0069301 
13.674 2 1 2 0 -0.0028 -0.0031 -0.0478 0.0037 -0.000000 -0.001171 100 390 -2.5 -2.575 -2.57566 0 -2.5 0.136196 0.00892419 0 0.00892419 0.00892419 
13.714 2 1 2 0 -0.0022 -0.0024 -0.0478 0.0037 -0.000000 0.003166 100 390 -2.5 -2.575 -2.57537 0 -2.5 0.135674 0.0111803 0 0.0111803 0.0111803 
13.754 2 1 2 0 0.0463 0.0180 -0.0468 0.0037 -0.002591 0.007542 100 430 -2.5 -2.574 -2.56768 0 -2.5 0.121825 0.00665614 0 0.00665614 0.00665614 
13.794 2 1 2 0 0.0286 0.0537 -0.0456 0.0037 0.002591 0.004889 100 430 -2.5 -2.57279 -2.56227 0 -2.5 0.112091 0.00402664 0 0.00402664 0.00402664 
13.834 2 1 2 0 0.0378 0.0237 -0.0442 0.0037 -0.000000 -0.002621 100 400 -2.5 -2.57139 -2.55834 0 -2.5 0.105019 0.00258115 0 0.00258115 0.00258115 
13.874 2 1 2 0 0.0627 0.0798 -0.0418 0.0037 -0.000000 -0.006037 100 400 -2.5 -2.56898 -2.54832 0 -2.5 0.0869842 -0.00450881 0 -0.00450881 -0.00450881 
13.914 2 1 2 0 0.0609 0.0627 -0.0394 0.0037 -0.000000 -0.016966 100 440 -2.5 -2.56657 -2.54173 0 -2.5 0.0751156 -0.00867051 0 -0.00867051 -0.00867051 
13.954 2 1 2 0 0.0870 0.0457 -0.0376 0.0037 0.002591 -0.023239 100 430 -2.5 -2.56476 -2.54215 0 -2.5 0.0758743 -0.00661412 0 -0.00661412 -0.00661412 
13.994 2 1 2 0 0.0906 0.0404 -0.0359 0.0038 0.002591 -0.026995 100 440 -2.5 -2.56315 -2.54324 0 -2.5 0.0778381 -0.00399109 0 -0.00399109 -0.00399109 
14.034 2 1 1 0 0.0489 0.1133 -0.0335 0.0038 0.002591 -0.035894 100 430 2.5 0.00180731 13.0693 0 2.5 -19.0248 -9.74642 0 -9.74642 -1 
14.074 2 1 1 0 0.1168 0.1155 -0.0289 0.0038 0.005182 -0.067869 100 430 2.5 0.00642598 5.90652 0 2.5 -6.13174 -3.41116 0 -3.41116 -1 
14.114 2 1 1 0 0.1101 0.1024 -0.0237 0.0038 -0.000000 -0.110581 100 440 2.5 0.0116471 2.69451 0 2.5 -0.350114 -0.541742 0 -0.541742 -0.541742 
14.154 2 1 1 0 0.0288 0.0338 -0.0215 0.0038 0.002591 -0.142385 100 430 2.5 0.013856 1.23153 0 2.5 2.28325 0.79348 0 0.79348 0.79348 
14.194 2 1 1 0 -0.1215 -0.1371 -0.0243 0.0038 -0.002591 -0.130668 100 430 2.5 0.0110446 0.53822 0 2.5 3.5312 1.45387 0 1.45387 1 
14.234 2 1 1 0 -0.2188 -0.2613 -0.0325 0.0038 -0.000000 -0.080678 100 440 2.5 0.00281136 0.186854 0 2.5 4.16366 1.81471 0 1.81471 1 
14.274 2 1 1 0 -0.2772 -0.3507 -0.0440 0.0038 -0.002591 -0.005078 100 440 2.5 -0.00863491 0.00260051 0 2.5 4.49532 2.02888 0 2.02888 1 
14.314 2 1 1 0 -0.2738 -0.2803 -0.0560 0.0038 -0.002591 0.075552 100 440 2.5 -0.0206836 -0.0895812 0 2.5 4.66125 2.16162 0 2.16162 1 
14.354 2 1 1 0 -0.1977 -0.2072 -0.0657 0.0039 -0.002591 0.143870 100 440 2.5 -0.0303226 -0.120719 0 2.5 4.71729 2.23945 0 2.23945 1 
14.394 2 1 1 0 -0.1577 -0.1505 -0.0723 0.0039 -0.000000 0.192091 100 400 2.5 -0.0369495 -0.117207 0 2.5 4.71097 2.28536 0 2.28536 1 
14.434 2 1 1 0 -0.0610 -0.0680 -0.0761 0.0039 -0.002591 0.228725 100 430 2.5 -0.040765 -0.0987836 0 2.5 4.67781 2.31668 0 2.31668 1 
14.474 2 1 1 0 -0.0107 0.0259 -0.0763 0.0039 -0.000000 0.251534 100 400 2.5 -0.0409658 -0.067517 0 2.5 4.62153 2.335 0 2.335 1 
14.514 2 1 1 0 0.1308 0.1457 -0.0731 0.0039 -0.000000 0.271487 100 400 2.5 -0.0377527 -0.0272695 0 2.5 4.54909 2.34374 0 2.34374 1 
14.554 2 1 1 0 0.3141 0.2167 -0.0657 0.0039 0.002591 0.274352 100 440 2.5 -0.0303226 0.0228674 0 2.5 4.45884 2.34187 0 2.34187 1 
14.594 2 1 1 0 0.3713 0.3593 -0.0536 0.0039 0.002591 0.262703 100 440 2.5 -0.0182739 0.0817273 0 2.5 4.35289 2.33028 0 2.33028 1 
14.634 2 1 1 0 0.4371 0.4162 -0.0376 0.0039 0.002591 0.244341 100 440 2.5 -0.00220897 0.143791 0 2.5 4.24118 2.31392 0 2.31392 1 
14.674 2 1 1 0 0.4896 0.4613 -0.0185 0.0040 0.005182 0.220416 100 440 2.5 0.0168681 0.201985 0 2.5 4.13643 2.29919 0 2.29919 1 
14.714 2 1 1 0 0.5492 0.5489 0.0034 0.0041 0.002591 0.198302 100 440 2.5 0.0387567 0.258116 0 2.5 4.03539 2.28453 0 2.28453 1 
14.754 2 1 1 0 0.6272 0.5812 0.0273 0.0041 0.005182 0.178256 100 440 2.5 0.0626533 0.309879 0 2.5 3.94222 2.27213 0 2.27213 1 
14.794 2 1 1 0 0.7275 0.6253 0.0530 0.0043 0.005182 0.159028 100 450 2.5 0.0883572 0.35931 0 2.5 3.85324 2.26027 0 2.26027 1 
14.834 2 1 1 0 0.6984 0.7343 0.0807 0.0044 0.005182 0.142517 100 440 2.5 0.116069 0.410414 0 2.5 3.76126 2.24537 0 2.24537 1 
14.874 2 1 1 0 0.7221 0.7940 0.1100 0.0046 0.005182 0.127728 100 440 2.5 0.145388 0.460651 0 2.5 3.67083 2.22974 0 2.22974 1 
14.914 2 1 1 0 0.7826 0.7955 0.1410 0.0047 0.005182 0.112860 90 430 2.5 0.176313 0.510752 0 2.5 3.58065 2.21276 0 2.21276 1 
14.954 2 1 1 0 0.8184 0.8244 0.1733 0.0049 0.002591 0.103184 100 440 2.5 0.208644 0.559712 0 2.5 3.49252 2.19534 0 2.19534 1 
14.994 2 1 1 0 0.8736 0.8517 0.2070 0.0050 0.002591 0.094055 100 450 2.5 0.24238 0.609855 0 2.5 3.40226 2.17545 0 2.17545 1 
15.034 2 1 1 0 0.8872 0.9270 0.2420 0.0051 0.002591 0.084780 100 440 2.5 0.277321 0.659987 0 2.5 3.31202 2.1542 0 2.1542 1 
15.074 2 1 1 0 0.9341 0.8953 0.2781 0.0052 0.002591 0.075111 100 430 2.5 0.313468 0.709802 0 2.5 3.22236 2.13185 0 2.13185 1 
15.114 2 1 1 0 0.9960 0.9655 0.3163 0.0053 0.002591 0.065361 100 440 2.5 0.351622 0.766608 0 2.5 3.12011 2.1018 0 2.1018 1 
15.154 2 1 1 0 0.9768 1.0103 0.3556 0.0053 0.002591 0.053182 100 440 2.5 0.390982 0.821848 0 2.5 3.02067 2.07176 0 2.07176 1 
15.195 2 1 1 0 0.9943 1.0273 0.3962 0.0054 -0.002591 0.043380 100 440 2.5 0.431546 0.876957 0 2.5 2.92148 2.04046 0 2.04046 1 
15.235 2 1 1 0 1.0225 0.9927 0.4374 0.0053 -0.000000 0.032444 100 440 2.5 0.472713 0.928041 0 2.5 2.82953 2.01146 0 2.01146 1 
15.275 2 1 1 0 1.0986 1.0837 0.4799 0.0054 -0.000000 0.021541 100 410 2.5 0.515286 0.983968 0 2.5 2.72886 1.97682 0 1.97682 1 
15.315 2 1 1 0 1.1103 1.1356 0.5231 0.0054 0.002591 0.010074 110 450 2.5 0.55846 1.03702 0 2.5 2.63336 1.94349 0 1.94349 1 
15.355 2 1 1 0 1.1222 1.1027 0.5671 0.0054 -0.000000 0.000565 100 440 2.5 0.602437 1.09024 0 2.5 2.53756 1.90878 0 1.90878 1 
15.395 2 1 1 0 1.1058 1.0500 0.6111 0.0053 -0.002591 -0.008106 100 450 2.5 0.646414 1.13812 0 2.5 2.45138 1.87771 0 1.87771 1 
15.435 2 1 1 0 1.1087 1.1456 0.6554 0.0053 -0.000000 -0.014603 100 410 2.5 0.690792 1.18624 0 2.5 2.36476 1.84531 0 1.84531 1 
15.475 2 1 1 0 1.1526 1.1368 0.7004 0.0053 -0.000000 -0.020703 100 440 2.5 0.735773 1.23705 0 2.5 2.27331 1.8094 0 1.8094 1 
15.515 2 1 1 0 1.1083 1.0647 0.7458 0.0053 -0.000000 -0.027125 100 400 2.5 0.781156 1.28772 0 2.5 2.1821 1.77253 0 1.77253 1 
15.555 2 1 1 0 1.1526 1.1915 0.7910 0.0052 -0.002591 -0.030966 100 440 2.5 0.826338 1.33395 0 2.5 2.0989 1.73863 0 1.73863 1 
15.595 2 1 1 0 1.1472 1.1289 0.8364 0.0051 -0.002591 -0.035468 100 450 2.5 0.87172 1.38094 0 2.5 2.01431 1.70305 0 1.70305 1 
15.635 2 1 1 0 1.0864 1.1386 0.8822 0.0051 -0.002591 -0.039739 100 440 2.5 0.917505 1.4297 0 2.5 1.92655 1.66488 0 1.66488 1 
15.675 2 1 1 0 1.1777 1.1446 0.9279 0.0051 -0.002591 -0.045249 100 450 2.5 0.963289 1.47692 0 2.5 1.84154 1.62713 0 1.62713 1 
15.715 2 1 1 0 1.1743 1.1499 0.9737 0.0050 -0.002591 -0.048019 100 440 2.5 1.00907 1.52351 0 2.5 1.75768 1.58902 0 1.58902 1 
15.755 2 1 1 0 1.1682 1.1120 1.0191 0.0049 -0.002591 -0.051917 100 450 2.5 1.05446 1.56747 0 2.5 1.67856 1.55244 0 1.55244 1 
15.795 2 1 1 0 1.1502 1.1348 1.0643 0.0048 -0.000000 -0.054658 100 410 2.5 1.09964 1.61037 0 2.5 1.60134 1.51595 0 1.51595 1 
15.835 2 1 1 0 1.0759 1.1381 1.1095 0.0047 -0.002591 -0.055715 100 450 2.5 1.14482 1.65409 0 2.5 1.52263 1.47789 0 1.47789 1 
15.875 2 1 1 0 1.1320 1.1291 1.1545 0.0046 -0.002591 -0.057069 100 450 2.5 1.1898 1.69641 0 2.5 1.44645 1.44028 0 1.44028 1 
15.915 2 1 1 0 1.1319 1.0679 1.1990 0.0044 -0.002591 -0.057787 100 450 2.5 1.23438 1.7377 0 2.5 1.37214 1.40286 0 1.40286 1 
15.955 2 1 1 0 1.1378 1.1178 1.2434 0.0044 -0.000000 -0.058668 100 400 2.5 1.27876 1.78033 0 2.5 1.2954 1.36352 0 1.36352 1 
15.995 2 1 1 0 1.1038 1.1185 1.2876 0.0044 -0.000000 -0.058935 100 410 2.5 1.32294 1.82239 0 2.5 1.2197 1.32397 0 1.32397 1 
16.035 2 1 1 0 1.0953 1.0196 1.3316 0.0044 -0.002591 -0.058860 100 430 2.5 1.36692 1.86384 0 2.5 1.14509 1.28423 0 1.28423 1 
16.075 2 1 1 0 1.0968 1.0530 1.3749 0.0043 -0.002591 -0.059421 100 450 2.5 1.41029 1.9022 0 2.5 1.07603 1.2466 0 1.2466 1 
16.115 2 1 1 0 1.0062 1.1171 1.4181 0.0043 -0.000000 -0.059347 100 410 2.5 1.45347 1.94234 0 2.5 1.00379 1.20676 0 1.20676 1 
16.155 2 1 1 0 1.0346 1.0287 1.4607 0.0043 -0.000000 -0.058636 100 450 2.5 1.49604 1.97946 0 2.5 0.936979 1.16901 0 1.16901 1 
16.195 2 1 1 0 1.0789 1.0207 1.5035 0.0043 -0.002591 -0.056421 100 430 2.5 1.53881 2.02097 0 2.5 0.862257 1.12668 0 1.12668 1 
16.235 2 1 1 0 1.0601 1.0414 1.5454 0.0042 -0.000000 -0.055266 100 400 2.5 1.58078 2.05748 0 2.5 0.796543 1.08827 0 1.08827 1 
16.275 2 1 1 0 1.0421 1.0701 1.5872 0.0042 -0.000000 -0.053616 100 410 2.5 1.62255 2.09602 0 2.5 0.727161 1.04748 0 1.04748 1 
16.315 2 1 1 0 1.0315 1.0429 1.6282 0.0042 -0.000000 -0.053534 100 410 2.5 1.66352 2.13002 0 2.5 0.665967 1.01024 0 1.01024 1 
16.355 2 1 1 0 1.0192 0.9806 1.6695 0.0043 -0.000000 -0.051695 100 420 2.5 1.70489 2.16964 0 2.5 0.594649 0.96737 0 0.96737 0.96737 
16.395 2 1 1 0 1.0497 1.0381 1.7105 0.0042 -0.000000 -0.051029 100 450 2.5 1.74585 2.20807 0 2.5 0.525479 0.925049 0 0.925049 0.925049 
16.435 2 1 1 0 0.9815 1.0248 1.7507 0.0042 -0.000000 -0.050305 100 410 2.5 1.78602 2.24202 0 2.5 0.464365 0.886264 0 0.886264 0.886264 
16.475 2 1 1 0 1.0149 1.0191 1.7906 0.0042 0.002591 -0.049832 100 440 2.5 1.82598 2.2784 0 2.5 0.398876 0.844842 0 0.844842 0.844842 
16.515 2 1 1 0 1.0157 0.9720 1.8308 0.0042 0.002591 -0.049394 100 450 2.5 1.86614 2.31814 0 2.5 0.327348 0.799888 0 0.799888 0.799888 
16.555 2 1 1 0 1.0238 0.9673 1.8708 0.0043 -0.000000 -0.052621 100 410 2.5 1.9061 2.35714 0 2.5 0.257156 0.755099 0 0.755099 0.755099 
16.595 2 1 1 0 0.9555 1.0163 1.9103 0.0042 -0.002591 -0.056882 100 450 2.5 1.94566 2.39336 0 2.5 0.191955 0.712316 0 0.712316 0.712316 
16.634 2 1 1 0 1.0063 1.0162 1.9499 0.0042 -0.000000 -0.064558 100 400 2.5 1.98522 2.43141 0 2.5 0.123455 0.667421 0 0.667421 0.667421 
16.674 2 1 1 0 0.9867 0.9577 1.9886 0.0042 0.002591 -0.072717 100 450 2.5 2.02398 2.46482 0 2.5 0.0633327 0.626303 0 0.626303 0.626303 
16.714 2 1 1 0 0.9935 0.9450 2.0272 0.0043 0.002591 -0.082339 100 440 2.5 2.06254 2.49967 0 2.5 0.000597382 0.583486 0 0.583486 0.583486 
16.754 2 1 1 0 0.9544 0.9260 2.0649 0.0043 -0.002591 -0.091492 100 450 2.5 2.10029 2.53056 0 2.5 -0.0550037 0.543874 0 0.543874 0.543874 
16.794 2 1 1 0 0.9165 0.9483 2.1019 0.0042 -0.002591 -0.099008 100 450 2.5 2.13724 2.55917 0 2.5 -0.106506 0.506006 0 0.506006 0.506006 
16.834 2 1 1 0 0.8878 0.8956 2.1374 0.0042 -0.000000 -0.108542 100 440 2.5 2.17278 2.58268 0 2.5 -0.148827 0.472524 0 0.472524 0.472524 
16.874 2 1 1 0 0.8360 0.7832 2.1724 0.0042 -0.000000 -0.113796 100 410 2.5 2.20772 2.60849 0 2.5 -0.195275 0.43678 0 0.43678 0.43678 
16.914 2 1 1 0 0.8234 0.8159 2.2057 0.0042 -0.000000 -0.123413 100 400 2.5 2.24105 2.62691 0 2.5 -0.22843 0.407512 0 0.407512 0.407512 
16.954 2 1 1 0 0.7293 0.7560 2.2382 0.0041 0.000000 -0.127473 100 440 2.5 2.27358 2.6472 0 2.5 -0.264956 0.376441 0 0.376441 0.376441 
