%% logfile from robot Alma (11)
% Alma (11)
%  1    time 2.007 sec
%  2  3  4  5   (mission 0), state 2, entered (thread 1, line 1), events 0x0 (bit-flags)
%  6  7 Wheel velocity [m/s] left, right: -0.0025 -0.0025
%  8  9 10 11 Pose x,y,h,tilt [m,m,rad,rad]: -0.0354135 0.00490715 1.39698e-09 0.0102388
% 12 13 read sensor time [us]: 100 and ctrl time 390
% 14 23 ctrl bal pos, ref=0.75, m=0, m2=0, uf=0, r2=0.75, ep=1.35,up=0.67719, ui=0, u1=0.67719, u=0.67719
2.007 2 1 1 0 -0.0025 -0.0025 -0.0354 0.0049 0.000000 0.010239 100 390 0.75 0 0 0 0.75 1.35 0.67719 0 0.67719 0.67719 
2.047 2 1 1 0 -0.0343 -0.0259 -0.0362 0.0049 0.000000 0.021333 100 400 0.75 -0.000803247 -0.00574821 0 0.75 1.36035 0.695743 0 0.695743 0.695743 
2.087 2 1 1 0 -0.0326 -0.0378 -0.0380 0.0049 -0.002591 0.047221 100 430 0.75 -0.00261055 -0.0152633 0 0.75 1.37747 0.717588 0 0.717588 0.717588 
2.127 2 1 1 0 -0.0483 -0.0897 -0.0410 0.0049 -0.005182 0.076830 100 430 0.75 -0.00562273 -0.0298805 0 0.75 1.40378 0.743957 0 0.743957 0.743957 
2.167 2 1 1 0 -0.0283 -0.0571 -0.0428 0.0049 -0.002591 0.117528 100 440 0.75 -0.00743004 -0.0293918 0 0.75 1.40291 0.75658 0 0.75658 0.75658 
2.207 2 1 1 0 -0.0127 -0.0093 -0.0430 0.0049 0.000000 0.148483 100 400 0.75 -0.00763085 -0.0184616 0 0.75 1.38323 0.75944 0 0.75944 0.75944 
2.247 2 1 1 0 0.0575 0.0451 -0.0418 0.0049 0.000000 0.178743 100 440 0.75 -0.00642598 -0.00248009 0 0.75 1.35446 0.757296 0 0.757296 0.757296 
2.287 2 1 1 0 0.1286 0.1212 -0.0380 0.0049 0.002591 0.201959 100 430 0.75 -0.00261055 0.0243585 0 0.75 1.30615 0.744754 0 0.744754 0.744754 
2.327 2 1 1 0 0.2363 0.2384 -0.0302 0.0050 0.005182 0.208414 100 440 0.75 0.00522111 0.0673324 0 0.75 1.2288 0.716822 0 0.716822 0.716822 
2.367 2 1 1 0 0.2969 0.3104 -0.0189 0.0050 0.005182 0.203611 100 440 0.75 0.0164666 0.115851 0 0.75 1.14147 0.68288 0 0.68288 0.68288 
2.407 2 1 1 0 0.4062 0.3932 -0.0045 0.0051 0.005182 0.190395 100 430 0.75 0.030925 0.16599 0 0.75 1.05122 0.646375 0 0.646375 0.646375 
2.447 2 1 1 0 0.4964 0.4496 0.0132 0.0052 0.005182 0.170119 100 440 0.75 0.0485965 0.219711 0 0.75 0.95452 0.605553 0 0.605553 0.605553 
2.487 2 1 1 0 0.5256 0.5426 0.0329 0.0053 0.005182 0.146375 100 450 0.75 0.0682761 0.268165 0 0.75 0.867303 0.568426 0 0.568426 0.568426 
2.527 2 1 1 0 0.5316 0.5881 0.0541 0.0055 0.010364 0.119870 100 430 0.75 0.0895621 0.311466 0 0.75 0.789361 0.534967 0 0.534967 0.534967 
2.567 2 1 1 0 0.6269 0.5562 0.0772 0.0057 0.007773 0.095497 100 440 0.75 0.112656 0.355945 0 0.75 0.709299 0.499569 0 0.499569 0.499569 
2.607 2 1 1 0 0.6047 0.6751 0.1013 0.0059 0.007773 0.073200 100 450 0.75 0.136753 0.395643 0 0.75 0.637842 0.46763 0 0.46763 0.46763 
2.647 2 1 1 0 0.6158 0.6572 0.1266 0.0061 0.007773 0.051020 100 440 0.75 0.162055 0.435517 0 0.75 0.566069 0.434754 0 0.434754 0.434754 
2.687 2 1 1 0 0.6306 0.6676 0.1523 0.0062 0.007773 0.030802 100 450 0.75 0.187759 0.470562 0 0.75 0.502988 0.405514 0 0.405514 0.405514 
2.727 2 1 1 0 0.6370 0.7150 0.1788 0.0063 0.002591 0.013304 100 430 0.75 0.214267 0.506235 0 0.75 0.438777 0.375033 0 0.375033 0.375033 
2.767 2 1 1 0 0.6904 0.6559 0.2054 0.0064 0.002591 -0.004081 100 430 0.75 0.240774 0.536736 0 0.75 0.383874 0.348586 0 0.348586 0.348586 
2.807 2 1 1 0 0.6098 0.6289 0.2319 0.0065 0.002591 -0.017369 100 440 0.75 0.267281 0.565137 0 0.75 0.332753 0.323492 0 0.323492 0.323492 
2.847 2 1 1 0 0.6385 0.7171 0.2584 0.0066 0.002591 -0.029369 100 450 0.75 0.293788 0.592118 0 0.75 0.284188 0.299161 0 0.299161 0.299161 
2.887 2 1 1 0 0.6402 0.7380 0.2851 0.0067 0.005182 -0.042469 100 450 0.75 0.320496 0.619713 0 0.75 0.234517 0.273771 0 0.273771 0.273771 
2.927 2 1 1 0 0.7239 0.6501 0.3120 0.0068 0.005182 -0.054655 100 450 0.75 0.347405 0.648609 0 0.75 0.182504 0.246728 0 0.246728 0.246728 
2.967 2 1 1 0 0.6399 0.6470 0.3385 0.0068 0.000000 -0.068149 100 440 0.75 0.373912 0.673126 0 0.75 0.138373 0.223162 0 0.223162 0.223162 
3.007 2 1 1 0 0.6808 0.6521 0.3646 0.0068 0.000000 -0.081305 100 400 0.75 0.400018 0.695587 0 0.75 0.0979427 0.201049 0 0.201049 0.201049 
3.047 2 1 1 0 0.6162 0.6587 0.3895 0.0068 -0.005182 -0.089988 100 440 0.75 0.424918 0.711716 0 0.75 0.0689117 0.184348 0 0.184348 0.184348 
3.087 2 1 1 0 0.6204 0.5945 0.4144 0.0067 -0.005182 -0.093163 100 440 0.75 0.449818 0.732787 0 0.75 0.030984 0.162909 0 0.162909 0.162909 
3.127 2 1 1 0 0.5552 0.5856 0.4375 0.0066 -0.002591 -0.103143 100 430 0.75 0.472912 0.742075 0 0.75 0.0142642 0.151832 0 0.151832 0.151832 
3.167 2 1 1 0 0.5359 0.5774 0.4600 0.0066 -0.002591 -0.108312 100 440 0.75 0.495402 0.755204 0 0.75 -0.0093667 0.137169 0 0.137169 0.137169 
3.207 2 1 1 0 0.5282 0.5148 0.4817 0.0065 -0.002591 -0.109543 100 430 0.75 0.51709 0.767723 0 0.75 -0.0319007 0.122882 0 0.122882 0.122882 
3.247 2 1 1 0 0.5239 0.5382 0.5026 0.0065 -0.002591 -0.112097 100 440 0.75 0.537974 0.779099 0 0.75 -0.0523773 0.109457 0 0.109457 0.109457 
3.287 2 1 1 0 0.5002 0.4794 0.5226 0.0065 -0.002591 -0.114388 100 440 0.75 0.558055 0.790098 0 0.75 -0.0721759 0.0962397 0 0.0962397 0.0962397 
3.327 2 1 1 0 0.4202 0.4698 0.5415 0.0064 -0.002591 -0.115866 100 430 0.75 0.57693 0.797493 0 0.75 -0.0854865 0.0861736 0 0.0861736 0.0861736 
3.367 2 1 1 0 0.4745 0.4536 0.5596 0.0063 -0.002591 -0.115840 100 440 0.75 0.595003 0.805285 0 0.75 -0.099513 0.075675 0 0.075675 0.075675 
3.407 2 1 1 0 0.3935 0.3790 0.5766 0.0063 -0.005182 -0.116231 100 440 0.75 0.612072 0.812068 0 0.75 -0.111722 0.0660439 0 0.0660439 0.0660439 
3.447 2 1 1 0 0.4071 0.3709 0.5923 0.0062 -0.005182 -0.115455 100 440 0.75 0.627735 0.814422 0 0.75 -0.11596 0.0603919 0 0.0603919 0.0603919 
3.487 2 1 1 0 0.3072 0.3404 0.6068 0.0062 0.000000 -0.114251 100 410 0.75 0.642193 0.815184 0 0.75 -0.117331 0.0562069 0 0.0562069 0.0562069 
3.527 2 1 1 0 0.3476 0.3224 0.6200 0.0062 0.000000 -0.111337 100 410 0.75 0.655446 0.814873 0 0.75 -0.116771 0.053054 0 0.053054 0.053054 
3.567 2 1 1 0 0.2845 0.2639 0.6323 0.0061 -0.002591 -0.107863 100 430 0.75 0.667696 0.814318 0 0.75 -0.115773 0.0501776 0 0.0501776 0.0501776 
3.607 2 1 1 0 0.3156 0.2763 0.6439 0.0061 -0.002591 -0.101332 100 440 0.75 0.679343 0.817644 0 0.75 -0.121759 0.0438878 0 0.0438878 0.0438878 
3.647 2 1 1 0 0.2116 0.2407 0.6542 0.0061 0.000000 -0.101058 100 410 0.75 0.689584 0.814528 0 0.75 -0.116151 0.0434314 0 0.0434314 0.0434314 
3.687 2 1 1 0 0.2087 0.2372 0.6634 0.0061 0.000000 -0.095093 100 410 0.75 0.698821 0.81296 0 0.75 -0.113327 0.0417373 0 0.0417373 0.0417373 
3.727 2 1 1 0 0.1976 0.1953 0.6712 0.0061 -0.002591 -0.091768 100 440 0.75 0.706652 0.805954 0 0.75 -0.100717 0.0450335 0 0.0450335 0.0450335 
3.767 2 1 1 0 0.1619 0.1922 0.6785 0.0061 -0.002591 -0.083973 100 440 0.75 0.713882 0.803467 0 0.75 -0.0962411 0.0444252 0 0.0444252 0.0444252 
3.807 2 1 1 0 0.1202 0.1593 0.6843 0.0061 0.000000 -0.081359 100 400 0.75 0.719705 0.794878 0 0.75 -0.0807796 0.0494222 0 0.0494222 0.0494222 
3.847 2 1 1 0 0.1167 0.1082 0.6897 0.0061 -0.002591 -0.074137 100 440 0.75 0.725127 0.791833 0 0.75 -0.0753001 0.0495964 0 0.0495964 0.0495964 
3.887 2 1 1 0 0.1006 0.1070 0.6941 0.0061 -0.002591 -0.066828 100 430 0.75 0.729545 0.786807 0 0.75 -0.0662527 0.0516996 0 0.0516996 0.0516996 
3.927 2 1 1 0 0.0665 0.1235 0.6975 0.0061 0.000000 -0.061632 100 400 0.75 0.732958 0.780722 0 0.75 -0.0552999 0.054937 0 0.054937 0.054937 
3.967 2 1 1 0 0.0797 0.0779 0.7003 0.0061 0.000000 -0.056605 100 400 0.75 0.73577 0.774726 0 0.75 -0.0445075 0.0582166 0 0.0582166 0.0582166 
4.007 2 1 1 0 0.1154 0.0450 0.7022 0.0061 -0.002591 -0.048260 100 440 0.75 0.737577 0.766989 0 0.75 -0.0305798 0.0632514 0 0.0632514 0.0632514 
4.047 2 1 1 0 0.0300 0.0150 0.7036 0.0061 0.000000 -0.046677 100 390 0.75 0.738983 0.759999 0 0.75 -0.0179978 0.0677232 0 0.0677232 0.0677232 
4.087 2 1 1 0 0.0075 0.0111 0.7038 0.0061 0.002591 -0.041599 100 420 0.75 0.739183 0.749529 0 0.75 0.000848007 0.0755415 0 0.0755415 0.0755415 
4.127 2 1 1 0 0.0043 0.0053 0.7038 0.0061 0.002591 -0.036424 100 430 0.75 0.739183 0.743864 0 0.75 0.0110447 0.0792182 0 0.0792182 0.0792182 
4.167 2 1 1 0 0.0030 -0.0039 0.7036 0.0061 0.000000 -0.034961 100 400 0.75 0.738983 0.739759 0 0.75 0.0184339 0.0816002 0 0.0816002 0.0816002 
4.207 2 1 1 0 -0.0211 -0.0371 0.7024 0.0061 0.000000 -0.031517 100 440 0.75 0.737778 0.730298 0 0.75 0.0354635 0.088945 0 0.088945 0.088945 
4.247 2 1 1 0 -0.0539 -0.0935 0.7001 0.0061 -0.002591 -0.023322 100 440 0.75 0.735569 0.71727 0 0.75 0.0589142 0.0996949 0 0.0996949 0.0996949 
4.287 2 1 1 0 -0.1092 -0.0385 0.6979 0.0061 0.000000 -0.017041 100 400 0.75 0.73336 0.709969 0 0.75 0.0720557 0.105475 0 0.105475 0.105475 
4.327 2 1 1 0 -0.0573 -0.0626 0.6953 0.0061 -0.002591 -0.007557 100 430 0.75 0.730749 0.703834 0 0.75 0.0830987 0.110385 0 0.110385 0.110385 
4.367 2 1 1 0 -0.0670 -0.1499 0.6919 0.0061 -0.005182 0.001987 100 430 0.75 0.727336 0.694237 0 0.75 0.100373 0.118579 0 0.118579 0.118579 
4.407 2 1 1 0 -0.0897 -0.0885 0.6889 0.0061 -0.002591 0.012498 100 440 0.75 0.724324 0.690543 0 0.75 0.107022 0.121568 0 0.121568 0.121568 
4.447 2 1 1 0 -0.0754 -0.0787 0.6857 0.0062 -0.002591 0.019364 100 430 0.75 0.721111 0.686574 0 0.75 0.114167 0.124907 0 0.124907 0.124907 
4.487 2 1 1 0 -0.0637 -0.1002 0.6825 0.0062 -0.002591 0.022295 100 440 0.75 0.717898 0.682874 0 0.75 0.120826 0.128072 0 0.128072 0.128072 
4.527 2 1 1 0 -0.0447 -0.0845 0.6795 0.0062 -0.005182 0.029014 100 440 0.75 0.714886 0.680724 0 0.75 0.124697 0.12989 0 0.12989 0.12989 
4.567 2 1 1 0 -0.0702 -0.0273 0.6769 0.0062 -0.002591 0.032842 100 440 0.75 0.712275 0.681131 0 0.75 0.123964 0.129426 0 0.129426 0.129426 
4.607 2 1 1 0 -0.0644 -0.0999 0.6742 0.0062 -0.005182 0.032494 100 430 0.75 0.709665 0.678747 0 0.75 0.128255 0.131457 0 0.131457 0.131457 
4.647 2 1 1 0 -0.0862 -0.0557 0.6722 0.0062 -0.005182 0.034103 100 430 0.75 0.707657 0.680409 0 0.75 0.125263 0.129844 0 0.129844 0.129844 
4.687 2 1 1 0 -0.0284 -0.0784 0.6706 0.0062 -0.005182 0.037734 100 430 0.75 0.70605 0.683998 0 0.75 0.118803 0.12649 0 0.12649 0.12649 
4.727 2 1 1 0 -0.0234 -0.0500 0.6692 0.0062 -0.002591 0.036170 100 430 0.75 0.704644 0.686095 0 0.75 0.115029 0.124429 0 0.124429 0.124429 
4.767 2 1 1 0 -0.0188 -0.0218 0.6680 0.0062 -0.002591 0.038559 100 430 0.75 0.70344 0.688592 0 0.75 0.110534 0.122003 0 0.122003 0.122003 
4.807 2 1 1 0 -0.0341 -0.0535 0.6670 0.0062 -0.005182 0.036022 100 430 0.75 0.702435 0.68907 0 0.75 0.109674 0.121322 0 0.121322 0.121322 
4.847 2 1 1 0 -0.0156 -0.0091 0.6668 0.0062 -0.002591 0.036597 100 430 0.75 0.702235 0.695157 0 0.75 0.0987182 0.115557 0 0.115557 0.115557 
4.887 2 1 1 0 -0.0075 -0.0070 0.6664 0.0062 -0.002591 0.037720 100 430 0.75 0.701833 0.696207 0 0.75 0.0968273 0.114268 0 0.114268 0.114268 
4.927 2 1 1 0 -0.0075 -0.0061 0.6664 0.0062 -0.002591 0.039415 100 420 0.75 0.701833 0.699323 0 0.75 0.0912183 0.111087 0 0.111087 0.111087 
4.967 2 1 1 0 -0.0043 0.0039 0.6666 0.0062 0.000000 0.044439 100 400 0.75 0.702034 0.702578 0 0.75 0.0853595 0.107746 0 0.107746 0.107746 
5.007 2 1 1 0 0.0209 0.0293 0.6680 0.0062 -0.002591 0.045207 100 430 0.75 0.70344 0.711801 0 0.75 0.068759 0.0988883 0 0.0988883 0.0988883 
5.047 2 1 1 0 0.0451 0.0756 0.6698 0.0062 0.005182 0.041504 100 430 0.75 0.705247 0.72046 0 0.75 0.0531721 0.0904216 0 0.0904216 0.0904216 
5.087 2 1 1 0 0.0462 0.0686 0.6724 0.0062 0.002591 0.033759 100 440 0.75 0.707857 0.731151 0 0.75 0.033928 0.0799663 0 0.0799663 0.0799663 
5.127 2 1 1 0 0.0658 0.1091 0.6754 0.0062 0.005182 0.025550 100 440 0.75 0.710869 0.740668 0 0.75 0.0167979 0.0704204 0 0.0704204 0.0704204 
5.167 2 1 1 0 0.0636 0.0769 0.6787 0.0063 0.005182 0.014552 100 440 0.75 0.714082 0.747623 0 0.75 0.0042778 0.0630403 0 0.0630403 0.0630403 
5.207 2 1 1 0 0.0836 0.0465 0.6819 0.0063 0.005182 0.007487 100 440 0.75 0.717295 0.752161 0 0.75 -0.00388985 0.0577464 0 0.0577464 0.0577464 
5.247 2 1 1 0 0.0916 0.0471 0.6853 0.0063 0.002591 0.000851 100 430 0.75 0.720709 0.757327 0 0.75 -0.0131887 0.0518205 0 0.0518205 0.0518205 
5.287 2 1 1 0 0.0499 0.0582 0.6879 0.0063 0.005182 -0.005666 100 430 0.75 0.72332 0.755204 0 0.75 -0.0093667 0.0524417 0 0.0524417 0.0524417 
5.327 2 1 1 0 0.0441 0.0672 0.6907 0.0063 0.005182 -0.004064 100 430 0.75 0.726131 0.757784 0 0.75 -0.014011 0.0488693 0 0.0488693 0.0488693 
5.367 2 1 1 0 0.0909 0.0348 0.6933 0.0063 0.002591 -0.006376 100 430 0.75 0.728741 0.759199 0 0.75 -0.0165576 0.0463413 0 0.0463413 0.0463413 
5.407 2 1 1 0 0.0524 0.0844 0.6959 0.0063 0.005182 -0.008059 100 430 0.75 0.731352 0.761622 0 0.75 -0.0209195 0.0429074 0 0.0429074 0.0429074 
5.447 2 1 1 0 0.0597 0.0292 0.6977 0.0063 0.002591 -0.010891 100 430 0.75 0.733159 0.758193 0 0.75 -0.0147466 0.0447747 0 0.0447747 0.0447747 
5.487 2 1 1 0 0.0567 0.0494 0.6999 0.0063 0.000000 -0.007301 100 400 0.75 0.735368 0.76033 0 0.75 -0.0185944 0.041654 0 0.041654 0.041654 
5.527 2 1 1 0 0.1128 0.0532 0.7018 0.0063 0.002591 -0.007167 100 430 0.75 0.737175 0.760707 0 0.75 -0.0192724 0.0401597 0 0.0401597 0.0401597 
5.567 2 1 1 0 0.0336 0.0445 0.7036 0.0063 0.005182 -0.012503 100 430 0.75 0.738983 0.760108 0 0.75 -0.0181952 0.0395058 0 0.0395058 0.0395058 
5.607 2 1 1 0 0.1069 0.0507 0.7052 0.0063 0.000000 -0.006647 100 400 0.75 0.740589 0.761094 0 0.75 -0.0199694 0.0375057 0 0.0375057 0.0375057 
5.647 2 1 1 0 0.0132 0.0221 0.7066 0.0063 0.002591 -0.013801 100 430 0.75 0.741995 0.758504 0 0.75 -0.015307 0.0386749 0 0.0386749 0.0386749 
5.687 2 1 1 0 0.0273 0.0364 0.7086 0.0063 0.002591 -0.008516 100 430 0.75 0.744003 0.76321 0 0.75 -0.0237785 0.0333011 0 0.0333011 0.0333011 
5.727 2 1 1 0 0.0125 0.0349 0.7094 0.0064 0.002591 -0.013023 100 430 0.75 0.744806 0.758767 0 0.75 -0.01578 0.036228 0 0.036228 0.036228 
5.767 2 1 1 0 0.0164 0.0869 0.7104 0.0063 0.000000 -0.007736 100 400 0.75 0.74581 0.757234 0 0.75 -0.0130205 0.0365554 0 0.0365554 0.0365554 
5.807 2 1 1 0 0.0201 0.0180 0.7112 0.0063 0.000000 -0.008401 100 400 0.75 0.746613 0.756222 0 0.75 -0.0111992 0.0364771 0 0.0364771 0.0364771 
5.847 2 1 1 0 0.0515 0.0086 0.7118 0.0063 -0.002591 -0.006637 100 420 0.75 0.747216 0.755731 0 0.75 -0.0103151 0.0359971 0 0.0359971 0.0359971 
5.887 2 1 1 0 0.0084 0.0072 0.7118 0.0063 -0.002591 -0.007307 100 420 0.75 0.747216 0.751064 0 0.75 -0.00191574 0.039327 0 0.039327 0.039327 
5.927 2 1 1 0 0.0046 0.0042 0.7118 0.0063 -0.002591 -0.004595 100 420 0.75 0.747216 0.748968 0 0.75 0.00185738 0.0404182 0 0.0404182 0.0404182 
5.967 2 1 1 0 0.0031 0.0030 0.7118 0.0063 -0.002591 -0.003565 100 420 0.75 0.747216 0.748028 0 0.75 0.00354996 0.0405104 0 0.0405104 0.0405104 
6.007 2 1 1 0 0.0024 0.0023 0.7118 0.0063 -0.002591 -0.003975 100 420 0.75 0.747216 0.747604 0 0.75 0.00431213 0.040164 0 0.040164 0.040164 
6.047 2 1 1 0 0.0019 0.0019 0.7118 0.0063 -0.002591 -0.005628 100 420 0.75 0.747216 0.747414 0 0.75 0.00465546 0.0396277 0 0.0396277 0.0396277 
6.087 2 1 1 0 -0.0020 -0.0018 0.7114 0.0064 -0.002591 -0.004340 100 420 0.75 0.746814 0.74497 0 0.75 0.00905428 0.041178 0 0.041178 0.041178 
6.127 2 1 1 0 -0.0253 -0.0459 0.7102 0.0064 -0.007773 -0.001383 100 430 0.75 0.745609 0.737141 0 0.75 0.023146 0.0476584 0 0.0476584 0.0476584 
6.167 2 1 1 0 -0.0141 -0.0089 0.7098 0.0064 -0.002591 0.004498 100 420 0.75 0.745208 0.739562 0 0.75 0.0187883 0.044992 0 0.044992 0.044992 
6.207 2 1 1 0 -0.0496 -0.0218 0.7086 0.0064 0.002591 0.003478 100 430 0.75 0.744003 0.733711 0 0.75 0.0293198 0.0497852 0 0.0497852 0.0497852 
6.247 2 1 1 0 -0.0172 -0.0169 0.7078 0.0064 -0.002591 0.009613 100 420 0.75 0.7432 0.734233 0 0.75 0.0283808 0.0489262 0 0.0489262 0.0489262 
6.287 2 1 1 0 -0.0202 -0.0143 0.7068 0.0064 0.000000 0.014202 100 430 0.75 0.742195 0.732479 0 0.75 0.0315376 0.0501331 0 0.0501331 0.0501331 
6.327 2 1 1 0 -0.0399 -0.0211 0.7060 0.0064 0.000000 0.014019 100 400 0.75 0.741392 0.73224 0 0.75 0.0319685 0.0499879 0 0.0499879 0.0499879 
6.367 2 1 1 0 -0.0120 -0.0117 0.7056 0.0064 0.000000 0.014874 100 400 0.75 0.740991 0.734692 0 0.75 0.0275542 0.0474088 0 0.0474088 0.0474088 
6.407 2 1 1 0 -0.0071 -0.0101 0.7054 0.0064 -0.002591 0.018188 100 420 0.75 0.74079 0.737161 0 0.75 0.0231099 0.0447837 0 0.0447837 0.0447837 
6.447 2 1 1 0 -0.0057 -0.0062 0.7050 0.0064 -0.002591 0.017766 100 430 0.75 0.740388 0.736356 0 0.75 0.0245587 0.0450889 0 0.0450889 0.0450889 
6.487 2 1 1 0 -0.0057 -0.0062 0.7050 0.0064 -0.002591 0.020440 100 430 0.75 0.740388 0.738592 0 0.75 0.020535 0.0426479 0 0.0426479 0.0426479 
6.527 2 1 1 0 -0.0037 -0.0043 0.7050 0.0064 -0.002591 0.023288 100 430 0.75 0.740388 0.739597 0 0.75 0.0187257 0.0412953 0 0.0412953 0.0412953 
6.567 2 1 1 0 -0.0027 0.0032 0.7052 0.0064 0.000000 0.027274 100 400 0.75 0.740589 0.741719 0 0.75 0.0149054 0.038925 0 0.038925 0.038925 
6.607 2 1 1 0 0.0170 0.0184 0.7064 0.0064 0.000000 0.026151 100 400 0.75 0.741794 0.749418 0 0.75 0.00104713 0.0314304 0 0.0314304 0.0314304 
6.647 2 1 1 0 0.0455 0.0571 0.7080 0.0064 0.005182 0.021901 100 430 0.75 0.7434 0.757286 0 0.75 -0.0131149 0.0236874 0 0.0236874 0.0236874 
6.687 2 1 1 0 0.0551 0.0279 0.7096 0.0064 0.000000 0.014141 100 400 0.75 0.745007 0.76118 0 0.75 -0.0201239 0.0194156 0 0.0194156 0.0194156 
6.727 2 1 1 0 0.0295 0.0522 0.7116 0.0064 0.005182 0.008823 100 420 0.75 0.747015 0.766914 0 0.75 -0.0304459 0.0134223 0 0.0134223 0.0134223 
6.767 2 1 1 0 0.0397 0.0331 0.7134 0.0064 0.002591 0.001955 100 440 0.75 0.748822 0.768575 0 0.75 -0.0334353 0.0110298 0 0.0110298 0.0110298 
6.807 2 1 1 0 0.1028 0.0444 0.7158 0.0064 0.002591 -0.005020 100 430 0.75 0.751232 0.774923 0 0.75 -0.0448611 0.00437005 0 0.00437005 0.00437005 
6.847 2 1 1 0 0.0410 0.0590 0.7172 0.0064 0.005182 -0.009503 100 420 0.75 0.752638 0.772312 0 0.75 -0.040161 0.00578427 0 0.00578427 0.00578427 
6.887 2 1 1 0 0.0231 0.0214 0.7182 0.0064 0.002591 -0.012110 100 430 0.75 0.753642 0.76832 0 0.75 -0.0329762 0.00849424 0 0.00849424 0.00849424 
6.927 2 1 1 0 0.0178 0.0233 0.7192 0.0064 0.005182 -0.012248 100 430 0.75 0.754646 0.766641 0 0.75 -0.0299541 0.0091723 0 0.0091723 0.0091723 
6.967 2 1 1 0 0.0201 0.0138 0.7198 0.0064 0.002591 -0.009762 100 430 0.75 0.755248 0.763686 0 0.75 -0.0246343 0.0110625 0 0.0110625 0.0110625 
7.007 2 1 1 0 0.0100 0.0073 0.7202 0.0064 0.002591 -0.006172 100 420 0.75 0.75565 0.762041 0 0.75 -0.021674 0.0118562 0 0.0118562 0.0118562 
7.047 2 1 1 0 0.0132 0.0114 0.7206 0.0064 0.002591 -0.005555 100 420 0.75 0.756051 0.761121 0 0.75 -0.0200183 0.012019 0 0.012019 0.012019 
7.087 2 1 1 0 0.0367 0.0581 0.7214 0.0064 0.002591 -0.003358 100 430 0.75 0.756854 0.764984 0 0.75 -0.0269714 0.00790093 0 0.00790093 0.00790093 
7.127 2 1 1 0 0.0086 0.0087 0.7214 0.0064 0.002591 -0.005587 100 430 0.75 0.756854 0.760527 0 0.75 -0.018948 0.0112673 0 0.0112673 0.0112673 
7.167 2 1 1 0 0.0143 0.0168 0.7222 0.0064 0.002591 -0.006593 100 420 0.75 0.757658 0.763326 0 0.75 -0.0239862 0.00808751 0 0.00808751 0.00808751 
7.207 2 1 1 0 0.0077 0.0069 0.7226 0.0064 0.002591 -0.004462 100 430 0.75 0.758059 0.763513 0 0.75 -0.0243227 0.00729724 0 0.00729724 0.00729724 
7.247 2 1 1 0 0.0071 0.0069 0.7226 0.0064 0.002591 -0.002850 100 430 0.75 0.758059 0.760542 0 0.75 -0.0189754 0.00937483 0 0.00937483 0.00937483 
7.287 2 1 1 0 0.0041 0.0047 0.7226 0.0064 0.002591 -0.001293 100 420 0.75 0.758059 0.759206 0 0.75 -0.0165705 0.0100295 0 0.0100295 0.0100295 
7.327 2 1 1 0 0.0029 0.0032 0.7226 0.0064 0.002591 -0.000438 100 430 0.75 0.758059 0.758608 0 0.75 -0.0154942 0.010047 0 0.010047 0.010047 
7.367 2 1 1 0 0.0023 0.0024 0.7226 0.0064 0.002591 0.000155 100 420 0.75 0.758059 0.758337 0 0.75 -0.0150066 0.00978777 0 0.00978777 0.00978777 
7.407 2 1 1 0 0.0019 0.0019 0.7226 0.0064 0.002591 0.000299 100 420 0.75 0.758059 0.758219 0 0.75 -0.0147938 0.00940447 0 0.00940447 0.00940447 
7.447 2 1 1 0 0.0016 0.0016 0.7226 0.0064 0.002591 0.000079 100 430 0.75 0.758059 0.758164 0 0.75 -0.0146959 0.00897483 0 0.00897483 0.00897483 
7.487 2 1 1 0 0.0014 0.0014 0.7226 0.0064 0.002591 -0.000482 100 420 0.75 0.758059 0.758142 0 0.75 -0.0146564 0.00852617 0 0.00852617 0.00852617 
7.527 2 1 1 0 0.0012 0.0012 0.7226 0.0064 0.002591 -0.001385 100 420 0.75 0.758059 0.758142 0 0.75 -0.0146564 0.00806716 0 0.00806716 0.00806716 
7.567 2 1 1 0 0.0011 0.0011 0.7226 0.0064 0.002591 -0.002663 100 430 0.75 0.758059 0.758142 0 0.75 -0.0146564 0.00761724 0 0.00761724 0.00761724 
7.607 2 1 1 0 0.0010 0.0010 0.7226 0.0064 0.002591 -0.004372 100 430 0.75 0.758059 0.758142 0 0.75 -0.0146564 0.00717623 0 0.00717623 0.00717623 
7.647 2 1 1 0 0.0009 0.0009 0.7226 0.0064 0.002591 -0.006726 100 420 0.75 0.758059 0.758142 0 0.75 -0.0146564 0.00674394 0 0.00674394 0.00674394 
7.687 2 1 1 0 -0.0455 -0.0157 0.7218 0.0064 0.002591 -0.009731 100 430 0.75 0.757256 0.752443 0 0.75 -0.00439711 0.0115102 0 0.0115102 0.0115102 
7.727 2 1 1 0 -0.0100 -0.0499 0.7210 0.0064 -0.002591 -0.007801 100 430 0.75 0.756453 0.748935 0 0.75 0.0019166 0.0143723 0 0.0143723 0.0143723 
7.767 2 1 1 0 -0.0682 -0.0721 0.7200 0.0064 -0.005182 -0.004956 100 440 0.75 0.755449 0.744305 0 0.75 0.0102516 0.0182825 0 0.0182825 0.0182825 
7.807 2 1 1 0 -0.0090 -0.0099 0.7200 0.0064 -0.005182 0.001831 100 420 0.75 0.755449 0.750466 0 0.75 -0.000839424 0.0125156 0 0.0125156 0.0125156 
7.847 2 1 1 0 -0.0397 -0.0166 0.7186 0.0064 -0.002591 0.003881 100 430 0.75 0.754043 0.744012 0 0.75 0.0107786 0.0181563 0 0.0181563 0.0181563 
7.887 2 1 1 0 -0.0140 -0.0202 0.7178 0.0064 -0.007773 0.005778 100 430 0.75 0.75324 0.743657 0 0.75 0.0114181 0.0183282 0 0.0183282 0.0183282 
7.927 2 1 1 0 -0.0102 -0.0095 0.7174 0.0064 -0.007773 0.007951 100 430 0.75 0.752838 0.7454 0 0.75 0.00827923 0.0165799 0 0.0165799 0.0165799 
7.967 2 1 1 0 -0.0131 -0.0119 0.7170 0.0064 -0.007773 0.010836 100 420 0.75 0.752437 0.747202 0 0.75 0.00503654 0.0147964 0 0.0147964 0.0147964 
8.007 2 1 2 0 -0.0057 -0.0055 0.7170 0.0064 -0.007773 0.010588 100 430 -0.75 0 -6.06915 0 -0.75 9.57447 4.81328 0 4.81328 1 
8.047 2 1 2 0 -0.0616 -0.0271 0.7154 0.0064 -0.002591 0.026610 100 430 -0.75 -0.00160646 -2.73822 0 -0.75 3.5788 1.87604 0 1.87604 1 
8.087 2 1 2 0 -0.0621 -0.0571 0.7126 0.0065 -0.007773 0.057107 100 440 -0.75 -0.00441778 -1.25107 0 -0.75 0.901932 0.55629 0 0.55629 0.55629 
8.127 2 1 2 0 -0.0476 -0.0327 0.7110 0.0065 -0.002591 0.084855 100 420 -0.75 -0.00602424 -0.575734 0 -0.75 -0.313678 -0.0514904 0 -0.0514904 -0.0514904 
8.167 2 1 2 0 0.0233 0.0312 0.7114 0.0065 -0.002591 0.098823 100 430 -0.75 -0.00562263 -0.25761 0 -0.75 -0.886301 -0.346156 0 -0.346156 -0.346156 
8.207 2 1 2 0 0.1412 0.1584 0.7156 0.0065 0.000000 0.085425 100 400 -0.75 -0.00140566 -0.0863892 0 -0.75 -1.1945 -0.512602 0 -0.512602 -0.512602 
8.247 2 1 2 0 0.2334 0.2465 0.7232 0.0065 0.000000 0.047813 100 400 -0.75 0.00622505 0.0170156 0 -0.75 -1.38063 -0.620143 0 -0.620143 -0.620143 
8.287 2 1 2 0 0.2602 0.2545 0.7333 0.0065 0.000000 -0.008817 100 440 -0.75 0.0162655 0.0837268 0 -0.75 -1.50071 -0.695889 0 -0.695889 -0.695889 
8.327 2 1 2 0 0.2767 0.2308 0.7437 0.0065 0.000000 -0.071570 100 430 -0.75 0.0267075 0.121132 0 -0.75 -1.56804 -0.745875 0 -0.745875 -0.745875 
8.367 2 1 2 0 0.2236 0.2143 0.7526 0.0065 0.000000 -0.127120 100 400 -0.75 0.035543 0.131502 0 -0.75 -1.5867 -0.771625 0 -0.771625 -0.771625 
8.407 2 1 2 0 0.1402 0.1494 0.7596 0.0065 0.002591 -0.169030 100 430 -0.75 0.0425713 0.127479 0 -0.75 -1.57946 -0.784158 0 -0.784158 -0.784158 
8.447 2 1 2 0 0.0909 0.0839 0.7640 0.0065 0.002591 -0.198707 100 430 -0.75 0.0469891 0.111155 0 -0.75 -1.55008 -0.785092 0 -0.785092 -0.785092 
8.487 2 1 2 0 0.0329 0.0282 0.7658 0.0065 0.000000 -0.222687 100 400 -0.75 0.0487964 0.0873018 0 -0.75 -1.50714 -0.778583 0 -0.778583 -0.778583 
8.527 2 1 2 0 -0.0324 -0.0453 0.7650 0.0065 0.000000 -0.239265 100 400 -0.75 0.0479931 0.0594303 0 -0.75 -1.45697 -0.767674 0 -0.767674 -0.767674 
8.567 2 1 2 0 -0.1311 -0.1363 0.7608 0.0065 -0.002591 -0.250229 100 440 -0.75 0.0437762 0.0212931 0 -0.75 -1.38833 -0.746671 0 -0.746671 -0.746671 
8.607 2 1 2 0 -0.2280 -0.2631 0.7526 0.0066 -0.005182 -0.248408 100 440 -0.75 0.035543 -0.027539 0 -0.75 -1.30043 -0.715014 0 -0.715014 -0.715014 
8.647 2 1 2 0 -0.3774 -0.3089 0.7409 0.0066 -0.005182 -0.234761 100 440 -0.75 0.0238962 -0.0782691 0 -0.75 -1.20912 -0.680509 0 -0.680509 -0.680509 
8.687 2 1 2 0 -0.4337 -0.4060 0.7259 0.0067 -0.002591 -0.213444 100 450 -0.75 0.00883555 -0.131706 0 -0.75 -1.11293 -0.642407 0 -0.642407 -0.642407 
8.727 2 1 2 0 -0.4759 -0.4520 0.7080 0.0068 -0.005182 -0.188228 100 440 -0.75 -0.00903636 -0.183497 0 -0.75 -1.0197 -0.60463 0 -0.60463 -0.60463 
8.767 2 1 2 0 -0.5875 -0.5024 0.6879 0.0069 -0.005182 -0.162884 100 440 -0.75 -0.0291172 -0.232349 0 -0.75 -0.931772 -0.568428 0 -0.568428 -0.568428 
8.807 2 1 2 0 -0.5411 -0.5197 0.6660 0.0070 -0.002591 -0.138520 100 450 -0.75 -0.0510052 -0.278724 0 -0.75 -0.848298 -0.533471 0 -0.533471 -0.533471 
8.847 2 1 2 0 -0.5593 -0.6562 0.6425 0.0071 -0.005182 -0.115693 100 450 -0.75 -0.0744998 -0.323438 0 -0.75 -0.767812 -0.499076 0 -0.499076 -0.499076 
8.887 2 1 2 0 -0.5683 -0.6389 0.6178 0.0071 -0.002591 -0.092764 100 450 -0.75 -0.0991992 -0.364315 0 -0.75 -0.694233 -0.467231 0 -0.467231 -0.467231 
8.927 2 1 2 0 -0.6298 -0.6978 0.5919 0.0072 -0.005182 -0.068189 100 450 -0.75 -0.125103 -0.404577 0 -0.75 -0.621761 -0.435108 0 -0.435108 -0.435108 
8.967 2 1 2 0 -0.6783 -0.7212 0.5652 0.0073 -0.002591 -0.047405 100 440 -0.75 -0.151811 -0.443551 0 -0.75 -0.551608 -0.40339 0 -0.40339 -0.40339 
9.007 2 1 2 0 -0.7341 -0.6230 0.5381 0.0073 0.000000 -0.030028 100 410 -0.75 -0.17892 -0.478855 0 -0.75 -0.48806 -0.374258 0 -0.374258 -0.374258 
9.047 2 1 2 0 -0.6654 -0.6717 0.5108 0.0073 0.000000 -0.012644 100 450 -0.75 -0.20623 -0.510066 0 -0.75 -0.431881 -0.348134 0 -0.348134 -0.348134 
9.087 2 1 2 0 -0.6388 -0.6917 0.4829 0.0074 -0.002591 0.002078 100 440 -0.75 -0.234143 -0.543276 0 -0.75 -0.372103 -0.319589 0 -0.319589 -0.319589 
9.127 2 1 2 0 -0.7085 -0.7061 0.4546 0.0074 0.000000 0.014995 100 400 -0.75 -0.262457 -0.576862 0 -0.75 -0.311648 -0.290098 0 -0.290098 -0.290098 
9.167 2 1 2 0 -0.7601 -0.6992 0.4264 0.0073 0.000000 0.029481 100 410 -0.75 -0.290571 -0.606057 0 -0.75 -0.259098 -0.263988 0 -0.263988 -0.263988 
9.207 2 1 2 0 -0.7157 -0.6673 0.3983 0.0073 0.000000 0.044309 90 440 -0.75 -0.318685 -0.634655 0 -0.75 -0.207621 -0.237898 0 -0.237898 -0.237898 
9.247 2 1 2 0 -0.7461 -0.7506 0.3704 0.0072 0.002591 0.058593 100 440 -0.75 -0.346598 -0.661192 0 -0.75 -0.159854 -0.213169 0 -0.213169 -0.213169 
9.287 2 1 2 0 -0.7430 -0.6983 0.3431 0.0072 0.002591 0.070701 100 440 -0.75 -0.373908 -0.684166 0 -0.75 -0.118502 -0.191226 0 -0.191226 -0.191226 
9.327 2 1 2 0 -0.6854 -0.6457 0.3164 0.0071 0.000000 0.079452 100 440 -0.75 -0.400616 -0.705681 0 -0.75 -0.079774 -0.170242 0 -0.170242 -0.170242 
9.367 2 1 2 0 -0.6405 -0.6443 0.2897 0.0070 0.002591 0.087279 100 440 -0.75 -0.427324 -0.729282 0 -0.75 -0.0372917 -0.146982 0 -0.146982 -0.146982 
9.407 2 1 2 0 -0.6960 -0.5781 0.2644 0.0070 0.002591 0.096741 100 440 -0.75 -0.452627 -0.745099 0 -0.75 -0.00882168 -0.130445 0 -0.130445 -0.130445 
9.447 2 1 2 0 -0.6324 -0.6173 0.2395 0.0069 0.002591 0.099737 100 450 -0.75 -0.477528 -0.763914 0 -0.75 0.0250445 -0.110968 0 -0.110968 -0.110968 
9.487 2 1 2 0 -0.5528 -0.5975 0.2154 0.0068 0.002591 0.106695 100 430 -0.75 -0.501625 -0.779141 0 -0.75 0.0524546 -0.0944277 0 -0.0944277 -0.0944277 
9.527 2 1 2 0 -0.6121 -0.5203 0.1927 0.0068 0.000000 0.115894 100 400 -0.75 -0.524317 -0.789425 0 -0.75 0.0709648 -0.0821802 0 -0.0821802 -0.0821802 
9.567 2 1 2 0 -0.5794 -0.5418 0.1710 0.0068 0.000000 0.117327 100 440 -0.75 -0.546005 -0.799551 0 -0.75 0.0891927 -0.069959 0 -0.069959 -0.069959 
9.607 2 1 2 0 -0.4541 -0.5291 0.1505 0.0067 0.000000 0.119018 100 410 -0.75 -0.566488 -0.807165 0 -0.75 0.102896 -0.0598974 0 -0.0598974 -0.0598974 
9.647 2 1 2 0 -0.5089 -0.5100 0.1309 0.0067 0.000000 0.120522 100 440 -0.75 -0.586168 -0.81597 0 -0.75 0.118747 -0.048673 0 -0.048673 -0.048673 
9.687 2 1 2 0 -0.4211 -0.4253 0.1128 0.0067 0.000000 0.120815 100 410 -0.75 -0.604241 -0.819441 0 -0.75 0.124994 -0.0422196 0 -0.0422196 -0.0422196 
9.727 2 1 2 0 -0.4218 -0.4256 0.0957 0.0067 0.002591 0.119379 100 440 -0.75 -0.62131 -0.823578 0 -0.75 0.13244 -0.0351567 0 -0.0351567 -0.0351567 
9.767 2 1 2 0 -0.3518 -0.3700 0.0800 0.0066 0.002591 0.117243 100 440 -0.75 -0.636973 -0.82444 0 -0.75 0.133993 -0.0310547 0 -0.0310547 -0.0310547 
9.807 2 1 2 0 -0.3598 -0.3738 0.0652 0.0066 -0.002591 0.113952 100 450 -0.75 -0.651833 -0.827661 0 -0.75 0.13979 -0.0248556 0 -0.0248556 -0.0248556 
9.847 2 1 2 0 -0.3368 -0.2760 0.0521 0.0066 0.000000 0.113203 100 400 -0.75 -0.664886 -0.823908 0 -0.75 0.133035 -0.0249954 0 -0.0249954 -0.0249954 
9.887 2 1 2 0 -0.2872 -0.2666 0.0399 0.0067 -0.002591 0.108026 100 440 -0.75 -0.677136 -0.824377 0 -0.75 0.133879 -0.0214499 0 -0.0214499 -0.0214499 
9.927 2 1 2 0 -0.2224 -0.2317 0.0298 0.0067 -0.002591 0.105636 100 440 -0.75 -0.687176 -0.815728 0 -0.75 0.118311 -0.0262639 0 -0.0262639 -0.0262639 
9.967 2 1 2 0 -0.2288 -0.1866 0.0208 0.0067 0.000000 0.098285 100 400 -0.75 -0.696213 -0.809147 0 -0.75 0.106465 -0.0293716 0 -0.0293716 -0.0293716 
10.007 2 1 2 0 -0.1605 -0.2054 0.0128 0.0067 0.000000 0.092184 100 410 -0.75 -0.704245 -0.804111 0 -0.75 0.0973989 -0.0312517 0 -0.0312517 -0.0312517 
10.047 2 1 2 0 -0.1827 -0.1543 0.0055 0.0067 0.000000 0.083357 100 400 -0.75 -0.711474 -0.801161 0 -0.75 0.0920903 -0.0313973 0 -0.0313973 -0.0313973 
10.087 2 1 2 0 -0.1761 -0.1294 -0.0003 0.0067 -0.002591 0.077837 100 440 -0.75 -0.717298 -0.79344 0 -0.75 0.0781918 -0.0359773 0 -0.0359773 -0.0359773 
10.127 2 1 2 0 -0.1014 -0.1355 -0.0057 0.0067 0.000000 0.068436 100 400 -0.75 -0.72272 -0.790837 0 -0.75 0.0735063 -0.0361027 0 -0.0361027 -0.0361027 
10.167 2 1 2 0 -0.1119 -0.0845 -0.0093 0.0067 0.000000 0.064874 100 400 -0.75 -0.726335 -0.778714 0 -0.75 0.0516855 -0.0449466 0 -0.0449466 -0.0449466 
10.207 2 1 2 0 -0.0798 -0.0702 -0.0129 0.0067 0.000000 0.055897 100 430 -0.75 -0.729949 -0.77553 0 -0.75 0.0459538 -0.0459221 0 -0.0459221 -0.0459221 
10.248 2 1 2 0 -0.0563 -0.1027 -0.0149 0.0067 0.000000 0.048448 100 400 -0.75 -0.731957 -0.764986 0 -0.75 0.0269749 -0.0537046 0 -0.0537046 -0.0537046 
10.288 2 1 2 0 -0.0229 -0.0450 -0.0171 0.0067 -0.002591 0.043063 100 430 -0.75 -0.734166 -0.761413 0 -0.75 0.0205427 -0.0553149 0 -0.0553149 -0.0553149 
10.328 2 1 2 0 -0.0130 -0.0119 -0.0177 0.0067 0.000000 0.036652 100 400 -0.75 -0.734769 -0.751146 0 -0.75 0.00206337 -0.0631709 0 -0.0631709 -0.0631709 
10.368 2 1 2 0 -0.0146 -0.0157 -0.0186 0.0067 0.000000 0.032409 100 400 -0.75 -0.735572 -0.746919 0 -0.75 -0.00554638 -0.0656913 0 -0.0656913 -0.0656913 
10.408 2 1 2 0 -0.0059 -0.0061 -0.0186 0.0067 0.000000 0.033760 100 400 -0.75 -0.735572 -0.7407 0 -0.75 -0.0167404 -0.0701603 0 -0.0701603 -0.0701603 
10.448 2 1 2 0 0.0257 0.0241 -0.0177 0.0067 0.000000 0.031220 100 400 -0.75 -0.734769 -0.73183 0 -0.75 -0.0327066 -0.0771639 0 -0.0771639 -0.0771639 
10.488 2 1 2 0 0.0733 0.0526 -0.0159 0.0067 0.002591 0.025948 100 430 -0.75 -0.732961 -0.720134 0 -0.75 -0.0537592 -0.0869141 0 -0.0869141 -0.0869141 
10.528 2 1 2 0 0.0794 0.0509 -0.0135 0.0067 0.002591 0.015798 100 420 -0.75 -0.730552 -0.709775 0 -0.75 -0.072405 -0.0956786 0 -0.0956786 -0.0956786 
10.568 2 1 2 0 0.0792 0.0683 -0.0101 0.0067 0.005182 0.003973 100 440 -0.75 -0.727138 -0.696508 0 -0.75 -0.0962857 -0.107282 0 -0.107282 -0.107282 
10.608 2 1 2 0 0.1007 0.1071 -0.0063 0.0067 0.002591 -0.008758 100 430 -0.75 -0.723322 -0.685661 0 -0.75 -0.11581 -0.116922 0 -0.116922 -0.116922 
10.648 2 1 2 0 0.0803 0.0880 -0.0029 0.0067 0.005182 -0.019917 100 430 -0.75 -0.719909 -0.682086 0 -0.75 -0.122245 -0.120158 0 -0.120158 -0.120158 
10.688 2 1 2 0 0.0665 0.0826 0.0007 0.0068 0.005182 -0.028425 100 440 -0.75 -0.716294 -0.677676 0 -0.75 -0.130183 -0.124235 0 -0.124235 -0.124235 
10.728 2 1 2 0 0.1035 0.0592 0.0043 0.0068 0.005182 -0.035711 100 430 -0.75 -0.712679 -0.673515 0 -0.75 -0.137672 -0.128155 0 -0.128155 -0.128155 
10.768 2 1 2 0 0.0790 0.0664 0.0078 0.0068 0.002591 -0.041225 100 430 -0.75 -0.709265 -0.671391 0 -0.75 -0.141495 -0.130303 0 -0.130303 -0.130303 
10.808 2 1 2 0 0.0324 0.0618 0.0108 0.0068 0.005182 -0.047787 100 430 -0.75 -0.706253 -0.671116 0 -0.75 -0.141991 -0.130791 0 -0.130791 -0.130791 
10.848 2 1 2 0 0.0493 0.0498 0.0132 0.0068 0.005182 -0.049923 100 440 -0.75 -0.703844 -0.673559 0 -0.75 -0.137594 -0.128801 0 -0.128801 -0.128801 
10.888 2 1 2 0 0.0997 0.0601 0.0154 0.0068 0.002591 -0.049572 100 420 -0.75 -0.701635 -0.673942 0 -0.75 -0.136904 -0.128609 0 -0.128609 -0.128609 
10.928 2 1 2 0 0.0546 0.0193 0.0168 0.0068 0.000000 -0.050255 100 400 -0.75 -0.700229 -0.679772 0 -0.75 -0.126411 -0.12349 0 -0.12349 -0.12349 
10.968 2 1 2 0 0.0309 0.0167 0.0182 0.0068 0.002591 -0.054030 100 430 -0.75 -0.698823 -0.682192 0 -0.75 -0.122055 -0.121389 0 -0.121389 -0.121389 
11.008 2 1 2 0 0.0266 0.0197 0.0192 0.0068 0.005182 -0.051397 100 430 -0.75 -0.697819 -0.68395 0 -0.75 -0.11889 -0.119793 0 -0.119793 -0.119793 
11.048 2 1 2 0 0.0140 0.0098 0.0194 0.0068 0.002591 -0.047731 100 420 -0.75 -0.697618 -0.690382 0 -0.75 -0.107312 -0.113929 0 -0.113929 -0.113929 
11.088 2 1 2 0 0.0058 0.0050 0.0194 0.0068 0.002591 -0.046134 100 430 -0.75 -0.697618 -0.694385 0 -0.75 -0.100108 -0.110156 0 -0.110156 -0.110156 
11.128 2 1 2 0 0.0037 -0.0042 0.0192 0.0068 0.000000 -0.047411 100 360 -0.75 -0.697819 -0.697466 0 -0.75 -0.0945605 -0.107146 0 -0.107146 -0.107146 
11.168 2 1 2 0 0.0027 -0.0042 0.0192 0.0068 0.000000 -0.051619 100 390 -0.75 -0.697819 -0.697675 0 -0.75 -0.0941854 -0.106708 0 -0.106708 -0.106708 
11.208 2 1 2 0 -0.0171 -0.0365 0.0180 0.0068 0.000000 -0.054532 100 400 -0.75 -0.699024 -0.70611 0 -0.75 -0.0790029 -0.0987723 0 -0.0987723 -0.0987723 
11.248 2 1 2 0 -0.0326 -0.0166 0.0166 0.0068 -0.002591 -0.047626 100 440 -0.75 -0.70043 -0.712412 0 -0.75 -0.0676578 -0.0926488 0 -0.0926488 -0.0926488 
11.288 2 1 2 0 -0.0736 -0.0486 0.0142 0.0069 -0.002591 -0.043618 100 430 -0.75 -0.702839 -0.72268 0 -0.75 -0.0491758 -0.0827944 0 -0.0827944 -0.0827944 
11.328 2 1 2 0 -0.0373 -0.0918 0.0116 0.0069 -0.005182 -0.036192 100 420 -0.75 -0.70545 -0.729866 0 -0.75 -0.0362411 -0.0755666 0 -0.0755666 -0.0755666 
11.368 2 1 2 0 -0.0751 -0.0297 0.0086 0.0069 -0.002591 -0.029008 100 430 -0.75 -0.708462 -0.73718 0 -0.75 -0.0230764 -0.0681016 0 -0.0681016 -0.0681016 
11.408 2 1 2 0 -0.0876 -0.1222 0.0051 0.0069 -0.005182 -0.026140 100 430 -0.75 -0.711876 -0.746452 0 -0.75 -0.00638666 -0.0587937 0 -0.0587937 -0.0587937 
11.448 2 1 2 0 -0.0903 -0.0935 0.0019 0.0069 -0.005182 -0.018494 100 440 -0.75 -0.715089 -0.75066 0 -0.75 0.0011879 -0.053934 0 -0.053934 -0.053934 
11.488 2 1 2 0 -0.0992 -0.0535 -0.0011 0.0069 -0.002591 -0.013094 100 420 -0.75 -0.718101 -0.752093 0 -0.75 0.00376711 -0.0515179 0 -0.0515179 -0.0515179 
11.528 2 1 2 0 -0.0787 -0.0644 -0.0045 0.0069 -0.005182 -0.009680 100 440 -0.75 -0.721515 -0.757752 0 -0.75 0.0139535 -0.0452691 0 -0.0452691 -0.0452691 
11.568 2 1 2 0 -0.0584 -0.0627 -0.0071 0.0069 -0.002591 -0.006436 100 430 -0.75 -0.724126 -0.756216 0 -0.75 0.011188 -0.0454843 0 -0.0454843 -0.0454843 
11.608 2 1 2 0 -0.1234 -0.0827 -0.0103 0.0070 -0.002591 -0.008055 100 430 -0.75 -0.727339 -0.762851 0 -0.75 0.0231314 -0.038369 0 -0.038369 -0.038369 
11.648 2 1 2 0 -0.0664 -0.0663 -0.0123 0.0070 -0.002591 -0.003899 100 430 -0.75 -0.729347 -0.758254 0 -0.75 0.0148564 -0.0413554 0 -0.0413554 -0.0413554 
11.688 2 1 2 0 -0.0624 -0.0345 -0.0149 0.0070 0.000000 -0.005755 100 400 -0.75 -0.731957 -0.759762 0 -0.75 0.0175713 -0.0388232 0 -0.0388232 -0.0388232 
11.728 2 1 2 0 -0.0287 -0.0602 -0.0175 0.0070 -0.002591 -0.004029 100 430 -0.75 -0.734568 -0.76252 0 -0.75 0.0225366 -0.0351726 0 -0.0351726 -0.0351726 
11.768 2 1 2 0 -0.0606 -0.0395 -0.0198 0.0070 0.000000 -0.003171 100 400 -0.75 -0.736777 -0.762112 0 -0.75 0.0218019 -0.0343708 0 -0.0343708 -0.0343708 
11.808 2 1 2 0 -0.0464 -0.0747 -0.0224 0.0070 -0.002591 -0.003144 100 420 -0.75 -0.739387 -0.766189 0 -0.75 0.0291395 -0.0295235 0 -0.0295235 -0.0295235 
11.848 2 1 2 0 -0.0750 -0.0619 -0.0246 0.0070 0.000000 -0.002758 100 390 -0.75 -0.741596 -0.767365 0 -0.75 0.0312561 -0.0272951 0 -0.0272951 -0.0272951 
11.888 2 1 2 0 -0.0487 -0.0576 -0.0266 0.0070 0.000000 -0.001158 100 390 -0.75 -0.743604 -0.76702 0 -0.75 0.0306364 -0.0264289 0 -0.0264289 -0.0264289 
11.928 2 1 2 0 -0.0239 -0.0325 -0.0286 0.0070 0.000000 -0.001873 100 400 -0.75 -0.745612 -0.768012 0 -0.75 0.0324208 -0.0243782 0 -0.0243782 -0.0243782 
11.968 2 1 2 0 -0.0760 -0.0261 -0.0304 0.0070 0.002591 -0.000893 100 430 -0.75 -0.74742 -0.768304 0 -0.75 0.032947 -0.0229754 0 -0.0229754 -0.0229754 
12.008 2 1 2 0 -0.0395 -0.0212 -0.0322 0.0070 0.000000 0.001242 100 400 -0.75 -0.749227 -0.768575 0 -0.75 0.0334345 -0.0215786 0 -0.0215786 -0.0215786 
12.048 2 1 2 0 -0.0496 -0.0504 -0.0338 0.0070 0.000000 -0.003905 100 400 -0.75 -0.750834 -0.769991 0 -0.75 0.0359845 -0.0192198 0 -0.0192198 -0.0192198 
12.088 2 1 2 0 -0.0643 -0.0186 -0.0352 0.0070 0.002591 0.000409 100 430 -0.75 -0.752239 -0.768917 0 -0.75 0.0340508 -0.0190822 0 -0.0190822 -0.0190822 
12.128 2 1 2 0 -0.0362 -0.0165 -0.0366 0.0070 0.000000 -0.000645 100 390 -0.75 -0.753645 -0.768557 0 -0.75 0.0334027 -0.0183122 0 -0.0183122 -0.0183122 
12.168 2 1 2 0 -0.0242 -0.0229 -0.0380 0.0070 -0.002591 -0.001227 100 430 -0.75 -0.755051 -0.769893 0 -0.75 0.0358068 -0.0160533 0 -0.0160533 -0.0160533 
12.208 2 1 2 0 -0.0191 -0.0391 -0.0392 0.0070 -0.002591 -0.000794 100 420 -0.75 -0.756255 -0.769773 0 -0.75 0.0355923 -0.0151136 0 -0.0151136 -0.0151136 
12.248 2 1 2 0 -0.0173 -0.0343 -0.0404 0.0070 -0.002591 -0.002052 100 430 -0.75 -0.75746 -0.770828 0 -0.75 0.0374908 -0.0131443 0 -0.0131443 -0.0131443 
12.288 2 1 2 0 -0.0578 -0.0296 -0.0412 0.0070 -0.002591 -0.000720 100 440 -0.75 -0.758264 -0.770637 0 -0.75 0.0371458 -0.0123663 0 -0.0123663 -0.0123663 
12.328 2 1 2 0 -0.0115 -0.0117 -0.0418 0.0070 0.000000 0.000008 100 400 -0.75 -0.758866 -0.767863 0 -0.75 0.0321539 -0.0138989 0 -0.0138989 -0.0138989 
12.368 2 1 2 0 -0.0142 -0.0141 -0.0424 0.0070 -0.002591 -0.000930 100 430 -0.75 -0.759468 -0.766485 0 -0.75 0.0296734 -0.0142139 0 -0.0142139 -0.0142139 
12.408 2 1 2 0 -0.0116 -0.0109 -0.0429 0.0070 -0.002591 -0.001331 100 430 -0.75 -0.75987 -0.765027 0 -0.75 0.0270478 -0.0146549 0 -0.0146549 -0.0146549 
12.448 2 1 2 0 -0.0110 -0.0098 -0.0433 0.0070 -0.002591 -0.001448 100 420 -0.75 -0.760272 -0.764523 0 -0.75 0.0261415 -0.0142672 0 -0.0142672 -0.0142672 
12.488 2 1 2 0 -0.0053 -0.0060 -0.0433 0.0070 -0.002591 -0.001930 100 430 -0.75 -0.760272 -0.762203 0 -0.75 0.0219649 -0.0155788 0 -0.0155788 -0.0155788 
12.528 2 1 2 0 -0.0034 -0.0037 -0.0433 0.0070 -0.002591 -0.001590 100 420 -0.75 -0.760272 -0.76116 0 -0.75 0.0200887 -0.0157841 0 -0.0157841 -0.0157841 
12.568 2 1 2 0 -0.0026 -0.0027 -0.0433 0.0070 -0.002591 0.000346 100 420 -0.75 -0.760272 -0.760692 0 -0.75 0.0192458 -0.0155 0 -0.0155 -0.0155 
12.608 2 1 2 0 -0.0020 0.0021 -0.0431 0.0070 0.000000 0.003879 100 390 -0.75 -0.760071 -0.758788 0 -0.75 0.0158186 -0.0165356 0 -0.0165356 -0.0165356 
12.648 2 1 2 0 0.0418 0.0530 -0.0418 0.0070 0.000000 0.004711 100 400 -0.75 -0.758866 -0.750149 0 -0.75 0.000267792 -0.0237311 0 -0.0237311 -0.0237311 
12.688 2 1 2 0 0.0597 0.0630 -0.0408 0.0070 0.002591 0.002574 100 430 -0.75 -0.757862 -0.746755 0 -0.75 -0.00584078 -0.0263077 0 -0.0263077 -0.0263077 
12.729 2 1 2 0 0.0755 0.0436 -0.0392 0.0070 0.002591 -0.001974 100 440 -0.75 -0.756255 -0.739673 0 -0.75 -0.0185892 -0.0322867 0 -0.0322867 -0.0322867 
12.769 2 1 2 0 0.0311 0.0578 -0.0378 0.0070 0.005182 -0.009398 100 430 -0.75 -0.75485 -0.738815 0 -0.75 -0.0201333 -0.0327982 0 -0.0327982 -0.0327982 
12.809 2 1 2 0 0.0708 0.0250 -0.0360 0.0070 0.002591 -0.018880 100 430 -0.75 -0.753042 -0.735622 0 -0.75 -0.0258805 -0.0354859 0 -0.0354859 -0.0354859 
12.849 2 1 2 0 0.0245 0.0413 -0.0342 0.0070 0.005182 -0.023709 100 420 -0.75 -0.751235 -0.732785 0 -0.75 -0.0309875 -0.037896 0 -0.037896 -0.037896 
12.889 2 1 2 0 0.0212 0.0216 -0.0332 0.0070 0.002591 -0.026484 100 430 -0.75 -0.750231 -0.736043 0 -0.75 -0.0251226 -0.0348034 0 -0.0348034 -0.0348034 
12.929 2 1 2 0 0.0150 0.0155 -0.0324 0.0070 0.002591 -0.028618 100 430 -0.75 -0.749428 -0.738805 0 -0.75 -0.0201505 -0.0321223 0 -0.0321223 -0.0321223 
12.969 2 1 2 0 0.0137 0.0114 -0.0318 0.0070 0.005182 -0.026566 100 430 -0.75 -0.748825 -0.740225 0 -0.75 -0.0175944 -0.0305881 0 -0.0305881 -0.0305881 
13.009 2 1 2 0 0.0067 -0.0098 -0.0320 0.0070 0.002591 -0.024594 100 420 -0.75 -0.749026 -0.746893 0 -0.75 -0.00559273 -0.0242797 0 -0.0242797 -0.0242797 
13.049 2 1 2 0 0.0044 0.0109 -0.0316 0.0070 0.002591 -0.024853 100 430 -0.75 -0.748625 -0.745335 0 -0.75 -0.00839682 -0.0253322 0 -0.0253322 -0.0253322 
13.089 2 1 2 0 0.0521 0.0052 -0.0316 0.0070 0.002591 -0.026159 100 420 -0.75 -0.748625 -0.746829 0 -0.75 -0.0057086 -0.0236255 0 -0.0236255 -0.0236255 
13.129 2 1 2 0 0.0412 0.0034 -0.0316 0.0070 0.002591 -0.028165 100 420 -0.75 -0.748625 -0.747621 0 -0.75 -0.00428209 -0.0225415 0 -0.0225415 -0.0225415 
13.169 2 1 2 0 -0.0126 0.0026 -0.0318 0.0070 0.005182 -0.031600 100 420 -0.75 -0.748825 -0.74935 0 -0.75 -0.00116987 -0.0205965 0 -0.0205965 -0.0205965 
13.209 2 1 2 0 -0.0073 -0.0424 -0.0326 0.0070 0.000000 -0.034921 100 400 -0.75 -0.749629 -0.755218 0 -0.75 0.00939159 -0.0148855 0 -0.0148855 -0.0148855 
13.249 2 1 2 0 -0.0136 -0.0403 -0.0334 0.0070 0.000000 -0.034116 100 400 -0.75 -0.750432 -0.758141 0 -0.75 0.014653 -0.0117527 0 -0.0117527 -0.0117527 
13.289 2 1 2 0 -0.0410 -0.0322 -0.0352 0.0070 -0.002591 -0.027103 100 430 -0.75 -0.752239 -0.767274 0 -0.75 0.031093 -0.0029326 0 -0.0029326 -0.0029326 
13.329 2 1 2 0 -0.0458 -0.0800 -0.0372 0.0070 -0.002591 -0.020781 100 430 -0.75 -0.754247 -0.773487 0 -0.75 0.0422759 0.0033923 0 0.0033923 0.0033923 
13.369 2 1 2 0 -0.0794 -0.0445 -0.0396 0.0070 -0.002591 -0.013005 100 440 -0.75 -0.756657 -0.780708 0 -0.75 0.055275 0.0107156 0 0.0107156 0.0107156 
13.409 2 1 2 0 -0.0298 -0.0402 -0.0412 0.0070 -0.002591 -0.007272 100 430 -0.75 -0.758264 -0.77916 0 -0.75 0.0524889 0.0101828 0 0.0101828 0.0101828 
13.449 2 1 2 0 -0.0588 -0.0254 -0.0431 0.0070 0.000000 -0.003513 100 400 -0.75 -0.760071 -0.779713 0 -0.75 0.0534828 0.0115558 0 0.0115558 0.0115558 
13.489 2 1 2 0 -0.0230 -0.0158 -0.0445 0.0070 -0.002591 0.002404 100 430 -0.75 -0.761477 -0.777503 0 -0.75 0.0495046 0.0104277 0 0.0104277 0.0104277 
13.529 2 1 2 0 -0.0223 -0.0293 -0.0461 0.0071 -0.002591 0.000847 100 430 -0.75 -0.763083 -0.778928 0 -0.75 0.05207 0.0125445 0 0.0125445 0.0125445 
13.569 2 1 2 0 -0.0426 -0.0219 -0.0477 0.0071 -0.002591 0.003666 100 420 -0.75 -0.76469 -0.781796 0 -0.75 0.0572336 0.0159356 0 0.0159356 0.0159356 
13.609 2 1 2 0 -0.0416 -0.0841 -0.0487 0.0071 -0.005182 0.002698 100 430 -0.75 -0.765694 -0.780842 0 -0.75 0.0555161 0.0158399 0 0.0158399 0.0158399 
13.649 2 1 2 0 -0.0112 -0.0273 -0.0489 0.0071 -0.002591 0.005279 100 420 -0.75 -0.765894 -0.773736 0 -0.75 0.0427257 0.0101664 0 0.0101664 0.0101664 
13.689 2 1 2 0 -0.0225 -0.0203 -0.0499 0.0071 0.000000 0.003445 100 390 -0.75 -0.766898 -0.776019 0 -0.75 0.0468344 0.0129102 0 0.0129102 0.0129102 
13.729 2 1 2 0 -0.0092 -0.0306 -0.0507 0.0071 -0.005182 0.004923 100 440 -0.75 -0.767702 -0.777469 0 -0.75 0.0494445 0.0148763 0 0.0148763 0.0148763 
13.769 2 1 2 0 -0.0141 -0.0098 -0.0509 0.0071 -0.002591 0.006676 100 430 -0.75 -0.767903 -0.773337 0 -0.75 0.0420073 0.0118081 0 0.0118081 0.0118081 
13.809 2 1 2 0 -0.0059 -0.0050 -0.0509 0.0071 -0.002591 0.005577 100 420 -0.75 -0.767903 -0.770367 0 -0.75 0.03666 0.00970238 0 0.00970238 0.00970238 
13.849 2 1 2 0 -0.0037 -0.0033 -0.0509 0.0071 -0.002591 0.006608 100 420 -0.75 -0.767903 -0.769031 0 -0.75 0.034255 0.00902017 0 0.00902017 0.00902017 
13.889 2 1 2 0 -0.0027 -0.0025 -0.0509 0.0071 -0.002591 0.009339 100 430 -0.75 -0.767903 -0.768433 0 -0.75 0.0331787 0.00897561 0 0.00897561 0.00897561 
13.929 2 1 2 0 0.0195 0.0207 -0.0499 0.0071 0.000000 0.008160 100 400 -0.75 -0.766898 -0.761511 0 -0.75 0.0207195 0.00313586 0 0.00313586 0.00313586 
13.969 2 1 2 0 0.0872 0.0310 -0.0487 0.0071 -0.005182 0.006987 100 430 -0.75 -0.765694 -0.754771 0 -0.75 0.00858736 -0.00261056 0 -0.00261056 -0.00261056 
14.009 8 1 2 0 0.0234 0.0899 -0.0473 0.0071 0.002591 -0.001061 100 380 -0.75 -0.764489 -0.751613 0 -0.75 0.00290365 -0.0052959 0 -0.0052959 -0.0052959 
14.049 8 1 2 0 0.0661 0.0246 -0.0455 0.0071 0.000000 -0.010148 100 360 -0.75 -0.764489 -0.751613 0 -0.75 0.00290365 -0.0052959 0 -0.0052959 -0.0052959 
