%% logfile from robot Alma (11)
% Alma (11)
%  1    time 2.020 sec
%  2  3  4  5   (mission 0), state 2, entered (thread 1, line 1), events 0x0 (bit-flags)
%  6  7 Wheel velocity [m/s] left, right: 0.0331 0.0499
%  8  9 10 11 Pose x,y,h,tilt [m,m,rad,rad]: -0.0253679 0.00473138 0.00518225 0.00352992
% 12 13 read sensor time [us]: 100 and ctrl time 440
% 14 23 ctrl bal pos, ref=0.5, m=0.00100406, m2=0.0053031, uf=0, r2=0.5, ep=0.890454,up=0.890454, ui=0, u1=0.890454, u=0.890454
2.020 2 1 1 0 0.0331 0.0499 -0.0254 0.0047 0.005182 0.003530 100 440 0.5 0.00100406 0.0053031 0 0.5 0.890454 0.890454 0 0.890454 0.890454 
2.060 2 1 1 0 0.0142 0.0347 -0.0246 0.0047 0.005182 0.008494 100 420 0.5 0.00180731 0.00668753 0 0.5 0.887962 0.887962 0 0.887962 0.887962 
2.100 2 1 1 0 0.0163 0.0110 -0.0240 0.0047 0.002591 0.016140 100 430 0.5 0.00240974 0.00664008 0 0.5 0.888048 0.888048 0 0.888048 0.888048 
2.140 2 1 1 0 0.0140 0.0094 -0.0236 0.0047 0.002591 0.027744 100 420 0.5 0.00281136 0.0060079 0 0.5 0.889186 0.889186 0 0.889186 0.889186 
2.180 2 1 1 0 0.0251 0.0122 -0.0228 0.0047 0.002591 0.038090 100 420 0.5 0.00361461 0.00754226 0 0.5 0.886424 0.886424 0 0.886424 0.886424 
2.220 2 1 1 0 0.0382 0.0162 -0.0214 0.0048 0.005182 0.049681 100 420 0.5 0.00502029 0.0115325 0 0.5 0.879242 0.879242 0 0.879242 0.879242 
2.260 2 1 1 0 0.0771 0.0671 -0.0189 0.0048 0.005182 0.057250 100 420 0.5 0.00743004 0.0185762 0 0.5 0.866563 0.866563 0 0.866563 0.866563 
2.300 2 1 1 0 0.0782 0.0913 -0.0153 0.0048 0.005182 0.063840 100 420 0.5 0.0110446 0.0290315 0 0.5 0.847743 0.847743 0 0.847743 0.847743 
2.340 2 1 1 0 0.1111 0.1199 -0.0111 0.0048 0.007773 0.066195 100 440 0.5 0.0152617 0.0384722 0 0.5 0.83075 0.83075 0 0.83075 0.83075 
2.380 2 1 1 0 0.1432 0.1389 -0.0059 0.0048 0.007773 0.067222 100 440 0.5 0.0204828 0.0492683 0 0.5 0.811317 0.811317 0 0.811317 0.811317 
2.420 2 1 1 0 0.1589 0.1659 0.0005 0.0049 0.007773 0.065246 100 430 0.5 0.0269088 0.0621811 0 0.5 0.788074 0.788074 0 0.788074 0.788074 
2.460 2 1 1 0 0.2294 0.2031 0.0080 0.0049 0.005182 0.060723 100 420 0.5 0.0343388 0.0759766 0 0.5 0.763242 0.763242 0 0.763242 0.763242 
2.500 2 1 1 0 0.2885 0.2013 0.0164 0.0050 0.005182 0.054694 100 430 0.5 0.0427729 0.0904868 0 0.5 0.737124 0.737124 0 0.737124 0.737124 
2.540 2 1 1 0 0.2308 0.2451 0.0256 0.0050 0.005182 0.047225 100 440 0.5 0.0520103 0.105322 0 0.5 0.710421 0.710421 0 0.710421 0.710421 
2.580 2 1 1 0 0.2286 0.2350 0.0351 0.0051 0.002591 0.041716 100 430 0.5 0.0614484 0.11782 0 0.5 0.687923 0.687923 0 0.687923 0.687923 
2.620 2 1 1 0 0.2405 0.2709 0.0455 0.0051 0.002591 0.036504 100 430 0.5 0.0718907 0.133229 0 0.5 0.660188 0.660188 0 0.660188 0.660188 
2.660 2 1 1 0 0.2970 0.2581 0.0562 0.0051 0.000000 0.033587 90 390 0.5 0.0825337 0.147235 0 0.5 0.634977 0.634977 0 0.634977 0.634977 
2.700 2 1 1 0 0.2828 0.2911 0.0670 0.0051 0.000000 0.028609 100 430 0.5 0.0933775 0.159901 0 0.5 0.612179 0.612179 0 0.612179 0.612179 
2.740 2 1 1 0 0.3350 0.2752 0.0785 0.0051 -0.002591 0.025104 100 420 0.5 0.104824 0.174012 0 0.5 0.586779 0.586779 0 0.586779 0.586779 
2.780 2 1 1 0 0.2625 0.3081 0.0903 0.0051 0.000000 0.020446 100 430 0.5 0.116672 0.188354 0 0.5 0.560963 0.560963 0 0.560963 0.560963 
2.820 2 1 1 0 0.3179 0.2927 0.1023 0.0051 -0.005182 0.016540 100 440 0.5 0.128721 0.202353 0 0.5 0.535764 0.535764 0 0.535764 0.535764 
2.860 2 1 1 0 0.3234 0.3374 0.1148 0.0050 -0.005182 0.013234 100 430 0.5 0.141171 0.217239 0 0.5 0.50897 0.50897 0 0.50897 0.50897 
2.900 2 1 1 0 0.3296 0.3392 0.1272 0.0049 -0.005182 0.012063 100 420 0.5 0.153621 0.230866 0 0.5 0.484441 0.484441 0 0.484441 0.484441 
2.940 2 1 1 0 0.3143 0.3141 0.1399 0.0049 -0.002591 0.009750 100 430 0.5 0.166273 0.244633 0 0.5 0.45966 0.45966 0 0.45966 0.45966 
2.980 2 1 1 0 0.3033 0.3368 0.1530 0.0048 -0.005182 0.009108 100 440 0.5 0.179326 0.259592 0 0.5 0.432734 0.432734 0 0.432734 0.432734 
3.020 2 1 1 0 0.3283 0.3394 0.1662 0.0048 -0.005182 0.007835 100 440 0.5 0.192579 0.274309 0 0.5 0.406243 0.406243 0 0.406243 0.406243 
3.060 2 1 1 0 0.3600 0.3369 0.1797 0.0048 -0.002591 0.006788 100 430 0.5 0.206034 0.28891 0 0.5 0.379963 0.379963 0 0.379963 0.379963 
3.100 2 1 1 0 0.3472 0.3220 0.1937 0.0048 0.002591 0.003750 100 430 0.5 0.220091 0.305463 0 0.5 0.350167 0.350167 0 0.350167 0.350167 
3.140 2 1 1 0 0.3409 0.3432 0.2078 0.0048 0.002591 -0.000433 100 440 0.5 0.234148 0.32056 0 0.5 0.322992 0.322992 0 0.322992 0.322992 
3.180 2 1 1 0 0.3199 0.3466 0.2222 0.0048 0.002591 -0.003031 100 430 0.5 0.248607 0.33689 0 0.5 0.293599 0.293599 0 0.293599 0.293599 
3.220 2 1 1 0 0.3750 0.3545 0.2369 0.0048 0.000000 -0.007020 100 400 0.5 0.263266 0.353443 0 0.5 0.263803 0.263803 0 0.263803 0.263803 
3.260 2 1 1 0 0.3611 0.3954 0.2515 0.0048 -0.002591 -0.010706 100 440 0.5 0.277925 0.36919 0 0.5 0.235457 0.235457 0 0.235457 0.235457 
3.300 2 1 1 0 0.3490 0.3923 0.2662 0.0048 0.000000 -0.015847 100 390 0.5 0.292584 0.383847 0 0.5 0.209075 0.209075 0 0.209075 0.209075 
3.340 2 1 1 0 0.3584 0.3804 0.2815 0.0048 0.000000 -0.023197 100 400 0.5 0.307846 0.401241 0 0.5 0.177766 0.177766 0 0.177766 0.177766 
3.380 2 1 1 0 0.3857 0.3709 0.2965 0.0048 -0.002591 -0.029648 100 430 0.5 0.322906 0.417 0 0.5 0.1494 0.1494 0 0.1494 0.1494 
3.420 2 1 1 0 0.3682 0.3548 0.3110 0.0047 -0.002591 -0.036180 100 440 0.5 0.337365 0.429396 0 0.5 0.127088 0.127088 0 0.127088 0.127088 
3.460 2 1 1 0 0.4001 0.3731 0.3258 0.0047 -0.002591 -0.042507 100 420 0.5 0.352224 0.44474 0 0.5 0.0994688 0.0994688 0 0.0994688 0.0994688 
3.500 2 1 1 0 0.3674 0.3411 0.3403 0.0046 -0.002591 -0.048324 100 440 0.5 0.366683 0.458022 0 0.5 0.075561 0.075561 0 0.075561 0.075561 
3.540 2 1 1 0 0.3289 0.3503 0.3548 0.0046 -0.002591 -0.055198 100 430 0.5 0.381141 0.472037 0 0.5 0.0503341 0.0503341 0 0.0503341 0.0503341 
3.580 2 1 1 0 0.3303 0.3767 0.3682 0.0046 0.000000 -0.062024 100 420 0.5 0.394595 0.481989 0 0.5 0.0324204 0.0324204 0 0.0324204 0.0324204 
3.620 2 1 1 0 0.3343 0.2959 0.3815 0.0046 0.000000 -0.069469 100 400 0.5 0.407848 0.492549 0 0.5 0.0134115 0.0134115 0 0.0134115 0.0134115 
3.660 2 1 1 0 0.2972 0.3126 0.3943 0.0046 0.000000 -0.074431 100 400 0.5 0.4207 0.502892 0 0.5 -0.0052052 -0.0052052 0 -0.0052052 -0.0052052 
3.700 2 1 1 0 0.3127 0.2513 0.4064 0.0046 0.000000 -0.082045 100 390 0.5 0.432748 0.510571 0 0.5 -0.0190287 -0.0190287 0 -0.0190287 -0.0190287 
3.740 2 1 1 0 0.2652 0.2766 0.4180 0.0046 0.000000 -0.086658 100 390 0.5 0.444395 0.519425 0 0.5 -0.0349657 -0.0349657 0 -0.0349657 -0.0349657 
3.780 2 1 1 0 0.2266 0.2173 0.4281 0.0046 0.000000 -0.091237 100 400 0.5 0.454436 0.522579 0 0.5 -0.0406425 -0.0406425 0 -0.0406425 -0.0406425 
3.820 2 1 1 0 0.2350 0.2514 0.4375 0.0045 -0.002591 -0.088676 100 430 0.5 0.463874 0.527153 0 0.5 -0.0488759 -0.0488759 0 -0.0488759 -0.0488759 
3.860 2 1 1 0 0.1666 0.1760 0.4457 0.0045 0.000000 -0.093036 100 430 0.5 0.472107 0.528182 0 0.5 -0.0507281 -0.0507281 0 -0.0507281 -0.0507281 
3.900 2 1 1 0 0.1802 0.1458 0.4536 0.0045 -0.002591 -0.086604 100 430 0.5 0.479938 0.532598 0 0.5 -0.058676 -0.058676 0 -0.058676 -0.058676 
3.940 2 1 1 0 0.1887 0.1567 0.4592 0.0045 -0.002591 -0.089817 100 430 0.5 0.485561 0.528697 0 0.5 -0.0516546 -0.0516546 0 -0.0516546 -0.0516546 
3.980 2 1 1 0 0.1249 0.1088 0.4648 0.0045 -0.002591 -0.087028 100 430 0.5 0.491184 0.529196 0 0.5 -0.0525528 -0.0525528 0 -0.0525528 -0.0525528 
4.020 2 1 1 0 0.1016 0.0975 0.4688 0.0045 -0.002591 -0.084815 100 420 0.5 0.4952 0.526241 0 0.5 -0.0472335 -0.0472335 0 -0.0472335 -0.0472335 
4.060 2 1 1 0 0.0589 0.0352 0.4716 0.0045 -0.002591 -0.082238 100 440 0.5 0.498011 0.521197 0 0.5 -0.0381539 -0.0381539 0 -0.0381539 -0.0381539 
4.100 2 1 1 0 0.0548 0.0651 0.4740 0.0045 -0.002591 -0.072585 100 420 0.5 0.500421 0.518865 0 0.5 -0.0339572 -0.0339572 0 -0.0339572 -0.0339572 
4.140 2 1 1 0 0.0318 0.0151 0.4750 0.0045 -0.005182 -0.070924 100 420 0.5 0.501425 0.513306 0 0.5 -0.0239515 -0.0239515 0 -0.0239515 -0.0239515 
4.180 2 1 1 0 0.0088 0.0094 0.4750 0.0045 -0.005182 -0.063288 100 420 0.5 0.501425 0.506756 0 0.5 -0.0121605 -0.0121605 0 -0.0121605 -0.0121605 
4.220 2 1 1 0 0.0047 0.0048 0.4750 0.0045 -0.005182 -0.060031 100 420 0.5 0.501425 0.503812 0 0.5 -0.00686088 -0.00686088 0 -0.00686088 -0.00686088 
4.260 2 1 1 0 -0.0226 -0.0183 0.4742 0.0045 -0.005182 -0.056331 100 410 0.5 0.500622 0.498906 0 0.5 0.00196896 0.00196896 0 0.00196896 0.00196896 
4.300 2 1 1 0 -0.0637 -0.0816 0.4724 0.0045 -0.007773 -0.051926 100 420 0.5 0.498814 0.4913 0 0.5 0.0156594 0.0156594 0 0.0156594 0.0156594 
4.340 2 1 1 0 -0.0662 -0.0398 0.4700 0.0045 -0.002591 -0.041706 100 420 0.5 0.496405 0.484616 0 0.5 0.0276907 0.0276907 0 0.0276907 0.0276907 
4.380 2 1 1 0 -0.1148 -0.0811 0.4664 0.0045 -0.002591 -0.031263 100 430 0.5 0.49279 0.475262 0 0.5 0.0445285 0.0445285 0 0.0445285 0.0445285 
4.420 2 1 1 0 -0.1083 -0.0995 0.4622 0.0046 -0.005182 -0.019390 100 440 0.5 0.488573 0.466138 0 0.5 0.0609522 0.0609522 0 0.0609522 0.0609522 
4.460 2 1 1 0 -0.1023 -0.0787 0.4580 0.0046 -0.002591 -0.008283 100 440 0.5 0.484356 0.459561 0 0.5 0.0727896 0.0727896 0 0.0727896 0.0727896 
4.500 2 1 1 0 -0.1412 -0.1174 0.4536 0.0046 -0.002591 0.000915 100 430 0.5 0.479938 0.453726 0 0.5 0.0832935 0.0832935 0 0.0832935 0.0832935 
4.540 2 1 1 0 -0.1027 -0.1206 0.4487 0.0046 -0.002591 0.010199 100 440 0.5 0.475119 0.446714 0 0.5 0.0959154 0.0959154 0 0.0959154 0.0959154 
4.580 2 1 1 0 -0.1025 -0.0767 0.4443 0.0046 -0.002591 0.019184 100 420 0.5 0.470701 0.442661 0 0.5 0.103211 0.103211 0 0.103211 0.103211 
4.620 2 1 1 0 -0.1192 -0.1015 0.4399 0.0046 -0.002591 0.024553 100 420 0.5 0.466283 0.438311 0 0.5 0.111041 0.111041 0 0.111041 0.111041 
4.660 2 1 1 0 -0.1067 -0.1125 0.4357 0.0046 0.000000 0.030264 100 430 0.5 0.462066 0.434869 0 0.5 0.117236 0.117236 0 0.117236 0.117236 
4.700 2 1 1 0 -0.0979 -0.1003 0.4319 0.0046 -0.002591 0.034721 100 430 0.5 0.458251 0.432998 0 0.5 0.120603 0.120603 0 0.120603 0.120603 
4.740 2 1 1 0 -0.1183 -0.0674 0.4281 0.0046 0.000000 0.037512 100 380 0.5 0.454436 0.430169 0 0.5 0.125696 0.125696 0 0.125696 0.125696 
4.780 2 1 1 0 -0.0884 -0.0835 0.4248 0.0046 0.000000 0.039252 100 390 0.5 0.451223 0.429289 0 0.5 0.12728 0.12728 0 0.12728 0.12728 
4.820 2 1 1 0 -0.0908 -0.0594 0.4220 0.0046 0.000000 0.042834 100 400 0.5 0.448411 0.429065 0 0.5 0.127684 0.127684 0 0.127684 0.127684 
4.860 2 1 1 0 -0.0518 -0.0527 0.4194 0.0046 -0.002591 0.043286 100 420 0.5 0.445801 0.428585 0 0.5 0.128547 0.128547 0 0.128547 0.128547 
4.900 2 1 1 0 -0.0651 -0.0477 0.4172 0.0046 0.000000 0.044104 100 390 0.5 0.443592 0.428576 0 0.5 0.128564 0.128564 0 0.128564 0.128564 
4.940 2 1 1 0 -0.0384 -0.0221 0.4156 0.0047 0.000000 0.044244 100 400 0.5 0.441986 0.430208 0 0.5 0.125625 0.125625 0 0.125625 0.125625 
4.980 2 1 1 0 -0.0239 -0.0258 0.4142 0.0047 -0.002591 0.044351 100 420 0.5 0.44058 0.430856 0 0.5 0.12446 0.12446 0 0.12446 0.12446 
5.020 2 1 1 0 -0.0107 -0.0089 0.4138 0.0047 -0.002591 0.043480 100 420 0.5 0.440178 0.434359 0 0.5 0.118153 0.118153 0 0.118153 0.118153 
5.060 2 1 1 0 -0.0127 -0.0121 0.4132 0.0047 0.000000 0.046133 100 390 0.5 0.439576 0.435439 0 0.5 0.116209 0.116209 0 0.116209 0.116209 
5.100 2 1 1 0 -0.0141 -0.0097 0.4130 0.0047 -0.002591 0.047781 100 420 0.5 0.439375 0.436913 0 0.5 0.113557 0.113557 0 0.113557 0.113557 
5.140 2 1 1 0 0.0068 0.0067 0.4134 0.0047 -0.002591 0.052510 100 420 0.5 0.439777 0.440293 0 0.5 0.107473 0.107473 0 0.107473 0.107473 
5.180 2 1 1 0 0.0163 0.0518 0.4146 0.0047 0.002591 0.055078 100 420 0.5 0.440982 0.445789 0 0.5 0.0975805 0.0975805 0 0.0975805 0.0975805 
5.220 2 1 1 0 0.0597 0.0714 0.4166 0.0047 0.007773 0.049576 100 440 0.5 0.44299 0.452524 0 0.5 0.0854569 0.0854569 0 0.0854569 0.0854569 
5.260 2 1 1 0 0.0896 0.1237 0.4198 0.0047 0.007773 0.041799 100 420 0.5 0.446203 0.461768 0 0.5 0.0688178 0.0688178 0 0.0688178 0.0688178 
5.300 2 1 1 0 0.0735 0.1510 0.4238 0.0047 0.007773 0.028989 100 440 0.5 0.450219 0.471216 0 0.5 0.0518108 0.0518108 0 0.0518108 0.0518108 
5.340 2 1 1 0 0.0941 0.1151 0.4281 0.0048 0.010364 0.016984 100 420 0.5 0.454436 0.478371 0 0.5 0.0389324 0.0389324 0 0.0389324 0.0389324 
5.380 2 1 1 0 0.0984 0.1218 0.4325 0.0048 0.010364 0.006427 100 430 0.5 0.458853 0.484757 0 0.5 0.0274375 0.0274375 0 0.0274375 0.0274375 
5.420 2 1 1 0 0.0891 0.1103 0.4367 0.0048 0.007773 -0.001358 100 430 0.5 0.46307 0.489264 0 0.5 0.0193252 0.0193252 0 0.0193252 0.0193252 
5.460 2 1 1 0 0.1292 0.0806 0.4407 0.0049 0.007773 -0.009123 100 430 0.5 0.467087 0.492706 0 0.5 0.0131295 0.0131295 0 0.0131295 0.0131295 
5.500 2 1 1 0 0.0663 0.0557 0.4443 0.0049 0.007773 -0.014924 100 420 0.5 0.470701 0.494535 0 0.5 0.00983663 0.00983663 0 0.00983663 0.00983663 
5.540 2 1 1 0 0.0794 0.0761 0.4477 0.0049 0.005182 -0.017960 100 430 0.5 0.474115 0.496375 0 0.5 0.00652528 0.00652528 0 0.00652528 0.00652528 
5.580 2 1 1 0 0.0673 0.0761 0.4508 0.0049 0.002591 -0.019273 100 430 0.5 0.477127 0.497475 0 0.5 0.00454473 0.00454473 0 0.00454473 0.00454473 
5.620 2 1 1 0 0.0459 0.0853 0.4534 0.0049 0.005182 -0.020862 100 420 0.5 0.479738 0.497648 0 0.5 0.00423317 0.00423317 0 0.00423317 0.00423317 
5.660 2 1 1 0 0.1190 0.0459 0.4560 0.0049 0.002591 -0.020928 100 430 0.5 0.482348 0.499383 0 0.5 0.00110979 0.00110979 0 0.00110979 0.00110979 
5.700 2 1 1 0 0.0522 0.0709 0.4580 0.0049 0.002591 -0.021717 100 430 0.5 0.484356 0.499047 0 0.5 0.00171618 0.00171618 0 0.00171618 0.00171618 
5.740 2 1 1 0 0.0539 0.0308 0.4598 0.0049 0.000000 -0.021694 100 390 0.5 0.486163 0.498427 0 0.5 0.00283113 0.00283113 0 0.00283113 0.00283113 
5.780 2 1 1 0 0.0281 0.0214 0.4616 0.0049 0.002591 -0.024378 100 420 0.5 0.487971 0.498816 0 0.5 0.00213203 0.00213203 0 0.00213203 0.00213203 
5.820 2 1 1 0 0.0360 0.0500 0.4632 0.0049 0.002591 -0.019130 100 430 0.5 0.489577 0.500298 0 0.5 -0.000536871 -0.000536871 0 -0.000536871 -0.000536871 
5.860 2 1 1 0 0.0391 0.0358 0.4646 0.0049 0.000000 -0.020388 100 390 0.5 0.490983 0.500704 0 0.5 -0.00126772 -0.00126772 0 -0.00126772 -0.00126772 
5.900 2 1 1 0 0.0117 0.0084 0.4650 0.0049 0.000000 -0.018469 100 400 0.5 0.491384 0.497546 0 0.5 0.00441642 0.00441642 0 0.00441642 0.00441642 
5.940 2 1 1 0 0.0126 0.0313 0.4660 0.0049 0.002591 -0.018973 100 410 0.5 0.492388 0.497981 0 0.5 0.00363364 0.00363364 0 0.00363364 0.00363364 
5.980 2 1 1 0 0.0102 0.0076 0.4662 0.0049 0.000000 -0.018895 100 390 0.5 0.492589 0.495555 0 0.5 0.00800114 0.00800114 0 0.00800114 0.00800114 
6.020 2 1 1 0 0.0051 0.0043 0.4662 0.0049 0.000000 -0.016168 100 380 0.5 0.492589 0.493919 0 0.5 0.0109464 0.0109464 0 0.0109464 0.0109464 
6.060 2 1 1 0 0.0034 0.0030 0.4662 0.0049 0.000000 -0.016015 100 380 0.5 0.492589 0.493184 0 0.5 0.0122686 0.0122686 0 0.0122686 0.0122686 
6.100 2 1 1 0 0.0025 0.0023 0.4662 0.0049 0.000000 -0.017951 100 380 0.5 0.492589 0.492854 0 0.5 0.0128626 0.0128626 0 0.0128626 0.0128626 
6.140 2 1 1 0 -0.0256 -0.0340 0.4652 0.0049 -0.002591 -0.018466 100 420 0.5 0.491585 0.488157 0 0.5 0.0213178 0.0213178 0 0.0213178 0.0213178 
6.180 2 1 1 0 -0.0203 -0.0231 0.4644 0.0049 -0.002591 -0.014696 100 410 0.5 0.490782 0.486475 0 0.5 0.0243442 0.0243442 0 0.0243442 0.0243442 
6.220 2 1 1 0 -0.0257 -0.0767 0.4632 0.0050 -0.007773 -0.011947 100 430 0.5 0.489577 0.483243 0 0.5 0.0301626 0.0301626 0 0.0301626 0.0301626 
6.260 2 1 1 0 -0.0864 -0.0378 0.4616 0.0050 -0.002591 -0.005263 100 430 0.5 0.487971 0.479639 0 0.5 0.0366501 0.0366501 0 0.0366501 0.0366501 
6.300 2 1 1 0 -0.0706 -0.0202 0.4598 0.0050 0.000000 -0.000873 100 390 0.5 0.486163 0.47596 0 0.5 0.0432724 0.0432724 0 0.0432724 0.0432724 
6.340 2 1 1 0 -0.0218 -0.0821 0.4584 0.0050 -0.007773 0.005838 100 440 0.5 0.484758 0.475259 0 0.5 0.0445341 0.0445341 0 0.0445341 0.0445341 
6.380 2 1 1 0 -0.0182 -0.0314 0.4570 0.0050 -0.005182 0.009177 100 420 0.5 0.483352 0.474629 0 0.5 0.0456671 0.0456671 0 0.0456671 0.0456671 
6.420 2 1 1 0 -0.0455 -0.0181 0.4552 0.0050 -0.002591 0.013179 100 420 0.5 0.481545 0.471497 0 0.5 0.0513049 0.0513049 0 0.0513049 0.0513049 
6.460 2 1 1 0 -0.0470 -0.0137 0.4542 0.0050 0.000000 0.014795 100 390 0.5 0.480541 0.472558 0 0.5 0.0493951 0.0493951 0 0.0493951 0.0493951 
6.500 2 1 1 0 -0.0177 -0.0149 0.4534 0.0050 -0.005182 0.018047 100 420 0.5 0.479738 0.473956 0 0.5 0.0468794 0.0468794 0 0.0468794 0.0468794 
6.540 2 1 1 0 -0.0423 -0.0887 0.4522 0.0050 -0.005182 0.015048 100 430 0.5 0.478533 0.470883 0 0.5 0.0524104 0.0524104 0 0.0524104 0.0524104 
6.580 2 1 1 0 -0.0094 -0.0450 0.4522 0.0050 -0.005182 0.018931 100 430 0.5 0.478533 0.474936 0 0.5 0.0451143 0.0451143 0 0.0451143 0.0451143 
6.620 2 1 1 0 -0.0048 -0.0082 0.4522 0.0050 -0.005182 0.017618 100 420 0.5 0.478533 0.476911 0 0.5 0.0415601 0.0415601 0 0.0415601 0.0415601 
6.660 2 1 1 0 -0.0033 -0.0045 0.4522 0.0050 -0.005182 0.017550 100 420 0.5 0.478533 0.477798 0 0.5 0.0399632 0.0399632 0 0.0399632 0.0399632 
6.700 2 1 1 0 -0.0025 -0.0031 0.4522 0.0050 -0.005182 0.019223 100 420 0.5 0.478533 0.478197 0 0.5 0.0392461 0.0392461 0 0.0392461 0.0392461 
6.740 2 1 1 0 -0.0020 -0.0024 0.4522 0.0050 -0.005182 0.022875 100 430 0.5 0.478533 0.478375 0 0.5 0.0389242 0.0389242 0 0.0389242 0.0389242 
6.780 2 1 1 0 0.0018 0.0202 0.4528 0.0050 -0.002591 0.026288 100 430 0.5 0.479135 0.481406 0 0.5 0.0334697 0.0334697 0 0.0334697 0.0334697 
6.820 2 1 1 0 0.0146 0.0817 0.4540 0.0050 0.002591 0.024674 100 420 0.5 0.48034 0.485668 0 0.5 0.0257977 0.0257977 0 0.0257977 0.0257977 
6.860 2 1 1 0 0.0798 0.0758 0.4556 0.0050 0.002591 0.019913 100 430 0.5 0.481946 0.490149 0 0.5 0.0177309 0.0177309 0 0.0177309 0.0177309 
6.900 2 1 1 0 0.0745 0.0325 0.4576 0.0050 0.002591 0.014231 100 420 0.5 0.483954 0.494724 0 0.5 0.0094976 0.0094976 0 0.0094976 0.0094976 
6.940 2 1 1 0 0.0863 0.0609 0.4602 0.0050 0.005182 0.004466 100 440 0.5 0.486565 0.500671 0 0.5 -0.00120807 -0.00120807 0 -0.00120807 -0.00120807 
6.980 2 1 1 0 0.0313 0.0565 0.4622 0.0050 0.005182 -0.004079 100 430 0.5 0.488573 0.501714 0 0.5 -0.00308604 -0.00308604 0 -0.00308604 -0.00308604 
7.020 2 1 1 0 0.0531 0.0530 0.4644 0.0050 0.002591 -0.011271 100 420 0.5 0.490782 0.504156 0 0.5 -0.00748143 -0.00748143 0 -0.00748143 -0.00748143 
7.060 2 1 1 0 0.0226 0.0426 0.4662 0.0050 0.005182 -0.015918 100 420 0.5 0.492589 0.50454 0 0.5 -0.00817194 -0.00817194 0 -0.00817194 -0.00817194 
7.100 2 1 1 0 0.0508 0.0321 0.4678 0.0050 0.005182 -0.019049 100 420 0.5 0.494196 0.50492 0 0.5 -0.00885687 -0.00885687 0 -0.00885687 -0.00885687 
7.140 2 1 1 0 0.0089 0.0076 0.4680 0.0050 0.002591 -0.019753 100 420 0.5 0.494397 0.500165 0 0.5 -0.000296545 -0.000296545 0 -0.000296545 -0.000296545 
7.180 2 1 1 0 0.0213 0.0172 0.4692 0.0051 0.002591 -0.016204 100 430 0.5 0.495601 0.501664 0 0.5 -0.00299592 -0.00299592 0 -0.00299592 -0.00299592 
7.220 2 1 1 0 0.0068 0.0282 0.4698 0.0051 0.005182 -0.014946 100 440 0.5 0.496204 0.501322 0 0.5 -0.00238008 -0.00238008 0 -0.00238008 -0.00238008 
7.260 2 1 1 0 0.0068 0.0074 0.4698 0.0051 0.005182 -0.013174 100 420 0.5 0.496204 0.498492 0 0.5 0.00271397 0.00271397 0 0.00271397 0.00271397 
7.300 2 1 1 0 0.0050 0.0043 0.4698 0.0051 0.005182 -0.011567 100 420 0.5 0.496204 0.497221 0 0.5 0.00500135 0.00500135 0 0.00500135 0.00500135 
7.340 2 1 1 0 0.0033 0.0030 0.4698 0.0051 0.005182 -0.012050 100 420 0.5 0.496204 0.496651 0 0.5 0.00602789 0.00602789 0 0.00602789 0.00602789 
7.380 2 1 1 0 0.0025 0.0023 0.4698 0.0051 0.005182 -0.013422 100 420 0.5 0.496204 0.496394 0 0.5 0.00649052 0.00649052 0 0.00649052 0.00649052 
7.420 2 1 1 0 -0.0023 -0.0224 0.4692 0.0051 0.002591 -0.016941 100 420 0.5 0.495601 0.493165 0 0.5 0.012303 0.012303 0 0.012303 0.012303 
7.460 2 1 1 0 -0.0177 -0.0551 0.4682 0.0051 0.000000 -0.017458 100 390 0.5 0.494597 0.490027 0 0.5 0.0179515 0.0179515 0 0.0179515 0.0179515 
7.500 2 1 1 0 -0.0211 -0.0450 0.4672 0.0051 -0.002591 -0.010438 100 420 0.5 0.493593 0.487976 0 0.5 0.0216426 0.0216426 0 0.0216426 0.0216426 
7.540 2 1 1 0 -0.0691 -0.0513 0.4656 0.0051 -0.002591 -0.006383 100 430 0.5 0.491987 0.483783 0 0.5 0.0291897 0.0291897 0 0.0291897 0.0291897 
7.580 2 1 1 0 -0.0148 -0.0276 0.4646 0.0051 -0.005182 0.001423 100 430 0.5 0.490983 0.483628 0 0.5 0.02947 0.02947 0 0.02947 0.02947 
7.620 2 1 1 0 -0.0260 -0.0285 0.4632 0.0051 -0.002591 0.002622 100 420 0.5 0.489577 0.481567 0 0.5 0.03318 0.03318 0 0.03318 0.03318 
7.660 2 1 1 0 -0.0149 -0.0286 0.4618 0.0051 -0.005182 0.009430 100 420 0.5 0.488171 0.480528 0 0.5 0.0350498 0.0350498 0 0.0350498 0.0350498 
7.700 2 1 1 0 -0.0240 -0.0572 0.4606 0.0051 -0.005182 0.009702 100 430 0.5 0.486967 0.479335 0 0.5 0.0371969 0.0371969 0 0.0371969 0.0371969 
7.740 2 1 1 0 -0.0214 -0.0163 0.4596 0.0051 -0.002591 0.012982 100 430 0.5 0.485963 0.479251 0 0.5 0.0373488 0.0373488 0 0.0373488 0.0373488 
7.780 2 1 1 0 -0.0164 -0.0173 0.4588 0.0051 -0.002591 0.014832 100 430 0.5 0.485159 0.479807 0 0.5 0.0363467 0.0363467 0 0.0363467 0.0363467 
7.820 2 1 1 0 -0.0068 -0.0087 0.4584 0.0051 -0.002591 0.015221 100 420 0.5 0.484758 0.480489 0 0.5 0.0351193 0.0351193 0 0.0351193 0.0351193 
7.860 2 1 1 0 -0.0171 -0.0180 0.4578 0.0051 -0.005182 0.016081 100 430 0.5 0.484155 0.480364 0 0.5 0.0353451 0.0353451 0 0.0353451 0.0353451 
7.900 2 1 1 0 -0.0068 -0.0064 0.4578 0.0051 -0.005182 0.015413 100 420 0.5 0.484155 0.482445 0 0.5 0.0315981 0.0315981 0 0.0315981 0.0315981 
7.940 2 1 1 0 -0.0041 -0.0039 0.4578 0.0051 -0.005182 0.016504 100 420 0.5 0.484155 0.483381 0 0.5 0.029915 0.029915 0 0.029915 0.029915 
7.980 2 1 1 0 -0.0029 -0.0028 0.4578 0.0051 -0.005182 0.019185 100 420 0.5 0.484155 0.483801 0 0.5 0.0291584 0.0291584 0 0.0291584 0.0291584 
8.020 2 1 2 0 -0.0022 -0.0022 0.4578 0.0051 -0.005182 0.023722 100 420 -0.5 0 -1.67234 0 -0.5 2.11021 2.11021 0 2.11021 1 
8.060 2 1 2 0 -0.0018 -0.0018 0.4578 0.0051 -0.005182 0.030482 100 420 -0.5 0 -0.751407 0 -0.5 0.452533 0.452533 0 0.452533 0.452533 
8.100 2 1 2 0 0.0381 0.0831 0.4588 0.0051 -0.002591 0.039923 100 430 -0.5 0.00100404 -0.332566 0 -0.5 -0.301381 -0.301381 0 -0.301381 -0.301381 
8.140 2 1 2 0 0.0594 0.0780 0.4610 0.0051 0.000000 0.032036 100 390 -0.5 0.00321293 -0.138702 0 -0.5 -0.650336 -0.650336 0 -0.650336 -0.650336 
8.180 2 1 2 0 0.1055 0.1093 0.4650 0.0051 0.000000 0.011563 100 420 -0.5 0.00722909 -0.0425508 0 -0.5 -0.823409 -0.823409 0 -0.823409 -0.823409 
8.220 2 1 2 0 0.1119 0.1225 0.4698 0.0051 0.005182 -0.014837 100 440 -0.5 0.0120485 0.00642027 0 -0.5 -0.911556 -0.911556 0 -0.911556 -0.911556 
8.260 2 1 2 0 0.1236 0.0855 0.4740 0.0051 0.002591 -0.041772 100 420 -0.5 0.0162655 0.0280424 0 -0.5 -0.950476 -0.950476 0 -0.950476 -0.950476 
8.300 2 1 2 0 0.0963 0.0545 0.4773 0.0051 0.002591 -0.065307 100 430 -0.5 0.0194784 0.0350862 0 -0.5 -0.963155 -0.963155 0 -0.963155 -0.963155 
8.340 2 1 2 0 0.0513 0.0378 0.4801 0.0051 0.002591 -0.079855 100 430 -0.5 0.0222897 0.0387446 0 -0.5 -0.96974 -0.96974 0 -0.96974 -0.96974 
8.380 2 1 2 0 0.0234 0.0284 0.4809 0.0051 0.002591 -0.087839 100 420 -0.5 0.0230929 0.0331388 0 -0.5 -0.95965 -0.95965 0 -0.95965 -0.95965 
8.420 2 1 2 0 0.0125 0.0074 0.4811 0.0051 0.000000 -0.094840 100 390 -0.5 0.0232937 0.0284351 0 -0.5 -0.951183 -0.951183 0 -0.951183 -0.951183 
8.460 2 1 2 0 -0.0065 -0.0050 0.4807 0.0051 0.000000 -0.104502 100 380 -0.5 0.0228921 0.0234493 0 -0.5 -0.942209 -0.942209 0 -0.942209 -0.942209 
8.500 2 1 2 0 -0.0646 -0.1211 0.4789 0.0051 -0.002591 -0.110974 100 420 -0.5 0.0210848 0.0145142 0 -0.5 -0.926126 -0.926126 0 -0.926126 -0.926126 
8.540 2 1 2 0 -0.1023 -0.1535 0.4752 0.0051 -0.002591 -0.109818 100 440 -0.5 0.0174703 0.00145064 0 -0.5 -0.902611 -0.902611 0 -0.902611 -0.902611 
8.580 2 1 2 0 -0.1389 -0.1231 0.4702 0.0052 -0.005182 -0.102541 100 440 -0.5 0.0124501 -0.0124376 0 -0.5 -0.877612 -0.877612 0 -0.877612 -0.877612 
8.620 2 1 2 0 -0.1914 -0.1385 0.4636 0.0052 -0.002591 -0.092219 100 430 -0.5 0.00582343 -0.028344 0 -0.5 -0.848981 -0.848981 0 -0.848981 -0.848981 
8.660 2 1 2 0 -0.2200 -0.1590 0.4562 0.0052 0.000000 -0.082930 100 430 -0.5 -0.00160646 -0.0427964 0 -0.5 -0.822966 -0.822966 0 -0.822966 -0.822966 
8.700 2 1 2 0 -0.2054 -0.2508 0.4479 0.0052 -0.002591 -0.074214 100 440 -0.5 -0.00983959 -0.0569031 0 -0.5 -0.797574 -0.797574 0 -0.797574 -0.797574 
8.740 2 1 2 0 -0.2378 -0.2320 0.4389 0.0053 -0.005182 -0.065867 100 440 -0.5 -0.018876 -0.0713169 0 -0.5 -0.77163 -0.77163 0 -0.77163 -0.77163 
8.780 2 1 2 0 -0.2631 -0.2421 0.4291 0.0053 -0.002591 -0.058537 100 430 -0.5 -0.0287156 -0.0861109 0 -0.5 -0.745 -0.745 0 -0.745 -0.745 
8.820 2 1 2 0 -0.2692 -0.2739 0.4186 0.0053 -0.002591 -0.052150 100 430 -0.5 -0.0391576 -0.100941 0 -0.5 -0.718306 -0.718306 0 -0.718306 -0.718306 
8.860 2 1 2 0 -0.2850 -0.3147 0.4078 0.0053 -0.002591 -0.047243 100 440 -0.5 -0.0500012 -0.115136 0 -0.5 -0.692755 -0.692755 0 -0.692755 -0.692755 
8.900 2 1 2 0 -0.2627 -0.3064 0.3961 0.0054 -0.002591 -0.042897 100 430 -0.5 -0.0616481 -0.131312 0 -0.5 -0.663638 -0.663638 0 -0.663638 -0.663638 
8.940 2 1 2 0 -0.3515 -0.3151 0.3845 0.0054 -0.002591 -0.038392 100 430 -0.5 -0.0732949 -0.145085 0 -0.5 -0.638847 -0.638847 0 -0.638847 -0.638847 
8.980 2 1 2 0 -0.3457 -0.3175 0.3724 0.0054 -0.002591 -0.033821 100 430 -0.5 -0.0853434 -0.159072 0 -0.5 -0.613671 -0.613671 0 -0.613671 -0.613671 
9.020 2 1 2 0 -0.3147 -0.2905 0.3598 0.0054 0.000000 -0.030706 100 400 -0.5 -0.0979943 -0.174729 0 -0.5 -0.585487 -0.585487 0 -0.585487 -0.585487 
9.060 2 1 2 0 -0.3349 -0.3510 0.3469 0.0054 0.000000 -0.026813 100 390 -0.5 -0.110846 -0.189504 0 -0.5 -0.558893 -0.558893 0 -0.558893 -0.558893 
9.100 2 1 2 0 -0.3009 -0.3483 0.3337 0.0054 0.000000 -0.023251 100 400 -0.5 -0.124099 -0.204994 0 -0.5 -0.531011 -0.531011 0 -0.531011 -0.531011 
9.140 2 1 2 0 -0.3375 -0.3508 0.3202 0.0054 0.002591 -0.021517 100 440 -0.5 -0.137554 -0.220265 0 -0.5 -0.503524 -0.503524 0 -0.503524 -0.503524 
9.180 2 1 2 0 -0.3272 -0.3435 0.3066 0.0054 0.002591 -0.019114 100 420 -0.5 -0.151208 -0.235457 0 -0.5 -0.476177 -0.476177 0 -0.476177 -0.476177 
9.220 2 1 2 0 -0.3314 -0.3447 0.2927 0.0054 0.000000 -0.016148 100 400 -0.5 -0.165064 -0.250643 0 -0.5 -0.448843 -0.448843 0 -0.448843 -0.448843 
9.260 2 1 2 0 -0.3732 -0.3227 0.2787 0.0054 0.000000 -0.014679 100 400 -0.5 -0.179121 -0.265943 0 -0.5 -0.421302 -0.421302 0 -0.421302 -0.421302 
9.300 2 1 2 0 -0.4021 -0.3689 0.2644 0.0054 0.002591 -0.014000 100 430 -0.5 -0.193378 -0.281582 0 -0.5 -0.393152 -0.393152 0 -0.393152 -0.393152 
9.340 2 1 2 0 -0.3485 -0.3573 0.2501 0.0054 0.000000 -0.012500 100 440 -0.5 -0.207636 -0.296282 0 -0.5 -0.366692 -0.366692 0 -0.366692 -0.366692 
9.380 2 1 2 0 -0.4210 -0.3791 0.2353 0.0054 0.000000 -0.009998 100 390 -0.5 -0.222496 -0.313218 0 -0.5 -0.336207 -0.336207 0 -0.336207 -0.336207 
9.420 2 1 2 0 -0.3661 -0.3661 0.2202 0.0054 -0.002591 -0.007163 100 440 -0.5 -0.237557 -0.330057 0 -0.5 -0.305897 -0.305897 0 -0.305897 -0.305897 
9.460 2 1 2 0 -0.3749 -0.3914 0.2052 0.0054 0.000000 -0.004201 100 410 -0.5 -0.252618 -0.345792 0 -0.5 -0.277574 -0.277574 0 -0.277574 -0.277574 
9.500 2 1 2 0 -0.3534 -0.3904 0.1897 0.0054 0.002591 -0.001333 100 440 -0.5 -0.268081 -0.363204 0 -0.5 -0.246233 -0.246233 0 -0.246233 -0.246233 
9.540 2 1 2 0 -0.4528 -0.3575 0.1744 0.0054 0.002591 0.002759 100 440 -0.5 -0.283343 -0.378505 0 -0.5 -0.218691 -0.218691 0 -0.218691 -0.218691 
9.580 2 1 2 0 -0.3719 -0.4288 0.1586 0.0054 0.000000 0.008445 100 410 -0.5 -0.299207 -0.396268 0 -0.5 -0.186718 -0.186718 0 -0.186718 -0.186718 
9.620 2 1 2 0 -0.3613 -0.4096 0.1425 0.0054 0.000000 0.014843 100 400 -0.5 -0.315272 -0.414173 0 -0.5 -0.154489 -0.154489 0 -0.154489 -0.154489 
9.660 2 1 2 0 -0.3980 -0.3806 0.1268 0.0054 0.000000 0.022580 100 440 -0.5 -0.330936 -0.429118 0 -0.5 -0.127587 -0.127587 0 -0.127587 -0.127587 
9.700 2 1 2 0 -0.3979 -0.4140 0.1110 0.0054 0.002591 0.030880 100 430 -0.5 -0.3468 -0.445373 0 -0.5 -0.0983294 -0.0983294 0 -0.0983294 -0.0983294 
9.740 2 1 2 0 -0.4054 -0.3616 0.0953 0.0053 0.002591 0.038560 100 440 -0.5 -0.362463 -0.460616 0 -0.5 -0.0708914 -0.0708914 0 -0.0708914 -0.0708914 
9.780 2 1 2 0 -0.3368 -0.3497 0.0801 0.0053 0.002591 0.048552 100 430 -0.5 -0.377725 -0.474351 0 -0.5 -0.0461688 -0.0461688 0 -0.0461688 -0.0461688 
9.820 2 1 2 0 -0.3227 -0.3842 0.0654 0.0053 0.000000 0.055585 100 400 -0.5 -0.392384 -0.486239 0 -0.5 -0.024769 -0.024769 0 -0.024769 -0.024769 
9.860 2 1 2 0 -0.3507 -0.3164 0.0513 0.0053 0.000000 0.062048 100 400 -0.5 -0.406441 -0.496542 0 -0.5 -0.00622487 -0.00622487 0 -0.00622487 -0.00622487 
9.900 2 1 2 0 -0.3649 -0.3551 0.0373 0.0053 0.000000 0.067188 100 440 -0.5 -0.420498 -0.508798 0 -0.5 0.0158358 0.0158358 0 0.0158358 0.0158358 
9.940 2 1 2 0 -0.2942 -0.3130 0.0238 0.0053 0.002591 0.074464 100 430 -0.5 -0.433952 -0.519559 0 -0.5 0.035206 0.035206 0 0.035206 0.035206 
9.980 2 1 2 0 -0.3098 -0.2877 0.0116 0.0053 0.000000 0.080512 100 440 -0.5 -0.446202 -0.526599 0 -0.5 0.0478781 0.0478781 0 0.0478781 0.0478781 
10.020 2 1 2 0 -0.2751 -0.2880 -0.0001 0.0053 0.000000 0.085476 100 400 -0.5 -0.457849 -0.53366 0 -0.5 0.0605875 0.0605875 0 0.0605875 0.0605875 
10.060 2 1 2 0 -0.2830 -0.2186 -0.0103 0.0052 0.002591 0.088163 100 440 -0.5 -0.468091 -0.537179 0 -0.5 0.0669218 0.0669218 0 0.0669218 0.0669218 
10.100 2 1 2 0 -0.2091 -0.2433 -0.0197 0.0052 0.000000 0.090062 100 430 -0.5 -0.477529 -0.540569 0 -0.5 0.0730235 0.0730235 0 0.0730235 0.0730235 
10.140 2 1 2 0 -0.2101 -0.2171 -0.0280 0.0052 0.002591 0.089589 100 430 -0.5 -0.485762 -0.542212 0 -0.5 0.0759808 0.0759808 0 0.0759808 0.0759808 
10.180 2 1 2 0 -0.1555 -0.1765 -0.0348 0.0052 0.002591 0.088354 100 430 -0.5 -0.49259 -0.540883 0 -0.5 0.0735891 0.0735891 0 0.0735891 0.0735891 
10.220 2 1 2 0 -0.1394 -0.1467 -0.0410 0.0052 0.000000 0.085507 100 390 -0.5 -0.498815 -0.541401 0 -0.5 0.0745216 0.0745216 0 0.0745216 0.0745216 
10.261 2 1 2 0 -0.1119 -0.1287 -0.0459 0.0052 0.000000 0.083327 100 400 -0.5 -0.503634 -0.538947 0 -0.5 0.0701044 0.0701044 0 0.0701044 0.0701044 
10.301 2 1 2 0 -0.0868 -0.1139 -0.0495 0.0052 0.000000 0.078507 100 400 -0.5 -0.507249 -0.53535 0 -0.5 0.0636297 0.0636297 0 0.0636297 0.0636297 
10.341 2 1 2 0 -0.0461 -0.0488 -0.0523 0.0052 0.000000 0.074185 100 390 -0.5 -0.51006 -0.531871 0 -0.5 0.0573675 0.0573675 0 0.0573675 0.0573675 
10.381 2 1 2 0 -0.0224 -0.0344 -0.0535 0.0052 0.000000 0.068224 100 390 -0.5 -0.511265 -0.524945 0 -0.5 0.0449006 0.0449006 0 0.0449006 0.0449006 
10.421 2 1 2 0 -0.0135 -0.0179 -0.0543 0.0052 0.000000 0.059694 100 390 -0.5 -0.512068 -0.520714 0 -0.5 0.0372853 0.0372853 0 0.0372853 0.0372853 
10.461 2 1 2 0 -0.0107 -0.0072 -0.0545 0.0052 0.002591 0.055394 100 420 -0.5 -0.512269 -0.516622 0 -0.5 0.0299197 0.0299197 0 0.0299197 0.0299197 
10.501 2 1 2 0 -0.0052 0.0049 -0.0543 0.0052 0.005182 0.056625 100 420 -0.5 -0.512068 -0.513251 0 -0.5 0.0238511 0.0238511 0 0.0238511 0.0238511 
10.541 2 1 2 0 0.0366 0.0569 -0.0531 0.0052 0.005182 0.054431 100 420 -0.5 -0.510863 -0.506997 0 -0.5 0.0125939 0.0125939 0 0.0125939 0.0125939 
10.581 2 1 2 0 0.0557 0.0790 -0.0507 0.0052 0.005182 0.047086 100 420 -0.5 -0.508454 -0.498317 0 -0.5 -0.00302896 -0.00302896 0 -0.00302896 -0.00302896 
10.621 2 1 2 0 0.1170 0.1036 -0.0469 0.0052 0.002591 0.036001 100 440 -0.5 -0.504638 -0.486623 0 -0.5 -0.0240794 -0.0240794 0 -0.0240794 -0.0240794 
10.661 2 1 2 0 0.1164 0.1199 -0.0426 0.0052 0.005182 0.022259 100 420 -0.5 -0.500421 -0.477707 0 -0.5 -0.0401271 -0.0401271 0 -0.0401271 -0.0401271 
10.701 2 1 2 0 0.1107 0.1048 -0.0374 0.0053 0.005182 0.007307 100 430 -0.5 -0.4952 -0.466876 0 -0.5 -0.0596231 -0.0596231 0 -0.0596231 -0.0596231 
10.741 2 1 2 0 0.1401 0.1444 -0.0322 0.0053 0.005182 -0.005706 100 430 -0.5 -0.489979 -0.458901 0 -0.5 -0.0739788 -0.0739788 0 -0.0739788 -0.0739788 
10.781 2 1 2 0 0.1441 0.1151 -0.0270 0.0053 0.005182 -0.016197 100 410 -0.5 -0.484758 -0.452669 0 -0.5 -0.0851955 -0.0851955 0 -0.0851955 -0.0851955 
10.821 2 1 2 0 0.1219 0.1376 -0.0218 0.0053 0.005182 -0.025996 100 440 -0.5 -0.479537 -0.447018 0 -0.5 -0.0953682 -0.0953682 0 -0.0953682 -0.0953682 
10.861 2 1 2 0 0.1286 0.1145 -0.0167 0.0053 0.002591 -0.033937 100 440 -0.5 -0.474516 -0.442536 0 -0.5 -0.103435 -0.103435 0 -0.103435 -0.103435 
10.901 2 1 2 0 0.1329 0.1092 -0.0117 0.0054 0.005182 -0.039606 100 420 -0.5 -0.469496 -0.43783 0 -0.5 -0.111906 -0.111906 0 -0.111906 -0.111906 
10.941 2 1 2 0 0.1262 0.1032 -0.0071 0.0054 0.002591 -0.044207 100 420 -0.5 -0.464878 -0.434765 0 -0.5 -0.117424 -0.117424 0 -0.117424 -0.117424 
10.981 2 1 2 0 0.1044 0.1010 -0.0027 0.0054 0.002591 -0.049857 100 440 -0.5 -0.46046 -0.431806 0 -0.5 -0.122749 -0.122749 0 -0.122749 -0.122749 
11.021 2 1 2 0 0.1061 0.1094 0.0015 0.0054 0.005182 -0.051829 100 430 -0.5 -0.456243 -0.42867 0 -0.5 -0.128393 -0.128393 0 -0.128393 -0.128393 
11.061 2 1 2 0 0.0758 0.0724 0.0054 0.0054 0.002591 -0.056284 100 440 -0.5 -0.452427 -0.426822 0 -0.5 -0.131721 -0.131721 0 -0.131721 -0.131721 
11.101 2 1 2 0 0.0593 0.0817 0.0086 0.0054 0.002591 -0.058308 100 420 -0.5 -0.449214 -0.426931 0 -0.5 -0.131524 -0.131524 0 -0.131524 -0.131524 
11.141 2 1 2 0 0.0799 0.0724 0.0114 0.0055 0.002591 -0.061043 100 420 -0.5 -0.446403 -0.426987 0 -0.5 -0.131423 -0.131423 0 -0.131423 -0.131423 
11.181 2 1 2 0 0.1003 0.0575 0.0140 0.0055 0.005182 -0.061774 100 430 -0.5 -0.443792 -0.425809 0 -0.5 -0.133544 -0.133544 0 -0.133544 -0.133544 
11.221 2 1 2 0 0.0347 0.0200 0.0156 0.0055 0.000000 -0.064255 100 380 -0.5 -0.442186 -0.429166 0 -0.5 -0.127502 -0.127502 0 -0.127502 -0.127502 
11.261 2 1 2 0 0.0278 0.0240 0.0170 0.0055 0.002591 -0.063807 100 420 -0.5 -0.44078 -0.430093 0 -0.5 -0.125832 -0.125832 0 -0.125832 -0.125832 
11.301 2 1 2 0 0.0187 0.0233 0.0180 0.0055 0.000000 -0.059744 100 390 -0.5 -0.439776 -0.43152 0 -0.5 -0.123263 -0.123263 0 -0.123263 -0.123263 
11.341 2 1 2 0 0.0097 0.0070 0.0180 0.0055 0.000000 -0.058637 100 390 -0.5 -0.439776 -0.43606 0 -0.5 -0.115092 -0.115092 0 -0.115092 -0.115092 
11.381 2 1 2 0 0.0049 0.0041 0.0180 0.0055 0.000000 -0.059160 100 390 -0.5 -0.439776 -0.4381 0 -0.5 -0.11142 -0.11142 0 -0.11142 -0.11142 
11.421 2 1 2 0 0.0033 -0.0030 0.0178 0.0055 -0.002591 -0.062872 100 420 -0.5 -0.439977 -0.440135 0 -0.5 -0.107756 -0.107756 0 -0.107756 -0.107756 
11.461 2 1 2 0 -0.0190 -0.0451 0.0164 0.0055 0.000000 -0.065197 100 390 -0.5 -0.441382 -0.446289 0 -0.5 -0.0966801 -0.0966801 0 -0.0966801 -0.0966801 
11.501 2 1 2 0 -0.0358 -0.0988 0.0146 0.0055 -0.007773 -0.060636 100 430 -0.5 -0.44319 -0.451599 0 -0.5 -0.0871216 -0.0871216 0 -0.0871216 -0.0871216 
11.541 2 1 2 0 -0.0609 -0.0840 0.0118 0.0055 -0.007773 -0.055004 100 440 -0.5 -0.446001 -0.459566 0 -0.5 -0.0727818 -0.0727818 0 -0.0727818 -0.0727818 
11.581 2 1 2 0 -0.1285 -0.0447 0.0084 0.0055 -0.005182 -0.047199 100 440 -0.5 -0.449415 -0.467663 0 -0.5 -0.0582069 -0.0582069 0 -0.0582069 -0.0582069 
11.621 2 1 2 0 -0.1242 -0.0777 0.0048 0.0056 -0.005182 -0.037349 100 420 -0.5 -0.45303 -0.473837 0 -0.5 -0.0470927 -0.0470927 0 -0.0470927 -0.0470927 
11.661 2 1 2 0 -0.1343 -0.1232 0.0001 0.0056 -0.007773 -0.027669 100 440 -0.5 -0.457648 -0.483242 0 -0.5 -0.0301643 -0.0301643 0 -0.0301643 -0.0301643 
11.701 2 1 2 0 -0.0972 -0.1080 -0.0043 0.0056 -0.007773 -0.017634 100 430 -0.5 -0.462066 -0.489344 0 -0.5 -0.0191806 -0.0191806 0 -0.0191806 -0.0191806 
11.741 2 1 2 0 -0.0965 -0.1177 -0.0083 0.0056 -0.007773 -0.008421 100 430 -0.5 -0.466082 -0.492398 0 -0.5 -0.0136836 -0.0136836 0 -0.0136836 -0.0136836 
11.781 2 1 2 0 -0.0795 -0.1105 -0.0123 0.0057 -0.007773 -0.002693 100 440 -0.5 -0.470099 -0.495621 0 -0.5 -0.00788269 -0.00788269 0 -0.00788269 -0.00788269 
11.821 2 1 2 0 -0.0842 -0.1381 -0.0161 0.0057 -0.005182 0.001698 100 420 -0.5 -0.473914 -0.498304 0 -0.5 -0.00305343 -0.00305343 0 -0.00305343 -0.00305343 
11.861 2 1 2 0 -0.0759 -0.0917 -0.0199 0.0057 -0.002591 0.004331 100 440 -0.5 -0.477729 -0.501714 0 -0.5 0.00308518 0.00308518 0 0.00308518 0.00308518 
11.901 2 1 2 0 -0.0929 -0.1051 -0.0232 0.0057 -0.002591 0.005760 100 420 -0.5 -0.480942 -0.503023 0 -0.5 0.00544209 0.00544209 0 0.00544209 0.00544209 
11.941 2 1 2 0 -0.0688 -0.1160 -0.0262 0.0057 -0.005182 0.008012 100 440 -0.5 -0.483955 -0.504328 0 -0.5 0.00779085 0.00779085 0 0.00779085 0.00779085 
11.981 2 1 2 0 -0.0731 -0.0459 -0.0288 0.0057 -0.002591 0.008583 100 430 -0.5 -0.486565 -0.504544 0 -0.5 0.00817881 0.00817881 0 0.00817881 0.00817881 
12.021 2 1 2 0 -0.0410 -0.0635 -0.0312 0.0057 -0.002591 0.007941 100 430 -0.5 -0.488975 -0.505066 0 -0.5 0.00911951 0.00911951 0 0.00911951 0.00911951 
12.061 2 1 2 0 -0.0695 -0.0769 -0.0336 0.0057 -0.002591 0.007288 100 430 -0.5 -0.491385 -0.506954 0 -0.5 0.0125167 0.0125167 0 0.0125167 0.0125167 
12.101 2 1 2 0 -0.0896 -0.0737 -0.0356 0.0057 -0.002591 0.008001 100 430 -0.5 -0.493393 -0.507618 0 -0.5 0.0137123 0.0137123 0 0.0137123 0.0137123 
12.141 2 1 2 0 -0.0612 -0.0352 -0.0374 0.0058 0.000000 0.006934 100 390 -0.5 -0.4952 -0.508098 0 -0.5 0.0145762 0.0145762 0 0.0145762 0.0145762 
12.181 2 1 2 0 -0.0286 -0.0397 -0.0388 0.0058 -0.002591 0.009103 100 430 -0.5 -0.496606 -0.507111 0 -0.5 0.0127991 0.0127991 0 0.0127991 0.0127991 
12.221 2 1 2 0 -0.0264 -0.0796 -0.0406 0.0058 -0.005182 0.004948 100 430 -0.5 -0.498413 -0.509907 0 -0.5 0.0178322 0.0178322 0 0.0178322 0.0178322 
12.261 2 1 2 0 -0.0128 -0.0097 -0.0410 0.0058 0.000000 0.008099 100 390 -0.5 -0.498815 -0.505413 0 -0.5 0.00974307 0.00974307 0 0.00974307 0.00974307 
12.301 2 1 2 0 -0.0143 -0.0135 -0.0422 0.0058 0.000000 0.008931 100 390 -0.5 -0.50002 -0.506082 0 -0.5 0.0109477 0.0109477 0 0.0109477 0.0109477 
12.341 2 1 2 0 -0.0382 -0.0348 -0.0436 0.0058 -0.002591 0.007795 100 420 -0.5 -0.501425 -0.508939 0 -0.5 0.0160898 0.0160898 0 0.0160898 0.0160898 
12.381 2 1 2 0 -0.0090 -0.0078 -0.0438 0.0058 0.000000 0.008380 100 380 -0.5 -0.501626 -0.505912 0 -0.5 0.0106413 0.0106413 0 0.0106413 0.0106413 
12.421 2 1 2 0 -0.0114 -0.0158 -0.0444 0.0058 -0.002591 0.008117 100 430 -0.5 -0.502228 -0.505779 0 -0.5 0.0104023 0.0104023 0 0.0104023 0.0104023 
12.461 2 1 2 0 -0.0102 -0.0061 -0.0446 0.0058 0.000000 0.008267 100 390 -0.5 -0.502429 -0.504476 0 -0.5 0.0080565 0.0080565 0 0.0080565 0.0080565 
12.501 2 1 2 0 -0.0050 -0.0038 -0.0446 0.0058 0.000000 0.009558 100 390 -0.5 -0.502429 -0.503344 0 -0.5 0.00601974 0.00601974 0 0.00601974 0.00601974 
12.541 2 1 2 0 -0.0034 0.0028 -0.0444 0.0058 0.002591 0.013302 100 420 -0.5 -0.502228 -0.501717 0 -0.5 0.00309076 0.00309076 0 0.00309076 0.00309076 
12.581 2 1 2 0 0.0224 0.0599 -0.0432 0.0058 0.002591 0.014615 100 430 -0.5 -0.501024 -0.49685 0 -0.5 -0.00567083 -0.00567083 0 -0.00567083 -0.00567083 
12.621 2 1 2 0 0.0357 0.0387 -0.0418 0.0058 0.005182 0.007414 100 430 -0.5 -0.499618 -0.49289 0 -0.5 -0.0127978 -0.0127978 0 -0.0127978 -0.0127978 
12.661 2 1 2 0 0.0396 0.0876 -0.0398 0.0058 0.005182 0.001165 100 410 -0.5 -0.49761 -0.48785 0 -0.5 -0.0218701 -0.0218701 0 -0.0218701 -0.0218701 
12.702 2 1 2 0 0.0690 0.0419 -0.0376 0.0058 0.002591 -0.010675 100 420 -0.5 -0.495401 -0.483764 0 -0.5 -0.0292245 -0.0292245 0 -0.0292245 -0.0292245 
12.742 2 1 2 0 0.0748 0.1218 -0.0350 0.0058 0.005182 -0.015603 100 430 -0.5 -0.49279 -0.478019 0 -0.5 -0.0395649 -0.0395649 0 -0.0395649 -0.0395649 
12.782 2 1 2 0 0.0201 0.0476 -0.0336 0.0058 0.007773 -0.026785 100 430 -0.5 -0.491385 -0.480182 0 -0.5 -0.0356717 -0.0356717 0 -0.0356717 -0.0356717 
12.822 2 1 2 0 0.0968 0.0242 -0.0312 0.0058 0.002591 -0.028749 100 430 -0.5 -0.488975 -0.47609 0 -0.5 -0.0430377 -0.0430377 0 -0.0430377 -0.0430377 
12.862 2 1 2 0 0.0263 0.0274 -0.0298 0.0058 0.005182 -0.035037 100 430 -0.5 -0.487569 -0.477377 0 -0.5 -0.0407215 -0.0407215 0 -0.0407215 -0.0407215 
12.902 2 1 2 0 0.0759 0.0383 -0.0288 0.0058 0.002591 -0.032366 100 430 -0.5 -0.486565 -0.478026 0 -0.5 -0.0395525 -0.0395525 0 -0.0395525 -0.0395525 
12.942 2 1 2 0 0.0145 0.0150 -0.0282 0.0058 0.005182 -0.033792 100 430 -0.5 -0.485963 -0.480272 0 -0.5 -0.0355099 -0.0355099 0 -0.0355099 -0.0355099 
12.982 2 1 2 0 0.0078 0.0060 -0.0280 0.0058 0.002591 -0.031271 100 420 -0.5 -0.485762 -0.482318 0 -0.5 -0.0318273 -0.0318273 0 -0.0318273 -0.0318273 
13.022 2 1 2 0 0.0078 0.0038 -0.0280 0.0058 0.002591 -0.029862 100 420 -0.5 -0.485762 -0.484212 0 -0.5 -0.0284181 -0.0284181 0 -0.0284181 -0.0284181 
13.062 2 1 2 0 0.0046 0.0027 -0.0280 0.0058 0.002591 -0.030328 100 420 -0.5 -0.485762 -0.485063 0 -0.5 -0.0268869 -0.0268869 0 -0.0268869 -0.0268869 
13.102 2 1 2 0 0.0032 0.0022 -0.0280 0.0058 0.002591 -0.032907 100 420 -0.5 -0.485762 -0.485446 0 -0.5 -0.0261977 -0.0261977 0 -0.0261977 -0.0261977 
13.142 2 1 2 0 -0.0419 -0.0207 -0.0292 0.0058 0.002591 -0.034797 100 430 -0.5 -0.486967 -0.491216 0 -0.5 -0.0158117 -0.0158117 0 -0.0158117 -0.0158117 
13.182 2 1 2 0 -0.0242 -0.0806 -0.0304 0.0058 -0.002591 -0.032100 100 430 -0.5 -0.488172 -0.494999 0 -0.5 -0.00900106 -0.00900106 0 -0.00900106 -0.00900106 
13.222 2 1 2 0 -0.0915 -0.0634 -0.0316 0.0058 -0.002591 -0.029071 100 430 -0.5 -0.489377 -0.49721 0 -0.5 -0.00502281 -0.00502281 0 -0.00502281 -0.00502281 
13.262 2 1 2 0 -0.0399 -0.0389 -0.0332 0.0058 -0.002591 -0.021899 100 420 -0.5 -0.490983 -0.500069 0 -0.5 0.000124454 0.000124454 0 0.000124454 0.000124454 
13.302 2 1 2 0 -0.0399 -0.0339 -0.0350 0.0058 -0.005182 -0.015662 100 430 -0.5 -0.49279 -0.50289 0 -0.5 0.00520134 0.00520134 0 0.00520134 0.00520134 
13.342 2 1 2 0 -0.0749 -0.0504 -0.0370 0.0059 -0.005182 -0.011070 100 430 -0.5 -0.494798 -0.506158 0 -0.5 0.011085 0.011085 0 0.011085 0.011085 
13.382 2 1 2 0 -0.0346 -0.0946 -0.0390 0.0059 -0.005182 -0.005979 100 420 -0.5 -0.496807 -0.509135 0 -0.5 0.0164439 0.0164439 0 0.0164439 0.0164439 
13.422 2 1 2 0 -0.0407 -0.0559 -0.0402 0.0059 -0.005182 -0.002702 100 440 -0.5 -0.498011 -0.508193 0 -0.5 0.0147479 0.0147479 0 0.0147479 0.0147479 
13.462 2 1 2 0 -0.0259 -0.0180 -0.0414 0.0059 -0.005182 0.000013 100 420 -0.5 -0.499216 -0.507606 0 -0.5 0.0136909 0.0136909 0 0.0136909 0.0136909 
13.502 2 1 2 0 -0.0154 -0.0196 -0.0426 0.0059 -0.005182 0.001567 100 430 -0.5 -0.500421 -0.507651 0 -0.5 0.0137711 0.0137711 0 0.0137711 0.0137711 
13.542 2 1 2 0 -0.0153 -0.0198 -0.0436 0.0059 -0.002591 0.001873 100 400 -0.5 -0.501425 -0.507417 0 -0.5 0.0133514 0.0133514 0 0.0133514 0.0133514 
13.582 2 1 2 0 -0.0141 -0.0169 -0.0446 0.0059 0.000000 0.002588 100 390 -0.5 -0.502429 -0.508286 0 -0.5 0.0149157 0.0149157 0 0.0149157 0.0149157 
13.622 2 1 2 0 -0.0171 -0.0153 -0.0453 0.0059 -0.002591 0.003147 100 420 -0.5 -0.503032 -0.507682 0 -0.5 0.0138282 0.0138282 0 0.0138282 0.0138282 
13.662 2 1 2 0 -0.0137 -0.0101 -0.0457 0.0059 -0.002591 0.002873 100 420 -0.5 -0.503433 -0.506528 0 -0.5 0.0117502 0.0117502 0 0.0117502 0.0117502 
13.702 2 1 2 0 -0.0491 -0.0050 -0.0459 0.0059 0.000000 0.002616 100 390 -0.5 -0.503634 -0.505727 0 -0.5 0.0103078 0.0103078 0 0.0103078 0.0103078 
13.742 2 1 2 0 -0.0724 -0.0034 -0.0459 0.0059 0.000000 0.001933 100 380 -0.5 -0.503634 -0.504735 0 -0.5 0.00852213 0.00852213 0 0.00852213 0.00852213 
13.782 2 1 2 0 0.0257 -0.0025 -0.0457 0.0059 -0.002591 0.002842 100 420 -0.5 -0.503433 -0.503168 0 -0.5 0.00570173 0.00570173 0 0.00570173 0.00570173 
13.822 2 1 2 0 0.0084 0.0430 -0.0453 0.0059 0.002591 0.005330 100 430 -0.5 -0.503032 -0.501286 0 -0.5 0.00231442 0.00231442 0 0.00231442 0.00231442 
13.862 2 1 2 0 -0.0198 0.0160 -0.0448 0.0059 0.002591 0.003121 100 430 -0.5 -0.50263 -0.500943 0 -0.5 0.00169773 0.00169773 0 0.00169773 0.00169773 
13.902 2 1 2 0 0.0357 0.0475 -0.0434 0.0059 0.005182 0.000471 100 420 -0.5 -0.501224 -0.495768 0 -0.5 -0.0076179 -0.0076179 0 -0.0076179 -0.0076179 
13.942 2 1 2 0 0.0494 0.0208 -0.0420 0.0059 0.002591 -0.005206 100 410 -0.5 -0.499819 -0.492369 0 -0.5 -0.0137351 -0.0137351 0 -0.0137351 -0.0137351 
13.982 2 1 2 0 0.0198 0.0645 -0.0406 0.0059 0.005182 -0.009842 100 420 -0.5 -0.498413 -0.489996 0 -0.5 -0.0180068 -0.0180068 0 -0.0180068 -0.0180068 
14.022 8 1 2 0 0.0124 0.0122 -0.0400 0.0059 0.002591 -0.017708 100 390 -0.5 -0.498011 -0.491144 0 -0.5 -0.0159405 -0.0159405 0 -0.0159405 -0.0159405 
