%% logfile from robot Alma (11)
% Alma (11)
%  1    time 0.004 sec
%  2  3  4  5   (mission 0), state 2, entered (thread 1, line 0), events 0x0 (bit-flags)
%  6  7 Motor velocity ref left, right: 0.0000 0.0000
%  8 .. 27 Edge sensor: left 0.000000 0, right 0.000000 0, values 1256 1683 1858 1958 2040 2043 1871 1371, white 1, used 1, LEDhigh=1, xingVal=0.00 xlcnt=0 lvcnt=0
%       whitelevel=[3067 3454 3497 3522 3540 3523 3466 3009]
%       blacklevel=[702 951 1074 1172 1213 1178 1075 778]
% 28    Battery voltage [V]: 12.23
0.004 2 1 0 0 0.0000 0.0000 0.0000 0 0.0000 0  1256 1683 1858 1958 2040 2043 1871 1371  1 1 1 0 0 0.00 0 0 12.23 
0.014 2 1 0 0 0.0000 0.0000 0.0000 0 0.0000 0  1260 1683 1846 1957 2047 2041 1875 1374  1 1 1 0 0 0.00 0 0 12.23 
0.024 2 1 0 0 0.0000 0.0000 0.0000 0 0.0000 0  1256 1686 1853 1954 2035 2028 1873 1362  1 1 1 0 0 0.00 0 0 12.23 
0.034 2 1 0 0 0.0000 0.0000 0.0000 0 0.0000 0  1262 1686 1857 1961 2040 2031 1875 1366  1 1 1 0 0 0.00 0 0 12.23 
0.044 2 1 0 0 0.0000 0.0000 0.0000 0 0.0000 0  1258 1687 1853 1955 2045 2035 1879 1371  1 1 1 0 0 0.00 0 0 12.23 
0.054 2 1 0 0 -0.0158 0.0158 0.0000 0 0.0000 0  1261 1695 1861 1963 2048 2007 1848 1383  1 1 1 0 0 0.00 0 0 12.23 
0.064 2 1 0 0 -0.0112 0.0112 0.0000 0 0.0000 0  1270 1695 1858 1965 2049 2044 1890 1373  1 1 1 0 0 0.00 0 0 12.23 
0.074 2 1 0 0 -0.0085 0.0085 0.0000 0 0.0000 0  1266 1700 1862 1970 2057 2041 1888 1378  1 1 1 0 0 0.00 0 0 12.23 
0.084 2 1 0 0 -0.0069 0.0069 0.0000 0 0.0000 0  1269 1699 1869 1976 2060 2052 1894 1377  1 1 1 0 0 0.00 0 0 12.23 
0.094 2 1 0 0 -0.0060 0.0060 0.0000 0 0.0000 0  1279 1705 1874 1979 2063 2055 1897 1382  1 1 1 0 0 0.00 0 0 12.23 
0.104 2 1 0 0 -0.0055 0.0055 0.0000 0 0.0000 0  1277 1709 1879 1983 2067 2063 1906 1385  1 1 1 0 0 0.00 0 0 12.23 
0.114 2 1 0 0 -0.0052 0.0052 0.0000 0 0.0000 0  1284 1713 1881 1984 2077 2061 1904 1391  1 1 1 0 0 0.00 0 0 12.23 
0.124 2 1 0 0 -0.0051 0.0051 0.0000 0 0.0000 0  1281 1712 1876 1983 2071 2066 1903 1391  1 1 1 0 0 0.00 0 0 12.23 
0.134 2 1 0 0 -0.0050 0.0050 0.0000 0 0.0000 0  1284 1714 1887 1991 2075 2067 1914 1389  1 1 1 0 0 0.00 0 0 12.23 
0.144 2 1 0 0 -0.0051 0.0051 0.0000 0 0.0000 0  1295 1718 1888 1990 2074 2069 1913 1393  1 1 1 0 0 0.00 0 0 12.23 
0.154 2 1 0 0 -0.0051 0.0051 0.0000 0 0.0000 0  1287 1721 1887 1992 2087 2072 1919 1401  1 1 1 0 0 0.00 0 0 12.23 
0.164 2 1 0 0 -0.0052 0.0052 0.0000 0 0.0000 0  1289 1721 1888 1993 2083 2078 1915 1397  1 1 1 0 0 0.00 0 0 12.23 
0.174 2 1 0 0 -0.0053 0.0053 0.0000 0 0.0000 0  1290 1725 1891 1997 2089 2068 1921 1398  1 1 1 0 0 0.00 0 0 12.23 
0.184 2 1 0 0 -0.0054 0.0054 0.0000 0 0.0000 0  1286 1727 1892 1994 2085 2078 1920 1402  1 1 1 0 0 0.00 0 0 12.23 
0.194 2 1 0 0 -0.0055 0.0055 0.0000 0 0.0000 0  1295 1732 1896 2014 2093 2083 1925 1398  1 1 1 0 0 0.00 0 0 12.23 
0.204 2 1 0 0 -0.0056 0.0056 0.0000 0 0.0000 0  1296 1726 1889 2000 2109 2094 1903 1387  1 1 1 0 0 0.00 0 0 12.22 
0.214 2 1 0 0 -0.0057 0.0057 0.0000 0 0.0000 0  1296 1729 1891 1999 2085 2072 1921 1399  1 1 1 0 0 0.00 0 0 12.23 
0.224 2 1 0 0 -0.0058 0.0058 0.0000 0 0.0000 0  1293 1729 1892 1993 2084 2078 1921 1402  1 1 1 0 0 0.00 0 0 12.23 
0.234 2 1 0 0 -0.0059 0.0059 0.0000 0 0.0000 0  1298 1726 1887 1995 2084 2078 1917 1395  1 1 1 0 0 0.00 0 0 12.23 
0.244 2 1 0 0 0.0124 -0.0124 0.0000 0 0.0000 0  1287 1715 1885 2000 2087 2078 1911 1405  1 1 1 0 0 0.00 0 0 12.23 
0.254 2 1 0 0 0.0067 -0.0067 0.0000 0 0.0000 0  1293 1724 1886 1992 2086 2073 1917 1401  1 1 1 0 0 0.00 0 0 12.23 
0.264 2 1 0 0 0.0033 -0.0033 0.0000 0 0.0000 0  1288 1721 1879 1991 2078 2070 1910 1397  1 1 1 0 0 0.00 0 0 12.23 
0.274 2 1 0 0 0.0012 -0.0012 0.0000 0 0.0000 0  1287 1719 1883 1987 2080 2072 1911 1398  1 1 1 0 0 0.00 0 0 12.23 
0.284 2 1 0 0 -0.0001 0.0001 0.0000 0 0.0000 0  1287 1713 1884 1987 2073 2071 1906 1392  1 1 1 0 0 0.00 0 0 12.23 
0.294 2 1 0 0 -0.0008 0.0008 0.0000 0 0.0000 0  1286 1717 1883 1987 2075 2067 1906 1393  1 1 1 0 0 0.00 0 0 12.23 
0.304 2 1 0 0 -0.0013 0.0013 0.0000 0 0.0000 0  1279 1715 1881 1981 2075 2066 1905 1388  1 1 1 0 0 0.00 0 0 12.23 
0.314 2 1 0 0 -0.0016 0.0016 0.0000 0 0.0000 0  1284 1716 1880 1981 2075 2074 1905 1396  1 1 1 0 0 0.00 0 0 12.23 
0.324 2 1 0 0 -0.0017 0.0017 0.0000 0 0.0000 0  1281 1719 1879 1987 2048 2061 1906 1390  1 1 1 0 0 0.00 0 0 12.23 
0.334 2 1 0 0 -0.0019 0.0019 0.0000 0 0.0000 0  1278 1706 1867 1982 2069 2062 1898 1385  1 1 1 0 0 0.00 0 0 12.23 
0.344 2 1 0 0 -0.0189 0.0189 0.0000 0 0.0000 0  1278 1706 1871 1974 2061 2054 1897 1380  1 1 1 0 0 0.00 0 0 12.23 
0.354 2 1 0 0 0.0044 -0.0044 0.0000 0 0.0000 0  1278 1704 1865 1980 2065 2056 1901 1380  1 1 1 0 0 0.00 0 0 12.23 
0.364 2 1 0 0 0.0018 -0.0018 0.0000 0 0.0000 0  1280 1708 1864 1971 2058 2052 1889 1383  1 1 1 0 0 0.00 0 0 12.23 
0.374 2 1 0 0 0.0003 -0.0003 0.0000 0 0.0000 0  1276 1704 1868 1979 2071 2053 1896 1382  1 1 1 0 0 0.00 0 0 12.23 
0.384 2 1 0 0 0.0177 -0.0177 0.0000 0 0.0000 0  1281 1706 1865 1976 2067 2057 1896 1383  1 1 1 0 0 0.00 0 0 12.23 
0.394 2 1 0 0 -0.0031 0.0031 0.0000 0 0.0000 0  1280 1709 1872 1984 2067 2062 1899 1386  1 1 1 0 0 0.00 0 0 12.23 
0.404 2 1 0 0 -0.0027 0.0027 0.0000 0 0.0000 0  1286 1716 1879 1985 2073 2072 1900 1390  1 1 1 0 0 0.00 0 0 12.23 
0.414 2 1 0 0 -0.0025 0.0025 0.0000 0 0.0000 0  1291 1721 1892 1991 2082 2081 1904 1395  1 1 1 0 0 0.00 0 0 12.23 
0.424 2 1 0 0 -0.0023 0.0023 0.0000 0 0.0000 0  1294 1722 1891 1995 2085 2083 1919 1402  1 1 1 0 0 0.00 0 0 12.23 
0.434 2 1 0 0 0.0119 -0.0119 0.0000 0 0.0000 0  1292 1732 1894 2000 2088 2081 1923 1403  1 1 1 0 0 0.00 0 0 12.23 
0.444 2 1 0 0 0.0081 -0.0081 0.0000 0 0.0000 0  1303 1734 1894 2004 2091 2088 1924 1405  1 1 1 0 0 0.00 0 0 12.23 
0.454 2 1 0 0 0.0058 -0.0058 0.0000 0 0.0000 0  1303 1739 1903 2010 2099 2092 1934 1409  1 1 1 0 0 0.00 0 0 12.23 
0.464 2 1 0 0 0.0045 -0.0045 0.0000 0 0.0000 0  1306 1740 1906 2010 2105 2099 1936 1411  1 1 1 0 0 0.00 0 0 12.23 
0.474 2 1 0 0 0.0228 -0.0228 0.0000 0 0.0000 0  1307 1743 1903 2013 2104 2096 1940 1409  1 1 1 0 0 0.00 0 0 12.23 
0.484 2 1 0 0 0.0165 -0.0165 0.0000 0 0.0000 0  1310 1744 1908 2015 2103 2092 1934 1413  1 1 1 0 0 0.00 0 0 12.23 
0.494 2 1 0 0 0.0128 -0.0128 0.0000 0 0.0000 0  1308 1743 1908 2013 2102 2097 1937 1408  1 1 1 0 0 0.00 0 0 12.23 
0.504 2 1 0 0 0.0106 -0.0106 0.0000 0 0.0000 0  1311 1748 1909 2018 2112 2101 1944 1417  1 1 1 0 0 0.00 0 0 12.23 
0.514 2 1 0 0 0.0093 -0.0093 0.0000 0 0.0000 0  1314 1753 1908 2019 2108 2102 1941 1417  1 1 1 0 0 0.00 0 0 12.23 
0.524 2 1 0 0 0.0224 -0.0224 0.0000 0 0.0000 0  1314 1750 1917 2018 2110 2101 1940 1413  1 1 1 0 0 0.00 0 0 12.23 
0.534 2 1 0 0 0.0183 -0.0183 0.0000 0 0.0000 0  1312 1752 1913 2016 2110 2108 1936 1417  1 1 1 0 0 0.00 0 0 12.23 
0.544 2 1 0 0 0.0302 -0.0302 0.0000 0 0.0000 0  1334 1754 1924 2040 2119 2110 1958 1425  1 1 1 0 0 0.00 0 0 12.22 
0.554 2 1 0 0 0.0250 -0.0250 0.0000 0 0.0000 0  1335 1759 1921 2022 2120 2109 1937 1421  1 1 1 0 0 0.00 0 0 12.23 
0.564 2 1 0 0 0.0233 -0.0233 0.0000 0 0.0000 0  1320 1759 1920 2023 2113 2110 1944 1418  1 1 1 0 0 0.00 0 0 12.23 
0.574 2 1 0 0 0.0402 -0.0402 0.0000 0 0.0000 0  1317 1752 1918 2023 2110 2110 1932 1418  1 1 1 0 0 0.00 0 0 12.23 
0.584 2 1 0 0 0.0196 -0.0196 0.0000 0 0.0000 0  1327 1750 1916 2006 2105 2100 1922 1413  1 1 1 0 0 0.00 0 0 12.23 
0.594 2 1 0 0 0.0213 -0.0213 0.0000 0 0.0000 0  1314 1750 1910 2017 2100 2096 1931 1413  1 1 1 0 0 0.00 0 0 12.23 
0.604 2 1 0 0 0.0043 -0.0043 0.0000 0 0.0000 0  1311 1735 1902 2010 2112 2086 1948 1408  1 1 1 0 0 0.00 0 0 12.23 
0.614 2 1 0 0 0.0092 -0.0092 0.0000 0 0.0000 0  1302 1742 1896 1998 2091 2081 1935 1402  1 1 1 0 0 0.00 0 0 12.23 
0.624 2 1 0 0 0.0123 -0.0123 0.0000 0 0.0000 0  1302 1735 1889 1994 2088 2081 1917 1402  1 1 1 0 0 0.00 0 0 12.23 
0.634 2 1 0 0 -0.0038 0.0038 0.0000 0 0.0000 0  1298 1732 1883 1991 2078 2070 1907 1383  1 1 1 0 0 0.00 0 0 12.23 
0.644 2 1 0 0 -0.0006 0.0006 0.0000 0 0.0000 0  1293 1711 1880 1979 2085 2065 1907 1401  1 1 1 0 0 0.00 0 0 12.23 
0.654 2 1 0 0 0.0219 -0.0219 0.0000 0 0.0000 0  1298 1720 1874 1976 2089 2061 1902 1410  1 1 1 0 0 0.00 0 0 12.22 
0.664 2 1 0 0 0.0237 -0.0237 0.0000 0 0.0000 0  1291 1717 1867 1975 2068 2051 1902 1384  1 1 1 0 0 0.00 0 0 12.23 
0.674 2 1 0 0 0.0086 -0.0086 0.0000 0 0.0000 0  1299 1747 1865 1970 2067 2056 1899 1391  1 1 1 0 0 0.00 0 0 12.22 
0.684 2 1 0 0 0.0097 -0.0097 0.0000 0 0.0000 0  1293 1729 1863 1968 2060 2053 1897 1390  1 1 1 0 0 0.00 0 0 12.23 
0.694 2 1 0 0 -0.0063 0.0063 0.0000 0 0.0000 0  1291 1719 1860 1972 2059 2055 1894 1381  1 1 1 0 0 0.00 0 0 12.23 
0.704 2 1 0 0 0.0137 -0.0137 0.0000 0 0.0000 0  1289 1726 1864 1959 2054 2043 1891 1402  1 1 1 0 0 0.00 0 0 12.22 
0.714 2 1 0 0 -0.0049 0.0049 0.0000 0 0.0000 0  1285 1726 1854 1956 2051 2041 1892 1367  1 1 1 0 0 0.00 0 0 12.23 
0.724 2 1 0 0 0.0167 -0.0167 0.0000 0 0.0000 0  1288 1713 1851 1955 2049 2033 1886 1364  1 1 1 0 0 0.00 0 0 12.23 
0.734 2 1 0 0 -0.0010 0.0010 0.0000 0 0.0000 0  1285 1711 1874 1950 2044 2037 1881 1363  1 1 1 0 0 0.00 0 0 12.23 
0.744 2 1 0 0 0.0223 -0.0223 0.0000 0 0.0000 0  1300 1729 1890 1980 2080 2092 1908 1391  1 1 1 0 0 0.00 0 0 12.23 
0.754 2 1 0 0 0.0185 -0.0185 0.0000 0 0.0000 0  1288 1709 1845 1953 2044 2036 1887 1364  1 1 1 0 0 0.00 0 0 12.22 
0.764 2 1 0 0 0.0032 -0.0032 0.0000 0 0.0000 0  1296 1709 1843 1955 2039 2031 1885 1377  1 1 1 0 0 0.00 0 0 12.22 
0.774 2 1 0 0 0.0190 -0.0190 0.0000 0 0.0000 0  1289 1710 1860 1952 2049 2037 1885 1386  1 1 1 0 0 0.00 0 0 12.22 
0.784 2 1 0 0 0.0049 -0.0049 0.0000 0 0.0000 0  1309 1714 1863 1957 2053 2037 1889 1379  1 1 1 0 0 0.00 0 0 12.22 
0.794 2 1 0 0 0.0231 -0.0231 0.0000 0 0.0000 0  1296 1715 1864 1955 2043 2048 1891 1381  1 1 1 0 0 0.00 0 0 12.22 
0.804 2 1 0 0 -0.0139 0.0139 0.0000 0 0.0000 0  1305 1716 1851 1953 2047 2061 1886 1379  1 1 1 0 0 0.00 0 0 12.22 
0.814 2 1 0 0 0.0247 -0.0247 0.0000 0 0.0000 0  1299 1714 1858 1956 2045 2048 1886 1397  1 1 1 0 0 0.00 0 0 12.22 
0.824 2 1 0 0 0.0046 -0.0046 0.0000 0 0.0000 0  1318 1718 1856 1954 2049 2062 1893 1381  1 1 1 0 0 0.00 0 0 12.23 
0.834 2 1 0 0 0.0231 -0.0231 0.0000 0 0.0000 0  1307 1719 1847 1955 2041 2041 1885 1387  1 1 1 0 0 0.00 0 0 12.21 
0.844 2 1 0 0 0.0024 -0.0024 0.0000 0 0.0000 0  1299 1715 1878 1954 2037 2049 1885 1380  1 1 1 0 0 0.00 0 0 12.22 
0.854 2 1 0 0 0.0250 -0.0250 0.0000 0 0.0000 0  1306 1717 1862 1957 2041 2040 1911 1384  1 1 1 0 0 0.00 0 0 12.23 
0.864 2 1 0 0 0.0196 -0.0196 0.0000 0 0.0000 0  1290 1720 1855 1953 2035 2036 1886 1381  1 1 1 0 0 0.00 0 0 12.21 
0.874 2 1 0 0 0.0213 -0.0213 0.0000 0 0.0000 0  1296 1723 1863 1951 2043 2043 1889 1392  1 1 1 0 0 0.00 0 0 12.23 
0.884 2 1 0 0 0.0370 -0.0370 0.0000 0 0.0000 0  1312 1723 1858 1951 2038 2035 1891 1385  1 1 1 0 0 0.00 0 0 12.20 
0.894 2 1 0 0 -0.0032 0.0032 0.0000 0 0.0000 0  1329 1723 1860 1963 2042 2039 1884 1384  1 1 1 0 0 0.00 0 0 12.22 
0.904 2 1 0 0 0.0176 -0.0176 0.0000 0 0.0000 0  1290 1726 1864 1932 2040 2037 1873 1384  1 1 1 0 0 0.00 0 0 12.23 
0.914 2 1 0 0 0.0161 -0.0161 0.0000 0 0.0000 0  1323 1725 1861 1948 2031 2033 1883 1380  1 1 1 0 0 0.00 0 0 12.22 
0.924 2 1 0 0 0.0193 -0.0193 0.0000 0 0.0000 0  1317 1726 1860 1951 2031 2028 1889 1378  1 1 1 0 0 0.00 0 0 12.22 
0.934 2 1 0 0 -0.0006 0.0006 0.0000 0 0.0000 0  1329 1726 1859 1943 2025 2021 1881 1380  1 1 1 0 0 0.00 0 0 12.22 
0.944 2 1 0 0 0.0210 -0.0210 0.0000 0 0.0000 0  1340 1731 1885 1966 2049 2043 1901 1387  1 1 1 0 0 0.00 0 0 12.22 
0.954 2 1 0 0 0.0196 -0.0196 0.0000 0 0.0000 0  1339 1737 1861 1953 2029 2030 1882 1378  1 1 1 0 0 0.00 0 0 12.23 
0.964 2 1 0 0 0.0207 -0.0207 0.0000 0 0.0000 0  1344 1735 1873 1960 2028 2035 1868 1388  1 1 1 0 0 0.00 0 0 12.23 
0.974 2 1 0 0 0.0047 -0.0047 0.0000 0 0.0000 0  1353 1759 1880 1953 2057 2039 1880 1392  1 1 1 0 0 0.00 0 0 12.23 
0.984 2 1 0 0 0.0062 -0.0062 0.0000 0 0.0000 0  1357 1782 1878 1952 2030 2036 1895 1371  1 1 1 0 0 0.00 0 0 12.23 
0.994 2 1 0 0 0.0293 -0.0293 0.0000 0 0.0000 0  1365 1766 1879 1952 2039 2043 1889 1388  1 1 1 0 0 0.00 0 0 12.23 
1.004 2 1 0 0 0.0087 -0.0087 0.0000 0 0.0000 0  1371 1775 1894 1973 2034 2044 1894 1387  1 1 1 0 0 0.00 0 0 12.23 
1.014 2 1 0 0 0.0128 -0.0128 0.0000 0 0.0000 0  1379 1776 1894 1969 2042 2041 1899 1397  1 1 1 0 0 0.00 0 0 12.23 
1.024 2 1 0 0 0.0319 -0.0319 0.0000 0 0.0000 0  1385 1806 1895 1966 2039 2046 1901 1401  1 1 1 0 0 0.00 0 0 12.23 
1.034 2 1 0 0 -0.0045 0.0045 0.0000 0 0.0000 0  1397 1778 1905 1965 2053 2050 1901 1349  1 1 1 0 0 0.00 0 0 12.23 
1.044 2 1 0 0 0.0210 -0.0210 0.0000 0 0.0000 0  1403 1799 1906 1978 2058 2053 1916 1402  1 1 1 0 0 0.00 0 0 12.23 
1.054 2 1 0 0 0.0019 -0.0019 0.0000 0 0.0000 0  1411 1810 1909 1975 2056 2056 1909 1400  1 1 1 0 0 0.00 0 0 12.23 
1.064 2 1 0 0 0.0059 -0.0059 0.0000 0 0.0000 0  1411 1809 1917 1978 2051 2054 1913 1419  1 1 1 0 0 0.00 0 0 12.23 
1.074 2 1 0 0 0.0052 -0.0052 0.0000 0 0.0000 0  1425 1806 1928 1984 2073 2067 1923 1426  1 1 1 0 0 0.00 0 0 12.23 
1.084 2 1 0 0 0.0242 -0.0242 0.0000 0 0.0000 0  1433 1830 1927 1986 2076 2054 1925 1414  1 1 1 0 0 0.00 0 0 12.23 
1.094 2 1 0 0 0.0043 -0.0043 0.0000 0 0.0000 0  1440 1832 1924 1984 2074 2052 1919 1416  1 1 1 0 0 0.00 0 0 12.23 
1.104 2 1 0 0 0.0046 -0.0046 0.0000 0 0.0000 0  1450 1847 1933 1983 2060 2010 1924 1411  1 1 1 0 0 0.00 0 0 12.23 
1.114 2 1 0 0 0.0263 -0.0263 0.0000 0 0.0000 0  1458 1853 1934 1987 2061 2061 1929 1407  1 1 1 0 0 0.00 0 0 12.23 
1.124 2 1 0 0 0.0039 -0.0039 0.0000 0 0.0000 0  1458 1862 1948 1982 2064 2076 1925 1417  1 1 1 0 0 0.00 0 0 12.22 
1.134 2 1 0 0 0.0243 -0.0243 0.0000 0 0.0000 0  1465 1864 1941 1985 2062 2065 1931 1404  1 1 1 0 0 0.00 0 0 12.22 
1.144 2 1 0 0 0.0218 -0.0218 0.0000 0 0.0000 0  1461 1873 1941 1978 2053 2066 1923 1414  1 1 1 0 0 0.00 0 0 12.23 
1.154 2 1 0 0 0.0033 -0.0033 0.0000 0 0.0000 0  1490 1876 1965 1979 2050 2068 1923 1419  1 1 1 0 0 0.00 0 0 12.22 
1.164 2 1 0 0 0.0221 -0.0221 0.0000 0 0.0000 0  1478 1881 1954 1977 2045 2061 1921 1413  1 1 1 0 0 0.00 0 0 12.22 
1.174 2 1 0 0 0.0029 -0.0029 0.0000 0 0.0000 0  1498 1887 1953 1970 2039 2062 1910 1414  1 1 1 0 0 0.00 0 0 12.22 
1.184 2 1 0 0 0.0225 -0.0225 0.0000 0 0.0000 0  1485 1898 1975 1973 2038 2057 1914 1414  1 1 1 0 0 0.00 0 0 12.22 
1.194 2 1 0 0 0.0179 -0.0179 0.0000 0 0.0000 0  1488 1900 1970 1973 2029 2037 1905 1408  1 1 1 0 0 0.00 0 0 12.21 
1.204 2 1 0 0 0.0180 -0.0180 0.0000 0 0.0000 0  1527 1905 1972 1987 2026 2036 1901 1406  1 1 1 0 0 0.00 0 0 12.22 
1.214 2 1 0 0 0.0167 -0.0167 0.0000 0 0.0000 0  1480 1909 1968 1977 2020 2020 1892 1403  1 1 1 0 0 0.00 0 0 12.21 
1.224 2 1 0 0 0.0181 -0.0181 0.0000 0 0.0000 0  1515 1917 1979 1985 2019 2028 1906 1401  1 1 1 0 0 0.00 0 0 12.22 
1.234 2 1 0 0 0.0171 -0.0171 0.0000 0 0.0000 0  1488 1920 1980 1973 2008 1991 1885 1397  1 1 1 0 0 0.00 0 0 12.21 
1.244 2 1 0 0 0.0160 -0.0160 0.0000 0 0.0000 0  1515 1926 1987 1976 2017 2015 1878 1403  1 1 1 0 0 0.00 0 0 12.22 
1.254 2 1 0 0 0.0147 -0.0147 0.0000 0 0.0000 0  1469 1923 1985 1962 2005 2005 1875 1381  1 1 1 0 0 0.00 0 0 12.22 
1.264 2 1 0 0 -0.0023 0.0023 0.0000 0 0.0000 0  1510 1923 1987 1965 2002 2001 1852 1377  1 1 1 0 0 0.00 0 0 12.23 
1.274 2 1 0 0 0.0175 -0.0175 0.0000 0 0.0000 0  1478 1925 1993 1992 1995 1993 1868 1377  1 1 1 0 0 0.00 0 0 12.23 
1.284 2 1 0 0 -0.0022 0.0022 0.0000 0 0.0000 0  1490 1926 2004 1981 1996 1988 1850 1372  1 1 1 0 0 0.00 0 0 12.22 
1.294 2 1 0 0 0.0007 -0.0007 0.0000 0 0.0000 0  1483 1934 2011 1982 1995 1984 1852 1368  1 1 1 0 0 0.00 0 0 12.23 
1.304 2 1 0 0 0.0199 -0.0199 0.0000 0 0.0000 0  1513 1935 2023 1992 2016 1987 1857 1368  1 1 1 0 0 0.00 0 0 12.23 
1.314 2 1 0 0 0.0024 -0.0024 0.0000 0 0.0000 0  1491 1943 2023 2002 2004 1984 1830 1361  1 1 1 0 0 0.00 0 0 12.23 
1.324 2 1 0 0 0.0233 -0.0233 0.0000 0 0.0000 0  1495 1935 2035 2007 2010 1983 1844 1357  1 1 1 0 0 0.00 0 0 12.23 
1.334 2 1 0 0 0.0064 -0.0064 0.0000 0 0.0000 0  1495 1969 2038 2013 2022 1983 1828 1390  1 1 1 0 0 0.00 0 0 12.23 
1.344 2 1 0 0 0.0080 -0.0080 0.0000 0 0.0000 0  1504 1974 2055 2028 2011 1989 1828 1359  1 1 1 0 0 0.00 0 0 12.23 
1.354 2 1 0 0 -0.0100 0.0100 0.0000 0 0.0000 0  1496 2001 2062 2037 2024 1983 1827 1301  1 1 1 0 0 0.00 0 0 12.22 
1.364 2 1 0 0 0.0121 -0.0121 0.0000 0 0.0000 0  1500 1974 2075 2051 2048 1995 1838 1357  1 1 1 0 0 0.00 0 0 12.23 
1.374 2 1 0 0 -0.0070 0.0070 0.0000 0 0.0000 0  1503 1989 2089 2062 2066 1991 1833 1366  1 1 1 0 0 0.00 0 0 12.22 
1.384 2 1 0 0 -0.0017 0.0017 0.0000 0 0.0000 0  1508 1988 2086 2084 2038 2009 1829 1349  1 1 1 0 0 0.00 0 0 12.23 
1.394 2 1 0 0 0.0163 -0.0163 0.0000 0 0.0000 0  1538 2021 2156 2133 2099 2044 1863 1349  1 1 1 0 0 0.00 0 0 12.22 
1.404 2 1 0 0 0.0003 -0.0003 0.0000 0 0.0000 0  1543 1993 2083 2082 2081 2001 1835 1340  1 1 1 0 0 0.00 0 0 12.23 
1.414 2 1 0 0 0.0180 -0.0180 0.0000 0 0.0000 0  1523 1988 2129 2113 2097 2009 1837 1342  1 1 1 0 0 0.00 0 0 12.23 
1.424 2 1 0 0 0.0014 -0.0014 0.0000 0 0.0000 0  1518 2011 2137 2126 2101 2023 1836 1366  1 1 1 0 0 0.00 0 0 12.23 
1.434 2 1 0 0 0.0196 -0.0196 0.0000 0 0.0000 0  1520 2016 2143 2133 2102 2026 1843 1355  1 1 1 0 0 0.00 0 0 12.22 
1.444 2 1 0 0 0.0023 -0.0023 0.0000 0 0.0000 0  1522 2023 2148 2153 2119 2018 1843 1354  1 1 1 0 0 0.00 0 0 12.23 
1.454 2 1 0 0 0.0232 -0.0232 0.0000 0 0.0000 0  1523 2029 2153 2157 2145 2052 1856 1378  1 1 1 0 0 0.00 0 0 12.22 
1.464 2 1 0 0 0.0009 -0.0009 0.0000 0 0.0000 0  1529 2033 2181 2170 2141 2050 1855 1363  1 1 1 0 0 0.00 0 0 12.19 
1.474 2 1 0 0 0.0216 -0.0216 0.0000 0 0.0000 0  1529 2037 2172 2179 2147 2060 1858 1348  1 1 1 0 0 0.00 0 0 12.22 
1.484 2 1 0 0 0.0190 -0.0190 0.0000 0 0.0000 0  1538 2038 2174 2190 2167 2049 1866 1354  1 1 1 0 0 0.00 0 0 12.22 
1.494 2 1 0 0 0.0033 -0.0033 0.0000 0 0.0000 0  1533 2050 2191 2206 2178 2091 1867 1362  1 1 1 0 0 0.00 0 0 12.22 
1.504 2 1 0 0 0.0200 -0.0200 0.0000 0 0.0000 0  1541 2052 2199 2214 2191 2092 1880 1361  1 1 1 0 0 0.00 0 0 12.22 
1.514 2 1 0 0 -0.0177 0.0177 0.0000 0 0.0000 0  1541 2055 2181 2228 2211 2103 1889 1369  1 1 1 0 0 0.00 0 0 12.23 
1.524 2 1 0 0 0.0205 -0.0205 0.0000 0 0.0000 0  1545 2062 2199 2238 2216 2106 1897 1366  1 1 1 0 0 0.00 0 0 12.22 
1.534 2 1 0 0 0.0002 -0.0002 0.0000 0 0.0000 0  1557 2059 2216 2260 2229 2104 1908 1360  1 1 1 0 0 0.00 0 0 12.22 
1.544 2 1 0 0 0.0219 -0.0219 0.0000 0 0.0000 0  1543 2058 2198 2250 2238 2136 1908 1371  1 1 1 0 0 0.00 0 0 12.21 
1.554 2 1 0 0 0.0182 -0.0182 0.0000 0 0.0000 0  1547 2062 2232 2275 2257 2145 1926 1378  1 1 1 0 0 0.00 0 0 12.22 
1.564 2 1 0 0 0.0005 -0.0005 0.0000 0 0.0000 0  1547 2069 2230 2280 2264 2158 1946 1381  1 1 1 0 0 0.00 0 0 12.22 
1.574 2 1 0 0 0.0171 -0.0171 0.0000 0 0.0000 0  1567 2068 2224 2286 2273 2163 1939 1385  1 1 1 0 0 0.00 0 0 12.21 
1.584 2 1 0 0 -0.0014 0.0014 0.0000 0 0.0000 0  1561 2062 2228 2275 2280 2174 1952 1384  1 1 1 0 0 0.00 0 0 12.22 
1.594 2 1 0 0 0.0166 -0.0166 0.0000 0 0.0000 0  1552 2061 2225 2307 2287 2178 1949 1388  1 1 1 0 0 0.00 0 0 12.21 
1.604 2 1 0 0 0.0000 -0.0000 0.0000 0 0.0000 0  1563 2076 2251 2329 2317 2210 1974 1396  1 1 1 0 0 0.00 0 0 12.23 
1.614 2 1 0 0 0.0167 -0.0167 0.0000 0 0.0000 0  1565 2062 2228 2298 2304 2198 1950 1398  1 1 1 0 0 0.00 0 0 12.21 
1.624 2 1 0 0 -0.0010 0.0010 0.0000 0 0.0000 0  1551 2067 2233 2307 2308 2210 1976 1395  1 1 1 0 0 0.00 0 0 12.23 
1.634 2 1 0 0 0.0159 -0.0159 0.0000 0 0.0000 0  1545 2057 2234 2312 2326 2219 1986 1397  1 1 1 0 0 0.00 0 0 12.22 
1.644 2 1 0 0 -0.0015 0.0015 0.0000 0 0.0000 0  1546 2071 2230 2309 2328 2222 1976 1397  1 1 1 0 0 0.00 0 0 12.23 
1.654 2 1 0 0 0.0175 -0.0175 0.0000 0 0.0000 0  1545 2061 2229 2317 2332 2227 1996 1401  1 1 1 0 0 0.00 0 0 12.22 
1.664 2 1 0 0 -0.0006 0.0006 0.0000 0 0.0000 0  1551 2055 2233 2310 2347 2244 2002 1412  1 1 1 0 0 0.00 0 0 12.23 
1.674 2 1 0 0 0.0179 -0.0179 0.0000 0 0.0000 0  1548 2052 2239 2326 2352 2247 1999 1411  1 1 1 0 0 0.00 0 0 12.22 
1.684 2 1 0 0 -0.0022 0.0022 0.0000 0 0.0000 0  1548 2082 2239 2324 2362 2260 2005 1414  1 1 1 0 0 0.00 0 0 12.23 
1.694 2 1 0 0 0.0169 -0.0169 0.0000 0 0.0000 0  1546 2064 2231 2336 2356 2265 1990 1411  1 1 1 0 0 0.00 0 0 12.23 
1.704 2 1 0 0 -0.0021 0.0021 0.0000 0 0.0000 0  1549 2054 2234 2326 2383 2273 2014 1420  1 1 1 0 0 0.00 0 0 12.22 
1.714 2 1 0 0 0.0212 -0.0212 0.0000 0 0.0000 0  1553 2043 2244 2338 2369 2285 2030 1412  1 1 1 0 0 0.00 0 0 12.23 
1.724 2 1 0 0 0.0003 -0.0003 0.0000 0 0.0000 0  1559 2069 2251 2342 2355 2299 2037 1418  1 1 1 0 0 0.00 0 0 12.22 
1.734 2 1 0 0 -0.0144 0.0144 0.0000 0 0.0000 0  1563 2083 2247 2344 2377 2307 2047 1403  1 1 1 0 0 0.00 0 0 12.23 
1.744 2 1 0 0 0.0228 -0.0228 0.0000 0 0.0000 0  1568 2059 2252 2347 2388 2308 2054 1456  1 1 1 0 0 0.00 0 0 12.22 
1.754 2 1 0 0 0.0053 -0.0053 0.0000 0 0.0000 0  1560 2069 2245 2340 2402 2314 2058 1451  1 1 1 0 0 0.00 0 0 12.22 
1.764 2 1 0 0 0.0220 -0.0220 0.0000 0 0.0000 0  1562 2056 2247 2340 2405 2313 2067 1448  1 1 1 0 0 0.00 0 0 12.22 
1.774 2 1 0 0 0.0044 -0.0044 0.0000 0 0.0000 0  1579 2079 2252 2352 2420 2336 2073 1465  1 1 1 0 0 0.00 0 0 12.22 
1.784 2 1 0 0 0.0224 -0.0224 0.0000 0 0.0000 0  1579 2065 2258 2352 2416 2338 2085 1468  1 1 1 0 0 0.00 0 0 12.22 
1.794 2 1 0 0 0.0015 -0.0015 0.0000 0 0.0000 0  1580 2080 2252 2350 2423 2338 2084 1487  1 1 1 0 0 0.00 0 0 12.22 
1.804 2 1 0 0 0.0021 -0.0021 0.0000 0 0.0000 0  1589 2078 2265 2354 2420 2361 2091 1483  1 1 1 0 0 0.00 0 0 12.22 
1.814 2 1 0 0 0.0016 -0.0016 0.0000 0 0.0000 0  1586 2083 2246 2349 2410 2351 2096 1473  1 1 1 0 0 0.00 0 0 12.23 
1.824 2 1 0 0 0.0046 -0.0046 0.0000 0 0.0000 0  1591 2082 2254 2345 2408 2352 2100 1485  1 1 1 0 0 0.00 0 0 12.22 
1.834 2 1 0 0 -0.0154 0.0154 0.0000 0 0.0000 0  1596 2083 2258 2344 2411 2355 2104 1461  1 1 1 0 0 0.00 0 0 12.23 
1.844 2 1 0 0 0.0063 -0.0063 0.0000 0 0.0000 0  1600 2088 2259 2343 2408 2386 2109 1487  1 1 1 0 0 0.00 0 0 12.22 
1.854 2 1 0 0 0.0050 -0.0050 0.0000 0 0.0000 0  1591 2091 2220 2341 2406 2346 2114 1490  1 1 1 0 0 0.00 0 0 12.22 
1.864 2 1 0 0 0.0066 -0.0066 0.0000 0 0.0000 0  1599 2093 2274 2366 2430 2359 2125 1507  1 1 1 0 0 0.00 0 0 12.21 
1.874 2 1 0 0 0.0037 -0.0037 0.0000 0 0.0000 0  1623 2097 2253 2341 2411 2356 2122 1505  1 1 1 0 0 0.00 0 0 12.22 
1.884 2 1 0 0 0.0073 -0.0073 0.0000 0 0.0000 0  1658 2104 2260 2333 2412 2377 2130 1509  1 1 1 0 0 0.00 0 0 12.21 
1.894 2 1 0 0 0.0260 -0.0260 0.0000 0 0.0000 0  1636 2109 2258 2340 2403 2373 2136 1512  1 1 1 0 0 0.00 0 0 12.21 
1.904 2 1 0 0 0.0032 -0.0032 0.0000 0 0.0000 0  1663 2126 2260 2343 2413 2367 2131 1519  1 1 1 0 0 0.00 0 0 12.22 
1.914 2 1 0 0 0.0231 -0.0231 0.0000 0 0.0000 0  1639 2128 2270 2336 2416 2381 2132 1527  1 1 1 0 0 0.00 0 0 12.21 
1.924 2 1 0 0 0.0010 -0.0010 0.0000 0 0.0000 0  1694 2134 2270 2338 2406 2383 2148 1528  1 1 1 0 0 0.00 0 0 12.22 
1.934 2 1 0 0 0.0027 -0.0027 0.0000 0 0.0000 0  1697 2144 2273 2330 2411 2373 2145 1532  1 1 1 0 0 0.00 0 0 12.22 
1.944 2 1 0 0 0.0007 -0.0007 0.0000 0 0.0000 0  1712 2150 2283 2349 2406 2373 2147 1538  1 1 1 0 0 0.00 0 0 12.22 
1.954 2 1 0 0 0.0026 -0.0026 0.0000 0 0.0000 0  1704 2156 2285 2346 2399 2366 2174 1536  1 1 1 0 0 0.00 0 0 12.22 
1.964 2 1 0 0 0.0209 -0.0209 0.0000 0 0.0000 0  1727 2159 2293 2326 2403 2374 2170 1543  1 1 1 0 0 0.00 0 0 12.22 
1.974 2 1 0 0 0.0004 -0.0004 0.0000 0 0.0000 0  1744 2180 2291 2346 2395 2362 2158 1538  1 1 1 0 0 0.00 0 0 12.23 
1.984 2 1 0 0 0.0181 -0.0181 0.0000 0 0.0000 0  1754 2205 2306 2347 2400 2366 2165 1542  1 1 1 0 0 0.00 0 0 12.22 
1.994 2 1 0 0 -0.0026 0.0026 0.0000 0 0.0000 0  1798 2229 2318 2355 2422 2370 2155 1554  1 1 1 0 0 0.00 0 0 12.22 
2.004 2 1 0 0 0.0163 -0.0163 0.0000 0 0.0000 0  1808 2248 2324 2351 2404 2367 2163 1551  1 1 1 0 0 0.00 0 0 12.22 
2.014 2 1 0 0 -0.0037 0.0037 0.0000 0 0.0000 0  1846 2241 2342 2368 2400 2374 2173 1541  1 1 1 0 0 0.00 0 0 12.23 
2.024 2 1 0 0 -0.0035 0.0035 0.0000 0 0.0000 0  1869 2269 2351 2357 2411 2372 2171 1565  1 1 1 0 0 0.00 0 0 12.23 
2.034 2 1 0 0 0.0134 -0.0134 0.0000 0 0.0000 0  1893 2310 2364 2364 2404 2368 2172 1555  1 1 1 0 0 0.00 0 0 12.23 
2.044 2 1 0 0 0.0140 -0.0140 0.0000 0 0.0000 0  1931 2341 2379 2372 2410 2364 2164 1568  1 1 1 0 0 0.00 0 0 12.23 
2.054 2 1 0 0 0.0107 -0.0107 0.0000 0 0.0000 0  1947 2345 2392 2374 2416 2369 2170 1587  1 1 1 0 0 0.00 0 0 12.22 
2.064 2 1 0 0 -0.0081 0.0081 0.0000 0 0.0000 0  1971 2382 2405 2383 2410 2359 2161 1564  1 1 1 0 0 0.00 0 0 12.22 
2.074 2 1 0 0 0.0091 -0.0091 0.0000 0 0.0000 0  2002 2380 2424 2392 2415 2366 2162 1570  1 1 1 0 0 0.00 0 0 12.22 
2.084 2 1 0 0 0.0084 -0.0084 0.0000 0 0.0000 0  2034 2415 2447 2400 2421 2367 2169 1588  1 1 1 0 0 0.00 0 0 12.23 
2.094 2 1 0 0 0.0054 -0.0054 0.0000 0 0.0000 0  2060 2453 2462 2408 2400 2359 2149 1567  1 1 1 0 0 0.00 0 0 12.22 
2.104 2 1 0 0 -0.0140 0.0140 0.0000 0 0.0000 0  2086 2444 2486 2411 2407 2357 2159 1577  1 1 1 0 0 0.00 0 0 12.22 
2.114 2 1 0 0 0.0052 -0.0052 0.0000 0 0.0000 0  2112 2498 2502 2423 2420 2353 2154 1594  1 1 1 0 0 0.00 0 0 12.23 
2.124 2 1 0 0 -0.0116 0.0116 0.0000 0 0.0000 0  2149 2518 2526 2432 2410 2353 2153 1568  1 1 1 0 0 0.00 0 0 12.23 
2.134 2 1 0 0 0.0079 -0.0079 0.0000 0 0.0000 0  2178 2570 2546 2442 2401 2349 2150 1588  1 1 1 0 0 0.00 0 0 12.23 
2.144 2 1 0 0 -0.0100 0.0100 0.0000 0 0.0000 0  2209 2583 2575 2458 2414 2370 2151 1567  1 1 1 0 0 0.00 0 0 12.22 
2.154 2 1 0 0 0.0087 -0.0087 -2.6600 0 -0.6720 0  2241 2609 2601 2469 2415 2353 2145 1569  1 1 1 0 0 0.00 0 3 12.22 
2.164 2 1 0 0 -0.0098 0.0098 -2.6600 1 0.2040 1  2275 2637 2610 2484 2421 2354 2145 1588  1 1 1 0 0 4.11 0 5 12.22 
2.174 2 1 0 0 0.0119 -0.0119 -2.6600 1 0.3917 1  2300 2658 2639 2494 2414 2353 2148 1583  1 1 1 0 0 4.67 0 5 12.22 
2.184 2 1 0 0 -0.0083 0.0083 -2.6600 1 0.6925 1  2338 2696 2672 2518 2429 2376 2154 1581  1 1 1 0 0 3.68 0 5 12.23 
2.194 2 1 0 0 0.0140 -0.0140 -2.6600 1 0.5793 1  2368 2731 2702 2538 2444 2370 2153 1585  1 1 1 0 0 3.34 0 5 12.23 
2.204 2 1 0 0 0.0113 -0.0113 -2.6600 1 0.3446 1  2386 2751 2719 2547 2438 2363 2156 1595  1 1 1 0 0 2.77 0 5 12.22 
2.214 2 1 0 0 -0.0051 0.0051 -2.6600 1 0.3454 1  2398 2776 2747 2557 2447 2342 2154 1591  1 1 1 0 0 2.77 0 5 12.22 
2.224 2 1 0 0 0.0122 -0.0122 -2.6600 1 0.2788 1  2433 2804 2759 2570 2447 2336 2149 1598  1 1 1 0 0 2.89 0 5 12.22 
2.234 2 1 0 0 -0.0223 0.0223 -2.6600 1 0.2642 1  2447 2827 2777 2597 2450 2363 2154 1580  1 1 1 0 0 2.84 0 5 12.22 
2.244 2 1 0 0 0.0159 -0.0159 -2.6600 1 0.2588 1  2491 2862 2801 2606 2464 2393 2153 1586  1 1 1 0 0 2.83 0 5 12.22 
2.254 2 1 0 0 -0.0064 0.0064 -2.6600 1 0.2354 1  2501 2886 2822 2627 2468 2370 2166 1587  1 1 1 0 0 2.87 0 5 12.22 
2.264 2 1 0 0 -0.0016 0.0016 -2.6600 1 0.2548 1  2533 2910 2844 2664 2482 2365 2185 1589  1 1 1 0 0 2.93 0 5 12.22 
2.274 2 1 0 0 0.0137 -0.0137 -2.6600 1 0.2540 1  2546 2929 2866 2663 2485 2355 2118 1551  1 1 1 0 0 2.92 0 5 12.21 
2.284 2 1 0 0 -0.0025 0.0025 -2.6600 1 0.2803 1  2558 2960 2897 2690 2507 2380 2158 1596  1 1 1 0 0 2.95 0 5 12.22 
2.294 2 1 0 0 0.0160 -0.0160 -2.6600 1 0.2821 1  2577 2987 2926 2708 2521 2386 2163 1594  1 1 1 0 0 2.95 0 5 12.22 
2.304 2 1 0 0 -0.0207 0.0207 -2.6600 1 0.2943 1  2592 3019 2964 2742 2540 2394 2179 1599  1 1 1 0 0 2.94 0 5 12.23 
2.314 2 1 0 0 0.0178 -0.0178 -2.6600 1 0.3023 1  2632 3045 2981 2768 2557 2402 2161 1603  1 1 1 0 0 2.96 0 5 12.21 
2.324 2 1 0 0 -0.0047 0.0047 -2.6600 1 0.3468 1  2608 3070 3016 2790 2580 2416 2196 1603  1 1 1 0 0 3.09 0 5 12.22 
2.334 2 1 0 0 -0.0026 0.0026 -2.6600 1 0.3607 1  2633 3082 3045 2813 2597 2425 2208 1609  1 1 1 0 0 3.05 0 5 12.23 
2.344 2 1 0 0 -0.0061 0.0061 -2.6600 1 0.3876 1  2659 3111 3064 2832 2615 2430 2178 1612  1 1 1 0 0 3.10 0 5 12.22 
2.354 2 1 0 0 -0.0029 0.0029 -2.6600 1 0.4534 1  2646 3126 3088 2870 2638 2430 2188 1612  1 1 1 0 0 3.30 0 5 12.23 
2.364 2 1 0 0 0.0138 -0.0138 -2.6600 1 0.4637 1  2675 3151 3122 2902 2653 2453 2187 1613  1 1 1 0 0 3.10 0 5 12.22 
2.374 2 1 0 0 -0.0034 0.0034 -2.6600 1 0.5339 1  2668 3164 3141 2936 2680 2463 2201 1617  1 1 1 0 0 3.31 0 5 12.23 
2.384 2 1 0 0 0.0120 -0.0120 -2.6600 1 0.5854 1  2659 3171 3165 2965 2704 2470 2214 1620  1 1 1 0 0 3.37 0 5 12.22 
2.394 2 1 0 0 0.0116 -0.0116 -2.6600 1 0.6075 1  2672 3201 3195 2989 2716 2491 2219 1623  1 1 1 0 0 3.44 0 5 12.23 
2.404 2 1 0 0 0.0117 -0.0117 -2.6600 1 0.6338 1  2674 3208 3212 3014 2746 2480 2223 1649  1 1 1 0 0 3.11 0 5 12.22 
2.414 2 1 0 0 0.0107 -0.0107 -2.6600 1 0.7415 1  2679 3197 3221 3043 2782 2517 2221 1625  1 1 1 0 0 3.39 0 5 12.23 
2.424 2 1 0 0 -0.0068 0.0068 -2.8417 1 0.7433 1  2677 3220 3239 3073 2809 2539 2234 1645  1 1 1 0 0 3.94 0 5 12.23 
2.434 2 1 0 0 0.0102 -0.0102 -2.8376 1 0.7906 1  2683 3199 3244 3094 2847 2563 2236 1648  1 1 1 0 0 3.73 0 5 12.22 
2.444 2 1 0 0 -0.0068 0.0068 -2.8384 1 0.8398 1  2686 3213 3255 3125 2867 2578 2242 1611  1 1 1 0 0 3.88 0 5 12.22 
2.454 2 1 0 0 0.0093 -0.0093 -2.8539 1 1.0101 1  2749 3360 3400 3242 2972 2636 2309 1652  1 1 1 0 0 4.17 0 5 12.22 
2.464 2 1 0 0 -0.0098 0.0098 -2.8318 1 0.9239 1  2691 3242 3294 3176 2936 2621 2268 1637  1 1 1 0 0 3.84 0 5 12.23 
2.474 2 1 0 0 0.0112 -0.0112 -2.8316 1 0.9593 1  2682 3220 3290 3186 2941 2629 2279 1638  1 1 1 0 0 3.89 0 5 12.23 
2.484 2 1 0 0 -0.0105 0.0105 -2.8318 1 1.0146 1  2679 3248 3295 3203 2955 2648 2289 1606  1 1 1 0 0 4.06 0 5 12.22 
2.494 2 1 0 0 -0.0046 0.0046 -2.8312 1 1.0947 1  2682 3240 3308 3224 2987 2682 2295 1639  1 1 1 0 0 4.08 0 5 12.23 
2.504 2 1 0 0 0.0311 -0.0311 -2.8295 1 1.1501 1  2680 3235 3320 3236 3011 2706 2314 1628  1 1 1 0 0 3.97 0 5 12.22 
2.514 2 1 0 0 -0.0053 0.0053 -2.8308 1 1.2128 1  2679 3238 3336 3252 3041 2728 2333 1640  1 1 1 0 0 4.17 0 5 12.21 
2.524 2 1 0 0 0.0157 -0.0157 -2.8308 1 1.2888 1  2677 3236 3326 3263 3068 2762 2347 1639  1 1 1 0 0 4.27 0 5 12.22 
2.534 2 1 0 0 -0.0047 0.0047 -2.8278 1 1.3512 1  2676 3239 3319 3283 3096 2801 2371 1650  1 1 1 0 0 4.45 0 5 12.23 
2.544 2 1 0 0 -0.0023 0.0023 -2.8244 1 1.4267 1  2675 3246 3329 3297 3119 2856 2394 1649  1 1 1 0 0 4.42 0 5 12.22 
2.554 2 1 0 0 -0.0038 0.0038 -2.8204 1 1.3801 1  2670 3239 3339 3302 3151 2823 2412 1662  1 1 1 0 0 4.27 0 5 12.22 
2.564 2 1 0 0 -0.0013 0.0013 -2.8189 1 1.4470 1  2676 3245 3345 3325 3176 2866 2443 1674  1 1 1 0 0 4.47 0 5 12.22 
2.574 2 1 0 0 -0.0009 0.0009 -2.8089 1 1.4730 1  2656 3241 3341 3341 3198 2881 2474 1688  1 1 1 0 0 4.24 0 5 12.22 
2.584 2 1 0 0 0.0010 -0.0010 -2.8056 1 1.5335 1  2652 3238 3331 3334 3212 2926 2493 1693  1 1 1 0 0 4.41 0 5 12.22 
2.594 2 1 0 0 -0.0003 0.0003 -2.8060 1 1.5910 1  2665 3246 3330 3343 3240 2953 2537 1710  1 1 1 0 0 4.46 0 5 12.21 
2.604 2 1 0 0 -0.0151 0.0151 -2.8018 1 1.6308 1  2671 3259 3359 3372 3271 3008 2559 1726  1 1 1 0 0 4.57 0 5 12.22 
2.614 2 1 0 0 0.0059 -0.0059 -2.7921 1 1.6842 1  2653 3248 3347 3392 3274 3037 2599 1739  1 1 1 0 0 4.56 0 5 12.21 
2.624 2 1 0 0 -0.0136 0.0136 -2.8002 1 1.7553 1  2687 3244 3352 3377 3297 3069 2643 1763  1 1 1 0 0 4.66 0 5 12.21 
2.634 2 1 0 0 0.0079 -0.0079 -2.7915 1 1.8768 1  2667 3248 3351 3405 3315 3096 2708 1782  1 1 1 0 0 5.00 0 5 12.22 
2.644 2 1 0 0 0.0054 -0.0054 -2.7975 1 1.9301 1  2725 3374 3507 3551 3482 3227 2773 1826  1 1 1 0 0 4.97 0 5 12.22 
2.654 2 1 0 0 -0.0098 0.0098 -2.7732 1 1.8280 1  2664 3258 3367 3413 3362 3162 2728 1822  1 1 1 0 0 4.59 0 5 12.22 
2.664 2 1 0 0 0.0070 -0.0070 -2.7649 1 1.9168 1  2641 3246 3354 3425 3361 3186 2777 1845  1 1 1 0 0 4.81 0 5 12.22 
2.674 2 1 0 0 -0.0090 0.0090 -2.7618 1 1.9154 1  2647 3243 3355 3406 3384 3215 2789 1877  1 1 1 0 0 4.62 0 5 12.23 
2.684 2 1 0 0 0.0092 -0.0092 -2.7608 1 1.9522 1  2657 3237 3341 3418 3371 3219 2828 1890  1 1 1 0 0 4.73 0 5 12.22 
2.694 2 1 0 0 -0.0094 0.0094 -2.7510 1 1.9976 1  2649 3235 3356 3408 3384 3251 2881 1930  1 1 1 0 0 4.75 0 5 12.23 
2.704 2 1 0 0 0.0076 -0.0076 -2.7430 1 2.0227 1  2643 3247 3357 3417 3406 3275 2917 1953  1 1 1 0 0 4.80 0 5 12.22 
2.714 2 1 0 0 -0.0103 0.0103 -2.7353 1 2.0412 1  2635 3254 3344 3405 3407 3278 2947 1965  1 1 1 0 0 4.75 0 5 12.23 
2.724 2 1 0 0 0.0105 -0.0105 -2.7346 1 2.0402 1  2644 3245 3357 3401 3410 3300 2949 2003  1 1 1 0 0 4.74 0 5 12.22 
2.734 2 1 0 0 -0.0104 0.0104 -2.7196 1 2.0835 1  2615 3231 3351 3395 3422 3315 2998 2029  1 1 1 0 0 4.80 0 5 12.22 
2.744 2 1 0 0 -0.0105 0.0105 -2.7116 1 2.1027 1  2615 3238 3360 3418 3408 3334 3033 2062  1 1 1 0 0 4.83 0 5 12.23 
2.754 2 1 0 0 0.0068 -0.0068 -2.6975 1 2.1005 1  2605 3213 3363 3429 3438 3357 3052 2099  1 1 1 0 0 4.76 0 5 12.23 
2.764 2 1 0 0 0.0075 -0.0075 -2.6865 1 2.1282 1  2590 3243 3363 3424 3452 3369 3087 2128  1 1 1 0 0 4.83 0 5 12.22 
2.774 2 1 0 0 -0.0154 0.0154 -2.6752 1 2.1382 1  2578 3216 3358 3425 3468 3377 3113 2146  1 1 1 0 0 4.83 0 5 12.23 
2.784 2 1 0 0 -0.0131 0.0131 -2.6662 1 2.1845 1  2557 3257 3360 3427 3427 3389 3142 2191  1 1 1 0 0 4.89 0 5 12.22 
2.794 2 1 0 0 0.0237 -0.0237 -2.6227 1 2.2228 1  2529 3226 3355 3425 3452 3385 3160 2236  1 1 1 0 0 4.88 0 5 12.22 
2.804 2 1 0 0 -0.0193 0.0193 -2.6757 1 2.3357 1  2510 3171 3314 3383 3400 3353 3158 2245  1 1 1 0 0 5.34 0 5 12.23 
2.814 2 1 0 0 0.0195 -0.0195 -2.6259 1 2.3146 1  2506 3214 3335 3419 3433 3405 3202 2270  1 1 1 0 0 4.87 0 5 12.22 
2.824 2 1 0 0 -0.0033 0.0033 -2.5429 1 2.3419 1  2475 3208 3347 3428 3460 3410 3221 2303  1 1 1 0 0 4.71 0 5 12.22 
2.834 2 1 0 0 -0.0012 0.0012 -2.4763 1 2.3552 1  2451 3194 3346 3429 3433 3419 3240 2321  1 1 1 0 0 4.79 0 5 12.22 
2.844 2 1 0 0 -0.0019 0.0019 -2.4089 1 2.4199 1  2422 3170 3340 3424 3450 3434 3246 2386  1 1 1 0 0 4.87 0 5 12.22 
2.854 2 1 0 0 0.0159 -0.0159 -2.3528 1 2.4413 1  2393 3152 3337 3419 3435 3419 3260 2402  1 1 1 0 0 4.77 0 5 12.22 
2.864 2 1 0 0 -0.0059 0.0059 -2.3125 1 2.4731 1  2370 3140 3340 3418 3444 3419 3269 2426  1 1 1 0 0 4.81 0 5 12.22 
2.874 2 1 0 0 -0.0067 0.0067 -2.2734 1 2.5172 1  2339 3121 3319 3424 3450 3402 3279 2448  1 1 1 0 0 4.79 0 5 12.22 
2.884 2 1 0 0 -0.0114 0.0114 -2.2184 1 2.5572 1  2296 3098 3314 3417 3450 3426 3284 2470  1 1 1 0 0 4.75 0 5 12.22 
2.894 2 1 0 0 -0.0070 0.0070 -2.1832 1 2.6028 1  2267 3080 3318 3420 3458 3386 3305 2491  1 1 1 0 0 4.89 0 5 12.22 
2.904 2 1 0 0 0.0092 -0.0092 -2.1320 1 2.6605 1  2228 3056 3289 3418 3447 3433 3302 2522  1 1 1 0 0 4.91 0 5 12.22 
2.914 2 1 0 0 -0.0072 0.0072 -2.0949 1 2.6686 1  2201 3037 3293 3412 3458 3455 3307 2543  1 1 1 0 0 4.72 0 5 12.22 
2.924 2 1 0 0 0.0102 -0.0102 -2.0554 1 2.6745 1  2169 3013 3269 3398 3452 3435 3320 2557  1 1 1 0 0 4.70 0 5 12.21 
2.934 2 1 0 0 -0.0076 0.0076 -2.0361 1 2.6886 1  2106 2980 3268 3407 3446 3430 3310 2567  1 1 1 0 0 4.71 0 5 12.22 
2.944 2 1 0 0 0.0111 -0.0111 -2.0066 1 2.7010 1  2062 2952 3270 3405 3448 3442 3318 2589  1 1 1 0 0 4.66 0 5 12.22 
2.954 2 1 0 0 -0.0071 0.0071 -2.0005 1 2.7155 1  2031 2930 3256 3416 3466 3452 3345 2608  1 1 1 0 0 4.68 0 5 12.22 
2.964 2 1 0 0 0.0113 -0.0113 -1.9700 1 2.7264 1  1999 2887 3241 3393 3448 3439 3320 2618  1 1 1 0 0 4.62 0 5 12.21 
2.974 2 1 0 0 -0.0107 0.0107 -1.9523 1 2.7428 1  1942 2851 3213 3374 3441 3452 3315 2638  1 1 1 0 0 4.68 0 5 12.21 
2.984 2 1 0 0 0.0109 -0.0109 -1.9349 1 2.7548 1  1916 2812 3184 3366 3442 3444 3330 2646  1 1 1 0 0 4.68 0 5 12.21 
2.994 2 1 0 0 0.0073 -0.0073 -1.9085 1 2.7713 1  1849 2761 3155 3357 3435 3425 3327 2661  1 1 1 0 0 4.65 0 5 12.22 
3.004 2 1 0 0 0.0091 -0.0091 -1.8684 1 2.7806 1  1822 2721 3138 3341 3438 3416 3334 2669  1 1 1 0 0 4.60 0 5 12.21 
3.014 2 1 0 0 -0.0135 0.0135 -1.8154 1 2.7913 1  1772 2672 3093 3344 3428 3412 3333 2676  1 1 1 0 0 4.47 0 5 12.22 
3.024 2 1 0 0 0.0064 -0.0064 -1.7456 1 2.7961 1  1775 2625 3066 3332 3420 3419 3330 2680  1 1 1 0 0 4.43 0 5 12.22 
3.034 2 1 0 0 0.0050 -0.0050 -1.6846 1 2.8098 1  1704 2556 3014 3297 3414 3414 3326 2685  1 1 1 0 0 4.37 0 5 12.22 
3.044 2 1 0 0 0.0060 -0.0060 -1.6512 1 2.8144 1  1709 2534 2994 3320 3423 3431 3328 2695  1 1 1 0 0 4.29 0 5 12.23 
3.054 2 1 0 0 0.0049 -0.0049 -1.5770 1 2.8159 1  1695 2485 2951 3280 3424 3421 3318 2691  1 1 1 0 0 4.25 0 5 12.22 
3.064 2 1 0 0 0.0048 -0.0048 -1.5206 1 2.8220 1  1662 2441 2909 3253 3404 3418 3336 2695  1 1 1 0 0 4.30 0 5 12.22 
3.074 2 1 0 0 0.0015 -0.0015 -1.4182 1 2.8255 1  1647 2352 2864 3224 3396 3415 3304 2698  1 1 1 0 0 4.17 0 5 12.22 
3.084 2 1 0 0 -0.0157 0.0157 -1.3798 1 2.8285 1  1632 2347 2815 3208 3386 3406 3317 2692  1 1 1 0 0 4.07 0 5 12.23 
3.094 2 1 0 0 -0.0001 0.0001 -1.3176 1 2.8286 1  1613 2321 2764 3179 3349 3391 3282 2677  1 1 1 0 0 4.08 0 5 12.22 
3.104 2 1 0 0 -0.0178 0.0178 -1.2503 1 2.8313 1  1616 2289 2734 3155 3372 3411 3317 2688  1 1 1 0 0 3.89 0 5 12.22 
3.114 2 1 0 0 0.0195 -0.0195 -1.1692 1 2.8320 1  1606 2255 2684 3108 3348 3398 3298 2678  1 1 1 0 0 3.84 0 5 12.23 
3.124 2 1 0 0 -0.0012 0.0012 -1.0890 1 2.8382 1  1601 2212 2634 3068 3336 3379 3300 2686  1 1 1 0 0 3.91 0 5 12.23 
3.134 2 1 0 0 0.0002 -0.0002 -1.0337 1 2.8369 1  1597 2198 2597 3039 3316 3383 3297 2673  1 1 1 0 0 3.74 0 5 12.22 
3.144 2 1 0 0 -0.0006 0.0006 -0.9675 1 2.8383 1  1594 2180 2555 3005 3301 3367 3291 2671  1 1 1 0 0 3.78 0 5 12.23 
3.154 2 1 0 0 -0.0010 0.0010 -0.9152 1 2.8465 1  1592 2167 2526 2971 3266 3371 3291 2695  1 1 1 0 0 3.64 0 5 12.22 
3.164 2 1 0 0 -0.0013 0.0013 -0.8679 1 2.8442 1  1591 2134 2498 2936 3263 3361 3289 2680  1 1 1 0 0 3.61 0 5 12.22 
3.174 2 1 0 0 0.0177 -0.0177 -0.8225 1 2.8405 1  1589 2145 2479 2911 3239 3344 3287 2670  1 1 1 0 0 3.47 0 5 12.22 
3.184 2 1 0 0 -0.0026 0.0026 -0.7221 1 2.8358 1  1594 2136 2422 2878 3219 3339 3281 2663  1 1 1 0 0 3.35 0 5 12.22 
3.194 2 1 0 0 0.0163 -0.0163 -0.6679 1 2.8370 1  1599 2134 2407 2854 3251 3378 3313 2677  1 1 1 0 0 3.43 0 5 12.23 
3.204 2 1 0 0 -0.0059 0.0059 -0.6278 1 2.8354 1  1592 2128 2399 2818 3199 3323 3275 2664  1 1 1 0 0 3.31 0 5 12.22 
3.214 2 1 0 0 0.0137 -0.0137 -0.5853 1 2.8373 1  1597 2125 2387 2790 3189 3339 3270 2666  1 1 1 0 0 3.36 0 5 12.22 
3.224 2 1 0 0 -0.0079 0.0079 -0.5446 1 2.8456 1  1595 2128 2357 2767 3167 3299 3266 2686  1 1 1 0 0 3.26 0 5 12.22 
3.234 2 1 0 0 0.0127 -0.0127 -0.4881 1 2.8408 1  1599 2119 2351 2732 3146 3291 3256 2664  1 1 1 0 0 3.21 0 5 12.22 
3.244 2 1 0 0 0.0110 -0.0110 -0.4247 1 2.8337 1  1600 2127 2339 2705 3124 3296 3252 2642  1 1 1 0 0 3.17 0 5 12.22 
3.254 2 1 0 0 -0.0092 0.0092 -0.3656 1 2.8386 1  1613 2133 2341 2685 3113 3294 3256 2665  1 1 1 0 0 3.01 0 5 12.21 
3.264 2 1 0 0 0.0099 -0.0099 -0.3312 1 2.8410 1  1611 2131 2346 2660 3082 3279 3238 2664  1 1 1 0 0 3.17 0 5 12.22 
3.274 2 1 0 0 -0.0128 0.0128 -0.2767 1 2.8404 1  1615 2130 2340 2625 3053 3274 3237 2655  1 1 1 0 0 3.01 0 5 12.23 
3.284 2 1 0 0 0.0068 -0.0068 -0.2295 1 2.8418 1  1618 2133 2321 2596 3017 3245 3220 2653  1 1 1 0 0 2.99 0 5 12.19 
3.294 2 1 0 0 0.0049 -0.0049 -0.1886 1 2.8420 1  1624 2131 2316 2568 2982 3225 3202 2643  1 1 1 0 0 2.87 0 5 12.22 
3.304 2 1 0 0 0.0073 -0.0073 -0.1625 1 2.8449 1  1633 2137 2317 2547 2953 3198 3194 2640  1 1 1 0 0 2.97 0 5 12.22 
3.314 2 1 0 0 0.0041 -0.0041 -0.1086 1 2.8439 1  1623 2135 2298 2518 2921 3177 3181 2633  1 1 1 0 0 2.92 0 5 12.22 
3.324 2 1 0 0 0.0038 -0.0038 -0.0743 1 2.6600 1  1627 2139 2328 2495 2894 3145 3162 2638  1 1 1 0 0 2.27 0 5 12.22 
3.334 2 1 0 0 0.0190 -0.0190 -0.0474 1 2.6600 1  1621 2136 2312 2471 2843 3113 3139 2611  1 1 1 0 0 2.57 0 5 12.21 
3.344 2 1 0 0 -0.0182 0.0182 -0.1052 1 2.6600 1  1624 2162 2333 2506 2863 3158 3190 2633  1 1 1 0 0 2.75 0 5 12.22 
3.354 2 1 0 0 0.0024 -0.0024 0.0433 1 2.6600 1  1631 2112 2282 2442 2775 3057 3123 2596  1 1 1 0 0 2.47 0 5 12.21 
3.364 2 1 0 0 0.0016 -0.0016 0.0616 1 2.6600 1  1633 2136 2307 2417 2747 3027 3063 2581  1 1 1 0 0 2.42 0 5 12.22 
3.374 2 1 0 0 0.0212 -0.0212 0.1035 1 2.6600 1  1622 2141 2305 2417 2709 2988 3042 2561  1 1 1 0 0 2.49 0 5 12.21 
3.384 2 1 0 0 -0.0025 0.0025 0.1628 1 2.6600 1  1633 2165 2306 2410 2674 2957 3013 2548  1 1 1 0 0 2.48 0 5 12.22 
3.394 2 1 0 0 0.0175 -0.0175 0.2154 1 2.6600 1  1643 2147 2309 2410 2643 2924 2984 2527  1 1 1 0 0 2.32 0 5 12.22 
3.404 2 1 0 0 -0.0036 0.0036 0.2564 1 2.6600 1  1647 2149 2307 2397 2622 2902 2943 2513  1 1 1 0 0 2.39 0 5 12.22 
3.414 2 1 0 0 0.0194 -0.0194 0.3155 1 2.6600 1  1631 2141 2304 2389 2589 2851 2926 2478  1 1 1 0 0 2.22 0 5 12.23 
3.424 2 1 0 0 -0.0012 0.0012 0.2986 1 2.6600 1  1626 2159 2305 2378 2578 2816 2900 2463  1 1 1 0 0 2.36 0 5 12.22 
3.434 2 1 0 0 0.0198 -0.0198 0.4380 1 2.6600 1  1624 2144 2303 2373 2525 2785 2864 2428  1 1 1 0 0 1.94 0 5 12.23 
3.444 2 1 0 0 -0.0027 0.0027 0.4046 1 2.6600 1  1629 2119 2299 2376 2520 2748 2837 2407  1 1 1 0 0 2.32 0 5 12.22 
3.454 2 1 0 0 -0.0006 0.0006 0.4095 1 2.6600 1  1615 2130 2294 2366 2497 2710 2786 2361  1 1 1 0 0 2.23 0 5 12.23 
3.464 2 1 0 0 0.0006 -0.0006 0.3938 1 2.6600 1  1612 2149 2299 2368 2487 2682 2768 2363  1 1 1 0 0 2.28 0 5 12.22 
3.474 2 1 0 0 0.0027 -0.0027 0.3754 1 2.6600 1  1613 2145 2292 2368 2476 2649 2726 2347  1 1 1 0 0 2.28 0 5 12.22 
3.484 2 1 0 0 0.0224 -0.0224 0.3838 1 2.6600 1  1606 2120 2283 2361 2457 2612 2689 2301  1 1 1 0 0 2.25 0 5 12.23 
3.494 2 1 0 0 0.0218 -0.0218 0.2217 1 2.6600 1  1602 2111 2285 2359 2449 2582 2648 2254  1 1 1 0 0 2.55 0 5 12.22 
3.504 2 1 0 0 0.0026 -0.0026 0.0903 1 2.6600 1  1585 2100 2263 2348 2429 2538 2597 2183  1 1 1 0 0 3.14 0 5 12.22 
3.514 2 1 0 0 0.0047 -0.0047 -0.0515 1 2.6600 1  1584 2085 2275 2345 2411 2516 2571 2177  1 1 1 0 0 3.57 0 5 12.23 
3.524 2 1 0 0 0.0060 -0.0060 0.0000 0 0.0000 0  1573 2093 2253 2347 2417 2486 2529 2103  1 1 1 0 0 0.00 0 0 12.22 
3.534 2 1 0 0 0.0074 -0.0074 0.0000 0 0.0000 0  1570 2105 2249 2337 2396 2464 2492 2127  1 1 1 0 0 0.00 0 0 12.22 
3.544 2 1 0 0 0.0084 -0.0084 0.0000 0 0.0000 0  1563 2088 2246 2335 2379 2423 2450 2100  1 1 1 0 0 0.00 0 0 12.23 
3.554 2 1 0 0 0.0089 -0.0089 0.0000 0 0.0000 0  1550 2064 2250 2324 2384 2403 2415 2035  1 1 1 0 0 0.00 0 0 12.23 
3.564 2 1 0 0 0.0107 -0.0107 0.0000 0 0.0000 0  1537 2058 2235 2319 2365 2387 2373 1999  1 1 1 0 0 0.00 0 0 12.22 
3.574 2 1 0 0 -0.0072 0.0072 0.0000 0 0.0000 0  1538 2055 2225 2319 2367 2370 2349 1995  1 1 1 0 0 0.00 0 0 12.22 
3.584 2 1 0 0 -0.0043 0.0043 0.0000 0 0.0000 0  1527 2051 2220 2312 2373 2389 2323 1950  1 1 1 0 0 0.00 0 0 12.22 
3.594 2 1 0 0 -0.0035 0.0035 0.0000 0 0.0000 0  1522 2051 2236 2321 2374 2355 2301 1931  1 1 1 0 0 0.00 0 0 12.23 
3.604 2 1 0 0 0.0153 -0.0153 0.0000 0 0.0000 0  1526 2071 2256 2338 2371 2354 2271 1899  1 1 1 0 0 0.00 0 0 12.22 
3.614 2 1 0 0 -0.0016 0.0016 0.0000 0 0.0000 0  1499 2034 2217 2311 2369 2361 2252 1871  1 1 1 0 0 0.00 0 0 12.21 
3.624 2 1 0 0 0.0163 -0.0163 0.0000 0 0.0000 0  1507 2036 2217 2317 2367 2337 2236 1848  1 1 1 0 0 0.00 0 0 12.22 
3.634 2 1 0 0 -0.0009 0.0009 0.0000 0 0.0000 0  1502 2031 2218 2310 2365 2332 2220 1822  1 1 1 0 0 0.00 0 0 12.22 
3.644 2 1 0 0 -0.0018 0.0018 0.0000 0 0.0000 0  1506 2026 2204 2314 2368 2328 2208 1803  1 1 1 0 0 0.00 0 0 12.22 
3.654 2 1 0 0 0.0179 -0.0179 0.0000 0 0.0000 0  1495 2021 2212 2315 2371 2309 2197 1777  1 1 1 0 0 0.00 0 0 12.22 
3.664 2 1 0 0 -0.0016 0.0016 0.0000 0 0.0000 0  1478 2016 2217 2309 2374 2335 2186 1756  1 1 1 0 0 0.00 0 0 12.20 
3.674 2 1 0 0 0.0192 -0.0192 0.0000 0 0.0000 0  1495 2011 2192 2313 2380 2347 2174 1735  1 1 1 0 0 0.00 0 0 12.21 
3.684 2 1 0 0 -0.0016 0.0016 0.0000 0 0.0000 0  1512 2016 2209 2322 2382 2355 2186 1721  1 1 1 0 0 0.00 0 0 12.21 
3.694 2 1 0 0 0.0184 -0.0184 0.0000 0 0.0000 0  1504 2014 2215 2318 2391 2359 2186 1711  1 1 1 0 0 0.00 0 0 12.22 
3.704 2 1 0 0 0.0164 -0.0164 0.0000 0 0.0000 0  1475 2009 2207 2296 2391 2365 2175 1693  1 1 1 0 0 0.00 0 0 12.20 
3.714 2 1 0 0 -0.0037 0.0037 0.0000 0 0.0000 0  1490 2001 2201 2290 2390 2354 2168 1672  1 1 1 0 0 0.00 0 0 12.21 
3.724 2 1 0 0 0.0175 -0.0175 0.0000 0 0.0000 0  1488 2005 2198 2340 2393 2358 2172 1664  1 1 1 0 0 0.00 0 0 12.23 
3.734 2 1 0 0 -0.0043 0.0043 0.0000 0 0.0000 0  1466 1992 2198 2312 2394 2364 2168 1651  1 1 1 0 0 0.00 0 0 12.22 
3.744 2 1 0 0 -0.0018 0.0018 0.0000 0 0.0000 0  1473 1997 2196 2320 2401 2370 2174 1637  1 1 1 0 0 0.00 0 0 12.23 
3.754 2 1 0 0 0.0138 -0.0138 0.0000 0 0.0000 0  1468 1991 2192 2320 2403 2373 2171 1631  1 1 1 0 0 0.00 0 0 12.22 
3.764 2 1 0 0 0.0140 -0.0140 0.0000 0 0.0000 0  1471 1984 2177 2309 2398 2367 2167 1617  1 1 1 0 0 0.00 0 0 12.23 
3.774 2 1 0 0 0.0137 -0.0137 0.0000 0 0.0000 0  1456 1970 2173 2319 2404 2371 2194 1611  1 1 1 0 0 0.00 0 0 12.22 
3.784 2 1 0 0 -0.0064 0.0064 0.0000 0 0.0000 0  1448 1982 2170 2302 2418 2374 2175 1602  1 1 1 0 0 0.00 0 0 12.22 
3.794 2 1 0 0 0.0127 -0.0127 0.0000 0 0.0000 0  1443 1954 2165 2300 2401 2382 2173 1603  1 1 1 0 0 0.00 0 0 12.23 
3.804 2 1 0 0 0.0104 -0.0104 0.0000 0 0.0000 0  1452 1941 2160 2293 2415 2378 2165 1621  1 1 1 0 0 0.00 0 0 12.22 
3.814 2 1 0 0 0.0082 -0.0082 0.0000 0 0.0000 0  1444 1944 2153 2298 2400 2382 2177 1603  1 1 1 0 0 0.00 0 0 12.22 
3.824 2 1 0 0 0.0089 -0.0089 0.0000 0 0.0000 0  1446 1947 2148 2301 2410 2387 2192 1586  1 1 1 0 0 0.00 0 0 12.22 
3.834 2 1 0 0 0.0270 -0.0270 0.0000 0 0.0000 0  1440 1948 2148 2296 2395 2385 2175 1603  1 1 1 0 0 0.00 0 0 12.23 
3.844 2 1 0 0 0.0059 -0.0059 0.0000 0 0.0000 0  1440 1941 2144 2297 2414 2397 2201 1612  1 1 1 0 0 0.00 0 0 12.23 
3.854 2 1 0 0 0.0261 -0.0261 0.0000 0 0.0000 0  1444 1940 2139 2293 2411 2404 2206 1597  1 1 1 0 0 0.00 0 0 12.23 
3.864 2 1 0 0 0.0216 -0.0216 0.0000 0 0.0000 0  1436 1907 2133 2287 2399 2401 2204 1591  1 1 1 0 0 0.00 0 0 12.22 
3.874 2 1 0 0 0.0034 -0.0034 0.0000 0 0.0000 0  1434 1929 2108 2277 2420 2401 2212 1593  1 1 1 0 0 0.00 0 0 12.23 
3.884 2 1 0 0 0.0217 -0.0217 0.0000 0 0.0000 0  1435 1954 2121 2279 2387 2404 2215 1611  1 1 1 0 0 0.00 0 0 12.22 
3.894 2 1 0 0 0.0040 -0.0040 0.0000 0 0.0000 0  1436 1928 2117 2278 2395 2408 2220 1613  1 1 1 0 0 0.00 0 0 12.22 
3.904 2 1 0 0 0.0213 -0.0213 0.0000 0 0.0000 0  1438 1920 2120 2277 2433 2426 2227 1643  1 1 1 0 0 0.00 0 0 12.22 
3.914 2 1 0 0 0.0197 -0.0197 0.0000 0 0.0000 0  1432 1921 2112 2265 2415 2412 2228 1629  1 1 1 0 0 0.00 0 0 12.22 
3.924 2 1 0 0 0.0187 -0.0187 0.0000 0 0.0000 0  1435 1920 2112 2271 2400 2423 2238 1634  1 1 1 0 0 0.00 0 0 12.23 
3.934 2 1 0 0 0.0160 -0.0160 0.0000 0 0.0000 0  1437 1915 2105 2263 2398 2422 2237 1628  1 1 1 0 0 0.00 0 0 12.23 
3.944 2 1 0 0 0.0180 -0.0180 0.0000 0 0.0000 0  1437 1914 2100 2257 2405 2422 2244 1636  1 1 1 0 0 0.00 0 0 12.23 
3.954 2 1 0 0 0.0162 -0.0162 0.0000 0 0.0000 0  1436 1917 2105 2251 2398 2422 2245 1630  1 1 1 0 0 0.00 0 0 12.22 
3.964 2 1 0 0 0.0175 -0.0175 0.0000 0 0.0000 0  1436 1913 2092 2247 2399 2419 2252 1638  1 1 1 0 0 0.00 0 0 12.22 
3.974 2 1 0 0 0.0355 -0.0355 0.0000 0 0.0000 0  1447 1919 2098 2255 2404 2431 2259 1635  1 1 1 0 0 0.00 0 0 12.22 
3.984 2 1 0 0 0.0143 -0.0143 0.0000 0 0.0000 0  1437 1913 2095 2247 2402 2434 2257 1652  1 1 1 0 0 0.00 0 0 12.22 
3.994 2 1 0 0 0.0135 -0.0135 0.0000 0 0.0000 0  1435 1904 2091 2238 2391 2425 2256 1650  1 1 1 0 0 0.00 0 0 12.22 
4.004 2 1 0 0 0.0145 -0.0145 0.0000 0 0.0000 0  1462 1930 2105 2257 2426 2467 2285 1665  1 1 1 0 0 0.00 0 0 12.22 
4.014 2 1 0 0 0.0181 -0.0181 0.0000 0 0.0000 0  1453 1904 2083 2229 2394 2429 2276 1658  1 1 1 0 0 0.00 0 0 12.21 
4.024 2 1 0 0 0.0180 -0.0180 0.0000 0 0.0000 0  1445 1906 2083 2230 2381 2444 2256 1657  1 1 1 0 0 0.00 0 0 12.22 
4.034 2 1 0 0 0.0191 -0.0191 0.0000 0 0.0000 0  1427 1910 2075 2222 2378 2416 2265 1664  1 1 1 0 0 0.00 0 0 12.22 
4.044 2 1 0 0 0.0181 -0.0181 0.0000 0 0.0000 0  1447 1911 2077 2219 2378 2432 2279 1666  1 1 1 0 0 0.00 0 0 12.21 
4.054 2 1 0 0 0.0188 -0.0188 0.0000 0 0.0000 0  1443 1910 2067 2203 2372 2416 2263 1665  1 1 1 0 0 0.00 0 0 12.21 
4.064 2 1 0 0 0.0215 -0.0215 0.0000 0 0.0000 0  1437 1903 2063 2195 2362 2405 2264 1671  1 1 1 0 0 0.00 0 0 12.22 
4.074 2 1 0 0 0.0237 -0.0237 0.0000 0 0.0000 0  1454 1905 2057 2194 2355 2406 2271 1668  1 1 1 0 0 0.00 0 0 12.22 
4.084 2 1 0 0 0.0056 -0.0056 0.0000 0 0.0000 0  1445 1901 2056 2181 2360 2404 2253 1677  1 1 1 0 0 0.00 0 0 12.22 
4.094 2 1 0 0 0.0260 -0.0260 0.0000 0 0.0000 0  1453 1915 2049 2176 2345 2391 2249 1671  1 1 1 0 0 0.00 0 0 12.22 
4.104 2 1 0 0 0.0072 -0.0072 0.0000 0 0.0000 0  1444 1905 2049 2174 2332 2380 2257 1664  1 1 1 0 0 0.00 0 0 12.21 
4.114 2 1 0 0 0.0092 -0.0092 0.0000 0 0.0000 0  1432 1892 2041 2166 2320 2368 2257 1659  1 1 1 0 0 0.00 0 0 12.22 
4.124 2 1 0 0 -0.0050 0.0050 0.0000 0 0.0000 0  1434 1894 2033 2151 2282 2360 2235 1656  1 1 1 0 0 0.00 0 0 12.23 
4.134 2 1 0 0 0.0163 -0.0163 0.0000 0 0.0000 0  1426 1881 2025 2137 2293 2352 2221 1652  1 1 1 0 0 0.00 0 0 12.23 
4.144 2 1 0 0 -0.0003 0.0003 0.0000 0 0.0000 0  1425 1876 2020 2116 2280 2334 2198 1653  1 1 1 0 0 0.00 0 0 12.23 
4.154 2 1 0 0 0.0214 -0.0214 0.0000 0 0.0000 0  1424 1901 2023 2141 2286 2347 2221 1660  1 1 1 0 0 0.00 0 0 12.22 
4.164 2 1 0 0 0.0018 -0.0018 0.0000 0 0.0000 0  1417 1865 2011 2112 2251 2315 2205 1635  1 1 1 0 0 0.00 0 0 12.22 
4.174 2 1 0 0 0.0056 -0.0056 0.0000 0 0.0000 0  1417 1843 2000 2102 2258 2304 2180 1642  1 1 1 0 0 0.00 0 0 12.22 
4.184 2 1 0 0 0.0042 -0.0042 0.0000 0 0.0000 0  1410 1884 2002 2095 2220 2290 2188 1627  1 1 1 0 0 0.00 0 0 12.22 
4.194 2 1 0 0 0.0089 -0.0089 0.0000 0 0.0000 0  1413 1856 1992 2091 2224 2281 2160 1629  1 1 1 0 0 0.00 0 0 12.22 
4.204 2 1 0 0 0.0263 -0.0263 0.0000 0 0.0000 0  1411 1856 1998 2094 2215 2272 2148 1626  1 1 1 0 0 0.00 0 0 12.22 
4.214 2 1 0 0 0.0085 -0.0085 0.0000 0 0.0000 0  1406 1847 2010 2086 2200 2254 2142 1607  1 1 1 0 0 0.00 0 0 12.23 
4.224 2 1 0 0 0.0082 -0.0082 0.0000 0 0.0000 0  1402 1811 1992 2080 2178 2246 2129 1603  1 1 1 0 0 0.00 0 0 12.22 
4.234 2 1 0 0 0.0107 -0.0107 0.0000 0 0.0000 0  1400 1851 1995 2075 2182 2225 2113 1628  1 1 1 0 0 0.00 0 0 12.22 
4.244 2 1 0 0 0.0098 -0.0098 0.0000 0 0.0000 0  1400 1840 1989 2075 2149 2222 2110 1582  1 1 1 0 0 0.00 0 0 12.22 
4.254 2 1 0 0 0.0105 -0.0105 0.0000 0 0.0000 0  1410 1850 1989 2081 2170 2216 2106 1587  1 1 1 0 0 0.00 0 0 12.23 
4.264 2 1 0 0 0.0109 -0.0109 0.0000 0 0.0000 0  1401 1850 1999 2078 2168 2189 2103 1605  1 1 1 0 0 0.00 0 0 12.23 
4.274 2 1 0 0 0.0098 -0.0098 0.0000 0 0.0000 0  1404 1849 1995 2082 2162 2200 2092 1582  1 1 1 0 0 0.00 0 0 12.22 
4.284 2 1 0 0 0.0111 -0.0111 0.0000 0 0.0000 0  1400 1846 1987 2077 2158 2226 2080 1577  1 1 1 0 0 0.00 0 0 12.22 
4.294 2 1 0 0 0.0113 -0.0113 0.0000 0 0.0000 0  1401 1848 1990 2077 2147 2194 2080 1564  1 1 1 0 0 0.00 0 0 12.22 
4.304 2 1 0 0 0.0275 -0.0275 0.0000 0 0.0000 0  1409 1853 1995 2078 2150 2165 2067 1574  1 1 1 0 0 0.00 0 0 12.22 
4.314 2 1 0 0 0.0073 -0.0073 0.0000 0 0.0000 0  1406 1855 2003 2081 2150 2156 2071 1564  1 1 1 0 0 0.00 0 0 12.22 
4.324 2 1 0 0 0.0078 -0.0078 0.0000 0 0.0000 0  1405 1851 1994 2076 2143 2164 2054 1557  1 1 1 0 0 0.00 0 0 12.22 
4.334 2 1 0 0 0.0057 -0.0057 0.0000 0 0.0000 0  1407 1854 2008 2082 2148 2151 2053 1559  1 1 1 0 0 0.00 0 0 12.22 
4.344 2 1 0 0 0.0069 -0.0069 0.0000 0 0.0000 0  1415 1858 1997 2086 2142 2148 2046 1551  1 1 1 0 0 0.00 0 0 12.21 
4.354 2 1 0 0 0.0266 -0.0266 0.0000 0 0.0000 0  1409 1863 2009 2082 2149 2145 2044 1552  1 1 1 0 0 0.00 0 0 12.22 
4.364 2 1 0 0 0.0062 -0.0062 0.0000 0 0.0000 0  1425 1864 2000 2090 2153 2152 2043 1547  1 1 1 0 0 0.00 0 0 12.22 
4.374 2 1 0 0 0.0065 -0.0065 0.0000 0 0.0000 0  1397 1867 2005 2090 2149 2154 2037 1542  1 1 1 0 0 0.00 0 0 12.21 
4.384 2 1 0 0 0.0247 -0.0247 0.0000 0 0.0000 0  1414 1868 2009 2089 2158 2149 2035 1540  1 1 1 0 0 0.00 0 0 12.22 
4.394 2 1 0 0 0.0052 -0.0052 0.0000 0 0.0000 0  1439 1868 2011 2086 2155 2157 2032 1537  1 1 1 0 0 0.00 0 0 12.22 
4.404 2 1 0 0 0.0054 -0.0054 0.0000 0 0.0000 0  1419 1871 2019 2096 2160 2149 2022 1534  1 1 1 0 0 0.00 0 0 12.21 
4.414 2 1 0 0 0.0085 -0.0085 0.0000 0 0.0000 0  1424 1868 2017 2091 2161 2147 2008 1527  1 1 1 0 0 0.00 0 0 12.22 
4.424 2 1 0 0 0.0259 -0.0259 0.0000 0 0.0000 0  1455 1898 2039 2111 2163 2139 2018 1519  1 1 1 0 0 0.00 0 0 12.21 
4.434 2 1 0 0 -0.0112 0.0112 0.0000 0 0.0000 0  1422 1876 2023 2107 2167 2144 2016 1518  1 1 1 0 0 0.00 0 0 12.23 
4.444 2 1 0 0 0.0080 -0.0080 0.0000 0 0.0000 0  1420 1879 2020 2117 2172 2150 2029 1517  1 1 1 0 0 0.00 0 0 12.22 
4.454 2 1 0 0 0.0069 -0.0069 0.0000 0 0.0000 0  1416 1889 2025 2116 2173 2144 2018 1507  1 1 1 0 0 0.00 0 0 12.22 
4.464 2 1 0 0 0.0266 -0.0266 0.0000 0 0.0000 0  1444 1875 2030 2103 2167 2152 1988 1499  1 1 1 0 0 0.00 0 0 12.22 
4.474 2 1 0 0 0.0064 -0.0064 0.0000 0 0.0000 0  1438 1886 2027 2102 2172 2144 1981 1497  1 1 1 0 0 0.00 0 0 12.22 
4.484 2 1 0 0 0.0112 -0.0112 0.0000 0 0.0000 0  1425 1885 2034 2116 2180 2153 1997 1498  1 1 1 0 0 0.00 0 0 12.23 
4.494 2 1 0 0 0.0276 -0.0276 0.0000 0 0.0000 0  1418 1865 2032 2117 2178 2150 1996 1494  1 1 1 0 0 0.00 0 0 12.22 
4.504 2 1 0 0 0.0074 -0.0074 0.0000 0 0.0000 0  1427 1884 2028 2113 2179 2151 1990 1483  1 1 1 0 0 0.00 0 0 12.23 
4.514 2 1 0 0 0.0287 -0.0287 0.0000 0 0.0000 0  1432 1887 2034 2116 2185 2158 1997 1483  1 1 1 0 0 0.00 0 0 12.22 
4.524 2 1 0 0 0.0055 -0.0055 0.0000 0 0.0000 0  1421 1856 2021 2110 2182 2141 1979 1485  1 1 1 0 0 0.00 0 0 12.22 
4.534 2 1 0 0 0.0094 -0.0094 0.0000 0 0.0000 0  1424 1890 2027 2113 2168 2148 1985 1486  1 1 1 0 0 0.00 0 0 12.23 
4.544 2 1 0 0 0.0265 -0.0265 0.0000 0 0.0000 0  1422 1882 2030 2122 2185 2152 1982 1476  1 1 1 0 0 0.00 0 0 12.22 
4.554 2 1 0 0 0.0074 -0.0074 0.0000 0 0.0000 0  1428 1885 2030 2113 2187 2154 1979 1473  1 1 1 0 0 0.00 0 0 12.23 
4.564 2 1 0 0 0.0273 -0.0273 0.0000 0 0.0000 0  1431 1887 2033 2120 2203 2160 1986 1467  1 1 1 0 0 0.00 0 0 12.22 
4.574 2 1 0 0 0.0052 -0.0052 0.0000 0 0.0000 0  1429 1865 2029 2120 2173 2157 1983 1450  1 1 1 0 0 0.00 0 0 12.22 
4.584 2 1 0 0 0.0074 -0.0074 0.0000 0 0.0000 0  1433 1879 2018 2109 2188 2158 1981 1452  1 1 1 0 0 0.00 0 0 12.23 
4.594 2 1 0 0 0.0046 -0.0046 0.0000 0 0.0000 0  1428 1912 2021 2112 2163 2150 1977 1455  1 1 1 0 0 0.00 0 0 12.22 
4.604 2 1 0 0 0.0098 -0.0098 0.0000 0 0.0000 0  1427 1875 2019 2107 2180 2138 1973 1462  1 1 1 0 0 0.00 0 0 12.22 
4.614 2 1 0 0 0.0083 -0.0083 0.0000 0 0.0000 0  1429 1880 2028 2114 2186 2158 1975 1450  1 1 1 0 0 0.00 0 0 12.22 
4.624 2 1 0 0 0.0088 -0.0088 0.0000 0 0.0000 0  1431 1884 2024 2111 2180 2159 1981 1450  1 1 1 0 0 0.00 0 0 12.22 
4.634 2 1 0 0 0.0103 -0.0103 0.0000 0 0.0000 0  1434 1883 2027 2111 2191 2159 1976 1456  1 1 1 0 0 0.00 0 0 12.22 
4.644 2 1 0 0 0.0271 -0.0271 0.0000 0 0.0000 0  1432 1902 2052 2142 2218 2184 1994 1444  1 1 1 0 0 0.00 0 0 12.22 
4.654 2 1 0 0 -0.0107 0.0107 0.0000 0 0.0000 0  1427 1874 2004 2114 2190 2159 1981 1443  1 1 1 0 0 0.00 0 0 12.23 
4.664 2 1 0 0 0.0097 -0.0097 0.0000 0 0.0000 0  1431 1874 2031 2115 2194 2175 1981 1442  1 1 1 0 0 0.00 0 0 12.22 
4.674 2 1 0 0 0.0128 -0.0128 0.0000 0 0.0000 0  1421 1873 2024 2108 2188 2172 1971 1434  1 1 1 0 0 0.00 0 0 12.22 
4.684 2 1 0 0 0.0140 -0.0140 0.0000 0 0.0000 0  1430 1871 2008 2113 2194 2152 1980 1450  1 1 1 0 0 0.00 0 0 12.21 
4.694 2 1 0 0 0.0129 -0.0129 0.0000 0 0.0000 0  1425 1873 2025 2108 2187 2168 1978 1435  1 1 1 0 0 0.00 0 0 12.22 
4.704 2 1 0 0 -0.0024 0.0024 0.0000 0 0.0000 0  1414 1874 2017 2113 2196 2166 1982 1443  1 1 1 0 0 0.00 0 0 12.22 
4.714 2 1 0 0 0.0161 -0.0161 0.0000 0 0.0000 0  1431 1880 2022 2116 2195 2170 1986 1445  1 1 1 0 0 0.00 0 0 12.22 
4.724 2 1 0 0 0.0153 -0.0153 0.0000 0 0.0000 0  1429 1876 2001 2110 2186 2175 1979 1438  1 1 1 0 0 0.00 0 0 12.22 
4.734 2 1 0 0 0.0161 -0.0161 0.0000 0 0.0000 0  1416 1875 2014 2109 2190 2167 1976 1439  1 1 1 0 0 0.00 0 0 12.22 
4.744 2 1 0 0 0.0152 -0.0152 0.0000 0 0.0000 0  1416 1873 2020 2114 2192 2166 1984 1437  1 1 1 0 0 0.00 0 0 12.22 
4.754 2 1 0 0 0.0191 -0.0191 0.0000 0 0.0000 0  1426 1866 2011 2115 2190 2158 1985 1434  1 1 1 0 0 0.00 0 0 12.23 
4.764 2 1 0 0 0.0181 -0.0181 0.0000 0 0.0000 0  1422 1872 2013 2109 2187 2159 1985 1433  1 1 1 0 0 0.00 0 0 12.22 
4.774 2 1 0 0 0.0012 -0.0012 0.0000 0 0.0000 0  1424 1873 2017 2116 2189 2167 1979 1432  1 1 1 0 0 0.00 0 0 12.23 
4.784 2 1 0 0 0.0021 -0.0021 0.0000 0 0.0000 0  1433 1867 2010 2109 2185 2160 1964 1430  1 1 1 0 0 0.00 0 0 12.22 
4.794 2 1 0 0 0.0033 -0.0033 0.0000 0 0.0000 0  1435 1868 2012 2122 2188 2155 1960 1423  1 1 1 0 0 0.00 0 0 12.22 
4.804 2 1 0 0 0.0068 -0.0068 0.0000 0 0.0000 0  1423 1866 2007 2103 2180 2151 1972 1428  1 1 1 0 0 0.00 0 0 12.23 
4.814 2 1 0 0 0.0067 -0.0067 0.0000 0 0.0000 0  1417 1869 2007 2100 2183 2151 1974 1425  1 1 1 0 0 0.00 0 0 12.22 
4.824 2 1 0 0 -0.0099 0.0099 0.0000 0 0.0000 0  1410 1861 2005 2103 2176 2147 1949 1422  1 1 1 0 0 0.00 0 0 12.23 
4.834 2 1 0 0 0.0105 -0.0105 0.0000 0 0.0000 0  1409 1858 2004 2104 2172 2147 1964 1428  1 1 1 0 0 0.00 0 0 12.22 
4.844 2 1 0 0 -0.0083 0.0083 0.0000 0 0.0000 0  1420 1863 2010 2105 2173 2144 1964 1427  1 1 1 0 0 0.00 0 0 12.23 
4.854 2 1 0 0 0.0128 -0.0128 0.0000 0 0.0000 0  1425 1875 2006 2106 2174 2149 1970 1425  1 1 1 0 0 0.00 0 0 12.23 
4.864 2 1 0 0 0.0099 -0.0099 0.0000 0 0.0000 0  1416 1868 2012 2108 2174 2148 1964 1423  1 1 1 0 0 0.00 0 0 12.23 
4.874 2 1 0 0 0.0132 -0.0132 0.0000 0 0.0000 0  1420 1864 2006 2103 2178 2150 1962 1433  1 1 1 0 0 0.00 0 0 12.23 
4.884 2 1 0 0 -0.0068 0.0068 0.0000 0 0.0000 0  1418 1879 2010 2103 2158 2146 1948 1421  1 1 1 0 0 0.00 0 0 12.22 
4.894 2 1 0 0 -0.0065 0.0065 0.0000 0 0.0000 0  1423 1872 2003 2100 2161 2139 1960 1410  1 1 1 0 0 0.00 0 0 12.23 
4.904 2 1 0 0 0.0140 -0.0140 0.0000 0 0.0000 0  1426 1865 2011 2102 2166 2139 1958 1418  1 1 1 0 0 0.00 0 0 12.23 
4.914 2 1 0 0 -0.0075 0.0075 0.0000 0 0.0000 0  1422 1868 2010 2098 2165 2133 1958 1427  1 1 1 0 0 0.00 0 0 12.23 
4.924 2 1 0 0 -0.0038 0.0038 0.0000 0 0.0000 0  1419 1868 2012 2099 2155 2135 1958 1393  1 1 1 0 0 0.00 0 0 12.22 
4.934 2 1 0 0 -0.0059 0.0059 0.0000 0 0.0000 0  1417 1879 2007 2100 2146 2138 1959 1403  1 1 1 0 0 0.00 0 0 12.23 
4.944 2 1 0 0 -0.0029 0.0029 0.0000 0 0.0000 0  1387 1879 2047 2118 2172 2138 1956 1391  1 1 1 0 0 0.00 0 0 12.23 
4.954 2 1 0 0 0.0158 -0.0158 0.0000 0 0.0000 0  1421 1868 2008 2098 2156 2127 1959 1420  1 1 1 0 0 0.00 0 0 12.22 
4.964 2 1 0 0 -0.0029 0.0029 0.0000 0 0.0000 0  1419 1866 1997 2095 2164 2133 1953 1426  1 1 1 0 0 0.00 0 0 12.23 
4.974 2 1 0 0 -0.0040 0.0040 0.0000 0 0.0000 0  1422 1869 2009 2097 2169 2132 1956 1426  1 1 1 0 0 0.00 0 0 12.22 
4.984 2 1 0 0 -0.0038 0.0038 0.0000 0 0.0000 0  1417 1864 2018 2093 2158 2132 1945 1410  1 1 1 0 0 0.00 0 0 12.23 
4.994 2 1 0 0 0.0164 -0.0164 0.0000 0 0.0000 0  1423 1869 2007 2088 2153 2120 1945 1397  1 1 1 0 0 0.00 0 0 12.22 
5.004 2 1 0 0 0.0151 -0.0151 0.0000 0 0.0000 0  1419 1866 1998 2087 2154 2120 1940 1408  1 1 1 0 0 0.00 0 0 12.23 
5.014 2 1 0 0 -0.0033 0.0033 0.0000 0 0.0000 0  1419 1871 2002 2090 2151 2110 1946 1408  1 1 1 0 0 0.00 0 0 12.22 
5.024 2 1 0 0 -0.0049 0.0049 0.0000 0 0.0000 0  1422 1867 1997 2092 2150 2111 1944 1403  1 1 1 0 0 0.00 0 0 12.22 
5.034 2 1 0 0 -0.0046 0.0046 0.0000 0 0.0000 0  1429 1875 2011 2089 2154 2111 1942 1405  1 1 1 0 0 0.00 0 0 12.22 
5.044 2 1 0 0 0.0102 -0.0102 0.0000 0 0.0000 0  1424 1871 2015 2096 2152 2130 1942 1405  1 1 1 0 0 0.00 0 0 12.22 
5.054 2 1 0 0 -0.0092 0.0092 0.0000 0 0.0000 0  1439 1878 2015 2095 2162 2124 1945 1410  1 1 1 0 0 0.00 0 0 12.22 
5.064 2 1 0 0 0.0090 -0.0090 0.0000 0 0.0000 0  1442 1880 2011 2101 2163 2117 1944 1412  1 1 1 0 0 0.00 0 0 12.22 
5.074 2 1 0 0 0.0063 -0.0063 0.0000 0 0.0000 0  1424 1882 2017 2086 2167 2120 1945 1412  1 1 1 0 0 0.00 0 0 12.22 
5.084 2 1 0 0 0.0077 -0.0077 0.0000 0 0.0000 0  1436 1883 2023 2105 2166 2129 1946 1409  1 1 1 0 0 0.00 0 0 12.23 
5.094 2 1 0 0 0.0055 -0.0055 0.0000 0 0.0000 0  1439 1890 2009 2098 2160 2127 1947 1409  1 1 1 0 0 0.00 0 0 12.22 
5.104 2 1 0 0 0.0058 -0.0058 0.0000 0 0.0000 0  1448 1889 2022 2102 2165 2128 1950 1412  1 1 1 0 0 0.00 0 0 12.23 
5.114 2 1 0 0 0.0037 -0.0037 0.0000 0 0.0000 0  1461 1892 2029 2105 2173 2134 1947 1412  1 1 1 0 0 0.00 0 0 12.23 
5.124 2 1 0 0 -0.0007 0.0007 0.0000 0 0.0000 0  1445 1898 2034 2116 2175 2134 1957 1416  1 1 1 0 0 0.00 0 0 12.22 
5.134 2 1 0 0 0.0161 -0.0161 0.0000 0 0.0000 0  1438 1905 2042 2119 2184 2146 1967 1424  1 1 1 0 0 0.00 0 0 12.22 
5.144 2 1 0 0 0.0132 -0.0132 0.0000 0 0.0000 0  1483 1908 2044 2126 2188 2149 1963 1425  1 1 1 0 0 0.00 0 0 12.22 
5.154 2 1 0 0 0.0128 -0.0128 0.0000 0 0.0000 0  1468 1915 2052 2130 2190 2149 1971 1428  1 1 1 0 0 0.00 0 0 12.22 
5.164 2 1 0 0 0.0073 -0.0073 0.0000 0 0.0000 0  1482 1927 2057 2130 2199 2162 1983 1426  1 1 1 0 0 0.00 0 0 12.22 
5.174 2 1 0 0 0.0231 -0.0231 0.0000 0 0.0000 0  1480 1933 2060 2145 2205 2164 1983 1434  1 1 1 0 0 0.00 0 0 12.23 
5.184 2 1 0 0 0.0226 -0.0226 0.0000 0 0.0000 0  1486 1957 2070 2145 2204 2170 1985 1438  1 1 1 0 0 0.00 0 0 12.22 
5.194 2 1 0 0 0.0207 -0.0207 0.0000 0 0.0000 0  1492 1932 2073 2148 2208 2169 2002 1442  1 1 1 0 0 0.00 0 0 12.23 
5.204 2 1 0 0 0.0014 -0.0014 0.0000 0 0.0000 0  1495 1947 2077 2151 2194 2174 1989 1444  1 1 1 0 0 0.00 0 0 12.23 
5.214 2 1 0 0 0.0180 -0.0180 0.0000 0 0.0000 0  1499 1946 2083 2156 2227 2188 2005 1455  1 1 1 0 0 0.00 0 0 12.23 
5.224 2 1 0 0 0.0145 -0.0145 0.0000 0 0.0000 0  1505 1947 2092 2166 2225 2195 2006 1451  1 1 1 0 0 0.00 0 0 12.23 
5.234 2 1 0 0 0.0299 -0.0299 0.0000 0 0.0000 0  1514 1944 2094 2169 2225 2198 2004 1455  1 1 1 0 0 0.00 0 0 12.23 
5.244 2 1 0 0 0.0246 -0.0246 0.0000 0 0.0000 0  1508 1963 2097 2165 2249 2196 2006 1464  1 1 1 0 0 0.00 0 0 12.22 
5.254 2 1 0 0 0.0226 -0.0226 0.0000 0 0.0000 0  1526 1995 2107 2177 2252 2212 2029 1474  1 1 1 0 0 0.00 0 0 12.23 
5.264 2 1 0 0 0.0380 -0.0380 0.0000 0 0.0000 0  1532 1948 2107 2182 2263 2220 2024 1482  1 1 1 0 0 0.00 0 0 12.23 
5.274 2 1 0 0 0.0137 -0.0137 0.0000 0 0.0000 0  1531 1977 2103 2185 2259 2214 2026 1474  1 1 1 0 0 0.00 0 0 12.23 
5.284 2 1 0 0 0.0328 -0.0328 0.0000 0 0.0000 0  1532 1989 2116 2187 2250 2221 2031 1471  1 1 1 0 0 0.00 0 0 12.22 
5.294 2 1 0 0 0.0121 -0.0121 0.0000 0 0.0000 0  1537 1980 2108 2184 2257 2216 2028 1468  1 1 1 0 0 0.00 0 0 12.23 
5.304 2 1 0 0 0.0125 -0.0125 0.0000 0 0.0000 0  1534 1986 2114 2186 2257 2215 2032 1478  1 1 1 0 0 0.00 0 0 12.23 
5.314 2 1 0 0 0.0147 -0.0147 0.0000 0 0.0000 0  1526 1984 2110 2183 2245 2212 2026 1474  1 1 1 0 0 0.00 0 0 12.23 
5.324 2 1 0 0 -0.0030 0.0030 0.0000 0 0.0000 0  1529 1982 2101 2174 2250 2199 2018 1467  1 1 1 0 0 0.00 0 0 12.23 
5.334 2 1 0 0 0.0180 -0.0180 0.0000 0 0.0000 0  1528 1979 2082 2175 2239 2189 2018 1458  1 1 1 0 0 0.00 0 0 12.23 
5.344 2 1 0 0 0.0045 -0.0045 0.0000 0 0.0000 0  1532 1978 2101 2175 2236 2205 2017 1460  1 1 1 0 0 0.00 0 0 12.23 
5.354 2 1 0 0 0.0085 -0.0085 0.0000 0 0.0000 0  1525 1978 2094 2174 2238 2198 2020 1456  1 1 1 0 0 0.00 0 0 12.23 
5.364 2 1 0 0 0.0090 -0.0090 0.0000 0 0.0000 0  1525 1972 2092 2166 2222 2193 2008 1456  1 1 1 0 0 0.00 0 0 12.23 
5.374 2 1 0 0 0.0113 -0.0113 0.0000 0 0.0000 0  1529 1976 2097 2167 2224 2189 2012 1450  1 1 1 0 0 0.00 0 0 12.23 
5.384 2 1 0 0 0.0105 -0.0105 0.0000 0 0.0000 0  1528 1975 2092 2160 2221 2197 2007 1455  1 1 1 0 0 0.00 0 0 12.23 
5.394 2 1 0 0 0.0115 -0.0115 0.0000 0 0.0000 0  1531 1971 2096 2160 2233 2215 2009 1463  1 1 1 0 0 0.00 0 0 12.23 
5.404 2 1 0 0 0.0130 -0.0130 0.0000 0 0.0000 0  1526 1971 2090 2160 2220 2186 2007 1450  1 1 1 0 0 0.00 0 0 12.23 
5.414 2 1 0 0 0.0133 -0.0133 0.0000 0 0.0000 0  1528 1971 2088 2154 2213 2187 2004 1449  1 1 1 0 0 0.00 0 0 12.22 
5.424 2 1 0 0 0.0185 -0.0185 0.0000 0 0.0000 0  1528 1971 2089 2149 2216 2182 1998 1449  1 1 1 0 0 0.00 0 0 12.23 
5.434 2 1 0 0 0.0026 -0.0026 0.0000 0 0.0000 0  1527 1971 2087 2152 2212 2181 2004 1450  1 1 1 0 0 0.00 0 0 12.22 
5.444 2 1 0 0 0.0084 -0.0084 0.0000 0 0.0000 0  1523 1965 2089 2147 2207 2179 1995 1446  1 1 1 0 0 0.00 0 0 12.23 
5.454 2 1 0 0 0.0095 -0.0095 0.0000 0 0.0000 0  1524 1972 2085 2153 2211 2184 1999 1449  1 1 1 0 0 0.00 0 0 12.23 
5.464 2 1 0 0 0.0143 -0.0143 0.0000 0 0.0000 0  1528 1972 2084 2160 2213 2181 2001 1453  1 1 1 0 0 0.00 0 0 12.23 
5.474 2 1 0 0 0.0131 -0.0131 0.0000 0 0.0000 0  1532 1974 2093 2155 2215 2184 2004 1441  1 1 1 0 0 0.00 0 0 12.23 
5.484 2 1 0 0 0.0123 -0.0123 0.0000 0 0.0000 0  1531 1976 2090 2157 2212 2186 2006 1449  1 1 1 0 0 0.00 0 0 12.23 
5.494 2 1 0 0 0.0123 -0.0123 0.0000 0 0.0000 0  1537 1976 2094 2155 2219 2184 2007 1455  1 1 1 0 0 0.00 0 0 12.23 
5.504 2 1 0 0 0.0118 -0.0118 0.0000 0 0.0000 0  1530 1984 2120 2170 2203 2173 1989 1449  1 1 1 0 0 0.00 0 0 12.22 
5.514 2 1 0 0 0.0115 -0.0115 0.0000 0 0.0000 0  1537 1978 2098 2159 2213 2188 2009 1450  1 1 1 0 0 0.00 0 0 12.23 
5.524 2 1 0 0 0.0093 -0.0093 0.0000 0 0.0000 0  1539 1976 2097 2143 2215 2185 1998 1452  1 1 1 0 0 0.00 0 0 12.23 
5.534 2 1 0 0 0.0100 -0.0100 0.0000 0 0.0000 0  1534 1980 2094 2158 2219 2194 2007 1452  1 1 1 0 0 0.00 0 0 12.23 
