%% logfile from robot Alma (11)
% Alma (11)
%  1    time 0.000 sec
%  2  3  4  5   (mission 0), state 2, entered (thread 1, line 0), events 0x0 (bit-flags)
%  6  7 Motor velocity ref left, right: 0.0000 0.0000
%  8 .. 31 Edge sensor: left 0.000000 0, right 0.000000 0, values 1586 2065 2178 2239 2352 2356 2195 1664, 
%    white 1, used 1, LEDhigh=1, xingVal=0.00 xlcnt=0 lvcnt=0,LineVal=1.00, notLineVal=0.50, lineLow=-1, lineHi=-1.
% whitelevel=[3067 3454 3497 3522 3540 3523 3466 3009];
% blacklevel=[702 951 1074 1172 1213 1178 1075 778];
% 32    Battery voltage [V]: 11.72
0.000 2 1 0 0 0.0000 0.0000 0.0000 0 0.0000 0  1586 2065 2178 2239 2352 2356 2195 1664  1 1 1 0 0 0.00 0 0 1.00 0.50 -1 -1 11.72 
0.010 2 1 0 0 0.0000 0.0000 0.0000 0 0.0000 0  1588 2074 2183 2243 2354 2362 2213 1662  1 1 1 0 0 0.00 0 0 1.00 0.38 -1 -1 11.72 
0.020 2 1 0 0 0.0000 0.0000 0.0000 0 0.0000 0  1592 2093 2186 2247 2354 2366 2216 1672  1 1 1 0 0 0.00 0 0 1.00 0.38 -1 -1 11.73 
0.030 2 1 0 0 0.0000 0.0000 0.0000 0 0.0000 0  1591 2077 2182 2241 2361 2369 2219 1673  1 1 1 0 0 0.00 0 0 1.00 0.38 -1 -1 11.72 
0.040 2 1 0 0 0.0000 0.0000 0.0000 0 0.0000 0  1595 2075 2182 2246 2355 2368 2218 1672  1 1 1 0 0 0.00 0 0 1.00 0.38 -1 -1 11.72 
0.050 2 1 0 0 0.0000 0.0000 0.0000 0 0.0000 0  1586 2069 2182 2244 2351 2371 2216 1668  1 1 1 0 0 0.00 0 0 1.00 0.38 -1 -1 11.72 
0.060 2 1 0 0 0.0000 0.0000 0.0000 0 0.0000 0  1591 2070 2178 2240 2354 2362 2213 1666  1 1 1 0 0 0.00 0 0 1.00 0.38 -1 -1 11.73 
0.070 2 1 0 0 0.0000 0.0000 0.0000 0 0.0000 0  1589 2068 2182 2237 2350 2361 2210 1665  1 1 1 0 0 0.00 0 0 1.00 0.38 -1 -1 11.72 
0.080 2 1 0 0 0.0000 0.0000 0.0000 0 0.0000 0  1584 2065 2173 2232 2351 2363 2206 1659  1 1 1 0 0 0.00 0 0 1.00 0.37 -1 -1 11.72 
0.090 2 1 0 0 0.0000 0.0000 0.0000 0 0.0000 0  1586 2063 2175 2233 2342 2357 2212 1663  1 1 1 0 0 0.00 0 0 1.00 0.37 -1 -1 11.73 
0.100 2 1 0 0 0.0000 0.0000 0.0000 0 0.0000 0  1582 2064 2172 2230 2344 2357 2207 1657  1 1 1 0 0 0.00 0 0 1.00 0.37 -1 -1 11.72 
0.110 2 1 0 0 0.0000 0.0000 0.0000 0 0.0000 0  1581 2061 2171 2229 2342 2351 2209 1661  1 1 1 0 0 0.00 0 0 1.00 0.37 -1 -1 11.72 
0.120 2 1 0 0 0.0000 0.0000 0.0000 0 0.0000 0  1576 2060 2162 2227 2338 2351 2203 1656  1 1 1 0 0 0.00 0 0 1.00 0.37 -1 -1 11.72 
0.130 2 1 0 0 0.0000 0.0000 0.0000 0 0.0000 0  1582 2058 2168 2224 2337 2356 2195 1656  1 1 1 0 0 0.00 0 0 1.00 0.37 -1 -1 11.72 
0.140 2 1 0 0 0.0000 0.0000 0.0000 0 0.0000 0  1582 2056 2163 2228 2373 2353 2205 1652  1 1 1 0 0 0.00 0 0 1.00 0.37 -1 -1 11.72 
0.150 2 1 0 0 0.0000 0.0000 0.0000 0 0.0000 0  1571 2061 2171 2222 2337 2301 2194 1651  1 1 1 0 0 0.00 0 0 1.00 0.37 -1 -1 11.72 
0.160 2 1 0 0 0.0000 0.0000 0.0000 0 0.0000 0  1578 2051 2158 2222 2334 2339 2193 1650  1 1 1 0 0 0.00 0 0 1.00 0.37 -1 -1 11.72 
0.170 2 1 0 0 0.0000 0.0000 0.0000 0 0.0000 0  1570 2056 2158 2220 2321 2342 2191 1645  1 1 1 0 0 0.00 0 0 1.00 0.37 -1 -1 11.72 
0.180 2 1 0 0 0.0000 0.0000 0.0000 0 0.0000 0  1564 2044 2149 2209 2325 2336 2189 1642  1 1 1 0 0 0.00 0 0 1.00 0.37 -1 -1 11.72 
0.190 2 1 0 0 0.0000 0.0000 0.0000 0 0.0000 0  1568 2044 2115 2209 2315 2290 2185 1645  1 1 1 0 0 0.00 0 0 1.00 0.36 -1 -1 11.73 
0.200 2 1 0 0 0.0000 0.0000 0.0000 0 0.0000 0  1556 2037 2145 2204 2317 2330 2179 1640  1 1 1 0 0 0.00 0 0 1.00 0.36 -1 -1 11.73 
0.210 2 1 0 0 0.0000 0.0000 0.0000 0 0.0000 0  1563 2035 2141 2205 2311 2331 2176 1638  1 1 1 0 0 0.00 0 0 1.00 0.36 -1 -1 11.72 
0.220 2 1 0 0 0.0000 0.0000 0.0000 0 0.0000 0  1545 2036 2138 2203 2311 2324 2162 1627  1 1 1 0 0 0.00 0 0 1.00 0.36 -1 -1 11.72 
0.230 2 1 0 0 0.0000 0.0000 0.0000 0 0.0000 0  1552 2041 2140 2204 2309 2322 2176 1639  1 1 1 0 0 0.00 0 0 1.00 0.36 -1 -1 11.72 
0.240 2 1 0 0 0.0000 0.0000 0.0000 0 0.0000 0  1554 2035 2137 2199 2313 2368 2176 1634  1 1 1 0 0 0.00 0 0 1.00 0.36 -1 -1 11.73 
0.250 2 1 0 0 0.0000 0.0000 0.0000 0 0.0000 0  1586 2084 2189 2259 2366 2377 2253 1685  1 1 1 0 0 0.00 0 0 1.00 0.38 -1 -1 11.72 
0.260 2 1 0 0 0.0000 0.0000 0.0000 0 0.0000 0  1558 2031 2139 2163 2313 2326 2175 1640  1 1 1 0 0 0.00 0 0 1.00 0.36 -1 -1 11.73 
0.270 2 1 0 0 0.0000 0.0000 0.0000 0 0.0000 0  1556 2036 2141 2198 2306 2325 2171 1637  1 1 1 0 0 0.00 0 0 1.00 0.36 -1 -1 11.72 
0.280 2 1 0 0 0.0000 0.0000 0.0000 0 0.0000 0  1558 2035 2140 2204 2308 2329 2175 1634  1 1 1 0 0 0.00 0 0 1.00 0.36 -1 -1 11.72 
0.290 2 1 0 0 0.0000 0.0000 0.0000 0 0.0000 0  1564 2030 2141 2199 2309 2325 2178 1639  1 1 1 0 0 0.00 0 0 1.00 0.36 -1 -1 11.72 
0.300 2 1 0 0 0.0000 0.0000 0.0000 0 0.0000 0  1560 2034 2143 2204 2312 2330 2176 1637  1 1 1 0 0 0.00 0 0 1.00 0.36 -1 -1 11.73 
0.310 2 1 0 0 0.0000 0.0000 0.0000 0 0.0000 0  1557 2035 2140 2200 2311 2326 2179 1644  1 1 1 0 0 0.00 0 0 1.00 0.36 -1 -1 11.73 
0.320 2 1 0 0 0.0000 0.0000 0.0000 0 0.0000 0  1557 2038 2141 2199 2312 2329 2181 1634  1 1 1 0 0 0.00 0 0 1.00 0.36 -1 -1 11.72 
0.330 2 1 0 0 0.0000 0.0000 0.0000 0 0.0000 0  1558 2035 2142 2202 2310 2328 2181 1636  1 1 1 0 0 0.00 0 0 1.00 0.36 -1 -1 11.73 
0.340 2 1 0 0 0.0000 0.0000 0.0000 0 0.0000 0  1558 2040 2145 2199 2309 2326 2204 1635  1 1 1 0 0 0.00 0 0 1.00 0.36 -1 -1 11.73 
0.350 2 1 0 0 0.0000 0.0000 0.0000 0 0.0000 0  1559 2042 2142 2206 2311 2329 2175 1638  1 1 1 0 0 0.00 0 0 1.00 0.36 -1 -1 11.72 
0.360 2 1 0 0 0.0000 0.0000 0.0000 0 0.0000 0  1554 2031 2139 2199 2310 2327 2177 1638  1 1 1 0 0 0.00 0 0 1.00 0.36 -1 -1 11.72 
0.370 2 1 0 0 -0.0137 0.0137 0.0000 0 0.0000 0  1556 2030 2134 2200 2312 2328 2176 1634  1 1 1 0 0 0.00 0 0 1.00 0.36 -1 -1 11.72 
0.380 2 1 0 0 -0.0100 0.0100 0.0000 0 0.0000 0  1552 2027 2136 2193 2304 2324 2171 1636  1 1 1 0 0 0.00 0 0 1.00 0.36 -1 -1 11.73 
0.390 2 1 0 0 -0.0083 0.0083 0.0000 0 0.0000 0  1548 2014 2129 2190 2301 2319 2167 1629  1 1 1 0 0 0.00 0 0 1.00 0.36 -1 -1 11.72 
0.400 2 1 0 0 -0.0226 0.0226 0.0000 0 0.0000 0  1544 2022 2124 2186 2294 2318 2169 1632  1 1 1 0 0 0.00 0 0 1.00 0.35 -1 -1 11.72 
0.410 2 1 0 0 -0.0030 0.0030 0.0000 0 0.0000 0  1537 2007 2123 2182 2290 2316 2168 1633  1 1 1 0 0 0.00 0 0 1.00 0.35 -1 -1 11.72 
0.420 2 1 0 0 -0.0174 0.0174 0.0000 0 0.0000 0  1532 2006 2109 2177 2293 2307 2168 1636  1 1 1 0 0 0.00 0 0 1.00 0.35 -1 -1 11.72 
0.430 2 1 0 0 -0.0162 0.0162 0.0000 0 0.0000 0  1533 2008 2110 2172 2297 2307 2159 1632  1 1 1 0 0 0.00 0 0 1.00 0.35 -1 -1 11.72 
0.440 2 1 0 0 -0.0161 0.0161 0.0000 0 0.0000 0  1524 1987 2100 2171 2273 2299 2160 1649  1 1 1 0 0 0.00 0 0 1.00 0.35 -1 -1 11.72 
0.450 2 1 0 0 -0.0155 0.0155 0.0000 0 0.0000 0  1515 1981 2093 2163 2279 2299 2157 1619  1 1 1 0 0 0.00 0 0 1.00 0.35 -1 -1 11.72 
0.460 2 1 0 0 -0.0145 0.0145 0.0000 0 0.0000 0  1516 1966 2082 2158 2251 2287 2153 1618  1 1 1 0 0 0.00 0 0 1.00 0.34 -1 -1 11.72 
0.470 2 1 0 0 -0.0133 0.0133 0.0000 0 0.0000 0  1507 1964 2065 2156 2268 2271 2154 1616  1 1 1 0 0 0.00 0 0 1.00 0.34 -1 -1 11.72 
0.480 2 1 0 0 0.0063 -0.0063 0.0000 0 0.0000 0  1499 1956 2074 2155 2266 2292 2159 1615  1 1 1 0 0 0.00 0 0 1.00 0.34 -1 -1 11.72 
0.490 2 1 0 0 -0.0122 0.0122 0.0000 0 0.0000 0  1501 1963 2081 2157 2274 2300 2159 1606  1 1 1 0 0 0.00 0 0 1.00 0.34 -1 -1 11.72 
0.500 2 1 0 0 -0.0121 0.0121 0.0000 0 0.0000 0  1508 1964 2076 2165 2280 2298 2168 1637  1 1 1 0 0 0.00 0 0 1.00 0.34 -1 -1 11.72 
0.510 2 1 0 0 -0.0115 0.0115 0.0000 0 0.0000 0  1511 1970 2082 2173 2295 2318 2176 1641  1 1 1 0 0 0.00 0 0 1.00 0.34 -1 -1 11.72 
0.520 2 1 0 0 -0.0129 0.0129 0.0000 0 0.0000 0  1516 1977 2095 2177 2303 2328 2187 1642  1 1 1 0 0 0.00 0 0 1.00 0.35 -1 -1 11.72 
0.530 2 1 0 0 -0.0127 0.0127 0.0000 0 0.0000 0  1517 1979 2114 2186 2308 2357 2199 1651  1 1 1 0 0 0.00 0 0 1.00 0.35 -1 -1 11.71 
0.540 2 1 0 0 -0.0143 0.0143 0.0000 0 0.0000 0  1532 1989 2109 2199 2321 2339 2217 1662  1 1 1 0 0 0.00 0 0 1.00 0.35 -1 -1 11.72 
0.550 2 1 0 0 0.0031 -0.0031 0.0000 0 0.0000 0  1529 1993 2116 2208 2333 2365 2228 1672  1 1 1 0 0 0.00 0 0 1.00 0.35 -1 -1 11.72 
0.560 2 1 0 0 0.0021 -0.0021 0.0000 0 0.0000 0  1531 2002 2127 2217 2346 2380 2241 1679  1 1 1 0 0 0.00 0 0 1.00 0.35 -1 -1 11.72 
0.570 2 1 0 0 0.0006 -0.0006 0.0000 0 0.0000 0  1535 2009 2129 2228 2358 2392 2256 1686  1 1 1 0 0 0.00 0 0 1.00 0.35 -1 -1 11.72 
0.580 2 1 0 0 -0.0003 0.0003 0.0000 0 0.0000 0  1542 2015 2140 2241 2368 2400 2272 1696  1 1 1 0 0 0.00 0 0 1.00 0.36 -1 -1 11.72 
0.590 2 1 0 0 -0.0200 0.0200 0.0000 0 0.0000 0  1546 2021 2147 2258 2383 2426 2299 1707  1 1 1 0 0 0.00 0 0 1.00 0.35 -1 -1 11.72 
0.600 2 1 0 0 -0.0020 0.0020 0.0000 0 0.0000 0  1558 2023 2150 2264 2393 2424 2298 1712  1 1 1 0 0 0.00 0 0 1.00 0.36 -1 -1 11.72 
0.610 2 1 0 0 -0.0038 0.0038 0.0000 0 0.0000 0  1544 2027 2154 2261 2397 2443 2305 1716  1 1 1 0 0 0.00 0 0 1.00 0.36 -1 -1 11.71 
0.620 2 1 0 0 -0.0033 0.0033 0.0000 0 0.0000 0  1543 2021 2154 2268 2409 2456 2294 1722  1 1 1 0 0 0.00 0 0 1.00 0.36 -1 -1 11.72 
0.630 2 1 0 0 -0.0034 0.0034 0.0000 0 0.0000 0  1550 2017 2147 2295 2409 2451 2325 1725  1 1 1 0 0 0.00 0 0 1.00 0.35 -1 -1 11.71 
0.640 2 1 0 0 0.0129 -0.0129 0.0000 0 0.0000 0  1536 2025 2181 2285 2428 2460 2337 1734  1 1 1 0 0 0.00 0 0 1.00 0.35 -1 -1 11.71 
0.650 2 1 0 0 0.0094 -0.0094 0.0000 0 0.0000 0  1547 2037 2162 2314 2445 2479 2353 1745  1 1 1 0 0 0.00 0 0 1.00 0.36 -1 -1 11.71 
0.660 2 1 0 0 0.0081 -0.0081 0.0000 0 0.0000 0  1563 2036 2171 2307 2454 2498 2346 1756  1 1 1 0 0 0.00 0 0 1.00 0.36 -1 -1 11.72 
0.670 2 1 0 0 0.0025 -0.0025 0.0000 0 0.0000 0  1559 2036 2180 2299 2463 2506 2361 1756  1 1 1 0 0 0.00 0 0 1.00 0.36 -1 -1 11.72 
0.680 2 1 0 0 -0.0150 0.0150 0.0000 0 0.0000 0  1557 2040 2184 2344 2472 2521 2445 1760  1 1 1 0 0 0.00 0 0 1.00 0.36 -1 -1 11.72 
0.690 2 1 0 0 0.0003 -0.0003 0.0000 0 0.0000 0  1555 2045 2191 2339 2491 2537 2381 1776  1 1 1 0 0 0.00 0 0 1.00 0.36 -1 -1 11.71 
0.700 2 1 0 0 -0.0168 0.0168 0.0000 0 0.0000 0  1548 2038 2199 2344 2501 2561 2394 1782  1 1 1 0 0 0.00 0 0 1.00 0.36 -1 -1 11.72 
0.710 2 1 0 0 0.0199 -0.0199 0.0000 0 0.0000 0  1552 2043 2206 2356 2511 2565 2412 1787  1 1 1 0 0 0.00 0 0 1.00 0.36 -1 -1 11.72 
0.720 2 1 0 0 -0.0215 0.0215 0.0000 0 0.0000 0  1559 2047 2219 2357 2519 2584 2433 1788  1 1 1 0 0 0.00 0 0 1.00 0.36 -1 -1 11.72 
0.730 2 1 0 0 0.0000 -0.0000 0.0000 0 0.0000 0  1559 2092 2225 2357 2570 2592 2428 1800  1 1 1 0 0 0.00 0 0 1.00 0.36 -1 -1 11.72 
0.740 2 1 0 0 -0.0030 0.0030 0.0000 0 0.0000 0  1557 2056 2235 2383 2571 2605 2431 1814  1 1 1 0 0 0.00 0 0 1.00 0.36 -1 -1 11.72 
0.750 2 1 0 0 0.0011 -0.0011 0.0000 0 0.0000 0  1568 2050 2246 2402 2562 2620 2443 1810  1 1 1 0 0 0.00 0 0 1.00 0.36 -1 -1 11.72 
0.760 2 1 0 0 -0.0018 0.0018 0.0000 0 0.0000 0  1563 2074 2255 2406 2581 2625 2453 1836  1 1 1 0 0 0.00 0 0 1.00 0.37 -1 -1 11.72 
0.770 2 1 0 0 -0.0183 0.0183 0.0000 0 0.0000 0  1574 2077 2263 2425 2600 2640 2458 1832  1 1 1 0 0 0.00 0 0 1.00 0.37 -1 -1 11.72 
0.780 2 1 0 0 0.0007 -0.0007 0.0000 0 0.0000 0  1570 2091 2277 2435 2623 2651 2465 1851  1 1 1 0 0 0.00 0 0 1.00 0.37 -1 -1 11.72 
0.790 2 1 0 0 -0.0193 0.0193 0.0000 0 0.0000 0  1573 2077 2284 2451 2630 2656 2471 1825  1 1 1 0 0 0.00 0 0 1.00 0.37 -1 -1 11.72 
0.800 2 1 0 0 0.0007 -0.0007 0.0000 0 0.0000 0  1570 2107 2300 2457 2638 2666 2480 1847  1 1 1 0 0 0.00 0 0 1.00 0.37 -1 -1 11.72 
0.810 2 1 0 0 -0.0015 0.0015 0.0000 0 0.0000 0  1573 2106 2308 2472 2653 2667 2482 1833  1 1 1 0 0 0.00 0 0 1.00 0.37 -1 -1 11.72 
0.820 2 1 0 0 0.0025 -0.0025 0.0000 0 0.0000 0  1572 2103 2301 2478 2657 2667 2485 1836  1 1 1 0 0 0.00 0 0 1.00 0.37 -1 -1 11.72 
0.830 2 1 0 0 -0.0037 0.0037 0.0000 0 0.0000 0  1575 2111 2317 2491 2653 2670 2493 1835  1 1 1 0 0 0.00 0 0 1.00 0.37 -1 -1 11.72 
0.840 2 1 0 0 -0.0206 0.0206 0.0000 0 0.0000 0  1580 2117 2322 2497 2666 2676 2494 1830  1 1 1 0 0 0.00 0 0 1.00 0.37 -1 -1 11.71 
0.850 2 1 0 0 0.0010 -0.0010 0.0000 0 0.0000 0  1578 2125 2333 2506 2679 2686 2496 1854  1 1 1 0 0 0.00 0 0 1.00 0.37 -1 -1 11.72 
0.860 2 1 0 0 -0.0001 0.0001 0.0000 0 0.0000 0  1593 2132 2340 2513 2674 2680 2501 1851  1 1 1 0 0 0.00 0 0 1.00 0.37 -1 -1 11.72 
0.870 2 1 0 0 -0.0181 0.0181 0.0000 0 0.0000 0  1582 2134 2350 2521 2682 2693 2510 1859  1 1 1 0 0 0.00 0 0 1.00 0.37 -1 -1 11.71 
0.880 2 1 0 0 0.0011 -0.0011 0.0000 0 0.0000 0  1582 2128 2357 2528 2687 2699 2505 1857  1 1 1 0 0 0.00 0 0 1.00 0.38 -1 -1 11.72 
0.890 2 1 0 0 -0.0192 0.0192 0.0000 0 0.0000 0  1577 2142 2360 2537 2693 2721 2511 1863  1 1 1 0 0 0.00 0 0 1.00 0.37 -1 -1 11.72 
0.900 2 1 0 0 -0.0165 0.0165 0.0000 0 0.0000 0  1583 2142 2354 2532 2690 2695 2512 1859  1 1 1 0 0 0.00 0 0 1.00 0.37 -1 -1 11.72 
0.910 2 1 0 0 0.0031 -0.0031 0.0000 0 0.0000 0  1585 2148 2369 2548 2691 2705 2521 1864  1 1 1 0 0 0.00 0 0 1.00 0.38 -1 -1 11.72 
0.920 2 1 0 0 -0.0153 0.0153 0.0000 0 0.0000 0  1575 2155 2360 2543 2694 2699 2514 1864  1 1 1 0 0 0.00 0 0 1.00 0.37 -1 -1 11.72 
0.930 2 1 0 0 -0.0148 0.0148 0.0000 0 0.0000 0  1579 2151 2367 2536 2694 2699 2514 1863  1 1 1 0 0 0.00 0 0 1.00 0.38 -1 -1 11.72 
0.940 2 1 0 0 -0.0149 0.0149 0.0000 0 0.0000 0  1588 2145 2369 2551 2689 2671 2512 1859  1 1 1 0 0 0.00 0 0 1.00 0.38 -1 -1 11.71 
0.950 2 1 0 0 -0.0152 0.0152 0.0000 0 0.0000 0  1581 2152 2374 2571 2691 2699 2520 1858  1 1 1 0 0 0.00 0 0 1.00 0.38 -1 -1 11.71 
0.960 2 1 0 0 -0.0142 0.0142 0.0000 0 0.0000 0  1614 2150 2374 2551 2694 2692 2510 1859  1 1 1 0 0 0.00 0 0 1.00 0.38 -1 -1 11.72 
0.970 2 1 0 0 0.0042 -0.0042 0.0000 0 0.0000 0  1620 2162 2379 2567 2692 2706 2507 1856  1 1 1 0 0 0.00 0 0 1.00 0.38 -1 -1 11.71 
0.980 2 1 0 0 -0.0165 0.0165 0.0000 0 0.0000 0  1592 2165 2384 2559 2694 2686 2502 1857  1 1 1 0 0 0.00 0 0 1.00 0.38 -1 -1 11.71 
0.990 2 1 0 0 0.0009 -0.0009 0.0000 0 0.0000 0  1584 2170 2389 2557 2690 2689 2517 1860  1 1 1 0 0 0.00 0 0 1.00 0.37 -1 -1 11.71 
1.000 2 1 0 0 -0.0008 0.0008 0.0000 0 0.0000 0  1623 2181 2400 2571 2691 2689 2499 1858  1 1 1 0 0 0.00 0 0 1.00 0.39 -1 -1 11.71 
1.010 2 1 0 0 -0.0213 0.0213 0.0000 0 0.0000 0  1630 2184 2409 2584 2694 2688 2521 1859  1 1 1 0 0 0.00 0 0 1.00 0.39 -1 -1 11.72 
1.020 2 1 0 0 -0.0003 0.0003 0.0000 0 0.0000 0  1636 2201 2416 2564 2698 2694 2507 1863  1 1 1 0 0 0.00 0 0 1.00 0.39 -1 -1 11.72 
1.030 2 1 0 0 -0.0191 0.0191 0.0000 0 0.0000 0  1636 2221 2422 2580 2699 2695 2502 1870  1 1 1 0 0 0.00 0 0 1.00 0.39 -1 -1 11.72 
1.040 2 1 0 0 -0.0001 0.0001 0.0000 0 0.0000 0  1641 2207 2430 2560 2688 2698 2490 1899  1 1 1 0 0 0.00 0 0 1.00 0.40 -1 -1 11.71 
1.050 2 1 0 0 -0.0210 0.0210 0.0000 0 0.0000 0  1651 2231 2448 2594 2706 2703 2526 1881  1 1 1 0 0 0.00 0 0 1.00 0.40 -1 -1 11.72 
1.060 2 1 0 0 0.0010 -0.0010 0.0000 0 0.0000 0  1665 2249 2451 2595 2697 2703 2524 1886  1 1 1 0 0 0.00 0 0 1.00 0.41 -1 -1 11.72 
1.070 2 1 0 0 -0.0003 0.0003 0.0000 0 0.0000 0  1657 2258 2465 2590 2715 2708 2524 1925  1 1 1 0 0 0.00 0 0 1.00 0.41 -1 -1 11.72 
1.080 2 1 0 0 -0.0191 0.0191 0.0000 0 0.0000 0  1690 2258 2480 2608 2712 2712 2530 1900  1 1 1 0 0 0.00 0 0 1.00 0.42 -1 -1 11.72 
1.090 2 1 0 0 -0.0011 0.0011 0.0000 0 0.0000 0  1702 2294 2490 2614 2725 2718 2524 1918  1 1 1 0 0 0.00 0 0 1.00 0.42 -1 -1 11.72 
1.100 2 1 0 0 -0.0208 0.0208 0.0000 0 0.0000 0  1711 2283 2497 2623 2716 2715 2539 1913  1 1 1 0 0 0.00 0 0 1.00 0.43 -1 -1 11.72 
1.110 2 1 0 0 -0.0013 0.0013 0.0000 0 0.0000 0  1724 2340 2511 2623 2743 2724 2548 1977  1 1 1 0 0 0.00 0 0 1.00 0.43 -1 -1 11.72 
1.120 2 1 0 0 -0.0027 0.0027 0.0000 0 0.0000 0  1737 2315 2517 2636 2744 2724 2556 1974  1 1 1 0 0 0.00 0 0 1.00 0.44 -1 -1 11.72 
1.130 2 1 0 0 -0.0221 0.0221 0.0000 0 0.0000 0  1747 2345 2527 2638 2752 2727 2571 1967  1 1 1 0 0 0.00 0 0 1.00 0.44 -1 -1 11.72 
1.140 2 1 0 0 -0.0216 0.0216 0.0000 0 0.0000 0  1757 2310 2527 2644 2711 2725 2580 1998  1 1 1 0 0 0.00 0 0 1.00 0.45 -1 -1 11.72 
1.150 2 1 0 0 -0.0215 0.0215 0.0000 0 0.0000 0  1766 2357 2546 2641 2737 2734 2595 2022  1 1 1 0 0 0.00 0 0 1.00 0.45 -1 -1 11.72 
1.160 2 1 0 0 -0.0048 0.0048 0.0000 0 0.0000 0  1767 2360 2540 2642 2758 2742 2616 2043  1 1 1 0 0 0.00 0 0 1.00 0.45 -1 -1 11.72 
1.170 2 1 0 0 -0.0036 0.0036 0.0000 0 0.0000 0  1784 2361 2543 2646 2751 2754 2636 2071  1 1 1 0 0 0.00 0 0 1.00 0.46 -1 -1 11.72 
1.180 2 1 0 0 -0.0048 0.0048 0.0000 0 0.0000 0  1789 2366 2545 2644 2754 2747 2650 2085  1 1 1 0 0 0.00 0 0 1.00 0.46 -1 -1 11.71 
1.190 2 1 0 0 -0.0226 0.0226 0.0000 0 0.0000 0  1794 2370 2533 2645 2749 2771 2669 2129  1 1 1 0 0 0.00 0 0 1.00 0.46 -1 -1 11.72 
1.200 2 1 0 0 -0.0027 0.0027 0.0000 0 0.0000 0  1803 2376 2537 2646 2750 2772 2692 2139  1 1 1 0 0 0.00 0 0 1.00 0.47 -1 -1 11.72 
1.210 2 1 0 0 -0.0052 0.0052 0.0000 0 0.0000 0  1813 2377 2564 2649 2752 2811 2721 2172  1 1 1 0 0 0.00 0 0 1.00 0.47 -1 -1 11.71 
1.220 2 1 0 0 -0.0045 0.0045 0.0000 0 0.0000 0  1818 2385 2558 2649 2761 2813 2748 2203  1 1 1 0 0 0.00 0 0 1.00 0.47 -1 -1 11.71 
1.230 2 1 0 0 -0.0039 0.0039 0.0000 0 0.0000 0  1822 2384 2565 2658 2768 2823 2771 2240  1 1 1 0 0 0.00 0 0 1.00 0.47 -1 -1 11.71 
1.240 2 1 0 0 -0.0037 0.0037 0.0000 0 0.0000 0  1813 2388 2547 2654 2775 2810 2798 2273  1 1 1 0 0 0.00 0 0 1.00 0.47 -1 -1 11.72 
1.250 2 1 0 0 -0.0055 0.0055 0.0000 0 0.0000 0  1857 2423 2579 2688 2820 2877 2862 2311  1 1 1 0 0 0.00 0 0 1.00 0.48 -1 -1 11.71 
1.260 2 1 0 0 -0.0064 0.0064 0.0000 0 0.0000 0  1845 2404 2580 2676 2808 2908 2870 2334  1 1 1 0 0 0.00 0 0 1.00 0.48 -1 -1 11.70 
1.270 2 1 0 0 -0.0248 0.0248 0.2230 1 2.6600 1  1833 2400 2576 2670 2806 2911 2881 2375  1 1 1 0 0 3.04 0 5 0.74 0.48 5 7 11.71 
1.280 2 1 0 0 -0.0049 0.0049 0.2742 1 2.6600 1  1857 2402 2558 2667 2814 2903 2920 2400  1 1 1 0 0 2.89 0 5 0.74 0.49 5 7 11.72 
1.290 2 1 0 0 -0.0029 0.0029 0.3717 1 2.6600 1  1825 2407 2565 2676 2819 2940 2948 2438  1 1 1 0 0 2.59 0 5 0.76 0.48 5 7 11.71 
1.300 2 1 0 0 -0.0016 0.0016 0.4115 1 2.6600 1  1840 2399 2572 2670 2830 2954 2972 2464  1 1 1 0 0 2.47 0 5 0.77 0.47 5 7 11.71 
1.310 2 1 0 0 -0.0206 0.0206 0.4454 1 2.6600 1  1849 2397 2559 2688 2836 2974 2997 2491  1 1 1 0 0 2.37 0 5 0.78 0.48 5 7 11.70 
1.320 2 1 0 0 0.0015 -0.0015 0.5090 1 2.6600 1  1848 2394 2553 2660 2849 3001 3018 2528  1 1 1 0 0 2.18 0 5 0.79 0.48 5 7 11.72 
1.330 2 1 0 0 0.0012 -0.0012 0.5280 1 2.6600 1  1820 2392 2548 2659 2857 3025 3045 2560  1 1 1 0 0 2.12 0 5 0.80 0.48 5 7 11.72 
1.340 2 1 0 0 -0.0159 0.0159 0.5145 1 2.6600 1  1837 2386 2549 2659 2873 3045 3046 2588  1 1 1 0 0 2.16 0 5 0.81 0.48 5 7 11.72 
1.350 2 1 0 0 0.0012 -0.0012 0.5424 1 2.6600 1  1837 2382 2544 2681 2874 3060 3099 2602  1 1 1 0 0 2.08 0 5 0.82 0.47 5 7 11.71 
1.360 2 1 0 0 -0.0178 0.0178 0.5868 1 2.6600 1  1840 2389 2550 2704 2899 3091 3171 2630  1 1 1 0 0 1.95 0 5 0.83 0.48 5 7 11.72 
1.370 2 1 0 0 -0.0163 0.0163 0.5617 1 2.6600 1  1836 2385 2552 2686 2921 3113 3154 2652  1 1 1 0 0 2.02 0 5 0.85 0.48 5 7 11.72 
1.380 2 1 0 0 -0.0165 0.0165 0.5387 1 2.6600 1  1835 2387 2555 2696 2931 3135 3206 2676  1 1 1 0 0 2.09 0 5 0.85 0.48 5 7 11.72 
1.390 2 1 0 0 -0.0122 0.0122 0.4959 1 2.6600 1  1832 2391 2560 2716 2958 3154 3213 2693  1 1 1 0 0 2.22 0 5 0.86 0.48 5 7 11.71 
1.400 2 1 0 0 0.0041 -0.0041 0.5246 1 2.6600 1  1833 2389 2562 2717 2973 3181 3224 2714  1 1 1 0 0 2.13 0 5 0.87 0.48 5 7 11.72 
1.410 2 1 0 0 -0.0331 0.0331 0.4326 1 2.6600 1  1841 2409 2573 2737 3003 3208 3251 2742  1 1 1 0 0 2.41 0 5 0.89 0.48 5 7 11.72 
1.420 2 1 0 0 -0.0128 0.0128 0.4588 1 2.6600 1  1838 2386 2580 2753 3027 3225 3272 2752  1 1 1 0 0 2.33 0 5 0.89 0.48 5 7 11.72 
1.430 2 1 0 0 -0.0142 0.0142 0.3525 1 2.6600 1  1844 2398 2583 2770 3061 3242 3274 2762  1 1 1 0 0 2.65 0 5 0.90 0.48 5 7 11.72 
1.440 2 1 0 0 -0.0155 0.0155 0.4827 1 2.6600 1  1845 2385 2591 2783 3052 3264 3292 2780  1 1 1 0 0 2.26 0 5 0.90 0.48 5 7 11.72 
1.450 2 1 0 0 0.0025 -0.0025 0.2900 1 2.6600 1  1836 2418 2589 2793 3076 3269 3298 2781  1 1 1 0 0 2.84 0 5 0.91 0.48 5 7 11.72 
1.460 2 1 0 0 0.0000 -0.0000 0.3175 1 2.6600 1  1843 2394 2600 2818 3124 3297 3326 2795  1 1 1 0 0 2.76 0 5 0.92 0.48 5 7 11.72 
1.470 2 1 0 0 -0.0202 0.0202 0.2385 1 2.6600 1  1843 2399 2608 2841 3162 3311 3332 2788  1 1 1 0 0 2.99 0 5 0.92 0.48 5 7 11.72 
1.480 2 1 0 0 -0.0010 0.0010 0.2013 1 2.6600 1  1837 2434 2608 2862 3168 3328 3336 2800  1 1 1 0 0 3.10 0 5 0.93 0.48 5 7 11.72 
1.490 2 1 0 0 -0.0035 0.0035 0.1886 1 2.6600 1  1830 2410 2602 2878 3190 3341 3352 2826  1 1 1 0 0 3.14 0 5 0.93 0.48 5 7 11.72 
1.500 2 1 0 0 0.0131 -0.0131 0.1544 1 2.6600 1  1830 2403 2628 2902 3206 3359 3367 2827  1 1 1 0 0 3.25 0 5 0.94 0.48 5 7 11.72 
1.510 2 1 0 0 -0.0083 0.0083 0.1054 1 2.6600 1  1831 2399 2625 2922 3230 3370 3366 2807  1 1 1 0 0 3.39 0 5 0.93 0.48 5 7 11.72 
1.520 2 1 0 0 -0.0075 0.0075 0.0466 1 2.6600 1  1832 2414 2649 2949 3240 3372 3373 2808  1 1 1 0 0 3.57 0 5 0.94 0.48 5 7 11.72 
1.530 2 1 0 0 -0.0114 0.0114 0.0292 1 2.6600 1  1832 2411 2658 2974 3259 3392 3375 2833  1 1 1 0 0 3.62 0 5 0.94 0.48 5 7 11.72 
1.540 2 1 0 0 -0.0118 0.0118 -0.0216 1 2.6600 1  1839 2401 2673 3003 3268 3406 3380 2833  1 1 1 0 0 3.77 0 5 0.94 0.48 5 7 11.72 
1.550 2 1 0 0 0.0033 -0.0033 -0.0720 1 2.6600 1  1840 2428 2696 3026 3294 3415 3387 2836  1 1 1 0 0 3.92 0 5 0.95 0.48 5 7 11.71 
1.560 2 1 0 0 -0.0133 0.0133 -0.1365 1 2.6600 1  1845 2434 2721 3050 3313 3433 3385 2829  1 1 1 0 0 4.12 0 5 0.95 0.48 5 7 11.72 
1.570 2 1 0 0 0.0054 -0.0054 -0.2392 1 2.6600 1  1848 2453 2733 3081 3330 3444 3389 2852  1 1 1 0 0 4.43 0 5 0.94 0.49 4 7 11.72 
1.580 2 1 0 0 -0.0139 0.0139 -0.3072 1 2.6600 1  1862 2470 2755 3104 3362 3426 3393 2832  1 1 1 0 0 4.63 0 5 0.94 0.49 4 7 11.72 
1.590 2 1 0 0 0.0061 -0.0061 -0.3992 1 2.6600 1  1874 2488 2783 3139 3369 3444 3400 2835  1 1 1 0 0 4.91 0 5 0.95 0.49 4 7 11.72 
1.600 2 1 0 0 -0.0140 0.0140 -0.4482 1 2.6600 1  1877 2499 2794 3168 3390 3447 3402 2840  1 1 1 0 0 5.05 0 5 0.95 0.50 4 7 11.71 
1.610 2 1 0 0 0.0092 -0.0092 -0.4908 1 2.6600 1  1897 2532 2853 3202 3411 3456 3401 2852  1 1 1 0 0 5.18 0 5 0.96 0.50 4 7 11.72 
1.620 2 1 0 0 -0.0132 0.0132 -0.5522 1 2.6600 1  1909 2550 2890 3225 3421 3473 3407 2858  1 1 1 0 0 5.37 0 5 0.96 0.51 4 7 11.71 
1.630 2 1 0 0 -0.0130 0.0130 -0.6133 1 2.6600 1  1917 2580 2917 3267 3438 3471 3406 2861  1 1 1 0 0 5.55 0 5 0.96 0.52 4 7 11.71 
1.640 2 1 0 0 0.0032 -0.0032 -0.6425 1 2.6600 1  1941 2596 2943 3271 3441 3471 3409 2861  1 1 1 0 0 5.64 0 5 0.96 0.52 4 7 11.69 
1.650 2 1 0 0 -0.0162 0.0162 -0.7136 1 2.6600 1  1951 2621 2981 3298 3449 3476 3410 2863  1 1 1 0 0 5.85 0 5 0.96 0.53 4 7 11.71 
1.660 2 1 0 0 -0.0143 0.0143 -0.7911 1 2.6600 1  1960 2651 3022 3316 3461 3473 3406 2861  1 1 1 0 0 6.08 0 5 0.96 0.53 4 7 11.71 
1.670 2 1 0 0 -0.0144 0.0144 -0.8874 1 2.6600 1  1943 2675 3043 3323 3472 3478 3397 2861  1 1 1 0 0 6.37 0 5 0.96 0.53 3 7 11.72 
1.680 2 1 0 0 -0.0116 0.0116 -0.9500 1 2.6600 1  1968 2702 3076 3347 3480 3487 3392 2868  1 1 1 0 0 6.56 1 5 0.96 0.53 3 7 11.71 
1.690 2 1 0 0 0.0050 -0.0050 -1.0105 1 2.6600 1  1988 2724 3100 3378 3482 3468 3409 2863  1 1 1 0 0 6.74 11 5 0.96 0.53 3 7 11.71 
1.700 2 1 0 0 -0.0128 0.0128 -1.0630 1 2.6600 1  2021 2747 3124 3379 3490 3480 3401 2857  1 1 1 0 0 6.90 20 5 0.96 0.53 3 7 11.72 
1.710 2 1 0 0 -0.0119 0.0119 -1.1375 1 2.6600 1  2012 2767 3148 3390 3480 3482 3404 2848  1 1 1 0 0 7.12 20 5 0.96 0.53 3 7 11.71 
1.720 2 1 0 0 -0.0122 0.0122 -1.2044 1 2.6600 1  2036 2794 3170 3390 3486 3477 3403 2844  1 1 1 0 0 7.32 20 5 0.96 0.53 3 7 11.72 
1.730 2 1 0 0 0.0093 -0.0093 -1.2417 1 2.6600 1  2060 2811 3190 3414 3489 3483 3405 2852  1 1 1 0 0 7.43 20 5 0.96 0.53 3 7 11.72 
1.740 2 1 0 0 -0.0109 0.0109 -1.2593 1 2.6600 1  2074 2832 3204 3424 3491 3479 3415 2841  1 1 1 0 0 7.49 20 5 0.96 0.53 3 7 11.72 
1.750 2 1 0 0 -0.0105 0.0105 -1.2700 1 2.7071 1  2093 2858 3220 3432 3484 3480 3400 2836  1 1 1 0 0 7.66 20 5 0.98 0.53 3 6 11.72 
1.760 2 1 0 0 -0.0102 0.0102 -1.3559 1 2.6600 1  2109 2878 3232 3432 3490 3475 3401 2829  1 1 1 0 0 7.78 20 5 0.96 0.53 3 7 11.72 
1.770 2 1 0 0 -0.0250 0.0250 -1.3457 1 2.7019 1  2133 2876 3248 3442 3478 3485 3392 2813  1 1 1 0 0 7.87 20 5 0.98 0.53 3 6 11.72 
1.780 2 1 0 0 -0.0058 0.0058 -1.3747 1 2.6947 1  2145 2936 3258 3451 3488 3483 3417 2816  1 1 1 0 0 7.94 20 5 0.98 0.53 3 6 11.72 
1.790 2 1 0 0 -0.0057 0.0057 -1.4311 1 2.6993 1  2172 2964 3277 3456 3515 3482 3405 2851  1 1 1 0 0 8.12 20 5 0.98 0.53 3 6 11.72 
1.800 2 1 0 0 -0.0070 0.0070 -1.4642 1 2.6968 1  2198 2978 3290 3463 3502 3484 3405 2825  1 1 1 0 0 8.21 20 5 0.98 0.53 3 6 11.72 
1.810 2 1 0 0 -0.0266 0.0266 -1.5080 1 2.6880 1  2224 2987 3301 3459 3486 3483 3399 2784  1 1 1 0 0 8.32 20 5 0.98 0.53 3 6 11.72 
1.820 2 1 0 0 -0.0057 0.0057 -1.6141 1 2.6910 1  2248 3009 3313 3461 3473 3479 3395 2784  1 1 1 0 0 8.64 20 5 0.97 0.53 3 6 11.72 
1.830 2 1 0 0 -0.0073 0.0073 -1.6437 1 2.6824 1  2280 3045 3335 3464 3505 3481 3391 2775  1 1 1 0 0 8.71 20 5 0.98 0.53 3 6 11.72 
1.840 2 1 0 0 -0.0067 0.0067 -1.8278 1 2.6902 1  2309 3080 3342 3467 3506 3481 3394 2766  1 1 1 0 0 9.28 20 5 0.97 0.53 2 6 11.72 
1.850 2 1 0 0 0.0069 -0.0069 -1.9319 1 2.6839 1  2338 3126 3358 3471 3507 3482 3395 2762  1 1 1 0 0 9.58 20 5 0.97 0.53 2 6 11.72 
1.860 2 1 0 0 -0.0105 0.0105 -1.9305 1 2.6823 1  2359 3116 3343 3458 3482 3467 3375 2736  1 1 1 0 0 9.57 20 5 0.97 0.53 2 6 11.71 
1.870 2 1 0 0 -0.0134 0.0134 -1.9991 1 2.6819 1  2403 3178 3393 3478 3517 3483 3393 2757  1 1 1 0 0 9.77 20 5 0.98 0.53 2 6 11.72 
1.880 2 1 0 0 -0.0307 0.0307 -2.0397 1 2.6656 1  2435 3184 3390 3483 3499 3469 3386 2716  1 1 1 0 0 9.84 20 5 0.97 0.53 2 6 11.72 
1.890 2 1 0 0 0.0078 -0.0078 -2.0660 1 2.6575 1  2466 3213 3411 3484 3493 3478 3384 2694  1 1 1 0 0 9.90 20 5 0.98 0.53 2 6 11.72 
1.900 2 1 0 0 -0.0139 0.0139 -2.1107 1 2.5385 1  2500 3223 3416 3480 3512 3479 3374 2678  1 1 1 0 0 9.68 20 5 0.98 0.53 2 6 11.71 
1.910 2 1 0 0 -0.0098 0.0098 -2.1645 1 2.5496 1  2529 3242 3414 3482 3497 3453 3372 2668  1 1 1 0 0 9.87 20 5 0.97 0.53 2 6 11.72 
1.920 2 1 0 0 0.0074 -0.0074 -2.2248 1 2.5363 1  2561 3255 3424 3476 3508 3474 3360 2663  1 1 1 0 0 10.01 20 5 0.97 0.53 2 6 11.72 
1.930 2 1 0 0 -0.0100 0.0100 -2.2844 1 2.4733 1  2591 3273 3424 3475 3489 3467 3359 2634  1 1 1 0 0 10.00 20 5 0.97 0.53 2 6 11.71 
1.940 2 1 0 0 0.0262 -0.0262 -2.3796 1 2.4590 1  2628 3287 3445 3480 3494 3482 3352 2620  1 1 1 0 0 10.24 20 5 0.97 0.53 1 6 11.71 
1.950 2 1 0 0 -0.0161 0.0161 -2.4266 1 2.4193 1  2633 3303 3443 3479 3492 3476 3341 2605  1 1 1 0 0 10.27 20 5 0.97 0.53 1 6 11.71 
1.960 2 1 0 0 0.0054 -0.0054 -2.4800 1 2.3759 1  2669 3314 3436 3475 3494 3469 3334 2578  1 1 1 0 0 10.30 20 5 0.97 0.53 1 6 11.70 
1.970 2 1 0 0 0.0018 -0.0018 -2.5383 1 2.3190 1  2704 3322 3442 3481 3491 3460 3325 2542  1 1 1 0 0 10.30 20 5 0.97 0.53 1 6 11.71 
1.980 2 1 0 0 -0.0150 0.0150 -2.6610 1 2.2703 1  2739 3338 3446 3473 3499 3463 3311 2513  1 1 1 0 0 10.52 20 5 0.97 0.53 1 6 11.71 
1.990 2 1 0 0 0.0009 -0.0009 -2.6662 1 2.2323 1  2755 3347 3467 3487 3491 3479 3306 2482  1 1 1 0 0 10.42 20 5 0.97 0.53 1 6 11.71 
2.000 2 1 0 0 -0.0160 0.0160 -2.6716 1 2.2012 1  2772 3359 3440 3472 3489 3451 3291 2460  1 1 1 0 0 10.35 20 5 0.97 0.53 1 6 11.71 
2.010 2 1 0 0 0.0043 -0.0043 -2.6765 1 2.1371 1  2801 3369 3455 3477 3501 3450 3276 2426  1 1 1 0 0 10.17 20 5 0.98 0.53 1 5 11.71 
2.020 2 1 0 0 -0.0172 0.0172 -2.6823 1 2.1068 1  2836 3375 3458 3480 3494 3450 3267 2400  1 1 1 0 0 10.10 20 5 0.98 0.53 1 5 11.70 
2.030 2 1 0 0 0.0044 -0.0044 -2.6894 1 2.0991 1  2842 3385 3451 3491 3496 3443 3258 2379  1 1 1 0 0 10.09 20 5 0.98 0.53 1 5 11.71 
2.040 2 1 0 0 0.0002 -0.0002 -2.6922 1 2.0577 1  2879 3385 3463 3514 3498 3451 3287 2348  1 1 1 0 0 9.98 20 5 0.98 0.53 1 5 11.71 
2.050 2 1 0 0 -0.0171 0.0171 -2.7015 1 2.0200 1  2867 3388 3456 3492 3490 3431 3235 2315  1 1 1 0 0 9.89 20 5 0.98 0.53 1 5 11.72 
2.060 2 1 0 0 0.0021 -0.0021 -2.7064 1 1.9892 1  2893 3397 3463 3460 3493 3435 3186 2292  1 1 1 0 0 9.81 20 5 0.98 0.53 1 5 11.71 
2.070 2 1 0 0 0.0007 -0.0007 -2.7117 1 1.9342 1  2910 3395 3464 3496 3483 3422 3199 2253  1 1 1 0 0 9.67 20 5 0.98 0.53 1 5 11.71 
2.080 2 1 0 0 0.0004 -0.0004 -2.7107 1 1.9226 1  2912 3401 3460 3490 3484 3415 3160 2222  1 1 1 0 0 9.63 20 5 0.98 0.53 1 5 11.71 
2.090 2 1 0 0 -0.0013 0.0013 -2.6600 1 1.8983 1  2907 3391 3463 3480 3480 3400 3123 2190  1 1 1 0 0 9.40 20 5 0.97 0.53 0 5 11.72 
2.100 2 1 0 0 0.0019 -0.0019 -2.6600 1 1.7832 1  2930 3408 3466 3479 3482 3395 3102 2160  1 1 1 0 0 9.06 20 5 0.97 0.53 0 5 11.72 
2.110 2 1 0 0 0.0192 -0.0192 -2.6600 1 1.7453 1  2913 3399 3461 3474 3469 3377 3078 2139  1 1 1 0 0 8.94 20 5 0.96 0.53 0 5 11.72 
2.120 2 1 0 0 -0.0012 0.0012 -2.6600 1 1.6546 1  2923 3413 3463 3478 3467 3366 3038 2108  1 1 1 0 0 8.67 20 5 0.97 0.53 0 5 11.72 
2.130 2 1 0 0 -0.0035 0.0035 -2.6600 1 1.5764 1  2917 3388 3452 3470 3463 3342 2981 2078  1 1 1 0 0 8.44 20 5 0.96 0.53 0 5 11.72 
2.140 2 1 0 0 -0.0010 0.0010 -2.6600 1 1.4899 1  2927 3395 3448 3461 3456 3328 2961 2064  1 1 1 0 0 8.18 20 5 0.97 0.53 0 4 11.72 
2.150 2 1 0 0 0.0182 -0.0182 -2.6600 1 1.4404 1  2921 3397 3439 3455 3454 3303 2923 2047  1 1 1 0 0 8.03 20 5 0.96 0.53 0 4 11.72 
2.160 2 1 0 0 -0.0010 0.0010 -2.6600 1 1.3990 1  2918 3398 3435 3447 3424 3288 2895 2061  1 1 1 0 0 7.91 20 5 0.96 0.53 0 4 11.72 
2.170 2 1 0 0 -0.0016 0.0016 -2.6600 1 1.3430 1  2916 3417 3430 3437 3422 3257 2871 2026  1 1 1 0 0 7.74 20 5 0.96 0.53 0 4 11.72 
2.180 2 1 0 0 -0.0005 0.0005 -2.6600 1 1.3201 1  2915 3364 3429 3434 3385 3243 2837 1988  1 1 1 0 0 7.67 20 5 0.95 0.53 0 4 11.72 
2.190 2 1 0 0 0.0018 -0.0018 -2.6600 1 1.2641 1  2914 3367 3429 3433 3379 3227 2804 2004  1 1 1 0 0 7.50 20 5 0.96 0.53 0 4 11.72 
2.200 2 1 0 0 0.0011 -0.0011 -2.6600 1 1.2391 1  2908 3352 3431 3418 3364 3205 2785 1961  1 1 1 0 0 7.43 20 5 0.95 0.53 0 4 11.72 
2.210 2 1 0 0 0.0047 -0.0047 -2.6600 1 1.1988 1  2910 3384 3444 3422 3355 3186 2772 1981  1 1 1 0 0 7.30 20 5 0.95 0.53 0 4 11.72 
2.220 2 1 0 0 0.0029 -0.0029 -2.6600 1 1.1191 1  2899 3358 3422 3405 3362 3153 2747 1982  1 1 1 0 0 7.07 20 5 0.95 0.53 0 4 11.72 
2.230 2 1 0 0 -0.0135 0.0135 -2.6600 1 1.1527 1  2894 3362 3416 3394 3336 3131 2726 1980  1 1 1 0 0 7.17 20 5 0.94 0.53 0 4 11.72 
2.240 2 1 0 0 0.0073 -0.0073 -2.6600 1 0.9767 1  2893 3362 3423 3390 3325 3108 2706 1963  1 1 1 0 0 6.64 20 5 0.94 0.53 0 4 11.72 
2.250 2 1 0 0 -0.0110 0.0110 -2.7086 1 0.7525 1  2946 3468 3533 3491 3403 3141 2730 1978  1 1 1 0 0 6.11 13 5 1.00 0.53 1 3 11.72 
2.260 2 1 0 0 -0.0106 0.0106 -2.6600 1 0.7967 1  2892 3369 3427 3387 3301 3039 2687 1965  1 1 1 0 0 6.10 3 5 0.95 0.53 0 3 11.72 
2.270 2 1 0 0 -0.0122 0.0122 -2.6600 1 0.7112 1  2874 3338 3405 3346 3238 3017 2665 1933  1 1 1 0 0 5.84 0 5 0.94 0.52 0 3 11.71 
2.280 2 1 0 0 -0.0089 0.0089 -2.6600 1 0.6747 1  2875 3350 3392 3343 3242 3004 2648 1941  1 1 1 0 0 5.73 0 5 0.94 0.52 0 3 11.71 
2.290 2 1 0 0 -0.0105 0.0105 -2.6600 1 0.6264 1  2865 3349 3380 3320 3222 2966 2642 1931  1 1 1 0 0 5.59 0 5 0.94 0.52 0 3 11.71 
2.300 2 1 0 0 -0.0100 0.0100 -2.6600 1 0.5747 1  2863 3341 3386 3304 3203 2941 2631 1929  1 1 1 0 0 5.43 0 5 0.93 0.52 0 3 11.72 
2.310 2 1 0 0 0.0071 -0.0071 -2.6600 1 0.5368 1  2853 3339 3354 3289 3183 2932 2634 1928  1 1 1 0 0 5.32 0 5 0.93 0.52 0 3 11.71 
2.320 2 1 0 0 -0.0144 0.0144 -2.6600 1 0.4961 1  2857 3328 3376 3273 3155 2937 2618 1924  1 1 1 0 0 5.20 0 5 0.93 0.51 0 3 11.72 
2.330 2 1 0 0 0.0053 -0.0053 -2.6600 1 0.4181 1  2839 3326 3332 3252 3127 2889 2605 1919  1 1 1 0 0 4.96 0 5 0.92 0.51 0 3 11.71 
2.340 2 1 0 0 0.0049 -0.0049 -2.6600 1 0.2387 1  2850 3308 3336 3235 3090 2884 2603 1907  1 1 1 0 0 4.42 0 5 0.93 0.51 0 2 11.71 
2.350 2 1 0 0 0.0050 -0.0050 -2.6600 1 0.2087 1  2814 3307 3317 3209 3074 2865 2597 1906  1 1 1 0 0 4.33 0 5 0.92 0.51 0 2 11.71 
2.360 2 1 0 0 0.0021 -0.0021 -2.6600 1 0.1018 1  2836 3302 3301 3188 3050 2871 2590 1906  1 1 1 0 0 4.01 0 5 0.92 0.51 0 2 11.70 
2.370 2 1 0 0 0.0026 -0.0026 -2.6600 1 0.0306 1  2841 3282 3286 3173 3032 2873 2607 1907  1 1 1 0 0 3.80 0 5 0.91 0.48 0 2 11.71 
2.380 2 1 0 0 0.0026 -0.0026 -2.6600 1 -0.0351 1  2826 3284 3281 3130 3001 2850 2583 1906  1 1 1 0 0 3.60 0 5 0.91 0.51 0 2 11.70 
2.390 2 1 0 0 0.0014 -0.0014 -2.6600 1 -0.2170 1  2810 3274 3262 3103 2983 2839 2571 1902  1 1 1 0 0 3.06 0 5 0.91 0.50 0 2 11.71 
2.400 2 1 0 0 0.0019 -0.0019 -2.6600 1 -0.3408 1  2833 3290 3269 3080 2978 2853 2570 1907  1 1 1 0 0 2.69 0 5 0.91 0.50 0 2 11.72 
2.410 2 1 0 0 -0.0014 0.0014 -2.6600 1 -0.3139 1  2813 3261 3246 3076 2957 2856 2610 1918  1 1 1 0 0 2.77 0 5 0.90 0.51 0 2 11.70 
2.420 2 1 0 0 -0.0207 0.0207 -2.6600 1 -0.3370 1  2826 3253 3238 3063 2944 2852 2597 1913  1 1 1 0 0 2.70 0 5 0.90 0.51 0 2 11.72 
2.430 2 1 0 0 0.0004 -0.0004 -2.6600 1 -0.3855 1  2814 3252 3224 3061 2937 2852 2579 1919  1 1 1 0 0 2.55 0 5 0.90 0.51 0 2 11.71 
2.440 2 1 0 0 -0.0013 0.0013 -2.6600 1 -0.5416 1  2818 3250 3219 3035 2939 2856 2613 1920  1 1 1 0 0 2.08 0 5 0.90 0.51 0 2 11.72 
2.450 2 1 0 0 0.0035 -0.0035 -2.6600 1 -0.5589 1  2805 3257 3195 2994 2927 2855 2581 1922  1 1 1 0 0 2.03 0 5 0.89 0.52 0 2 11.72 
2.460 2 1 0 0 0.0017 -0.0017 -2.6600 1 -0.5623 1  2819 3244 3184 2976 2918 2859 2615 1932  1 1 1 0 0 2.02 0 5 0.89 0.52 0 2 11.71 
2.470 2 1 0 0 -0.0140 0.0140 -2.6600 1 -0.6098 1  2791 3225 3160 2955 2915 2859 2624 1928  1 1 1 0 0 1.88 0 5 0.88 0.51 0 2 11.72 
2.480 2 1 0 0 0.0079 -0.0079 -2.6600 1 -0.6410 1  2787 3195 3137 2940 2896 2858 2626 1929  1 1 1 0 0 1.79 0 5 0.88 0.52 0 2 11.72 
2.490 2 1 0 0 -0.0096 0.0096 -2.6600 1 -0.6538 1  2765 3184 3119 2922 2909 2862 2617 1931  1 1 1 0 0 1.75 0 5 0.87 0.51 0 2 11.72 
2.500 2 1 0 0 0.0111 -0.0111 -2.6600 1 -0.6525 1  2749 3167 3096 2911 2906 2857 2619 1932  1 1 1 0 0 1.75 0 5 0.86 0.52 0 2 11.72 
2.510 2 1 0 0 -0.0089 0.0089 -2.6600 1 -0.6835 1  2725 3135 3074 2887 2887 2852 2602 1919  1 1 1 0 0 1.66 0 5 0.85 0.52 0 2 11.72 
2.520 2 1 0 0 -0.0050 0.0050 -2.6600 1 -0.7063 1  2700 3097 3036 2868 2903 2851 2576 1930  1 1 1 0 0 1.59 0 5 0.84 0.52 0 2 11.72 
2.530 2 1 0 0 -0.0062 0.0062 -2.6600 1 -0.7082 1  2670 3118 3016 2854 2927 2843 2608 1943  1 1 1 0 0 1.58 0 5 0.83 0.52 0 2 11.72 
2.540 2 1 0 0 -0.0218 0.0218 -2.6600 1 -0.6783 1  2632 3043 2968 2837 2874 2838 2599 1910  1 1 1 0 0 1.67 0 5 0.81 0.51 0 2 11.72 
2.550 2 1 0 0 0.0152 -0.0152 -2.6600 1 -0.6758 1  2597 2997 2931 2819 2860 2827 2592 1906  1 1 1 0 0 1.68 0 5 0.80 0.51 0 2 11.72 
2.560 2 1 0 0 -0.0231 0.0231 -2.6600 1 -0.6240 1  2554 2965 2895 2791 2858 2811 2575 1889  1 1 1 0 0 1.84 0 5 0.78 0.50 0 2 11.72 
2.570 2 1 0 0 0.0163 -0.0163 -2.6600 1 -0.5840 1  2517 2955 2858 2784 2880 2800 2559 1939  1 1 1 0 0 1.96 0 5 0.77 0.50 0 2 11.72 
2.580 2 1 0 0 -0.0029 0.0029 -2.6600 1 -0.4094 1  2475 2885 2812 2766 2837 2776 2554 1858  1 1 1 0 0 2.48 0 5 0.75 0.48 0 2 11.72 
2.590 2 1 0 0 -0.0039 0.0039 -2.6600 1 1.2557 1  2436 2849 2775 2758 2830 2761 2545 1889  1 1 1 0 0 7.48 3 5 0.73 0.49 0 2 11.71 
2.600 2 1 0 0 -0.0054 0.0054 -2.6600 1 -0.4245 1  2395 2799 2748 2735 2808 2759 2531 1872  1 1 1 0 0 2.43 9 5 0.73 0.49 0 1 11.71 
2.610 2 1 0 0 -0.0063 0.0063 -2.6600 1 1.2856 1  2358 2771 2721 2730 2807 2748 2517 1879  1 1 1 0 0 7.57 15 5 0.71 0.49 0 1 11.72 
2.620 2 1 0 0 0.0134 -0.0134 -2.6918 1 1.2804 1  2332 2737 2719 2722 2788 2769 2516 1837  1 1 1 0 0 7.64 11 5 0.72 0.49 1 1 11.72 
2.630 2 1 0 0 0.0121 -0.0121 -2.6901 1 1.2890 1  2302 2706 2686 2717 2782 2731 2509 1829  1 1 1 0 0 7.67 20 5 0.70 0.49 1 1 11.71 
2.640 2 1 0 0 -0.0084 0.0084 0.0000 0 0.0000 0  2262 2678 2673 2705 2777 2731 2498 1822  1 1 1 0 0 0.00 0 0 1.00 0.47 -1 -1 11.72 
2.650 2 1 0 0 0.0079 -0.0079 0.0000 0 0.0000 0  2228 2657 2648 2700 2769 2712 2494 1833  1 1 1 0 0 0.00 0 0 1.00 0.47 -1 -1 11.71 
2.660 2 1 0 0 0.0107 -0.0107 0.0000 0 0.0000 0  2188 2628 2660 2696 2761 2715 2491 1814  1 1 1 0 0 0.00 0 0 1.00 0.47 -1 -1 11.71 
2.670 2 1 0 0 0.0075 -0.0075 0.0000 0 0.0000 0  2186 2613 2673 2701 2767 2736 2493 1808  1 1 1 0 0 0.00 0 0 1.00 0.46 -1 -1 11.72 
2.680 2 1 0 0 0.0083 -0.0083 0.0000 0 0.0000 0  2166 2595 2636 2699 2760 2724 2484 1809  1 1 1 0 0 0.00 0 0 1.00 0.46 -1 -1 11.71 
2.690 2 1 0 0 0.0237 -0.0237 0.0000 0 0.0000 0  2150 2585 2652 2712 2772 2717 2498 1797  1 1 1 0 0 0.00 0 0 1.00 0.46 -1 -1 11.71 
2.700 2 1 0 0 0.0024 -0.0024 0.0000 0 0.0000 0  2128 2583 2657 2711 2778 2732 2502 1802  1 1 1 0 0 0.00 0 0 1.00 0.46 -1 -1 11.71 
2.710 2 1 0 0 0.0238 -0.0238 0.0000 0 0.0000 0  2113 2569 2650 2717 2780 2722 2498 1801  1 1 1 0 0 0.00 0 0 1.00 0.46 -1 -1 11.72 
2.720 2 1 0 0 0.0018 -0.0018 0.0000 0 0.0000 0  2095 2569 2647 2738 2787 2734 2534 1803  1 1 1 0 0 0.00 0 0 1.00 0.46 -1 -1 11.71 
2.730 2 1 0 0 -0.0139 0.0139 0.0000 0 0.0000 0  2058 2561 2667 2714 2794 2744 2495 1801  1 1 1 0 0 0.00 0 0 1.00 0.46 -1 -1 11.72 
2.740 2 1 0 0 0.0041 -0.0041 0.0000 0 0.0000 0  2050 2564 2665 2719 2797 2749 2495 1800  1 1 1 0 0 0.00 0 0 1.00 0.46 -1 -1 11.70 
2.750 2 1 0 0 0.0043 -0.0043 0.0000 0 0.0000 0  2062 2560 2665 2730 2795 2750 2491 1797  1 1 1 0 0 0.00 0 0 1.00 0.45 -1 -1 11.72 
2.760 2 1 0 0 0.0052 -0.0052 0.0000 0 0.0000 0  2038 2556 2669 2726 2801 2749 2487 1799  1 1 1 0 0 0.00 0 0 1.00 0.46 -1 -1 11.71 
2.770 2 1 0 0 -0.0136 0.0136 0.0000 0 0.0000 0  2028 2551 2672 2715 2804 2756 2491 1786  1 1 1 0 0 0.00 0 0 1.00 0.45 -1 -1 11.72 
2.780 2 1 0 0 0.0076 -0.0076 0.0000 0 0.0000 0  2004 2556 2686 2724 2807 2754 2506 1791  1 1 1 0 0 0.00 0 0 1.00 0.45 -1 -1 11.71 
2.790 2 1 0 0 0.0044 -0.0044 0.0000 0 0.0000 0  2035 2567 2684 2739 2811 2761 2491 1792  1 1 1 0 0 0.00 0 0 1.00 0.45 -1 -1 11.72 
2.800 2 1 0 0 0.0054 -0.0054 0.0000 0 0.0000 0  2028 2571 2691 2744 2823 2765 2495 1795  1 1 1 0 0 0.00 0 0 1.00 0.45 -1 -1 11.72 
2.810 2 1 0 0 0.0037 -0.0037 0.0000 0 0.0000 0  2023 2566 2699 2735 2826 2766 2483 1798  1 1 1 0 0 0.00 0 0 1.00 0.46 -1 -1 11.72 
2.820 2 1 0 0 -0.0115 0.0115 0.0000 0 0.0000 0  2017 2567 2700 2747 2821 2769 2502 1791  1 1 1 0 0 0.00 0 0 1.00 0.45 -1 -1 11.72 
2.830 2 1 0 0 0.0091 -0.0091 0.0000 0 0.0000 0  2023 2574 2707 2756 2837 2775 2496 1801  1 1 1 0 0 0.00 0 0 1.00 0.46 -1 -1 11.72 
2.840 2 1 0 0 -0.0075 0.0075 0.0000 0 0.0000 0  2018 2583 2712 2763 2834 2773 2496 1799  1 1 1 0 0 0.00 0 0 1.00 0.46 -1 -1 11.72 
2.850 2 1 0 0 0.0107 -0.0107 0.0000 0 0.0000 0  2018 2597 2720 2775 2847 2785 2499 1801  1 1 1 0 0 0.00 0 0 1.00 0.46 -1 -1 11.72 
2.860 2 1 0 0 -0.0259 0.0259 0.0000 0 0.0000 0  2022 2592 2725 2772 2855 2781 2501 1814  1 1 1 0 0 0.00 0 0 1.00 0.46 -1 -1 11.72 
2.870 2 1 0 0 -0.0043 0.0043 0.0000 0 0.0000 0  2023 2567 2723 2774 2851 2779 2484 1805  1 1 1 0 0 0.00 0 0 1.00 0.46 -1 -1 11.72 
2.880 2 1 0 0 -0.0231 0.0231 0.0000 0 0.0000 0  2020 2579 2720 2779 2827 2780 2491 1788  1 1 1 0 0 0.00 0 0 1.00 0.45 -1 -1 11.72 
2.890 2 1 0 0 -0.0003 0.0003 0.0000 0 0.0000 0  2019 2585 2720 2777 2849 2773 2483 1810  1 1 1 0 0 0.00 0 0 1.00 0.46 -1 -1 11.71 
2.900 2 1 0 0 -0.0024 0.0024 0.0000 0 0.0000 0  2018 2570 2715 2770 2833 2765 2478 1807  1 1 1 0 0 0.00 0 0 1.00 0.46 -1 -1 11.72 
2.910 2 1 0 0 0.0009 -0.0009 0.0000 0 0.0000 0  2012 2591 2717 2771 2849 2757 2465 1825  1 1 1 0 0 0.00 0 0 1.00 0.47 -1 -1 11.72 
2.920 2 1 0 0 -0.0042 0.0042 0.0000 0 0.0000 0  2005 2561 2704 2762 2822 2746 2460 1798  1 1 1 0 0 0.00 0 0 1.00 0.47 -1 -1 11.72 
2.930 2 1 0 0 0.0171 -0.0171 0.0000 0 0.0000 0  1993 2567 2688 2751 2803 2727 2448 1815  1 1 1 0 0 0.00 0 0 1.00 0.46 -1 -1 11.72 
2.940 2 1 0 0 -0.0034 0.0034 0.0000 0 0.0000 0  1989 2556 2691 2748 2806 2718 2442 1791  1 1 1 0 0 0.00 0 0 1.00 0.45 -1 -1 11.72 
2.950 2 1 0 0 -0.0028 0.0028 0.0000 0 0.0000 0  1990 2552 2701 2743 2796 2697 2439 1803  1 1 1 0 0 0.00 0 0 1.00 0.46 -1 -1 11.72 
2.960 2 1 0 0 0.0143 -0.0143 0.0000 0 0.0000 0  1983 2557 2690 2739 2807 2699 2431 1812  1 1 1 0 0 0.00 0 0 1.00 0.46 -1 -1 11.72 
2.970 2 1 0 0 -0.0078 0.0078 0.0000 0 0.0000 0  1973 2546 2670 2730 2791 2672 2429 1801  1 1 1 0 0 0.00 0 0 1.00 0.46 -1 -1 11.71 
2.980 2 1 0 0 -0.0023 0.0023 0.0000 0 0.0000 0  1978 2546 2685 2732 2784 2681 2436 1802  1 1 1 0 0 0.00 0 0 1.00 0.46 -1 -1 11.72 
2.990 2 1 0 0 -0.0049 0.0049 0.0000 0 0.0000 0  1974 2541 2676 2721 2778 2679 2439 1811  1 1 1 0 0 0.00 0 0 1.00 0.46 -1 -1 11.72 
3.000 2 1 0 0 -0.0032 0.0032 0.0000 0 0.0000 0  1976 2541 2691 2721 2777 2695 2446 1816  1 1 1 0 0 0.00 0 0 1.00 0.47 -1 -1 11.71 
3.010 2 1 0 0 0.0135 -0.0135 0.0000 0 0.0000 0  1979 2536 2669 2717 2771 2673 2453 1819  1 1 1 0 0 0.00 0 0 1.00 0.47 -1 -1 11.71 
3.020 2 1 0 0 -0.0249 0.0249 0.0000 0 0.0000 0  1972 2535 2663 2712 2761 2684 2454 1822  1 1 1 0 0 0.00 0 0 1.00 0.47 -1 -1 11.71 
3.030 2 1 0 0 -0.0019 0.0019 0.0000 0 0.0000 0  1980 2531 2665 2722 2752 2670 2462 1827  1 1 1 0 0 0.00 0 0 1.00 0.47 -1 -1 11.71 
3.040 2 1 0 0 -0.0032 0.0032 0.0000 0 0.0000 0  1966 2527 2656 2696 2742 2684 2462 1825  1 1 1 0 0 0.00 0 0 1.00 0.47 -1 -1 11.72 
3.050 2 1 0 0 0.0001 -0.0001 0.0000 0 0.0000 0  1958 2514 2648 2693 2719 2669 2465 1823  1 1 1 0 0 0.00 0 0 1.00 0.47 -1 -1 11.71 
3.060 2 1 0 0 -0.0010 0.0010 0.0000 0 0.0000 0  1951 2504 2635 2673 2714 2672 2471 1823  1 1 1 0 0 0.00 0 0 1.00 0.47 -1 -1 11.71 
3.070 2 1 0 0 -0.0167 0.0167 0.0000 0 0.0000 0  1966 2502 2628 2660 2706 2659 2465 1823  1 1 1 0 0 0.00 0 0 1.00 0.47 -1 -1 11.71 
3.080 2 1 0 0 0.0221 -0.0221 0.0000 0 0.0000 0  1948 2492 2620 2658 2698 2662 2474 1836  1 1 1 0 0 0.00 0 0 1.00 0.47 -1 -1 11.71 
3.090 2 1 0 0 0.0013 -0.0013 0.0000 0 0.0000 0  1938 2488 2610 2647 2686 2659 2457 1834  1 1 1 0 0 0.00 0 0 1.00 0.47 -1 -1 11.72 
3.100 2 1 0 0 0.0209 -0.0209 0.0000 0 0.0000 0  1929 2490 2598 2646 2683 2647 2476 1831  1 1 1 0 0 0.00 0 0 1.00 0.47 -1 -1 11.71 
3.110 2 1 0 0 -0.0021 0.0021 0.0000 0 0.0000 0  1935 2485 2598 2634 2679 2660 2477 1831  1 1 1 0 0 0.00 0 0 1.00 0.47 -1 -1 11.71 
3.120 2 1 0 0 -0.0010 0.0010 0.0000 0 0.0000 0  1920 2473 2595 2616 2670 2663 2475 1835  1 1 1 0 0 0.00 0 0 1.00 0.47 -1 -1 11.71 
3.130 2 1 0 0 0.0163 -0.0163 0.0000 0 0.0000 0  1937 2477 2590 2613 2666 2663 2471 1835  1 1 1 0 0 0.00 0 0 1.00 0.47 -1 -1 11.72 
3.140 2 1 0 0 0.0148 -0.0148 0.0000 0 0.0000 0  1953 2470 2587 2630 2671 2667 2508 1837  1 1 1 0 0 0.00 0 0 1.00 0.47 -1 -1 11.72 
3.150 2 1 0 0 0.0105 -0.0105 0.0000 0 0.0000 0  1928 2471 2584 2604 2673 2676 2488 1841  1 1 1 0 0 0.00 0 0 1.00 0.48 -1 -1 11.71 
3.160 2 1 0 0 -0.0107 0.0107 0.0000 0 0.0000 0  1920 2463 2583 2579 2668 2681 2499 1838  1 1 1 0 0 0.00 0 0 1.00 0.47 -1 -1 11.71 
3.170 2 1 0 0 0.0082 -0.0082 0.0000 0 0.0000 0  1931 2461 2579 2582 2680 2683 2477 1844  1 1 1 0 0 0.00 0 0 1.00 0.48 -1 -1 11.72 
3.180 2 1 0 0 -0.0115 0.0115 0.0000 0 0.0000 0  1925 2475 2582 2592 2683 2695 2492 1852  1 1 1 0 0 0.00 0 0 1.00 0.48 -1 -1 11.72 
3.190 2 1 0 0 0.0076 -0.0076 0.0000 0 0.0000 0  1918 2442 2568 2576 2681 2692 2488 1848  1 1 1 0 0 0.00 0 0 1.00 0.48 -1 -1 11.71 
3.200 2 1 0 0 0.0067 -0.0067 0.0000 0 0.0000 0  1932 2466 2585 2596 2698 2712 2512 1865  1 1 1 0 0 0.00 0 0 1.00 0.49 -1 -1 11.72 
3.210 2 1 0 0 0.0055 -0.0055 0.0000 0 0.0000 0  1926 2465 2590 2592 2702 2713 2519 1864  1 1 1 0 0 0.00 0 0 1.00 0.49 -1 -1 11.72 
3.220 2 1 0 0 0.0044 -0.0044 0.0000 0 0.0000 0  1928 2438 2580 2591 2694 2715 2507 1846  1 1 1 0 0 0.00 0 0 1.00 0.48 -1 -1 11.72 
3.230 2 1 0 0 0.0069 -0.0069 0.0000 0 0.0000 0  1930 2458 2584 2599 2690 2725 2528 1850  1 1 1 0 0 0.00 0 0 1.00 0.48 -1 -1 11.72 
3.240 2 1 0 0 0.0255 -0.0255 0.0000 0 0.0000 0  1931 2473 2581 2605 2728 2731 2528 1873  1 1 1 0 0 0.00 0 0 1.00 0.48 -1 -1 11.72 
3.250 2 1 0 0 -0.0127 0.0127 0.0000 0 0.0000 0  1960 2551 2667 2692 2838 2839 2616 1907  1 1 1 0 0 0.00 0 0 1.00 0.52 -1 -1 11.72 
3.260 2 1 0 0 0.0057 -0.0057 0.0000 0 0.0000 0  1930 2494 2577 2618 2775 2752 2547 1895  1 1 1 0 0 0.00 0 0 1.00 0.49 -1 -1 11.72 
3.270 2 1 0 0 -0.0134 0.0134 0.0000 0 0.0000 0  1917 2451 2541 2613 2731 2737 2531 1859  1 1 1 0 0 0.00 0 0 1.00 0.48 -1 -1 11.72 
3.280 2 1 0 0 -0.0091 0.0091 0.0000 0 0.0000 0  1912 2436 2542 2610 2745 2731 2528 1872  1 1 1 0 0 0.00 0 0 1.00 0.49 -1 -1 11.72 
3.290 2 1 0 0 0.0083 -0.0083 0.0000 0 0.0000 0  1904 2422 2530 2610 2722 2730 2524 1848  1 1 1 0 0 0.00 0 0 1.00 0.48 -1 -1 11.72 
3.300 2 1 0 0 0.0107 -0.0107 0.0000 0 0.0000 0  1902 2422 2546 2613 2741 2769 2515 1857  1 1 1 0 0 0.00 0 0 1.00 0.48 -1 -1 11.72 
3.310 2 1 0 0 0.0100 -0.0100 0.0000 0 0.0000 0  1893 2419 2515 2611 2757 2725 2515 1876  1 1 1 0 0 0.00 0 0 1.00 0.49 -1 -1 11.71 
3.320 2 1 0 0 -0.0056 0.0056 0.0000 0 0.0000 0  1885 2404 2509 2611 2734 2723 2507 1842  1 1 1 0 0 0.00 0 0 1.00 0.48 -1 -1 11.72 
3.330 2 1 0 0 -0.0027 0.0027 0.0000 0 0.0000 0  1881 2396 2527 2610 2733 2729 2494 1856  1 1 1 0 0 0.00 0 0 1.00 0.48 -1 -1 11.72 
3.340 2 1 0 0 -0.0201 0.0201 0.0000 0 0.0000 0  1881 2390 2508 2616 2732 2718 2497 1841  1 1 1 0 0 0.00 0 0 1.00 0.48 -1 -1 11.71 
3.350 2 1 0 0 0.0006 -0.0006 0.0000 0 0.0000 0  1876 2383 2498 2611 2734 2712 2498 1831  1 1 1 0 0 0.00 0 0 1.00 0.47 -1 -1 11.71 
3.360 2 1 0 0 -0.0175 0.0175 0.0000 0 0.0000 0  1866 2380 2486 2603 2727 2705 2487 1831  1 1 1 0 0 0.00 0 0 1.00 0.47 -1 -1 11.71 
3.370 2 1 0 0 0.0225 -0.0225 0.0000 0 0.0000 0  1856 2374 2507 2607 2724 2705 2480 1823  1 1 1 0 0 0.00 0 0 1.00 0.47 -1 -1 11.71 
3.380 2 1 0 0 0.0025 -0.0025 0.0000 0 0.0000 0  1848 2369 2512 2605 2725 2701 2473 1840  1 1 1 0 0 0.00 0 0 1.00 0.48 -1 -1 11.70 
3.390 2 1 0 0 0.0034 -0.0034 0.0000 0 0.0000 0  1841 2359 2508 2604 2718 2693 2472 1817  1 1 1 0 0 0.00 0 0 1.00 0.47 -1 -1 11.71 
3.400 2 1 0 0 0.0012 -0.0012 0.0000 0 0.0000 0  1837 2357 2498 2612 2716 2682 2463 1806  1 1 1 0 0 0.00 0 0 1.00 0.46 -1 -1 11.70 
3.410 2 1 0 0 0.0016 -0.0016 0.0000 0 0.0000 0  1796 2352 2502 2601 2711 2643 2456 1800  1 1 1 0 0 0.00 0 0 1.00 0.46 -1 -1 11.71 
3.420 2 1 0 0 0.0018 -0.0018 0.0000 0 0.0000 0  1812 2352 2514 2607 2703 2683 2479 1792  1 1 1 0 0 0.00 0 0 1.00 0.45 -1 -1 11.71 
3.430 2 1 0 0 0.0216 -0.0216 0.0000 0 0.0000 0  1802 2347 2482 2590 2698 2656 2430 1786  1 1 1 0 0 0.00 0 0 1.00 0.45 -1 -1 11.71 
3.440 2 1 0 0 0.0193 -0.0193 0.0000 0 0.0000 0  1804 2335 2497 2589 2693 2658 2437 1783  1 1 1 0 0 0.00 0 0 1.00 0.45 -1 -1 11.71 
3.450 2 1 0 0 0.0006 -0.0006 0.0000 0 0.0000 0  1785 2330 2485 2578 2686 2636 2426 1776  1 1 1 0 0 0.00 0 0 1.00 0.45 -1 -1 11.72 
3.460 2 1 0 0 0.0178 -0.0178 0.0000 0 0.0000 0  1763 2325 2486 2572 2671 2618 2408 1770  1 1 1 0 0 0.00 0 0 1.00 0.44 -1 -1 11.71 
3.470 2 1 0 0 -0.0015 0.0015 0.0000 0 0.0000 0  1757 2317 2475 2549 2664 2625 2399 1758  1 1 1 0 0 0.00 0 0 1.00 0.44 -1 -1 11.71 
3.480 2 1 0 0 -0.0032 0.0032 0.0000 0 0.0000 0  1742 2311 2468 2557 2654 2620 2388 1751  1 1 1 0 0 0.00 0 0 1.00 0.44 -1 -1 11.71 
3.490 2 1 0 0 -0.0058 0.0058 0.0000 0 0.0000 0  1721 2303 2457 2551 2644 2600 2376 1741  1 1 1 0 0 0.00 0 0 1.00 0.43 -1 -1 11.70 
3.500 2 1 0 0 0.0154 -0.0154 0.0000 0 0.0000 0  1731 2289 2443 2523 2632 2582 2345 1731  1 1 1 0 0 0.00 0 0 1.00 0.43 -1 -1 11.72 
3.510 2 1 0 0 -0.0058 0.0058 0.0000 0 0.0000 0  1726 2282 2434 2511 2625 2576 2313 1725  1 1 1 0 0 0.00 0 0 1.00 0.42 -1 -1 11.72 
3.520 2 1 0 0 -0.0043 0.0043 0.0000 0 0.0000 0  1726 2258 2429 2520 2606 2564 2346 1712  1 1 1 0 0 0.00 0 0 1.00 0.42 -1 -1 11.72 
3.530 2 1 0 0 0.0143 -0.0143 0.0000 0 0.0000 0  1716 2264 2422 2517 2600 2552 2342 1708  1 1 1 0 0 0.00 0 0 1.00 0.42 -1 -1 11.72 
3.540 2 1 0 0 -0.0045 0.0045 0.0000 0 0.0000 0  1719 2248 2420 2519 2586 2544 2340 1701  1 1 1 0 0 0.00 0 0 1.00 0.41 -1 -1 11.72 
3.550 2 1 0 0 0.0184 -0.0184 0.0000 0 0.0000 0  1715 2243 2413 2500 2576 2530 2310 1681  1 1 1 0 0 0.00 0 0 1.00 0.41 -1 -1 11.72 
3.560 2 1 0 0 -0.0027 0.0027 0.0000 0 0.0000 0  1708 2206 2409 2489 2551 2521 2303 1685  1 1 1 0 0 0.00 0 0 1.00 0.41 -1 -1 11.72 
3.570 2 1 0 0 -0.0185 0.0185 0.0000 0 0.0000 0  1714 2239 2406 2486 2565 2514 2294 1669  1 1 1 0 0 0.00 0 0 1.00 0.40 -1 -1 11.72 
3.580 2 1 0 0 0.0178 -0.0178 0.0000 0 0.0000 0  1707 2244 2398 2480 2579 2507 2279 1701  1 1 1 0 0 0.00 0 0 1.00 0.41 -1 -1 11.72 
3.590 2 1 0 0 0.0009 -0.0009 0.0000 0 0.0000 0  1707 2244 2403 2477 2553 2505 2293 1681  1 1 1 0 0 0.00 0 0 1.00 0.41 -1 -1 11.72 
3.600 2 1 0 0 0.0213 -0.0213 0.0000 0 0.0000 0  1696 2247 2388 2466 2569 2494 2279 1679  1 1 1 0 0 0.00 0 0 1.00 0.40 -1 -1 11.72 
3.610 2 1 0 0 0.0036 -0.0036 0.0000 0 0.0000 0  1704 2238 2404 2469 2530 2493 2278 1671  1 1 1 0 0 0.00 0 0 1.00 0.40 -1 -1 11.72 
3.620 2 1 0 0 0.0239 -0.0239 0.0000 0 0.0000 0  1700 2237 2395 2465 2546 2491 2278 1690  1 1 1 0 0 0.00 0 0 1.00 0.39 -1 -1 11.71 
3.630 2 1 0 0 -0.0155 0.0155 0.0000 0 0.0000 0  1700 2215 2391 2462 2536 2491 2279 1693  1 1 1 0 0 0.00 0 0 1.00 0.40 -1 -1 11.72 
3.640 2 1 0 0 0.0083 -0.0083 0.0000 0 0.0000 0  1702 2233 2384 2466 2547 2492 2282 1640  1 1 1 0 0 0.00 0 0 1.00 0.39 -1 -1 11.72 
3.650 2 1 0 0 -0.0122 0.0122 0.0000 0 0.0000 0  1705 2236 2378 2459 2538 2484 2287 1679  1 1 1 0 0 0.00 0 0 1.00 0.40 -1 -1 11.72 
3.660 2 1 0 0 0.0103 -0.0103 0.0000 0 0.0000 0  1708 2256 2393 2466 2542 2498 2292 1696  1 1 1 0 0 0.00 0 0 1.00 0.41 -1 -1 11.72 
3.670 2 1 0 0 -0.0101 0.0101 0.0000 0 0.0000 0  1713 2248 2392 2468 2538 2497 2297 1681  1 1 1 0 0 0.00 0 0 1.00 0.40 -1 -1 11.72 
3.680 2 1 0 0 -0.0090 0.0090 0.0000 0 0.0000 0  1723 2256 2424 2476 2551 2519 2305 1685  1 1 1 0 0 0.00 0 0 1.00 0.41 -1 -1 11.72 
3.690 2 1 0 0 0.0091 -0.0091 0.0000 0 0.0000 0  1720 2250 2410 2472 2561 2513 2304 1709  1 1 1 0 0 0.00 0 0 1.00 0.42 -1 -1 11.72 
3.700 2 1 0 0 -0.0095 0.0095 0.0000 0 0.0000 0  1727 2263 2416 2478 2558 2533 2317 1692  1 1 1 0 0 0.00 0 0 1.00 0.41 -1 -1 11.72 
3.710 2 1 0 0 0.0101 -0.0101 0.0000 0 0.0000 0  1731 2266 2414 2487 2566 2523 2318 1688  1 1 1 0 0 0.00 0 0 1.00 0.41 -1 -1 11.72 
3.720 2 1 0 0 -0.0109 0.0109 0.0000 0 0.0000 0  1737 2273 2431 2487 2566 2549 2321 1704  1 1 1 0 0 0.00 0 0 1.00 0.42 -1 -1 11.72 
3.730 2 1 0 0 0.0086 -0.0086 0.0000 0 0.0000 0  1743 2280 2445 2500 2582 2564 2329 1712  1 1 1 0 0 0.00 0 0 1.00 0.42 -1 -1 11.71 
3.740 2 1 0 0 -0.0123 0.0123 0.0000 0 0.0000 0  1744 2283 2428 2504 2583 2563 2330 1710  1 1 1 0 0 0.00 0 0 1.00 0.42 -1 -1 11.71 
3.750 2 1 0 0 0.0098 -0.0098 0.0000 0 0.0000 0  1746 2290 2425 2497 2592 2549 2337 1717  1 1 1 0 0 0.00 0 0 1.00 0.42 -1 -1 11.71 
3.760 2 1 0 0 0.0068 -0.0068 0.0000 0 0.0000 0  1756 2298 2432 2514 2598 2566 2347 1726  1 1 1 0 0 0.00 0 0 1.00 0.42 -1 -1 11.71 
3.770 2 1 0 0 -0.0117 0.0117 0.0000 0 0.0000 0  1753 2302 2441 2526 2611 2574 2351 1730  1 1 1 0 0 0.00 0 0 1.00 0.43 -1 -1 11.71 
3.780 2 1 0 0 0.0075 -0.0075 0.0000 0 0.0000 0  1779 2317 2465 2532 2621 2603 2364 1737  1 1 1 0 0 0.00 0 0 1.00 0.43 -1 -1 11.71 
3.790 2 1 0 0 -0.0130 0.0130 0.0000 0 0.0000 0  1765 2328 2468 2544 2636 2595 2365 1745  1 1 1 0 0 0.00 0 0 1.00 0.43 -1 -1 11.72 
3.800 2 1 0 0 0.0098 -0.0098 0.0000 0 0.0000 0  1774 2330 2472 2539 2643 2606 2367 1750  1 1 1 0 0 0.00 0 0 1.00 0.44 -1 -1 11.72 
3.810 2 1 0 0 0.0094 -0.0094 0.0000 0 0.0000 0  1805 2336 2483 2558 2648 2611 2371 1764  1 1 1 0 0 0.00 0 0 1.00 0.44 -1 -1 11.72 
3.820 2 1 0 0 -0.0072 0.0072 0.0000 0 0.0000 0  1811 2350 2497 2576 2666 2628 2402 1770  1 1 1 0 0 0.00 0 0 1.00 0.44 -1 -1 11.72 
3.830 2 1 0 0 -0.0086 0.0086 0.0000 0 0.0000 0  1786 2362 2506 2564 2676 2637 2409 1783  1 1 1 0 0 0.00 0 0 1.00 0.45 -1 -1 11.72 
3.840 2 1 0 0 -0.0056 0.0056 0.0000 0 0.0000 0  1805 2371 2521 2596 2687 2659 2447 1798  1 1 1 0 0 0.00 0 0 1.00 0.46 -1 -1 11.72 
3.850 2 1 0 0 0.0150 -0.0150 0.0000 0 0.0000 0  1818 2380 2528 2586 2697 2670 2435 1803  1 1 1 0 0 0.00 0 0 1.00 0.46 -1 -1 11.72 
3.860 2 1 0 0 -0.0244 0.0244 0.0000 0 0.0000 0  1831 2391 2538 2622 2705 2678 2494 1816  1 1 1 0 0 0.00 0 0 1.00 0.46 -1 -1 11.72 
3.870 2 1 0 0 0.0001 -0.0001 0.0000 0 0.0000 0  1839 2388 2540 2616 2710 2684 2478 1812  1 1 1 0 0 0.00 0 0 1.00 0.46 -1 -1 11.72 
3.880 2 1 0 0 0.0002 -0.0002 0.0000 0 0.0000 0  1834 2390 2542 2615 2707 2687 2468 1821  1 1 1 0 0 0.00 0 0 1.00 0.46 -1 -1 11.72 
3.890 2 1 0 0 0.0019 -0.0019 0.0000 0 0.0000 0  1846 2392 2544 2635 2712 2694 2481 1830  1 1 1 0 0 0.00 0 0 1.00 0.47 -1 -1 11.72 
3.900 2 1 0 0 -0.0007 0.0007 0.0000 0 0.0000 0  1849 2398 2548 2609 2723 2703 2477 1833  1 1 1 0 0 0.00 0 0 1.00 0.47 -1 -1 11.72 
3.910 2 1 0 0 0.0001 -0.0001 0.0000 0 0.0000 0  1849 2407 2548 2623 2719 2697 2487 1838  1 1 1 0 0 0.00 0 0 1.00 0.48 -1 -1 11.72 
3.920 2 1 0 0 -0.0025 0.0025 0.0000 0 0.0000 0  1852 2392 2551 2625 2736 2705 2486 1837  1 1 1 0 0 0.00 0 0 1.00 0.48 -1 -1 11.72 
3.930 2 1 0 0 -0.0044 0.0044 0.0000 0 0.0000 0  1849 2394 2550 2623 2725 2707 2488 1843  1 1 1 0 0 0.00 0 0 1.00 0.47 -1 -1 11.72 
3.940 2 1 0 0 -0.0058 0.0058 0.0000 0 0.0000 0  1850 2397 2547 2626 2727 2706 2491 1838  1 1 1 0 0 0.00 0 0 1.00 0.48 -1 -1 11.72 
3.950 2 1 0 0 -0.0078 0.0078 0.0000 0 0.0000 0  1848 2392 2542 2622 2721 2702 2488 1831  1 1 1 0 0 0.00 0 0 1.00 0.47 -1 -1 11.72 
3.960 2 1 0 0 0.0115 -0.0115 0.0000 0 0.0000 0  1849 2395 2542 2628 2725 2706 2495 1839  1 1 1 0 0 0.00 0 0 1.00 0.48 -1 -1 11.72 
3.970 2 1 0 0 0.0247 -0.0247 0.0000 0 0.0000 0  1847 2400 2546 2623 2708 2709 2491 1842  1 1 1 0 0 0.00 0 0 1.00 0.48 -1 -1 11.72 
3.980 2 1 0 0 -0.0002 0.0002 0.0000 0 0.0000 0  1843 2397 2543 2625 2726 2703 2492 1836  1 1 1 0 0 0.00 0 0 1.00 0.47 -1 -1 11.72 
3.990 2 1 0 0 0.0192 -0.0192 0.0000 0 0.0000 0  1850 2397 2548 2625 2729 2709 2491 1837  1 1 1 0 0 0.00 0 0 1.00 0.47 -1 -1 11.72 
4.000 2 1 0 0 0.0135 -0.0135 0.0000 0 0.0000 0  1847 2384 2539 2618 2720 2700 2485 1832  1 1 1 0 0 0.00 0 0 1.00 0.47 -1 -1 11.72 
4.010 2 1 0 0 0.0237 -0.0237 0.0000 0 0.0000 0  1830 2383 2526 2608 2725 2693 2476 1826  1 1 1 0 0 0.00 0 0 1.00 0.47 -1 -1 11.71 
4.020 2 1 0 0 0.0180 -0.0180 0.0000 0 0.0000 0  1838 2385 2530 2611 2711 2696 2481 1828  1 1 1 0 0 0.00 0 0 1.00 0.47 -1 -1 11.72 
4.030 2 1 0 0 0.0330 -0.0330 0.0000 0 0.0000 0  1835 2382 2530 2612 2713 2693 2473 1829  1 1 1 0 0 0.00 0 0 1.00 0.47 -1 -1 11.72 
4.040 2 1 0 0 0.0254 -0.0254 0.0000 0 0.0000 0  1831 2376 2526 2605 2700 2687 2462 1816  1 1 1 0 0 0.00 0 0 1.00 0.47 -1 -1 11.72 
4.050 2 1 0 0 0.0357 -0.0357 0.0000 0 0.0000 0  1823 2373 2537 2599 2696 2697 2457 1801  1 1 1 0 0 0.00 0 0 1.00 0.46 -1 -1 11.72 
4.060 2 1 0 0 0.0290 -0.0290 0.0000 0 0.0000 0  1822 2371 2514 2597 2700 2670 2461 1814  1 1 1 0 0 0.00 0 0 1.00 0.46 -1 -1 11.72 
4.070 2 1 0 0 0.0251 -0.0251 0.0000 0 0.0000 0  1822 2366 2503 2597 2693 2653 2454 1807  1 1 1 0 0 0.00 0 0 1.00 0.46 -1 -1 11.72 
4.080 2 1 0 0 0.0371 -0.0371 0.0000 0 0.0000 0  1819 2364 2509 2593 2688 2672 2447 1803  1 1 1 0 0 0.00 0 0 1.00 0.46 -1 -1 11.72 
4.090 2 1 0 0 0.0320 -0.0320 0.0000 0 0.0000 0  1818 2360 2505 2592 2688 2663 2452 1800  1 1 1 0 0 0.00 0 0 1.00 0.46 -1 -1 11.72 
4.100 2 1 0 0 0.0292 -0.0292 0.0000 0 0.0000 0  1814 2365 2505 2591 2692 2668 2447 1800  1 1 1 0 0 0.00 0 0 1.00 0.46 -1 -1 11.72 
4.110 2 1 0 0 0.0418 -0.0418 0.0000 0 0.0000 0  1806 2361 2501 2589 2695 2658 2451 1818  1 1 1 0 0 0.00 0 0 1.00 0.46 -1 -1 11.71 
4.120 2 1 0 0 0.0220 -0.0220 0.0000 0 0.0000 0  1812 2361 2504 2589 2684 2691 2442 1794  1 1 1 0 0 0.00 0 0 1.00 0.45 -1 -1 11.72 
4.130 2 1 0 0 0.0395 -0.0395 0.0000 0 0.0000 0  1807 2358 2494 2584 2684 2652 2438 1795  1 1 1 0 0 0.00 0 0 1.00 0.46 -1 -1 11.71 
4.140 2 1 0 0 0.0407 -0.0407 0.0000 0 0.0000 0  1812 2352 2501 2583 2680 2661 2437 1794  1 1 1 0 0 0.00 0 0 1.00 0.45 -1 -1 11.72 
4.150 2 1 0 0 0.0195 -0.0195 0.0000 0 0.0000 0  1796 2357 2503 2577 2689 2648 2428 1793  1 1 1 0 0 0.00 0 0 1.00 0.46 -1 -1 11.72 
4.160 2 1 0 0 0.0413 -0.0413 0.0000 0 0.0000 0  1814 2359 2502 2577 2693 2646 2436 1799  1 1 1 0 0 0.00 0 0 1.00 0.46 -1 -1 11.71 
4.170 2 1 0 0 0.0238 -0.0238 0.0000 0 0.0000 0  1820 2356 2506 2583 2689 2662 2437 1799  1 1 1 0 0 0.00 0 0 1.00 0.46 -1 -1 11.71 
4.180 2 1 0 0 0.0069 -0.0069 0.0000 0 0.0000 0  1779 2360 2506 2589 2690 2668 2436 1799  1 1 1 0 0 0.00 0 0 1.00 0.46 -1 -1 11.72 
4.190 2 1 0 0 0.0113 -0.0113 0.0000 0 0.0000 0  1817 2354 2498 2598 2687 2666 2452 1793  1 1 1 0 0 0.00 0 0 1.00 0.46 -1 -1 11.72 
4.200 2 1 0 0 0.0144 -0.0144 0.0000 0 0.0000 0  1816 2352 2495 2590 2690 2664 2451 1800  1 1 1 0 0 0.00 0 0 1.00 0.46 -1 -1 11.72 
4.210 2 1 0 0 0.0201 -0.0201 0.0000 0 0.0000 0  1800 2352 2503 2594 2691 2665 2457 1799  1 1 1 0 0 0.00 0 0 1.00 0.46 -1 -1 11.72 
4.220 2 1 0 0 0.0253 -0.0253 0.0000 0 0.0000 0  1796 2350 2498 2596 2692 2670 2431 1795  1 1 1 0 0 0.00 0 0 1.00 0.45 -1 -1 11.72 
4.230 2 1 0 0 0.0121 -0.0121 0.0000 0 0.0000 0  1799 2353 2502 2589 2690 2671 2457 1805  1 1 1 0 0 0.00 0 0 1.00 0.46 -1 -1 11.72 
4.240 2 1 0 0 0.0202 -0.0202 0.0000 0 0.0000 0  1800 2357 2499 2589 2702 2671 2443 1810  1 1 1 0 0 0.00 0 0 1.00 0.46 -1 -1 11.72 
4.250 2 1 0 0 0.0061 -0.0061 0.0000 0 0.0000 0  1831 2409 2564 2662 2779 2746 2507 1833  1 1 1 0 0 0.00 0 0 1.00 0.48 -1 -1 11.72 
4.260 2 1 0 0 0.0147 -0.0147 0.0000 0 0.0000 0  1809 2394 2514 2593 2728 2681 2455 1802  1 1 1 0 0 0.00 0 0 1.00 0.47 -1 -1 11.72 
4.270 2 1 0 0 0.0186 -0.0186 0.0000 0 0.0000 0  1816 2355 2520 2603 2696 2691 2460 1820  1 1 1 0 0 0.00 0 0 1.00 0.46 -1 -1 11.72 
4.280 2 1 0 0 -0.0133 0.0133 0.0000 0 0.0000 0  1818 2376 2527 2603 2729 2698 2467 1810  1 1 1 0 0 0.00 0 0 1.00 0.46 -1 -1 11.72 
4.290 2 1 0 0 0.0114 -0.0114 0.0000 0 0.0000 0  1827 2385 2528 2611 2727 2704 2478 1833  1 1 1 0 0 0.00 0 0 1.00 0.47 -1 -1 11.72 
4.300 2 1 0 0 -0.0211 0.0211 0.0000 0 0.0000 0  1830 2381 2534 2607 2729 2698 2477 1815  1 1 1 0 0 0.00 0 0 1.00 0.47 -1 -1 11.72 
4.310 2 1 0 0 0.0234 -0.0234 0.0000 0 0.0000 0  1836 2387 2535 2603 2721 2702 2482 1827  1 1 1 0 0 0.00 0 0 1.00 0.47 -1 -1 11.72 
4.320 2 1 0 0 -0.0108 0.0108 0.0000 0 0.0000 0  1840 2378 2539 2606 2734 2696 2477 1819  1 1 1 0 0 0.00 0 0 1.00 0.47 -1 -1 11.72 
4.330 2 1 0 0 0.0132 -0.0132 0.0000 0 0.0000 0  1846 2371 2526 2610 2722 2708 2480 1822  1 1 1 0 0 0.00 0 0 1.00 0.47 -1 -1 11.72 
4.340 2 1 0 0 -0.0046 0.0046 0.0000 0 0.0000 0  1840 2398 2533 2611 2735 2710 2479 1835  1 1 1 0 0 0.00 0 0 1.00 0.47 -1 -1 11.72 
4.350 2 1 0 0 0.0007 -0.0007 0.0000 0 0.0000 0  1844 2370 2518 2606 2724 2701 2479 1833  1 1 1 0 0 0.00 0 0 1.00 0.47 -1 -1 11.72 
4.360 2 1 0 0 0.0201 -0.0201 0.0000 0 0.0000 0  1841 2395 2533 2599 2737 2706 2471 1842  1 1 1 0 0 0.00 0 0 1.00 0.48 -1 -1 11.72 
4.370 2 1 0 0 0.0051 -0.0051 0.0000 0 0.0000 0  1830 2380 2527 2595 2714 2689 2470 1807  1 1 1 0 0 0.00 0 0 1.00 0.46 -1 -1 11.72 
4.380 2 1 0 0 0.0040 -0.0040 0.0000 0 0.0000 0  1837 2373 2512 2595 2712 2689 2469 1843  1 1 1 0 0 0.00 0 0 1.00 0.47 -1 -1 11.72 
4.390 2 1 0 0 -0.0155 0.0155 0.0000 0 0.0000 0  1830 2369 2495 2588 2708 2661 2466 1818  1 1 1 0 0 0.00 0 0 1.00 0.47 -1 -1 11.72 
4.400 2 1 0 0 0.0241 -0.0241 0.0000 0 0.0000 0  1823 2373 2506 2587 2693 2690 2458 1834  1 1 1 0 0 0.00 0 0 1.00 0.47 -1 -1 11.72 
4.410 2 1 0 0 0.0013 -0.0013 0.0000 0 0.0000 0  1822 2366 2504 2580 2695 2702 2450 1818  1 1 1 0 0 0.00 0 0 1.00 0.47 -1 -1 11.72 
4.420 2 1 0 0 0.0202 -0.0202 0.0000 0 0.0000 0  1822 2353 2484 2572 2683 2657 2445 1806  1 1 1 0 0 0.00 0 0 1.00 0.46 -1 -1 11.72 
4.430 2 1 0 0 0.0188 -0.0188 0.0000 0 0.0000 0  1818 2353 2517 2574 2678 2692 2446 1801  1 1 1 0 0 0.00 0 0 1.00 0.46 -1 -1 11.72 
4.440 2 1 0 0 0.0191 -0.0191 0.0000 0 0.0000 0  1819 2351 2482 2571 2677 2660 2442 1799  1 1 1 0 0 0.00 0 0 1.00 0.46 -1 -1 11.72 
4.450 2 1 0 0 0.0177 -0.0177 0.0000 0 0.0000 0  1799 2343 2477 2570 2672 2671 2441 1797  1 1 1 0 0 0.00 0 0 1.00 0.46 -1 -1 11.72 
4.460 2 1 0 0 0.0150 -0.0150 0.0000 0 0.0000 0  1828 2346 2474 2559 2671 2653 2440 1798  1 1 1 0 0 0.00 0 0 1.00 0.46 -1 -1 11.72 
4.470 2 1 0 0 0.0134 -0.0134 0.0000 0 0.0000 0  1816 2347 2477 2563 2671 2669 2439 1799  1 1 1 0 0 0.00 0 0 1.00 0.46 -1 -1 11.72 
4.480 2 1 0 0 0.0124 -0.0124 0.0000 0 0.0000 0  1815 2344 2469 2558 2672 2658 2437 1796  1 1 1 0 0 0.00 0 0 1.00 0.46 -1 -1 11.72 
4.490 2 1 0 0 0.0255 -0.0255 0.0000 0 0.0000 0  1815 2339 2462 2554 2667 2666 2435 1791  1 1 1 0 0 0.00 0 0 1.00 0.45 -1 -1 11.71 
4.500 2 1 0 0 0.0057 -0.0057 0.0000 0 0.0000 0  1818 2335 2464 2549 2662 2656 2434 1788  1 1 1 0 0 0.00 0 0 1.00 0.45 -1 -1 11.72 
4.510 2 1 0 0 0.0236 -0.0236 0.0000 0 0.0000 0  1794 2331 2460 2538 2662 2651 2418 1789  1 1 1 0 0 0.00 0 0 1.00 0.45 -1 -1 11.72 
4.520 2 1 0 0 0.0203 -0.0203 0.0000 0 0.0000 0  1785 2295 2430 2529 2656 2649 2422 1795  1 1 1 0 0 0.00 0 0 1.00 0.45 -1 -1 11.72 
