%% logfile from robot Alma (11)
% Alma (11)
%  1    time 1.501 sec
%  2  3  4  5   (mission 0), state 2, entered (thread 1, line 1), events 0x0 (bit-flags)
%  6  7 Motor velocity ref left, right: -0.0834 -0.0772
%  8 .. 31 Edge sensor: left 0.000000 0, right 0.000000 0, values 1703 2240 2379 2451 2521 2458 2249 1623, 
%    white 1, used 1, LEDhigh=1, xingVal=0.00 xlcnt=0 lvcnt=0,LineVal=1.00, notLineVal=0.38, lineLow=-1, lineHi=-1.
% whitelevel=[3067 3454 3497 3522 3540 3523 3466 3009];
% blacklevel=[702 951 1074 1172 1213 1178 1075 778];
% 32    Battery voltage [V]: 11.49
1.501 2 1 1 0 -0.0834 -0.0772 0.0000 0 0.0000 0  1703 2240 2379 2451 2521 2458 2249 1623  1 1 1 0 0 0.00 0 0 1.00 0.38 -1 -1 11.49 
1.505 2 1 1 0 -0.0936 -0.0530 0.0000 0 0.0000 0  1714 2251 2394 2460 2537 2461 2253 1637  1 1 1 0 0 0.00 0 0 1.00 0.39 -1 -1 11.49 
1.509 2 1 1 0 -0.0772 -0.0421 0.0000 0 0.0000 0  1714 2257 2407 2473 2535 2506 2265 1631  1 1 1 0 0 0.00 0 0 1.00 0.38 -1 -1 11.49 
1.513 2 1 1 0 -0.0588 -0.0636 0.0000 0 0.0000 0  1723 2259 2402 2475 2542 2468 2269 1636  1 1 1 0 0 0.00 0 0 1.00 0.38 -1 -1 11.49 
1.517 2 1 1 0 -0.0548 -0.0584 0.0000 0 0.0000 0  1724 2270 2414 2486 2554 2491 2275 1630  1 1 1 0 0 0.00 0 0 1.00 0.38 -1 -1 11.49 
1.521 2 1 1 0 -0.0632 -0.0659 0.0000 0 0.0000 0  1729 2272 2400 2491 2566 2472 2285 1648  1 1 1 0 0 0.00 0 0 1.00 0.39 -1 -1 11.49 
1.525 2 1 1 0 -0.0493 -0.0864 0.0000 0 0.0000 0  1738 2276 2425 2494 2567 2499 2286 1656  1 1 1 0 0 0.00 0 0 1.00 0.39 -1 -1 11.49 
1.529 2 1 1 0 -0.0724 -0.0672 0.0000 0 0.0000 0  1737 2279 2456 2501 2569 2515 2293 1640  1 1 1 0 0 0.00 0 0 1.00 0.38 -1 -1 11.49 
1.533 2 1 1 0 -0.1003 -0.0576 0.0000 0 0.0000 0  1736 2285 2416 2505 2579 2521 2297 1643  1 1 1 0 0 0.00 0 0 1.00 0.39 -1 -1 11.49 
1.537 2 1 1 0 -0.0851 -0.0849 0.0000 0 0.0000 0  1738 2283 2420 2505 2571 2515 2298 1654  1 1 1 0 0 0.00 0 0 1.00 0.39 -1 -1 11.49 
1.541 2 1 1 0 -0.1092 -0.0746 0.0000 0 0.0000 0  1735 2279 2429 2502 2576 2498 2293 1658  1 1 1 0 0 0.00 0 0 1.00 0.39 -1 -1 11.49 
1.545 2 1 1 0 -0.1106 -0.0790 0.0000 0 0.0000 0  1741 2290 2439 2509 2580 2523 2300 1661  1 1 1 0 0 0.00 0 0 1.00 0.39 -1 -1 11.48 
1.549 2 1 1 0 -0.0870 -0.0973 0.0000 0 0.0000 0  1741 2292 2439 2513 2584 2540 2306 1661  1 1 1 0 0 0.00 0 0 1.00 0.39 -1 -1 11.49 
1.553 2 1 1 0 -0.0802 -0.0881 0.0000 0 0.0000 0  1748 2299 2443 2518 2588 2531 2308 1669  1 1 1 0 0 0.00 0 0 1.00 0.40 -1 -1 11.48 
1.557 2 1 1 0 -0.0733 -0.0793 0.0000 0 0.0000 0  1752 2304 2450 2524 2593 2539 2319 1673  1 1 1 0 0 0.00 0 0 1.00 0.40 -1 -1 11.49 
1.561 2 1 1 0 -0.0834 -0.0877 0.0000 0 0.0000 0  1748 2313 2440 2531 2610 2552 2326 1673  1 1 1 0 0 0.00 0 0 1.00 0.40 -1 -1 11.48 
1.565 2 1 1 0 -0.1044 -0.0735 0.0000 0 0.0000 0  1765 2317 2462 2539 2603 2531 2331 1684  1 1 1 0 0 0.00 0 0 1.00 0.40 -1 -1 11.47 
1.569 2 1 1 0 -0.1038 -0.0750 0.0000 0 0.0000 0  1741 2321 2467 2532 2609 2550 2332 1679  1 1 1 0 0 0.00 0 0 1.00 0.40 -1 -1 11.48 
1.573 2 1 1 0 -0.1080 -0.0823 0.0000 0 0.0000 0  1767 2319 2474 2538 2609 2557 2336 1681  1 1 1 0 0 0.00 0 0 1.00 0.40 -1 -1 11.47 
1.577 2 1 1 0 -0.1109 -0.0864 0.0000 0 0.0000 0  1781 2325 2478 2550 2621 2571 2339 1687  1 1 1 0 0 0.00 0 0 1.00 0.40 -1 -1 11.48 
1.581 2 1 1 0 -0.0902 -0.1020 0.0000 0 0.0000 0  1760 2327 2475 2546 2626 2560 2340 1693  1 1 1 0 0 0.00 0 0 1.00 0.40 -1 -1 11.49 
1.585 2 1 1 0 -0.0730 -0.0820 0.0000 0 0.0000 0  1760 2337 2482 2556 2636 2584 2347 1697  1 1 1 0 0 0.00 0 0 1.00 0.40 -1 -1 11.49 
1.589 2 1 1 0 -0.0799 -0.0526 0.0000 0 0.0000 0  1774 2339 2492 2570 2644 2584 2360 1704  1 1 1 0 0 0.00 0 0 1.00 0.41 -1 -1 11.49 
1.593 2 1 1 0 -0.1085 -0.0473 0.0000 0 0.0000 0  1798 2345 2501 2564 2649 2594 2359 1711  1 1 1 0 0 0.00 0 0 1.00 0.41 -1 -1 11.48 
1.597 2 1 1 0 -0.0813 -0.0614 0.0000 0 0.0000 0  1802 2354 2510 2584 2654 2603 2371 1714  1 1 1 0 0 0.00 0 0 1.00 0.41 -1 -1 11.49 
1.601 2 1 1 0 -0.0595 -0.0791 0.0000 0 0.0000 0  1809 2360 2513 2596 2670 2615 2375 1723  1 1 1 0 0 0.00 0 0 1.00 0.41 -1 -1 11.49 
1.605 2 1 1 0 -0.0835 -0.0605 0.0000 0 0.0000 0  1823 2355 2510 2584 2669 2630 2376 1723  1 1 1 0 0 0.00 0 0 1.00 0.41 -1 -1 11.49 
1.609 2 1 1 0 -0.0696 -0.0825 0.0000 0 0.0000 0  1805 2370 2527 2601 2681 2626 2388 1730  1 1 1 0 0 0.00 0 0 1.00 0.41 -1 -1 11.49 
1.613 2 1 1 0 -0.0743 -0.0840 0.0000 0 0.0000 0  1820 2370 2530 2599 2689 2635 2387 1736  1 1 1 0 0 0.00 0 0 1.00 0.42 -1 -1 11.49 
1.617 2 1 1 0 -0.0785 -0.0856 0.0000 0 0.0000 0  1824 2377 2535 2601 2699 2636 2394 1740  1 1 1 0 0 0.00 0 0 1.00 0.42 -1 -1 11.49 
1.621 2 1 1 0 -0.0932 -0.0615 0.0000 0 0.0000 0  1821 2385 2545 2616 2698 2654 2392 1746  1 1 1 0 0 0.00 0 0 1.00 0.42 -1 -1 11.49 
1.625 2 1 1 0 -0.0904 -0.0620 0.0000 0 0.0000 0  1826 2386 2548 2624 2699 2653 2422 1751  1 1 1 0 0 0.00 0 0 1.00 0.42 -1 -1 11.49 
1.629 2 1 1 0 -0.0715 -0.0826 0.0000 0 0.0000 0  1847 2395 2556 2596 2709 2655 2389 1758  1 1 1 0 0 0.00 0 0 1.00 0.42 -1 -1 11.48 
1.633 2 1 1 0 -0.0663 -0.0743 0.0000 0 0.0000 0  1820 2397 2558 2595 2718 2665 2418 1758  1 1 1 0 0 0.00 0 0 1.00 0.42 -1 -1 11.49 
1.637 2 1 1 0 -0.0555 -0.0979 0.0000 0 0.0000 0  1848 2401 2562 2624 2718 2660 2431 1763  1 1 1 0 0 0.00 0 0 1.00 0.42 -1 -1 11.48 
1.641 2 1 1 0 -0.0804 -0.0774 0.0000 0 0.0000 0  1836 2404 2565 2651 2717 2664 2419 1763  1 1 1 0 0 0.00 0 0 1.00 0.42 -1 -1 11.49 
1.645 2 1 1 0 -0.0759 -0.0726 0.0000 0 0.0000 0  1861 2411 2574 2650 2722 2676 2437 1763  1 1 1 0 0 0.00 0 0 1.00 0.42 -1 -1 11.48 
1.649 2 1 1 0 -0.0748 -0.0698 0.0000 0 0.0000 0  1847 2410 2573 2648 2728 2684 2467 1774  1 1 1 0 0 0.00 0 0 1.00 0.43 -1 -1 11.50 
1.653 2 1 1 0 -0.0941 -0.0537 0.0000 0 0.0000 0  1863 2415 2575 2631 2731 2683 2436 1780  1 1 1 0 0 0.00 0 0 1.00 0.43 -1 -1 11.49 
1.657 2 1 1 0 -0.0842 -0.0486 0.0000 0 0.0000 0  1876 2423 2584 2654 2747 2699 2452 1779  1 1 1 0 0 0.00 0 0 1.00 0.43 -1 -1 11.49 
1.661 2 1 1 0 -0.0600 -0.0636 0.0000 0 0.0000 0  1860 2426 2590 2664 2752 2709 2480 1789  1 1 1 0 0 0.00 0 0 1.00 0.43 -1 -1 11.49 
1.665 2 1 1 0 -0.0536 -0.0554 0.0000 0 0.0000 0  1869 2440 2597 2673 2760 2720 2469 1798  1 1 1 0 0 0.00 0 0 1.00 0.44 -1 -1 11.49 
1.669 2 1 1 0 -0.0414 -0.0418 0.0000 0 0.0000 0  1877 2446 2609 2673 2768 2721 2485 1801  1 1 1 0 0 0.00 0 0 1.00 0.44 -1 -1 11.50 
1.673 2 1 1 0 -0.0429 -0.0422 0.0000 0 0.0000 0  1881 2451 2614 2678 2771 2728 2492 1807  1 1 1 0 0 0.00 0 0 1.00 0.44 -1 -1 11.50 
1.677 2 1 1 0 -0.0421 -0.0404 0.0000 0 0.0000 0  1890 2457 2614 2687 2776 2739 2509 1818  1 1 1 0 0 0.00 0 0 1.00 0.44 -1 -1 11.49 
1.681 2 1 1 0 -0.0386 -0.0361 0.0000 0 0.0000 0  1892 2463 2624 2690 2791 2754 2513 1818  1 1 1 0 0 0.00 0 0 1.00 0.44 -1 -1 11.50 
1.685 2 1 1 0 -0.0425 -0.0393 0.0000 0 0.0000 0  1905 2470 2628 2700 2786 2750 2523 1827  1 1 1 0 0 0.00 0 0 1.00 0.44 -1 -1 11.50 
1.689 2 1 1 0 -0.0665 -0.0260 0.0000 0 0.0000 0  1907 2472 2633 2709 2790 2755 2526 1832  1 1 1 0 0 0.00 0 0 1.00 0.45 -1 -1 11.49 
1.693 2 1 1 0 -0.0475 -0.0457 0.0000 0 0.0000 0  1888 2475 2636 2715 2797 2763 2511 1835  1 1 1 0 0 0.00 0 0 1.00 0.45 -1 -1 11.50 
1.697 2 1 1 0 -0.0499 -0.0473 0.0000 0 0.0000 0  1908 2476 2639 2709 2804 2767 2531 1839  1 1 1 0 0 0.00 0 0 1.00 0.45 -1 -1 11.49 
1.701 2 1 1 0 -0.0485 -0.0451 0.0000 0 0.0000 0  1913 2493 2638 2709 2789 2764 2535 1841  1 1 1 0 0 0.00 0 0 1.00 0.45 -1 -1 11.49 
1.705 2 1 1 0 -0.0508 -0.0468 0.0000 0 0.0000 0  1882 2462 2632 2708 2797 2771 2531 1842  1 1 1 0 0 0.00 0 0 1.00 0.45 -1 -1 11.49 
1.709 2 1 1 0 -0.0526 -0.0481 0.0000 0 0.0000 0  1916 2483 2641 2717 2800 2771 2539 1843  1 1 1 0 0 0.00 0 0 1.00 0.45 -1 -1 11.50 
1.713 2 1 1 0 -0.0504 -0.0454 0.0000 0 0.0000 0  1922 2485 2646 2718 2807 2777 2544 1848  1 1 1 0 0 0.00 0 0 1.00 0.45 -1 -1 11.49 
1.717 2 1 1 0 -0.0445 -0.0392 0.0000 0 0.0000 0  1924 2491 2657 2740 2814 2796 2572 1866  1 1 1 0 0 0.00 0 0 1.00 0.46 -1 -1 11.50 
1.721 2 1 1 0 -0.0352 -0.0296 0.0000 0 0.0000 0  1927 2509 2654 2725 2811 2789 2555 1851  1 1 1 0 0 0.00 0 0 1.00 0.45 -1 -1 11.50 
1.725 2 1 1 0 -0.0377 -0.0318 0.0000 0 0.0000 0  1925 2502 2657 2729 2807 2790 2558 1853  1 1 1 0 0 0.00 0 0 1.00 0.45 -1 -1 11.49 
1.729 2 1 1 0 -0.0349 -0.0288 0.0000 0 0.0000 0  1935 2510 2664 2734 2825 2794 2570 1864  1 1 1 0 0 0.00 0 0 1.00 0.46 -1 -1 11.49 
1.733 2 1 1 0 -0.0313 -0.0249 0.0000 0 0.0000 0  1933 2511 2666 2740 2822 2797 2572 1869  1 1 1 0 0 0.00 0 0 1.00 0.46 -1 -1 11.50 
1.737 2 1 1 0 -0.0293 -0.0228 0.0000 0 0.0000 0  1941 2521 2675 2750 2836 2804 2582 1875  1 1 1 0 0 0.00 0 0 1.00 0.46 -1 -1 11.49 
1.741 2 1 1 0 -0.0254 -0.0186 0.0000 0 0.0000 0  1944 2535 2678 2753 2835 2805 2583 1874  1 1 1 0 0 0.00 0 0 1.00 0.46 -1 -1 11.50 
1.745 2 1 1 0 -0.0223 -0.0154 0.0000 0 0.0000 0  1950 2525 2681 2760 2852 2812 2587 1880  1 1 1 0 0 0.00 0 0 1.00 0.46 -1 -1 11.50 
1.749 2 1 1 0 -0.0165 -0.0095 0.0000 0 0.0000 0  1949 2530 2689 2762 2867 2815 2593 1881  1 1 1 0 0 0.00 0 0 1.00 0.46 -1 -1 11.49 
1.753 2 1 1 0 -0.0116 -0.0044 0.0000 0 0.0000 0  1941 2505 2661 2743 2828 2796 2564 1862  1 1 1 0 0 0.00 0 0 1.00 0.45 -1 -1 11.50 
1.757 2 1 1 0 -0.0083 -0.0010 0.0000 0 0.0000 0  2001 2582 2742 2819 2909 2874 2625 1874  1 1 1 0 0 0.00 0 0 1.00 0.46 -1 -1 11.50 
1.761 2 1 1 0 -0.0028 0.0046 0.0000 0 0.0000 0  1964 2552 2702 2784 2873 2841 2612 1895  1 1 1 0 0 0.00 0 0 1.00 0.47 -1 -1 11.50 
1.765 2 1 1 0 0.0024 0.0099 0.0000 0 0.0000 0  1969 2556 2706 2781 2888 2837 2611 1878  1 1 1 0 0 0.00 0 0 1.00 0.46 -1 -1 11.49 
1.769 2 1 1 0 0.0080 0.0156 0.0000 0 0.0000 0  1979 2561 2711 2792 2880 2847 2621 1910  1 1 1 0 0 0.00 0 0 1.00 0.47 -1 -1 11.49 
1.773 2 1 1 0 0.0148 0.0225 0.0000 0 0.0000 0  1979 2565 2719 2794 2879 2846 2625 1912  1 1 1 0 0 0.00 0 0 1.00 0.47 -1 -1 11.49 
1.777 2 1 1 0 0.0219 0.0297 0.0000 0 0.0000 0  1983 2548 2719 2800 2889 2859 2638 1913  1 1 1 0 0 0.00 0 0 1.00 0.47 -1 -1 11.49 
1.781 2 1 1 0 0.0296 0.0375 0.0000 0 0.0000 0  1996 2585 2729 2797 2900 2867 2641 1914  1 1 1 0 0 0.00 0 0 1.00 0.47 -1 -1 11.50 
1.785 2 1 1 0 0.0374 0.0454 0.0000 0 0.0000 0  1997 2608 2734 2812 2899 2867 2647 1936  1 1 1 0 0 0.00 0 0 1.00 0.48 -1 -1 11.49 
1.789 2 1 1 0 0.0455 0.0536 0.0000 0 0.0000 0  2006 2581 2743 2816 2907 2876 2659 1945  1 1 1 0 0 0.00 0 0 1.00 0.48 -1 -1 11.49 
1.793 2 1 1 0 0.0727 0.0456 0.0000 0 0.0000 0  2013 2610 2753 2826 2930 2888 2674 1950  1 1 1 0 0 0.00 0 0 1.00 0.48 -1 -1 11.49 
1.797 2 1 1 0 0.1023 0.0420 0.0000 0 0.0000 0  2019 2593 2760 2831 2924 2899 2676 1942  1 1 1 0 0 0.00 0 0 1.00 0.48 -1 -1 11.48 
1.801 2 1 1 0 0.1038 0.0530 0.0000 0 0.0000 0  2026 2624 2762 2838 2938 2906 2676 1942  1 1 1 0 0 0.00 0 0 1.00 0.48 -1 -1 11.49 
1.805 2 1 1 0 0.0892 0.0801 0.0000 0 0.0000 0  2029 2616 2780 2843 2953 2911 2683 1954  1 1 1 0 0 0.00 0 0 1.00 0.48 -1 -1 11.49 
1.809 2 1 1 0 0.0977 0.1242 0.0000 0 0.0000 0  2030 2617 2768 2839 2951 2909 2688 1962  1 1 1 0 0 0.00 0 0 1.00 0.48 -1 -1 11.49 
1.813 2 1 1 0 0.0756 0.1355 0.0000 0 0.0000 0  2039 2628 2784 2848 2940 2918 2696 1975  1 1 1 0 0 0.00 0 0 1.00 0.49 -1 -1 11.49 
1.817 2 1 1 0 0.0816 0.0998 0.0000 0 0.0000 0  2039 2632 2785 2855 2958 2925 2696 1948  1 1 1 0 0 0.00 0 0 1.00 0.48 -1 -1 11.49 
1.821 2 1 1 0 0.1194 0.0667 0.0000 0 0.0000 0  2036 2649 2782 2857 2961 2920 2696 1967  1 1 1 0 0 0.00 0 0 1.00 0.49 -1 -1 11.49 
1.825 2 1 1 0 0.1080 0.0973 0.0000 0 0.0000 0  2034 2630 2783 2852 2947 2919 2691 1959  1 1 1 0 0 0.00 0 0 1.00 0.48 -1 -1 11.49 
1.829 2 1 1 0 0.1107 0.1048 0.0000 0 0.0000 0  2033 2629 2793 2854 2956 2906 2692 1979  1 1 1 0 0 0.00 0 0 1.00 0.49 -1 -1 11.49 
1.833 2 1 1 0 0.1171 0.1124 0.0000 0 0.0000 0  2038 2639 2787 2852 2932 2898 2696 1969  1 1 1 0 0 0.00 0 0 1.00 0.49 -1 -1 11.49 
1.837 2 1 1 0 0.1285 0.1234 0.0000 0 0.0000 0  2038 2635 2787 2862 2953 2924 2696 1948  1 1 1 0 0 0.00 0 0 1.00 0.48 -1 -1 11.48 
1.841 2 1 1 0 0.1323 0.1311 0.0000 0 0.0000 0  2032 2641 2794 2866 2959 2937 2699 1969  1 1 1 0 0 0.00 0 0 1.00 0.49 -1 -1 11.49 
1.845 2 1 1 0 0.1322 0.0972 0.0000 0 0.0000 0  2040 2636 2796 2858 2932 2920 2692 1933  1 1 1 0 0 0.00 0 0 1.00 0.47 -1 -1 11.49 
1.849 2 1 1 0 0.1334 0.1033 0.0000 0 0.0000 0  2034 2624 2792 2865 2952 2928 2695 1952  1 1 1 0 0 0.00 0 0 1.00 0.48 -1 -1 11.49 
1.853 2 1 1 0 0.1399 0.1138 0.0000 0 0.0000 0  2040 2618 2788 2857 2938 2933 2683 1944  1 1 1 0 0 0.00 0 0 1.00 0.48 -1 -1 11.48 
1.857 2 1 1 0 0.1339 0.1083 0.0000 0 0.0000 0  2036 2636 2796 2859 2955 2903 2684 1963  1 1 1 0 0 0.00 0 0 1.00 0.48 -1 -1 11.49 
1.861 2 1 1 0 0.1400 0.1176 0.0000 0 0.0000 0  2033 2632 2797 2854 2950 2899 2686 1950  1 1 1 0 0 0.00 0 0 1.00 0.48 -1 -1 11.49 
1.865 2 1 1 0 0.1689 0.1124 0.0000 0 0.0000 0  2032 2606 2778 2855 2953 2905 2685 1977  1 1 1 0 0 0.00 0 0 1.00 0.49 -1 -1 11.49 
1.869 2 1 1 0 0.1796 0.1290 0.0000 0 0.0000 0  2038 2623 2783 2859 2965 2918 2682 1952  1 1 1 0 0 0.00 0 0 1.00 0.48 -1 -1 11.49 
1.873 2 1 1 0 0.1564 0.1458 0.0000 0 0.0000 0  2034 2633 2803 2851 2951 2923 2673 1946  1 1 1 0 0 0.00 0 0 1.00 0.48 -1 -1 11.48 
1.877 2 1 1 0 0.1320 0.1599 0.0000 0 0.0000 0  2031 2630 2791 2851 2944 2895 2675 1945  1 1 1 0 0 0.00 0 0 1.00 0.48 -1 -1 11.48 
1.881 2 1 1 0 0.1481 0.1369 0.0000 0 0.0000 0  2036 2629 2790 2850 2944 2905 2665 1933  1 1 1 0 0 0.00 0 0 1.00 0.47 -1 -1 11.48 
1.885 2 1 1 0 0.1521 0.1413 0.0000 0 0.0000 0  2026 2627 2786 2846 2937 2883 2659 1939  1 1 1 0 0 0.00 0 0 1.00 0.48 -1 -1 11.49 
1.889 2 1 1 0 0.1379 0.1641 0.0000 0 0.0000 0  2014 2620 2787 2846 2936 2871 2657 1937  1 1 1 0 0 0.00 0 0 1.00 0.48 -1 -1 11.48 
1.893 2 1 1 0 0.1414 0.1655 0.0000 0 0.0000 0  2038 2620 2784 2842 2928 2879 2645 1929  1 1 1 0 0 0.00 0 0 1.00 0.47 -1 -1 11.48 
1.897 2 1 1 0 0.1599 0.1440 0.0000 0 0.0000 0  2023 2609 2778 2834 2924 2896 2639 1931  1 1 1 0 0 0.00 0 0 1.00 0.47 -1 -1 11.47 
1.901 2 1 1 0 0.1642 0.1481 0.0000 0 0.0000 0  2005 2608 2772 2825 2919 2858 2629 1928  1 1 1 0 0 0.00 0 0 1.00 0.47 -1 -1 11.48 
1.905 2 1 1 0 0.1666 0.1503 0.0000 0 0.0000 0  2021 2604 2762 2818 2910 2884 2627 1924  1 1 1 0 0 0.00 0 0 1.00 0.47 -1 -1 11.48 
1.909 2 1 1 0 0.1610 0.1446 0.0000 0 0.0000 0  2009 2605 2779 2822 2911 2870 2622 1933  1 1 1 0 0 0.00 0 0 1.00 0.48 -1 -1 11.47 
1.913 2 1 1 0 0.1550 0.1386 0.0000 0 0.0000 0  2006 2592 2752 2809 2891 2827 2604 1917  1 1 1 0 0 0.00 0 0 1.00 0.47 -1 -1 11.48 
1.917 2 1 1 0 0.1399 0.1616 0.0000 0 0.0000 0  2005 2592 2743 2800 2893 2842 2603 1922  1 1 1 0 0 0.00 0 0 1.00 0.47 -1 -1 11.48 
1.921 2 1 1 0 0.1737 0.1573 0.0000 0 0.0000 0  2007 2589 2762 2803 2877 2835 2610 1921  1 1 1 0 0 0.00 0 0 1.00 0.47 -1 -1 11.48 
1.925 2 1 1 0 0.1735 0.1598 0.0000 0 0.0000 0  1995 2585 2733 2798 2878 2821 2608 1919  1 1 1 0 0 0.00 0 0 1.00 0.47 -1 -1 11.48 
1.929 2 1 1 0 0.1707 0.1591 0.0000 0 0.0000 0  1992 2590 2729 2789 2862 2821 2599 1917  1 1 1 0 0 0.00 0 0 1.00 0.47 -1 -1 11.48 
1.933 2 1 1 0 0.1935 0.1454 0.0000 0 0.0000 0  2010 2582 2735 2789 2860 2816 2605 1924  1 1 1 0 0 0.00 0 0 1.00 0.48 -1 -1 11.48 
1.937 2 1 1 0 0.1884 0.1444 0.0000 0 0.0000 0  2008 2575 2709 2787 2852 2799 2603 1920  1 1 1 0 0 0.00 0 0 1.00 0.47 -1 -1 11.48 
1.941 2 1 1 0 0.1794 0.1401 0.0000 0 0.0000 0  1981 2568 2703 2772 2838 2804 2598 1922  1 1 1 0 0 0.00 0 0 1.00 0.48 -1 -1 11.48 
1.945 2 1 1 0 0.1703 0.1715 0.0000 0 0.0000 0  1986 2565 2702 2757 2838 2778 2601 1920  1 1 1 0 0 0.00 0 0 1.00 0.48 -1 -1 11.49 
1.949 2 1 1 0 0.2003 0.1640 0.0000 0 0.0000 0  1965 2565 2695 2750 2828 2790 2595 1919  1 1 1 0 0 0.00 0 0 1.00 0.48 -1 -1 11.48 
1.953 2 1 1 0 0.1826 0.1863 0.0000 0 0.0000 0  1976 2555 2686 2744 2822 2812 2591 1921  1 1 1 0 0 0.00 0 0 1.00 0.48 -1 -1 11.48 
1.957 2 1 1 0 0.1872 0.1897 0.0000 0 0.0000 0  1987 2557 2679 2740 2815 2798 2586 1920  1 1 1 0 0 0.00 0 0 1.00 0.48 -1 -1 11.47 
1.961 2 1 1 0 0.2000 0.1633 0.0000 0 0.0000 0  1999 2556 2692 2733 2813 2797 2594 1915  1 1 1 0 0 0.00 0 0 1.00 0.48 -1 -1 11.48 
1.965 2 1 1 0 0.1675 0.1695 0.0000 0 0.0000 0  1976 2547 2687 2701 2799 2783 2577 1910  1 1 1 0 0 0.00 0 0 1.00 0.47 -1 -1 11.47 
1.969 2 1 1 0 0.1645 0.1655 0.0000 0 0.0000 0  1955 2546 2672 2700 2807 2784 2587 1917  1 1 1 0 0 0.00 0 0 1.00 0.48 -1 -1 11.48 
1.973 2 1 1 0 0.1921 0.1541 0.0000 0 0.0000 0  1973 2538 2666 2723 2789 2771 2593 1904  1 1 1 0 0 0.00 0 0 1.00 0.47 -1 -1 11.47 
1.977 2 1 1 0 0.1768 0.1776 0.0000 0 0.0000 0  1959 2543 2662 2699 2779 2767 2582 1900  1 1 1 0 0 0.00 0 0 1.00 0.47 -1 -1 11.48 
1.981 2 1 1 0 0.2055 0.1674 0.0000 0 0.0000 0  1955 2526 2663 2690 2773 2753 2591 1897  1 1 1 0 0 0.00 0 0 1.00 0.47 -1 -1 11.48 
1.985 2 1 1 0 0.2008 0.1646 0.0000 0 0.0000 0  1987 2526 2652 2689 2774 2769 2580 1894  1 1 1 0 0 0.00 0 0 1.00 0.47 -1 -1 11.48 
1.989 2 1 1 0 0.1704 0.1741 0.0000 0 0.0000 0  1956 2529 2645 2672 2766 2761 2574 1885  1 1 1 0 0 0.00 0 0 1.00 0.47 -1 -1 11.47 
1.993 2 1 1 0 0.1910 0.1564 0.0000 0 0.0000 0  1961 2517 2632 2660 2756 2760 2569 1884  1 1 1 0 0 0.00 0 0 1.00 0.47 -1 -1 11.48 
1.997 2 1 1 0 0.1954 0.1621 0.0000 0 0.0000 0  1948 2511 2632 2666 2749 2766 2579 1883  1 1 1 0 0 0.00 0 0 1.00 0.47 -1 -1 11.48 
2.001 2 1 1 0 0.1966 0.1657 0.0000 0 0.0000 0  1925 2504 2618 2647 2746 2768 2557 1877  1 1 1 0 0 0.00 0 0 1.00 0.46 -1 -1 11.47 
2.005 2 1 1 0 0.1845 0.1922 0.0000 0 0.0000 0  1931 2498 2607 2662 2750 2763 2582 1886  1 1 1 0 0 0.00 0 0 1.00 0.47 -1 -1 11.49 
2.009 2 1 1 0 0.1937 0.1992 0.0000 0 0.0000 0  1925 2489 2604 2639 2744 2759 2541 1879  1 1 1 0 0 0.00 0 0 1.00 0.47 -1 -1 11.48 
2.013 2 1 1 0 0.1885 0.1908 0.0000 0 0.0000 0  1913 2474 2581 2600 2736 2752 2522 1874  1 1 1 0 0 0.00 0 0 1.00 0.46 -1 -1 11.48 
2.017 2 1 1 0 0.1791 0.1801 0.0000 0 0.0000 0  1914 2452 2581 2614 2733 2758 2574 1875  1 1 1 0 0 0.00 0 0 1.00 0.47 -1 -1 11.48 
2.021 2 1 1 0 0.1893 0.1511 0.0000 0 0.0000 0  1887 2463 2570 2601 2733 2753 2553 1875  1 1 1 0 0 0.00 0 0 1.00 0.47 -1 -1 11.49 
2.025 2 1 1 0 0.1753 0.1756 0.0000 0 0.0000 0  1886 2443 2562 2610 2733 2755 2553 1877  1 1 1 0 0 0.00 0 0 1.00 0.47 -1 -1 11.49 
2.029 2 1 1 0 0.2052 0.1664 0.0000 0 0.0000 0  1878 2444 2555 2591 2728 2749 2540 1870  1 1 1 0 0 0.00 0 0 1.00 0.46 -1 -1 11.49 
2.033 2 1 1 0 0.1931 0.1914 0.0000 0 0.0000 0  1887 2435 2546 2614 2728 2744 2543 1871  1 1 1 0 0 0.00 0 0 1.00 0.47 -1 -1 11.49 
2.037 2 1 1 0 0.2053 0.1649 0.0000 0 0.0000 0  1866 2431 2548 2624 2733 2747 2540 1879  1 1 1 0 0 0.00 0 0 1.00 0.47 -1 -1 11.49 
2.041 2 1 1 0 0.1748 0.1746 0.0000 0 0.0000 0  1885 2414 2548 2589 2728 2740 2548 1882  1 1 1 0 0 0.00 0 0 1.00 0.47 -1 -1 11.49 
2.045 2 1 1 0 0.1915 0.1535 0.0000 0 0.0000 0  1859 2428 2541 2582 2731 2735 2539 1883  1 1 1 0 0 0.00 0 0 1.00 0.47 -1 -1 11.49 
2.049 2 1 1 0 0.1821 0.1825 0.0000 0 0.0000 0  1862 2407 2537 2594 2728 2732 2551 1886  1 1 1 0 0 0.00 0 0 1.00 0.47 -1 -1 11.49 
2.053 2 1 1 0 0.1865 0.1844 0.0000 0 0.0000 0  1846 2400 2534 2593 2724 2736 2558 1894  1 1 1 0 0 0.00 0 0 1.00 0.46 -1 -1 11.49 
2.057 2 1 1 0 0.1894 0.1853 0.0000 0 0.0000 0  1856 2401 2530 2601 2732 2731 2560 1896  1 1 1 0 0 0.00 0 0 1.00 0.47 -1 -1 11.49 
2.061 2 1 1 0 0.1943 0.1885 0.0000 0 0.0000 0  1855 2405 2533 2605 2746 2748 2565 1915  1 1 1 0 0 0.00 0 0 1.00 0.47 -1 -1 11.49 
2.065 2 1 1 0 0.1981 0.1908 0.0000 0 0.0000 0  1837 2395 2525 2574 2715 2739 2547 1910  1 1 1 0 0 0.00 0 0 1.00 0.46 -1 -1 11.49 
2.069 2 1 1 0 0.1950 0.1866 0.0000 0 0.0000 0  1838 2411 2533 2605 2737 2748 2594 1923  1 1 1 0 0 0.00 0 0 1.00 0.46 -1 -1 11.49 
2.073 2 1 1 0 0.1918 0.1810 0.0000 0 0.0000 0  1835 2393 2517 2606 2730 2753 2588 1934  1 1 1 0 0 0.00 0 0 1.00 0.46 -1 -1 11.49 
2.077 2 1 1 0 0.1920 0.1779 0.0000 0 0.0000 0  1834 2393 2516 2610 2731 2753 2580 1939  1 1 1 0 0 0.00 0 0 1.00 0.46 -1 -1 11.49 
2.081 2 1 1 0 0.1950 0.1810 0.0000 0 0.0000 0  1817 2382 2513 2610 2747 2761 2591 1943  1 1 1 0 0 0.00 0 0 1.00 0.45 -1 -1 11.49 
2.085 2 1 1 0 0.1981 0.1855 0.0000 0 0.0000 0  1815 2377 2518 2609 2740 2770 2614 1951  1 1 1 0 0 0.00 0 0 1.00 0.45 -1 -1 11.49 
2.089 2 1 1 0 0.1983 0.1854 0.0000 0 0.0000 0  1818 2372 2506 2599 2740 2779 2636 1961  1 1 1 0 0 0.00 0 0 1.00 0.45 -1 -1 11.49 
2.093 2 1 1 0 0.1936 0.1805 0.0000 0 0.0000 0  1816 2336 2511 2617 2736 2791 2635 1964  1 1 1 0 0 0.00 0 0 1.00 0.45 -1 -1 11.49 
2.097 2 1 1 0 0.1823 0.1690 0.0000 0 0.0000 0  1807 2360 2513 2618 2766 2791 2627 1979  1 1 1 0 0 0.00 0 0 1.00 0.45 -1 -1 11.49 
2.101 2 1 1 0 0.1860 0.1740 0.0000 0 0.0000 0  1796 2361 2511 2626 2765 2800 2652 1979  1 1 1 0 0 0.00 0 0 1.00 0.45 -1 -1 11.49 
2.105 2 1 1 0 0.2118 0.1639 0.0000 0 0.0000 0  1789 2331 2508 2625 2783 2803 2671 1993  1 1 1 0 0 0.00 0 0 1.00 0.44 -1 -1 11.49 
2.109 2 1 1 0 0.1974 0.1895 0.0000 0 0.0000 0  1789 2361 2508 2635 2789 2815 2670 1972  1 1 1 0 0 0.00 0 0 1.00 0.44 -1 -1 11.49 
2.113 2 1 1 0 0.2031 0.1953 0.0000 0 0.0000 0  1789 2369 2509 2638 2793 2829 2670 1978  1 1 1 0 0 0.00 0 0 1.00 0.44 -1 -1 11.49 
2.117 2 1 1 0 0.2120 0.2016 0.0000 0 0.0000 0  1787 2332 2506 2648 2795 2840 2688 1979  1 1 1 0 0 0.00 0 0 1.00 0.44 -1 -1 11.49 
2.121 2 1 1 0 0.2187 0.2060 0.0000 0 0.0000 0  1785 2339 2519 2658 2795 2846 2696 1994  1 1 1 0 0 0.00 0 0 1.00 0.44 -1 -1 11.49 
2.125 2 1 1 0 0.2069 0.1924 0.0000 0 0.0000 0  1783 2317 2527 2671 2819 2864 2695 2004  1 1 1 0 0 0.00 0 0 1.00 0.44 -1 -1 11.49 
2.129 2 1 1 0 0.1975 0.1830 0.0000 0 0.0000 0  1776 2340 2528 2675 2829 2867 2706 2015  1 1 1 0 0 0.00 0 0 1.00 0.44 -1 -1 11.49 
2.133 2 1 1 0 0.2011 0.1850 0.0000 0 0.0000 0  1771 2326 2538 2679 2832 2871 2708 2010  1 1 1 0 0 0.00 0 0 1.00 0.44 -1 -1 11.49 
2.137 2 1 1 0 0.1971 0.1812 0.0000 0 0.0000 0  1770 2383 2553 2695 2860 2879 2714 2005  1 1 1 0 0 0.00 0 0 1.00 0.44 -1 -1 11.48 
2.141 2 1 1 0 0.1898 0.1740 0.0000 0 0.0000 0  1766 2367 2560 2706 2808 2882 2713 1980  1 1 1 0 0 0.00 0 0 1.00 0.43 -1 -1 11.49 
2.145 2 1 1 0 0.2155 0.1630 0.0000 0 0.0000 0  1767 2324 2566 2716 2863 2896 2726 2014  1 1 1 0 0 0.00 0 0 1.00 0.44 -1 -1 11.49 
2.149 2 1 1 0 0.1974 0.1855 0.0000 0 0.0000 0  1780 2373 2576 2733 2884 2905 2729 2020  1 1 1 0 0 0.00 0 0 1.00 0.44 -1 -1 11.49 
2.153 2 1 1 0 0.2067 0.1969 0.0000 0 0.0000 0  1785 2375 2594 2743 2880 2912 2734 2060  1 1 1 0 0 0.00 0 0 1.00 0.44 -1 -1 11.49 
2.157 2 1 1 0 0.2117 0.2009 0.0000 0 0.0000 0  1784 2392 2610 2753 2905 2920 2740 2053  1 1 1 0 0 0.00 0 0 1.00 0.44 -1 -1 11.49 
2.161 2 1 1 0 0.2145 0.2014 0.0000 0 0.0000 0  1801 2409 2636 2767 2913 2929 2746 2039  1 1 1 0 0 0.00 0 0 1.00 0.45 -1 -1 11.49 
2.165 2 1 1 0 0.2089 0.1953 0.0000 0 0.0000 0  1804 2413 2633 2775 2908 2928 2756 2024  1 1 1 0 0 0.00 0 0 1.00 0.45 -1 -1 11.49 
2.169 2 1 1 0 0.2018 0.1891 0.0000 0 0.0000 0  1812 2409 2647 2787 2944 2934 2758 2050  1 1 1 0 0 0.00 0 0 1.00 0.45 -1 -1 11.49 
2.173 2 1 1 0 0.2074 0.1941 0.0000 0 0.0000 0  1817 2438 2644 2788 2931 2940 2754 2065  1 1 1 0 0 0.00 0 0 1.00 0.46 -1 -1 11.49 
2.177 2 1 1 0 0.1991 0.1853 0.0000 0 0.0000 0  1829 2444 2658 2793 2914 2945 2758 2030  1 1 1 0 0 0.00 0 0 1.00 0.46 -1 -1 11.49 
2.181 2 1 1 0 0.1978 0.1836 0.0000 0 0.0000 0  1843 2458 2679 2805 2928 2959 2763 2067  1 1 1 0 0 0.00 0 0 1.00 0.47 -1 -1 11.49 
2.185 2 1 1 0 0.2229 0.1716 0.0000 0 0.0000 0  1857 2472 2685 2816 2958 2955 2771 2061  1 1 1 0 0 0.00 0 0 1.00 0.47 -1 -1 11.49 
2.189 2 1 1 0 0.2085 0.1960 0.0000 0 0.0000 0  1870 2480 2697 2823 2963 2972 2773 2052  1 1 1 0 0 0.00 0 0 1.00 0.48 -1 -1 11.49 
2.193 2 1 1 0 0.2051 0.1946 0.0000 0 0.0000 0  1875 2498 2687 2826 2962 2953 2768 2049  1 1 1 0 0 0.00 0 0 1.00 0.48 -1 -1 11.49 
2.197 2 1 1 0 0.2151 0.1668 0.0000 0 0.0000 0  1891 2511 2713 2840 2973 2965 2779 2047  1 1 1 0 0 0.00 0 0 1.00 0.49 -1 -1 11.49 
2.201 2 1 1 0 0.2018 0.1931 0.0000 0 0.0000 0  1913 2533 2707 2852 2976 2954 2782 2065  1 1 1 0 0 0.00 0 0 1.00 0.50 -1 -1 11.49 
2.205 2 1 1 0 0.2125 0.2052 0.0000 0 0.0000 0  1925 2525 2741 2858 2968 2980 2786 2057  1 1 1 0 0 0.00 0 0 1.00 0.50 -1 -1 11.49 
2.209 2 1 1 0 0.2190 0.2099 0.2932 0 1.4120 0  1937 2562 2770 2867 2978 2995 2790 2082  1 1 1 0 0 0.00 0 1 0.75 0.51 5 5 11.48 
2.213 2 1 1 0 0.2082 0.2344 0.0000 0 0.0000 0  1948 2569 2766 2873 2981 2976 2797 2068  1 1 1 0 0 0.00 0 0 1.00 0.51 -1 -1 11.48 
2.217 2 1 1 0 0.2249 0.2108 0.0000 0 0.0000 0  1951 2568 2756 2874 2974 2975 2797 2087  1 1 1 0 0 0.00 0 0 1.00 0.51 -1 -1 11.48 
2.221 2 1 1 0 0.2056 0.1909 0.0000 0 0.0000 0  1967 2586 2770 2885 2997 2985 2802 2081  1 1 1 0 0 0.00 0 -2 1.00 0.52 -1 -1 11.48 
2.225 2 1 1 0 0.2286 0.1754 0.0000 0 0.0000 0  1974 2598 2785 2888 2993 2985 2805 2105  1 1 1 0 0 0.00 0 -2 1.00 0.52 -1 -1 11.48 
2.229 2 1 1 0 0.2151 0.2009 0.1363 0 1.4308 0  1985 2607 2796 2888 2996 2996 2800 2083  1 1 1 0 0 0.00 0 2 0.75 0.53 5 5 11.49 
2.233 2 1 1 0 0.2182 0.2035 0.1948 0 1.4134 0  1991 2610 2810 2893 2999 3006 2802 2081  1 1 1 0 0 0.00 0 2 0.76 0.53 5 5 11.48 
2.237 2 1 1 0 0.2356 0.1822 -0.0446 1 1.4753 1  1993 2633 2810 2905 3002 2988 2809 2083  1 1 1 0 0 4.56 0 5 0.75 0.53 5 5 11.48 
2.241 2 1 1 0 0.2307 0.1796 -0.0920 1 1.4464 1  2000 2639 2812 2910 3011 2983 2811 2079  1 1 1 0 0 1.58 0 5 0.75 0.53 4 4 11.48 
2.245 2 1 1 0 0.2381 0.1915 0.0000 0 0.0000 0  2027 2647 2834 2919 3020 3009 2805 2095  1 1 1 0 0 0.00 0 0 1.00 0.54 -1 -1 11.49 
2.249 2 1 1 0 0.2311 0.2235 0.0000 0 0.0000 0  2036 2661 2831 2929 3020 3007 2808 2090  1 1 1 0 0 0.00 0 0 1.00 0.55 -1 -1 11.48 
2.253 2 1 1 0 0.2405 0.2296 0.0000 0 0.0000 0  2045 2669 2846 2920 3014 3007 2810 2095  1 1 1 0 0 0.00 0 0 1.00 0.55 -1 -1 11.47 
2.257 2 1 1 0 0.2347 0.2197 -0.0349 0 1.4254 0  2041 2675 2846 2937 3023 3016 2818 2102  1 1 1 0 0 0.00 0 4 0.76 0.55 4 5 11.47 
2.261 2 1 1 0 0.2354 0.1817 -0.0516 1 1.4209 1  2057 2676 2856 2934 3021 3012 2812 2093  1 1 1 0 0 1.70 0 5 0.76 0.56 4 5 11.48 
2.265 2 1 1 0 0.2334 0.1819 -0.1014 1 1.4439 1  2062 2675 2852 2928 3021 3004 2814 2108  1 1 1 0 0 1.92 0 5 0.76 0.56 4 5 11.49 
2.269 2 1 1 0 0.2245 0.2115 0.0022 1 1.4365 1  2043 2679 2837 2925 3017 3010 2817 2113  1 1 1 0 0 1.21 0 5 0.76 0.55 4 5 11.48 
2.273 2 1 1 0 0.2234 0.2094 -0.0276 1 1.4741 1  2063 2673 2837 2920 3005 2999 2820 2121  1 1 1 0 0 1.42 0 5 0.76 0.56 5 5 11.48 
2.277 2 1 1 0 0.2177 0.2057 0.0000 1 0.0000 1  2061 2672 2839 2919 3001 2979 2822 2134  1 1 1 0 0 -3.18 0 2 1.00 0.56 -1 -1 11.48 
2.281 2 1 1 0 0.2412 0.1926 0.0000 0 0.0000 0  2062 2677 2852 2914 3011 3024 2841 2154  1 1 1 0 0 0.00 0 0 1.00 0.56 -1 -1 11.49 
2.285 2 1 1 0 0.2242 0.2163 0.0000 0 0.0000 0  2086 2684 2842 2919 3008 3022 2844 2163  1 1 1 0 0 0.00 0 0 1.00 0.57 -1 -1 11.48 
2.289 2 1 1 0 0.2465 0.1999 0.0000 0 0.0000 0  2088 2689 2848 2914 3013 3023 2846 2181  1 1 1 0 0 0.00 0 0 1.00 0.57 -1 -1 11.48 
2.293 2 1 1 0 0.2349 0.2257 0.0000 0 0.0000 0  2053 2689 2834 2904 3020 3012 2865 2205  1 1 1 0 0 0.00 0 0 1.00 0.56 -1 -1 11.48 
2.297 2 1 1 0 0.2497 0.2020 0.0000 0 0.0000 0  2083 2698 2847 2924 3018 3005 2886 2223  1 1 1 0 0 0.00 0 0 1.00 0.57 -1 -1 11.48 
2.301 2 1 1 0 0.2424 0.1956 0.2522 0 1.6697 0  2099 2693 2837 2912 3019 3032 2895 2239  1 1 1 0 0 0.00 0 2 0.76 0.58 4 5 11.47 
2.305 2 1 1 0 0.2172 0.2078 0.2168 1 1.8945 1  2074 2693 2826 2911 3023 3031 2915 2264  1 1 1 0 0 1.85 0 5 0.76 0.57 4 6 11.48 
2.309 2 1 1 0 0.2265 0.2181 0.3717 1 1.7842 1  2096 2691 2828 2906 3027 3053 2929 2294  1 1 1 0 0 0.88 0 5 0.77 0.58 4 6 11.49 
2.313 2 1 1 0 0.2313 0.2236 0.3946 1 1.8728 1  2109 2686 2832 2898 3026 3054 2937 2318  1 1 1 0 0 1.56 0 5 0.77 0.58 4 6 11.48 
2.317 2 1 1 0 0.2298 0.2228 0.5496 1 1.9246 1  2061 2682 2830 2907 3042 3083 2975 2360  1 1 1 0 0 1.22 0 5 0.78 0.56 4 6 11.48 
2.321 2 1 1 0 0.2405 0.1958 0.5788 1 2.0161 1  2064 2676 2811 2898 3022 3066 2980 2379  1 1 1 0 0 1.54 0 5 0.77 0.56 4 6 11.48 
2.325 2 1 1 0 0.2339 0.1922 0.6721 1 2.0666 1  2081 2676 2831 2915 3038 3095 3022 2419  1 1 1 0 0 1.41 0 5 0.79 0.57 4 6 11.47 
2.329 2 1 1 0 0.2463 0.2070 0.7848 1 2.1123 1  2095 2678 2827 2929 3049 3114 3057 2464  1 1 1 0 0 1.32 0 5 0.80 0.58 4 6 11.49 
2.333 2 1 1 0 0.2525 0.2137 0.9191 1 2.1317 1  2070 2671 2823 2910 3046 3127 3081 2500  1 1 1 0 0 1.70 0 5 0.79 0.57 4 7 11.48 
2.337 2 1 1 0 0.2620 0.2222 0.9755 1 2.1592 1  2067 2672 2826 2920 3069 3146 3109 2542  1 1 1 0 0 1.61 0 5 0.80 0.56 4 7 11.48 
2.341 2 1 1 0 0.2648 0.2243 0.9382 1 2.2223 1  2080 2674 2823 2912 3075 3173 3126 2584  1 1 1 0 0 1.48 0 5 0.81 0.57 4 7 11.47 
2.345 2 1 1 0 0.2540 0.2143 1.1400 1 2.1828 1  2044 2669 2818 2941 3078 3187 3186 2625  1 1 1 0 0 1.01 0 5 0.82 0.55 4 7 11.47 
2.349 2 1 1 0 0.2446 0.2053 1.1400 1 2.2455 1  2052 2664 2819 2928 3085 3209 3206 2666  1 1 1 0 0 1.14 0 5 0.83 0.56 4 7 11.48 
2.353 2 1 1 0 0.2434 0.2032 1.1400 1 2.2879 1  2060 2661 2811 2930 3110 3227 3236 2705  1 1 1 0 0 1.08 0 5 0.85 0.56 4 7 11.47 
2.357 2 1 1 0 0.2439 0.2029 1.1400 1 2.2954 1  2041 2656 2820 2942 3126 3247 3277 2745  1 1 1 0 0 1.10 0 5 0.86 0.55 4 7 11.48 
2.361 2 1 1 0 0.2422 0.2019 1.1400 1 2.5881 1  2045 2659 2823 2964 3146 3270 3282 2787  1 1 1 0 0 2.03 0 5 0.87 0.56 4 7 11.48 
2.365 2 1 1 0 0.2494 0.2139 1.1400 1 2.6600 1  2070 2656 2819 2966 3170 3300 3307 2822  1 1 1 0 0 1.57 0 5 0.88 0.57 4 7 11.48 
2.369 2 1 1 0 0.2588 0.2243 1.1400 1 2.6311 1  2060 2649 2835 2985 3192 3320 3356 2859  1 1 1 0 0 1.43 0 5 0.89 0.56 4 7 11.49 
2.373 2 1 1 0 0.2519 0.2536 1.1400 1 2.6600 1  2056 2684 2848 3006 3217 3343 3370 2892  1 1 1 0 0 1.52 0 5 0.90 0.56 4 7 11.48 
2.377 2 1 1 0 0.2594 0.2583 1.1400 1 2.6600 1  2071 2664 2859 3024 3249 3372 3376 2926  1 1 1 0 0 1.52 0 5 0.91 0.57 4 7 11.48 
2.381 2 1 1 0 0.2446 0.2425 1.4507 1 2.6600 1  2076 2673 2873 3075 3267 3388 3411 2948  1 1 1 0 0 0.59 0 5 0.94 0.57 5 7 11.48 
2.385 2 1 1 0 0.2312 0.2282 1.4624 1 2.6600 1  2077 2686 2880 3083 3284 3403 3421 2971  1 1 1 0 0 1.17 0 5 0.95 0.57 5 7 11.48 
2.389 2 1 1 0 0.2339 0.2316 1.5399 1 2.6600 1  2090 2705 2897 3122 3320 3428 3432 2995  1 1 1 0 0 1.01 0 5 0.96 0.58 5 7 11.48 
2.393 2 1 1 0 0.2405 0.2373 1.5852 1 2.6600 1  2078 2714 2924 3132 3347 3459 3438 3014  1 1 1 0 0 0.93 0 5 0.97 0.57 5 7 11.49 
2.397 2 1 1 0 0.2390 0.2366 1.4277 1 2.6600 1  2093 2722 2943 3194 3369 3463 3480 3024  1 1 1 0 0 1.32 0 5 0.98 0.58 5 7 11.49 
2.401 2 1 1 0 0.2491 0.2077 1.1400 1 2.6600 1  2098 2727 2958 3194 3389 3475 3461 3036  1 1 1 0 0 2.18 0 5 0.96 0.58 4 7 11.49 
2.405 2 1 1 0 0.2535 0.2140 1.1400 1 2.6600 1  2102 2738 2981 3221 3406 3496 3490 3044  1 1 1 0 0 1.52 0 5 0.97 0.58 4 7 11.49 
2.409 2 1 1 0 0.2424 0.2411 1.1400 1 2.6600 1  2115 2775 3004 3248 3419 3505 3515 3050  1 1 1 0 0 1.52 0 5 0.98 0.59 4 7 11.49 
2.413 2 1 1 0 0.2545 0.2520 1.1400 1 2.6600 1  2124 2800 3024 3273 3430 3520 3510 3059  1 1 1 0 0 1.52 0 5 0.98 0.59 4 7 11.49 
2.417 2 1 1 0 0.2553 0.2490 1.1400 1 2.6600 1  2137 2778 3048 3296 3460 3526 3495 3067  1 1 1 0 0 1.41 0 5 0.98 0.60 4 7 11.49 
2.421 2 1 1 0 0.2357 0.2265 1.1400 1 2.6600 1  2112 2793 3080 3334 3479 3534 3521 3070  1 1 1 0 0 1.41 0 5 0.99 0.59 4 7 11.49 
2.425 2 1 1 0 0.2563 0.2092 1.1400 1 2.6600 1  2162 2829 3103 3340 3490 3531 3509 3071  1 1 1 0 0 1.52 0 5 0.99 0.61 4 7 11.49 
2.429 2 1 1 0 0.2639 0.2168 1.0066 1 2.6600 1  2179 2856 3147 3381 3514 3551 3502 3072  1 1 1 0 0 1.60 0 5 0.99 0.61 4 7 11.49 
2.433 2 1 1 0 0.2670 0.2185 0.3800 1 2.6600 1  2187 2871 3174 3408 3530 3545 3506 3087  1 1 1 0 0 2.28 0 5 0.98 0.62 3 7 11.49 
2.437 2 1 1 0 0.2646 0.2163 0.3800 1 2.6600 1  2213 2956 3217 3433 3540 3558 3514 3060  1 1 1 0 0 2.28 0 5 0.99 0.63 3 7 11.49 
2.441 2 1 1 0 0.2579 0.2098 0.3800 1 2.6600 1  2252 2953 3247 3451 3534 3567 3499 3074  1 1 1 0 0 2.28 0 5 0.99 0.65 3 7 11.49 
2.445 2 1 1 0 0.2505 0.2406 0.3800 1 2.6600 1  2281 2985 3278 3477 3544 3562 3521 3070  1 1 1 0 0 2.28 0 5 0.99 0.66 3 7 11.49 
2.449 2 1 1 0 0.2595 0.2471 0.0729 1 2.6600 1  2317 3044 3309 3495 3582 3573 3516 3068  1 1 1 0 0 3.02 0 5 1.00 0.67 3 7 11.49 
2.453 2 1 1 0 0.2565 0.2392 0.1444 1 2.6600 1  2351 3065 3341 3509 3577 3570 3511 3075  1 1 1 0 0 2.99 0 5 1.00 0.69 3 7 11.49 
2.457 2 1 1 0 0.2438 0.2253 0.1577 1 2.6600 1  2377 3102 3360 3513 3586 3569 3493 3083  1 1 1 0 0 2.27 0 5 1.00 0.70 3 7 11.49 
2.461 2 1 1 0 0.2449 0.2253 -0.3800 1 2.6600 1  2422 3148 3388 3531 3597 3577 3503 3057  1 1 1 0 0 3.89 0 5 0.99 0.70 2 7 11.49 
2.465 2 1 1 0 0.2535 0.2344 -0.4674 1 2.6600 1  2460 3187 3401 3535 3588 3566 3481 3054  1 1 1 0 0 3.29 0 5 0.99 0.70 2 7 11.49 
2.469 2 1 1 0 0.2727 0.2159 -0.6474 1 2.6600 1  2511 3222 3434 3558 3587 3569 3501 3056  1 1 1 0 0 3.41 0 5 1.00 0.70 2 7 11.49 
2.473 2 1 1 0 0.2641 0.2089 -0.5420 1 2.6600 1  2560 3245 3439 3553 3594 3556 3484 3066  1 1 1 0 0 2.80 0 5 1.00 0.70 2 7 11.48 
2.477 2 1 1 0 0.2579 0.2026 -0.7240 1 2.6600 1  2608 3268 3459 3567 3595 3566 3483 3051  1 1 1 0 0 3.35 0 5 1.00 0.70 2 7 11.49 
2.481 2 1 1 0 0.2454 0.2295 -0.7847 1 2.6600 1  2657 3309 3472 3571 3597 3564 3487 3052  1 1 1 0 0 3.57 0 5 1.00 0.70 2 7 11.48 
2.485 2 1 1 0 0.2520 0.2372 -1.1400 1 2.6600 1  2697 3314 3490 3567 3585 3550 3476 3028  1 1 1 0 0 4.51 0 5 0.99 0.70 1 7 11.49 
2.489 2 1 1 0 0.2600 0.2447 -1.1400 1 2.6600 1  2743 3370 3503 3576 3578 3554 3483 3035  1 1 1 0 0 3.80 0 5 0.99 0.70 1 7 11.49 
2.493 2 1 1 0 0.2478 0.2688 -1.3421 1 2.6600 1  2780 3403 3507 3564 3574 3541 3477 3025  1 1 1 0 0 4.36 0 5 0.99 0.70 1 7 11.49 
2.497 2 1 1 0 0.2648 0.2436 -1.3265 1 2.6600 1  2819 3393 3514 3568 3579 3539 3469 3011  1 1 1 0 0 4.06 0 5 0.99 0.70 1 7 11.49 
2.501 2 1 1 0 0.2490 0.2271 -1.4811 1 1.9100 1  2853 3423 3526 3572 3569 3540 3469 2975  1 1 1 0 0 3.12 0 5 0.99 0.70 1 7 11.49 
2.505 2 1 1 0 0.2472 0.2247 -1.6988 1 1.9000 1  2881 3438 3534 3568 3563 3534 3464 2979  1 1 1 0 0 3.74 0 5 0.99 0.70 1 7 11.49 
2.509 2 1 1 0 0.2398 0.2168 -1.7109 1 1.9275 1  2928 3446 3539 3574 3561 3541 3473 2953  1 1 1 0 0 3.72 0 5 0.99 0.70 1 7 11.49 
2.513 2 1 1 0 0.2388 0.2153 -2.0121 1 1.9000 1  2952 3472 3541 3567 3569 3533 3460 2964  1 1 1 0 0 3.90 0 5 0.99 0.70 0 7 11.49 
2.517 2 1 1 0 0.2486 0.2275 -2.0097 1 1.9118 1  2980 3464 3533 3565 3549 3533 3463 2915  1 1 1 0 0 3.89 0 5 0.99 0.70 0 7 11.49 
2.521 2 1 1 0 0.2584 0.2392 -2.0090 1 1.9000 1  3009 3474 3554 3567 3562 3537 3461 2923  1 1 1 0 0 3.85 0 5 0.99 0.70 0 7 11.49 
2.525 2 1 1 0 0.2670 0.2467 -2.3985 1 1.9000 1  3016 3473 3518 3536 3538 3509 3426 2861  1 1 1 0 0 5.08 0 5 0.98 0.70 0 7 11.49 
2.529 2 1 1 0 0.2691 0.2492 -2.3129 1 1.9000 1  3036 3475 3538 3552 3552 3529 3446 2864  1 1 1 0 0 4.30 0 5 0.98 0.70 0 7 11.49 
2.533 2 1 1 0 0.2567 0.2357 -2.6600 1 1.5427 1  3055 3490 3532 3549 3546 3523 3440 2842  1 1 1 0 0 4.69 0 5 0.99 0.70 0 6 11.49 
2.537 2 1 1 0 0.2400 0.2181 -2.4413 1 1.1400 1  3067 3501 3559 3552 3557 3531 3442 2821  1 1 1 0 0 2.82 0 5 1.00 0.70 0 6 11.49 
2.541 2 1 1 0 0.2381 0.2182 -2.6600 1 1.1400 1  3067 3497 3523 3547 3549 3499 3419 2782  1 1 1 0 0 4.24 0 5 0.99 0.70 0 6 11.49 
2.545 2 1 1 0 0.2381 0.2198 -2.6600 1 1.1841 1  3066 3491 3516 3533 3547 3513 3410 2747  1 1 1 0 0 3.66 0 5 0.99 0.70 0 6 11.49 
2.549 2 1 1 0 0.2440 0.2270 -2.6600 1 1.1400 1  3074 3499 3523 3532 3561 3507 3398 2690  1 1 1 0 0 3.72 0 5 0.99 0.70 0 6 11.49 
2.553 2 1 1 0 0.2423 0.2249 -2.6600 1 1.1400 1  3073 3483 3513 3531 3528 3501 3379 2642  1 1 1 0 0 3.80 0 5 0.99 0.70 0 6 11.49 
2.557 2 1 1 0 0.2527 0.2336 -2.6600 1 1.1400 1  3080 3488 3516 3537 3539 3505 3371 2599  1 1 1 0 0 3.80 0 5 0.99 0.70 0 6 11.48 
2.561 2 1 1 0 0.2651 0.2446 -2.6600 1 1.1400 1  3084 3499 3516 3530 3534 3500 3360 2562  1 1 1 0 0 3.80 0 5 0.99 0.70 0 6 11.49 
2.565 2 1 1 0 0.2703 0.2487 -2.6600 1 1.1400 1  3080 3477 3505 3518 3517 3475 3324 2510  1 1 1 0 0 3.80 0 5 0.98 0.70 0 6 11.48 
2.569 2 1 1 0 0.2596 0.2398 -2.6600 1 1.1400 1  3087 3477 3508 3528 3529 3462 3301 2466  1 1 1 0 0 3.80 0 5 0.98 0.70 0 6 11.49 
2.573 2 1 1 0 0.2408 0.2225 -2.6600 1 0.3800 1  3075 3485 3507 3520 3519 3478 3272 2412  1 1 1 0 0 1.52 0 5 0.99 0.70 0 5 11.49 
2.577 2 1 1 0 0.2625 0.2087 -2.6600 1 0.3800 1  3069 3470 3492 3511 3507 3433 3234 2346  1 1 1 0 0 3.04 0 5 0.98 0.70 0 5 11.48 
2.581 2 1 1 0 0.2445 0.2293 -2.6600 1 0.3813 1  3058 3457 3496 3500 3496 3448 3206 2320  1 1 1 0 0 3.04 0 5 0.98 0.69 0 5 11.48 
2.585 2 1 1 0 0.2560 0.2019 -2.6600 1 0.3800 1  3052 3443 3470 3482 3477 3412 3155 2284  1 1 1 0 0 3.04 0 5 0.98 0.67 0 5 11.48 
2.589 2 1 1 0 0.2594 0.2058 -2.6600 1 0.3800 1  3060 3454 3479 3492 3475 3371 3115 2240  1 1 1 0 0 3.04 0 5 0.98 0.65 0 5 11.48 
2.593 2 1 1 0 0.2552 0.2402 -2.6600 1 0.3800 1  3022 3438 3474 3476 3464 3362 3076 2209  1 1 1 0 0 3.04 0 5 0.97 0.64 0 5 11.48 
2.597 2 1 1 0 0.2630 0.2471 -2.6600 1 0.3800 1  3034 3440 3475 3477 3449 3337 3036 2190  1 1 1 0 0 3.04 0 5 0.97 0.63 0 5 11.48 
2.601 2 1 1 0 0.2734 0.2553 -2.6600 1 0.3800 1  3046 3431 3449 3464 3437 3310 2991 2157  1 1 1 0 0 3.04 0 5 0.96 0.61 0 5 11.48 
2.605 2 1 1 0 0.2788 0.2208 -2.6600 1 0.3800 1  3034 3441 3482 3458 3428 3298 2962 2142  1 1 1 0 0 3.04 0 5 0.96 0.61 0 5 11.49 
2.609 2 1 1 0 0.2624 0.2055 -2.6600 1 -0.3800 1  3015 3428 3464 3449 3418 3278 2924 2119  1 1 1 0 0 0.76 0 5 0.97 0.60 0 4 11.48 
2.613 2 1 1 0 0.2632 0.2073 -2.6600 1 -0.3800 1  3015 3418 3470 3434 3379 3245 2888 2107  1 1 1 0 0 2.28 0 5 0.96 0.59 0 4 11.48 
2.617 2 1 1 0 0.2632 0.2081 -2.6600 1 -0.3800 1  3000 3420 3459 3426 3360 3191 2865 2096  1 1 1 0 0 2.28 0 5 0.96 0.59 0 4 11.48 
2.621 2 1 1 0 0.2428 0.2277 -2.6600 1 -0.3800 1  3005 3415 3438 3408 3331 3158 2836 2094  1 1 1 0 0 2.28 0 5 0.95 0.59 0 4 11.49 
2.625 2 1 1 0 0.2484 0.2336 -2.6600 1 -0.3800 1  2987 3402 3437 3385 3300 3147 2817 2083  1 1 1 0 0 2.28 0 5 0.95 0.58 0 4 11.48 
2.629 2 1 1 0 0.2589 0.2417 -2.6600 1 -0.8895 1  2976 3383 3406 3356 3264 3105 2794 2077  1 1 1 0 0 1.99 0 5 0.95 0.58 0 3 11.48 
2.633 2 1 1 0 0.2603 0.2409 -2.5553 1 -0.9609 1  2941 3379 3399 3331 3236 3066 2778 2067  1 1 1 0 0 1.46 0 5 0.94 0.57 0 3 11.48 
2.637 2 1 1 0 0.2605 0.2409 -2.6600 1 -0.9407 1  2955 3372 3400 3313 3217 3057 2780 2064  1 1 1 0 0 1.97 0 5 0.94 0.57 0 3 11.48 
2.641 2 1 1 0 0.2571 0.2386 -2.6600 1 -1.1051 1  2943 3365 3368 3274 3182 3019 2764 2059  1 1 1 0 0 1.37 0 5 0.93 0.57 0 3 11.48 
2.645 2 1 1 0 0.2770 0.2213 -2.5224 1 -1.1263 1  2906 3345 3345 3257 3140 2990 2753 2053  1 1 1 0 0 1.01 0 5 0.92 0.57 0 3 11.48 
2.649 2 1 1 0 0.2766 0.2242 -2.6600 1 -1.1400 1  2911 3332 3312 3204 3117 2997 2746 2051  1 1 1 0 0 1.69 0 5 0.91 0.57 0 3 11.48 
2.653 2 1 1 0 0.2739 0.2214 -2.4217 1 -1.1400 1  2857 3305 3291 3163 3079 2968 2739 2048  1 1 1 0 0 1.20 0 5 0.90 0.57 0 3 11.47 
2.657 2 1 1 0 0.2659 0.2160 -2.3711 1 -1.1400 1  2826 3280 3263 3132 3057 2966 2735 2038  1 1 1 0 0 0.99 0 5 0.89 0.56 0 3 11.48 
2.661 2 1 1 0 0.2501 0.2406 -2.4020 1 -1.4219 1  2809 3257 3229 3115 3036 2949 2727 2045  1 1 1 0 0 0.24 0 5 0.90 0.57 0 2 11.48 
2.665 2 1 1 0 0.2805 0.2319 -2.6600 1 -1.3238 1  2807 3229 3215 3055 3015 2957 2709 2028  1 1 1 0 0 2.05 0 5 0.89 0.56 0 2 11.48 
2.669 2 1 1 0 0.2859 0.2364 -2.4333 1 -1.4485 1  2764 3205 3174 3032 3013 2940 2726 2026  1 1 1 0 0 0.28 0 5 0.88 0.56 0 2 11.47 
2.673 2 1 1 0 0.2709 0.2574 -2.2550 1 -1.5068 1  2695 3168 3126 2987 2995 2928 2722 2020  1 1 1 0 0 0.39 0 5 0.85 0.55 0 2 11.48 
2.677 2 1 1 0 0.2595 0.2458 -2.4010 1 -1.4162 1  2685 3126 3103 2999 2987 2928 2720 2020  1 1 1 0 0 1.02 0 5 0.84 0.55 0 2 11.47 
2.681 2 1 1 0 0.2533 0.2379 -2.3483 1 -1.4063 1  2635 3082 3062 2956 2979 2913 2714 2017  1 1 1 0 0 0.95 0 5 0.83 0.55 0 2 11.48 
2.685 2 1 1 0 0.2700 0.2151 -2.2437 1 -0.3800 1  2568 3037 3020 2947 2965 2890 2721 2012  1 1 1 0 0 3.34 0 5 0.78 0.55 0 4 11.49 
2.689 2 1 1 0 0.2659 0.2111 -2.3688 1 -1.3488 1  2546 2984 2975 2937 2960 2905 2687 2005  1 1 1 0 0 0.78 0 5 0.79 0.55 0 2 11.48 
2.693 2 1 1 0 0.2464 0.2313 -2.2406 1 -1.3017 1  2468 2932 2930 2912 2953 2892 2701 2000  1 1 1 0 0 1.14 0 5 0.78 0.55 1 2 11.49 
2.697 2 1 1 0 0.2624 0.2473 -2.1944 1 -1.0844 1  2406 2884 2901 2886 2952 2910 2710 1992  1 1 1 0 0 1.65 0 5 0.76 0.54 1 2 11.48 
2.701 2 1 1 0 0.2680 0.2500 -2.1749 1 1.0556 1  2351 2835 2875 2898 2942 2893 2703 1995  1 1 1 0 0 7.47 1 5 0.75 0.54 1 1 11.48 
2.705 2 1 1 0 0.2769 0.2565 0.0000 0 0.0000 0  2318 2802 2843 2882 2930 2897 2700 1988  1 1 1 0 0 0.00 0 0 1.00 0.54 -1 -1 11.48 
2.709 2 1 1 0 0.2803 0.2580 0.0000 0 0.0000 0  2272 2767 2816 2880 2920 2891 2706 1985  1 1 1 0 0 0.00 0 0 1.00 0.54 -1 -1 11.48 
2.713 2 1 1 0 0.2814 0.2208 0.0000 0 0.0000 0  2238 2733 2804 2874 2919 2896 2707 1989  1 1 1 0 0 0.00 0 0 1.00 0.54 -1 -1 11.48 
2.717 2 1 1 0 0.2756 0.2161 0.0000 0 0.0000 0  2191 2698 2779 2842 2910 2885 2677 1976  1 1 1 0 0 0.00 0 0 1.00 0.54 -1 -1 11.48 
2.721 2 1 1 0 0.2515 0.2324 0.0000 0 0.0000 0  2154 2671 2777 2826 2911 2892 2685 1979  1 1 1 0 0 0.00 0 0 1.00 0.54 -1 -1 11.48 
2.725 2 1 1 0 0.2550 0.2364 0.0000 0 0.0000 0  2107 2646 2768 2830 2911 2894 2698 1975  1 1 1 0 0 0.00 0 0 1.00 0.54 -1 -1 11.49 
2.729 2 1 1 0 0.2661 0.2452 0.0000 0 0.0000 0  2085 2639 2761 2842 2897 2884 2698 1971  1 1 1 0 0 0.00 0 0 1.00 0.53 -1 -1 11.48 
2.733 2 1 1 0 0.2730 0.2501 0.0000 0 0.0000 0  2083 2631 2751 2817 2902 2887 2682 1965  1 1 1 0 0 0.00 0 0 1.00 0.53 -1 -1 11.49 
2.737 2 1 1 0 0.2805 0.2559 0.0000 0 0.0000 0  2048 2622 2754 2820 2908 2890 2689 1966  1 1 1 0 0 0.00 0 0 1.00 0.53 -1 -1 11.48 
2.741 2 1 1 0 0.2938 0.2298 0.0000 0 0.0000 0  2054 2624 2757 2849 2916 2893 2690 1961  1 1 1 0 0 0.00 0 0 1.00 0.53 -1 -1 11.48 
2.745 2 1 1 0 0.2577 0.2333 0.0000 0 0.0000 0  2025 2582 2744 2807 2890 2887 2663 1950  1 1 1 0 0 0.00 0 0 1.00 0.52 -1 -1 11.49 
2.749 2 1 1 0 0.2563 0.2306 0.0000 0 0.0000 0  2014 2598 2734 2802 2900 2882 2659 1936  1 1 1 0 0 0.00 0 0 1.00 0.52 -1 -1 11.49 
2.753 2 1 1 0 0.2609 0.2368 0.0000 0 0.0000 0  1991 2575 2726 2806 2886 2882 2642 1930  1 1 1 0 0 0.00 0 0 1.00 0.52 -1 -1 11.49 
2.757 2 1 1 0 0.2745 0.2107 0.0000 0 0.0000 0  2003 2591 2721 2790 2875 2861 2647 1906  1 1 1 0 0 0.00 0 0 1.00 0.51 -1 -1 11.49 
2.761 2 1 1 0 0.2788 0.2165 0.0000 0 0.0000 0  1996 2565 2709 2790 2884 2859 2642 1900  1 1 1 0 0 0.00 0 0 1.00 0.50 -1 -1 11.49 
2.765 2 1 1 0 0.2740 0.2496 0.0000 0 0.0000 0  2002 2578 2697 2775 2871 2849 2634 1881  1 1 1 0 0 0.00 0 0 1.00 0.49 -1 -1 11.49 
2.769 2 1 1 0 0.2622 0.2731 0.0000 0 0.0000 0  1986 2551 2704 2779 2866 2843 2609 1861  1 1 1 0 0 0.00 0 0 1.00 0.49 -1 -1 11.49 
2.773 2 1 1 0 0.2913 0.2618 0.0000 0 0.0000 0  1977 2528 2696 2783 2857 2830 2598 1841  1 1 1 0 0 0.00 0 0 1.00 0.48 -1 -1 11.49 
2.777 2 1 1 0 0.2801 0.2487 0.0000 0 0.0000 0  1982 2554 2694 2780 2882 2825 2596 1856  1 1 1 0 0 0.00 0 0 1.00 0.48 -1 -1 11.49 
2.781 2 1 1 0 0.2660 0.2344 0.0000 0 0.0000 0  1972 2562 2688 2774 2854 2816 2563 1828  1 1 1 0 0 0.00 0 0 1.00 0.47 -1 -1 11.49 
2.785 2 1 1 0 0.2664 0.2345 0.0000 0 0.0000 0  1974 2535 2683 2745 2844 2795 2543 1822  1 1 1 0 0 0.00 0 0 1.00 0.47 -1 -1 11.49 
2.789 2 1 1 0 0.2635 0.2315 0.0000 0 0.0000 0  1963 2550 2683 2757 2828 2780 2527 1790  1 1 1 0 0 0.00 0 0 1.00 0.45 -1 -1 11.49 
2.793 2 1 1 0 0.2693 0.2371 0.0000 0 0.0000 0  1960 2552 2679 2742 2814 2759 2504 1798  1 1 1 0 0 0.00 0 0 1.00 0.46 -1 -1 11.49 
2.797 2 1 1 0 0.2799 0.2461 0.0000 0 0.0000 0  1953 2509 2676 2752 2809 2751 2496 1804  1 1 1 0 0 0.00 0 0 1.00 0.46 -1 -1 11.49 
2.801 2 1 1 0 0.2701 0.2718 0.0000 0 0.0000 0  1956 2515 2674 2737 2791 2729 2487 1791  1 1 1 0 0 0.00 0 0 1.00 0.45 -1 -1 11.49 
2.805 2 1 1 0 0.2660 0.2657 0.0000 0 0.0000 0  1944 2540 2673 2734 2778 2717 2455 1788  1 1 1 0 0 0.00 0 0 1.00 0.45 -1 -1 11.49 
2.809 2 1 1 0 0.2580 0.2532 0.0000 0 0.0000 0  1931 2515 2663 2726 2778 2704 2463 1774  1 1 1 0 0 0.00 0 0 1.00 0.45 -1 -1 11.49 
2.813 2 1 1 0 0.2749 0.2297 0.0000 0 0.0000 0  1930 2501 2653 2696 2770 2685 2441 1770  1 1 1 0 0 0.00 0 0 1.00 0.44 -1 -1 11.49 
2.817 2 1 1 0 0.2830 0.2387 0.0000 0 0.0000 0  1923 2518 2653 2703 2747 2675 2429 1771  1 1 1 0 0 0.00 0 0 1.00 0.44 -1 -1 11.49 
2.821 2 1 1 0 0.2590 0.2534 0.0000 0 0.0000 0  1922 2500 2640 2678 2721 2670 2424 1763  1 1 1 0 0 0.00 0 0 1.00 0.44 -1 -1 11.49 
2.825 2 1 1 0 0.2689 0.2258 0.0000 0 0.0000 0  1918 2470 2624 2666 2689 2654 2429 1753  1 1 1 0 0 0.00 0 0 1.00 0.44 -1 -1 11.48 
2.829 2 1 1 0 0.2686 0.2273 0.0000 0 0.0000 0  1915 2497 2615 2649 2686 2644 2425 1763  1 1 1 0 0 0.00 0 0 1.00 0.44 -1 -1 11.49 
2.833 2 1 1 0 0.2606 0.2588 0.0000 0 0.0000 0  1902 2469 2594 2630 2678 2633 2400 1753  1 1 1 0 0 0.00 0 0 1.00 0.44 -1 -1 11.49 
2.837 2 1 1 0 0.2837 0.2437 0.0000 0 0.0000 0  1909 2461 2593 2622 2680 2635 2409 1779  1 1 1 0 0 0.00 0 0 1.00 0.45 -1 -1 11.49 
2.841 2 1 1 0 0.2842 0.2440 0.0000 0 0.0000 0  1911 2463 2568 2608 2662 2627 2410 1755  1 1 1 0 0 0.00 0 0 1.00 0.44 -1 -1 11.49 
2.845 2 1 1 0 0.2710 0.2319 0.0000 0 0.0000 0  1904 2478 2565 2589 2663 2626 2407 1776  1 1 1 0 0 0.00 0 0 1.00 0.45 -1 -1 11.49 
2.849 2 1 1 0 0.2650 0.2269 0.0000 0 0.0000 0  1899 2438 2549 2578 2645 2620 2408 1754  1 1 1 0 0 0.00 0 0 1.00 0.44 -1 -1 11.49 
2.853 2 1 1 0 0.2563 0.2217 0.0000 0 0.0000 0  1882 2414 2540 2561 2624 2619 2393 1762  1 1 1 0 0 0.00 0 0 1.00 0.44 -1 -1 11.49 
2.857 2 1 1 0 0.2504 0.2173 0.0000 0 0.0000 0  1881 2422 2523 2555 2642 2617 2402 1776  1 1 1 0 0 0.00 0 0 1.00 0.45 -1 -1 11.49 
2.861 2 1 1 0 0.2695 0.1995 0.0000 0 0.0000 0  1870 2402 2489 2541 2625 2603 2402 1749  1 1 1 0 0 0.00 0 0 1.00 0.44 -1 -1 11.49 
2.865 2 1 1 0 0.2584 0.2273 0.0000 0 0.0000 0  1856 2391 2481 2530 2632 2607 2398 1757  1 1 1 0 0 0.00 0 0 1.00 0.44 -1 -1 11.49 
2.869 2 1 1 0 0.2641 0.2296 0.0000 0 0.0000 0  1848 2374 2474 2527 2630 2611 2401 1747  1 1 1 0 0 0.00 0 0 1.00 0.44 -1 -1 11.49 
2.873 2 1 1 0 0.2527 0.2550 0.0000 0 0.0000 0  1838 2371 2471 2520 2607 2614 2401 1748  1 1 1 0 0 0.00 0 0 1.00 0.44 -1 -1 11.49 
2.877 2 1 1 0 0.2761 0.2378 0.0000 0 0.0000 0  1831 2365 2464 2518 2633 2625 2407 1768  1 1 1 0 0 0.00 0 0 1.00 0.45 -1 -1 11.49 
2.881 2 1 1 0 0.2796 0.2407 0.0000 0 0.0000 0  1816 2379 2458 2521 2642 2623 2412 1770  1 1 1 0 0 0.00 0 0 1.00 0.45 -1 -1 11.49 
2.885 2 1 1 0 0.2886 0.2123 0.0000 0 0.0000 0  1807 2342 2446 2512 2624 2633 2418 1778  1 1 1 0 0 0.00 0 0 1.00 0.45 -1 -1 11.49 
2.889 2 1 1 0 0.2679 0.2331 0.0000 0 0.0000 0  1807 2335 2440 2529 2655 2652 2427 1783  1 1 1 0 0 0.00 0 0 1.00 0.45 -1 -1 11.49 
2.893 2 1 1 0 0.2648 0.2328 0.0000 0 0.0000 0  1796 2324 2453 2531 2649 2656 2432 1763  1 1 1 0 0 0.00 0 0 1.00 0.44 -1 -1 11.49 
2.897 2 1 1 0 0.2705 0.2380 0.0000 0 0.0000 0  1791 2318 2444 2545 2661 2662 2437 1762  1 1 1 0 0 0.00 0 0 1.00 0.44 -1 -1 11.49 
2.901 2 1 1 0 0.2775 0.2445 0.0000 0 0.0000 0  1780 2322 2444 2549 2685 2659 2436 1771  1 1 1 0 0 0.00 0 0 1.00 0.45 -1 -1 11.49 
2.905 2 1 1 0 0.2832 0.2471 0.0000 0 0.0000 0  1765 2300 2453 2543 2663 2664 2437 1778  1 1 1 0 0 0.00 0 0 1.00 0.45 -1 -1 11.48 
2.909 2 1 1 0 0.2510 0.2518 0.0000 0 0.0000 0  1765 2298 2452 2560 2671 2660 2447 1780  1 1 1 0 0 0.00 0 0 1.00 0.45 -1 -1 11.49 
2.913 2 1 1 0 0.2520 0.2124 0.0000 0 0.0000 0  1747 2286 2441 2563 2667 2652 2441 1781  1 1 1 0 0 0.00 0 0 1.00 0.45 -1 -1 11.49 
2.917 2 1 1 0 0.2544 0.2142 0.0000 0 0.0000 0  1741 2282 2448 2562 2664 2637 2439 1790  1 1 1 0 0 0.00 0 0 1.00 0.44 -1 -1 11.49 
2.921 2 1 1 0 0.2546 0.2125 0.0000 0 0.0000 0  1733 2286 2435 2566 2674 2639 2446 1772  1 1 1 0 0 0.00 0 0 1.00 0.44 -1 -1 11.49 
2.925 2 1 1 0 0.2351 0.2282 0.0000 0 0.0000 0  1733 2285 2453 2565 2663 2659 2443 1789  1 1 1 0 0 0.00 0 0 1.00 0.44 -1 -1 11.49 
2.929 2 1 1 0 0.2371 0.2293 0.0000 0 0.0000 0  1727 2287 2469 2574 2678 2661 2445 1796  1 1 1 0 0 0.00 0 0 1.00 0.44 -1 -1 11.48 
2.933 2 1 1 0 0.2477 0.2365 0.0000 0 0.0000 0  1739 2295 2465 2576 2673 2659 2442 1791  1 1 1 0 0 0.00 0 0 1.00 0.44 -1 -1 11.47 
2.937 2 1 1 0 0.2532 0.2405 0.0000 0 0.0000 0  1732 2283 2441 2563 2663 2649 2435 1773  1 1 1 0 0 0.00 0 0 1.00 0.44 -1 -1 11.49 
2.941 2 1 1 0 0.2566 0.2413 0.0000 0 0.0000 0  1734 2294 2466 2564 2664 2677 2439 1769  1 1 1 0 0 0.00 0 0 1.00 0.44 -1 -1 11.48 
2.945 2 1 1 0 0.2420 0.2613 0.0000 0 0.0000 0  1745 2301 2483 2569 2670 2651 2443 1784  1 1 1 0 0 0.00 0 0 1.00 0.44 -1 -1 11.49 
2.949 2 1 1 0 0.2429 0.2581 0.0000 0 0.0000 0  1743 2310 2476 2571 2661 2643 2442 1792  1 1 1 0 0 0.00 0 0 1.00 0.44 -1 -1 11.48 
2.953 2 1 1 0 0.2380 0.2498 0.0000 0 0.0000 0  1723 2308 2471 2568 2659 2635 2439 1788  1 1 1 0 0 0.00 0 0 1.00 0.43 -1 -1 11.48 
2.957 2 1 1 0 0.2489 0.2199 0.0000 0 0.0000 0  1748 2310 2491 2573 2660 2674 2439 1781  1 1 1 0 0 0.00 0 0 1.00 0.45 -1 -1 11.48 
2.961 2 1 1 0 0.2492 0.2177 0.0000 0 0.0000 0  1738 2310 2480 2562 2653 2634 2432 1773  1 1 1 0 0 0.00 0 0 1.00 0.44 -1 -1 11.48 
2.965 2 1 1 0 0.2352 0.2400 0.0000 0 0.0000 0  1752 2309 2465 2562 2651 2615 2426 1775  1 1 1 0 0 0.00 0 0 1.00 0.45 -1 -1 11.48 
2.969 2 1 1 0 0.2389 0.2423 0.0000 0 0.0000 0  1751 2307 2460 2560 2651 2607 2421 1777  1 1 1 0 0 0.00 0 0 1.00 0.45 -1 -1 11.48 
2.973 2 1 1 0 0.2667 0.2294 0.0000 0 0.0000 0  1739 2305 2471 2537 2653 2636 2418 1775  1 1 1 0 0 0.00 0 0 1.00 0.44 -1 -1 11.49 
2.977 2 1 1 0 0.2479 0.2465 0.0000 0 0.0000 0  1734 2307 2447 2553 2648 2618 2415 1770  1 1 1 0 0 0.00 0 0 1.00 0.44 -1 -1 11.48 
2.981 2 1 1 0 0.2485 0.2440 0.0000 0 0.0000 0  1767 2305 2459 2548 2648 2624 2418 1768  1 1 1 0 0 0.00 0 0 1.00 0.45 -1 -1 11.47 
2.985 2 1 1 0 0.2431 0.2361 0.0000 0 0.0000 0  1756 2301 2463 2539 2645 2635 2416 1778  1 1 1 0 0 0.00 0 0 1.00 0.45 -1 -1 11.48 
2.989 2 1 1 0 0.2543 0.2072 0.0000 0 0.0000 0  1736 2306 2446 2542 2637 2629 2410 1769  1 1 1 0 0 0.00 0 0 1.00 0.44 -1 -1 11.48 
2.993 2 1 1 0 0.2485 0.2023 0.0000 0 0.0000 0  1769 2301 2450 2529 2636 2643 2401 1765  1 1 1 0 0 0.00 0 0 1.00 0.45 -1 -1 11.48 
2.997 2 1 1 0 0.2533 0.2080 0.0000 0 0.0000 0  1762 2295 2438 2510 2631 2614 2405 1762  1 1 1 0 0 0.00 0 0 1.00 0.44 -1 -1 11.48 
3.001 2 1 1 0 0.2383 0.2304 0.0000 0 0.0000 0  1749 2293 2441 2530 2628 2615 2406 1763  1 1 1 0 0 0.00 0 0 1.00 0.45 -1 -1 11.48 
3.005 2 1 1 0 0.2380 0.2310 0.0000 0 0.0000 0  1777 2290 2435 2533 2629 2602 2410 1764  1 1 1 0 0 0.00 0 0 1.00 0.45 -1 -1 11.48 
3.009 2 1 1 0 0.2421 0.2332 0.0000 0 0.0000 0  1770 2298 2437 2522 2622 2604 2394 1758  1 1 1 0 0 0.00 0 0 1.00 0.44 -1 -1 11.48 
3.013 2 1 1 0 0.2659 0.2186 0.0000 0 0.0000 0  1755 2299 2423 2520 2635 2611 2388 1768  1 1 1 0 0 0.00 0 0 1.00 0.45 -1 -1 11.48 
3.017 2 1 1 0 0.2476 0.2381 0.0000 0 0.0000 0  1772 2300 2431 2519 2620 2601 2390 1760  1 1 1 0 0 0.00 0 0 1.00 0.44 -1 -1 11.48 
3.021 2 1 1 0 0.2502 0.2365 0.0000 0 0.0000 0  1774 2297 2438 2519 2619 2597 2394 1764  1 1 1 0 0 0.00 0 0 1.00 0.45 -1 -1 11.48 
3.025 2 1 1 0 0.2279 0.2503 0.0000 0 0.0000 0  1736 2299 2428 2504 2616 2594 2383 1766  1 1 1 0 0 0.00 0 0 1.00 0.44 -1 -1 11.48 
3.029 2 1 1 0 0.2228 0.2422 0.0000 0 0.0000 0  1735 2302 2423 2518 2615 2607 2383 1767  1 1 1 0 0 0.00 0 0 1.00 0.44 -1 -1 11.48 
3.033 2 1 1 0 0.2394 0.2183 0.0000 0 0.0000 0  1754 2297 2431 2504 2615 2606 2379 1768  1 1 1 0 0 0.00 0 0 1.00 0.45 -1 -1 11.48 
3.037 2 1 1 0 0.2374 0.2142 0.0000 0 0.0000 0  1747 2282 2419 2519 2601 2571 2391 1753  1 1 1 0 0 0.00 0 0 1.00 0.44 -1 -1 11.48 
3.041 2 1 1 0 0.2203 0.2336 0.0000 0 0.0000 0  1751 2299 2437 2534 2613 2593 2396 1761  1 1 1 0 0 0.00 0 0 1.00 0.45 -1 -1 11.49 
3.045 2 1 1 0 0.2168 0.2276 0.0000 0 0.0000 0  1784 2297 2439 2496 2610 2603 2393 1761  1 1 1 0 0 0.00 0 0 1.00 0.45 -1 -1 11.49 
3.049 2 1 1 0 0.2175 0.2275 0.0000 0 0.0000 0  1736 2289 2433 2523 2613 2589 2394 1769  1 1 1 0 0 0.00 0 0 1.00 0.44 -1 -1 11.48 
3.053 2 1 1 0 0.2195 0.2275 0.0000 0 0.0000 0  1721 2288 2420 2495 2613 2598 2387 1762  1 1 1 0 0 0.00 0 0 1.00 0.44 -1 -1 11.48 
3.057 2 1 1 0 0.2229 0.2280 0.0000 0 0.0000 0  1762 2286 2423 2510 2613 2595 2363 1764  1 1 1 0 0 0.00 0 0 1.00 0.45 -1 -1 11.48 
3.061 2 1 1 0 0.2451 0.2110 0.0000 0 0.0000 0  1740 2281 2430 2495 2616 2602 2400 1760  1 1 1 0 0 0.00 0 0 1.00 0.44 -1 -1 11.49 
3.065 2 1 1 0 0.2296 0.2328 0.0000 0 0.0000 0  1726 2279 2420 2512 2612 2593 2404 1760  1 1 1 0 0 0.00 0 0 1.00 0.44 -1 -1 11.49 
3.069 2 1 1 0 0.2332 0.2344 0.0000 0 0.0000 0  1756 2276 2417 2514 2618 2603 2379 1763  1 1 1 0 0 0.00 0 0 1.00 0.45 -1 -1 11.49 
3.073 2 1 1 0 0.2428 0.2409 0.0000 0 0.0000 0  1752 2276 2421 2491 2617 2605 2382 1772  1 1 1 0 0 0.00 0 0 1.00 0.45 -1 -1 11.49 
3.077 2 1 1 0 0.2442 0.2414 0.0000 0 0.0000 0  1736 2262 2416 2524 2614 2603 2393 1764  1 1 1 0 0 0.00 0 0 1.00 0.44 -1 -1 11.48 
3.081 2 1 1 0 0.2300 0.2631 0.0000 0 0.0000 0  1736 2282 2430 2515 2613 2599 2418 1761  1 1 1 0 0 0.00 0 0 1.00 0.44 -1 -1 11.49 
3.085 2 1 1 0 0.2358 0.2659 0.0000 0 0.0000 0  1740 2263 2420 2506 2614 2604 2399 1764  1 1 1 0 0 0.00 0 0 1.00 0.44 -1 -1 11.49 
3.089 2 1 1 0 0.2549 0.2431 0.0000 0 0.0000 0  1751 2284 2427 2504 2608 2605 2397 1768  1 1 1 0 0 0.00 0 0 1.00 0.45 -1 -1 11.49 
3.093 2 1 1 0 0.2378 0.2609 0.0000 0 0.0000 0  1743 2282 2424 2515 2614 2600 2402 1760  1 1 1 0 0 0.00 0 0 1.00 0.44 -1 -1 11.48 
3.097 2 1 1 0 0.2405 0.2626 0.0000 0 0.0000 0  1747 2290 2433 2508 2606 2610 2380 1770  1 1 1 0 0 0.00 0 0 1.00 0.44 -1 -1 11.49 
3.101 2 1 1 0 0.2677 0.2507 0.0000 0 0.0000 0  1743 2294 2433 2500 2610 2611 2400 1778  1 1 1 0 0 0.00 0 0 1.00 0.44 -1 -1 11.49 
3.105 2 1 1 0 0.2490 0.2680 0.0000 0 0.0000 0  1750 2277 2432 2508 2620 2603 2398 1774  1 1 1 0 0 0.00 0 0 1.00 0.44 -1 -1 11.49 
3.109 2 1 1 0 0.2559 0.2732 0.0000 0 0.0000 0  1747 2300 2438 2513 2627 2612 2409 1774  1 1 1 0 0 0.00 0 0 1.00 0.44 -1 -1 11.48 
3.113 2 1 1 0 0.2679 0.2459 0.0000 0 0.0000 0  1768 2305 2435 2527 2628 2609 2396 1776  1 1 1 0 0 0.00 0 0 1.00 0.45 -1 -1 11.48 
3.117 2 1 1 0 0.2605 0.2402 0.0000 0 0.0000 0  1755 2297 2436 2518 2621 2604 2411 1766  1 1 1 0 0 0.00 0 0 1.00 0.44 -1 -1 11.49 
3.121 2 1 1 0 0.2771 0.2214 0.0000 0 0.0000 0  1756 2298 2442 2536 2625 2608 2414 1758  1 1 1 0 0 0.00 0 0 1.00 0.44 -1 -1 11.48 
3.125 2 1 1 0 0.2782 0.2274 0.0000 0 0.0000 0  1756 2272 2435 2520 2610 2610 2398 1762  1 1 1 0 0 0.00 0 0 1.00 0.44 -1 -1 11.49 
3.129 2 1 1 0 0.2520 0.2435 0.0000 0 0.0000 0  1755 2300 2428 2542 2619 2610 2415 1777  1 1 1 0 0 0.00 0 0 1.00 0.45 -1 -1 11.49 
3.133 2 1 1 0 0.2467 0.2417 0.0000 0 0.0000 0  1746 2294 2429 2517 2619 2605 2416 1793  1 1 1 0 0 0.00 0 0 1.00 0.44 -1 -1 11.49 
3.137 2 1 1 0 0.2686 0.2297 0.0000 0 0.0000 0  1757 2302 2429 2518 2619 2614 2423 1790  1 1 1 0 0 0.00 0 0 1.00 0.45 -1 -1 11.49 
3.141 2 1 1 0 0.2594 0.2606 0.0000 0 0.0000 0  1763 2281 2429 2515 2621 2606 2427 1780  1 1 1 0 0 0.00 0 0 1.00 0.45 -1 -1 11.49 
3.145 2 1 1 0 0.2855 0.2503 0.0000 0 0.0000 0  1756 2332 2431 2524 2641 2616 2425 1814  1 1 1 0 0 0.00 0 0 1.00 0.45 -1 -1 11.49 
3.149 2 1 1 0 0.2767 0.2429 0.0000 0 0.0000 0  1760 2276 2440 2522 2627 2622 2427 1793  1 1 1 0 0 0.00 0 0 1.00 0.45 -1 -1 11.49 
3.153 2 1 1 0 0.2696 0.2397 0.0000 0 0.0000 0  1762 2310 2444 2532 2628 2627 2427 1788  1 1 1 0 0 0.00 0 0 1.00 0.45 -1 -1 11.48 
3.157 2 1 1 0 0.2920 0.2285 0.0000 0 0.0000 0  1761 2307 2444 2537 2618 2626 2425 1789  1 1 1 0 0 0.00 0 0 1.00 0.45 -1 -1 11.49 
3.161 2 1 1 0 0.2644 0.2427 0.0000 0 0.0000 0  1758 2302 2450 2539 2643 2621 2409 1792  1 1 1 0 0 0.00 0 0 1.00 0.45 -1 -1 11.49 
3.165 2 1 1 0 0.2458 0.2286 0.0000 0 0.0000 0  1761 2326 2444 2532 2634 2616 2413 1780  1 1 1 0 0 0.00 0 0 1.00 0.45 -1 -1 11.49 
3.169 2 1 1 0 0.2684 0.2168 0.0000 0 0.0000 0  1759 2341 2453 2533 2628 2615 2403 1754  1 1 1 0 0 0.00 0 0 1.00 0.44 -1 -1 11.49 
3.173 2 1 1 0 0.2820 0.2332 0.0000 0 0.0000 0  1756 2308 2456 2536 2629 2621 2404 1753  1 1 1 0 0 0.00 0 0 1.00 0.44 -1 -1 11.49 
3.177 2 1 1 0 0.2625 0.2544 0.0000 0 0.0000 0  1761 2300 2455 2541 2634 2620 2401 1758  1 1 1 0 0 0.00 0 0 1.00 0.44 -1 -1 11.49 
3.181 2 1 1 0 0.2927 0.2457 0.0000 0 0.0000 0  1763 2315 2456 2544 2654 2613 2406 1759  1 1 1 0 0 0.00 0 0 1.00 0.44 -1 -1 11.48 
3.185 2 1 1 0 0.2799 0.2717 0.0000 0 0.0000 0  1759 2315 2453 2531 2618 2609 2395 1756  1 1 1 0 0 0.00 0 0 1.00 0.44 -1 -1 11.49 
3.189 2 1 1 0 0.2617 0.2541 0.0000 0 0.0000 0  1755 2343 2458 2533 2629 2604 2396 1762  1 1 1 0 0 0.00 0 0 1.00 0.44 -1 -1 11.49 
3.193 2 1 1 0 0.2709 0.2259 0.0000 0 0.0000 0  1752 2305 2444 2519 2616 2595 2385 1726  1 1 1 0 0 0.00 0 0 1.00 0.43 -1 -1 11.48 
3.197 2 1 1 0 0.2613 0.2180 0.0000 0 0.0000 0  1751 2317 2439 2522 2609 2589 2383 1719  1 1 1 0 0 0.00 0 0 1.00 0.42 -1 -1 11.49 
3.201 2 1 1 0 0.2516 0.2507 0.0000 0 0.0000 0  1754 2315 2441 2524 2603 2578 2375 1735  1 1 1 0 0 0.00 0 0 1.00 0.43 -1 -1 11.49 
3.205 2 1 1 0 0.2506 0.2504 0.0000 0 0.0000 0  1741 2323 2432 2512 2612 2569 2361 1718  1 1 1 0 0 0.00 0 0 1.00 0.42 -1 -1 11.49 
3.209 2 1 1 0 0.2744 0.2354 0.0000 0 0.0000 0  1741 2301 2418 2508 2610 2563 2356 1712  1 1 1 0 0 0.00 0 0 1.00 0.42 -1 -1 11.49 
3.213 2 1 1 0 0.2625 0.2624 0.0000 0 0.0000 0  1737 2279 2419 2499 2595 2564 2348 1747  1 1 1 0 0 0.00 0 0 1.00 0.44 -1 -1 11.49 
3.217 2 1 1 0 0.2725 0.2717 0.0000 0 0.0000 0  1742 2291 2415 2501 2620 2571 2347 1750  1 1 1 0 0 0.00 0 0 1.00 0.44 -1 -1 11.49 
3.221 2 1 1 0 0.2737 0.2724 0.0000 0 0.0000 0  1747 2300 2419 2491 2600 2560 2348 1724  1 1 1 0 0 0.00 0 0 1.00 0.43 -1 -1 11.48 
3.225 2 1 1 0 0.2697 0.2312 0.0000 0 0.0000 0  1742 2273 2414 2492 2574 2556 2349 1728  1 1 1 0 0 0.00 0 0 1.00 0.43 -1 -1 11.48 
3.229 2 1 1 0 0.2585 0.2206 0.0000 0 0.0000 0  1743 2267 2408 2476 2589 2538 2340 1734  1 1 1 0 0 0.00 0 0 1.00 0.43 -1 -1 11.49 
3.233 2 1 1 0 0.2598 0.2239 0.0000 0 0.0000 0  1739 2279 2408 2472 2569 2535 2343 1727  1 1 1 0 0 0.00 0 0 1.00 0.43 -1 -1 11.49 
3.237 2 1 1 0 0.2422 0.2474 0.0000 0 0.0000 0  1738 2271 2393 2474 2565 2525 2346 1720  1 1 1 0 0 0.00 0 0 1.00 0.43 -1 -1 11.49 
3.241 2 1 1 0 0.2671 0.2353 0.0000 0 0.0000 0  1737 2272 2397 2467 2566 2530 2348 1748  1 1 1 0 0 0.00 0 0 1.00 0.44 -1 -1 11.48 
3.245 2 1 1 0 0.2534 0.2591 0.0000 0 0.0000 0  1735 2277 2397 2468 2553 2518 2344 1709  1 1 1 0 0 0.00 0 0 1.00 0.42 -1 -1 11.49 
3.249 2 1 1 0 0.2596 0.2651 0.0000 0 0.0000 0  1738 2278 2397 2473 2552 2533 2348 1736  1 1 1 0 0 0.00 0 0 1.00 0.43 -1 -1 11.49 
3.253 2 1 1 0 0.2852 0.2509 0.0000 0 0.0000 0  1733 2265 2400 2463 2546 2535 2346 1723  1 1 1 0 0 0.00 0 0 1.00 0.43 -1 -1 11.49 
3.257 2 1 1 0 0.2812 0.2482 0.0000 0 0.0000 0  1733 2264 2386 2464 2552 2512 2342 1742  1 1 1 0 0 0.00 0 0 1.00 0.44 -1 -1 11.49 
3.261 2 1 1 0 0.2625 0.2320 0.0000 0 0.0000 0  1734 2265 2387 2465 2529 2534 2351 1723  1 1 1 0 0 0.00 0 0 1.00 0.43 -1 -1 11.49 
3.265 2 1 1 0 0.2586 0.2315 0.0000 0 0.0000 0  1735 2264 2389 2457 2559 2554 2351 1736  1 1 1 0 0 0.00 0 0 1.00 0.43 -1 -1 11.49 
3.269 2 1 1 0 0.2438 0.2562 0.0000 0 0.0000 0  1734 2256 2398 2447 2532 2535 2350 1728  1 1 1 0 0 0.00 0 0 1.00 0.43 -1 -1 11.48 
3.273 2 1 1 0 0.2667 0.2395 0.0000 0 0.0000 0  1726 2258 2383 2441 2544 2526 2355 1735  1 1 1 0 0 0.00 0 0 1.00 0.43 -1 -1 11.49 
3.277 2 1 1 0 0.2749 0.2464 0.0000 0 0.0000 0  1733 2254 2365 2445 2542 2538 2359 1741  1 1 1 0 0 0.00 0 0 1.00 0.44 -1 -1 11.49 
3.281 2 1 1 0 0.2610 0.2709 0.0000 0 0.0000 0  1744 2261 2369 2438 2541 2524 2354 1737  1 1 1 0 0 0.00 0 0 1.00 0.43 -1 -1 11.48 
3.285 2 1 1 0 0.2713 0.2406 0.0000 0 0.0000 0  1738 2262 2362 2437 2532 2530 2359 1724  1 1 1 0 0 0.00 0 0 1.00 0.43 -1 -1 11.48 
3.289 2 1 1 0 0.2626 0.2327 0.0000 0 0.0000 0  1743 2259 2382 2434 2538 2568 2353 1714  1 1 1 0 0 0.00 0 0 1.00 0.42 -1 -1 11.49 
3.293 2 1 1 0 0.2440 0.2527 0.0000 0 0.0000 0  1739 2259 2402 2430 2550 2566 2354 1729  1 1 1 0 0 0.00 0 0 1.00 0.43 -1 -1 11.48 
3.297 2 1 1 0 0.2611 0.2323 0.0000 0 0.0000 0  1728 2258 2360 2430 2563 2568 2353 1733  1 1 1 0 0 0.00 0 0 1.00 0.43 -1 -1 11.49 
3.301 2 1 1 0 0.2513 0.2227 0.0000 0 0.0000 0  1732 2251 2365 2436 2560 2563 2355 1727  1 1 1 0 0 0.00 0 0 1.00 0.43 -1 -1 11.49 
3.305 2 1 1 0 0.2584 0.2316 0.0000 0 0.0000 0  1740 2256 2383 2444 2576 2553 2365 1735  1 1 1 0 0 0.00 0 0 1.00 0.43 -1 -1 11.49 
3.309 2 1 1 0 0.2669 0.2414 0.0000 0 0.0000 0  1731 2240 2360 2442 2568 2558 2359 1716  1 1 1 0 0 0.00 0 0 1.00 0.43 -1 -1 11.48 
