%% logfile from robot Alma (11)
% Alma (11)
%  1    time 1.501 sec
%  2  3  4  5   (mission 0), state 2, entered (thread 1, line 1), events 0x0 (bit-flags)
%  6  7 Motor velocity ref left, right: -0.0663 -0.0459
%  8 .. 31 Edge sensor: left 0.000000 0, right 0.000000 0, values 1691 2200 2328 2405 2463 2412 2205 1618, 
%    white 1, used 1, LEDhigh=1, xingVal=0.00 xlcnt=0 lvcnt=0,LineVal=1.00, notLineVal=0.14, lineLow=-1, lineHi=-1.
% whitelevel=[3006 3451 3494 3526 3547 3531 3470 2982];
% blacklevel=[1404 1879 2038 2116 2154 2097 1922 1386];
% 32    Battery voltage [V]: 11.31
1.501 2 1 1 0 -0.0663 -0.0459 0.0000 0 0.0000 0  1691 2200 2328 2405 2463 2412 2205 1618  1 1 1 0 0 0.00 0 0 1.00 0.14 -1 -1 11.31 
1.505 2 1 1 0 -0.0682 -0.0486 0.0000 0 0.0000 0  1673 2203 2326 2387 2460 2408 2192 1616  1 1 1 0 0 0.00 0 0 1.00 0.14 -1 -1 11.29 
1.509 2 1 1 0 -0.0713 -0.0523 0.0000 0 0.0000 0  1666 2203 2324 2372 2456 2404 2202 1612  1 1 1 0 0 0.00 0 0 1.00 0.14 -1 -1 11.31 
1.513 2 1 1 0 -0.0952 -0.0386 0.0000 0 0.0000 0  1681 2200 2317 2396 2468 2413 2203 1615  1 1 1 0 0 0.00 0 0 1.00 0.14 -1 -1 11.31 
1.517 2 1 1 0 -0.0951 -0.0442 0.0000 0 0.0000 0  1690 2196 2318 2387 2454 2412 2198 1611  1 1 1 0 0 0.00 0 0 1.00 0.14 -1 -1 11.31 
1.521 2 1 1 0 -0.0723 -0.0628 0.0000 0 0.0000 0  1688 2201 2322 2382 2462 2407 2205 1613  1 1 1 0 0 0.00 0 0 1.00 0.14 -1 -1 11.31 
1.525 2 1 1 0 -0.0692 -0.0583 0.0000 0 0.0000 0  1640 2205 2343 2387 2461 2408 2217 1614  1 1 1 0 0 0.00 0 0 1.00 0.14 -1 -1 11.31 
1.529 2 1 1 0 -0.0649 -0.0529 0.0000 0 0.0000 0  1690 2201 2321 2408 2463 2404 2189 1612  1 1 1 0 0 0.00 0 0 1.00 0.14 -1 -1 11.31 
1.533 2 1 1 0 -0.0617 -0.0487 0.0000 0 0.0000 0  1699 2201 2321 2375 2458 2410 2205 1616  1 1 1 0 0 0.00 0 0 1.00 0.14 -1 -1 11.31 
1.537 2 1 1 0 -0.0689 -0.0551 0.0000 0 0.0000 0  1675 2198 2327 2407 2461 2414 2227 1610  1 1 1 0 0 0.00 0 0 1.00 0.14 -1 -1 11.31 
1.541 2 1 1 0 -0.0752 -0.0607 0.0000 0 0.0000 0  1685 2211 2333 2405 2476 2420 2213 1620  1 1 1 0 0 0.00 0 0 1.00 0.14 -1 -1 11.31 
1.545 2 1 1 0 -0.0650 -0.0839 0.0000 0 0.0000 0  1665 2201 2327 2388 2465 2413 2206 1616  1 1 1 0 0 0.00 0 0 1.00 0.14 -1 -1 11.31 
1.549 2 1 1 0 -0.0815 -0.0571 0.0000 0 0.0000 0  1691 2214 2330 2397 2465 2424 2225 1617  1 1 1 0 0 0.00 0 0 1.00 0.14 -1 -1 11.31 
1.553 2 1 1 0 -0.0753 -0.0521 0.0000 0 0.0000 0  1688 2212 2337 2408 2478 2423 2221 1620  1 1 1 0 0 0.00 0 0 1.00 0.14 -1 -1 11.32 
1.557 2 1 1 0 -0.0700 -0.0476 0.0000 0 0.0000 0  1700 2231 2338 2412 2483 2431 2235 1631  1 1 1 0 0 0.00 0 0 1.00 0.15 -1 -1 11.32 
1.561 2 1 1 0 -0.0704 -0.0488 0.0000 0 0.0000 0  1689 2215 2349 2414 2492 2433 2223 1632  1 1 1 0 0 0.00 0 0 1.00 0.15 -1 -1 11.32 
1.565 2 1 1 0 -0.0747 -0.0508 0.0000 0 0.0000 0  1676 2216 2345 2405 2488 2445 2220 1635  1 1 1 0 0 0.00 0 0 1.00 0.15 -1 -1 11.31 
1.569 2 1 1 0 -0.0742 -0.0512 0.0000 0 0.0000 0  1715 2230 2350 2414 2486 2448 2235 1640  1 1 1 0 0 0.00 0 0 1.00 0.15 -1 -1 11.32 
1.573 2 1 1 0 -0.0776 -0.0555 0.0000 0 0.0000 0  1703 2219 2358 2420 2503 2452 2241 1636  1 1 1 0 0 0.00 0 0 1.00 0.15 -1 -1 11.32 
1.577 2 1 1 0 -0.0950 -0.0367 0.0000 0 0.0000 0  1717 2239 2355 2423 2505 2456 2252 1644  1 1 1 0 0 0.00 0 0 1.00 0.16 -1 -1 11.32 
1.581 2 1 1 0 -0.0924 -0.0397 0.0000 0 0.0000 0  1709 2237 2364 2417 2509 2453 2250 1646  1 1 1 0 0 0.00 0 0 1.00 0.16 -1 -1 11.32 
1.585 2 1 1 0 -0.0726 -0.0598 0.0000 0 0.0000 0  1714 2244 2365 2436 2515 2468 2245 1654  1 1 1 0 0 0.00 0 0 1.00 0.16 -1 -1 11.32 
1.589 2 1 1 0 -0.0707 -0.0566 0.0000 0 0.0000 0  1715 2253 2370 2437 2519 2472 2295 1656  1 1 1 0 0 0.00 0 0 1.00 0.16 -1 -1 11.32 
1.593 2 1 1 0 -0.0674 -0.0523 0.0000 0 0.0000 0  1713 2257 2381 2453 2525 2482 2258 1654  1 1 1 0 0 0.00 0 0 1.00 0.16 -1 -1 11.32 
1.597 2 1 1 0 -0.0476 -0.0697 0.0000 0 0.0000 0  1722 2258 2384 2449 2535 2487 2272 1664  1 1 1 0 0 0.00 0 0 1.00 0.17 -1 -1 11.32 
1.601 2 1 1 0 -0.0713 -0.0491 0.0000 0 0.0000 0  1741 2266 2382 2439 2545 2496 2257 1670  1 1 1 0 0 0.00 0 0 1.00 0.17 -1 -1 11.32 
1.605 2 1 1 0 -0.0747 -0.0530 0.0000 0 0.0000 0  1731 2288 2389 2461 2545 2495 2284 1676  1 1 1 0 0 0.00 0 0 1.00 0.17 -1 -1 11.32 
1.609 2 1 1 0 -0.0777 -0.0562 0.0000 0 0.0000 0  1732 2272 2394 2462 2566 2504 2270 1678  1 1 1 0 0 0.00 0 0 1.00 0.17 -1 -1 11.32 
1.613 2 1 1 0 -0.0829 -0.0629 0.0000 0 0.0000 0  1728 2271 2389 2457 2539 2498 2303 1682  1 1 1 0 0 0.00 0 0 1.00 0.17 -1 -1 11.32 
1.617 2 1 1 0 -0.0752 -0.0550 0.0000 0 0.0000 0  1742 2282 2394 2469 2553 2509 2296 1676  1 1 1 0 0 0.00 0 0 1.00 0.17 -1 -1 11.32 
1.621 2 1 1 0 -0.0446 -0.0596 0.0000 0 0.0000 0  1742 2283 2403 2482 2565 2520 2310 1683  1 1 1 0 0 0.00 0 0 1.00 0.18 -1 -1 11.32 
1.625 2 1 1 0 -0.0383 -0.0483 0.0000 0 0.0000 0  1753 2300 2415 2485 2582 2534 2316 1700  1 1 1 0 0 0.00 0 0 1.00 0.18 -1 -1 11.32 
1.629 2 1 1 0 -0.0330 -0.0389 0.0000 0 0.0000 0  1755 2316 2429 2496 2589 2550 2330 1705  1 1 1 0 0 0.00 0 0 1.00 0.19 -1 -1 11.32 
1.633 2 1 1 0 -0.0395 -0.0420 0.0000 0 0.0000 0  1760 2314 2432 2501 2592 2555 2337 1706  1 1 1 0 0 0.00 0 0 1.00 0.19 -1 -1 11.32 
1.637 2 1 1 0 -0.0435 -0.0433 0.0000 0 0.0000 0  1767 2326 2439 2514 2595 2561 2344 1713  1 1 1 0 0 0.00 0 0 1.00 0.19 -1 -1 11.32 
1.641 2 1 1 0 -0.0428 -0.0402 0.0000 0 0.0000 0  1769 2329 2447 2521 2609 2566 2361 1720  1 1 1 0 0 0.00 0 0 1.00 0.19 -1 -1 11.32 
1.645 2 1 1 0 -0.0486 -0.0442 0.0000 0 0.0000 0  1774 2333 2451 2550 2617 2577 2352 1726  1 1 1 0 0 0.00 0 0 1.00 0.19 -1 -1 11.32 
1.649 2 1 1 0 -0.0514 -0.0454 0.0000 0 0.0000 0  1779 2326 2453 2524 2622 2583 2357 1740  1 1 1 0 0 0.00 0 0 1.00 0.20 -1 -1 11.32 
1.653 2 1 1 0 -0.0560 -0.0486 0.0000 0 0.0000 0  1777 2337 2462 2533 2633 2584 2368 1732  1 1 1 0 0 0.00 0 0 1.00 0.20 -1 -1 11.32 
1.657 2 1 1 0 -0.0797 -0.0332 0.0000 0 0.0000 0  1781 2355 2464 2537 2624 2591 2370 1700  1 1 1 0 0 0.00 0 0 1.00 0.19 -1 -1 11.32 
1.661 2 1 1 0 -0.0641 -0.0560 0.0000 0 0.0000 0  1787 2336 2467 2538 2644 2588 2370 1771  1 1 1 0 0 0.00 0 0 1.00 0.22 -1 -1 11.32 
1.665 2 1 1 0 -0.0684 -0.0593 0.0000 0 0.0000 0  1789 2367 2461 2540 2633 2590 2371 1725  1 1 1 0 0 0.00 0 0 1.00 0.21 -1 -1 11.32 
1.669 2 1 1 0 -0.0508 -0.0749 0.0000 0 0.0000 0  1790 2335 2467 2540 2630 2594 2368 1740  1 1 1 0 0 0.00 0 0 1.00 0.20 -1 -1 11.32 
1.673 2 1 1 0 -0.0632 -0.0467 0.0000 0 0.0000 0  1794 2353 2469 2546 2634 2597 2374 1743  1 1 1 0 0 0.00 0 0 1.00 0.20 -1 -1 11.32 
1.677 2 1 1 0 -0.0728 -0.0187 0.0000 0 0.0000 0  1795 2353 2477 2547 2636 2599 2382 1744  1 1 1 0 0 0.00 0 0 1.00 0.21 -1 -1 11.32 
1.681 2 1 1 0 -0.0912 -0.0048 0.0000 0 0.0000 0  1796 2370 2476 2552 2644 2608 2382 1716  1 1 1 0 0 0.00 0 0 1.00 0.20 -1 -1 11.32 
1.685 2 1 1 0 -0.0690 -0.0294 0.0000 0 0.0000 0  1800 2366 2484 2555 2646 2616 2383 1747  1 1 1 0 0 0.00 0 0 1.00 0.21 -1 -1 11.32 
1.689 2 1 1 0 -0.0710 -0.0345 0.0000 0 0.0000 0  1807 2365 2487 2558 2651 2609 2391 1755  1 1 1 0 0 0.00 0 0 1.00 0.21 -1 -1 11.32 
1.693 2 1 1 0 -0.0684 -0.0344 0.0000 0 0.0000 0  1813 2364 2491 2568 2643 2623 2398 1754  1 1 1 0 0 0.00 0 0 1.00 0.21 -1 -1 11.32 
1.697 2 1 1 0 -0.0598 -0.0279 0.0000 0 0.0000 0  1812 2376 2489 2569 2661 2631 2401 1730  1 1 1 0 0 0.00 0 0 1.00 0.20 -1 -1 11.32 
1.701 2 1 1 0 -0.0605 -0.0301 0.0000 0 0.0000 0  1818 2376 2503 2579 2664 2631 2403 1772  1 1 1 0 0 0.00 0 0 1.00 0.22 -1 -1 11.32 
1.705 2 1 1 0 -0.0369 -0.0419 0.0000 0 0.0000 0  1816 2360 2500 2581 2673 2638 2412 1772  1 1 1 0 0 0.00 0 0 1.00 0.22 -1 -1 11.32 
1.709 2 1 1 0 -0.0564 -0.0196 0.0000 0 0.0000 0  1823 2386 2509 2587 2680 2642 2413 1771  1 1 1 0 0 0.00 0 0 1.00 0.22 -1 -1 11.32 
1.713 2 1 1 0 -0.0553 -0.0209 0.0000 0 0.0000 0  1827 2386 2515 2589 2683 2650 2420 1788  1 1 1 0 0 0.00 0 0 1.00 0.22 -1 -1 11.32 
1.717 2 1 1 0 -0.0543 -0.0219 0.0000 0 0.0000 0  1825 2387 2511 2580 2677 2646 2419 1756  1 1 1 0 0 0.00 0 0 1.00 0.22 -1 -1 11.32 
1.721 2 1 1 0 -0.0491 -0.0183 0.0000 0 0.0000 0  1832 2401 2522 2595 2688 2657 2432 1780  1 1 1 0 0 0.00 0 0 1.00 0.22 -1 -1 11.32 
1.725 2 1 1 0 -0.0405 -0.0110 0.0000 0 0.0000 0  1839 2397 2529 2601 2696 2663 2438 1787  1 1 1 0 0 0.00 0 0 1.00 0.23 -1 -1 11.32 
1.729 2 1 1 0 -0.0373 -0.0088 0.0000 0 0.0000 0  1840 2410 2533 2611 2696 2665 2445 1794  1 1 1 0 0 0.00 0 0 1.00 0.23 -1 -1 11.32 
1.733 2 1 1 0 -0.0353 -0.0076 0.0000 0 0.0000 0  1844 2410 2547 2610 2708 2674 2446 1796  1 1 1 0 0 0.00 0 0 1.00 0.23 -1 -1 11.32 
1.737 2 1 1 0 -0.0336 -0.0066 0.0000 0 0.0000 0  1853 2413 2545 2618 2707 2677 2453 1801  1 1 1 0 0 0.00 0 0 1.00 0.23 -1 -1 11.32 
1.741 2 1 1 0 -0.0318 -0.0052 0.0000 0 0.0000 0  1856 2428 2551 2619 2719 2685 2461 1803  1 1 1 0 0 0.00 0 0 1.00 0.24 -1 -1 11.32 
1.745 2 1 1 0 -0.0276 -0.0014 0.0000 0 0.0000 0  1861 2424 2538 2626 2723 2690 2465 1803  1 1 1 0 0 0.00 0 0 1.00 0.23 -1 -1 11.32 
1.749 2 1 1 0 -0.0220 0.0040 0.0000 0 0.0000 0  1864 2433 2558 2636 2731 2694 2473 1814  1 1 1 0 0 0.00 0 0 1.00 0.24 -1 -1 11.32 
1.753 2 1 1 0 -0.0152 0.0106 0.0000 0 0.0000 0  1872 2441 2566 2642 2738 2696 2481 1819  1 1 1 0 0 0.00 0 0 1.00 0.24 -1 -1 11.32 
1.757 2 1 1 0 -0.0065 0.0192 0.0000 0 0.0000 0  1868 2445 2578 2646 2740 2705 2486 1821  1 1 1 0 0 0.00 0 0 1.00 0.24 -1 -1 11.33 
1.761 2 1 1 0 -0.0010 0.0247 0.0000 0 0.0000 0  1884 2452 2580 2656 2753 2709 2492 1835  1 1 1 0 0 0.00 0 0 1.00 0.25 -1 -1 11.32 
1.765 2 1 1 0 0.0041 0.0297 0.0000 0 0.0000 0  1885 2460 2592 2657 2762 2713 2509 1836  1 1 1 0 0 0.00 0 0 1.00 0.25 -1 -1 11.32 
1.769 2 1 1 0 0.0104 0.0360 0.0000 0 0.0000 0  1898 2467 2591 2665 2769 2740 2508 1844  1 1 1 0 0 0.00 0 0 1.00 0.25 -1 -1 11.32 
1.773 2 1 1 0 0.0351 0.0255 0.0000 0 0.0000 0  1899 2469 2606 2677 2777 2748 2517 1852  1 1 1 0 0 0.00 0 0 1.00 0.25 -1 -1 11.32 
1.777 2 1 1 0 0.0403 0.0356 0.0000 0 0.0000 0  1906 2480 2615 2680 2785 2754 2528 1858  1 1 1 0 0 0.00 0 0 1.00 0.26 -1 -1 11.32 
1.781 2 1 1 0 0.0536 0.0529 0.0000 0 0.0000 0  1912 2490 2618 2687 2791 2761 2531 1859  1 1 1 0 0 0.00 0 0 1.00 0.26 -1 -1 11.32 
1.785 2 1 1 0 0.0642 0.0669 0.0000 0 0.0000 0  1919 2496 2636 2697 2800 2766 2549 1870  1 1 1 0 0 0.00 0 0 1.00 0.26 -1 -1 11.32 
1.789 2 1 1 0 0.0471 0.0906 0.0000 0 0.0000 0  1929 2503 2622 2705 2810 2765 2557 1872  1 1 1 0 0 0.00 0 0 1.00 0.27 -1 -1 11.31 
1.793 2 1 1 0 0.0637 0.1041 0.0000 0 0.0000 0  1930 2517 2647 2715 2816 2777 2564 1886  1 1 1 0 0 0.00 0 0 1.00 0.27 -1 -1 11.32 
1.797 2 1 1 0 0.0741 0.1120 0.0000 0 0.0000 0  1935 2519 2653 2726 2824 2813 2573 1894  1 1 1 0 0 0.00 0 0 1.00 0.27 -1 -1 11.30 
1.801 2 1 1 0 0.0949 0.0967 0.0000 0 0.0000 0  1934 2528 2658 2729 2825 2814 2579 1897  1 1 1 0 0 0.00 0 0 1.00 0.27 -1 -1 11.30 
1.805 2 1 1 0 0.0857 0.0905 0.0000 0 0.0000 0  1968 2531 2668 2739 2838 2818 2589 1907  1 1 1 0 0 0.00 0 0 1.00 0.28 -1 -1 11.30 
1.809 2 1 1 0 0.0906 0.0966 0.0000 0 0.0000 0  1958 2543 2674 2743 2839 2801 2593 1906  1 1 1 0 0 0.00 0 0 1.00 0.28 -1 -1 11.30 
1.813 2 1 1 0 0.0954 0.1037 0.0000 0 0.0000 0  1963 2545 2673 2744 2854 2772 2596 1915  1 1 1 0 0 0.00 0 0 1.00 0.28 -1 -1 11.30 
1.817 2 1 1 0 0.1202 0.0936 0.0000 0 0.0000 0  1969 2522 2641 2725 2840 2818 2598 1916  1 1 1 0 0 0.00 0 0 1.00 0.28 -1 -1 11.31 
1.821 2 1 1 0 0.1223 0.1025 0.0000 0 0.0000 0  1969 2548 2679 2750 2851 2827 2593 1924  1 1 1 0 0 0.00 0 0 1.00 0.28 -1 -1 11.30 
1.825 2 1 1 0 0.1399 0.0915 0.0000 0 0.0000 0  1961 2554 2683 2759 2859 2823 2607 1921  1 1 1 0 0 0.00 0 0 1.00 0.28 -1 -1 11.31 
1.829 2 1 1 0 0.1376 0.0983 0.0000 0 0.0000 0  1973 2571 2701 2768 2874 2838 2612 1928  1 1 1 0 0 0.00 0 0 1.00 0.29 -1 -1 11.30 
1.833 2 1 1 0 0.1554 0.0855 0.0000 0 0.0000 0  1984 2559 2695 2770 2864 2864 2600 1924  1 1 1 0 0 0.00 0 0 1.00 0.29 -1 -1 11.30 
1.837 2 1 1 0 0.1328 0.1110 0.0000 0 0.0000 0  1982 2560 2687 2750 2862 2826 2603 1918  1 1 1 0 0 0.00 0 0 1.00 0.28 -1 -1 11.29 
1.841 2 1 1 0 0.1457 0.0929 0.0000 0 0.0000 0  1955 2566 2682 2756 2869 2812 2597 1927  1 1 1 0 0 0.00 0 0 1.00 0.29 -1 -1 11.30 
1.845 2 1 1 0 0.1386 0.0941 0.0000 0 0.0000 0  1973 2562 2690 2765 2868 2837 2602 1924  1 1 1 0 0 0.00 0 0 1.00 0.29 -1 -1 11.31 
1.849 2 1 1 0 0.1344 0.0981 0.0000 0 0.0000 0  1976 2555 2690 2765 2859 2828 2598 1919  1 1 1 0 0 0.00 0 0 1.00 0.28 -1 -1 11.31 
1.853 2 1 1 0 0.1395 0.1086 0.0000 0 0.0000 0  1973 2568 2705 2768 2866 2814 2600 1915  1 1 1 0 0 0.00 0 0 1.00 0.28 -1 -1 11.30 
1.857 2 1 1 0 0.1423 0.1156 0.0000 0 0.0000 0  1988 2558 2684 2779 2857 2829 2596 1923  1 1 1 0 0 0.00 0 0 1.00 0.28 -1 -1 11.30 
1.861 2 1 1 0 0.1532 0.1273 0.0000 0 0.0000 0  1991 2563 2697 2752 2855 2806 2595 1920  1 1 1 0 0 0.00 0 0 1.00 0.28 -1 -1 11.30 
1.865 2 1 1 0 0.1613 0.1360 0.0000 0 0.0000 0  1977 2558 2696 2758 2857 2823 2604 1915  1 1 1 0 0 0.00 0 0 1.00 0.28 -1 -1 11.30 
1.869 2 1 1 0 0.1667 0.1446 0.0000 0 0.0000 0  1979 2573 2694 2769 2855 2821 2602 1918  1 1 1 0 0 0.00 0 0 1.00 0.28 -1 -1 11.30 
1.873 2 1 1 0 0.1592 0.1423 0.0000 0 0.0000 0  1962 2563 2704 2766 2857 2810 2590 1914  1 1 1 0 0 0.00 0 0 1.00 0.28 -1 -1 11.30 
1.877 2 1 1 0 0.1557 0.1390 0.0000 0 0.0000 0  1958 2559 2695 2763 2848 2817 2593 1917  1 1 1 0 0 0.00 0 0 1.00 0.28 -1 -1 11.31 
1.881 2 1 1 0 0.1589 0.1424 0.0000 0 0.0000 0  1974 2560 2693 2754 2842 2803 2594 1914  1 1 1 0 0 0.00 0 0 1.00 0.28 -1 -1 11.31 
1.885 2 1 1 0 0.1555 0.1391 0.0000 0 0.0000 0  1990 2562 2691 2752 2837 2807 2558 1909  1 1 1 0 0 0.00 0 0 1.00 0.28 -1 -1 11.31 
1.889 2 1 1 0 0.1535 0.1399 0.0000 0 0.0000 0  1979 2558 2689 2747 2832 2813 2558 1908  1 1 1 0 0 0.00 0 0 1.00 0.28 -1 -1 11.31 
1.893 2 1 1 0 0.1525 0.1425 0.0000 0 0.0000 0  1948 2557 2685 2758 2824 2796 2580 1908  1 1 1 0 0 0.00 0 0 1.00 0.28 -1 -1 11.31 
1.897 2 1 1 0 0.1634 0.1536 0.0000 0 0.0000 0  1959 2550 2683 2740 2826 2792 2578 1911  1 1 1 0 0 0.00 0 0 1.00 0.28 -1 -1 11.31 
1.901 2 1 1 0 0.1789 0.1323 0.0000 0 0.0000 0  1974 2555 2680 2753 2830 2793 2582 1906  1 1 1 0 0 0.00 0 0 1.00 0.28 -1 -1 11.30 
1.905 2 1 1 0 0.1793 0.1366 0.0000 0 0.0000 0  1969 2550 2684 2724 2812 2785 2560 1905  1 1 1 0 0 0.00 0 0 1.00 0.28 -1 -1 11.30 
1.909 2 1 1 0 0.1810 0.1428 0.0000 0 0.0000 0  1930 2551 2684 2744 2815 2773 2557 1909  1 1 1 0 0 0.00 0 0 1.00 0.28 -1 -1 11.31 
1.913 2 1 1 0 0.1645 0.1667 0.0000 0 0.0000 0  1970 2549 2684 2720 2817 2785 2550 1914  1 1 1 0 0 0.00 0 0 1.00 0.29 -1 -1 11.31 
1.917 2 1 1 0 0.1497 0.1539 0.0000 0 0.0000 0  1935 2552 2672 2700 2802 2770 2548 1909  1 1 1 0 0 0.00 0 0 1.00 0.28 -1 -1 11.31 
1.921 2 1 1 0 0.1585 0.1246 0.0000 0 0.0000 0  1968 2575 2685 2714 2797 2757 2549 1895  1 1 1 0 0 0.00 0 0 1.00 0.28 -1 -1 11.31 
1.925 2 1 1 0 0.1634 0.1323 0.0000 0 0.0000 0  1947 2536 2658 2703 2802 2752 2539 1894  1 1 1 0 0 0.00 0 0 1.00 0.28 -1 -1 11.31 
1.929 2 1 1 0 0.1780 0.1476 0.0000 0 0.0000 0  1945 2539 2658 2684 2791 2745 2535 1901  1 1 1 0 0 0.00 0 0 1.00 0.28 -1 -1 11.32 
1.933 2 1 1 0 0.1668 0.1753 0.0000 0 0.0000 0  1954 2534 2658 2701 2791 2743 2557 1897  1 1 1 0 0 0.00 0 0 1.00 0.28 -1 -1 11.32 
1.937 2 1 1 0 0.1909 0.1590 0.0000 0 0.0000 0  1940 2534 2659 2700 2783 2739 2516 1898  1 1 1 0 0 0.00 0 0 1.00 0.28 -1 -1 11.32 
1.941 2 1 1 0 0.1766 0.1823 0.0000 0 0.0000 0  1951 2529 2658 2670 2791 2745 2532 1898  1 1 1 0 0 0.00 0 0 1.00 0.28 -1 -1 11.31 
1.945 2 1 1 0 0.1714 0.1740 0.0000 0 0.0000 0  1935 2525 2651 2684 2782 2738 2544 1901  1 1 1 0 0 0.00 0 0 1.00 0.29 -1 -1 11.31 
1.949 2 1 1 0 0.1805 0.1423 0.0000 0 0.0000 0  1934 2540 2645 2684 2799 2732 2547 1904  1 1 1 0 0 0.00 0 0 1.00 0.29 -1 -1 11.32 
1.953 2 1 1 0 0.1817 0.1441 0.0000 0 0.0000 0  1918 2527 2639 2691 2776 2730 2543 1898  1 1 1 0 0 0.00 0 0 1.00 0.29 -1 -1 11.32 
1.957 2 1 1 0 0.1677 0.1700 0.0000 0 0.0000 0  1922 2523 2634 2661 2776 2726 2545 1899  1 1 1 0 0 0.00 0 0 1.00 0.29 -1 -1 11.31 
1.961 2 1 1 0 0.1933 0.1562 0.0000 0 0.0000 0  1908 2527 2627 2662 2774 2727 2559 1900  1 1 1 0 0 0.00 0 0 1.00 0.28 -1 -1 11.31 
1.965 2 1 1 0 0.1772 0.1784 0.0000 0 0.0000 0  1917 2489 2618 2667 2767 2733 2546 1910  1 1 1 0 0 0.00 0 0 1.00 0.29 -1 -1 11.32 
1.969 2 1 1 0 0.1861 0.1481 0.0000 0 0.0000 0  1897 2495 2617 2658 2764 2731 2553 1912  1 1 1 0 0 0.00 0 0 1.00 0.28 -1 -1 11.32 
1.973 2 1 1 0 0.1809 0.1431 0.0000 0 0.0000 0  1905 2493 2609 2649 2756 2734 2559 1926  1 1 1 0 0 0.00 0 0 1.00 0.28 -1 -1 11.32 
1.977 2 1 1 0 0.1792 0.1416 0.0000 0 0.0000 0  1903 2473 2605 2651 2742 2731 2575 1923  1 1 1 0 0 0.00 0 0 1.00 0.28 -1 -1 11.30 
1.981 2 1 1 0 0.1841 0.1479 0.0000 0 0.0000 0  1895 2467 2592 2636 2750 2731 2571 1918  1 1 1 0 0 0.00 0 0 1.00 0.28 -1 -1 11.32 
1.985 2 1 1 0 0.1906 0.1557 0.0000 0 0.0000 0  1893 2488 2586 2639 2752 2726 2564 1925  1 1 1 0 0 0.00 0 0 1.00 0.28 -1 -1 11.32 
1.989 2 1 1 0 0.1748 0.1775 0.0000 0 0.0000 0  1892 2488 2578 2627 2712 2732 2575 1920  1 1 1 0 0 0.00 0 0 1.00 0.28 -1 -1 11.32 
1.993 2 1 1 0 0.1780 0.1790 0.0000 0 0.0000 0  1891 2466 2574 2628 2715 2735 2588 1921  1 1 1 0 0 0.00 0 0 1.00 0.28 -1 -1 11.32 
1.997 2 1 1 0 0.1823 0.1819 0.0000 0 0.0000 0  1890 2457 2569 2620 2736 2741 2581 1943  1 1 1 0 0 0.00 0 0 1.00 0.27 -1 -1 11.32 
2.001 2 1 1 0 0.1911 0.1514 0.0000 0 0.0000 0  1886 2458 2560 2619 2734 2741 2585 1944  1 1 1 0 0 0.00 0 0 1.00 0.27 -1 -1 11.32 
2.005 2 1 1 0 0.1675 0.1648 0.0000 0 0.0000 0  1884 2441 2561 2618 2719 2746 2589 1947  1 1 1 0 0 0.00 0 0 1.00 0.27 -1 -1 11.32 
2.009 2 1 1 0 0.1924 0.1507 0.0000 0 0.0000 0  1879 2434 2553 2607 2742 2733 2589 1946  1 1 1 0 0 0.00 0 0 1.00 0.27 -1 -1 11.32 
2.013 2 1 1 0 0.1696 0.1652 0.0000 0 0.0000 0  1872 2476 2550 2601 2702 2735 2590 1923  1 1 1 0 0 0.00 0 0 1.00 0.27 -1 -1 11.32 
2.017 2 1 1 0 0.1881 0.1437 0.0000 0 0.0000 0  1874 2433 2544 2597 2706 2737 2591 1940  1 1 1 0 0 0.00 0 0 1.00 0.27 -1 -1 11.32 
2.021 2 1 1 0 0.1901 0.1467 0.0000 0 0.0000 0  1870 2458 2542 2595 2708 2748 2606 1949  1 1 1 0 0 0.00 0 0 1.00 0.27 -1 -1 11.31 
2.025 2 1 1 0 0.1957 0.1544 0.0000 0 0.0000 0  1860 2433 2532 2588 2701 2742 2590 1939  1 1 1 0 0 0.00 0 0 1.00 0.26 -1 -1 11.32 
2.029 2 1 1 0 0.1952 0.1570 0.0000 0 0.0000 0  1860 2427 2533 2588 2709 2746 2592 1951  1 1 1 0 0 0.00 0 0 1.00 0.26 -1 -1 11.31 
2.033 2 1 1 0 0.1886 0.1529 0.0000 0 0.0000 0  1860 2426 2529 2587 2743 2751 2596 1998  1 1 1 0 0 0.00 0 0 1.00 0.26 -1 -1 11.32 
2.037 2 1 1 0 0.1801 0.1465 0.0000 0 0.0000 0  1855 2418 2527 2593 2713 2754 2617 1959  1 1 1 0 0 0.00 0 0 1.00 0.26 -1 -1 11.32 
2.041 2 1 1 0 0.1878 0.1544 0.0000 0 0.0000 0  1851 2402 2525 2590 2694 2749 2592 1953  1 1 1 0 0 0.00 0 0 1.00 0.26 -1 -1 11.32 
2.045 2 1 1 0 0.1963 0.1644 0.0000 0 0.0000 0  1850 2393 2517 2598 2709 2753 2604 1940  1 1 1 0 0 0.00 0 0 1.00 0.26 -1 -1 11.32 
2.049 2 1 1 0 0.1771 0.1833 0.0000 0 0.0000 0  1848 2413 2520 2590 2729 2762 2597 1969  1 1 1 0 0 0.00 0 0 1.00 0.26 -1 -1 11.32 
2.053 2 1 1 0 0.2036 0.1687 0.0000 0 0.0000 0  1841 2404 2520 2591 2711 2755 2599 1961  1 1 1 0 0 0.00 0 0 1.00 0.25 -1 -1 11.32 
2.057 2 1 1 0 0.1834 0.1855 0.0000 0 0.0000 0  1841 2425 2514 2598 2719 2755 2603 1957  1 1 1 0 0 0.00 0 0 1.00 0.25 -1 -1 11.31 
2.061 2 1 1 0 0.1839 0.1457 0.0000 0 0.0000 0  1832 2389 2496 2597 2754 2758 2604 1943  1 1 1 0 0 0.00 0 0 1.00 0.25 -1 -1 11.31 
2.065 2 1 1 0 0.1667 0.1674 0.0000 0 0.0000 0  1829 2390 2508 2592 2735 2762 2606 1961  1 1 1 0 0 0.00 0 0 1.00 0.25 -1 -1 11.32 
2.069 2 1 1 0 0.1904 0.1537 0.0000 0 0.0000 0  1820 2391 2512 2596 2734 2773 2606 1953  1 1 1 0 0 0.00 0 0 1.00 0.24 -1 -1 11.32 
2.073 2 1 1 0 0.1769 0.1802 0.0000 0 0.0000 0  1820 2386 2498 2594 2732 2768 2619 1956  1 1 1 0 0 0.00 0 0 1.00 0.24 -1 -1 11.32 
2.077 2 1 1 0 0.2039 0.1664 0.0000 0 0.0000 0  1813 2385 2498 2603 2734 2774 2620 1951  1 1 1 0 0 0.00 0 0 1.00 0.24 -1 -1 11.31 
2.081 2 1 1 0 0.1789 0.1802 0.0000 0 0.0000 0  1812 2369 2495 2598 2757 2778 2620 1964  1 1 1 0 0 0.00 0 0 1.00 0.24 -1 -1 11.32 
2.085 2 1 1 0 0.1865 0.1501 0.0000 0 0.0000 0  1803 2372 2496 2606 2770 2778 2636 1973  1 1 1 0 0 0.00 0 0 1.00 0.23 -1 -1 11.32 
2.089 2 1 1 0 0.1904 0.1556 0.0000 0 0.0000 0  1798 2361 2495 2609 2761 2772 2636 1969  1 1 1 0 0 0.00 0 0 1.00 0.23 -1 -1 11.32 
2.093 2 1 1 0 0.1982 0.1632 0.0000 0 0.0000 0  1789 2359 2490 2604 2756 2782 2631 1958  1 1 1 0 0 0.00 0 0 1.00 0.23 -1 -1 11.32 
2.097 2 1 1 0 0.1870 0.1887 0.0000 0 0.0000 0  1785 2356 2508 2610 2754 2799 2639 1942  1 1 1 0 0 0.00 0 0 1.00 0.22 -1 -1 11.32 
2.101 2 1 1 0 0.2016 0.2007 0.0000 0 0.0000 0  1782 2361 2486 2609 2771 2796 2636 1965  1 1 1 0 0 0.00 0 0 1.00 0.22 -1 -1 11.32 
2.105 2 1 1 0 0.1958 0.1915 0.0000 0 0.0000 0  1780 2354 2497 2612 2769 2806 2641 1964  1 1 1 0 0 0.00 0 0 1.00 0.22 -1 -1 11.31 
2.109 2 1 1 0 0.1903 0.1831 0.0000 0 0.0000 0  1777 2359 2507 2619 2781 2812 2648 1955  1 1 1 0 0 0.00 0 0 1.00 0.22 -1 -1 11.32 
2.113 2 1 1 0 0.1946 0.1482 0.0000 0 0.0000 0  1778 2350 2508 2619 2764 2801 2645 1966  1 1 1 0 0 0.00 0 0 1.00 0.22 -1 -1 11.32 
2.117 2 1 1 0 0.1787 0.1695 0.0000 0 0.0000 0  1770 2347 2476 2616 2769 2793 2645 1959  1 1 1 0 0 0.00 0 0 1.00 0.22 -1 -1 11.32 
2.121 2 1 1 0 0.1871 0.1757 0.0000 0 0.0000 0  1776 2343 2511 2618 2780 2812 2645 1962  1 1 1 0 0 0.00 0 0 1.00 0.22 -1 -1 11.31 
2.125 2 1 1 0 0.1843 0.1698 0.0000 0 0.0000 0  1771 2335 2501 2614 2765 2837 2663 1968  1 1 1 0 0 0.00 0 0 1.00 0.22 -1 -1 11.31 
2.129 2 1 1 0 0.1830 0.1688 0.0000 0 0.0000 0  1763 2338 2488 2617 2766 2811 2644 1940  1 1 1 0 0 0.00 0 0 1.00 0.21 -1 -1 11.31 
2.133 2 1 1 0 0.2104 0.1583 0.0000 0 0.0000 0  1768 2341 2505 2619 2783 2840 2638 1958  1 1 1 0 0 0.00 0 0 1.00 0.21 -1 -1 11.31 
2.137 2 1 1 0 0.1946 0.1818 0.0000 0 0.0000 0  1763 2338 2498 2621 2778 2821 2639 1949  1 1 1 0 0 0.00 0 0 1.00 0.21 -1 -1 11.31 
2.141 2 1 1 0 0.1907 0.1764 0.0000 0 0.0000 0  1742 2346 2516 2618 2796 2841 2640 1964  1 1 1 0 0 0.00 0 0 1.00 0.20 -1 -1 11.31 
2.145 2 1 1 0 0.1880 0.1709 0.0000 0 0.0000 0  1762 2346 2501 2625 2794 2838 2640 1957  1 1 1 0 0 0.00 0 0 1.00 0.21 -1 -1 11.31 
2.149 2 1 1 0 0.1959 0.1780 0.0000 0 0.0000 0  1754 2348 2511 2627 2800 2844 2643 1964  1 1 1 0 0 0.00 0 0 1.00 0.21 -1 -1 11.32 
2.153 2 1 1 0 0.2013 0.1812 0.0000 0 0.0000 0  1766 2346 2503 2631 2803 2848 2645 1967  1 1 1 0 0 0.00 0 0 1.00 0.21 -1 -1 11.32 
2.157 2 1 1 0 0.1804 0.1981 0.0000 0 0.0000 0  1762 2347 2503 2635 2814 2838 2649 1965  1 1 1 0 0 0.00 0 0 1.00 0.21 -1 -1 11.32 
2.161 2 1 1 0 0.1979 0.1744 0.0000 0 0.0000 0  1759 2347 2505 2636 2820 2870 2653 1972  1 1 1 0 0 0.00 0 0 1.00 0.21 -1 -1 11.31 
2.165 2 1 1 0 0.1762 0.1897 0.0000 0 0.0000 0  1745 2348 2521 2639 2821 2847 2653 1970  1 1 1 0 0 0.00 0 0 1.00 0.20 -1 -1 11.31 
2.169 2 1 1 0 0.1955 0.1687 0.0000 0 0.0000 0  1755 2346 2510 2646 2828 2819 2653 1974  1 1 1 0 0 0.00 0 0 1.00 0.21 -1 -1 11.31 
2.173 2 1 1 0 0.2033 0.1757 0.0000 0 0.0000 0  1748 2352 2526 2657 2840 2872 2666 1989  1 1 1 0 0 0.00 0 0 1.00 0.21 -1 -1 11.31 
2.177 2 1 1 0 0.1792 0.1906 0.0000 0 0.0000 0  1749 2353 2524 2655 2836 2856 2667 1986  1 1 1 0 0 0.00 0 0 1.00 0.21 -1 -1 11.31 
2.181 2 1 1 0 0.1887 0.1613 0.0000 0 0.0000 0  1749 2358 2523 2662 2847 2868 2661 1987  1 1 1 0 0 0.00 0 0 1.00 0.21 -1 -1 11.31 
2.185 2 1 1 0 0.1853 0.1574 0.0000 0 0.0000 0  1773 2360 2522 2658 2845 2862 2672 1987  1 1 1 0 0 0.00 0 0 1.00 0.22 -1 -1 11.31 
2.189 2 1 1 0 0.1948 0.1677 0.0000 0 0.0000 0  1772 2362 2535 2680 2854 2842 2673 1995  1 1 1 0 0 0.00 0 0 1.00 0.22 -1 -1 11.32 
2.193 2 1 1 0 0.2041 0.1762 0.0000 0 0.0000 0  1751 2371 2537 2685 2862 2847 2684 2001  1 1 1 0 0 0.00 0 0 1.00 0.21 -1 -1 11.30 
2.197 2 1 1 0 0.1879 0.1989 0.0000 0 0.0000 0  1777 2365 2541 2692 2860 2859 2670 2001  1 1 1 0 0 0.00 0 0 1.00 0.22 -1 -1 11.31 
2.201 2 1 1 0 0.1970 0.2059 0.0000 0 0.0000 0  1784 2376 2550 2707 2871 2879 2694 2008  1 1 1 0 0 0.00 0 0 1.00 0.22 -1 -1 11.30 
2.205 2 1 1 0 0.2227 0.1891 0.0000 0 0.0000 0  1780 2383 2552 2710 2878 2885 2689 2006  1 1 1 0 0 0.00 0 0 1.00 0.22 -1 -1 11.31 
2.209 2 1 1 0 0.1989 0.2024 0.0000 0 0.0000 0  1778 2377 2557 2726 2877 2892 2697 2012  1 1 1 0 0 0.00 0 0 1.00 0.22 -1 -1 11.30 
2.213 2 1 1 0 0.1905 0.1932 0.0000 0 0.0000 0  1794 2380 2566 2738 2884 2881 2708 2018  1 1 1 0 0 0.00 0 0 1.00 0.23 -1 -1 11.31 
2.217 2 1 1 0 0.2123 0.1749 0.0000 0 0.0000 0  1797 2381 2561 2716 2883 2899 2695 2018  1 1 1 0 0 0.00 0 0 1.00 0.23 -1 -1 11.30 
2.221 2 1 1 0 0.1897 0.1900 0.0000 0 0.0000 0  1780 2396 2577 2741 2895 2908 2716 2017  1 1 1 0 0 0.00 0 0 1.00 0.22 -1 -1 11.31 
2.225 2 1 1 0 0.1823 0.1824 0.0000 0 0.0000 0  1795 2389 2564 2729 2887 2899 2713 2020  1 1 1 0 0 0.00 0 0 1.00 0.23 -1 -1 11.31 
2.229 2 1 1 0 0.2056 0.1672 0.0000 0 0.0000 0  1755 2350 2538 2703 2876 2899 2701 2026  1 1 1 0 0 0.00 0 0 1.00 0.22 -1 -1 11.31 
2.233 2 1 1 0 0.2117 0.1731 0.0000 0 0.0000 0  1797 2393 2584 2752 2894 2906 2735 2033  1 1 1 0 0 0.00 0 0 1.00 0.23 -1 -1 11.31 
2.237 2 1 1 0 0.2061 0.2039 0.0000 0 0.0000 0  1815 2398 2594 2764 2897 2917 2731 2041  1 1 1 0 0 0.00 0 0 1.00 0.24 -1 -1 11.31 
2.241 2 1 1 0 0.2109 0.2061 0.0000 0 0.0000 0  1821 2407 2607 2768 2907 2922 2710 2048  1 1 1 0 0 0.00 0 0 1.00 0.24 -1 -1 11.31 
2.245 2 1 1 0 0.2164 0.2094 0.0000 0 0.0000 0  1810 2414 2614 2763 2915 2937 2735 2052  1 1 1 0 0 0.00 0 0 1.00 0.24 -1 -1 11.31 
2.249 2 1 1 0 0.2106 0.2018 0.0000 0 0.0000 0  1814 2418 2624 2757 2916 2931 2738 2053  1 1 1 0 0 0.00 0 0 1.00 0.24 -1 -1 11.31 
2.253 2 1 1 0 0.1969 0.1867 0.0000 0 0.0000 0  1813 2429 2627 2793 2922 2932 2765 2057  1 1 1 0 0 0.00 0 0 1.00 0.24 -1 -1 11.30 
2.257 2 1 1 0 0.1906 0.1806 0.0000 0 0.0000 0  1814 2433 2630 2788 2919 2934 2760 2065  1 1 1 0 0 0.00 0 0 1.00 0.24 -1 -1 11.32 
2.261 2 1 1 0 0.1960 0.1847 0.0000 0 0.0000 0  1836 2441 2638 2801 2922 2934 2779 2074  1 1 1 0 0 0.00 0 0 1.00 0.26 -1 -1 11.31 
2.265 2 1 1 0 0.2196 0.1705 0.0000 0 0.0000 0  1831 2450 2640 2779 2918 2933 2748 2086  1 1 1 0 0 0.00 0 0 1.00 0.26 -1 -1 11.31 
2.269 2 1 1 0 0.2074 0.1965 0.0000 0 0.0000 0  1825 2451 2654 2785 2934 2941 2755 2102  1 1 1 0 0 0.00 0 0 1.00 0.26 -1 -1 11.32 
2.273 2 1 1 0 0.2050 0.1957 0.0000 0 0.0000 0  1826 2463 2657 2796 2926 2944 2779 2110  1 1 1 0 0 0.00 0 0 1.00 0.25 -1 -1 11.31 
2.277 2 1 1 0 0.2174 0.1712 0.0000 0 0.0000 0  1862 2475 2674 2785 2933 2946 2774 2124  1 1 1 0 0 0.00 0 0 1.00 0.27 -1 -1 11.31 
2.281 2 1 1 0 0.2275 0.1823 0.0000 0 0.0000 0  1857 2482 2680 2819 2937 2951 2796 2138  1 1 1 0 0 0.00 0 0 1.00 0.27 -1 -1 11.31 
2.285 2 1 1 0 0.2179 0.2101 0.0000 0 0.0000 0  1878 2503 2690 2823 2953 2955 2806 2155  1 1 1 0 0 0.00 0 0 1.00 0.28 -1 -1 11.31 
2.289 2 1 1 0 0.2250 0.2153 0.0000 0 0.0000 0  1884 2505 2702 2822 2953 2955 2792 2164  1 1 1 0 0 0.00 0 0 1.00 0.28 -1 -1 11.32 
2.293 2 1 1 0 0.2304 0.2192 0.0000 0 0.0000 0  1893 2514 2713 2841 2950 2960 2805 2181  1 1 1 0 0 0.00 0 0 1.00 0.28 -1 -1 11.31 
2.297 2 1 1 0 0.2159 0.2036 0.0000 0 0.0000 0  1894 2530 2722 2829 2969 2966 2803 2194  1 1 1 0 0 0.00 0 0 1.00 0.29 -1 -1 11.31 
2.301 2 1 1 0 0.2319 0.1818 0.0000 0 0.0000 0  1914 2554 2732 2829 2966 2967 2812 2207  1 1 1 0 0 0.00 0 0 1.00 0.30 -1 -1 11.32 
2.305 2 1 1 0 0.2395 0.1908 0.0000 0 0.0000 0  1907 2556 2728 2839 2969 2971 2816 2226  1 1 1 0 0 0.00 0 0 1.00 0.30 -1 -1 11.31 
2.309 2 1 1 0 0.2235 0.2128 0.0000 0 0.0000 0  1921 2573 2742 2856 2973 2967 2849 2233  1 1 1 0 0 0.00 0 0 1.00 0.30 -1 -1 11.32 
2.313 2 1 1 0 0.2132 0.2038 0.0000 0 0.0000 0  1931 2579 2741 2832 2972 2974 2835 2237  1 1 1 0 0 0.00 0 0 1.00 0.31 -1 -1 11.32 
2.317 2 1 1 0 0.2371 0.1921 0.0000 0 0.0000 0  1942 2583 2749 2847 2973 2977 2838 2246  1 1 1 0 0 0.00 0 0 1.00 0.32 -1 -1 11.31 
2.321 2 1 1 0 0.2504 0.2087 0.0000 0 0.0000 0  1928 2580 2746 2846 2971 2975 2847 2266  1 1 1 0 0 0.00 0 0 1.00 0.31 -1 -1 11.31 
2.325 2 1 1 0 0.2439 0.2415 0.0000 0 0.0000 0  1947 2612 2754 2853 2975 2989 2862 2291  1 1 1 0 0 0.00 0 0 1.00 0.32 -1 -1 11.31 
2.329 2 1 1 0 0.2401 0.2347 0.0000 0 0.0000 0  1947 2587 2758 2866 2982 2986 2877 2314  1 1 1 0 0 0.00 0 0 1.00 0.32 -1 -1 11.31 
2.333 2 1 1 0 0.2473 0.2012 0.0000 0 0.0000 0  1965 2587 2750 2855 2988 2983 2882 2337  1 1 1 0 0 0.00 0 0 1.00 0.33 -1 -1 11.32 
2.337 2 1 1 0 0.2377 0.1923 0.0000 0 0.0000 0  1973 2616 2761 2868 2993 2993 2907 2347  1 1 1 0 0 0.00 0 0 1.00 0.34 -1 -1 11.32 
2.341 2 1 1 0 0.2440 0.1990 0.0000 0 0.0000 0  1976 2607 2764 2870 2984 3010 2923 2380  1 1 1 0 0 0.00 0 0 1.00 0.34 -1 -1 11.32 
2.345 2 1 1 0 0.2231 0.2152 0.0000 0 0.0000 0  1986 2592 2769 2874 2975 3019 2943 2399  1 1 1 0 0 0.00 0 0 1.00 0.35 -1 -1 11.32 
2.349 2 1 1 0 0.2199 0.2099 0.0000 0 0.0000 0  1988 2631 2773 2877 2996 3026 2969 2441  1 1 1 0 0 0.00 0 0 1.00 0.35 -1 -1 11.32 
2.353 2 1 1 0 0.2412 0.1941 0.0000 0 0.0000 0  1992 2636 2781 2884 3006 3041 2993 2472  1 1 1 0 0 0.00 0 0 1.00 0.35 -1 -1 11.32 
2.357 2 1 1 0 0.2257 0.2202 0.0000 0 0.0000 0  2003 2617 2783 2869 3002 3057 3006 2523  1 1 1 0 0 0.00 0 0 1.00 0.36 -1 -1 11.32 
2.361 2 1 1 0 0.2232 0.2178 0.0000 0 0.0000 0  2007 2609 2788 2883 3025 3070 3039 2553  1 1 1 0 0 0.00 0 0 1.00 0.36 -1 -1 11.32 
2.365 2 1 1 0 0.2332 0.2265 0.0000 0 0.0000 0  2011 2642 2793 2895 3031 3090 3056 2573  1 1 1 0 0 0.00 0 0 1.00 0.36 -1 -1 11.32 
2.369 2 1 1 0 0.2397 0.2305 0.0000 0 0.0000 0  2019 2627 2801 2899 3009 3106 3102 2596  1 1 1 0 0 0.00 0 0 1.00 0.37 -1 -1 11.32 
2.373 2 1 1 0 0.2336 0.2225 0.0000 0 0.0000 0  2021 2628 2808 2897 3035 3121 3124 2662  1 1 1 0 0 0.00 0 0 1.00 0.37 -1 -1 11.32 
2.377 2 1 1 0 0.2248 0.2135 0.0000 0 0.0000 0  2023 2644 2812 2903 3043 3156 3153 2686  1 1 1 0 0 0.00 0 0 1.00 0.37 -1 -1 11.32 
2.381 2 1 1 0 0.2246 0.2144 0.0000 0 0.0000 0  2033 2666 2809 2907 3037 3166 3193 2710  1 1 1 0 0 0.00 0 0 1.00 0.37 -1 -1 11.32 
2.385 2 1 1 0 0.2300 0.2206 0.0000 0 0.0000 0  2037 2678 2814 2909 3065 3185 3207 2772  1 1 1 0 0 0.00 0 0 1.00 0.38 -1 -1 11.31 
2.389 2 1 1 0 0.2371 0.2285 0.0000 0 0.0000 0  2040 2672 2816 2909 3070 3204 3226 2777  1 1 1 0 0 0.00 0 0 1.00 0.38 -1 -1 11.31 
2.393 2 1 1 0 0.2313 0.2233 0.0000 0 0.0000 0  2045 2683 2819 2915 3070 3222 3249 2797  1 1 1 0 0 0.00 0 0 1.00 0.38 -1 -1 11.31 
2.397 2 1 1 0 0.2181 0.2077 2.4459 0 2.6600 0  2047 2663 2823 2922 3060 3245 3281 2808  1 1 1 0 0 0.00 0 4 0.86 0.39 6 7 11.32 
2.401 2 1 1 0 0.2322 0.2199 2.4669 1 2.6600 1  2052 2666 2833 2932 3104 3266 3308 2845  1 1 1 0 0 0.13 0 5 0.88 0.39 6 7 11.32 
2.405 2 1 1 0 0.2410 0.2271 2.5524 1 2.6600 1  2060 2686 2824 2933 3123 3274 3316 2898  1 1 1 0 0 -0.13 0 5 0.89 0.39 6 7 11.32 
2.409 2 1 1 0 0.2433 0.2281 2.5991 1 2.6600 1  2057 2682 2832 2946 3154 3293 3342 2922  1 1 1 0 0 -0.27 0 5 0.91 0.39 6 7 11.32 
2.413 2 1 1 0 0.2487 0.2324 2.5891 1 2.6600 1  2056 2695 2835 2952 3169 3319 3365 2933  1 1 1 0 0 -0.24 0 5 0.92 0.39 6 7 11.32 
2.417 2 1 1 0 0.2610 0.2410 2.4756 1 2.6600 1  2059 2706 2841 2964 3204 3345 3381 2943  1 1 1 0 0 0.10 0 5 0.92 0.39 6 7 11.32 
2.421 2 1 1 0 0.2540 0.2310 2.4374 1 2.6600 1  2066 2716 2836 2974 3177 3352 3392 2913  1 1 1 0 0 0.22 0 5 0.93 0.40 6 7 11.32 
2.425 2 1 1 0 0.2440 0.2185 2.4611 1 2.6600 1  2069 2706 2848 2989 3228 3374 3410 2966  1 1 1 0 0 0.14 0 5 0.94 0.40 6 7 11.32 
2.429 2 1 1 0 0.2324 0.2049 2.4782 1 2.6600 1  2067 2707 2849 3006 3243 3396 3423 2972  1 1 1 0 0 0.09 0 5 0.95 0.40 6 7 11.32 
2.433 2 1 1 0 0.2403 0.2125 2.5270 1 2.6600 1  2068 2693 2841 3003 3238 3365 3375 2951  1 1 1 0 0 -0.05 0 5 0.95 0.40 6 7 11.31 
2.437 2 1 1 0 0.2480 0.2214 2.4688 1 2.6600 1  2066 2696 2849 3037 3257 3418 3436 2982  1 1 1 0 0 0.12 0 5 0.96 0.40 6 7 11.32 
2.441 2 1 1 0 0.2354 0.2450 2.4036 1 2.6600 1  2075 2709 2866 3061 3306 3435 3458 2998  1 1 1 0 0 0.32 0 5 0.97 0.40 6 7 11.32 
2.445 2 1 1 0 0.2395 0.2464 2.3732 1 2.6600 1  2072 2709 2862 3079 3323 3454 3472 2991  1 1 1 0 0 0.41 0 5 0.98 0.40 6 7 11.32 
2.449 2 1 1 0 0.2339 0.2400 2.3601 1 2.6600 1  2075 2706 2873 3099 3346 3474 3478 3012  1 1 1 0 0 0.45 0 5 0.98 0.40 6 7 11.32 
2.453 2 1 1 0 0.2231 0.2284 2.3197 1 2.6600 1  2072 2707 2883 3119 3376 3482 3484 3004  1 1 1 0 0 0.57 0 5 0.99 0.40 6 7 11.32 
2.457 2 1 1 0 0.2134 0.2181 2.3306 1 2.6600 1  2073 2707 2880 3137 3369 3484 3489 3000  1 1 1 0 0 0.54 0 5 0.99 0.40 6 7 11.32 
2.461 2 1 1 0 0.2200 0.2242 1.8802 1 2.6600 1  2077 2703 2900 3158 3390 3519 3494 3014  1 1 1 0 0 1.89 0 5 0.99 0.41 5 7 11.32 
2.465 2 1 1 0 0.2453 0.2108 2.2651 1 2.6600 1  2079 2714 2905 3178 3411 3490 3498 3024  1 1 1 0 0 0.73 0 5 0.99 0.41 5 7 11.32 
2.469 2 1 1 0 0.2450 0.2129 1.8972 1 2.6600 1  2080 2716 2927 3192 3411 3515 3495 3022  1 1 1 0 0 1.84 0 5 0.99 0.41 5 7 11.32 
2.473 2 1 1 0 0.2618 0.1947 2.2109 1 2.6600 1  2080 2708 2917 3219 3428 3509 3499 3019  1 1 1 0 0 0.89 0 5 0.99 0.41 5 7 11.32 
2.477 2 1 1 0 0.2643 0.2011 1.8306 1 2.6600 1  2088 2725 2933 3230 3454 3526 3489 3010  1 1 1 0 0 2.04 0 5 0.99 0.41 5 7 11.32 
2.481 2 1 1 0 0.2561 0.2369 1.8431 1 2.6600 1  2088 2736 2954 3247 3464 3524 3496 2999  1 1 1 0 0 2.00 0 5 0.99 0.41 5 7 11.31 
2.485 2 1 1 0 0.2672 0.2488 1.7621 1 2.6600 1  2096 2753 2995 3265 3469 3536 3494 3023  1 1 1 0 0 2.24 0 5 1.00 0.42 5 7 11.31 
2.489 2 1 1 0 0.2537 0.2346 1.6751 1 2.6600 1  2097 2757 3021 3283 3473 3553 3497 3009  1 1 1 0 0 2.50 0 5 1.00 0.42 5 7 11.31 
2.493 2 1 1 0 0.2299 0.2115 1.6617 1 2.6600 1  2099 2769 3023 3307 3475 3551 3493 3008  1 1 1 0 0 2.54 0 5 1.00 0.42 5 7 11.32 
2.497 2 1 1 0 0.2342 0.2178 1.6334 1 2.6600 1  2106 2776 3026 3327 3494 3548 3489 3013  1 1 1 0 0 2.63 0 5 1.00 0.43 5 7 11.32 
2.501 2 1 1 0 0.2462 0.2287 1.5969 1 2.6600 1  2103 2789 3069 3344 3511 3554 3496 3009  1 1 1 0 0 2.74 0 5 1.00 0.42 5 7 11.32 
2.505 2 1 1 0 0.2615 0.2049 1.5555 1 2.6600 1  2093 2797 3102 3365 3519 3554 3493 3003  1 1 1 0 0 2.86 0 5 1.00 0.42 5 7 11.31 
2.509 2 1 1 0 0.2582 0.2034 1.5176 1 2.6600 1  2105 2804 3112 3373 3516 3550 3475 2996  1 1 1 0 0 2.97 0 5 0.99 0.43 5 7 11.31 
2.513 2 1 1 0 0.2616 0.2082 1.1045 1 2.6600 1  2123 2828 3128 3396 3537 3553 3479 3011  1 1 1 0 0 4.21 0 5 0.99 0.44 4 7 11.31 
2.517 2 1 1 0 0.2542 0.2388 1.0688 1 2.6600 1  2116 2848 3165 3424 3545 3555 3487 3016  1 1 1 0 0 4.32 0 5 0.99 0.44 4 7 11.31 
2.521 2 1 1 0 0.2624 0.2441 0.9876 1 2.6600 1  2136 2865 3186 3433 3544 3543 3482 3007  1 1 1 0 0 4.56 0 5 0.99 0.44 4 7 11.30 
2.525 2 1 1 0 0.2553 0.2334 0.9584 1 2.6600 1  2133 2886 3200 3447 3550 3548 3483 2999  1 1 1 0 0 4.65 0 5 0.99 0.44 4 7 11.31 
2.529 2 1 1 0 0.2430 0.2207 0.9415 1 2.6600 1  2133 2902 3231 3456 3547 3545 3468 2991  1 1 1 0 0 4.70 0 5 0.99 0.45 4 7 11.31 
2.533 2 1 1 0 0.2356 0.2131 0.8877 1 2.6600 1  2140 2926 3252 3479 3558 3545 3472 2983  1 1 1 0 0 4.86 0 5 0.99 0.45 4 7 11.32 
2.537 2 1 1 0 0.2393 0.2166 0.9158 1 2.6600 1  2157 2936 3271 3473 3543 3542 3459 2974  1 1 1 0 0 4.78 0 5 0.98 0.46 4 7 11.31 
2.541 2 1 1 0 0.2381 0.2152 0.9538 1 2.3444 1  2183 2963 3290 3489 3562 3564 3472 2970  1 1 1 0 0 3.72 0 5 0.99 0.47 4 7 11.30 
2.545 2 1 1 0 0.2565 0.1968 0.3686 1 2.5482 1  2188 2991 3307 3511 3567 3532 3479 2966  1 1 1 0 0 6.09 0 5 0.99 0.48 3 7 11.31 
2.549 2 1 1 0 0.2482 0.1907 0.3723 1 2.4181 1  2167 3017 3321 3505 3562 3528 3466 2955  1 1 1 0 0 5.69 0 5 0.99 0.47 3 7 11.31 
2.553 2 1 1 0 0.2553 0.1996 0.3019 1 2.3703 1  2224 3033 3340 3523 3563 3532 3470 2947  1 1 1 0 0 5.75 0 5 0.99 0.50 3 7 11.30 
2.557 2 1 1 0 0.2455 0.2280 0.2891 1 2.3517 1  2233 3059 3347 3529 3567 3538 3475 2949  1 1 1 0 0 5.74 0 5 0.99 0.50 3 6 11.31 
2.561 2 1 1 0 0.2508 0.2306 0.2383 1 2.2506 1  2246 3080 3371 3537 3566 3532 3458 2936  1 1 1 0 0 5.58 0 5 0.99 0.51 3 6 11.31 
2.565 2 1 1 0 0.2503 0.2309 0.2054 1 2.1321 1  2282 3105 3390 3538 3563 3552 3465 2931  1 1 1 0 0 5.33 0 5 1.00 0.54 3 6 11.31 
2.569 2 1 1 0 0.2610 0.2053 0.2212 1 2.1193 1  2320 3128 3413 3539 3572 3546 3469 2930  1 1 1 0 0 5.24 0 5 1.00 0.55 3 6 11.30 
2.573 2 1 1 0 0.2658 0.2128 0.2801 1 1.9196 1  2304 3159 3415 3525 3579 3538 3451 2914  1 1 1 0 0 4.47 0 5 1.00 0.56 3 6 11.31 
2.577 2 1 1 0 0.2605 0.2083 0.1366 1 2.0099 1  2355 3181 3429 3553 3565 3519 3451 2903  1 1 1 0 0 5.17 0 5 1.00 0.58 3 6 11.30 
2.581 2 1 1 0 0.2444 0.1929 0.1150 1 1.9999 1  2391 3215 3446 3553 3568 3531 3468 2894  1 1 1 0 0 5.20 0 5 1.00 0.60 3 6 11.30 
2.585 2 1 1 0 0.2457 0.2003 0.0991 1 1.9441 1  2409 3231 3460 3553 3560 3531 3460 2879  1 1 1 0 0 5.08 0 5 1.00 0.62 3 6 11.31 
2.589 2 1 1 0 0.2556 0.2137 0.0795 1 0.5477 1  2464 3257 3471 3555 3562 3540 3446 2852  1 1 1 0 0 0.95 0 5 1.00 0.65 3 6 11.31 
2.593 2 1 1 0 0.2481 0.2458 0.0541 1 0.4786 1  2520 3273 3470 3566 3564 3522 3443 2835  1 1 1 0 0 0.82 0 5 0.99 0.68 2 6 11.31 
2.597 2 1 1 0 0.2511 0.2474 -0.4158 1 0.6801 1  2515 3282 3476 3544 3554 3536 3436 2813  1 1 1 0 0 2.84 0 5 0.99 0.69 2 6 11.31 
2.601 2 1 1 0 0.2753 0.2295 -0.4289 1 0.5599 1  2566 3309 3486 3548 3564 3518 3450 2810  1 1 1 0 0 2.51 0 5 0.99 0.70 2 6 11.31 
2.605 2 1 1 0 0.2619 0.2155 -0.4043 1 0.4357 1  2600 3327 3493 3569 3552 3530 3441 2774  1 1 1 0 0 2.07 0 5 0.99 0.70 2 6 11.30 
2.609 2 1 1 0 0.2542 0.2086 -0.4904 1 0.6005 1  2623 3347 3498 3543 3556 3542 3440 2755  1 1 1 0 0 2.82 0 5 0.99 0.70 2 6 11.31 
2.613 2 1 1 0 0.2583 0.2163 -0.5009 1 0.5037 1  2653 3367 3503 3551 3552 3523 3427 2735  1 1 1 0 0 2.56 0 5 1.00 0.70 2 5 11.31 
2.617 2 1 1 0 0.2518 0.2111 -0.4811 1 0.4056 1  2693 3372 3502 3552 3549 3522 3405 2694  1 1 1 0 0 2.21 0 5 1.00 0.70 2 5 11.31 
2.621 2 1 1 0 0.2501 0.2105 -0.6077 1 0.4716 1  2719 3395 3512 3539 3550 3519 3394 2668  1 1 1 0 0 2.79 0 5 1.00 0.70 2 5 11.31 
2.625 2 1 1 0 0.2436 0.2049 -0.6228 1 0.4505 1  2732 3404 3514 3526 3546 3516 3397 2633  1 1 1 0 0 2.77 0 5 1.00 0.70 2 5 11.31 
2.629 2 1 1 0 0.2534 0.2154 -0.6441 1 0.4205 1  2759 3422 3515 3544 3548 3519 3381 2603  1 1 1 0 0 2.74 0 5 1.00 0.70 2 5 11.31 
2.633 2 1 1 0 0.2700 0.2325 -1.9011 1 0.4034 1  2780 3439 3521 3540 3549 3518 3385 2569  1 1 1 0 0 6.46 0 5 1.00 0.70 1 5 11.31 
2.637 2 1 1 0 0.2680 0.2294 -1.9560 1 0.4019 1  2816 3443 3512 3529 3546 3514 3364 2543  1 1 1 0 0 6.62 2 5 0.99 0.70 1 5 11.31 
2.641 2 1 1 0 0.2593 0.2186 -2.0216 1 -0.0347 1  2860 3435 3502 3540 3531 3492 3365 2497  1 1 1 0 0 5.51 2 5 0.98 0.70 1 5 11.31 
2.645 2 1 1 0 0.2455 0.2057 -2.0289 1 -0.1344 1  2873 3447 3505 3530 3533 3490 3333 2453  1 1 1 0 0 5.23 0 5 0.99 0.67 1 5 11.31 
2.649 2 1 1 0 0.2501 0.2138 -2.0494 1 -0.2203 1  2884 3444 3509 3516 3533 3495 3308 2423  1 1 1 0 0 5.03 0 5 0.99 0.65 1 5 11.31 
2.653 2 1 1 0 0.2538 0.2175 -2.1601 1 -0.2459 1  2917 3458 3509 3531 3529 3484 3280 2387  1 1 1 0 0 5.29 0 5 1.00 0.63 1 4 11.32 
2.657 2 1 1 0 0.2420 0.2058 -2.2151 1 -0.2609 1  2934 3454 3510 3512 3533 3477 3258 2350  1 1 1 0 0 5.41 0 5 0.99 0.60 1 4 11.32 
2.661 2 1 1 0 0.2437 0.2075 -2.2685 1 -0.3419 1  2933 3477 3503 3512 3523 3466 3250 2306  1 1 1 0 0 5.33 0 5 1.00 0.58 1 4 11.31 
2.665 2 1 1 0 0.2577 0.2215 -2.3438 1 -0.8490 1  2964 3477 3505 3518 3511 3455 3236 2279  1 1 1 0 0 4.03 0 5 1.00 0.56 1 4 11.31 
2.669 2 1 1 0 0.2505 0.2523 -2.4742 1 -0.8673 1  2987 3474 3505 3519 3513 3453 3192 2249  1 1 1 0 0 4.37 0 5 1.00 0.54 1 3 11.32 
2.673 2 1 1 0 0.2728 0.2338 -2.6600 1 -0.5323 1  2997 3440 3498 3522 3500 3443 3145 2227  1 1 1 0 0 5.93 0 5 0.99 0.52 0 4 11.32 
2.677 2 1 1 0 0.2591 0.2176 -2.6600 1 -0.6930 1  2988 3465 3499 3518 3504 3425 3137 2194  1 1 1 0 0 5.45 0 5 0.99 0.50 0 3 11.32 
2.681 2 1 1 0 0.2510 0.2075 -2.6600 1 -0.9113 1  3009 3453 3493 3501 3495 3406 3089 2173  1 1 1 0 0 4.79 0 5 0.99 0.50 0 3 11.32 
2.685 2 1 1 0 0.2556 0.2133 -2.6600 1 -1.0547 1  3016 3475 3498 3502 3499 3402 3060 2167  1 1 1 0 0 4.36 0 5 0.99 0.48 0 3 11.32 
2.689 2 1 1 0 0.2518 0.2105 -2.6600 1 -1.1611 1  2998 3475 3491 3497 3492 3374 3035 2131  1 1 1 0 0 4.04 0 5 0.99 0.47 0 3 11.32 
2.693 2 1 1 0 0.2530 0.2124 -2.6600 1 -1.6074 1  3016 3479 3488 3490 3462 3352 2990 2113  1 1 1 0 0 2.71 0 5 0.99 0.46 0 3 11.32 
2.697 2 1 1 0 0.2405 0.2385 -2.6600 1 -1.0888 1  3020 3444 3481 3493 3457 3337 2973 2101  1 1 1 0 0 4.26 0 5 0.99 0.45 0 3 11.32 
2.701 2 1 1 0 0.2677 0.2254 -2.6600 1 -1.1234 1  3021 3464 3489 3500 3460 3315 2949 2106  1 1 1 0 0 4.16 0 5 0.99 0.45 0 3 11.32 
2.705 2 1 1 0 0.2802 0.2359 -2.6600 1 -1.4211 1  3022 3446 3484 3483 3446 3292 2903 2091  1 1 1 0 0 3.26 0 5 0.99 0.44 0 3 11.32 
2.709 2 1 1 0 0.2723 0.2279 -2.6600 1 -1.4953 1  3023 3449 3482 3486 3444 3279 2879 2100  1 1 1 0 0 3.04 0 5 0.99 0.44 0 3 11.31 
2.713 2 1 1 0 0.2382 0.2316 -2.6600 1 -1.5680 1  3029 3447 3483 3478 3446 3258 2845 2097  1 1 1 0 0 2.82 0 5 1.00 0.44 0 2 11.32 
2.717 2 1 1 0 0.2374 0.2293 -2.6600 1 -1.7631 1  3015 3476 3474 3463 3430 3230 2824 2074  1 1 1 0 0 2.24 0 5 0.99 0.43 0 2 11.32 
2.721 2 1 1 0 0.2357 0.2264 -2.6600 1 -1.6612 1  3019 3446 3474 3471 3399 3212 2805 2058  1 1 1 0 0 2.54 0 5 0.99 0.42 0 2 11.32 
2.725 2 1 1 0 0.2644 0.2173 -2.6600 1 -1.6976 1  3013 3436 3463 3452 3368 3183 2796 2053  1 1 1 0 0 2.43 0 5 0.99 0.41 0 2 11.32 
2.729 2 1 1 0 0.2508 0.2053 -2.6600 1 -1.7009 1  3004 3446 3468 3447 3366 3170 2788 2065  1 1 1 0 0 2.42 0 5 0.99 0.42 0 2 11.31 
2.733 2 1 1 0 0.2546 0.2075 -2.6600 1 -1.7352 1  3007 3449 3463 3441 3356 3137 2769 2060  1 1 1 0 0 2.32 0 5 0.99 0.42 0 2 11.32 
2.737 2 1 1 0 0.2680 0.2211 -2.6600 1 -1.8013 1  3001 3435 3448 3425 3326 3111 2760 2062  1 1 1 0 0 0.80 0 5 0.98 0.42 0 2 11.32 
2.741 2 1 1 0 0.2555 0.2467 -2.6600 1 -1.7894 1  2990 3430 3443 3398 3314 3087 2750 2040  1 1 1 0 0 0.83 0 5 0.97 0.41 0 2 11.32 
2.745 2 1 1 0 0.2594 0.2478 -2.6600 1 -1.8319 1  2994 3438 3453 3399 3265 3066 2756 2020  1 1 1 0 0 0.74 0 5 0.98 0.40 0 2 11.32 
2.749 2 1 1 0 0.2578 0.2427 -2.6600 1 -1.8418 1  2996 3415 3443 3389 3273 3045 2758 2060  1 1 1 0 0 0.81 0 5 0.97 0.41 0 2 11.32 
2.753 2 1 1 0 0.2495 0.2315 -2.6600 1 -1.8426 1  2994 3396 3438 3375 3263 3044 2765 2070  1 1 1 0 0 0.81 0 5 0.97 0.42 0 2 11.32 
2.757 2 1 1 0 0.2470 0.2266 -2.6600 1 -1.8943 1  2980 3415 3417 3350 3234 3016 2746 2036  1 1 1 0 0 0.65 0 5 0.96 0.41 0 2 11.31 
2.761 2 1 1 0 0.2391 0.2168 -2.6600 1 -1.8732 1  2978 3422 3423 3334 3211 3003 2737 2045  1 1 1 0 0 0.83 0 5 0.96 0.41 0 2 11.32 
2.765 2 1 1 0 0.2470 0.2258 -2.6600 1 -2.3184 1  2970 3406 3405 3309 3178 2982 2743 2058  1 1 1 0 0 0.30 0 5 0.96 0.41 0 2 11.32 
2.769 2 1 1 0 0.2601 0.2384 -2.6600 1 -2.3321 1  2961 3408 3382 3285 3137 2971 2737 2018  1 1 1 0 0 0.34 0 5 0.97 0.40 0 1 11.32 
2.773 2 1 1 0 0.2654 0.2418 -2.6600 1 -2.3650 1  2959 3400 3391 3260 3119 2971 2741 2029  1 1 1 0 0 0.31 0 5 0.96 0.40 0 1 11.32 
2.777 2 1 1 0 0.2714 0.2463 -2.6600 1 -2.4458 1  2956 3381 3360 3246 3115 2951 2741 2039  1 1 1 0 0 0.07 0 5 0.96 0.40 0 1 11.32 
2.781 2 1 1 0 0.2698 0.2408 -2.6600 1 -2.4669 1  2954 3373 3351 3217 3070 2930 2729 2014  1 1 1 0 0 0.15 0 5 0.95 0.39 0 1 11.32 
2.785 2 1 1 0 0.2528 0.2233 -2.6600 1 -2.4832 1  2941 3359 3329 3189 3060 2943 2723 2023  1 1 1 0 0 0.11 0 5 0.95 0.40 0 1 11.32 
2.789 2 1 1 0 0.2496 0.2197 -2.6600 1 -2.5238 1  2927 3351 3329 3157 3031 2948 2722 2020  1 1 1 0 0 0.16 0 5 0.94 0.39 0 1 11.32 
2.793 2 1 1 0 0.2518 0.2201 -2.6600 1 -2.5148 1  2918 3350 3311 3118 3012 2925 2711 2025  1 1 1 0 0 0.19 0 5 0.94 0.40 0 1 11.32 
2.797 2 1 1 0 0.2566 0.2248 -2.6600 1 -2.5634 1  2907 3324 3278 3085 2985 2920 2705 2003  1 1 1 0 0 -0.00 0 5 0.93 0.39 0 1 11.32 
2.801 2 1 1 0 0.2526 0.2208 -2.6600 1 -2.5679 1  2897 3315 3241 3062 2970 2911 2708 1988  1 1 1 0 0 0.17 0 5 0.92 0.37 0 1 11.32 
2.805 2 1 1 0 0.2606 0.2287 -2.6600 1 -2.5813 1  2882 3309 3246 3041 2973 2909 2706 1994  1 1 1 0 0 0.16 0 5 0.91 0.38 0 1 11.32 
2.809 2 1 1 0 0.2706 0.2372 -2.6600 1 -2.5654 1  2863 3286 3227 3009 2952 2910 2696 1987  1 1 1 0 0 0.21 0 5 0.90 0.38 0 1 11.32 
2.813 2 1 1 0 0.2723 0.2364 -2.6600 1 -2.5552 1  2851 3276 3202 2989 2956 2912 2692 1989  1 1 1 0 0 0.13 0 5 0.89 0.38 0 1 11.32 
2.817 2 1 1 0 0.2597 0.2216 -2.6600 1 -2.5481 1  2829 3258 3200 2970 2930 2906 2694 1981  1 1 1 0 0 0.11 0 5 0.88 0.37 0 1 11.32 
2.821 2 1 1 0 0.2498 0.2128 -2.6600 1 -2.5465 1  2813 3248 3162 2952 2933 2887 2685 1986  1 1 1 0 0 0.15 0 5 0.87 0.37 0 1 11.32 
2.825 2 1 1 0 0.2597 0.2235 -2.6600 1 -2.5363 1  2784 3219 3121 2931 2904 2875 2678 1986  1 1 1 0 0 0.13 0 5 0.86 0.37 0 1 11.31 
2.829 2 1 1 0 0.2572 0.2217 0.0000 1 0.0000 1  2755 3192 3089 2912 2920 2872 2671 1966  1 1 1 0 0 -0.24 0 -1 1.00 0.36 -1 -1 11.31 
2.833 2 1 1 0 0.2482 0.2131 0.0000 0 0.0000 0  2723 3174 3068 2887 2890 2869 2654 1952  1 1 1 0 0 0.00 0 0 1.00 0.36 -1 -1 11.31 
2.837 2 1 1 0 0.2527 0.2181 0.0000 0 0.0000 0  2695 3141 3023 2872 2902 2871 2653 1960  1 1 1 0 0 0.00 0 0 1.00 0.36 -1 -1 11.32 
2.841 2 1 1 0 0.2486 0.2524 0.0000 0 0.0000 0  2647 3111 3026 2858 2894 2900 2647 1965  1 1 1 0 0 0.00 0 0 1.00 0.36 -1 -1 11.31 
2.845 2 1 1 0 0.2559 0.2573 0.0000 0 0.0000 0  2631 3071 2978 2843 2889 2871 2648 1947  1 1 1 0 0 0.00 0 0 1.00 0.35 -1 -1 11.32 
2.849 2 1 1 0 0.2748 0.2348 0.0000 0 0.0000 0  2600 3037 2928 2833 2886 2845 2644 1960  1 1 1 0 0 0.00 0 0 1.00 0.35 -1 -1 11.31 
2.853 2 1 1 0 0.2563 0.2175 0.0000 0 0.0000 0  2569 3009 2915 2825 2880 2857 2632 1932  1 1 1 0 0 0.00 0 0 1.00 0.35 -1 -1 11.31 
2.857 2 1 1 0 0.2339 0.2343 0.0000 0 0.0000 0  2514 2962 2867 2811 2873 2851 2628 1929  1 1 1 0 0 0.00 0 0 1.00 0.34 -1 -1 11.32 
2.861 2 1 1 0 0.2542 0.2146 0.0000 0 0.0000 0  2498 2930 2849 2804 2877 2842 2624 1920  1 1 1 0 0 0.00 0 0 1.00 0.34 -1 -1 11.31 
2.865 2 1 1 0 0.2505 0.2121 0.0000 0 0.0000 0  2447 2892 2818 2797 2867 2843 2617 1919  1 1 1 0 0 0.00 0 0 1.00 0.33 -1 -1 11.32 
2.869 2 1 1 0 0.2542 0.2152 0.0000 0 0.0000 0  2406 2854 2817 2793 2865 2838 2598 1900  1 1 1 0 0 0.00 0 0 1.00 0.32 -1 -1 11.31 
2.873 2 1 1 0 0.2358 0.2347 0.0000 0 0.0000 0  2369 2821 2798 2788 2862 2822 2605 1893  1 1 1 0 0 0.00 0 0 1.00 0.32 -1 -1 11.31 
2.877 2 1 1 0 0.2456 0.2429 0.0000 0 0.0000 0  2341 2791 2773 2787 2859 2810 2597 1879  1 1 1 0 0 0.00 0 0 1.00 0.31 -1 -1 11.31 
2.881 2 1 1 0 0.2661 0.2226 0.0000 0 0.0000 0  2293 2763 2763 2780 2855 2815 2597 1868  1 1 1 0 0 0.00 0 0 1.00 0.30 -1 -1 11.31 
2.885 2 1 1 0 0.2497 0.2420 0.0000 0 0.0000 0  2263 2736 2764 2777 2854 2816 2587 1863  1 1 1 0 0 0.00 0 0 1.00 0.30 -1 -1 11.31 
2.889 2 1 1 0 0.2459 0.2378 0.0000 0 0.0000 0  2230 2706 2754 2774 2852 2826 2572 1858  1 1 1 0 0 0.00 0 0 1.00 0.29 -1 -1 11.31 
2.893 2 1 1 0 0.2558 0.2106 0.0000 0 0.0000 0  2206 2678 2746 2760 2849 2818 2565 1830  1 1 1 0 0 0.00 0 0 1.00 0.28 -1 -1 11.30 
2.897 2 1 1 0 0.2600 0.2141 0.0000 0 0.0000 0  2165 2656 2727 2767 2844 2793 2549 1825  1 1 1 0 0 0.00 0 0 1.00 0.28 -1 -1 11.31 
2.901 2 1 1 0 0.2450 0.2013 0.0000 0 0.0000 0  2113 2636 2722 2769 2832 2794 2540 1806  1 1 1 0 0 0.00 0 0 1.00 0.27 -1 -1 11.31 
2.905 2 1 1 0 0.2241 0.2190 0.0000 0 0.0000 0  2101 2617 2718 2760 2840 2794 2518 1794  1 1 1 0 0 0.00 0 0 1.00 0.26 -1 -1 11.32 
2.909 2 1 1 0 0.2294 0.2234 0.0000 0 0.0000 0  2069 2599 2694 2751 2834 2780 2517 1779  1 1 1 0 0 0.00 0 0 1.00 0.25 -1 -1 11.31 
2.913 2 1 1 0 0.2522 0.2046 0.0000 0 0.0000 0  2039 2586 2688 2741 2832 2774 2499 1775  1 1 1 0 0 0.00 0 0 1.00 0.25 -1 -1 11.31 
2.917 2 1 1 0 0.2552 0.2073 0.0000 0 0.0000 0  2034 2568 2677 2746 2819 2756 2482 1760  1 1 1 0 0 0.00 0 0 1.00 0.24 -1 -1 11.31 
2.921 2 1 1 0 0.2380 0.2266 0.0000 0 0.0000 0  2027 2562 2670 2725 2820 2771 2469 1749  1 1 1 0 0 0.00 0 0 1.00 0.23 -1 -1 11.31 
2.925 2 1 1 0 0.2443 0.2317 0.0000 0 0.0000 0  1997 2559 2682 2725 2819 2739 2469 1746  1 1 1 0 0 0.00 0 0 1.00 0.23 -1 -1 11.31 
2.929 2 1 1 0 0.2547 0.2398 0.0000 0 0.0000 0  2007 2554 2664 2731 2807 2750 2448 1739  1 1 1 0 0 0.00 0 0 1.00 0.22 -1 -1 11.32 
2.933 2 1 1 0 0.2508 0.2326 0.0000 0 0.0000 0  1949 2547 2653 2714 2802 2737 2444 1736  1 1 1 0 0 0.00 0 0 1.00 0.22 -1 -1 11.31 
2.937 2 1 1 0 0.2464 0.2268 0.0000 0 0.0000 0  1956 2537 2656 2709 2797 2729 2441 1732  1 1 1 0 0 0.00 0 0 1.00 0.22 -1 -1 11.31 
2.941 2 1 1 0 0.2361 0.2140 0.0000 0 0.0000 0  1944 2530 2649 2701 2794 2721 2424 1736  1 1 1 0 0 0.00 0 0 1.00 0.22 -1 -1 11.31 
2.945 2 1 1 0 0.2471 0.2216 0.0000 0 0.0000 0  1999 2533 2652 2713 2771 2702 2404 1725  1 1 1 0 0 0.00 0 0 1.00 0.22 -1 -1 11.30 
2.949 2 1 1 0 0.2293 0.2406 0.0000 0 0.0000 0  1951 2517 2628 2665 2760 2693 2388 1723  1 1 1 0 0 0.00 0 0 1.00 0.21 -1 -1 11.30 
2.953 2 1 1 0 0.2353 0.2442 0.0000 0 0.0000 0  1918 2514 2632 2695 2756 2679 2398 1732  1 1 1 0 0 0.00 0 0 1.00 0.22 -1 -1 11.32 
2.957 2 1 1 0 0.2523 0.2211 0.0000 0 0.0000 0  1926 2506 2626 2679 2754 2671 2388 1734  1 1 1 0 0 0.00 0 0 1.00 0.22 -1 -1 11.31 
2.961 2 1 1 0 0.2503 0.2174 0.0000 0 0.0000 0  1927 2498 2620 2671 2742 2655 2374 1722  1 1 1 0 0 0.00 0 0 1.00 0.21 -1 -1 11.31 
2.965 2 1 1 0 0.2448 0.2119 0.0000 0 0.0000 0  1913 2486 2604 2656 2732 2635 2371 1728  1 1 1 0 0 0.00 0 0 1.00 0.21 -1 -1 11.31 
2.969 2 1 1 0 0.2397 0.2082 0.0000 0 0.0000 0  1922 2478 2604 2656 2726 2634 2356 1726  1 1 1 0 0 0.00 0 0 1.00 0.21 -1 -1 11.31 
2.973 2 1 1 0 0.2349 0.2046 0.0000 0 0.0000 0  1933 2468 2593 2612 2709 2614 2332 1720  1 1 1 0 0 0.00 0 0 1.00 0.21 -1 -1 11.31 
2.977 2 1 1 0 0.2402 0.2108 0.0000 0 0.0000 0  1895 2469 2588 2640 2690 2611 2357 1716  1 1 1 0 0 0.00 0 0 1.00 0.21 -1 -1 11.31 
2.981 2 1 1 0 0.2265 0.2345 0.0000 0 0.0000 0  1906 2459 2587 2639 2686 2597 2361 1722  1 1 1 0 0 0.00 0 0 1.00 0.21 -1 -1 11.32 
2.985 2 1 1 0 0.2504 0.2185 0.0000 0 0.0000 0  1873 2462 2573 2628 2675 2598 2361 1719  1 1 1 0 0 0.00 0 0 1.00 0.21 -1 -1 11.32 
2.989 2 1 1 0 0.2540 0.2206 0.0000 0 0.0000 0  1903 2464 2577 2639 2664 2587 2367 1720  1 1 1 0 0 0.00 0 0 1.00 0.21 -1 -1 11.32 
2.993 2 1 1 0 0.2481 0.2148 0.0000 0 0.0000 0  1897 2435 2571 2631 2649 2578 2364 1723  1 1 1 0 0 0.00 0 0 1.00 0.21 -1 -1 11.31 
2.997 2 1 1 0 0.2435 0.2117 0.0000 0 0.0000 0  1889 2458 2565 2616 2647 2571 2354 1723  1 1 1 0 0 0.00 0 0 1.00 0.21 -1 -1 11.31 
3.001 2 1 1 0 0.2620 0.1947 0.0000 0 0.0000 0  1891 2446 2565 2598 2637 2573 2341 1728  1 1 1 0 0 0.00 0 0 1.00 0.21 -1 -1 11.32 
3.005 2 1 1 0 0.2580 0.1940 0.0000 0 0.0000 0  1889 2461 2557 2588 2623 2568 2347 1718  1 1 1 0 0 0.00 0 0 1.00 0.21 -1 -1 11.31 
3.009 2 1 1 0 0.2523 0.1910 0.0000 0 0.0000 0  1874 2428 2548 2584 2627 2562 2354 1725  1 1 1 0 0 0.00 0 0 1.00 0.21 -1 -1 11.31 
3.013 2 1 1 0 0.2427 0.2205 0.0000 0 0.0000 0  1884 2432 2546 2570 2622 2566 2343 1728  1 1 1 0 0 0.00 0 0 1.00 0.22 -1 -1 11.32 
3.017 2 1 1 0 0.2535 0.2279 0.0000 0 0.0000 0  1869 2425 2537 2561 2610 2557 2375 1728  1 1 1 0 0 0.00 0 0 1.00 0.22 -1 -1 11.32 
3.021 2 1 1 0 0.2385 0.2483 0.0000 0 0.0000 0  1858 2436 2536 2565 2595 2559 2357 1732  1 1 1 0 0 0.00 0 0 1.00 0.22 -1 -1 11.32 
3.025 2 1 1 0 0.2346 0.2424 0.0000 0 0.0000 0  1866 2429 2527 2549 2588 2562 2371 1728  1 1 1 0 0 0.00 0 0 1.00 0.22 -1 -1 11.32 
3.029 2 1 1 0 0.2430 0.2109 0.0000 0 0.0000 0  1876 2404 2518 2531 2587 2566 2364 1733  1 1 1 0 0 0.00 0 0 1.00 0.22 -1 -1 11.32 
3.033 2 1 1 0 0.2419 0.2110 0.0000 0 0.0000 0  1868 2403 2510 2518 2577 2566 2360 1733  1 1 1 0 0 0.00 0 0 1.00 0.22 -1 -1 11.32 
3.037 2 1 1 0 0.2388 0.2090 0.0000 0 0.0000 0  1865 2408 2497 2505 2583 2576 2347 1737  1 1 1 0 0 0.00 0 0 1.00 0.22 -1 -1 11.32 
3.041 2 1 1 0 0.2410 0.2093 0.0000 0 0.0000 0  1867 2427 2497 2502 2610 2579 2370 1744  1 1 1 0 0 0.00 0 0 1.00 0.22 -1 -1 11.32 
3.045 2 1 1 0 0.2469 0.2136 0.0000 0 0.0000 0  1862 2440 2486 2492 2568 2576 2378 1722  1 1 1 0 0 0.00 0 0 1.00 0.22 -1 -1 11.32 
3.049 2 1 1 0 0.2344 0.2407 0.0000 0 0.0000 0  1859 2408 2483 2496 2569 2578 2365 1749  1 1 1 0 0 0.00 0 0 1.00 0.23 -1 -1 11.31 
3.053 2 1 1 0 0.2424 0.2473 0.0000 0 0.0000 0  1862 2402 2481 2499 2588 2580 2367 1749  1 1 1 0 0 0.00 0 0 1.00 0.23 -1 -1 11.31 
3.057 2 1 1 0 0.2702 0.2357 0.0000 0 0.0000 0  1862 2408 2475 2485 2581 2594 2384 1758  1 1 1 0 0 0.00 0 0 1.00 0.23 -1 -1 11.32 
3.061 2 1 1 0 0.2589 0.2234 0.0000 0 0.0000 0  1852 2403 2480 2484 2566 2597 2386 1755  1 1 1 0 0 0.00 0 0 1.00 0.23 -1 -1 11.32 
3.065 2 1 1 0 0.2502 0.2139 0.0000 0 0.0000 0  1845 2382 2463 2474 2594 2594 2391 1765  1 1 1 0 0 0.00 0 0 1.00 0.24 -1 -1 11.32 
3.069 2 1 1 0 0.2429 0.2058 0.0000 0 0.0000 0  1846 2384 2460 2487 2604 2597 2385 1740  1 1 1 0 0 0.00 0 0 1.00 0.23 -1 -1 11.32 
3.073 2 1 1 0 0.2303 0.2322 0.0000 0 0.0000 0  1837 2385 2452 2471 2589 2600 2386 1757  1 1 1 0 0 0.00 0 0 1.00 0.23 -1 -1 11.32 
3.077 2 1 1 0 0.2185 0.2198 0.0000 0 0.0000 0  1833 2351 2438 2475 2572 2601 2394 1736  1 1 1 0 0 0.00 0 0 1.00 0.22 -1 -1 11.32 
3.081 2 1 1 0 0.2391 0.2018 0.0000 0 0.0000 0  1828 2369 2435 2483 2606 2601 2385 1754  1 1 1 0 0 0.00 0 0 1.00 0.23 -1 -1 11.31 
3.085 2 1 1 0 0.2456 0.2093 0.0000 0 0.0000 0  1816 2390 2425 2483 2601 2601 2393 1776  1 1 1 0 0 0.00 0 0 1.00 0.24 -1 -1 11.32 
3.089 2 1 1 0 0.2483 0.2126 0.0000 0 0.0000 0  1810 2328 2416 2495 2600 2597 2395 1748  1 1 1 0 0 0.00 0 0 1.00 0.23 -1 -1 11.32 
3.093 2 1 1 0 0.2565 0.2200 0.0000 0 0.0000 0  1809 2321 2408 2496 2627 2600 2397 1776  1 1 1 0 0 0.00 0 0 1.00 0.24 -1 -1 11.32 
3.097 2 1 1 0 0.2418 0.2429 0.0000 0 0.0000 0  1797 2340 2397 2498 2624 2606 2399 1774  1 1 1 0 0 0.00 0 0 1.00 0.24 -1 -1 11.31 
3.101 2 1 1 0 0.2481 0.2488 0.0000 0 0.0000 0  1799 2323 2402 2512 2614 2602 2401 1759  1 1 1 0 0 0.00 0 0 1.00 0.24 -1 -1 11.31 
3.105 2 1 1 0 0.2490 0.2127 0.0000 0 0.0000 0  1787 2335 2405 2507 2608 2597 2401 1763  1 1 1 0 0 0.00 0 0 1.00 0.24 -1 -1 11.32 
3.109 2 1 1 0 0.2362 0.2020 0.0000 0 0.0000 0  1776 2336 2394 2510 2615 2599 2389 1751  1 1 1 0 0 0.00 0 0 1.00 0.23 -1 -1 11.32 
3.113 2 1 1 0 0.2362 0.2037 0.0000 0 0.0000 0  1771 2312 2393 2503 2611 2598 2390 1738  1 1 1 0 0 0.00 0 0 1.00 0.23 -1 -1 11.32 
3.117 2 1 1 0 0.2469 0.2159 0.0000 0 0.0000 0  1762 2285 2400 2499 2615 2596 2382 1762  1 1 1 0 0 0.00 0 0 1.00 0.22 -1 -1 11.31 
3.121 2 1 1 0 0.2520 0.2206 0.0000 0 0.0000 0  1756 2278 2386 2505 2633 2591 2384 1740  1 1 1 0 0 0.00 0 0 1.00 0.22 -1 -1 11.32 
3.125 2 1 1 0 0.2559 0.2231 0.0000 0 0.0000 0  1750 2271 2395 2499 2604 2590 2380 1727  1 1 1 0 0 0.00 0 0 1.00 0.22 -1 -1 11.31 
3.129 2 1 1 0 0.2436 0.2490 0.0000 0 0.0000 0  1741 2260 2400 2506 2627 2584 2373 1753  1 1 1 0 0 0.00 0 0 1.00 0.21 -1 -1 11.31 
3.133 2 1 1 0 0.2576 0.2251 0.0000 0 0.0000 0  1736 2259 2392 2512 2616 2581 2372 1736  1 1 1 0 0 0.00 0 0 1.00 0.21 -1 -1 11.31 
3.137 2 1 1 0 0.2475 0.2165 0.0000 0 0.0000 0  1728 2257 2389 2512 2630 2568 2374 1732  1 1 1 0 0 0.00 0 0 1.00 0.20 -1 -1 11.31 
3.141 2 1 1 0 0.2414 0.2116 0.0000 0 0.0000 0  1718 2259 2399 2507 2623 2582 2366 1745  1 1 1 0 0 0.00 0 0 1.00 0.20 -1 -1 11.32 
3.145 2 1 1 0 0.2423 0.2149 0.0000 0 0.0000 0  1711 2229 2394 2506 2629 2574 2359 1747  1 1 1 0 0 0.00 0 0 1.00 0.19 -1 -1 11.32 
3.149 2 1 1 0 0.2327 0.2071 0.0000 0 0.0000 0  1708 2243 2413 2528 2601 2565 2358 1722  1 1 1 0 0 0.00 0 0 1.00 0.19 -1 -1 11.31 
3.153 2 1 1 0 0.2296 0.2042 0.0000 0 0.0000 0  1696 2238 2382 2496 2602 2567 2347 1719  1 1 1 0 0 0.00 0 0 1.00 0.18 -1 -1 11.32 
3.157 2 1 1 0 0.2314 0.2062 0.0000 0 0.0000 0  1687 2244 2389 2489 2599 2580 2347 1730  1 1 1 0 0 0.00 0 0 1.00 0.18 -1 -1 11.32 
3.161 2 1 1 0 0.2261 0.2391 0.0000 0 0.0000 0  1685 2242 2378 2492 2594 2560 2349 1741  1 1 1 0 0 0.00 0 0 1.00 0.18 -1 -1 11.32 
3.165 2 1 1 0 0.2501 0.2238 0.0000 0 0.0000 0  1687 2245 2389 2496 2592 2566 2344 1725  1 1 1 0 0 0.00 0 0 1.00 0.18 -1 -1 11.32 
3.169 2 1 1 0 0.2537 0.2278 0.0000 0 0.0000 0  1686 2259 2400 2498 2587 2550 2345 1731  1 1 1 0 0 0.00 0 0 1.00 0.18 -1 -1 11.31 
3.173 2 1 1 0 0.2540 0.2255 0.0000 0 0.0000 0  1689 2247 2404 2490 2580 2559 2346 1705  1 1 1 0 0 0.00 0 0 1.00 0.18 -1 -1 11.31 
3.177 2 1 1 0 0.2434 0.2157 0.0000 0 0.0000 0  1687 2259 2386 2494 2597 2544 2339 1716  1 1 1 0 0 0.00 0 0 1.00 0.18 -1 -1 11.32 
3.181 2 1 1 0 0.2377 0.2106 0.0000 0 0.0000 0  1689 2260 2419 2483 2575 2563 2336 1711  1 1 1 0 0 0.00 0 0 1.00 0.18 -1 -1 11.31 
3.185 2 1 1 0 0.2332 0.2093 0.0000 0 0.0000 0  1695 2263 2392 2482 2576 2542 2331 1713  1 1 1 0 0 0.00 0 0 1.00 0.18 -1 -1 11.32 
3.189 2 1 1 0 0.2379 0.2139 0.0000 0 0.0000 0  1698 2259 2396 2482 2566 2543 2332 1705  1 1 1 0 0 0.00 0 0 1.00 0.18 -1 -1 11.31 
3.193 2 1 1 0 0.2287 0.2428 0.0000 0 0.0000 0  1707 2265 2389 2482 2574 2560 2330 1697  1 1 1 0 0 0.00 0 0 1.00 0.19 -1 -1 11.31 
3.197 2 1 1 0 0.2556 0.2302 0.0000 0 0.0000 0  1692 2263 2408 2478 2568 2547 2328 1712  1 1 1 0 0 0.00 0 0 1.00 0.18 -1 -1 11.31 
3.201 2 1 1 0 0.2561 0.2294 0.0000 0 0.0000 0  1695 2267 2391 2472 2569 2524 2328 1702  1 1 1 0 0 0.00 0 0 1.00 0.18 -1 -1 11.31 
3.205 2 1 1 0 0.2568 0.2305 0.0000 0 0.0000 0  1710 2267 2396 2470 2569 2541 2322 1717  1 1 1 0 0 0.00 0 0 1.00 0.19 -1 -1 11.32 
3.209 2 1 1 0 0.2395 0.2136 0.0000 0 0.0000 0  1691 2279 2406 2467 2557 2525 2319 1708  1 1 1 0 0 0.00 0 0 1.00 0.19 -1 -1 11.31 
3.213 2 1 1 0 0.2439 0.2182 0.0000 0 0.0000 0  1709 2274 2406 2466 2561 2538 2323 1714  1 1 1 0 0 0.00 0 0 1.00 0.19 -1 -1 11.31 
3.217 2 1 1 0 0.2614 0.1992 0.0000 0 0.0000 0  1712 2277 2394 2468 2554 2524 2324 1705  1 1 1 0 0 0.00 0 0 1.00 0.19 -1 -1 11.31 
3.221 2 1 1 0 0.2615 0.2018 0.0000 0 0.0000 0  1718 2282 2405 2469 2556 2529 2330 1711  1 1 1 0 0 0.00 0 0 1.00 0.19 -1 -1 11.31 
3.225 2 1 1 0 0.2348 0.2153 0.0000 0 0.0000 0  1694 2281 2400 2468 2549 2518 2327 1709  1 1 1 0 0 0.00 0 0 1.00 0.19 -1 -1 11.31 
3.229 2 1 1 0 0.2437 0.2234 0.0000 0 0.0000 0  1706 2273 2389 2468 2551 2519 2323 1713  1 1 1 0 0 0.00 0 0 1.00 0.19 -1 -1 11.31 
3.233 2 1 1 0 0.2559 0.2348 0.0000 0 0.0000 0  1724 2277 2400 2459 2552 2527 2329 1716  1 1 1 0 0 0.00 0 0 1.00 0.20 -1 -1 11.30 
3.237 2 1 1 0 0.2372 0.2536 0.0000 0 0.0000 0  1696 2279 2407 2463 2549 2527 2331 1715  1 1 1 0 0 0.00 0 0 1.00 0.19 -1 -1 11.30 
3.241 2 1 1 0 0.2291 0.2423 0.0000 0 0.0000 0  1733 2282 2403 2471 2552 2521 2326 1719  1 1 1 0 0 0.00 0 0 1.00 0.20 -1 -1 11.30 
3.245 2 1 1 0 0.2216 0.2323 0.0000 0 0.0000 0  1743 2280 2394 2454 2551 2513 2324 1714  1 1 1 0 0 0.00 0 0 1.00 0.20 -1 -1 11.31 
3.249 2 1 1 0 0.2407 0.2125 0.0000 0 0.0000 0  1747 2277 2393 2454 2551 2508 2324 1723  1 1 1 0 0 0.00 0 0 1.00 0.21 -1 -1 11.31 
3.253 2 1 1 0 0.2460 0.2185 0.0000 0 0.0000 0  1736 2272 2403 2446 2531 2508 2313 1706  1 1 1 0 0 0.00 0 0 1.00 0.20 -1 -1 11.31 
3.257 2 1 1 0 0.2329 0.2059 0.0000 0 0.0000 0  1725 2269 2395 2450 2530 2508 2311 1706  1 1 1 0 0 0.00 0 0 1.00 0.20 -1 -1 11.31 
3.261 2 1 1 0 0.2269 0.2004 0.0000 0 0.0000 0  1733 2272 2386 2434 2531 2511 2299 1707  1 1 1 0 0 0.00 0 0 1.00 0.20 -1 -1 11.30 
3.265 2 1 1 0 0.2352 0.2091 0.0000 0 0.0000 0  1726 2269 2383 2441 2530 2521 2310 1713  1 1 1 0 0 0.00 0 0 1.00 0.20 -1 -1 11.31 
3.269 2 1 1 0 0.2443 0.2184 0.0000 0 0.0000 0  1736 2261 2387 2457 2525 2514 2304 1706  1 1 1 0 0 0.00 0 0 1.00 0.20 -1 -1 11.31 
3.273 2 1 1 0 0.2494 0.2238 0.0000 0 0.0000 0  1724 2272 2383 2429 2525 2502 2291 1705  1 1 1 0 0 0.00 0 0 1.00 0.20 -1 -1 11.30 
3.277 2 1 1 0 0.2347 0.2461 0.0000 0 0.0000 0  1729 2270 2385 2431 2525 2486 2307 1700  1 1 1 0 0 0.00 0 0 1.00 0.20 -1 -1 11.31 
3.281 2 1 1 0 0.2657 0.2381 0.0000 0 0.0000 0  1725 2271 2367 2417 2529 2504 2297 1699  1 1 1 0 0 0.00 0 0 1.00 0.19 -1 -1 11.30 
3.285 2 1 1 0 0.2569 0.2271 0.0000 0 0.0000 0  1718 2268 2378 2440 2528 2498 2306 1697  1 1 1 0 0 0.00 0 0 1.00 0.20 -1 -1 11.31 
3.289 2 1 1 0 0.2346 0.2031 0.0000 0 0.0000 0  1707 2269 2373 2441 2531 2493 2305 1699  1 1 1 0 0 0.00 0 0 1.00 0.19 -1 -1 11.31 
3.293 2 1 1 0 0.2312 0.2024 0.0000 0 0.0000 0  1729 2263 2383 2443 2527 2478 2304 1692  1 1 1 0 0 0.00 0 0 1.00 0.19 -1 -1 11.31 
3.297 2 1 1 0 0.2339 0.2072 0.0000 0 0.0000 0  1737 2264 2373 2456 2532 2496 2288 1696  1 1 1 0 0 0.00 0 0 1.00 0.19 -1 -1 11.31 
3.301 2 1 1 0 0.2399 0.2137 0.0000 0 0.0000 0  1715 2267 2376 2430 2539 2495 2276 1686  1 1 1 0 0 0.00 0 0 1.00 0.19 -1 -1 11.31 
3.305 2 1 1 0 0.2174 0.2296 0.0000 0 0.0000 0  1703 2265 2371 2442 2534 2497 2299 1686  1 1 1 0 0 0.00 0 0 1.00 0.19 -1 -1 11.31 
3.309 2 1 1 0 0.2262 0.2360 0.0000 0 0.0000 0  1732 2259 2370 2448 2539 2500 2305 1686  1 1 1 0 0 0.00 0 0 1.00 0.19 -1 -1 11.31 
