%% logfile from robot Alma (11)
% Alma (11)
%  1    time 1.503 sec
%  2  3  4  5   (mission 0), state 2, entered (thread 1, line 1), events 0x0 (bit-flags)
%  6  7 Motor velocity ref left, right: -0.0648 -0.0613
%  8 .. 31 Edge sensor: left -0.168863 1, right 1.347983 1, values 2002 2629 2830 2935 3017 3001 2757 2063, 
%    white 1, used 1, LEDhigh=1, xingVal=1.88 xlcnt=0 lvcnt=5,LineVal=0.77, notLineVal=0.54, lineLow=4, lineHi=5.
% whitelevel=[3067 3454 3497 3522 3540 3523 3466 3009];
% blacklevel=[702 951 1074 1172 1213 1178 1075 778];
% 32    Battery voltage [V]: 11.47
1.503 2 1 1 0 -0.0648 -0.0613 -0.1689 1 1.3480 1  2002 2629 2830 2935 3017 3001 2757 2063  1 1 1 0 0 1.88 0 5 0.77 0.54 4 5 11.47 
1.507 2 1 1 0 -0.0648 -0.0586 0.0162 1 1.1674 1  2003 2646 2829 2941 3063 3001 2761 2043  1 1 1 0 0 0.78 0 5 0.78 0.54 4 5 11.47 
1.511 2 1 1 0 -0.0808 -0.0342 -0.1361 1 1.2815 1  2006 2643 2828 2942 3035 2998 2759 2089  1 1 1 0 0 1.58 0 5 0.77 0.55 4 5 11.48 
1.515 2 1 1 0 -0.0759 -0.0328 -0.1020 1 1.2807 1  2002 2638 2828 2939 3037 3000 2760 2050  1 1 1 0 0 1.47 0 5 0.77 0.54 4 5 11.48 
1.519 2 1 1 0 -0.0791 -0.0389 -0.0957 1 1.2637 1  2010 2638 2834 2942 3041 3001 2756 2042  1 1 1 0 0 1.40 0 5 0.77 0.55 4 5 11.47 
1.523 2 1 1 0 -0.0602 -0.0604 -0.0123 1 1.1597 1  2012 2645 2832 2949 3064 3000 2767 2048  1 1 1 0 0 0.84 0 5 0.78 0.55 4 5 11.47 
1.527 2 1 1 0 -0.0628 -0.0594 -0.0401 1 1.0991 1  2009 2654 2832 2948 3057 2986 2762 2055  1 1 1 0 0 0.74 0 5 0.77 0.54 4 5 11.48 
1.531 2 1 1 0 -0.0632 -0.0569 -0.0262 1 1.1880 1  2013 2665 2843 2947 3059 3001 2767 2046  1 1 1 0 0 0.97 0 5 0.77 0.55 4 5 11.48 
1.535 2 1 1 0 -0.0846 -0.0378 -0.0840 1 1.2923 1  2020 2666 2839 2953 3054 3022 2770 2079  1 1 1 0 0 1.45 0 5 0.78 0.55 4 5 11.47 
1.539 2 1 1 0 -0.0897 -0.0463 -0.1091 1 1.2445 1  2016 2657 2834 2958 3055 3011 2763 2061  1 1 1 0 0 1.39 0 5 0.77 0.55 4 5 11.47 
1.543 2 1 1 0 -0.0847 -0.0441 -0.0965 1 1.2488 1  2023 2655 2849 2955 3054 3010 2769 2050  1 1 1 0 0 1.36 0 5 0.77 0.55 4 5 11.47 
1.547 2 1 1 0 -0.0803 -0.0419 -0.0511 1 1.1307 1  2037 2649 2849 2953 3060 2991 2764 2058  1 1 1 0 0 0.87 0 5 0.77 0.56 4 5 11.46 
1.551 2 1 1 0 -0.0778 -0.0413 -0.0842 1 1.2161 1  2023 2662 2839 2966 3067 3016 2772 2079  1 1 1 0 0 1.23 0 5 0.78 0.55 4 5 11.48 
1.555 2 1 1 0 -0.0558 -0.0547 -0.0463 1 1.1600 1  2021 2665 2842 2967 3075 3011 2773 2053  1 1 1 0 0 0.94 0 5 0.78 0.55 4 5 11.47 
1.559 2 1 1 0 -0.0831 -0.0403 -0.0015 1 1.2467 1  2030 2669 2868 2969 3087 3046 2781 2079  1 1 1 0 0 1.07 0 5 0.79 0.55 4 5 11.48 
1.563 2 1 1 0 -0.0844 -0.0442 -0.0790 1 1.2193 1  2033 2674 2861 2977 3079 3029 2782 2064  1 1 1 0 0 1.22 0 5 0.77 0.55 3 5 11.48 
1.567 2 1 1 0 -0.0885 -0.0503 -0.0790 1 1.2244 1  2037 2675 2867 2980 3082 3033 2788 2068  1 1 1 0 0 1.24 0 5 0.77 0.55 3 5 11.47 
1.571 2 1 1 0 -0.0882 -0.0517 -0.0567 1 1.2727 1  2036 2680 2883 2985 3091 3057 2790 2073  1 1 1 0 0 1.31 0 5 0.78 0.55 3 5 11.47 
1.575 2 1 1 0 -0.0987 -0.0295 -0.0793 1 1.2060 1  2039 2676 2873 2989 3091 3038 2790 2069  1 1 1 0 0 1.18 0 5 0.77 0.55 3 5 11.47 
1.579 2 1 1 0 -0.0899 -0.0264 -0.1039 1 1.1652 1  2045 2684 2865 2997 3095 3032 2797 2076  1 1 1 0 0 1.13 0 5 0.77 0.55 3 5 11.47 
1.583 2 1 1 0 -0.0656 -0.0407 -0.0683 1 1.2113 1  2050 2689 2885 3001 3105 3054 2798 2081  1 1 1 0 0 1.16 0 5 0.78 0.56 3 5 11.47 
1.587 2 1 1 0 -0.0619 -0.0360 -0.0379 1 1.1715 1  2052 2693 2894 3003 3113 3052 2802 2084  1 1 1 0 0 0.95 0 5 0.78 0.56 3 5 11.47 
1.591 2 1 1 0 -0.0545 -0.0279 -0.0436 1 1.1935 1  2051 2699 2898 3006 3115 3059 2811 2087  1 1 1 0 0 1.04 0 5 0.78 0.55 3 5 11.48 
1.595 2 1 1 0 -0.0536 -0.0264 -0.0814 1 1.2327 1  2063 2707 2902 3015 3117 3071 2816 2095  1 1 1 0 0 1.27 0 5 0.78 0.56 3 5 11.47 
1.599 2 1 1 0 -0.0384 -0.0445 -0.0168 1 1.1640 1  2064 2713 2907 3016 3131 3068 2822 2100  1 1 1 0 0 0.87 0 5 0.78 0.56 3 5 11.48 
1.603 2 1 1 0 -0.0441 -0.0451 -0.0394 1 1.1874 1  2071 2717 2917 3029 3139 3082 2827 2101  1 1 1 0 0 1.01 0 5 0.78 0.56 3 5 11.48 
1.607 2 1 1 0 -0.0462 -0.0430 -0.0171 1 1.1673 1  2077 2724 2915 3030 3145 3083 2830 2106  1 1 1 0 0 0.88 0 5 0.78 0.56 3 5 11.48 
1.611 2 1 1 0 -0.0510 -0.0443 -0.0450 1 1.1977 1  2074 2733 2919 3033 3142 3087 2838 2113  1 1 1 0 0 1.05 0 5 0.78 0.56 3 5 11.48 
1.615 2 1 1 0 -0.0556 -0.0461 -0.0356 1 1.2103 1  2078 2728 2934 3035 3146 3094 2845 2110  1 1 1 0 0 1.06 0 5 0.78 0.56 3 5 11.47 
1.619 2 1 1 0 -0.0604 -0.0485 -0.0659 1 1.1908 1  2097 2731 2929 3040 3145 3088 2844 2116  1 1 1 0 0 1.10 0 5 0.78 0.57 3 5 11.47 
1.623 2 1 1 0 -0.0475 -0.0690 -0.0053 1 1.0065 1  2082 2735 2917 3039 3157 3078 2847 2113  1 1 1 0 0 0.36 0 5 0.78 0.56 3 5 11.47 
1.627 2 1 1 0 -0.0549 -0.0699 -0.0055 1 1.1523 1  2084 2742 2917 3036 3154 3088 2854 2126  1 1 1 0 0 0.80 0 5 0.78 0.56 3 5 11.47 
1.631 2 1 1 0 -0.0730 -0.0487 -0.0223 1 1.2666 1  2084 2742 2931 3041 3155 3119 2854 2128  1 1 1 0 0 1.19 0 5 0.79 0.56 3 5 11.46 
1.635 2 1 1 0 -0.0622 -0.0382 -0.0609 1 1.1951 1  2077 2743 2937 3052 3158 3102 2858 2123  1 1 1 0 0 1.09 0 5 0.79 0.56 3 5 11.47 
1.639 2 1 1 0 -0.0719 -0.0141 -0.0319 1 1.2308 1  2076 2747 2951 3051 3163 3117 2858 2131  1 1 1 0 0 1.11 0 5 0.79 0.56 3 5 11.47 
1.643 2 1 1 0 -0.0565 -0.0035 -0.0780 1 1.2003 1  2114 2757 2954 3065 3168 3113 2871 2141  1 1 1 0 0 1.16 0 5 0.79 0.57 3 5 11.47 
1.647 2 1 1 0 -0.0139 -0.0369 -0.0466 1 1.2078 1  2109 2763 2956 3071 3180 3127 2882 2150  1 1 1 0 0 1.09 0 5 0.79 0.57 3 5 11.48 
1.651 2 1 1 0 -0.0005 -0.0167 -0.0243 1 1.1862 1  2104 2768 2961 3068 3182 3124 2877 2148  1 1 1 0 0 0.96 0 5 0.79 0.57 3 5 11.47 
1.655 2 1 1 0 -0.0007 -0.0113 -0.0292 1 1.1851 1  2119 2769 2958 3074 3187 3128 2893 2158  1 1 1 0 0 0.97 0 5 0.79 0.57 3 5 11.48 
1.659 2 1 1 0 0.0007 -0.0053 -0.0048 1 1.1764 1  2159 2838 3048 3165 3283 3224 2965 2186  1 1 1 0 0 0.87 0 5 0.83 0.59 3 5 11.48 
1.663 2 1 1 0 0.0014 -0.0008 -0.0842 1 1.2279 1  2143 2806 3002 3125 3227 3181 2917 2181  1 1 1 0 0 1.26 0 5 0.81 0.58 3 5 11.48 
1.667 2 1 1 0 -0.0017 -0.0008 -0.0122 1 1.2097 1  2147 2796 2991 3105 3222 3170 2919 2179  1 1 1 0 0 0.99 0 5 0.80 0.58 3 5 11.48 
1.671 2 1 1 0 -0.0021 0.0014 -0.0255 1 1.2002 1  2148 2801 2996 3105 3219 3164 2921 2182  1 1 1 0 0 1.00 0 5 0.80 0.58 3 5 11.48 
1.675 2 1 1 0 -0.0047 0.0008 -0.0444 1 1.2227 1  2147 2803 3000 3103 3213 3163 2921 2185  1 1 1 0 0 1.13 0 5 0.80 0.58 3 5 11.48 
1.679 2 1 1 0 -0.0067 0.0006 -0.0396 1 1.1977 1  2151 2802 3007 3112 3223 3167 2929 2185  1 1 1 0 0 1.04 0 5 0.80 0.58 3 5 11.48 
1.683 2 1 1 0 -0.0070 0.0016 -0.0543 1 1.2444 1  2158 2808 3009 3119 3227 3183 2934 2195  1 1 1 0 0 1.22 0 5 0.80 0.58 3 5 11.48 
1.687 2 1 1 0 -0.0075 0.0022 -0.1116 1 1.2490 1  2162 2810 3015 3121 3219 3174 2939 2198  1 1 1 0 0 1.41 0 5 0.80 0.58 3 5 11.48 
1.691 2 1 1 0 -0.0066 0.0041 -0.0813 1 1.2411 1  2164 2818 3023 3128 3231 3185 2945 2208  1 1 1 0 0 1.29 0 5 0.80 0.58 3 5 11.48 
1.695 2 1 1 0 -0.0036 0.0079 -0.0601 1 1.2544 1  2170 2823 3022 3126 3233 3190 2950 2211  1 1 1 0 0 1.27 0 5 0.80 0.59 3 5 11.48 
1.699 2 1 1 0 0.0011 0.0132 -0.3319 1 1.2391 1  2172 2828 3024 3161 3238 3191 2955 2216  1 1 1 0 0 2.04 0 5 0.80 0.59 2 5 11.48 
1.703 2 1 1 0 0.0064 0.0190 -0.0745 1 1.2769 1  2176 2832 3033 3142 3241 3204 2959 2219  1 1 1 0 0 1.38 0 5 0.80 0.59 2 5 11.48 
1.707 2 1 1 0 0.0132 0.0262 -0.1261 1 1.2887 1  2184 2840 3033 3144 3239 3202 2971 2217  1 1 1 0 0 1.57 0 5 0.80 0.59 2 5 11.48 
1.711 2 1 1 0 0.0187 0.0320 -0.1680 1 1.2735 1  2192 2843 3043 3161 3254 3215 2977 2234  1 1 1 0 0 1.65 0 5 0.80 0.59 2 5 11.48 
1.715 2 1 1 0 0.0234 0.0370 -0.1962 1 1.2907 1  2190 2849 3047 3160 3249 3212 2983 2232  1 1 1 0 0 1.79 0 5 0.80 0.59 2 5 11.48 
1.719 2 1 1 0 0.0273 0.0412 -0.1366 1 1.3053 1  2200 2862 3055 3162 3255 3222 2989 2243  1 1 1 0 0 1.65 0 5 0.80 0.59 2 5 11.47 
1.723 2 1 1 0 0.0309 0.0449 -0.1955 1 1.3101 1  2211 2866 3068 3176 3264 3231 3003 2251  1 1 1 0 0 1.84 0 5 0.80 0.60 2 5 11.48 
1.727 2 1 1 0 0.0347 0.0489 -0.3235 1 1.3295 1  2217 2872 3070 3188 3265 3227 3036 2262  1 1 1 0 0 2.28 0 5 0.80 0.60 2 6 11.47 
1.731 2 1 1 0 0.0513 0.0290 -0.2495 1 1.3133 1  2216 2876 3069 3182 3266 3232 3011 2263  1 1 1 0 0 2.01 0 5 0.79 0.60 2 6 11.48 
1.735 2 1 1 0 0.0462 0.0290 -0.2387 1 1.2835 1  2237 2885 3084 3191 3275 3234 3018 2275  1 1 1 0 0 1.89 0 5 0.79 0.60 2 6 11.48 
1.739 2 1 1 0 0.0462 0.0333 -0.2695 1 1.3552 1  2238 2886 3082 3187 3268 3240 3028 2280  1 1 1 0 0 2.20 0 5 0.79 0.60 2 6 11.48 
1.743 2 1 1 0 0.0360 0.0648 -0.2218 1 1.2869 1  2239 2893 3086 3200 3287 3245 3038 2292  1 1 1 0 0 1.85 0 5 0.81 0.60 2 5 11.47 
1.747 2 1 1 0 0.0481 0.0743 -0.1855 1 1.3202 1  2240 2882 3093 3196 3284 3250 3035 2299  1 1 1 0 0 1.84 0 5 0.80 0.60 2 5 11.47 
1.751 2 1 1 0 0.0607 0.0848 -0.4438 1 1.4180 1  2243 2892 3101 3213 3278 3256 3061 2313  1 1 1 0 0 2.91 0 5 0.80 0.60 2 6 11.46 
1.755 2 1 1 0 0.0598 0.0848 -0.3831 1 1.3424 1  2256 2926 3105 3215 3286 3251 3056 2313  1 1 1 0 0 2.50 0 5 0.80 0.61 2 6 11.47 
1.759 2 1 1 0 0.0623 0.0854 -0.2479 1 1.3916 1  2257 2923 3108 3206 3288 3267 3055 2322  1 1 1 0 0 2.24 0 5 0.80 0.61 2 6 11.47 
1.763 2 1 1 0 0.0667 0.0868 -0.0660 1 1.3359 1  2259 2929 3118 3212 3307 3269 3082 2327  1 1 1 0 0 1.53 0 5 0.80 0.61 2 6 11.47 
1.767 2 1 1 0 0.0686 0.0878 -0.0323 1 1.2819 1  2263 2922 3123 3218 3316 3271 3075 2340  1 1 1 0 0 1.27 0 5 0.80 0.61 2 6 11.47 
1.771 2 1 1 0 0.0887 0.0689 -0.1537 1 1.3562 1  2269 2907 3122 3218 3307 3272 3086 2344  1 1 1 0 0 1.85 0 5 0.80 0.61 2 6 11.47 
1.775 2 1 1 0 0.1010 0.0859 -0.3244 1 1.4367 1  2272 2947 3125 3225 3301 3280 3091 2345  1 1 1 0 0 2.61 0 5 0.80 0.61 2 6 11.47 
1.779 2 1 1 0 0.1285 0.0806 0.0706 1 1.3864 1  2262 2944 3129 3217 3319 3287 3107 2364  1 1 1 0 0 1.27 0 5 0.81 0.61 2 6 11.47 
1.783 2 1 1 0 0.1320 0.0924 0.0938 1 1.4406 1  2268 2906 3131 3211 3302 3291 3098 2353  1 1 1 0 0 1.37 0 5 0.80 0.61 2 6 11.47 
1.787 2 1 1 0 0.1229 0.0914 -0.0715 1 1.3557 1  2294 2957 3136 3233 3329 3296 3103 2389  1 1 1 0 0 1.61 0 5 0.81 0.62 2 6 11.47 
1.791 2 1 1 0 0.1128 0.0866 -0.1438 1 1.4099 1  2284 2959 3133 3236 3328 3292 3134 2400  1 1 1 0 0 1.99 0 5 0.81 0.62 2 6 11.47 
1.795 2 1 1 0 0.1278 0.0718 -0.1534 1 1.4749 1  2283 2943 3134 3226 3314 3289 3124 2383  1 1 1 0 0 2.21 0 5 0.81 0.62 2 6 11.47 
1.799 2 1 1 0 0.1466 0.0621 -0.0602 1 1.4953 1  2289 2950 3140 3230 3324 3301 3138 2396  1 1 1 0 0 1.99 0 5 0.81 0.62 2 6 11.47 
1.803 2 1 1 0 0.1344 0.0955 0.5051 1 1.5485 1  2281 2983 3147 3213 3317 3301 3143 2385  1 1 1 0 0 0.46 0 5 0.81 0.61 2 6 11.47 
1.807 2 1 1 0 0.1357 0.1003 -0.1957 1 1.6000 1  2299 2942 3153 3244 3316 3310 3163 2405  1 1 1 0 0 2.71 0 5 0.81 0.62 2 6 11.47 
1.811 2 1 1 0 0.1491 0.0798 0.2306 1 1.4912 1  2298 2968 3148 3227 3333 3311 3145 2423  1 1 1 0 0 1.11 0 5 0.81 0.62 2 6 11.47 
1.815 2 1 1 0 0.1274 0.1022 0.0527 1 1.5737 1  2305 2962 3148 3229 3326 3305 3157 2409  1 1 1 0 0 1.89 0 5 0.81 0.62 2 6 11.47 
1.819 2 1 1 0 0.1499 0.0930 -0.3700 1 1.5914 1  2311 2975 3149 3253 3325 3306 3158 2410  1 1 1 0 0 3.21 0 5 0.82 0.63 2 6 11.47 
1.823 2 1 1 0 0.1415 0.1263 -0.0748 1 1.5239 1  2309 2958 3152 3236 3316 3308 3144 2415  1 1 1 0 0 2.12 0 5 0.81 0.63 2 6 11.47 
1.827 2 1 1 0 0.1468 0.1333 -0.1221 1 1.5566 1  2319 2999 3152 3237 3325 3302 3154 2399  1 1 1 0 0 2.36 0 5 0.81 0.63 2 6 11.47 
1.831 2 1 1 0 0.1442 0.1321 -0.0833 1 1.5501 1  2318 3002 3165 3246 3335 3312 3163 2435  1 1 1 0 0 2.23 0 5 0.82 0.63 2 6 11.47 
1.835 2 1 1 0 0.1615 0.1124 -0.3292 1 1.5992 1  2332 2978 3169 3257 3311 3313 3166 2397  1 1 1 0 0 3.11 0 5 0.82 0.64 2 6 11.47 
1.839 2 1 1 0 0.1553 0.1082 0.2023 1 1.4271 1  2329 2980 3158 3235 3338 3307 3142 2407  1 1 1 0 0 1.00 0 5 0.82 0.63 2 6 11.47 
1.843 2 1 1 0 0.1319 0.1259 0.1119 1 1.5425 1  2337 2984 3165 3238 3329 3315 3156 2422  1 1 1 0 0 1.62 0 5 0.82 0.64 2 6 11.47 
1.847 2 1 1 0 0.1244 0.1196 0.1262 1 1.5424 1  2339 2984 3165 3234 3319 3309 3150 2401  1 1 1 0 0 1.57 0 5 0.82 0.64 2 6 11.47 
1.851 2 1 1 0 0.1455 0.1022 0.0231 1 1.5411 1  2337 2988 3154 3227 3318 3297 3142 2398  1 1 1 0 0 1.88 0 5 0.81 0.64 2 6 11.47 
1.855 2 1 1 0 0.1572 0.1148 -0.0701 1 1.5129 1  2285 2960 3118 3208 3314 3290 3134 2399  1 1 1 0 0 2.07 0 5 0.82 0.62 3 6 11.47 
1.859 2 1 1 0 0.1631 0.1226 -0.0603 1 1.4982 1  2340 2989 3142 3227 3314 3300 3129 2382  1 1 1 0 0 2.00 0 5 0.81 0.64 2 6 11.47 
1.863 2 1 1 0 0.1640 0.1237 -0.0285 1 1.5422 1  2344 2978 3151 3227 3302 3298 3139 2378  1 1 1 0 0 2.04 0 5 0.81 0.64 2 6 11.47 
1.867 2 1 1 0 0.1647 0.1258 -0.1568 1 1.5192 1  2342 2973 3155 3227 3300 3290 3125 2367  1 1 1 0 0 2.35 0 5 0.81 0.64 2 6 11.47 
1.871 2 1 1 0 0.1749 0.1371 -0.0722 1 1.5190 1  2347 3002 3147 3224 3302 3293 3128 2373  1 1 1 0 0 2.10 0 5 0.81 0.64 2 6 11.47 
1.875 2 1 1 0 0.1822 0.1439 -0.1224 1 1.5015 1  2354 3022 3156 3229 3308 3294 3124 2375  1 1 1 0 0 2.20 0 5 0.81 0.65 2 6 11.47 
1.879 2 1 1 0 0.1766 0.1377 0.3204 1 1.4099 1  2357 3013 3157 3225 3326 3297 3120 2383  1 1 1 0 0 0.59 0 5 0.82 0.65 2 6 11.47 
1.883 2 1 1 0 0.1648 0.1255 0.4416 1 1.3719 1  2351 3006 3160 3225 3328 3294 3115 2355  1 1 1 0 0 0.12 0 5 0.82 0.65 2 6 11.47 
1.887 2 1 1 0 0.1599 0.1202 -0.1640 1 1.4850 1  2346 2998 3148 3222 3282 3285 3110 2369  1 1 1 0 0 2.27 0 5 0.81 0.65 2 6 11.48 
1.891 2 1 1 0 0.1676 0.1289 0.5982 1 1.4216 1  2351 2984 3161 3221 3289 3305 3105 2322  1 1 1 0 0 -0.21 0 5 0.82 0.64 2 6 11.47 
1.895 2 1 1 0 0.1758 0.1379 0.0003 1 1.4370 1  2349 3005 3148 3222 3312 3289 3107 2356  1 1 1 0 0 1.63 0 5 0.82 0.65 2 6 11.47 
1.899 2 1 1 0 0.1793 0.1420 -0.1308 1 1.4643 1  2356 2982 3153 3222 3296 3285 3103 2344  1 1 1 0 0 2.11 0 5 0.81 0.65 2 6 11.47 
1.903 2 1 1 0 0.1820 0.1465 0.4257 1 1.4560 1  2356 2989 3155 3213 3285 3289 3104 2335  1 1 1 0 0 0.42 0 5 0.81 0.65 2 6 11.47 
1.907 2 1 1 0 0.1781 0.1441 -0.1632 1 1.4840 1  2354 2998 3135 3210 3292 3273 3098 2341  1 1 1 0 0 2.27 0 5 0.81 0.65 2 6 11.47 
1.911 2 1 1 0 0.1671 0.1342 -0.0944 1 1.4324 1  2359 3005 3140 3211 3295 3267 3096 2353  1 1 1 0 0 1.91 0 5 0.81 0.65 2 6 11.47 
1.915 2 1 1 0 0.1409 0.1470 -0.1229 1 1.5069 1  2352 2989 3136 3202 3277 3264 3096 2302  1 1 1 0 0 2.21 0 5 0.81 0.64 2 6 11.48 
1.919 2 1 1 0 0.1637 0.1310 0.3866 1 1.4806 1  2345 2987 3134 3192 3268 3266 3090 2329  1 1 1 0 0 0.61 0 5 0.81 0.65 2 6 11.47 
1.923 2 1 1 0 0.1692 0.1372 0.2785 1 1.4859 1  2353 2988 3134 3198 3276 3274 3100 2332  1 1 1 0 0 0.95 0 5 0.81 0.65 2 6 11.47 
1.927 2 1 1 0 0.1722 0.1422 1.4073 1 1.4473 1  2352 2992 3138 3188 3278 3273 3085 2318  1 1 1 0 0 -2.56 0 5 0.81 0.65 2 6 11.47 
1.931 2 1 1 0 0.1759 0.1460 0.3390 1 1.4711 1  2345 2984 3126 3189 3249 3266 3087 2310  1 1 1 0 0 0.72 0 5 0.81 0.64 2 6 11.47 
1.935 2 1 1 0 0.1799 0.1514 0.0132 1 1.4672 1  2349 2985 3108 3182 3272 3245 3083 2303  1 1 1 0 0 1.69 0 5 0.81 0.64 2 6 11.47 
1.939 2 1 1 0 0.1786 0.1498 0.0152 1 1.4895 1  2345 2984 3111 3183 3272 3253 3080 2294  1 1 1 0 0 1.75 0 5 0.81 0.64 2 6 11.47 
1.943 2 1 1 0 0.1608 0.1697 0.1458 1 1.4683 1  2345 2978 3113 3182 3259 3256 3076 2300  1 1 1 0 0 1.29 0 5 0.81 0.64 2 6 11.47 
1.947 2 1 1 0 0.1871 0.1549 1.1486 1 1.4712 1  2347 2977 3120 3171 3255 3252 3073 2299  1 1 1 0 0 -1.71 0 5 0.81 0.64 2 6 11.47 
1.951 2 1 1 0 0.1909 0.1560 2.3931 1 1.4351 1  2351 2980 3126 3173 3256 3264 3071 2291  1 1 1 0 0 -5.55 0 5 0.81 0.64 2 6 11.47 
1.955 2 1 1 0 0.1870 0.1514 1.3582 1 1.4770 1  2348 2973 3118 3166 3246 3244 3067 2283  1 1 1 0 0 -2.32 0 5 0.81 0.64 2 6 11.46 
1.959 2 1 1 0 0.1700 0.1705 -0.5072 1 1.4449 1  2338 2965 3096 3154 3238 3243 3054 2284  1 1 1 0 0 3.18 0 5 0.79 0.64 1 6 11.47 
1.963 2 1 1 0 0.1992 0.1586 -0.2340 1 1.4859 1  2354 2973 3084 3165 3253 3231 3063 2294  1 1 1 0 0 2.48 0 5 0.80 0.64 1 6 11.47 
1.967 2 1 1 0 0.1883 0.1492 -0.6273 1 1.4332 1  2355 2964 3100 3158 3248 3239 3045 2273  1 1 1 0 0 1.91 0 5 0.80 0.63 1 6 11.47 
1.971 2 1 1 0 0.1783 0.1389 -0.2209 1 1.3804 1  2349 2969 3098 3158 3251 3269 3047 2276  1 1 1 0 0 0.54 0 5 0.80 0.63 1 6 11.46 
1.975 2 1 1 0 0.1622 0.1609 -0.3211 1 1.3758 1  2349 2968 3101 3156 3249 3267 3042 2265  1 1 1 0 0 0.82 0 5 0.80 0.63 1 6 11.47 
1.979 2 1 1 0 0.1848 0.1451 -0.5703 1 1.3730 1  2350 2962 3106 3156 3242 3256 3029 2250  1 1 1 0 0 2.44 0 5 0.80 0.62 1 6 11.47 
1.983 2 1 1 0 0.1912 0.1527 -0.7473 1 1.4260 1  2344 2958 3096 3150 3231 3224 3027 2260  1 1 1 0 0 2.07 0 5 0.79 0.63 1 6 11.47 
1.987 2 1 1 0 0.1913 0.1536 -0.2257 1 1.4260 1  2345 2961 3072 3147 3236 3222 3025 2262  1 1 1 0 0 0.51 0 5 0.79 0.63 1 6 11.47 
1.991 2 1 1 0 0.1884 0.1500 -0.5640 1 1.3865 1  2344 2959 3095 3147 3237 3240 3022 2276  1 1 1 0 0 1.40 0 5 0.80 0.64 1 6 11.46 
1.995 2 1 1 0 0.1851 0.1474 -0.3753 1 1.4117 1  2335 2958 3074 3147 3238 3212 3027 2279  1 1 1 0 0 1.47 0 5 0.79 0.64 1 6 11.46 
1.999 2 1 1 0 0.1888 0.1516 -0.5636 1 1.4213 1  2361 2953 3079 3132 3230 3217 3018 2272  1 1 1 0 0 2.07 0 5 0.79 0.64 1 6 11.47 
2.003 2 1 1 0 0.1977 0.1609 -0.0690 1 1.3788 1  2351 2962 3072 3120 3230 3231 3008 2291  1 1 1 0 0 0.55 0 5 0.79 0.64 1 6 11.46 
2.007 2 1 1 0 0.1818 0.1806 -0.0027 1 1.4130 1  2347 2958 3065 3127 3230 3224 3021 2284  1 1 1 0 0 0.45 0 5 0.79 0.64 1 6 11.46 
2.011 2 1 1 0 0.2110 0.1682 0.0880 1 1.4295 1  2324 2960 3064 3138 3230 3224 3029 2288  1 1 1 0 0 0.75 0 5 0.79 0.64 1 6 11.46 
2.015 2 1 1 0 0.1873 0.1824 -0.3143 1 1.4414 1  2343 2949 3063 3119 3228 3210 3020 2284  1 1 1 0 0 1.99 0 5 0.79 0.64 1 6 11.46 
2.019 2 1 1 0 0.1883 0.1439 -0.1263 1 1.4317 1  2337 2946 3056 3114 3220 3211 3017 2274  1 1 1 0 0 1.50 0 5 0.79 0.64 1 6 11.47 
2.023 2 1 1 0 0.1880 0.1435 -0.4783 1 1.4106 1  2343 2942 3069 3108 3226 3215 3011 2266  1 1 1 0 0 2.49 0 5 0.79 0.64 1 6 11.47 
2.027 2 1 1 0 0.1744 0.1681 -0.0567 1 1.4049 1  2345 2937 3049 3119 3217 3211 3004 2262  1 1 1 0 0 1.57 0 5 0.79 0.63 1 6 11.47 
2.031 2 1 1 0 0.1968 0.1510 -0.4644 1 1.3697 1  2324 2930 3058 3105 3218 3206 2977 2255  1 1 1 0 0 2.69 0 5 0.79 0.63 1 6 11.46 
2.035 2 1 1 0 0.2041 0.1584 -0.3504 1 1.3712 1  2328 2924 3048 3077 3209 3202 2974 2244  1 1 1 0 0 1.50 0 5 0.78 0.63 1 6 11.46 
2.039 2 1 1 0 0.2051 0.1595 -0.3328 1 1.3672 1  2331 2924 3041 3094 3209 3185 2969 2239  1 1 1 0 0 1.43 0 5 0.78 0.63 1 6 11.46 
2.043 2 1 1 0 0.1987 0.1530 -0.5101 1 1.3893 1  2329 2922 3050 3115 3211 3194 2978 2229  1 1 1 0 0 2.30 0 5 0.79 0.62 1 6 11.46 
2.047 2 1 1 0 0.1913 0.1456 -0.4207 1 1.3342 1  2322 2917 3039 3115 3205 3173 2963 2219  1 1 1 0 0 1.86 0 5 0.78 0.62 1 6 11.46 
2.051 2 1 1 0 0.1887 0.1443 0.3171 1 1.2785 1  2320 2918 3018 3096 3202 3160 2947 2206  1 1 1 0 0 -0.30 0 5 0.79 0.61 1 5 11.46 
2.055 2 1 1 0 0.1990 0.1541 -0.3785 1 1.3040 1  2317 2920 3032 3099 3192 3158 2930 2203  1 1 1 0 0 1.87 0 5 0.79 0.61 1 5 11.46 
2.059 2 1 1 0 0.1912 0.1841 -0.7600 1 1.3095 1  2278 2903 2993 3030 3146 3108 2901 2199  1 1 1 0 0 2.90 0 5 0.77 0.61 2 5 11.46 
2.063 2 1 1 0 0.2167 0.1683 -0.3484 1 1.2686 1  2281 2921 3032 3057 3193 3155 2906 2200  1 1 1 0 0 1.54 0 5 0.78 0.61 1 5 11.46 
2.067 2 1 1 0 0.1921 0.1805 -0.4410 1 1.2684 1  2307 2914 3032 3098 3193 3150 2931 2196  1 1 1 0 0 1.89 0 5 0.79 0.61 1 5 11.44 
2.071 2 1 1 0 0.2011 0.1491 -0.2004 1 1.2584 1  2297 2925 3026 3074 3185 3143 2904 2198  1 1 1 0 0 0.84 0 5 0.78 0.61 1 5 11.46 
2.075 2 1 1 0 0.1776 0.1616 -0.4657 1 1.2825 1  2307 2919 3032 3097 3187 3147 2927 2202  1 1 1 0 0 1.71 0 5 0.79 0.61 1 5 11.46 
2.079 2 1 1 0 0.1934 0.1758 -0.5336 1 1.2821 1  2283 2919 3030 3084 3179 3137 2927 2206  1 1 1 0 0 1.76 0 5 0.78 0.61 1 5 11.47 
2.083 2 1 1 0 0.1979 0.1802 -0.1142 1 1.2775 1  2306 2911 3028 3094 3174 3130 2926 2205  1 1 1 0 0 0.48 0 5 0.79 0.61 2 5 11.47 
2.087 2 1 1 0 0.1873 0.1683 -0.7600 1 1.2474 1  2278 2906 3033 3068 3174 3131 2881 2210  1 1 1 0 0 3.24 0 5 0.79 0.62 2 5 11.47 
2.091 2 1 1 0 0.2051 0.1466 -0.7905 1 1.2260 1  2301 2913 3035 3086 3172 3120 2905 2204  1 1 1 0 0 3.27 0 5 0.78 0.61 1 5 11.47 
2.095 2 1 1 0 0.1873 0.1686 -0.7641 1 1.2386 1  2300 2909 3033 3082 3173 3125 2898 2204  1 1 1 0 0 1.97 0 5 0.78 0.61 1 5 11.47 
2.099 2 1 1 0 0.2084 0.1515 -0.8250 1 1.2457 1  2295 2912 3036 3078 3171 3123 2907 2208  1 1 1 0 0 1.97 0 5 0.78 0.62 1 5 11.47 
2.103 2 1 1 0 0.1982 0.1793 -0.9639 1 1.3551 1  2279 2918 3033 3081 3155 3126 2918 2202  1 1 1 0 0 2.71 0 5 0.78 0.61 1 5 11.47 
2.107 2 1 1 0 0.2167 0.1583 -0.8270 1 1.2763 1  2277 2920 3031 3085 3161 3118 2907 2209  1 1 1 0 0 2.38 0 5 0.78 0.62 1 5 11.46 
2.111 2 1 1 0 0.1816 0.1626 -0.9535 1 1.2565 1  2291 2919 3036 3075 3159 3112 2903 2212  1 1 1 0 0 2.70 0 5 0.78 0.62 1 5 11.47 
2.115 2 1 1 0 0.1885 0.1680 -0.8550 1 1.2740 1  2292 2909 3028 3060 3159 3113 2917 2217  1 1 1 0 0 1.97 0 5 0.78 0.62 1 5 11.47 
2.119 2 1 1 0 0.2027 0.1808 -0.7078 1 1.2242 1  2290 2924 3032 3064 3168 3113 2923 2223  1 1 1 0 0 1.38 0 5 0.78 0.62 1 5 11.47 
2.123 2 1 1 0 0.1945 0.2068 -0.9692 1 1.3431 1  2289 2910 3026 3063 3148 3112 2922 2223  1 1 1 0 0 3.07 0 5 0.78 0.62 1 5 11.48 
2.127 2 1 1 0 0.2147 0.1844 -0.2731 1 1.4109 1  2298 2890 3020 3068 3140 3111 2932 2226  1 1 1 0 0 0.82 0 5 0.78 0.62 2 5 11.47 
2.131 2 1 1 0 0.1765 0.1832 -0.8204 1 1.4010 1  2292 2919 3018 3051 3144 3115 2932 2219  1 1 1 0 0 2.43 0 5 0.78 0.62 1 5 11.47 
2.135 2 1 1 0 0.1915 0.1565 -0.8753 1 1.4235 1  2278 2901 3008 3028 3125 3114 2916 2225  1 1 1 0 0 2.59 0 5 0.77 0.63 1 5 11.47 
2.139 2 1 1 0 0.1933 0.1566 -0.7600 1 1.4133 1  2294 2887 3011 3050 3139 3114 2925 2224  1 1 1 0 0 2.21 0 5 0.78 0.63 2 5 11.47 
2.143 2 1 1 0 0.2015 0.1648 -0.8933 1 1.4295 1  2299 2902 3013 3039 3126 3119 2924 2214  1 1 1 0 0 2.37 0 5 0.78 0.62 1 5 11.47 
2.147 2 1 1 0 0.1953 0.1953 -0.7600 1 1.4461 1  2292 2886 3015 3036 3118 3118 2930 2222  1 1 1 0 0 2.02 0 5 0.78 0.62 2 5 11.47 
2.151 2 1 1 0 0.2031 0.1639 -0.7415 1 1.4539 1  2295 2906 3003 3037 3124 3112 2927 2206  1 1 1 0 0 2.17 0 5 0.78 0.62 1 5 11.48 
2.155 2 1 1 0 0.1877 0.1487 3.4202 1 1.4478 1  2288 2888 2996 3042 3128 3122 2935 2205  1 1 1 0 0 -10.31 0 5 0.78 0.62 2 6 11.47 
2.159 2 1 1 0 0.1927 0.1525 -0.7600 1 1.4042 1  2282 2873 2999 3038 3132 3127 2920 2212  1 1 1 0 0 2.10 0 5 0.78 0.62 2 5 11.47 
2.163 2 1 1 0 0.1814 0.1783 1.9185 1 1.4296 1  2271 2866 2969 3020 3105 3101 2906 2186  1 1 1 0 0 3.26 0 5 0.77 0.61 2 5 11.47 
2.167 2 1 1 0 0.1857 0.1791 -0.7600 1 1.4358 1  2273 2870 2984 3021 3126 3111 2919 2190  1 1 1 0 0 11.32 4 5 0.78 0.61 2 5 11.48 
2.171 2 1 1 0 0.2027 0.1919 -0.7600 1 1.4429 1  2280 2888 2985 3023 3121 3115 2926 2195  1 1 1 0 0 20.53 6 5 0.78 0.61 2 5 11.47 
2.175 2 1 1 0 0.2124 0.1967 -0.7600 1 1.4221 1  2280 2886 2981 3023 3126 3124 2926 2177  1 1 1 0 0 20.46 6 5 0.78 0.61 2 5 11.47 
2.179 2 1 1 0 0.2089 0.1906 3.6674 1 1.3988 1  2272 2883 2976 3026 3131 3126 2916 2182  1 1 1 0 0 -11.17 2 5 0.78 0.61 2 5 11.47 
2.183 2 1 1 0 0.2004 0.1799 3.3164 1 1.3856 1  2270 2887 2977 3026 3135 3117 2899 2178  1 1 1 0 0 18.63 1 5 0.78 0.61 2 5 11.47 
2.187 2 1 1 0 0.1718 0.1876 2.8150 1 1.3716 1  2266 2842 2967 3020 3133 3121 2894 2169  1 1 1 0 0 20.10 5 5 0.78 0.61 2 5 11.47 
2.191 2 1 1 0 0.1928 0.1676 1.6182 1 1.3062 1  2262 2848 2961 3026 3159 3128 2889 2167  1 1 1 0 0 -1.44 7 5 0.78 0.61 2 5 11.47 
2.195 2 1 1 0 0.1954 0.1678 0.8961 1 1.3155 1  2253 2860 2950 3021 3141 3111 2876 2154  1 1 1 0 0 0.76 3 5 0.78 0.61 2 5 11.47 
2.199 2 1 1 0 0.1891 0.1623 2.5366 1 1.2711 1  2252 2844 2956 3016 3158 3120 2876 2163  1 1 1 0 0 -2.70 0 5 0.78 0.60 2 5 11.47 
2.203 2 1 1 0 0.1934 0.1671 1.2055 1 1.2579 1  2242 2841 2956 3024 3150 3109 2864 2151  1 1 1 0 0 1.26 0 5 0.78 0.60 2 5 11.47 
2.207 2 1 1 0 0.2011 0.1739 0.0578 1 1.1953 1  2235 2853 2942 3026 3162 3106 2869 2137  1 1 1 0 0 3.31 0 5 0.79 0.59 3 5 11.47 
2.211 2 1 1 0 0.2105 0.1797 0.4717 1 1.2875 1  2238 2851 2953 3027 3134 3098 2862 2127  1 1 1 0 0 1.34 0 5 0.78 0.59 2 5 11.47 
2.215 2 1 1 0 0.2245 0.1921 1.1287 1 1.2047 1  2238 2857 2968 3035 3157 3103 2866 2141  1 1 1 0 0 -0.88 0 5 0.78 0.59 2 5 11.48 
2.219 2 1 1 0 0.2020 0.2065 0.4866 1 1.2564 1  2235 2850 2961 3036 3145 3104 2856 2117  1 1 1 0 0 2.16 0 5 0.78 0.58 2 5 11.47 
2.223 2 1 1 0 0.2116 0.1756 0.3923 1 1.2923 1  2229 2834 2968 3036 3134 3101 2855 2144  1 1 1 0 0 1.36 0 5 0.78 0.59 2 5 11.47 
2.227 2 1 1 0 0.1873 0.1874 0.7727 1 1.1631 1  2229 2847 2972 3045 3164 3101 2859 2146  1 1 1 0 0 -0.17 0 5 0.79 0.59 2 5 11.47 
2.231 2 1 1 0 0.2069 0.1644 0.4782 1 1.1496 1  2225 2819 2970 3047 3158 3092 2843 2118  1 1 1 0 0 0.12 0 5 0.78 0.58 2 5 11.47 
2.235 2 1 1 0 0.2122 0.1688 0.1737 1 1.1303 1  2218 2849 2965 3044 3142 3073 2841 2136  1 1 1 0 0 0.98 0 5 0.78 0.59 2 5 11.47 
2.239 2 1 1 0 0.1938 0.1891 -0.4096 1 1.2370 1  2215 2822 2970 3051 3120 3073 2835 2160  1 1 1 0 0 3.03 0 5 0.78 0.60 2 5 11.47 
2.243 2 1 1 0 0.2129 0.1678 -0.0965 1 1.1161 1  2213 2820 2970 3050 3135 3065 2833 2128  1 1 1 0 0 0.35 0 5 0.78 0.59 2 5 11.47 
2.247 2 1 1 0 0.1914 0.1854 -0.6312 1 1.3132 1  2214 2810 2975 3048 3108 3079 2836 2128  1 1 1 0 0 2.54 0 5 0.78 0.59 2 5 11.47 
2.251 2 1 1 0 0.1872 0.1805 -0.3181 1 1.1779 1  2213 2815 2972 3043 3116 3055 2835 2139  1 1 1 0 0 1.32 0 5 0.78 0.59 2 5 11.47 
2.255 2 1 1 0 0.2193 0.1726 -0.3337 1 0.9938 1  2212 2827 2985 3050 3122 3042 2832 2136  1 1 1 0 0 0.76 0 5 0.78 0.59 2 5 11.47 
2.259 2 1 1 0 0.2060 0.1999 -0.5901 1 1.2352 1  2206 2822 2962 3049 3107 3058 2832 2137  1 1 1 0 0 2.25 0 5 0.78 0.59 2 5 11.47 
2.263 2 1 1 0 0.2107 0.2025 -0.6405 1 1.2742 1  2206 2818 2976 3045 3106 3064 2844 2148  1 1 1 0 0 2.33 0 5 0.78 0.60 2 5 11.47 
2.267 2 1 1 0 0.2028 0.2283 -1.2194 1 1.3078 1  2202 2812 2987 3039 3087 3051 2833 2136  1 1 1 0 0 3.50 0 5 0.77 0.59 2 5 11.47 
2.271 2 1 1 0 0.2133 0.1971 -0.4360 1 1.1758 1  2204 2796 2975 3039 3108 3046 2835 2130  1 1 1 0 0 0.75 0 5 0.77 0.59 2 5 11.47 
2.275 2 1 1 0 0.1978 0.1814 -1.1546 1 1.3421 1  2200 2822 2974 3028 3084 3054 2839 2151  1 1 1 0 0 3.36 0 5 0.77 0.60 2 5 11.47 
2.279 2 1 1 0 0.2171 0.1609 -1.2828 1 1.3318 1  2198 2817 2991 3019 3082 3049 2838 2138  1 1 1 0 0 3.72 0 5 0.77 0.59 2 5 11.47 
2.283 2 1 1 0 0.2099 0.1918 -0.7600 1 1.2515 1  2200 2815 2972 3014 3087 3038 2834 2150  1 1 1 0 0 0.81 0 5 0.77 0.60 2 5 11.47 
2.287 2 1 1 0 0.2150 0.1928 -0.9537 1 1.2611 1  2201 2813 2955 3003 3069 3019 2831 2137  1 1 1 0 0 1.66 0 5 0.76 0.59 2 5 11.47 
2.291 2 1 1 0 0.2151 0.1910 -1.1416 1 1.3467 1  2197 2814 2960 2998 3072 3039 2838 2125  1 1 1 0 0 2.48 0 5 0.76 0.59 2 5 11.47 
2.295 2 1 1 0 0.2293 0.1682 -1.1922 1 1.3945 1  2199 2823 2966 2997 3071 3052 2839 2129  1 1 1 0 0 2.78 0 5 0.77 0.59 2 5 11.47 
2.299 2 1 1 0 0.2160 0.1979 -0.7600 1 1.3929 1  2194 2820 2955 2990 3066 3051 2837 2116  1 1 1 0 0 2.04 0 5 0.76 0.58 2 5 11.46 
2.303 2 1 1 0 0.2285 0.2117 -0.7600 1 -1.5200 1  2203 2822 2947 2985 3068 3056 2840 2136  1 1 1 0 0 -6.70 0 5 0.75 0.59 2 2 11.47 
2.307 2 1 1 0 0.2356 0.2144 -0.7600 1 -1.5200 1  2205 2822 2970 2983 3071 3079 2842 2135  1 1 1 0 0 -0.76 0 5 0.76 0.59 2 2 11.46 
2.311 2 1 1 0 0.2285 0.2063 -0.1909 1 1.4080 1  2190 2823 2941 2983 3070 3047 2848 2131  1 1 1 0 0 0.53 0 5 0.78 0.59 4 5 11.47 
2.315 2 1 1 0 0.2080 0.1866 -0.1338 1 1.2439 1  2201 2818 2932 2980 3074 3020 2843 2126  1 1 1 0 0 -0.13 0 5 0.77 0.59 4 5 11.47 
2.319 2 1 1 0 0.2130 0.1907 -0.0556 1 1.3841 1  2198 2818 2939 2980 3070 3059 2840 2126  1 1 1 0 0 1.25 0 5 0.78 0.59 4 5 11.47 
2.323 2 1 1 0 0.2278 0.2020 -0.0350 1 1.3485 1  2203 2806 2911 2969 3080 3051 2837 2130  1 1 1 0 0 1.18 0 5 0.78 0.59 4 5 11.46 
2.327 2 1 1 0 0.2230 0.1958 -0.0862 1 1.3858 1  2209 2803 2914 2975 3072 3054 2836 2120  1 1 1 0 0 1.45 0 5 0.78 0.59 4 5 11.47 
2.331 2 1 1 0 0.2450 0.1797 0.2041 1 1.3358 1  2213 2804 2920 2977 3080 3089 2833 2119  1 1 1 0 0 0.45 0 5 0.79 0.59 4 5 11.46 
2.335 2 1 1 0 0.2140 0.1896 -0.0586 1 1.3624 1  2205 2802 2936 2980 3086 3061 2843 2115  1 1 1 0 0 1.88 0 5 0.77 0.58 3 5 11.47 
2.339 2 1 1 0 0.2222 0.1974 -0.1119 1 1.3030 1  2212 2793 2903 2986 3083 3045 2833 2105  1 1 1 0 0 1.64 0 5 0.77 0.58 3 5 11.46 
2.343 2 1 1 0 0.2166 0.1887 -0.0635 1 1.3478 1  2222 2795 2909 2985 3090 3063 2842 2102  1 1 1 0 0 1.63 0 5 0.77 0.58 3 5 11.45 
2.347 2 1 1 0 0.2183 0.1906 -0.1240 1 1.3643 1  2206 2792 2924 2994 3089 3068 2838 2100  1 1 1 0 0 1.72 0 5 0.78 0.58 3 5 11.46 
2.351 2 1 1 0 0.2081 0.2187 -0.1179 1 1.3489 1  2206 2797 2918 2989 3085 3059 2835 2094  1 1 1 0 0 1.66 0 5 0.77 0.58 3 5 11.47 
2.355 2 1 1 0 0.2119 0.2200 -0.0578 1 1.3562 1  2231 2796 2923 2990 3096 3075 2839 2102  1 1 1 0 0 1.31 0 5 0.78 0.58 3 5 11.46 
2.359 2 1 1 0 0.2169 0.2229 0.0049 1 1.3524 1  2218 2797 2925 2981 3096 3078 2837 2098  1 1 1 0 0 1.33 0 5 0.78 0.58 3 5 11.46 
2.363 2 1 1 0 0.2325 0.1959 -0.0422 1 1.3081 1  2196 2798 2931 2993 3102 3072 2829 2098  1 1 1 0 0 1.37 0 5 0.78 0.58 3 5 11.46 
2.367 2 1 1 0 0.2217 0.1840 -0.2351 1 1.2117 1  2191 2785 2892 2996 3078 3021 2829 2091  1 1 1 0 0 1.66 0 5 0.77 0.58 3 5 11.46 
2.371 2 1 1 0 0.2299 0.1914 -0.0850 1 1.3111 1  2189 2784 2928 2995 3096 3066 2826 2092  1 1 1 0 0 1.29 0 5 0.78 0.58 3 5 11.46 
2.375 2 1 1 0 0.2135 0.2110 -0.1106 1 1.2967 1  2172 2779 2913 2990 3087 3051 2824 2091  1 1 1 0 0 1.31 0 5 0.77 0.58 3 5 11.46 
2.379 2 1 1 0 0.2077 0.2051 -0.1235 1 1.2861 1  2187 2779 2909 2994 3089 3052 2819 2086  1 1 1 0 0 1.24 0 5 0.78 0.57 3 5 11.47 
2.383 2 1 1 0 0.2217 0.1807 -0.1033 1 1.2944 1  2191 2779 2911 2989 3087 3054 2810 2087  1 1 1 0 0 1.21 0 5 0.78 0.57 3 5 11.46 
2.387 2 1 1 0 0.2238 0.1839 -0.1378 1 1.2655 1  2182 2780 2906 2989 3082 3041 2805 2087  1 1 1 0 0 1.40 0 5 0.77 0.57 3 5 11.47 
2.391 2 1 1 0 0.2157 0.2135 -0.0519 1 1.2301 1  2153 2775 2918 2979 3086 3041 2773 2085  1 1 1 0 0 0.98 0 5 0.77 0.57 3 5 11.46 
2.395 2 1 1 0 0.2014 0.2328 -0.2039 1 1.1969 1  2175 2779 2912 2998 3083 3027 2791 2091  1 1 1 0 0 1.33 0 5 0.77 0.58 3 5 11.47 
2.399 2 1 1 0 0.2534 0.2038 -0.2910 1 1.2517 1  2167 2784 2917 2998 3075 3029 2806 2092  1 1 1 0 0 1.83 0 5 0.77 0.58 3 5 11.46 
2.403 2 1 1 0 0.2328 0.2225 -0.1872 1 1.2436 1  2199 2775 2915 2986 3073 3026 2798 2095  1 1 1 0 0 1.15 0 5 0.77 0.58 3 5 11.46 
2.407 2 1 1 0 0.2206 0.2088 -0.2925 1 1.2986 1  2220 2778 2922 2988 3065 3030 2799 2104  1 1 1 0 0 0.97 0 5 0.77 0.58 3 5 11.46 
2.411 2 1 1 0 0.2123 0.1992 -0.3980 1 1.2551 1  2201 2772 2920 2993 3063 3017 2798 2115  1 1 1 0 0 1.15 0 5 0.77 0.59 3 5 11.46 
2.415 2 1 1 0 0.2111 0.1956 -0.1549 1 1.3296 1  2193 2780 2917 2958 3049 3021 2788 2113  1 1 1 0 0 1.67 0 5 0.77 0.59 4 5 11.47 
2.419 2 1 1 0 0.2324 0.1796 -0.6313 1 1.2747 1  2186 2782 2916 2997 3055 3009 2812 2130  1 1 1 0 0 2.22 0 5 0.77 0.59 3 5 11.46 
2.423 2 1 1 0 0.2311 0.1802 -0.7506 1 1.3471 1  2188 2789 2917 3000 3051 3015 2826 2147  1 1 1 0 0 2.80 0 5 0.77 0.60 3 5 11.46 
2.427 2 1 1 0 0.2216 0.2089 -0.2576 1 1.3109 1  2158 2787 2917 2968 3048 3008 2811 2163  1 1 1 0 0 0.51 0 5 0.77 0.60 4 5 11.47 
2.431 2 1 1 0 0.2308 0.2170 -0.6106 1 1.3953 1  2192 2791 2920 2988 3051 3016 2847 2176  1 1 1 0 0 1.94 0 5 0.77 0.61 3 5 11.47 
2.435 2 1 1 0 0.2196 0.2415 -0.1468 1 1.3479 1  2218 2795 2923 2961 3053 3012 2842 2198  1 1 1 0 0 1.03 0 5 0.77 0.62 4 5 11.46 
2.439 2 1 1 0 0.2325 0.2145 -0.2165 1 1.3959 1  2179 2779 2920 2964 3048 3014 2842 2219  1 1 1 0 0 1.51 0 5 0.77 0.61 4 5 11.47 
2.443 2 1 1 0 0.2213 0.2017 -0.2354 1 1.5221 1  2176 2792 2917 2975 3057 3028 2881 2253  1 1 1 0 0 1.94 0 5 0.77 0.61 3 5 11.46 
2.447 2 1 1 0 0.2231 0.2008 -0.2098 1 1.6128 1  2172 2789 2919 2970 3051 3033 2888 2281  1 1 1 0 0 2.22 0 5 0.77 0.61 3 5 11.47 
2.451 2 1 1 0 0.2245 0.2029 -0.2009 1 1.8443 1  2168 2789 2917 2982 3056 3044 2925 2313  1 1 1 0 0 2.90 0 5 0.77 0.61 3 6 11.47 
2.455 2 1 1 0 0.2298 0.2086 -0.0372 1 1.9321 1  2169 2785 2912 2973 3058 3051 2944 2345  1 1 1 0 0 2.67 0 5 0.77 0.61 3 6 11.47 
2.459 2 1 1 0 0.2254 0.2046 0.0567 1 1.9082 1  2179 2797 2914 2990 3053 3063 2950 2373  1 1 1 0 0 1.62 0 5 0.77 0.61 3 6 11.47 
2.463 2 1 1 0 0.2351 0.1766 0.1551 1 2.0629 1  2154 2776 2909 2992 3059 3073 2996 2407  1 1 1 0 0 1.12 0 5 0.78 0.60 3 6 11.47 
2.467 2 1 1 0 0.2223 0.2034 0.3592 1 2.0965 1  2180 2779 2909 2967 3067 3092 3018 2446  1 1 1 0 0 0.60 0 5 0.79 0.61 4 6 11.47 
2.471 2 1 1 0 0.2330 0.2141 0.4378 1 2.1715 1  2157 2763 2904 2949 3077 3108 3043 2487  1 1 1 0 0 1.76 0 5 0.80 0.60 4 6 11.47 
2.475 2 1 1 0 0.2422 0.2233 0.7547 1 2.1774 1  2160 2767 2902 2979 3081 3130 3083 2527  1 1 1 0 0 1.56 0 5 0.79 0.60 3 7 11.47 
2.479 2 1 1 0 0.2256 0.2448 1.0502 1 2.2181 1  2179 2782 2902 2985 3082 3152 3111 2569  1 1 1 0 0 0.79 0 5 0.80 0.61 3 7 11.47 
2.483 2 1 1 0 0.2390 0.2174 1.1627 1 2.1869 1  2161 2801 2906 2985 3088 3170 3158 2601  1 1 1 0 0 0.74 0 5 0.82 0.60 4 7 11.47 
2.487 2 1 1 0 0.2261 0.2050 1.0408 1 2.3667 1  2180 2766 2905 2986 3121 3193 3166 2655  1 1 1 0 0 1.82 0 5 0.83 0.61 4 7 11.47 
2.491 2 1 1 0 0.2276 0.2069 0.9673 1 2.5407 1  2159 2764 2908 2985 3135 3222 3183 2691  1 1 1 0 0 2.48 0 5 0.84 0.60 4 7 11.47 
2.495 2 1 1 0 0.2354 0.2150 1.1754 1 2.4430 1  2181 2783 2914 3014 3160 3241 3232 2727  1 1 1 0 0 1.57 0 5 0.86 0.61 4 7 11.48 
2.499 2 1 1 0 0.2323 0.2095 1.2391 1 2.5886 1  2171 2768 2912 3024 3172 3254 3254 2761  1 1 1 0 0 1.49 0 5 0.87 0.61 4 7 11.47 
2.503 2 1 1 0 0.2307 0.2086 1.1830 1 2.6600 1  2189 2757 2916 3034 3187 3287 3277 2802  1 1 1 0 0 1.73 0 5 0.89 0.62 5 7 11.47 
2.507 2 1 1 0 0.2334 0.2118 1.4149 1 2.6600 1  2186 2761 2918 3043 3226 3303 3318 2831  1 1 1 0 0 1.03 0 5 0.90 0.62 5 7 11.47 
2.511 2 1 1 0 0.2465 0.2240 1.3680 1 2.6600 1  2188 2799 2925 3069 3260 3338 3347 2886  1 1 1 0 0 1.39 0 5 0.92 0.62 5 7 11.47 
2.515 2 1 1 0 0.2326 0.2447 1.3401 1 2.6600 1  2191 2766 2935 3080 3251 3361 3367 2886  1 1 1 0 0 1.23 0 5 0.93 0.62 5 7 11.47 
2.519 2 1 1 0 0.2373 0.2453 1.3058 1 2.6600 1  2195 2777 2937 3099 3289 3377 3378 2928  1 1 1 0 0 1.51 0 5 0.94 0.62 5 7 11.47 
2.523 2 1 1 0 0.2294 0.2355 1.3494 1 2.6600 1  2191 2786 2946 3114 3300 3404 3412 2948  1 1 1 0 0 1.38 0 5 0.95 0.62 5 7 11.47 
2.527 2 1 1 0 0.2186 0.2245 1.3786 1 2.6600 1  2192 2778 2964 3132 3331 3418 3430 2960  1 1 1 0 0 1.81 0 5 0.95 0.62 5 7 11.47 
2.531 2 1 1 0 0.2198 0.2256 1.3633 1 2.6600 1  2194 2818 2967 3151 3372 3434 3427 2984  1 1 1 0 0 1.16 0 5 0.96 0.62 5 7 11.47 
2.535 2 1 1 0 0.2220 0.2277 1.3508 1 2.6600 1  2192 2826 2982 3178 3353 3439 3440 2990  1 1 1 0 0 1.39 0 5 0.96 0.62 5 7 11.47 
2.539 2 1 1 0 0.2250 0.2306 1.1765 1 2.6600 1  2198 2816 2994 3202 3384 3462 3455 2990  1 1 1 0 0 1.91 0 5 0.97 0.62 5 7 11.47 
2.543 2 1 1 0 0.2340 0.2027 1.2552 1 2.6600 1  2205 2804 3015 3228 3410 3472 3464 3013  1 1 1 0 0 1.25 0 5 0.97 0.62 5 7 11.47 
2.547 2 1 1 0 0.2386 0.2097 1.0444 1 2.6600 1  2212 2828 3046 3247 3427 3492 3470 3015  1 1 1 0 0 1.76 0 5 0.98 0.63 5 7 11.48 
2.551 2 1 1 0 0.2449 0.2179 1.0764 1 2.6600 1  2215 2853 3068 3292 3442 3504 3485 3030  1 1 1 0 0 1.46 0 5 0.97 0.63 4 7 11.47 
2.555 2 1 1 0 0.2543 0.2289 1.0083 1 2.6600 1  2230 2873 3092 3316 3455 3514 3492 3029  1 1 1 0 0 1.67 0 5 0.98 0.63 4 7 11.47 
2.559 2 1 1 0 0.2435 0.2561 0.8813 1 2.6600 1  2245 2917 3126 3329 3476 3521 3491 3031  1 1 1 0 0 2.32 0 5 0.98 0.64 4 7 11.47 
2.563 2 1 1 0 0.2437 0.2549 0.9936 1 2.6600 1  2249 2915 3160 3363 3502 3538 3494 3059  1 1 1 0 0 1.63 0 5 0.99 0.64 4 7 11.47 
2.567 2 1 1 0 0.2444 0.2177 0.7847 1 2.6600 1  2262 2898 3181 3375 3482 3538 3495 3020  1 1 1 0 0 2.10 0 5 0.98 0.65 4 7 11.47 
2.571 2 1 1 0 0.2411 0.2160 0.6254 1 2.6600 1  2268 2949 3193 3381 3493 3520 3481 3017  1 1 1 0 0 2.58 0 5 0.98 0.65 4 7 11.47 
2.575 2 1 1 0 0.2462 0.2223 0.7436 1 2.6600 1  2294 2995 3222 3409 3518 3533 3486 3048  1 1 1 0 0 1.97 0 5 0.99 0.66 4 7 11.47 
2.579 2 1 1 0 0.2354 0.2125 0.4022 1 2.6600 1  2315 3001 3256 3437 3521 3542 3489 3038  1 1 1 0 0 2.46 0 5 0.98 0.67 3 7 11.47 
2.583 2 1 1 0 0.2354 0.2133 0.2200 1 2.6600 1  2342 3036 3297 3460 3548 3564 3498 3034  1 1 1 0 0 3.00 0 5 0.99 0.68 3 7 11.47 
2.587 2 1 1 0 0.2340 0.2126 -0.0550 1 2.6600 1  2367 3082 3308 3476 3567 3556 3492 3031  1 1 1 0 0 3.19 0 5 0.99 0.69 3 7 11.47 
2.591 2 1 1 0 0.2513 0.2304 -0.0307 1 2.6600 1  2400 3107 3354 3488 3563 3563 3489 3038  1 1 1 0 0 3.04 0 5 0.99 0.70 3 7 11.47 
2.595 2 1 1 0 0.2355 0.2518 0.0632 1 2.6600 1  2428 3137 3378 3501 3535 3559 3490 3008  1 1 1 0 0 2.75 0 5 0.99 0.70 3 7 11.47 
2.599 2 1 1 0 0.2417 0.2560 -0.1993 1 2.6600 1  2468 3184 3394 3516 3575 3566 3493 3058  1 1 1 0 0 3.38 0 5 1.00 0.70 3 7 11.47 
2.603 2 1 1 0 0.2570 0.2316 -0.4649 1 2.6600 1  2508 3187 3402 3517 3552 3556 3483 3020  1 1 1 0 0 3.27 0 5 0.99 0.70 3 7 11.47 
2.607 2 1 1 0 0.2375 0.2134 -0.5918 1 2.6600 1  2553 3234 3426 3530 3574 3554 3478 3034  1 1 1 0 0 3.61 0 5 0.99 0.70 2 7 11.47 
2.611 2 1 1 0 0.2406 0.2175 -0.6860 1 2.6600 1  2591 3255 3451 3546 3578 3567 3481 3047  1 1 1 0 0 3.90 0 5 0.99 0.70 2 7 11.47 
2.615 2 1 1 0 0.2451 0.2229 -0.7273 1 2.6600 1  2637 3287 3436 3549 3575 3540 3484 3042  1 1 1 0 0 3.47 0 5 0.99 0.70 2 7 11.47 
2.619 2 1 1 0 0.2407 0.2192 -0.8633 1 2.6600 1  2681 3309 3471 3546 3580 3539 3476 3025  1 1 1 0 0 3.55 0 5 0.99 0.70 2 7 11.47 
2.623 2 1 1 0 0.2464 0.2255 -1.0899 1 2.6600 1  2709 3337 3480 3553 3574 3557 3472 3004  1 1 1 0 0 4.23 0 5 0.99 0.70 2 7 11.47 
2.627 2 1 1 0 0.2470 0.2281 -1.2251 1 2.6600 1  2749 3354 3491 3554 3569 3539 3469 3014  1 1 1 0 0 4.16 0 5 0.99 0.70 2 7 11.47 
2.631 2 1 1 0 0.2607 0.2419 -1.2068 1 2.5616 1  2789 3375 3490 3557 3574 3537 3467 2995  1 1 1 0 0 3.51 0 5 0.98 0.70 1 7 11.47 
2.635 2 1 1 0 0.2434 0.2628 -1.4533 1 2.6600 1  2827 3395 3527 3564 3569 3546 3467 3015  1 1 1 0 0 4.16 0 5 0.99 0.70 1 7 11.47 
2.639 2 1 1 0 0.2388 0.2557 -1.5679 1 2.3690 1  2857 3413 3511 3554 3561 3520 3457 2990  1 1 1 0 0 3.64 0 5 0.98 0.70 1 7 11.47 
2.643 2 1 1 0 0.2520 0.2286 -1.5670 1 1.9000 1  2892 3426 3516 3563 3559 3521 3459 2981  1 1 1 0 0 2.53 0 5 0.99 0.70 1 7 11.47 
2.647 2 1 1 0 0.2433 0.2208 -1.8237 1 2.0558 1  2926 3432 3517 3553 3566 3522 3453 2979  1 1 1 0 0 4.70 0 5 0.99 0.70 1 7 11.47 
2.651 2 1 1 0 0.2456 0.2240 -1.9359 1 1.9097 1  2953 3449 3536 3559 3553 3534 3457 2928  1 1 1 0 0 3.83 0 5 0.99 0.70 1 7 11.47 
2.655 2 1 1 0 0.2409 0.2199 -2.0356 1 1.9000 1  2977 3462 3536 3555 3553 3531 3446 2932  1 1 1 0 0 4.10 0 5 0.98 0.70 0 7 11.47 
2.659 2 1 1 0 0.2384 0.2193 -2.2207 1 1.9000 1  3009 3472 3525 3555 3561 3528 3449 2909  1 1 1 0 0 4.49 0 5 0.98 0.70 0 7 11.47 
2.663 2 1 1 0 0.2420 0.2258 -2.1479 1 1.4880 1  3029 3475 3547 3553 3553 3543 3444 2897  1 1 1 0 0 3.17 0 5 0.99 0.70 0 6 11.48 
2.667 2 1 1 0 0.2552 0.2400 -2.4558 1 1.1400 1  3039 3473 3530 3544 3549 3505 3445 2873  1 1 1 0 0 2.92 0 5 0.99 0.70 0 6 11.47 
2.671 2 1 1 0 0.2611 0.2454 -2.6600 1 1.3961 1  3052 3487 3513 3548 3550 3510 3442 2826  1 1 1 0 0 4.23 0 5 0.99 0.70 0 6 11.47 
2.675 2 1 1 0 0.2608 0.2445 -2.6600 1 1.1400 1  3057 3474 3526 3527 3537 3500 3416 2807  1 1 1 0 0 3.47 0 5 0.99 0.70 0 6 11.46 
2.679 2 1 1 0 0.2428 0.2277 -2.6600 1 1.2005 1  3083 3481 3530 3531 3535 3510 3421 2783  1 1 1 0 0 3.98 0 5 0.99 0.70 0 6 11.47 
2.683 2 1 1 0 0.2460 0.2331 -2.6600 1 1.4355 1  3088 3492 3536 3542 3549 3534 3423 2764  1 1 1 0 0 4.22 0 5 0.99 0.70 0 6 11.47 
2.687 2 1 1 0 0.2427 0.2316 -2.6600 1 1.1720 1  3076 3485 3538 3522 3543 3518 3395 2693  1 1 1 0 0 3.50 0 5 0.99 0.70 0 6 11.47 
2.691 2 1 1 0 0.2372 0.2275 -2.6600 1 1.1400 1  3067 3486 3520 3514 3533 3485 3392 2649  1 1 1 0 0 3.80 0 5 0.99 0.70 0 6 11.47 
2.695 2 1 1 0 0.2592 0.2111 -2.6600 1 1.1400 1  3075 3489 3514 3531 3531 3497 3373 2605  1 1 1 0 0 3.80 0 5 0.99 0.70 0 6 11.46 
2.699 2 1 1 0 0.2622 0.2152 -2.6600 1 0.6373 1  3084 3474 3495 3523 3522 3474 3345 2562  1 1 1 0 0 2.29 0 5 0.99 0.70 0 5 11.46 
2.703 2 1 1 0 0.2473 0.2380 -2.6600 1 0.4516 1  3078 3481 3518 3520 3520 3483 3316 2504  1 1 1 0 0 2.74 0 5 0.99 0.70 0 5 11.46 
2.707 2 1 1 0 0.2553 0.2457 -2.6600 1 0.4452 1  3076 3470 3501 3514 3510 3468 3286 2453  1 1 1 0 0 3.09 0 5 0.99 0.70 0 5 11.46 
2.711 2 1 1 0 0.2524 0.2426 -2.6600 1 0.3800 1  3102 3477 3511 3500 3517 3475 3257 2413  1 1 1 0 0 2.57 0 5 0.99 0.70 0 5 11.46 
2.715 2 1 1 0 0.2627 0.2131 -2.6600 1 0.3800 1  3083 3463 3498 3503 3507 3450 3237 2363  1 1 1 0 0 3.04 0 5 0.98 0.70 0 5 11.46 
2.719 2 1 1 0 0.2607 0.2125 -2.6600 1 0.3800 1  3078 3462 3477 3513 3503 3401 3196 2316  1 1 1 0 0 3.04 0 5 0.98 0.68 0 5 11.47 
2.723 2 1 1 0 0.2635 0.2164 -2.6600 1 0.3800 1  3071 3462 3483 3500 3495 3405 3158 2270  1 1 1 0 0 3.04 0 5 0.98 0.66 0 5 11.46 
2.727 2 1 1 0 0.2623 0.2161 -2.6600 1 0.0150 1  3061 3449 3491 3490 3470 3393 3103 2222  1 1 1 0 0 1.94 0 5 0.98 0.64 0 4 11.46 
2.731 2 1 1 0 0.2519 0.2091 -2.6600 1 -0.1110 1  3055 3454 3483 3488 3469 3372 3047 2182  1 1 1 0 0 2.30 0 5 0.98 0.62 0 4 11.46 
2.735 2 1 1 0 0.2317 0.2299 -2.6600 1 -0.1346 1  3064 3447 3468 3493 3446 3324 3002 2150  1 1 1 0 0 2.39 0 5 0.98 0.61 0 4 11.46 
2.739 2 1 1 0 0.2621 0.2219 -2.6600 1 -0.3520 1  3065 3440 3474 3475 3431 3306 2955 2133  1 1 1 0 0 1.89 0 5 0.98 0.60 0 4 11.46 
2.743 2 1 1 0 0.2673 0.2279 -2.6600 1 -0.3800 1  3038 3441 3470 3458 3423 3273 2921 2106  1 1 1 0 0 2.28 0 5 0.97 0.59 0 4 11.46 
2.747 2 1 1 0 0.2712 0.2313 -2.6600 1 -0.3800 1  3031 3431 3455 3444 3395 3248 2876 2089  1 1 1 0 0 2.18 0 5 0.97 0.58 0 4 11.47 
2.751 2 1 1 0 0.2514 0.2492 -2.6600 1 -0.6089 1  3005 3426 3465 3430 3380 3202 2848 2076  1 1 1 0 0 2.13 0 5 0.97 0.58 0 3 11.46 
2.755 2 1 1 0 0.2659 0.2253 -2.6600 1 -0.6924 1  3012 3423 3453 3422 3359 3185 2815 2069  1 1 1 0 0 1.88 0 5 0.97 0.57 0 3 11.46 
2.759 2 1 1 0 0.2679 0.2296 -2.6600 1 -0.8197 1  2999 3406 3430 3392 3313 3131 2787 2055  1 1 1 0 0 1.59 0 5 0.96 0.57 0 3 11.46 
2.763 2 1 1 0 0.2507 0.2172 -2.6600 1 -0.8480 1  3007 3394 3429 3358 3274 3098 2757 2030  1 1 1 0 0 1.58 0 5 0.96 0.56 0 3 11.46 
2.767 2 1 1 0 0.2543 0.2246 -2.6600 1 -1.0026 1  2976 3387 3402 3330 3244 3065 2736 2029  1 1 1 0 0 1.64 0 5 0.96 0.56 0 2 11.46 
2.771 2 1 1 0 0.2649 0.2369 -2.6600 1 -1.0989 1  2973 3378 3381 3296 3211 3021 2725 2010  1 1 1 0 0 1.38 0 5 0.95 0.55 0 2 11.46 
2.775 2 1 1 0 0.2486 0.2574 -2.6600 1 -1.0926 1  2939 3359 3364 3273 3179 3001 2726 2008  1 1 1 0 0 1.40 0 5 0.95 0.55 0 2 11.46 
2.779 2 1 1 0 0.2723 0.2405 -2.6600 1 -1.1310 1  2926 3323 3323 3223 3120 2963 2690 1991  1 1 1 0 0 1.45 0 5 0.93 0.54 0 2 11.47 
2.783 2 1 1 0 0.2656 0.2317 -2.6600 1 -1.2307 1  2896 3318 3310 3195 3086 2953 2696 1992  1 1 1 0 0 1.23 0 5 0.93 0.54 0 2 11.46 
2.787 2 1 1 0 0.2585 0.2257 -2.6600 1 -1.2322 1  2873 3284 3277 3140 3051 2932 2679 1978  1 1 1 0 0 1.56 0 5 0.92 0.54 0 2 11.47 
2.791 2 1 1 0 0.2783 0.2082 -2.6353 1 -1.4121 1  2844 3270 3243 3095 3006 2907 2658 1964  1 1 1 0 0 1.24 0 5 0.90 0.53 0 2 11.46 
2.795 2 1 1 0 0.2555 0.2241 -2.3866 1 -1.3484 1  2783 3232 3215 3029 2986 2897 2636 1961  1 1 1 0 0 0.68 0 5 0.89 0.53 0 2 11.47 
2.799 2 1 1 0 0.2541 0.2232 -2.4787 1 -1.5096 1  2775 3211 3167 2984 2956 2877 2640 1954  1 1 1 0 0 0.83 0 5 0.88 0.52 0 2 11.46 
2.803 2 1 1 0 0.2500 0.2196 -2.4543 1 -1.4717 1  2726 3162 3128 2959 2936 2859 2634 1943  1 1 1 0 0 1.26 0 5 0.86 0.52 0 2 11.47 
2.807 2 1 1 0 0.2610 0.2310 -2.3190 1 -1.5284 1  2670 3125 3079 2928 2924 2852 2632 1939  1 1 1 0 0 0.51 0 5 0.84 0.52 0 2 11.47 
2.811 2 1 1 0 0.2492 0.2576 -2.2301 1 -1.5844 1  2625 3102 3039 2917 2913 2848 2616 1935  1 1 1 0 0 0.07 0 5 0.82 0.52 0 2 11.47 
2.815 2 1 1 0 0.2582 0.2641 -2.3144 1 -1.5436 1  2600 3052 3004 2881 2906 2852 2610 1928  1 1 1 0 0 1.02 0 5 0.81 0.51 0 2 11.47 
2.819 2 1 1 0 0.2839 0.2484 -2.2762 1 -1.4998 1  2541 2999 2964 2844 2894 2840 2589 1930  1 1 1 0 0 0.85 0 5 0.79 0.51 0 2 11.46 
2.823 2 1 1 0 0.2693 0.2322 -2.2897 1 -1.5022 1  2499 2951 2917 2838 2884 2831 2602 1924  1 1 1 0 0 0.96 0 5 0.77 0.51 0 2 11.47 
2.827 2 1 1 0 0.2546 0.2191 -2.2157 1 -1.5131 1  2432 2903 2868 2823 2874 2813 2592 1919  1 1 1 0 0 0.64 0 5 0.78 0.51 1 1 11.47 
2.831 2 1 1 0 0.2524 0.2167 -2.2086 1 -1.3616 1  2368 2838 2832 2805 2853 2811 2595 1913  1 1 1 0 0 1.07 0 5 0.75 0.51 1 1 11.47 
2.835 2 1 1 0 0.2540 0.2181 0.0000 0 0.0000 0  2316 2807 2795 2794 2853 2803 2580 1916  1 1 1 0 0 0.00 0 0 1.00 0.51 -1 -1 11.45 
2.839 2 1 1 0 0.2534 0.2189 0.0000 0 0.0000 0  2268 2761 2771 2775 2833 2791 2574 1913  1 1 1 0 0 0.00 0 0 1.00 0.51 -1 -1 11.47 
2.843 2 1 1 0 0.2678 0.2327 0.0000 0 0.0000 0  2203 2698 2751 2748 2836 2794 2570 1913  1 1 1 0 0 0.00 0 0 1.00 0.51 -1 -1 11.47 
2.847 2 1 1 0 0.2554 0.2583 0.0000 0 0.0000 0  2169 2676 2737 2741 2836 2786 2545 1905  1 1 1 0 0 0.00 0 0 1.00 0.50 -1 -1 11.48 
2.851 2 1 1 0 0.2822 0.2454 0.0000 0 0.0000 0  2125 2654 2722 2736 2832 2789 2569 1917  1 1 1 0 0 0.00 0 0 1.00 0.51 -1 -1 11.47 
2.855 2 1 1 0 0.2685 0.2331 0.0000 0 0.0000 0  2092 2629 2714 2749 2814 2783 2578 1906  1 1 1 0 0 0.00 0 0 1.00 0.50 -1 -1 11.47 
2.859 2 1 1 0 0.2629 0.2259 0.0000 0 0.0000 0  2048 2604 2695 2742 2841 2777 2569 1925  1 1 1 0 0 0.00 0 0 1.00 0.51 -1 -1 11.47 
2.863 2 1 1 0 0.2529 0.2173 0.0000 0 0.0000 0  2025 2574 2685 2707 2794 2778 2548 1894  1 1 1 0 0 0.00 0 0 1.00 0.50 -1 -1 11.47 
2.867 2 1 1 0 0.2514 0.2169 0.0000 0 0.0000 0  1996 2554 2665 2698 2783 2769 2547 1896  1 1 1 0 0 0.00 0 0 1.00 0.50 -1 -1 11.48 
2.871 2 1 1 0 0.2727 0.2011 0.0000 0 0.0000 0  1984 2535 2666 2721 2795 2796 2599 1908  1 1 1 0 0 0.00 0 0 1.00 0.51 -1 -1 11.47 
2.875 2 1 1 0 0.2486 0.2184 0.0000 0 0.0000 0  1967 2537 2647 2701 2782 2762 2550 1902  1 1 1 0 0 0.00 0 0 1.00 0.50 -1 -1 11.47 
2.879 2 1 1 0 0.2567 0.2266 0.0000 0 0.0000 0  1964 2564 2623 2677 2789 2764 2558 1912  1 1 1 0 0 0.00 0 0 1.00 0.51 -1 -1 11.47 
2.883 2 1 1 0 0.2654 0.2339 0.0000 0 0.0000 0  1950 2505 2629 2715 2817 2772 2557 1920  1 1 1 0 0 0.00 0 0 1.00 0.51 -1 -1 11.48 
2.887 2 1 1 0 0.2685 0.2360 0.0000 0 0.0000 0  1936 2501 2633 2691 2792 2752 2544 1910  1 1 1 0 0 0.00 0 0 1.00 0.51 -1 -1 11.47 
2.891 2 1 1 0 0.2848 0.2146 0.0000 0 0.0000 0  1946 2564 2662 2734 2812 2790 2583 1910  1 1 1 0 0 0.00 0 0 1.00 0.51 -1 -1 11.47 
2.895 2 1 1 0 0.2537 0.2247 0.0000 0 0.0000 0  1915 2440 2611 2699 2785 2774 2563 1885  1 1 1 0 0 0.00 0 0 1.00 0.50 -1 -1 11.47 
2.899 2 1 1 0 0.2557 0.2265 0.0000 0 0.0000 0  1915 2494 2607 2665 2763 2748 2559 1899  1 1 1 0 0 0.00 0 0 1.00 0.50 -1 -1 11.48 
2.903 2 1 1 0 0.2583 0.2290 0.0000 0 0.0000 0  1901 2454 2592 2662 2759 2750 2542 1887  1 1 1 0 0 0.00 0 0 1.00 0.50 -1 -1 11.47 
2.907 2 1 1 0 0.2405 0.2138 0.0000 0 0.0000 0  1899 2457 2591 2662 2765 2748 2551 1883  1 1 1 0 0 0.00 0 0 1.00 0.50 -1 -1 11.47 
2.911 2 1 1 0 0.2457 0.2211 0.0000 0 0.0000 0  1890 2426 2574 2652 2749 2755 2537 1860  1 1 1 0 0 0.00 0 0 1.00 0.48 -1 -1 11.47 
2.915 2 1 1 0 0.2596 0.2352 0.0000 0 0.0000 0  1882 2452 2564 2646 2748 2748 2547 1880  1 1 1 0 0 0.00 0 0 1.00 0.49 -1 -1 11.47 
2.919 2 1 1 0 0.2644 0.2389 0.0000 0 0.0000 0  1875 2429 2564 2640 2749 2752 2543 1873  1 1 1 0 0 0.00 0 0 1.00 0.49 -1 -1 11.47 
2.923 2 1 1 0 0.2724 0.2460 0.0000 0 0.0000 0  1887 2435 2569 2642 2766 2756 2545 1841  1 1 1 0 0 0.00 0 0 1.00 0.48 -1 -1 11.47 
2.927 2 1 1 0 0.2778 0.2493 0.0000 0 0.0000 0  1887 2440 2567 2640 2775 2755 2544 1885  1 1 1 0 0 0.00 0 0 1.00 0.50 -1 -1 11.47 
2.931 2 1 1 0 0.2474 0.2566 0.0000 0 0.0000 0  1888 2439 2574 2637 2743 2754 2541 1849  1 1 1 0 0 0.00 0 0 1.00 0.48 -1 -1 11.47 
2.935 2 1 1 0 0.2521 0.2216 0.0000 0 0.0000 0  1880 2434 2553 2636 2746 2751 2538 1821  1 1 1 0 0 0.00 0 0 1.00 0.47 -1 -1 11.47 
2.939 2 1 1 0 0.2468 0.2162 0.0000 0 0.0000 0  1882 2434 2551 2633 2747 2745 2528 1827  1 1 1 0 0 0.00 0 0 1.00 0.47 -1 -1 11.47 
2.943 2 1 1 0 0.2528 0.2221 0.0000 0 0.0000 0  1872 2432 2569 2637 2750 2747 2522 1818  1 1 1 0 0 0.00 0 0 1.00 0.47 -1 -1 11.47 
2.947 2 1 1 0 0.2649 0.2327 0.0000 0 0.0000 0  1872 2414 2578 2639 2718 2745 2507 1797  1 1 1 0 0 0.00 0 0 1.00 0.46 -1 -1 11.47 
2.951 2 1 1 0 0.2519 0.2567 0.0000 0 0.0000 0  1871 2438 2558 2640 2743 2740 2499 1787  1 1 1 0 0 0.00 0 0 1.00 0.45 -1 -1 11.47 
2.955 2 1 1 0 0.2857 0.2501 0.0000 0 0.0000 0  1871 2430 2565 2642 2743 2732 2492 1781  1 1 1 0 0 0.00 0 0 1.00 0.45 -1 -1 11.47 
2.959 2 1 1 0 0.2835 0.2459 0.0000 0 0.0000 0  1878 2427 2573 2646 2744 2723 2482 1777  1 1 1 0 0 0.00 0 0 1.00 0.45 -1 -1 11.47 
2.963 2 1 1 0 0.2684 0.2307 0.0000 0 0.0000 0  1872 2427 2577 2650 2750 2720 2465 1766  1 1 1 0 0 0.00 0 0 1.00 0.44 -1 -1 11.47 
2.967 2 1 1 0 0.2666 0.2300 0.0000 0 0.0000 0  1865 2405 2544 2646 2733 2701 2455 1751  1 1 1 0 0 0.00 0 0 1.00 0.44 -1 -1 11.47 
2.971 2 1 1 0 0.2853 0.2116 0.0000 0 0.0000 0  1859 2426 2563 2642 2758 2693 2430 1747  1 1 1 0 0 0.00 0 0 1.00 0.43 -1 -1 11.47 
2.975 2 1 1 0 0.2685 0.2362 0.0000 0 0.0000 0  1853 2428 2581 2649 2752 2703 2419 1719  1 1 1 0 0 0.00 0 0 1.00 0.42 -1 -1 11.47 
2.979 2 1 1 0 0.2619 0.2312 0.0000 0 0.0000 0  1845 2409 2561 2642 2748 2690 2405 1719  1 1 1 0 0 0.00 0 0 1.00 0.42 -1 -1 11.47 
2.983 2 1 1 0 0.2681 0.2400 0.0000 0 0.0000 0  1835 2407 2551 2639 2745 2672 2377 1696  1 1 1 0 0 0.00 0 0 1.00 0.41 -1 -1 11.47 
2.987 2 1 1 0 0.2973 0.2304 0.0000 0 0.0000 0  1829 2401 2552 2646 2742 2669 2381 1678  1 1 1 0 0 0.00 0 0 1.00 0.40 -1 -1 11.47 
2.991 2 1 1 0 0.2795 0.2514 0.0000 0 0.0000 0  1828 2394 2547 2645 2736 2641 2365 1689  1 1 1 0 0 0.00 0 0 1.00 0.41 -1 -1 11.47 
2.995 2 1 1 0 0.2603 0.2329 0.0000 0 0.0000 0  1826 2393 2542 2643 2726 2622 2353 1671  1 1 1 0 0 0.00 0 0 1.00 0.40 -1 -1 11.46 
2.999 2 1 1 0 0.2548 0.2293 0.0000 0 0.0000 0  1816 2387 2557 2634 2719 2638 2332 1655  1 1 1 0 0 0.00 0 0 1.00 0.39 -1 -1 11.47 
3.003 2 1 1 0 0.2810 0.2161 0.0000 0 0.0000 0  1814 2388 2542 2627 2706 2614 2321 1656  1 1 1 0 0 0.00 0 0 1.00 0.39 -1 -1 11.47 
3.007 2 1 1 0 0.2563 0.2312 0.0000 0 0.0000 0  1807 2373 2524 2618 2682 2589 2306 1646  1 1 1 0 0 0.00 0 0 1.00 0.39 -1 -1 11.46 
3.011 2 1 1 0 0.2569 0.2305 0.0000 0 0.0000 0  1808 2371 2520 2612 2683 2574 2297 1664  1 1 1 0 0 0.00 0 0 1.00 0.40 -1 -1 11.47 
3.015 2 1 1 0 0.2625 0.2363 0.0000 0 0.0000 0  1793 2373 2533 2599 2670 2577 2283 1634  1 1 1 0 0 0.00 0 0 1.00 0.38 -1 -1 11.47 
3.019 2 1 1 0 0.2529 0.2636 0.0000 0 0.0000 0  1799 2367 2517 2594 2675 2551 2276 1638  1 1 1 0 0 0.00 0 0 1.00 0.39 -1 -1 11.46 
3.023 2 1 1 0 0.2722 0.2411 0.0000 0 0.0000 0  1808 2368 2518 2585 2647 2547 2271 1643  1 1 1 0 0 0.00 0 0 1.00 0.39 -1 -1 11.46 
3.027 2 1 1 0 0.2683 0.2341 0.0000 0 0.0000 0  1794 2360 2509 2580 2635 2529 2264 1644  1 1 1 0 0 0.00 0 0 1.00 0.39 -1 -1 11.45 
3.031 2 1 1 0 0.2464 0.2478 0.0000 0 0.0000 0  1798 2359 2508 2558 2612 2511 2249 1620  1 1 1 0 0 0.00 0 0 1.00 0.38 -1 -1 11.47 
3.035 2 1 1 0 0.2606 0.2220 0.0000 0 0.0000 0  1795 2359 2496 2551 2592 2505 2248 1630  1 1 1 0 0 0.00 0 0 1.00 0.38 -1 -1 11.47 
3.039 2 1 1 0 0.2659 0.2283 0.0000 0 0.0000 0  1795 2357 2521 2536 2572 2488 2248 1623  1 1 1 0 0 0.00 0 0 1.00 0.38 -1 -1 11.46 
3.043 2 1 1 0 0.2629 0.2248 0.0000 0 0.0000 0  1777 2358 2495 2500 2562 2480 2240 1626  1 1 1 0 0 0.00 0 0 1.00 0.38 -1 -1 11.46 
3.047 2 1 1 0 0.2430 0.2425 0.0000 0 0.0000 0  1784 2352 2468 2497 2534 2441 2244 1615  1 1 1 0 0 0.00 0 0 1.00 0.38 -1 -1 11.47 
3.051 2 1 1 0 0.2663 0.2261 0.0000 0 0.0000 0  1788 2351 2472 2485 2525 2451 2232 1616  1 1 1 0 0 0.00 0 0 1.00 0.38 -1 -1 11.47 
3.055 2 1 1 0 0.2715 0.2298 0.0000 0 0.0000 0  1789 2355 2476 2478 2518 2465 2237 1621  1 1 1 0 0 0.00 0 0 1.00 0.38 -1 -1 11.46 
3.059 2 1 1 0 0.2583 0.2536 0.0000 0 0.0000 0  1785 2348 2447 2448 2495 2434 2230 1620  1 1 1 0 0 0.00 0 0 1.00 0.38 -1 -1 11.46 
3.063 2 1 1 0 0.2541 0.2484 0.0000 0 0.0000 0  1800 2340 2433 2432 2478 2444 2235 1611  1 1 1 0 0 0.00 0 0 1.00 0.37 -1 -1 11.46 
3.067 2 1 1 0 0.2600 0.2142 0.0000 0 0.0000 0  1794 2329 2431 2408 2464 2447 2221 1616  1 1 1 0 0 0.00 0 0 1.00 0.38 -1 -1 11.47 
3.071 2 1 1 0 0.2628 0.2164 0.0000 0 0.0000 0  1760 2324 2403 2386 2458 2431 2213 1616  1 1 1 0 0 0.00 0 0 1.00 0.38 -1 -1 11.46 
3.075 2 1 1 0 0.2430 0.2344 0.0000 0 0.0000 0  1777 2309 2396 2388 2449 2435 2225 1604  1 1 1 0 0 0.00 0 0 1.00 0.37 -1 -1 11.47 
3.079 2 1 1 0 0.2369 0.2281 0.0000 0 0.0000 0  1763 2297 2370 2379 2440 2419 2227 1610  1 1 1 0 0 0.00 0 0 1.00 0.37 -1 -1 11.46 
3.083 2 1 1 0 0.2420 0.2316 0.0000 0 0.0000 0  1775 2269 2358 2351 2431 2425 2214 1608  1 1 1 0 0 0.00 0 0 1.00 0.37 -1 -1 11.46 
3.087 2 1 1 0 0.2499 0.2381 0.0000 0 0.0000 0  1763 2265 2337 2370 2435 2398 2212 1611  1 1 1 0 0 0.00 0 0 1.00 0.38 -1 -1 11.47 
3.091 2 1 1 0 0.2470 0.2328 0.0000 0 0.0000 0  1761 2261 2343 2355 2444 2407 2223 1612  1 1 1 0 0 0.00 0 0 1.00 0.38 -1 -1 11.47 
3.095 2 1 1 0 0.2519 0.2357 0.0000 0 0.0000 0  1732 2248 2335 2338 2439 2416 2214 1609  1 1 1 0 0 0.00 0 0 1.00 0.37 -1 -1 11.46 
3.099 2 1 1 0 0.2350 0.2539 0.0000 0 0.0000 0  1726 2239 2324 2340 2437 2407 2218 1611  1 1 1 0 0 0.00 0 0 1.00 0.38 -1 -1 11.47 
3.103 2 1 1 0 0.2569 0.2325 0.0000 0 0.0000 0  1724 2234 2311 2341 2437 2427 2231 1621  1 1 1 0 0 0.00 0 0 1.00 0.38 -1 -1 11.46 
3.107 2 1 1 0 0.2588 0.2315 0.0000 0 0.0000 0  1726 2223 2302 2346 2446 2421 2223 1613  1 1 1 0 0 0.00 0 0 1.00 0.38 -1 -1 11.47 
3.111 2 1 1 0 0.2290 0.2403 0.0000 0 0.0000 0  1723 2205 2295 2355 2439 2415 2241 1613  1 1 1 0 0 0.00 0 0 1.00 0.38 -1 -1 11.47 
3.115 2 1 1 0 0.2308 0.2398 0.0000 0 0.0000 0  1733 2190 2276 2381 2447 2424 2242 1616  1 1 1 0 0 0.00 0 0 1.00 0.38 -1 -1 11.47 
3.119 2 1 1 0 0.2311 0.2367 0.0000 0 0.0000 0  1699 2178 2275 2341 2441 2418 2226 1611  1 1 1 0 0 0.00 0 0 1.00 0.38 -1 -1 11.47 
3.123 2 1 1 0 0.2536 0.2184 0.0000 0 0.0000 0  1694 2169 2263 2330 2449 2435 2223 1613  1 1 1 0 0 0.00 0 0 1.00 0.38 -1 -1 11.47 
3.127 2 1 1 0 0.2386 0.2408 0.0000 0 0.0000 0  1674 2169 2270 2344 2453 2453 2239 1612  1 1 1 0 0 0.00 0 0 1.00 0.38 -1 -1 11.46 
3.131 2 1 1 0 0.2373 0.2388 0.0000 0 0.0000 0  1656 2156 2274 2366 2462 2442 2236 1609  1 1 1 0 0 0.00 0 0 1.00 0.37 -1 -1 11.46 
3.135 2 1 1 0 0.2639 0.2241 0.0000 0 0.0000 0  1672 2142 2277 2375 2458 2445 2240 1611  1 1 1 0 0 0.00 0 0 1.00 0.38 -1 -1 11.47 
3.139 2 1 1 0 0.2649 0.2250 0.0000 0 0.0000 0  1674 2151 2280 2376 2461 2441 2254 1609  1 1 1 0 0 0.00 0 0 1.00 0.37 -1 -1 11.46 
3.143 2 1 1 0 0.2375 0.2344 0.0000 0 0.0000 0  1663 2152 2286 2356 2468 2428 2230 1607  1 1 1 0 0 0.00 0 0 1.00 0.37 -1 -1 11.47 
3.147 2 1 1 0 0.2297 0.2269 0.0000 0 0.0000 0  1648 2148 2295 2357 2469 2436 2203 1611  1 1 1 0 0 0.00 0 0 1.00 0.38 -1 -1 11.47 
3.151 2 1 1 0 0.2315 0.2291 0.0000 0 0.0000 0  1627 2147 2292 2394 2469 2435 2242 1610  1 1 1 0 0 0.00 0 0 1.00 0.38 -1 -1 11.47 
3.155 2 1 1 0 0.2504 0.2100 0.0000 0 0.0000 0  1639 2159 2309 2379 2468 2437 2222 1602  1 1 1 0 0 0.00 0 0 1.00 0.37 -1 -1 11.47 
3.159 2 1 1 0 0.2278 0.2257 0.0000 0 0.0000 0  1623 2146 2314 2375 2475 2435 2204 1607  1 1 1 0 0 0.00 0 0 1.00 0.37 -1 -1 11.47 
3.163 2 1 1 0 0.2375 0.2328 0.0000 0 0.0000 0  1640 2162 2321 2403 2480 2438 2238 1612  1 1 1 0 0 0.00 0 0 1.00 0.38 -1 -1 11.48 
3.167 2 1 1 0 0.2394 0.2312 0.0000 0 0.0000 0  1642 2176 2327 2419 2477 2431 2229 1611  1 1 1 0 0 0.00 0 0 1.00 0.38 -1 -1 11.47 
3.171 2 1 1 0 0.2401 0.2305 0.0000 0 0.0000 0  1644 2170 2326 2397 2478 2435 2223 1611  1 1 1 0 0 0.00 0 0 1.00 0.38 -1 -1 11.47 
3.175 2 1 1 0 0.2231 0.2505 0.0000 0 0.0000 0  1642 2162 2336 2403 2490 2443 2229 1620  1 1 1 0 0 0.00 0 0 1.00 0.38 -1 -1 11.47 
3.179 2 1 1 0 0.2454 0.2311 0.0000 0 0.0000 0  1650 2194 2337 2411 2465 2453 2250 1618  1 1 1 0 0 0.00 0 0 1.00 0.38 -1 -1 11.47 
3.183 2 1 1 0 0.2486 0.2326 0.0000 0 0.0000 0  1649 2166 2336 2420 2491 2446 2237 1621  1 1 1 0 0 0.00 0 0 1.00 0.38 -1 -1 11.48 
3.187 2 1 1 0 0.2522 0.2335 0.0000 0 0.0000 0  1646 2186 2338 2409 2473 2443 2238 1617  1 1 1 0 0 0.00 0 0 1.00 0.38 -1 -1 11.47 
3.191 2 1 1 0 0.2339 0.2526 0.0000 0 0.0000 0  1653 2205 2347 2423 2484 2452 2256 1620  1 1 1 0 0 0.00 0 0 1.00 0.38 -1 -1 11.47 
3.195 2 1 1 0 0.2294 0.2462 0.0000 0 0.0000 0  1646 2183 2345 2424 2491 2462 2239 1616  1 1 1 0 0 0.00 0 0 1.00 0.38 -1 -1 11.47 
3.199 2 1 1 0 0.2433 0.2205 0.0000 0 0.0000 0  1642 2187 2342 2427 2510 2457 2238 1619  1 1 1 0 0 0.00 0 0 1.00 0.38 -1 -1 11.47 
3.203 2 1 1 0 0.2449 0.2207 0.0000 0 0.0000 0  1659 2179 2343 2412 2507 2455 2248 1619  1 1 1 0 0 0.00 0 0 1.00 0.38 -1 -1 11.47 
3.207 2 1 1 0 0.2436 0.2184 0.0000 0 0.0000 0  1655 2185 2342 2402 2503 2459 2232 1622  1 1 1 0 0 0.00 0 0 1.00 0.38 -1 -1 11.47 
3.211 2 1 1 0 0.2472 0.2239 0.0000 0 0.0000 0  1666 2184 2344 2419 2501 2458 2246 1621  1 1 1 0 0 0.00 0 0 1.00 0.38 -1 -1 11.48 
3.215 2 1 1 0 0.2606 0.2021 0.0000 0 0.0000 0  1660 2195 2342 2410 2515 2455 2253 1626  1 1 1 0 0 0.00 0 0 1.00 0.38 -1 -1 11.47 
3.219 2 1 1 0 0.2545 0.1997 0.0000 0 0.0000 0  1658 2185 2340 2410 2494 2456 2245 1630  1 1 1 0 0 0.00 0 0 1.00 0.38 -1 -1 11.48 
3.223 2 1 1 0 0.2426 0.2275 0.0000 0 0.0000 0  1656 2176 2339 2425 2502 2450 2253 1639  1 1 1 0 0 0.00 0 0 1.00 0.39 -1 -1 11.47 
3.227 2 1 1 0 0.2473 0.2323 0.0000 0 0.0000 0  1659 2185 2335 2396 2510 2462 2245 1631  1 1 1 0 0 0.00 0 0 1.00 0.38 -1 -1 11.47 
3.231 2 1 1 0 0.2520 0.2358 0.0000 0 0.0000 0  1658 2214 2340 2410 2522 2465 2272 1640  1 1 1 0 0 0.00 0 0 1.00 0.39 -1 -1 11.47 
3.235 2 1 1 0 0.2516 0.2358 0.0000 0 0.0000 0  1662 2175 2335 2403 2512 2465 2264 1639  1 1 1 0 0 0.00 0 0 1.00 0.39 -1 -1 11.47 
3.239 2 1 1 0 0.2608 0.2085 0.0000 0 0.0000 0  1659 2191 2342 2413 2509 2465 2251 1630  1 1 1 0 0 0.00 0 0 1.00 0.38 -1 -1 11.47 
3.243 2 1 1 0 0.2384 0.2255 0.0000 0 0.0000 0  1659 2206 2336 2411 2504 2466 2256 1641  1 1 1 0 0 0.00 0 0 1.00 0.39 -1 -1 11.48 
3.247 2 1 1 0 0.2307 0.2175 0.0000 0 0.0000 0  1657 2161 2334 2412 2502 2465 2244 1656  1 1 1 0 0 0.00 0 0 1.00 0.40 -1 -1 11.47 
3.251 2 1 1 0 0.2262 0.2143 0.0000 0 0.0000 0  1662 2192 2341 2418 2517 2468 2261 1646  1 1 1 0 0 0.00 0 0 1.00 0.39 -1 -1 11.47 
3.255 2 1 1 0 0.2273 0.2178 0.0000 0 0.0000 0  1666 2190 2346 2413 2502 2461 2256 1638  1 1 1 0 0 0.00 0 0 1.00 0.39 -1 -1 11.48 
3.259 2 1 1 0 0.2329 0.2253 0.0000 0 0.0000 0  1660 2207 2345 2406 2495 2466 2258 1634  1 1 1 0 0 0.00 0 0 1.00 0.39 -1 -1 11.48 
3.263 2 1 1 0 0.2335 0.2248 0.0000 0 0.0000 0  1668 2208 2353 2412 2509 2472 2266 1647  1 1 1 0 0 0.00 0 0 1.00 0.39 -1 -1 11.47 
3.267 2 1 1 0 0.2392 0.2296 0.0000 0 0.0000 0  1674 2227 2342 2410 2497 2470 2270 1645  1 1 1 0 0 0.00 0 0 1.00 0.39 -1 -1 11.47 
3.271 2 1 1 0 0.2476 0.2373 0.0000 0 0.0000 0  1673 2207 2347 2408 2502 2475 2270 1648  1 1 1 0 0 0.00 0 0 1.00 0.39 -1 -1 11.48 
3.275 2 1 1 0 0.2543 0.2419 0.0000 0 0.0000 0  1677 2188 2341 2407 2499 2480 2279 1664  1 1 1 0 0 0.00 0 0 1.00 0.40 -1 -1 11.47 
3.279 2 1 1 0 0.2542 0.2402 0.0000 0 0.0000 0  1677 2199 2354 2410 2510 2488 2282 1653  1 1 1 0 0 0.00 0 0 1.00 0.39 -1 -1 11.47 
3.283 2 1 1 0 0.2330 0.2559 0.0000 0 0.0000 0  1678 2198 2346 2399 2508 2484 2281 1671  1 1 1 0 0 0.00 0 0 1.00 0.40 -1 -1 11.47 
3.287 2 1 1 0 0.2195 0.2401 0.0000 0 0.0000 0  1646 2169 2322 2388 2498 2479 2284 1664  1 1 1 0 0 0.00 0 0 1.00 0.40 -1 -1 11.47 
3.291 2 1 1 0 0.2359 0.2165 0.0000 0 0.0000 0  1673 2198 2351 2400 2523 2482 2287 1670  1 1 1 0 0 0.00 0 0 1.00 0.40 -1 -1 11.48 
3.295 2 1 1 0 0.2452 0.2269 0.0000 0 0.0000 0  1678 2200 2325 2394 2496 2488 2280 1669  1 1 1 0 0 0.00 0 0 1.00 0.40 -1 -1 11.47 
3.299 2 1 1 0 0.2425 0.2237 0.0000 0 0.0000 0  1674 2193 2349 2405 2499 2494 2291 1660  1 1 1 0 0 0.00 0 0 1.00 0.40 -1 -1 11.47 
3.303 2 1 1 0 0.2366 0.2570 0.0000 0 0.0000 0  1675 2203 2350 2401 2505 2490 2287 1658  1 1 1 0 0 0.00 0 0 1.00 0.40 -1 -1 11.47 
3.307 2 1 1 0 0.2358 0.2544 0.0000 0 0.0000 0  1672 2201 2333 2394 2503 2485 2283 1668  1 1 1 0 0 0.00 0 0 1.00 0.40 -1 -1 11.47 
3.311 2 1 1 0 0.2531 0.2322 0.0000 0 0.0000 0  1663 2198 2326 2397 2500 2474 2289 1662  1 1 1 0 0 0.00 0 0 1.00 0.40 -1 -1 11.47 
